timestamp temperature humidity pressure pm10_standard pm25_standard pm100_standard pm10_env pm25_env pm100_env particles_03um particles_05um particles_10um particles_25um particles_50um particles_100um
1648770527.3748245 20.351171875 40.80679553695462 983.3047026798832 1 1 1 1 1 1 276 80 13 0 0 0 
1648770532.508449 20.351171875 40.883786359186814 983.2932635918019 1 1 1 1 1 1 276 80 13 0 0 0 
1648770537.6427774 20.351171875 40.9133979863871 983.2919196148022 1 1 1 1 1 1 234 71 13 0 0 0 
1648770542.7764778 20.35625 40.92524102152869 983.2609568600351 1 1 1 1 1 1 234 71 13 0 0 0 
1648770547.9071274 20.361328125 40.9430100259315 983.2835070917984 1 1 1 1 1 1 234 71 13 0 0 0 
1648770553.0373466 20.371484375 40.93708427679552 983.3006601476185 0 1 1 0 1 1 198 59 13 0 0 0 
1648770558.17147 20.371484375 40.9074688266448 983.2989775882452 0 1 1 0 1 1 198 59 13 0 0 0 
1648770563.3041084 20.3765625 40.9015425290003 983.2727345761149 0 1 1 0 1 1 198 59 13 0 0 0 
1648770568.4383812 20.371484375 40.960776451912196 983.2468182823442 0 0 0 0 0 0 198 59 10 0 0 0 
1648770573.5725057 20.381640625 40.925229380942895 983.2599395186721 0 0 0 0 0 0 198 59 10 0 0 0 
1648770578.7067711 20.38671875 41.03184520317149 983.2363835275474 0 0 0 0 0 0 198 59 10 0 0 0 
1648770583.8407161 20.38671875 40.72383161684571 983.2326788374473 1 1 1 1 1 1 213 64 10 0 0 0 
1648770588.9745414 20.391796875 40.67644218082441 983.2824777659221 1 1 1 1 1 1 213 64 10 0 0 0 
1648770594.1078415 20.391796875 40.85414917393257 983.279112540216 1 1 1 1 1 1 213 64 10 0 0 0 
1648770599.241201 20.396875 40.7593635685388 983.2336820205519 0 1 2 0 1 2 207 62 12 2 2 0 
1648770604.3756359 20.401953125 41.04368833997236 983.2515112041475 0 1 2 0 1 2 207 62 12 2 2 0 
1648770609.5102966 20.401953125 40.9785268315945 983.2797763692738 1 1 1 1 1 1 312 93 8 0 0 0 
1648770614.643257 20.401953125 40.830431129203 983.254536574434 1 1 1 1 1 1 312 93 8 0 0 0 
1648770619.7771678 20.40703125 40.91928789423045 983.2491485597857 1 1 1 1 1 1 312 93 8 0 0 0 
1648770624.9108407 20.412109375 40.830435208427765 983.2491485597857 1 1 1 1 1 1 312 93 10 0 0 0 
1648770630.0443382 20.401953125 40.88375583481827 983.2474658940118 1 1 1 1 1 1 312 93 10 0 0 0 
1648770635.1775336 20.40703125 40.9785268315945 983.2430980111635 1 1 1 1 1 1 312 93 10 0 0 0 
1648770640.311309 20.401953125 40.88374546578266 983.2713631025794 1 1 1 1 1 1 312 96 10 0 0 0 
1648770645.445431 20.401953125 40.830439276860915 983.2330021818894 1 1 1 1 1 1 312 96 10 0 0 0 
1648770650.5796435 20.40703125 40.82451554630673 983.2481459267442 1 1 1 1 1 1 312 96 10 0 0 0 
1648770655.7134464 20.412109375 40.75934894717387 983.2326620982972 1 1 1 1 1 1 321 101 10 0 0 0 
1648770660.847417 20.40703125 40.629001082631724 983.234344749888 1 1 1 1 1 1 321 101 10 0 0 0 
1648770665.9813235 20.412109375 40.91336418185612 983.2242488413905 1 1 1 1 1 1 321 101 10 0 0 0 
1648770671.1145172 20.412109375 40.85412649270626 983.2272739101792 1 1 1 1 1 1 342 105 10 0 0 0 
1648770676.2477205 20.40703125 40.84227883151486 983.2555391107131 1 1 1 1 1 1 342 105 10 0 0 0 
1648770681.3820188 20.40703125 40.91337042525667 983.2360274015491 1 1 1 1 1 1 342 105 10 0 0 0 
1648770686.5157425 20.4171875 40.60530361239547 983.2239085805192 1 1 1 1 1 1 348 105 8 0 0 0 
1648770691.6500123 20.422265625 40.753415087686676 983.2501508090586 1 1 1 1 1 1 267 84 12 0 0 0 
1648770696.7840478 20.432421875 40.90151672626709 983.2551988883308 0 0 0 0 0 0 267 84 12 0 0 0 
1648770701.9172783 20.412109375 40.86596673807485 983.266637505388 0 0 0 0 0 0 267 84 12 0 0 0 
1648770707.0515082 20.422265625 40.86597043082177 983.22861624539 0 0 0 0 0 0 267 84 12 0 0 0 
1648770712.185009 20.432421875 40.88966239892722 983.2649547981841 0 0 0 0 0 0 237 75 8 0 0 0 
1648770717.3183773 20.42734375 40.61713923699181 983.2524948302425 1 1 1 1 1 1 237 75 8 0 0 0 
1648770722.452757 20.4375 40.901503565907056 983.2763934848547 1 1 1 1 1 1 237 75 8 0 0 0 
1648770727.5871005 20.442578125 40.61120141796207 983.2471059145122 1 1 1 1 1 1 246 78 8 0 0 0 
1648770732.717523 20.44765625 40.5104573681802 983.2585140771854 1 1 1 1 1 1 246 78 8 0 0 0 
1648770737.8518314 20.452734375 40.705983323729406 983.2416863280587 1 1 1 1 1 1 246 78 8 0 0 0 
1648770742.9861963 20.452734375 40.623024491301294 983.2194690029032 0 1 2 0 1 2 231 69 10 2 2 0 
1648770748.1203926 20.4578125 40.788922363900184 983.2645632776724 0 1 2 0 1 2 231 69 10 2 2 0 
1648770753.2544909 20.4578125 40.64079914932726 983.283074111048 0 1 2 0 1 2 231 69 10 2 2 0 
1648770758.3888967 20.4578125 40.664498549407185 983.2383207790725 1 1 2 1 1 2 261 79 12 2 2 0 
1648770763.5219345 20.4578125 40.747445154094606 983.2262001522937 1 1 2 1 1 2 261 79 12 2 2 0 
1648770768.656175 20.462890625 40.83039810690653 983.2450518773246 1 1 2 1 1 2 261 79 12 2 2 0 
1648770773.78972 20.452734375 40.64081186576538 983.2262001522937 1 1 1 1 1 1 249 74 4 0 0 0 
1648770778.9236898 20.4578125 40.59340676337993 983.2312485150709 1 1 1 1 1 1 249 74 4 0 0 0 
1648770784.0567415 20.462890625 40.73560630243279 983.2174448308956 1 1 1 1 1 1 222 65 4 0 0 0 
1648770789.1900964 20.462890625 40.848163321781925 983.2208104324186 1 1 1 1 1 1 222 65 4 0 0 0 
1648770794.3240144 20.46796875 40.65264886993218 983.2625393466374 1 1 1 1 1 1 222 65 4 0 0 0 
1648770799.4579103 20.473046875 40.652642631561534 983.1972512276303 0 0 0 0 0 0 213 62 4 0 0 0 
1648770804.5906928 20.462890625 40.64079277491986 983.2090308283114 0 0 0 0 0 0 213 62 4 0 0 0 
1648770809.7248306 20.473046875 40.52229194630587 983.2208104324186 0 0 0 0 0 0 213 62 4 0 0 0 
1648770814.85789 20.462890625 40.59338600768832 983.2049819397249 0 0 0 0 0 0 213 62 4 0 0 0 
1648770819.9916995 20.483203125 40.818540639760016 983.2049819397249 0 0 0 0 0 0 213 62 4 0 0 0 
1648770825.125202 20.478125 40.57560355054636 983.1847880170425 0 0 0 0 0 0 213 62 4 0 0 0 
1648770830.2583435 20.478125 40.67633624436024 983.1891525265804 1 1 1 1 1 1 249 74 6 0 0 0 
1648770835.3926368 20.483203125 40.646705063227635 983.2174191320825 1 1 1 1 1 1 249 74 6 0 0 0 
1648770840.5262682 20.478125 40.44523827985671 983.2093467770729 1 1 1 1 1 1 249 74 6 0 0 0 
1648770845.6605544 20.493359375 40.818523239189346 983.1945430874657 0 1 1 0 1 1 249 71 8 0 0 0 
1648770850.7948442 20.483203125 40.747424488901004 983.1763738855632 0 1 1 0 1 1 249 71 8 0 0 0 
1648770855.9286556 20.478125 40.60522254588564 983.2059810679582 0 0 0 0 0 0 246 65 4 0 0 0 
1648770861.0623603 20.483203125 40.61707293403889 983.2228096163288 0 0 0 0 0 0 246 65 4 0 0 0 
1648770866.1953306 20.493359375 40.67040523839275 983.1847880170425 0 0 0 0 0 0 246 65 4 0 0 0 
1648770871.3283215 20.493359375 40.55781321207462 983.2174191320825 0 0 0 0 0 0 255 65 4 0 0 0 
1648770876.4626992 20.493359375 40.70593796580599 983.2204428678389 0 0 0 0 0 0 255 65 4 0 0 0 
1648770881.5961492 20.503515625 40.48668327636313 983.208320488103 0 0 0 0 0 0 255 65 4 0 0 0 
1648770886.7304873 20.48828125 40.557798155473016 983.23019813277 0 1 1 0 1 1 270 70 4 0 0 0 
1648770891.8636487 20.493359375 40.40965760893655 983.1965402227933 0 1 1 0 1 1 270 70 4 0 0 0 
1648770896.9973555 20.4984375 40.676311996306836 983.2032718025507 0 1 1 0 1 1 270 70 4 0 0 0 
1648770902.131617 20.493359375 40.462997426391716 983.2012465378571 0 1 1 0 1 1 255 70 4 0 0 0 
1648770907.264779 20.401953125 40.40966670142236 983.2103455757498 0 1 1 0 1 1 255 70 4 0 0 0 
1648770912.3980372 20.48828125 40.510410045802125 983.1965402227933 0 1 1 0 1 1 255 70 4 0 0 0 
1648770917.5309136 20.48828125 40.50446829917798 983.216050360536 0 0 0 0 0 0 240 65 4 0 0 0 
1648770922.6651335 20.4984375 40.52225281049789 983.1928319959151 0 0 0 0 0 0 240 65 4 0 0 0 
1648770927.7994804 20.48828125 40.71778828161832 983.2062952638615 0 0 0 0 0 0 240 65 4 0 0 0 
1648770932.9337616 20.493359375 40.682237210774474 983.2046123551236 0 0 0 0 0 0 255 70 4 0 0 0 
1648770938.0676448 20.493359375 40.40964850565777 983.2079781726696 1 2 2 1 2 2 354 112 12 0 0 0 
1648770943.201938 20.493359375 40.53411171120764 983.2221257500985 1 2 2 1 2 2 369 114 12 0 0 0 
1648770948.3351073 20.513671875 40.47484024129139 983.2056102772059 1 2 2 1 2 2 369 114 12 0 0 0 
1648770953.469286 20.4984375 40.73555296480285 983.1763454902343 0 1 1 0 1 1 369 114 12 0 0 0 
1648770958.6046875 20.513671875 40.6585238093669 983.1904638571087 0 1 1 0 1 1 381 118 14 0 0 0 
1648770963.738789 20.50859375 40.498518427132844 983.1813633772977 0 1 1 0 1 1 381 118 14 0 0 0 
1648770968.8730488 20.523828125 40.5814857745116 983.1732915928892 1 2 2 1 2 2 381 118 14 0 0 0 
1648770974.0060925 20.50859375 40.55185021261616 983.1779974534177 1 2 2 1 2 2 387 122 18 0 0 0 
1648770979.1399186 20.51875 40.56961268054938 983.1864122636425 1 2 2 1 2 2 387 122 18 0 0 0 
1648770984.2733753 20.52890625 40.457037573583214 983.1655302353602 1 2 2 1 2 2 387 122 18 0 0 0 
1648770989.4079046 20.52890625 40.628876924353676 983.1732915928892 2 2 2 2 2 2 408 129 18 0 0 0 
1648770994.5400302 20.5341796875 40.55775357766356 983.1864122636425 2 2 2 2 2 2 408 129 18 0 0 0 
1648770999.674104 20.5544921875 40.55770861132436 983.1789596102207 2 2 2 2 2 2 408 129 18 0 0 0 
1648771004.8086524 20.5443359375 40.474747742848464 983.1755934965826 1 2 2 1 2 2 381 119 18 0 0 0 
1648771009.942748 20.5646484375 40.33249130307606 983.1614409968989 1 2 2 1 2 2 381 119 18 0 0 0 
1648771015.0764241 20.5595703125 40.510289729186994 983.1516866584545 1 2 2 1 2 2 381 119 18 0 0 0 
1648771020.2098246 20.5646484375 40.26135839588869 983.1573862899251 0 1 1 0 1 1 165 50 8 0 0 0 
1648771025.3443933 20.5697265625 40.22581914511667 983.1314898316012 0 1 1 0 1 1 165 50 8 0 0 0 
1648771030.4785435 20.5544921875 40.58141376733098 983.1449543817175 0 1 1 0 1 1 180 55 10 0 0 0 
1648771035.6114552 20.5443359375 40.41547421886162 983.1557407344267 0 1 1 0 1 1 180 55 10 0 0 0 
1648771040.7455227 20.5595703125 40.516224192264296 983.1375712260557 0 1 1 0 1 1 180 55 10 0 0 0 
1648771045.87953 20.5544921875 40.22580780333509 983.1651512152861 1 1 1 1 1 1 201 65 8 0 0 0 
1648771051.0129712 20.5544921875 40.3443647709696 983.2014911531485 1 1 1 1 1 1 201 65 8 0 0 0 
1648771056.1468415 20.5595703125 40.409547657255175 983.1735665655788 1 1 1 1 1 1 201 65 8 0 0 0 
1648771061.2814116 20.5544921875 40.427345336256714 983.1806426671448 1 1 1 1 1 1 216 68 8 0 0 0 
1648771066.414241 20.5494140625 40.36805172897732 983.1580748304426 1 1 1 1 1 1 216 68 8 0 0 0 
1648771071.5474033 20.5544921875 40.54584062438942 983.1981249562261 1 1 1 1 1 1 216 68 8 0 0 0 
1648771076.6815805 20.5646484375 40.2969094237102 983.1913925632207 1 1 1 1 1 1 222 68 8 0 0 0 
1648771081.815688 20.5595703125 40.569553813782115 983.1584189363107 1 1 1 1 1 1 222 68 8 0 0 0 
1648771086.9497561 20.48828125 40.48097785387473 983.1762446830504 1 1 1 1 1 1 222 68 8 0 0 0 
1648771092.083442 20.5646484375 40.45693376396354 983.181293975811 0 1 1 0 1 1 201 61 10 0 0 0 
1648771097.21695 20.5748046875 40.225773713228975 983.1759005070915 0 1 1 0 1 1 201 61 10 0 0 0 
1648771102.3512993 20.5595703125 40.25542040755857 983.1786157765939 1 1 1 1 1 1 288 84 16 0 0 0 
1648771107.4850118 20.5748046875 40.37988594372428 983.1796108781542 1 1 1 1 1 1 288 84 16 0 0 0 
1648771112.6178436 20.5646484375 40.37990512198006 983.1661460994181 1 1 1 1 1 1 288 84 16 0 0 0 
1648771117.7503858 20.5544921875 40.29691997066941 983.1937634134166 1 1 1 1 1 1 258 74 12 0 0 0 
1648771122.8842494 20.5494140625 40.516224192264296 983.2004956982673 1 1 1 1 1 1 258 74 12 0 0 0 
1648771128.0180128 20.5697265625 40.43914472703464 983.1998080546524 1 1 1 1 1 1 258 74 12 0 0 0 
1648771133.1513684 20.5544921875 40.486592155755055 983.1772765533667 0 1 1 0 1 1 258 74 12 0 0 0 
1648771138.2851305 20.5544921875 40.516224192264296 983.1685173551932 0 1 1 0 1 1 258 74 12 0 0 0 
1648771143.4187965 20.5494140625 40.391767910713995 983.2048573503508 0 1 1 0 1 1 258 74 12 0 0 0 
1648771148.5523856 20.5544921875 40.385841307959666 983.1570798765736 0 1 1 0 1 1 237 67 10 0 0 0 
1648771153.6850355 20.5595703125 40.37992425706358 983.1772765533667 0 1 1 0 1 1 237 67 10 0 0 0 
1648771158.818382 20.5544921875 40.38585080207566 983.164499683521 0 1 1 0 1 1 237 67 10 0 0 0 
1648771163.9522073 20.5443359375 40.539945076391525 983.1375712260557 0 1 1 0 1 1 228 64 8 0 0 0 
1648771169.0855515 20.5544921875 40.539945076391525 983.1722273832241 0 1 1 0 1 1 228 64 8 0 0 0 
1648771174.2194207 20.5646484375 40.55770861132436 983.1776202909599 0 1 1 0 1 1 228 64 8 0 0 0 
1648771179.3527384 20.5494140625 40.261380273827754 983.1456424815522 0 1 1 0 1 1 237 69 8 0 0 0 
1648771184.4856148 20.5392578125 40.51032196982873 983.1708881184599 0 0 0 0 0 0 195 50 2 0 0 0 
1648771189.6189027 20.5443359375 40.575516698226664 983.1597942639039 0 0 0 0 0 0 180 48 2 0 0 0 
1648771194.751586 20.5443359375 40.53403439981891 983.1749414052209 0 0 0 0 0 0 180 48 2 0 0 0 
1648771199.8849273 20.5341796875 40.285119406783835 983.1416248059135 0 0 0 0 0 0 180 48 2 0 0 0 
1648771205.0182862 20.5341796875 40.44513328172081 983.1635038256511 0 0 0 0 0 0 171 46 2 0 0 0 
1648771210.1521327 20.523828125 40.56366466439745 983.1503833417942 0 0 0 0 0 0 171 46 2 0 0 0 
1648771215.2854562 20.52890625 40.59331584966491 983.1722621898748 0 0 0 0 0 0 171 46 2 0 0 0 
1648771220.4183924 20.51875 40.41553807002346 983.1954808757608 0 0 0 0 0 0 156 41 2 0 0 0 
1648771225.5516996 20.523828125 40.486658554800854 983.1561189550152 0 0 0 0 0 0 156 41 2 0 0 0 
1648771230.6855173 20.51875 40.58147862235941 983.1712656064965 0 0 0 0 0 0 156 41 2 0 0 0 
1648771235.818853 20.51875 40.61702561982946 983.1813633772977 0 0 0 0 0 0 183 48 2 0 0 0 
1648771240.9521935 20.513671875 40.611113587030864 983.1480473791624 0 0 0 0 0 0 183 48 2 0 0 0 
1648771246.0854688 20.50859375 40.63480911195183 983.1749745410302 0 0 0 0 0 0 183 48 2 0 0 0 
1648771251.2192752 20.50859375 40.48668327636313 983.1870979867452 0 0 0 0 0 0 192 51 2 0 0 0 
1648771256.3525443 20.4984375 40.53408842521729 983.179368732444 0 0 0 0 0 0 192 51 2 0 0 0 
1648771261.4861994 20.503515625 40.58150004643873 983.1773431558603 0 0 0 0 0 0 192 51 2 0 0 0 
1648771266.6201124 20.50859375 40.61704585191813 983.1753174426761 0 0 0 0 0 0 228 65 8 0 0 0 
1648771271.7533824 20.493359375 40.51039387990288 983.2056102772059 0 0 0 0 0 0 228 65 8 0 0 0 
1648771276.8867257 20.493359375 40.51631945034364 983.2012465378571 0 0 0 0 0 0 264 72 8 0 0 0 
1648771282.0191548 20.493359375 40.48077414960456 983.2177332833177 1 1 1 1 1 1 264 72 8 0 0 0 
1648771287.1519575 20.503515625 40.55782058193573 983.1851023565417 1 1 1 1 1 1 264 72 8 0 0 0 
1648771292.2852354 20.493359375 40.56966390080615 983.2116862788212 1 1 1 1 1 1 264 72 10 0 0 0 
1648771297.4182112 20.493359375 40.60520862055065 983.1911490877364 1 1 1 1 1 1 264 72 10 0 0 0 
1648771302.5513399 20.4984375 40.540029225193614 983.2029294464554 1 1 1 1 1 1 264 72 10 0 0 0 
1648771307.6846943 20.483203125 40.433387295264936 983.2160781961414 1 1 1 1 1 1 255 74 10 0 0 0 
1648771312.8172643 20.48828125 40.581507166213655 983.180738258514 1 1 1 1 1 1 255 74 10 0 0 0 
1648771317.9510152 20.48828125 40.551895290166584 983.2022733181371 0 0 0 0 0 0 255 74 10 0 0 0 
1648771323.0842779 20.478125 40.45116375672747 983.206637592849 0 0 0 0 0 0 288 83 10 0 0 0 
1648771328.2180533 20.48828125 40.421554106019556 983.1582048807612 0 0 0 0 0 0 288 83 10 0 0 0 
1648771333.3483002 20.483203125 40.67040523839275 983.1679597558323 1 1 1 1 1 1 288 83 10 0 0 0 
1648771338.4820971 20.478125 40.53411171120764 983.2069798122798 1 1 1 1 1 1 273 81 12 0 0 0 
1648771343.6146884 20.473046875 40.664480210026255 983.1524720982172 1 1 1 1 1 1 273 81 12 0 0 0 
1648771348.7481647 20.478125 40.61708628096789 983.1575206146194 0 1 2 0 1 2 246 66 8 2 2 0 
1648771353.8814895 20.483203125 40.70593796580599 983.1588611697229 0 0 1 0 0 1 246 66 8 2 2 0 
1648771359.0148892 20.478125 40.62892982388034 983.1423750673009 0 0 1 0 0 1 246 66 8 2 2 0 
1648771364.1474478 20.48828125 40.52819402025578 983.2056390540799 0 0 1 0 0 1 255 69 8 2 2 0 
1648771369.2808113 20.483203125 40.40968520268031 983.1618845086424 1 1 2 1 1 2 255 69 8 2 2 0 
1648771374.4146326 20.483203125 40.72372457640202 983.1208406616454 1 1 2 1 1 2 255 69 8 2 2 0 
1648771379.5479507 20.48828125 40.58152164617806 983.1729797024537 1 1 2 1 1 2 264 76 8 2 2 0 
1648771384.6806626 20.483203125 40.62299811269038 983.1457407439932 1 1 2 1 1 2 264 76 8 2 2 0 
1648771389.813952 20.48828125 40.56967113462374 983.1420326479255 0 0 1 0 0 1 264 76 8 2 2 0 
1648771394.9469008 20.483203125 40.68818611364331 983.1440579056122 0 0 0 0 0 0 300 88 4 0 0 0 
1648771400.0802174 20.478125 40.4156107412516 983.1756896985131 0 0 0 0 0 0 300 88 4 0 0 0 
1648771405.21351 20.483203125 40.646705063227635 983.1655925804 1 1 1 1 1 1 300 88 4 0 0 0 
1648771410.3467178 20.478125 40.58152164617806 983.1487640558054 1 1 1 1 1 1 327 95 8 0 0 0 
1648771415.4800045 20.478125 40.61708628096789 983.1309376057844 1 1 1 1 1 1 327 95 8 0 0 0 
1648771420.6137874 20.473046875 40.41564664315003 983.152814326722 1 1 1 1 1 1 327 95 8 0 0 0 
1648771425.74734 20.462890625 40.53413460468286 983.186470843548 0 0 0 0 0 0 243 72 8 0 0 0 
1648771430.880627 20.473046875 40.61117466787159 983.1484500613101 1 1 1 1 1 1 201 58 10 0 0 0 
1648771436.0140529 20.462890625 40.54599990381099 983.1652780430536 1 1 1 1 1 1 189 54 10 0 0 0 
1648771441.147886 20.452734375 40.65266131429689 983.1491650882167 1 1 1 1 1 1 189 54 10 0 0 0 
1648771446.2791207 20.44765625 40.67636008797586 983.150474786155 1 1 1 1 1 1 189 54 10 0 0 0 
1648771451.4122992 20.462890625 40.48677340279826 983.1272578194339 0 0 0 0 0 0 189 54 8 0 0 0 
1648771456.5454125 20.442578125 40.75931941306417 983.1511894416544 0 0 0 0 0 0 189 54 8 0 0 0 
1648771461.678145 20.4578125 40.78299308201193 983.1686436402412 0 0 0 0 0 0 189 54 8 0 0 0 
1648771466.8114018 20.44765625 40.58157102841549 983.1343620136993 1 1 1 1 1 1 204 61 10 0 0 0 
1648771471.944378 20.452734375 40.67636008797586 983.1407513059464 1 1 1 1 1 1 204 61 10 0 0 0 
1648771477.0761788 20.452734375 40.45715704492654 983.1609443863318 1 1 1 1 1 1 204 61 10 0 0 0 
1648771482.2086456 20.452734375 40.83039810690653 983.1306547695295 1 1 1 1 1 1 219 66 10 0 0 0 
1648771487.3413236 20.44765625 40.61712606273964 983.1246072643843 1 1 1 1 1 1 219 66 10 0 0 0 
1648771492.4751291 20.442578125 40.729687049035036 983.1175345927362 1 1 1 1 1 1 219 66 10 0 0 0 
1648771497.607878 20.42734375 40.854111156057826 983.1296554501173 1 1 1 1 1 1 204 63 10 0 0 0 
1648771502.7400563 20.442578125 40.70007001006456 983.1710409303 1 1 1 1 1 1 204 63 10 0 0 0 
1648771507.8713648 20.44765625 40.682296476711684 983.1444584696333 1 1 1 1 1 1 204 63 10 0 0 0 
1648771513.0011714 20.4375 40.646749132404494 983.1710098580829 1 1 1 1 1 1 327 85 2 0 0 0 
1648771518.1345131 20.442578125 40.71191898089214 983.1347036364793 1 1 1 1 1 1 327 85 2 0 0 0 
1648771523.268617 20.42734375 40.74747582812847 983.1259483023438 1 1 1 1 1 1 294 76 2 0 0 0 
1648771528.4006028 20.4375 40.676371945030986 983.1215834292602 1 1 1 1 1 1 294 76 2 0 0 0 
1648771533.5295627 20.452734375 40.65265509751063 983.1319641626353 1 1 1 1 1 1 294 76 2 0 0 0 
1648771538.6625674 20.4578125 40.65266131429689 983.1319641626353 1 1 1 1 1 1 327 85 2 0 0 0 
1648771543.795556 20.4578125 40.759309482026154 983.1238922799572 1 1 1 1 1 1 327 85 2 0 0 0 
1648771548.9235537 20.452734375 40.60526327340267 983.1508478448804 1 1 1 1 1 1 327 85 2 0 0 0 
1648771554.0562866 20.44765625 40.599338472021856 983.1255750496607 1 1 1 1 1 1 327 82 2 0 0 0 
1648771559.1843126 20.44765625 40.68822099811084 983.1222095103237 1 1 1 1 1 1 327 82 2 0 0 0 
1648771564.3160079 20.452734375 40.794851488689076 983.1225828182909 1 1 1 1 1 1 327 82 2 0 0 0 
1648771569.4451356 20.432421875 40.7119299785822 983.1286557468791 1 1 1 1 1 1 312 79 2 0 0 0 
1648771574.576922 20.432421875 40.86595932020651 983.1286557468791 1 1 1 1 1 1 312 79 2 0 0 0 
1648771579.7102416 20.4375 40.67046531176222 983.141434552608 1 1 1 1 1 1 312 79 2 0 0 0 
1648771584.8416262 20.432421875 40.55789368695971 983.1387519571704 0 0 0 0 0 0 333 89 2 0 0 0 
1648771589.9728231 20.42734375 40.68823829465161 983.1232661440746 0 0 0 0 0 0 333 89 2 0 0 0 
1648771595.102413 20.432421875 40.59344798336894 983.1215834292602 1 1 1 1 1 1 297 81 10 0 0 0 
1648771600.235308 20.432421875 40.70009250640384 983.1468241588161 1 1 1 1 1 1 297 81 10 0 0 0 
1648771605.3691597 20.422265625 40.7830306297372 983.1454827654295 1 1 1 1 1 1 297 81 10 0 0 0 
1648771610.498724 20.4171875 40.75933914563802 983.1155355939208 1 1 1 1 1 1 276 74 6 0 0 0 
1648771615.6321018 20.422265625 40.88966239892722 983.0977089201469 1 1 1 1 1 1 276 74 6 0 0 0 
1648771620.7649996 20.40703125 40.777115959933745 983.122607637164 1 1 1 1 1 1 276 74 6 0 0 0 
1648771625.894038 20.401953125 40.771201508734976 983.1347274464296 1 1 1 1 1 1 291 74 6 0 0 0 
1648771631.0273862 20.4171875 40.90744045920166 983.12363085941 1 1 1 1 1 1 291 74 6 0 0 0 
1648771636.160455 20.40703125 40.78303990875081 983.1246314813604 1 1 1 1 1 1 291 74 6 0 0 0 
1648771641.289834 20.40703125 40.783049144597335 983.1498713987529 1 1 1 1 1 1 291 71 6 0 0 0 
1648771646.4236772 20.401953125 40.8185918054729 983.1350684256367 1 1 1 1 1 1 291 71 6 0 0 0 
1648771651.550257 20.401953125 40.84821426045575 983.1404571974887 1 1 1 1 1 1 291 71 6 0 0 0 
1648771656.6829321 20.401953125 40.73566350028118 983.1559415052808 1 1 1 1 1 1 321 78 6 0 0 0 
1648771661.8169193 20.396875 40.74751112347058 983.1401163684546 1 1 1 1 1 1 321 78 6 0 0 0 
1648771666.9504814 20.396875 40.58163374280969 983.1441631583612 1 1 1 1 1 1 321 78 6 0 0 0 
1648771672.083503 20.391796875 40.72382110705662 983.1458457791399 1 1 1 1 1 1 312 75 6 0 0 0 
1648771677.216619 20.391796875 40.765287276142054 983.1690619882677 1 1 1 1 1 1 285 90 2 0 0 0 
1648771682.349529 20.396875 40.848218103274334 983.1421398316811 0 0 0 0 0 0 285 87 2 0 0 0 
1648771687.4837244 20.396875 40.68826690637809 983.1337266614183 0 0 0 0 0 0 285 87 2 0 0 0 
1648771692.6162846 20.391796875 40.81266805435942 983.1404571974887 0 0 0 0 0 0 285 87 2 0 0 0 
1648771697.746102 20.38671875 40.86599236068161 983.1441631583612 1 1 1 1 1 1 273 80 2 0 0 0 
1648771702.8783019 20.391796875 40.717897327499145 983.1394559200147 1 1 1 1 1 1 273 80 2 0 0 0 
1648771708.012293 20.3765625 40.68828960150194 983.1435019985323 1 1 1 1 1 1 273 80 2 0 0 0 
1648771713.1444948 20.381640625 40.88969612042185 983.16469503259 1 1 1 1 1 1 267 75 2 0 0 0 
1648771718.2777119 20.381640625 40.78307204535766 983.1525951903599 1 1 1 1 1 1 267 75 2 0 0 0 
1648771723.4086692 20.3765625 40.88969612042185 983.167058125576 1 1 1 1 1 1 267 75 2 0 0 0 
1648771728.543139 20.371484375 40.95485085883091 983.1939794304038 1 1 1 1 1 1 252 70 2 0 0 0 
1648771733.6745305 20.361328125 40.96077395519871 983.1647129511955 1 1 1 1 1 1 252 70 2 0 0 0 
1648771738.805077 20.371484375 40.81862505261558 983.1542777436515 1 1 1 1 1 1 252 70 2 0 0 0 
1648771743.9373333 20.36640625 40.80677437414747 983.1822013573396 1 1 1 1 1 1 294 84 6 0 0 0 
1648771749.0705812 20.371484375 40.788999987570904 983.1626905111583 1 1 1 1 1 1 294 84 6 0 0 0 
1648771754.201482 20.371484375 40.94892775218487 983.1626905111583 1 1 1 1 1 1 294 84 6 0 0 0 
1648771759.3299525 20.36640625 40.747545890010365 983.1778334970742 1 2 2 1 2 2 321 87 12 2 0 0 
1648771764.4618907 20.361328125 40.95485342355002 983.1300596359796 1 2 2 1 2 2 321 87 12 2 0 0 
1648771769.5951705 20.36640625 40.729775868109506 983.1465449392258 1 2 2 1 2 2 342 94 12 2 0 0 
1648771774.7254608 20.351171875 40.842317777929054 983.1472244626015 1 2 2 1 2 2 342 94 12 2 0 0 
1648771779.8553476 20.35625 40.9370897818965 983.138811969655 1 2 2 1 2 2 342 94 12 2 0 0 
1648771784.9875953 20.35625 40.80678710420684 983.1485672680094 1 2 2 1 2 2 363 97 14 2 0 0 
1648771790.1227229 20.371484375 40.9430100259315 983.1213070590325 1 2 2 1 2 2 363 97 14 2 0 0 
1648771795.2574239 20.36640625 40.80677862829229 983.1465449392258 1 2 2 1 2 2 363 97 14 2 0 0 
1648771800.391738 20.371484375 40.96670188791328 983.1593254039458 1 2 2 1 2 2 384 104 12 2 0 0 
1648771805.52553 20.351171875 40.794932162857975 983.126694612883 1 2 2 1 2 2 384 104 12 2 0 0 
1648771810.6565547 20.35625 40.86602452704473 983.1347672598449 1 2 2 1 2 2 384 104 12 2 0 0 
1648771815.7886379 20.351171875 40.800864012652 983.1468847556572 1 2 2 1 2 2 378 102 12 2 0 0 
1648771820.9220092 20.351171875 40.96670669137354 983.1701003082634 1 2 2 1 2 2 378 102 12 2 0 0 
1648771826.0536635 20.371484375 40.86007991910672 983.1458649778925 1 2 2 1 2 2 378 102 12 2 0 0 
1648771831.1867487 20.361328125 40.842321613216775 983.1569798308191 1 2 2 1 2 2 378 102 12 2 0 0 
1648771836.3196704 20.35625 40.9133979863871 983.1626905111583 1 2 2 1 2 2 378 102 12 2 0 0 
1648771841.4566624 20.351171875 41.00224335995925 983.1674144528031 1 1 1 1 1 1 273 76 11 0 0 0 
1648771846.5873663 20.35625 40.842325437712915 983.1445224739161 1 1 1 1 1 1 273 76 11 0 0 0 
1648771851.7178335 20.341015625 40.860098075397744 983.1354469729657 1 1 1 1 1 1 273 76 11 0 0 0 
1648771856.8500857 20.351171875 40.842325437712915 983.1465449392258 1 1 1 1 1 1 288 81 13 0 0 0 
1648771861.981948 20.361328125 40.789022224515946 983.1623669543089 1 1 1 1 1 1 288 81 13 0 0 0 
1648771867.1166768 20.3306640625 40.88970930685965 983.1600051484268 1 1 1 1 1 1 288 81 13 0 0 0 
1648771872.2462966 20.351171875 40.86601745450457 983.1320819765559 1 1 1 1 1 1 267 77 13 0 0 0 
1648771877.3755293 20.351171875 40.990399958397596 983.1657319532351 1 1 1 1 1 1 267 77 13 0 0 0 
1648771882.5104945 20.35625 40.94301537343734 983.1452022433749 1 1 1 1 1 1 267 77 13 0 0 0 
1648771887.639272 20.34609375 40.77124840071847 983.134443777015 1 1 1 1 1 1 273 79 8 0 0 0 
1648771892.7729814 20.341015625 41.12069806990897 983.1172793375897 1 1 1 1 1 1 273 79 8 0 0 0 
1648771897.9062872 20.3306640625 40.88972232063457 983.1431955525395 1 1 1 1 1 1 273 79 8 0 0 0 
1648771903.0410438 20.3306640625 40.81864141718715 983.1613633235382 1 1 1 1 1 1 246 74 6 0 0 0 
1648771908.1733377 20.3306640625 40.75942108273238 983.1216630916844 1 1 1 1 1 1 246 74 6 0 0 0 
1648771913.3055491 20.3357421875 41.002251205278434 983.1455564932521 1 1 1 1 1 1 246 74 6 0 0 0 
1648771918.437494 20.3255859375 40.92526097708813 983.1579983792442 1 1 1 1 1 1 240 74 8 0 0 0 
1648771923.5694423 20.3255859375 40.89565129212039 983.0839856471472 0 2 2 0 2 2 297 78 10 2 0 0 
1648771928.7036092 20.3205078125 40.98448587164697 983.1253673279816 1 2 2 1 2 2 330 89 17 2 0 0 
1648771933.8312058 20.3205078125 40.85419698383396 983.1001308855471 1 2 2 1 2 2 330 89 17 2 0 0 
1648771938.9652042 20.3255859375 41.02002203468021 983.0974448587153 1 2 2 1 2 2 330 89 17 2 0 0 
1648771944.0956059 20.3154296875 40.85419698383396 983.1061960517354 1 2 2 1 2 2 357 96 17 2 0 0 
1648771949.2294738 20.3154296875 41.0318697656781 983.0947585027177 1 2 2 1 2 2 357 96 17 2 0 0 
1648771954.361703 20.3103515625 40.79497974245763 983.0988012070695 1 2 2 1 2 2 357 96 17 2 0 0 
1648771959.4969246 20.3052734375 40.92527490731964 983.1112432176163 1 2 2 1 2 2 351 96 17 2 0 0 
1648771964.6290035 20.3001953125 40.90159217826188 983.0722226860794 1 2 2 1 2 2 351 96 17 2 0 0 
1648771969.763811 20.3001953125 40.99042257146163 983.0621286902807 1 2 2 1 2 2 351 96 17 2 0 0 
1648771974.8973393 20.2849609375 40.99042257146163 983.112937289994 1 2 2 1 2 2 336 93 17 2 0 0 
1648771980.0318372 20.2748046875 40.96674365043537 983.1230312170551 1 2 2 1 2 2 336 93 17 2 0 0 
1648771985.1643188 20.2798828125 41.13846890796724 983.1068849778765 1 2 2 1 2 2 336 93 17 2 0 0 
1648771990.2984703 20.2697265625 40.93713493085169 983.0490208042899 1 2 2 1 2 2 315 88 15 2 0 0 
1648771995.4278436 20.2697265625 41.25689551051283 983.0900620455508 1 2 2 1 2 2 315 88 15 2 0 0 
1648772000.5595896 20.2595703125 41.07333488036977 983.0523853053855 1 2 2 1 2 2 315 88 15 2 0 0 
1648772005.6936412 20.2646484375 41.00820060331482 983.0877402359907 0 0 0 0 0 0 249 68 6 0 0 0 
1648772010.8251948 20.2291015625 41.221363605607095 983.0863960562714 0 0 0 0 0 0 249 68 6 0 0 0 
1648772015.9582136 20.2392578125 41.19768004941366 983.0736142685334 0 0 0 0 0 0 234 63 8 0 0 0 
1648772021.0906134 20.2240234375 41.09702439458161 983.0874095744034 0 0 0 0 0 0 234 63 8 0 0 0 
1648772026.2246287 20.2291015625 41.29241486946105 983.1284516874875 0 0 0 0 0 0 234 63 8 0 0 0 
1648772031.3552454 20.2291015625 41.15623325261607 983.0658789886863 0 0 0 0 0 0 228 61 6 0 0 0 
1648772036.487185 20.2189453125 41.19175869839586 983.0756342900942 0 0 0 0 0 0 228 61 6 0 0 0 
1648772041.6225822 20.2189453125 41.04965881754151 983.1096154129691 0 0 0 0 0 0 228 61 6 0 0 0 
1648772046.7570336 20.2240234375 41.150312483653956 983.0638590092088 0 0 0 0 0 0 228 61 6 0 0 0 
1648772051.8866434 20.2189453125 41.079262337795136 983.1163440978204 0 0 0 0 0 0 228 61 6 0 0 0 
1648772057.0201595 20.2240234375 41.11478803441494 983.0732828229852 0 0 0 0 0 0 228 61 6 0 0 0 
1648772062.153054 20.2189453125 41.12070810528399 983.0662166759648 0 0 0 0 0 0 222 59 6 0 0 0 
1648772067.2859304 20.2087890625 41.19767742008449 983.0682363960073 0 0 0 0 0 0 222 59 6 0 0 0 
1648772072.4202056 20.2291015625 41.209519894856435 983.0941383098316 0 0 0 0 0 0 222 59 6 0 0 0 
1648772077.5543067 20.2341796875 41.20359979851893 983.0820252529613 0 0 0 0 0 0 192 52 4 0 0 0 
1648772082.6881542 20.2240234375 40.9489927865476 983.0820252529613 0 0 0 0 0 0 192 52 4 0 0 0 
1648772087.8224578 20.2341796875 41.221364371082096 983.1082649790534 0 1 1 0 1 1 225 63 6 0 0 0 
1648772092.9561887 20.2392578125 40.92530734029036 983.0900984268648 0 1 1 0 1 1 225 63 6 0 0 0 
1648772098.090364 20.2494140625 41.19768102561216 983.0860303317145 0 1 1 0 1 1 225 63 6 0 0 0 
1648772103.2246914 20.2544921875 41.24505207680279 983.1240461030865 0 0 0 0 0 0 210 53 6 0 0 0 
1648772108.3585024 20.2595703125 41.114783908211315 983.1159728445356 0 0 0 0 0 0 210 53 6 0 0 0 
1648772113.4883704 20.2494140625 40.96675025546984 983.0964894037802 0 0 0 0 0 0 210 53 6 0 0 0 
1648772118.6227145 20.2697265625 41.16215477897537 983.09847351084 0 0 0 0 0 0 204 51 6 0 0 0 
1648772123.7555444 20.2798828125 41.0555658509436 983.0792908846277 0 0 0 0 0 0 204 51 6 0 0 0 
1648772128.8886588 20.2748046875 40.94897844950567 983.080645256602 0 0 0 0 0 0 204 51 6 0 0 0 
1648772134.0217881 20.2595703125 41.04964669889396 983.1304370948727 0 1 1 0 1 1 240 60 6 0 0 0 
1648772139.1559942 20.2646484375 40.97859530744752 983.0873743185944 0 1 1 0 1 1 240 60 6 0 0 0 
1648772144.2902029 20.2595703125 40.9430641164141 983.1142905777448 0 1 1 0 1 1 240 60 6 0 0 0 
1648772149.4237795 20.2392578125 40.990436230160874 983.0964894037802 0 1 1 0 1 1 255 65 6 0 0 0 
1648772154.5580213 20.2341796875 41.120707736397094 983.0904362391361 0 1 1 0 1 1 255 65 6 0 0 0 
1648772159.6922169 20.2443359375 41.13254966611539 983.0904362391361 0 1 1 0 1 1 255 65 6 0 0 0 
1648772164.8259509 20.2189453125 40.91347006428755 983.0894293651229 0 1 1 0 1 1 246 62 6 0 0 0 
1648772169.9595027 20.2291015625 41.15623343059985 983.0766407414026 0 0 0 0 0 0 123 32 6 0 0 0 
1648772175.0936797 20.2392578125 41.2332053220713 983.1160067076943 0 0 0 0 0 0 123 35 6 0 0 0 
1648772180.227463 20.2341796875 41.049655295251924 983.0652032858524 0 0 0 0 0 0 123 35 6 0 0 0 
1648772185.3601284 20.2443359375 41.17399655037704 983.097833665235 0 0 0 0 0 0 123 35 6 0 0 0 
1648772190.4939942 20.2341796875 41.262809433470295 983.0803430559359 0 0 0 0 0 0 123 35 6 0 0 0 
1648772195.6276422 20.2291015625 40.99044192202248 983.097833665235 0 0 0 0 0 0 123 35 6 0 0 0 
1648772200.7613769 20.2291015625 40.91347006428755 983.0510693598007 0 0 0 0 0 0 123 35 6 0 0 0 
1648772205.8949864 20.2443359375 40.943069009856906 983.0295388775028 0 0 0 0 0 0 129 37 6 0 0 0 
1648772211.0286474 20.2341796875 41.262809433470295 983.0662093688005 0 0 0 0 0 0 129 37 6 0 0 0 
1648772216.161807 20.2189453125 41.08518324369285 983.0638590092088 0 0 0 0 0 0 129 37 6 0 0 0 
1648772221.295526 20.2087890625 41.18583707243309 983.0719381083684 0 0 0 0 0 0 171 49 4 0 0 0 
1648772226.428573 20.2189453125 41.22135961637645 983.0749649654509 0 0 0 0 0 0 171 49 4 0 0 0 
1648772231.5627575 20.2087890625 41.079263973607176 983.0796739238313 0 0 0 0 0 0 171 49 4 0 0 0 
1648772236.6966887 20.2037109375 41.04374034825856 983.0537721631414 0 0 0 0 0 0 165 49 6 0 0 0 
1648772241.8302112 20.1986328125 41.132551069742235 983.0722754267302 0 0 0 0 0 0 165 49 6 0 0 0 
1648772246.9644296 20.1986328125 41.26279642568848 983.0554542776638 0 0 0 0 0 0 165 49 6 0 0 0 
1648772252.097944 20.1986328125 41.091106823780095 983.0339243149757 0 0 0 0 0 0 279 79 10 0 0 0 
1648772257.2315636 20.1884765625 41.32791918498708 983.0494005079435 0 0 0 0 0 0 279 79 10 0 0 0 
1648772262.3659785 20.1884765625 41.173993180080004 983.0342617262162 0 0 0 0 0 0 270 76 10 0 0 0 
1648772267.499676 20.1884765625 41.28055516538447 983.0534388785303 0 0 0 0 0 0 270 76 10 0 0 0 
1648772272.634445 20.1783203125 41.102950473011646 983.0389743419113 0 0 0 0 0 0 270 76 10 0 0 0 
1648772277.768161 20.1783203125 41.102950473011646 983.050748570945 0 0 0 0 0 0 228 64 10 0 0 0 
1648772282.9019287 20.1833984375 41.19767328582459 983.0483926982207 0 0 0 0 0 0 228 64 10 0 0 0 
1648772288.0358787 20.1833984375 41.23319469380656 983.0591587366365 0 0 0 0 0 0 228 64 10 0 0 0 
1648772293.1684241 20.1783203125 41.0792700852222 983.0635312410358 0 0 0 0 0 0 234 64 10 0 0 0 
1648772298.3021903 20.1681640625 41.41077761209074 983.0675689040744 0 0 0 0 0 0 234 64 10 0 0 0 
1648772303.4358807 20.1783203125 41.45222069321444 983.0261918660096 0 0 0 0 0 0 234 64 10 0 0 0 
1648772308.5687742 20.1783203125 41.02598490286135 983.0840526635922 0 0 0 0 0 0 219 59 6 0 0 0 
1648772313.7031932 20.1681640625 41.19175262126831 983.0423384070002 0 0 0 0 0 0 219 59 6 0 0 0 
1648772318.836841 20.1783203125 41.28055672948636 983.0739603773704 0 0 0 0 0 0 219 59 6 0 0 0 
1648772323.9705763 20.1732421875 41.185832071643695 983.0628594507807 0 0 0 0 0 0 240 66 4 0 0 0 
1648772329.1044295 20.1783203125 41.27463211779046 983.0342651225692 0 0 0 0 0 0 240 66 4 0 0 0 
1648772334.2382944 20.1732421875 41.138471942107266 983.0648779951453 1 1 1 1 1 1 288 84 10 0 0 0 
1648772339.3722486 20.1630859375 41.2923865183037 983.0699240147135 1 1 1 1 1 1 288 84 10 0 0 0 
1648772344.5060325 20.1783203125 41.363426796500406 983.054785957895 1 1 1 1 1 1 288 84 10 0 0 0 
1648772349.639914 20.1630859375 41.36934646149616 983.0261918660096 1 1 1 1 1 1 303 94 10 0 0 0 
1648772354.7734895 20.1630859375 41.38710256378993 983.0443572361031 1 1 1 1 1 1 303 94 10 0 0 0 
1648772359.9062958 20.1732421875 41.38118299758842 983.0315745668368 1 1 1 1 1 1 303 94 10 0 0 0 
1648772365.0401623 20.1783203125 41.29239174804237 983.0642048368896 1 1 1 1 1 1 309 96 12 0 0 0 
1648772370.173613 20.1681640625 41.35158257861279 983.0457024723686 1 1 1 1 1 1 309 96 12 0 0 0 
1648772375.3071377 20.1681640625 41.17399246729643 983.0329198858133 1 1 1 1 1 1 309 96 12 0 0 0 
1648772380.4398851 20.1681640625 41.17399171135075 983.0477212745067 1 1 1 1 1 1 297 87 10 0 0 0 
1648772385.5728188 20.1681640625 41.26278524256516 983.0329198858133 1 1 1 1 1 1 297 87 10 0 0 0 
1648772390.707129 20.1580078125 41.327906439690196 983.0319111435236 1 1 1 1 1 1 297 87 10 0 0 0 
1648772395.8383958 20.1529296875 41.33974344869746 983.0446939231595 1 1 1 1 1 1 312 87 10 0 0 0 
1648772400.972165 20.1580078125 41.168071449319264 983.0248466015214 1 1 1 1 1 1 312 87 10 0 0 0 
1648772406.1056168 20.1580078125 41.2450277098511 982.9871713222662 1 1 1 1 1 1 312 87 10 0 0 0 
1648772411.2393153 20.1529296875 41.26870631380874 983.0292200672452 1 1 1 1 1 1 333 94 12 0 0 0 
1648772416.3718207 20.142578125 41.410771352081866 983.0292200672452 1 1 1 1 1 1 258 78 10 2 0 0 
1648772421.505225 20.1478515625 41.30422007771442 983.0241742155426 1 2 2 1 2 2 279 87 17 2 0 0 
1648772426.6383617 20.142578125 41.43444853406984 983.0006269159094 1 2 2 1 2 2 279 87 17 2 0 0 
1648772431.7717407 20.1478515625 41.39894166538731 983.0224922651147 1 2 2 1 2 2 279 87 17 2 0 0 
1648772436.90507 20.1478515625 41.1384719512046 983.0137460070404 1 2 2 1 2 2 273 87 19 2 0 0 
1648772442.0384235 20.1580078125 41.35157767836315 983.0039908150188 1 2 2 1 2 2 273 87 19 2 0 0 
1648772447.1714675 20.1529296875 41.25094866512281 983.0288836822317 1 2 2 1 2 2 273 87 19 2 0 0 
1648772452.3048592 20.1478515625 41.18583048119173 983.0272017180422 1 2 2 1 2 2 282 87 19 2 0 0 
1648772457.4373965 20.142578125 41.22726762137207 983.0080275086369 1 2 2 1 2 2 282 87 19 2 0 0 
1648772462.5698547 20.1375 41.40484895271303 983.0080275086369 1 2 2 1 2 2 282 87 19 2 0 0 
1648772467.7036145 20.142578125 41.19766791352893 983.0208103147568 1 2 2 1 2 2 270 80 19 2 0 0 
1648772472.8331738 20.1375 41.36341127988462 983.0198009689686 1 2 2 1 2 2 270 80 19 2 0 0 
1648772477.9665313 20.1478515625 41.35157521205338 982.9878444417456 1 2 2 1 2 2 270 80 19 2 0 0 
1648772483.099664 20.1529296875 41.42260996361153 982.9824621308902 1 2 2 1 2 2 291 87 24 2 0 0 
1648772488.233369 20.1580078125 41.22134798190245 983.0265285927454 1 2 2 1 2 2 291 87 24 2 0 0 
1648772493.3664114 20.1580078125 41.1384719512046 982.9720337847616 1 2 2 1 2 2 291 87 24 2 0 0 
1648772498.499858 20.1580078125 41.30422391170293 983.0406574335148 1 1 3 1 1 3 354 100 10 2 2 2 
1648772503.6330287 20.1580078125 41.2450277098511 983.0514219460368 1 1 3 1 1 3 354 100 10 2 2 2 
1648772508.7655246 20.1529296875 41.327897727024734 983.0460395774617 1 1 2 1 1 2 318 88 6 2 2 2 
1648772513.898753 20.1681640625 41.209511110926535 983.0793431414219 1 1 2 1 1 2 318 88 6 2 2 2 
1648772519.0321496 20.1529296875 41.233189431163474 983.0500764772175 1 1 2 1 1 2 318 88 6 2 2 2 
1648772524.1652563 20.1478515625 41.422613234983935 983.067232695171 1 1 3 1 1 3 333 95 6 2 2 2 
1648772529.2985733 20.1529296875 41.36933854777721 983.0396479067348 1 1 3 1 1 3 333 95 6 2 2 2 
1648772534.4324043 20.1580078125 41.17991070185138 983.0446939231595 1 1 3 1 1 3 333 95 6 2 2 2 
1648772539.5656242 20.142578125 41.39893569890614 983.0359478704936 1 1 3 1 1 3 363 105 8 2 2 2 
1648772544.699471 20.1580078125 41.33382386833733 983.023501254815 1 1 3 1 1 3 363 105 8 2 2 2 
1648772549.8330302 20.1478515625 41.1384719512046 983.0605047781963 1 1 3 1 1 3 363 105 8 2 2 2 
1648772554.9663324 20.1580078125 41.25094737624262 983.0379659013997 1 1 3 1 1 3 372 105 8 2 2 2 
1648772560.098951 20.1732421875 41.114790968382835 983.0221540206585 1 1 3 1 1 3 372 105 8 2 2 2 
1648772565.232809 20.1681640625 41.2568683892393 983.0426752170061 1 1 3 1 1 3 372 105 8 2 2 2 
1648772570.3666267 20.1580078125 41.310145444213695 983.0497399402127 1 1 3 1 1 3 345 91 6 2 2 2 
1648772575.4999752 20.1630859375 41.36342166745487 983.0551224542428 1 1 3 1 1 3 345 91 6 2 2 2 
1648772580.6338494 20.142578125 41.30422581251201 983.046375928774 1 2 2 1 2 2 336 97 12 0 0 0 
1648772585.766935 20.1478515625 41.381171837318114 983.0204738619825 0 1 1 0 1 1 336 97 12 0 0 0 
1648772590.9000058 20.1529296875 41.32198045645981 983.0261924687733 0 1 1 0 1 1 336 97 12 0 0 0 
1648772596.0327246 20.1529296875 41.2864634513371 983.0298925754031 0 0 0 0 0 0 321 88 10 0 0 0 
1648772601.1654046 20.1529296875 41.28646173292184 983.0140825140231 0 0 0 0 0 0 321 88 10 0 0 0 
1648772606.2987792 20.1478515625 41.17399049650326 983.0312382800294 0 0 0 0 0 0 321 88 10 0 0 0 
1648772611.4327312 20.1478515625 41.38709972191929 983.0157644641018 0 0 0 0 0 0 300 84 8 0 0 0 
1648772616.5665724 20.1529296875 41.32789992137616 983.0224922651147 0 0 0 0 0 0 300 84 8 0 0 0 
1648772621.7001758 20.1580078125 41.416697058962825 983.0191283644685 0 0 0 0 0 0 300 84 8 0 0 0 
1648772626.832723 20.1478515625 41.50547909432116 982.9942356787519 0 0 0 0 0 0 273 72 10 0 0 0 
1648772631.9661808 20.1478515625 41.422603388497485 983.0191283644685 0 0 0 0 0 0 273 72 10 0 0 0 
1648772637.0989048 20.1529296875 41.10887320253227 983.0127369751644 0 0 0 0 0 0 273 72 10 0 0 0 
1648772642.2317247 20.1580078125 41.22134701141026 983.0322476108205 0 0 0 0 0 0 294 79 10 0 0 0 
1648772647.3655734 20.1580078125 41.27462436748681 983.0073547144076 0 0 0 0 0 0 294 79 10 0 0 0 
1648772652.4983292 20.1478515625 41.321982572031004 983.0076911662136 0 0 0 0 0 0 294 79 10 0 0 0 
1648772657.6319647 20.1529296875 41.250944766111395 983.0295563428741 0 0 0 0 0 0 279 74 8 0 0 0 
1648772662.765751 20.1529296875 41.3574970919403 983.0157644641018 0 1 1 0 1 1 180 51 6 0 0 0 
1648772667.8991325 20.1529296875 41.316060981275626 982.9538692431905 0 0 0 0 0 0 159 44 6 0 0 0 
1648772673.032897 20.1478515625 41.16807111236644 983.0177818428268 0 0 0 0 0 0 159 44 6 0 0 0 
1648772678.1663222 20.1529296875 41.41669066298062 982.9760688864122 0 0 0 0 0 0 159 44 6 0 0 0 
1648772683.2992935 20.1580078125 41.4344553379692 982.9538657237134 0 0 0 0 0 0 159 44 6 0 0 0 
1648772688.4330368 20.1681640625 41.185832071643695 982.9811148542161 0 0 0 0 0 0 159 44 6 0 0 0 
1648772693.5661697 20.1580078125 41.46997161873755 982.9693409303181 0 0 0 0 0 0 159 44 6 0 0 0 
1648772698.6991158 20.1580078125 41.42853592190205 982.9757317531106 0 0 0 0 0 0 168 47 6 0 0 0 
1648772703.8328023 20.1630859375 41.16215157117811 982.9706857452787 0 0 0 0 0 0 168 47 6 0 0 0 
1648772708.9661968 20.1732421875 41.29831339391234 983.015088757871 0 0 0 0 0 0 168 47 6 0 0 0 
1648772714.099523 20.1681640625 41.31606709164768 982.9706857452787 0 1 1 0 1 1 201 58 6 0 0 0 
1648772719.2322938 20.1783203125 41.19767200749341 982.9521837219411 0 1 1 0 1 1 201 58 6 0 0 0 
1648772724.366392 20.1783203125 41.29239518058404 983.0036516753493 0 1 1 0 1 1 201 58 6 0 0 0 
1648772729.5003498 20.1833984375 41.17991163695142 982.9965862665609 0 0 0 0 0 0 165 51 4 0 0 0 
1648772734.63433 20.1732421875 41.339748033829565 983.0097053367367 0 0 0 0 0 0 165 51 4 0 0 0 
1648772739.7680879 20.1935546875 41.27463514238045 983.0137391188473 0 0 0 0 0 0 165 51 4 0 0 0 
1648772744.9018943 20.2037109375 41.32791918498708 982.9952360312345 0 1 1 0 1 1 246 67 14 0 0 0 
1648772750.0350492 20.1986328125 41.23912115575091 983.0016266476033 0 1 1 0 1 1 246 67 14 0 0 0 
1648772755.1678507 20.1986328125 41.150312412690525 983.0016266476033 0 1 1 0 1 1 210 55 12 0 0 0 
1648772760.3007221 20.2138671875 41.108867247873064 982.9928781315426 0 1 1 0 1 1 210 55 12 0 0 0 
1648772765.4346187 20.2240234375 41.03189472084383 982.9834527790069 0 1 1 0 1 1 210 55 12 0 0 0 
1648772770.5671418 20.2240234375 41.04373668670993 982.9716776198908 0 1 1 0 1 1 216 52 10 0 0 0 
1648772775.7009728 20.2189453125 41.07334142162605 982.9884992768191 0 1 1 0 1 1 216 52 10 0 0 0 
1648772780.8350844 20.2291015625 41.061499558473734 982.9780677803886 0 1 1 0 1 1 216 52 10 0 0 0 
1648772785.9685433 20.2240234375 41.18583667176833 982.9599024641984 0 1 1 0 1 1 216 52 12 0 0 0 
1648772791.1028912 20.2443359375 41.191757793445994 982.9662925278723 0 1 1 0 1 1 216 52 12 0 0 0 
1648772796.2355466 20.2291015625 41.21544130463524 982.9733597852692 0 1 1 0 1 1 216 52 12 0 0 0 
1648772801.3684213 20.2291015625 41.22728362471535 982.9878223271508 0 0 0 0 0 0 195 45 8 0 0 0 
1648772806.50217 20.2291015625 41.10294418110618 982.9696568853848 0 0 0 0 0 0 195 45 8 0 0 0 
1648772811.6337736 20.2291015625 41.23320440981711 982.9895045203332 0 0 0 0 0 0 195 45 8 0 0 0 
1648772816.7675414 20.2291015625 40.96083766377084 982.9457675203059 0 0 0 0 0 0 174 43 6 0 0 0 
1648772821.9012125 20.2443359375 41.173996328866856 982.990509380403 0 0 0 0 0 0 174 43 6 0 0 0 
1648772827.0344076 20.2443359375 41.10294298138473 982.5553422274403 1 1 1 1 1 1 225 75 13 0 0 0 
1648772832.1683497 20.2494140625 41.08518011457954 982.9938738213268 1 1 1 1 1 1 225 75 13 0 0 0 
1648772837.3012938 20.2494140625 41.049652893104266 982.9484538924362 1 1 1 1 1 1 225 75 13 0 0 0 
1648772842.4345531 20.2494140625 41.13846984809213 982.946771673826 1 1 1 1 1 1 261 84 13 0 0 0 
1648772847.5685165 20.2544921875 41.12662739493189 982.9662513738014 1 1 1 1 1 1 261 84 13 0 0 0 
1648772852.7023995 20.2494140625 41.29241954890181 982.9652760823822 1 1 1 1 1 1 261 84 13 0 0 0 
1648772857.8362072 20.2494140625 40.95490487959039 982.972980416786 1 1 1 1 1 1 240 77 13 0 0 0 
1648772862.969587 20.2748046875 41.07333191511152 982.9605257007184 1 1 1 1 1 1 240 77 13 0 0 0 
1648772868.1028395 20.2798828125 40.87790368297969 982.9611888706714 1 1 1 1 1 1 240 77 13 0 0 0 
1648772873.2356646 20.3103515625 41.144388796290315 982.9389785086261 1 1 1 1 1 1 261 81 13 0 0 0 
1648772878.3681 20.3154296875 40.90749932084557 982.9625124993363 1 1 1 1 1 1 261 81 13 0 0 0 
1648772883.50185 20.3205078125 40.990410364153156 982.9625124993363 1 1 1 1 1 1 261 81 13 0 0 0 
1648772888.6356747 20.3255859375 40.88972232063457 982.9551015343303 1 1 1 1 1 1 252 78 11 0 0 0 
1648772893.768032 20.3255859375 40.866031556418854 982.963513717771 1 1 1 1 1 1 252 78 11 0 0 0 
1648772898.9020717 20.3306640625 40.98448587164697 982.9806786047462 1 1 1 1 1 1 252 78 11 0 0 0 
1648772904.0353732 20.341015625 41.03778433468365 982.9611496246421 1 1 1 1 1 1 252 78 15 0 0 0 
1648772909.1686876 20.3357421875 40.87787358580592 982.957784696984 1 1 1 1 1 1 285 74 6 0 0 0 
1648772914.3020148 20.35625 40.97262716683494 982.9850227777695 0 0 0 0 0 0 291 76 6 0 0 0 
1648772919.4353838 20.35625 40.9430100259315 982.9473488148902 0 0 0 0 0 0 291 76 6 0 0 0 
1648772924.5693986 20.361328125 40.60538312480842 982.9543959732313 0 0 0 0 0 0 291 76 6 0 0 0 
1648772929.7023818 20.371484375 40.94893300684358 982.9789510890549 1 1 1 1 1 1 276 71 6 0 0 0 
1648772934.8358147 20.371484375 40.93707872852942 982.9806336486996 1 1 1 1 1 1 276 71 6 0 0 0 
1648772939.9685543 20.371484375 40.836386773046456 982.9490067580426 1 1 1 1 1 1 276 71 6 0 0 0 
1648772945.1019046 20.371484375 40.74753105481605 982.9991418094039 1 1 1 1 1 1 267 66 4 0 0 0 
1648772950.23536 20.381640625 40.87192290285329 982.9547115800211 1 1 1 1 1 1 267 66 4 0 0 0 
1648772955.3681233 20.381640625 40.60535018350228 982.9930693772664 1 1 1 1 1 1 267 66 4 0 0 0 
1648772960.5020335 20.401953125 40.93706466901677 982.9510043766488 1 1 1 1 1 1 279 73 4 0 0 0 
1648772965.6357737 20.396875 40.818587601017605 982.9856551508706 1 1 1 1 1 1 279 73 4 0 0 0 
1648772970.769752 20.391796875 40.812685036309524 982.9284458486104 1 1 1 1 1 1 279 73 4 0 0 0 
1648772975.9037957 20.401953125 40.87190868448174 982.9755593857757 1 1 1 1 1 1 264 66 4 0 0 0 
1648772981.036497 20.401953125 40.63495074091956 982.953685236704 1 1 1 1 1 1 264 66 4 0 0 0 
1648772986.1698768 20.412109375 40.93113821121314 982.9570504896384 1 1 1 1 1 1 264 66 4 0 0 0 
1648772991.303777 20.412109375 40.759353831754034 982.96309638255 1 1 1 1 1 1 249 71 0 0 0 0 
1648772996.4365156 20.401953125 40.652716779724834 982.9577059092616 1 1 1 1 1 1 249 71 0 0 0 0 
1648773001.569324 20.401953125 40.68826690637809 982.8813323662561 1 1 1 1 1 1 228 68 2 0 0 0 
1648773006.7031674 20.412109375 40.82449893578049 982.96848666563 1 1 1 1 1 1 228 68 2 0 0 0 
1648773011.8346696 20.4171875 40.640868555521735 982.9496351534 1 1 1 1 1 1 228 68 2 0 0 0 
1648773016.967876 20.401953125 40.4690646837698 982.96309638255 1 1 1 1 1 1 249 73 2 0 0 0 
1648773022.1012423 20.412109375 40.67640139880687 982.9442445733625 1 1 1 1 1 1 249 73 2 0 0 0 
1648773027.235065 20.40703125 40.59939271516708 982.9661192464707 1 1 1 1 1 1 249 73 2 0 0 0 
1648773032.3680885 20.4171875 40.71787590635668 982.9459272401052 0 0 0 0 0 0 207 59 2 0 0 0 
1648773037.5013347 20.4171875 40.64085603334368 982.9331512288705 0 0 0 0 0 0 207 59 2 0 0 0 
1648773042.6342318 20.412109375 40.688249771718425 982.9408792400869 0 0 0 0 0 0 207 59 2 0 0 0 
1648773047.7673414 20.412109375 40.59345481559379 982.930440403731 1 1 1 1 1 1 237 69 4 0 0 0 
1648773052.9010892 20.412109375 40.87189066870883 982.9391965735541 1 1 1 1 1 1 237 69 4 0 0 0 
1648773058.0337005 20.4171875 40.759353831754034 982.9260780131543 1 1 1 1 1 1 237 69 4 0 0 0 
1648773063.166732 20.4171875 40.640862299828825 982.9314685897938 1 1 1 1 1 1 237 69 4 0 0 0 
1648773068.3004196 20.4171875 40.74749606164669 982.9294433180647 1 1 1 1 1 1 237 69 4 0 0 0 
1648773073.432795 20.422265625 40.77118244977095 982.9270750444672 0 0 0 0 0 0 177 46 8 2 0 0 
1648773078.5666535 20.42734375 40.67639552963591 982.9401936167908 0 1 1 0 1 1 177 46 8 2 0 0 
1648773083.7005632 20.432421875 40.7830306297372 982.9082224495916 0 1 1 0 1 1 177 46 8 2 0 0 
1648773088.8347287 20.432421875 40.47494818969629 982.9095619220763 0 1 1 0 1 1 186 51 8 2 0 0 
1648773093.965158 20.42734375 40.65268607352008 982.9469243920489 0 1 1 0 1 1 186 51 8 2 0 0 
1648773099.096108 20.432421875 40.605290209233885 982.9465814703279 0 1 1 0 1 1 186 51 8 2 0 0 
1648773104.231741 20.442578125 40.5815920303453 982.9344593933632 0 1 1 0 1 1 180 49 8 2 0 0 
1648773109.366844 20.4375 40.605290209233885 982.8977829820021 0 1 1 0 1 1 180 49 8 2 0 0 
1648773114.4994714 20.432421875 40.68230232103409 982.9213408655767 0 0 0 0 0 0 180 49 8 2 0 0 
1648773119.6352956 20.42734375 40.75341010271714 982.9553378626948 0 0 0 0 0 0 186 51 8 2 0 0 
1648773124.7692285 20.44765625 40.69415121751762 982.9425298292108 0 0 0 0 0 0 186 51 8 2 0 0 
1648773129.9050193 20.442578125 40.71192448513317 982.9758415263456 0 1 1 0 1 1 186 51 8 2 0 0 
1648773135.0407674 20.452734375 40.59342054654578 982.9270418223678 0 1 1 0 1 1 201 58 10 2 0 0 
1648773140.1741788 20.452734375 40.522330512514316 982.9055096876828 0 1 1 0 1 1 201 58 10 2 0 0 
1648773145.30888 20.44765625 40.60527676290296 982.9290679556486 0 1 1 0 1 1 201 58 10 2 0 0 
1648773150.443527 20.44765625 40.52825531151491 982.9156060865614 0 0 0 0 0 0 186 56 10 2 0 0 
1648773155.5774543 20.44765625 40.563803889606234 982.9068488586121 0 1 1 0 1 1 228 67 6 0 0 0 
1648773160.711482 20.4578125 40.5460073557539 982.9317134126964 0 1 1 0 1 1 216 63 8 0 0 0 
1648773165.8453364 20.46796875 40.69411680590189 982.9179074155386 0 1 1 0 1 1 216 63 8 0 0 0 
1648773170.9797838 20.478125 40.41561973291564 982.8970257129367 0 1 1 0 1 1 216 63 8 0 0 0 
1648773176.1145744 20.473046875 40.52820940782609 982.9273163854997 1 1 1 1 1 1 231 66 10 0 0 0 
1648773181.2490125 20.483203125 40.51634332359985 982.9182139730178 1 1 1 1 1 1 231 66 10 0 0 0 
1648773186.382847 20.48828125 40.42152733511002 982.8751085917042 1 1 1 1 1 1 231 66 10 0 0 0 
1648773191.5168648 20.493359375 40.540029225193614 982.8458518089028 1 1 1 1 1 1 231 68 12 0 0 0 
1648773196.6509843 20.493359375 40.48669970344103 982.8475346484602 1 1 1 1 1 1 231 68 12 0 0 0 
1648773201.7849822 20.503515625 40.39781531608401 982.8966412334647 1 1 1 1 1 1 231 68 12 0 0 0 
1648773206.918539 20.513671875 40.563708963584695 982.8784313485003 1 1 1 1 1 1 225 66 12 0 0 0 
1648773212.0524793 20.5341796875 40.510330003007546 982.8794232029239 1 1 1 1 1 1 225 66 12 0 0 0 
1648773217.1858444 20.5341796875 40.32070929152578 982.8757115108747 1 1 1 1 1 1 225 66 12 0 0 0 
1648773222.3197567 20.52890625 40.32067869369341 982.8804146733161 0 1 1 0 1 1 240 69 12 0 0 0 
1648773227.4527059 20.5341796875 40.37401692973488 982.9157577680463 0 1 1 0 1 1 240 69 12 0 0 0 
1648773232.586512 20.523828125 40.43923349170599 982.9292218122474 0 1 1 0 1 1 240 69 12 0 0 0 
1648773237.7210698 20.52890625 40.35629625971074 982.9113997709246 0 0 0 0 0 0 189 54 10 0 0 0 
1648773242.8549337 20.5392578125 40.492543360143564 982.865959392372 0 0 0 0 0 0 189 54 10 0 0 0 
1648773247.9883907 20.52890625 40.43331626454309 982.8652676421598 0 1 1 0 1 1 195 56 12 0 0 0 
1648773253.1208558 20.5341796875 40.60514660279421 982.8837806810091 0 1 1 0 1 1 195 56 12 0 0 0 
1648773258.2536092 20.5341796875 40.55182767107846 982.8551696245365 0 1 1 0 1 1 195 56 12 0 0 0 
1648773263.3874364 20.5392578125 40.492543360143564 982.8753656623012 1 1 1 1 1 1 231 68 12 0 0 0 
1648773268.5215473 20.5392578125 40.374007321146365 982.8901668610624 1 1 1 1 1 1 231 68 12 0 0 0 
1648773273.655403 20.5494140625 40.33251152664437 982.8726444148707 1 1 1 1 1 1 231 68 12 0 0 0 
1648773278.7892065 20.5544921875 40.379943348974834 982.8632385860124 0 1 1 0 1 1 204 59 12 0 0 0 
1648773283.9227166 20.5392578125 40.48660882027284 982.8325978913895 0 1 1 0 1 1 204 59 12 0 0 0 
1648773289.0568016 20.5595703125 40.285066153558944 982.8275488049261 0 1 1 0 1 1 204 59 12 0 0 0 
1648773294.1908603 20.5748046875 40.474696738721576 982.900861238053 0 1 1 0 1 1 204 59 10 0 0 0 
1648773299.3242908 20.5849609375 40.32651344146138 982.8789805963114 0 1 1 0 1 1 204 59 10 0 0 0 
1648773304.4581437 20.5849609375 40.16648955562736 982.8540807007047 0 1 1 0 1 1 204 59 10 0 0 0 
1648773309.5917237 20.5748046875 40.36208580100411 982.8793273770192 1 1 1 1 1 1 297 80 12 0 0 0 
1648773314.7260537 20.5849609375 40.48061505686194 982.8608131461827 0 0 0 0 0 0 297 80 12 0 0 0 
1648773319.8606656 20.5900390625 40.34428470615616 982.8836831244738 0 0 0 0 0 0 150 46 10 0 0 0 
1648773324.9947362 20.5951171875 40.35022183498139 982.8587830913509 0 0 0 0 0 0 150 46 10 0 0 0 
1648773330.127459 20.5849609375 40.124985450241454 982.8348721055721 0 1 1 0 1 1 150 46 10 0 0 0 
1648773335.2611413 20.6001953125 40.27315809190498 982.8517034847546 0 0 0 0 0 0 150 46 6 0 0 0 
1648773340.3949928 20.5951171875 40.40946417355849 982.8476426109463 0 0 0 0 0 0 150 46 6 0 0 0 
1648773345.5288846 20.6052734375 40.29091853565328 982.8590774010685 0 0 0 0 0 0 150 46 6 0 0 0 
1648773350.6628625 20.6052734375 40.51615172880159 982.8510089415594 0 0 0 0 0 0 177 51 6 0 0 0 
1648773355.7970066 20.6001953125 40.468735449146365 982.8695237649325 0 0 0 0 0 0 177 51 6 0 0 0 
1648773360.9303002 20.6001953125 40.32055533097077 982.8523446845064 0 0 0 0 0 0 177 51 6 0 0 0 
1648773366.0617967 20.6052734375 40.42724566427039 982.8489783266449 0 1 1 0 1 1 183 53 8 0 0 0 
1648773371.194602 20.6052734375 40.20198317340596 982.8735311960531 0 1 1 0 1 1 183 53 8 0 0 0 
1648773376.3292875 20.6205078125 40.12489728129157 982.8536803450137 0 1 1 0 1 1 183 53 8 0 0 0 
1648773381.463197 20.6154296875 40.2197891774033 982.8280846320491 0 1 1 0 1 1 213 60 6 0 0 0 
1648773386.597634 20.6205078125 40.14270590696766 982.8654626951019 0 1 1 0 1 1 213 60 6 0 0 0 
1648773391.7321172 20.6154296875 40.19011593370554 982.8540278635419 0 1 1 0 1 1 213 60 6 0 0 0 
1648773396.865929 20.6154296875 40.33831698132202 982.8304633634095 0 1 1 0 1 1 222 63 6 0 0 0 
1648773401.9998739 20.6103515625 40.32055533097077 982.850313959904 1 1 1 1 1 1 267 74 2 0 0 0 
1648773407.132989 20.6154296875 40.33240997707407 982.8637795020222 1 1 1 1 1 1 216 62 4 0 0 0 
1648773412.2668316 20.6103515625 40.231644173335944 982.8317988468021 1 1 1 1 1 1 216 62 4 0 0 0 
1648773417.4009209 20.6103515625 40.415382085515304 982.8456119690633 1 1 1 1 1 1 216 62 4 0 0 0 
1648773422.5339115 20.6052734375 40.29684591529497 982.8382383808489 0 0 0 0 0 0 195 60 6 0 0 0 
1648773427.667863 20.6052734375 40.041959299646464 982.8742260174259 0 0 0 0 0 0 195 60 6 0 0 0 
1648773432.7992918 20.5951171875 40.43911788717217 982.8153147634221 0 0 0 0 0 0 195 60 6 0 0 0 
1648773437.932527 20.5951171875 40.4331637494432 982.8829890963387 1 1 1 1 1 1 201 64 6 0 0 0 
1648773443.0662525 20.5900390625 40.166453294894495 982.8526921069708 1 1 1 1 1 1 201 64 6 0 0 0 
1648773448.1994593 20.6001953125 40.2672198660818 982.8510089415594 1 1 1 1 1 1 201 64 6 0 0 0 
1648773453.3330705 20.6001953125 40.26720891419553 982.8543752724522 0 1 1 0 1 1 174 55 6 0 0 0 
1648773458.4673917 20.6154296875 40.326472376815694 982.8472951478191 0 1 1 0 1 1 174 55 6 0 0 0 
1648773463.6014545 20.6052734375 40.28498038714379 982.868829081471 0 1 1 0 1 1 174 55 6 0 0 0 
1648773468.73651 20.6103515625 40.22568233136252 982.8570467304033 0 1 1 0 1 1 195 62 6 0 0 0 
1648773473.8692114 20.6255859375 40.184176217188124 982.8711527020984 0 1 1 0 1 1 195 62 6 0 0 0 
1648773479.003604 20.6255859375 40.27309269164995 982.8728359361907 0 1 1 0 1 1 195 62 6 0 0 0 
1648773484.1376705 20.6205078125 40.279042081484945 982.8876373737892 0 0 0 0 0 0 141 44 4 0 0 0 
1648773489.2697072 20.6205078125 40.23161002829102 982.9001151590576 0 0 0 0 0 0 141 44 4 0 0 0 
1648773494.40176 20.6255859375 40.16638048199736 982.86813395953 0 1 1 0 1 1 168 51 6 0 0 0 
1648773499.5330076 20.6255859375 40.19010405418254 982.8758546373233 0 1 1 0 1 1 168 51 6 0 0 0 
1648773504.667235 20.6306640625 40.29677133104716 982.8876373737892 0 1 1 0 1 1 168 51 6 0 0 0 
1648773509.800167 20.6357421875 40.23156435045482 982.8636861678964 0 1 1 0 1 1 162 49 6 0 0 0 
1648773514.9291737 20.6458984375 40.08927717313677 982.9003703398377 0 1 1 0 1 1 162 49 6 0 0 0 
1648773520.0610836 20.6408203125 40.22562486690513 982.88051892115 0 1 1 0 1 1 162 49 6 0 0 0 
1648773525.1944978 20.6458984375 40.22563638138374 982.8839230681864 0 0 0 0 0 0 168 44 6 0 0 0 
1648773530.3285973 20.6357421875 40.249314436531336 982.9007182342898 0 0 0 0 0 0 168 44 6 0 0 0 
1648773535.4606555 20.6408203125 40.035963288700806 982.8704569766179 0 0 0 0 0 0 168 44 6 0 0 0 
1648773540.591307 20.6509765625 40.05963564977454 982.8811577372908 0 0 0 0 0 0 147 37 4 0 0 0 
1648773545.7224348 20.6509765625 40.07738088355757 982.8845243702481 0 0 0 0 0 0 147 37 4 0 0 0 
1648773550.8521469 20.6662109375 40.23151849992189 982.8824926948176 0 0 0 0 0 0 147 37 4 0 0 0 
1648773555.9791849 20.6611328125 40.08332256185208 982.8862076868314 0 0 0 0 0 0 126 33 4 0 0 0 
1648773561.1135848 20.6662109375 40.16629504250141 982.8989776656312 0 0 0 0 0 0 126 33 4 0 0 0 
1648773566.2435982 20.6611328125 40.190008629426046 982.8693745241449 0 0 0 0 0 0 243 74 16 0 0 0 
1648773571.3749895 20.6662109375 40.201865361136775 982.8582286549118 0 0 0 0 0 0 243 74 16 0 0 0 
1648773576.507569 20.6662109375 39.99439502427818 982.8592746298913 0 0 0 0 0 0 243 74 16 0 0 0 
1648773581.6416562 20.6611328125 40.06553723958357 982.8815060001199 0 0 0 0 0 0 243 74 16 0 0 0 
1648773586.7720265 20.6458984375 40.21966200720225 982.8575913144272 1 1 1 1 1 1 243 74 16 0 0 0 
1648773591.9041662 20.6560546875 40.13074963507721 982.8906185764607 1 1 1 1 1 1 243 74 16 0 0 0 
1648773597.0359674 20.6560546875 40.17223562465589 982.9094259843038 0 1 1 0 1 1 237 72 14 0 0 0 
1648773602.1669266 20.6458984375 40.10110779149745 982.8603196180852 0 1 1 0 1 1 237 72 14 0 0 0 
1648773607.3016348 20.52890625 40.213792052126415 982.8923393776904 0 1 1 0 1 1 237 72 14 0 0 0 
1648773612.4330897 20.6458984375 40.08927717313677 982.8771523699396 1 1 1 1 1 1 258 84 12 0 0 0 
1648773617.5675483 20.6408203125 40.1900802627555 982.8838854726403 1 1 1 1 1 1 258 84 12 0 0 0 
1648773622.6986392 20.6458984375 40.10115958621619 982.8838854726403 1 1 1 1 1 1 258 84 12 0 0 0 
1648773627.8293 20.6560546875 40.2433862942275 982.8687359931378 1 1 1 1 1 1 273 89 12 0 0 0 
1648773632.96046 20.6560546875 40.095179391907116 982.874772789263 1 1 1 1 1 1 273 89 12 0 0 0 
1648773638.09556 20.6662109375 40.201865361136775 982.8905609450687 1 1 1 1 1 1 273 89 12 0 0 0 
1648773643.2270796 20.6763671875 40.10697153473733 982.8945652389261 1 1 1 1 1 1 285 93 10 0 0 0 
1648773648.3593256 20.6814453125 40.13661502786077 982.836693974893 1 2 2 1 2 2 336 105 12 0 0 0 
1648773653.492957 20.6712890625 40.01803951147093 982.8831303309187 1 2 2 1 2 2 324 103 12 0 0 0 
1648773658.6239061 20.6662109375 40.18408024813279 982.8774427050332 1 2 2 1 2 2 324 103 12 0 0 0 
1648773663.7572126 20.6763671875 40.077367624933714 982.8690260567917 1 2 2 1 2 2 324 103 12 0 0 0 
1648773668.8908353 20.6662109375 40.10702327317242 982.8690260567917 1 2 2 1 2 2 330 100 16 0 0 0 
1648773674.02109 20.6662109375 40.21966200720225 982.8643245767031 1 2 2 1 2 2 330 100 16 0 0 0 
1648773679.1521175 20.6712890625 40.06548363916377 982.8942760067637 1 2 2 1 2 2 330 100 16 0 0 0 
1648773684.2856276 20.6662109375 40.041809676393775 982.941061294682 1 2 2 1 2 2 309 93 18 0 0 0 
1648773689.4180043 20.6560546875 40.03590854330735 982.8697228818553 1 2 2 1 2 2 309 93 18 0 0 0 
1648773694.5532742 20.6662109375 40.11296455980373 982.8697228818553 1 2 2 1 2 2 309 93 18 0 0 0 
1648773699.6852236 20.6662109375 40.148522186382 982.8929409538655 1 2 2 1 2 2 294 88 18 0 0 0 
1648773704.819285 20.6560546875 40.10702327317242 982.8871942573336 1 2 2 1 2 2 294 88 18 0 0 0 
1648773709.9480577 20.6662109375 40.12479586914391 982.9326445653734 1 2 2 1 2 2 294 88 18 0 0 0 
1648773715.081696 20.6611328125 40.1188673746394 982.8922442890413 1 2 2 1 2 2 303 91 18 0 0 0 
1648773720.2169387 20.6662109375 40.213722051679774 982.8656593979848 1 2 2 1 2 2 303 91 18 0 0 0 
1648773725.3511982 20.6712890625 40.16629504250141 982.8824926948176 1 2 2 1 2 2 303 91 18 0 0 0 
1648773730.4846666 20.6712890625 40.041809676393775 982.8855109135709 1 1 1 1 1 1 279 76 12 0 0 0 
1648773735.6147728 20.6814453125 40.05365325582225 982.8808093648195 1 1 1 1 1 1 279 76 12 0 0 0 
1648773740.7465837 20.6509765625 40.13667797291878 982.8613063709083 0 1 1 0 1 1 243 67 14 0 0 0 
1648773745.87795 20.6560546875 40.089264082978055 982.8723927158784 0 1 1 0 1 1 243 67 14 0 0 0 
1648773751.0118425 20.6560546875 40.035894829973536 982.8895743202085 0 1 1 0 1 1 243 67 14 0 0 0 
1648773756.1427643 20.6560546875 40.08332256185208 982.8343735476324 0 1 1 0 1 1 231 60 12 0 0 0 
1648773761.2720501 20.6611328125 40.02998009855449 982.8384370511346 0 1 1 0 1 1 231 60 12 0 0 0 
1648773766.403187 20.6560546875 40.13074963507721 982.8461566556117 0 1 1 0 1 1 231 60 12 0 0 0 
1648773771.5357368 20.6662109375 40.04775182469193 982.8811577372908 0 1 1 0 1 1 225 60 10 0 0 0 
1648773776.6670587 20.6712890625 40.249291876302415 982.8508580532708 0 1 1 0 1 1 225 60 10 0 0 0 
1648773781.798216 20.6611328125 40.17813974380635 982.8959593373215 0 1 1 0 1 1 225 60 10 0 0 0 
1648773786.9302897 20.6662109375 40.11296455980373 982.8976426679495 0 0 0 0 0 0 204 55 6 0 0 0 
1648773792.0638914 20.6712890625 40.02993872203987 982.8653107938775 0 0 0 0 0 0 204 55 6 0 0 0 
1648773797.1950576 20.6611328125 40.047724637814554 982.8575913144272 0 0 0 0 0 0 204 55 6 0 0 0 
1648773802.324532 20.6560546875 40.332307348181835 982.8495232585211 0 0 0 0 0 0 198 53 6 0 0 0 
1648773807.4579287 20.6560546875 40.053680306613934 982.8424414783996 0 0 0 0 0 0 198 53 6 0 0 0 
1648773812.5891526 20.6509765625 40.20188900993975 982.8646729750773 0 0 0 0 0 0 168 49 2 0 0 0 
1648773817.7242763 20.6509765625 40.047778968392734 982.8351085075552 0 0 0 0 0 0 168 49 2 0 0 0 
1648773822.8599179 20.6509765625 40.15446292469474 982.8471427795506 0 0 0 0 0 0 168 49 2 0 0 0 
1648773827.994466 20.6814453125 40.17812762027138 982.8565452987842 0 0 0 0 0 0 147 42 2 0 0 0 
1648773833.1257627 20.6865234375 39.9053889574773 982.8326292394014 0 0 0 0 0 0 147 42 2 0 0 0 
1648773838.2596564 20.6865234375 40.10698448553703 982.8127780640255 0 0 0 0 0 0 147 42 2 0 0 0 
1648773843.3898273 20.6712890625 40.059581863538014 982.8383773166263 0 0 0 0 0 0 138 40 2 0 0 0 
1648773848.5182333 20.6560546875 40.1544381872875 982.8353594813187 0 0 0 0 0 0 138 40 2 0 0 0 
1648773853.6457548 20.6560546875 40.18410430515882 982.842790052982 0 0 0 0 0 0 138 40 2 0 0 0 
1648773858.779211 20.6509765625 40.19002059529849 982.8205583919208 0 0 0 0 0 0 117 33 2 0 0 0 
1648773863.9105895 20.6611328125 40.148509744242645 982.7818421909641 0 0 0 0 0 0 117 33 2 0 0 0 
1648773869.0425193 20.6662109375 40.14258129090586 982.8299606086589 0 0 0 0 0 0 117 33 2 0 0 0 
1648773874.1746974 20.6712890625 40.1188673746394 982.8239250198401 0 0 0 0 0 0 132 38 4 0 0 0 
1648773879.3092837 20.6611328125 40.195948898262635 982.832341590863 0 0 0 0 0 0 132 38 4 0 0 0 
1648773884.442574 20.6712890625 40.130699028460285 982.8185262040778 0 0 0 0 0 0 132 38 4 0 0 0 
1648773889.572066 20.6814453125 40.130711696305326 982.8383773166263 0 0 0 0 0 0 147 38 6 0 0 0 
1648773894.7053437 20.6712890625 40.03586737092336 982.8303094974117 1 1 1 1 1 1 270 80 6 0 0 0 
1648773899.8365893 20.6560546875 40.095166348201566 982.8124906419097 1 1 1 1 1 1 279 78 6 0 0 0 
1648773904.966448 20.6662109375 40.320451341443565 982.8252595141345 1 1 1 1 1 1 279 78 6 0 0 0 
1648773910.099744 20.6814453125 40.095153293702026 982.8447618078497 1 1 1 1 1 1 279 78 6 0 0 0 
1648773915.2312407 20.6814453125 40.1306604714761 982.8336141443656 1 2 2 1 2 2 306 85 8 2 0 0 
1648773920.3623805 20.6966796875 40.07730065766534 982.847716557746 1 2 2 1 2 2 306 85 8 2 0 0 
1648773925.4973865 20.7017578125 40.24327194078052 982.8322159009685 1 2 2 1 2 2 306 85 8 2 0 0 
1648773930.6309783 20.7017578125 39.92904451741455 982.8056306510982 1 1 1 1 1 1 285 78 8 2 0 0 
1648773935.7643526 20.6966796875 39.91720105275495 982.8120794671772 1 1 1 1 1 1 285 78 8 2 0 0 
1648773940.8981073 20.6966796875 40.13658928821169 982.8423803433985 1 1 1 1 1 1 285 78 8 2 0 0 
1648773946.0336728 20.6763671875 40.15438810514436 982.8339634310629 0 0 0 0 0 0 249 71 8 2 0 0 
1648773951.168146 20.7017578125 39.98832271612703 982.819797475038 0 0 0 0 0 0 249 71 8 2 0 0 
1648773956.2998064 20.7017578125 40.04761493197032 982.8493999949217 0 0 0 0 0 0 249 71 8 2 0 0 
1648773961.4310186 20.6966796875 40.26108084733022 982.8467320254615 0 0 0 0 0 0 255 73 10 2 0 0 
1648773966.5624757 20.6916015625 40.01208197520878 982.8531163225063 1 1 1 1 1 1 255 73 10 2 0 0 
1648773971.693467 20.6966796875 40.16622091429155 982.8450486155352 1 1 1 1 1 1 255 73 10 2 0 0 
1648773976.8244355 20.6865234375 40.01805348290723 982.827229902454 1 2 2 1 2 2 300 95 21 4 0 0 
1648773981.9578795 20.6916015625 40.095074235228395 982.8248477018777 1 2 2 1 2 2 300 95 21 4 0 0 
1648773987.0903034 20.6916015625 40.106945101602534 982.8228781909252 1 2 2 1 2 2 279 88 21 4 0 0 
1648773992.2225716 20.6916015625 39.96466402971995 982.8120794671772 1 2 2 1 2 2 279 88 21 4 0 0 
1648773997.352922 20.6916015625 40.14845938732708 982.8440637260757 1 2 2 1 2 2 279 88 21 4 0 0 
1648774002.4837337 20.6865234375 39.99429484565598 982.8221797567318 0 1 1 0 1 1 237 74 12 2 0 0 
1648774007.6157246 20.6966796875 40.15440100022315 982.8339634310629 0 1 1 0 1 1 237 74 12 2 0 0 
1648774012.745503 20.6865234375 40.00022389913337 982.8487647098211 0 1 1 0 1 1 237 74 12 2 0 0 
1648774017.8769343 20.6814453125 40.06545625713209 982.8491138745268 0 1 1 0 1 1 228 71 10 2 0 0 
1648774023.0092144 20.6865234375 40.05952738492152 982.8517822556602 0 1 1 0 1 1 228 71 10 2 0 0 
1648774028.1416478 20.6865234375 40.08322956703902 982.8251971660062 0 1 1 0 1 1 228 71 10 2 0 0 
1648774033.2691467 20.6865234375 40.11291313670645 982.8356468133901 0 1 1 0 1 1 243 74 12 2 0 0 
1648774038.3992777 20.6814453125 40.05951386778556 982.83634503071 0 1 1 0 1 1 243 74 12 2 0 0 
1648774043.5309007 20.6814453125 39.988394989083446 982.8491138745268 0 1 1 0 1 1 243 74 12 2 0 0 
1648774048.6648338 20.6916015625 40.201841669159236 982.8427294526667 0 1 1 0 1 1 213 69 10 4 0 0 
1648774053.798263 20.6611328125 40.08332256185208 982.8602607655283 0 1 1 0 1 1 213 69 10 4 0 0 
1648774058.9294841 20.6712890625 40.166270534073035 982.8319928253107 0 1 1 0 1 1 207 56 12 2 0 0 
1648774064.0606272 20.6662109375 40.18408024813279 982.8222417058455 0 1 1 0 1 1 207 56 12 2 0 0 
1648774069.1944144 20.6560546875 40.15447527720767 982.8714061842547 0 1 1 0 1 1 207 56 12 2 0 0 
1648774074.3279624 20.6458984375 40.344163313754265 982.8636861678964 0 0 0 0 0 0 207 54 12 2 0 0 
1648774079.461475 20.6255859375 40.29677133104716 982.8636861678964 0 0 0 0 0 0 207 54 12 2 0 0 
1648774084.5915093 20.6458984375 40.255253764433164 982.87883564551 0 0 0 0 0 0 207 54 12 2 0 0 
1648774089.7209814 20.6255859375 40.16636830873635 982.8795688732598 0 0 0 0 0 0 195 49 10 2 0 0 
1648774094.8527908 20.6255859375 40.249370648217614 982.8792211331066 0 1 1 0 1 1 195 49 10 2 0 0 
1648774099.9849093 20.6205078125 40.19010405418254 982.8651151618341 0 1 1 0 1 1 195 49 10 2 0 0 
1648774105.1165223 20.6154296875 40.13085033020516 982.866798368538 0 0 0 0 0 0 201 51 10 0 0 0 
1648774110.2483373 20.6306640625 40.2493930573377 982.8674932983453 0 0 0 0 0 0 201 51 10 0 0 0 
1648774115.3831666 20.6255859375 40.08342761157233 982.8587299232031 0 0 0 0 0 0 201 51 10 0 0 0 
1648774120.5181694 20.6306640625 40.1663926444646 982.8630842987556 0 0 0 0 0 0 174 44 10 0 0 0 
1648774125.651694 20.6205078125 40.17826038550143 982.8546681988638 0 0 0 0 0 0 174 44 10 0 0 0 
1648774130.783064 20.6205078125 40.28496961777172 982.8785808174239 0 0 0 0 0 0 174 44 10 0 0 0 
1648774135.91633 20.6154296875 40.08342761157233 982.8536803450137 0 0 0 0 0 0 159 44 8 0 0 0 
1648774141.04849 20.6205078125 40.35608928684432 982.8519971524239 0 0 0 0 0 0 195 56 4 0 0 0 
1648774146.180276 20.6001953125 40.12494772831199 982.8695237649325 0 0 0 0 0 0 222 63 4 0 0 0 
1648774151.3134542 20.6103515625 40.468735449146365 982.8816530120961 0 1 1 0 1 1 222 63 4 0 0 0 
1648774156.4454093 20.6001953125 40.207957393996885 982.87492040033 0 1 1 0 1 1 222 63 4 0 0 0 
1648774161.5779598 20.5951171875 40.17238082256935 982.8661574327805 0 1 1 0 1 1 207 60 6 0 0 0 
1648774166.7120855 20.6052734375 40.367973668445636 982.886702471655 0 0 0 0 0 0 207 60 6 0 0 0 
1648774171.846748 20.6052734375 40.14867065013676 982.8564057237447 0 0 0 0 0 0 207 60 6 0 0 0 
1648774176.9795048 20.6001953125 40.14273070065402 982.8988313836813 0 0 0 0 0 0 234 69 10 0 0 0 
1648774182.1134021 20.6001953125 40.34427464948516 982.9250682858407 0 0 0 0 0 0 234 69 10 0 0 0 
1648774187.2473516 20.6052734375 40.23760549966579 982.8883856249813 0 0 0 0 0 0 234 69 10 0 0 0 
1648774192.3812668 20.6001953125 40.21386166400333 982.8618023156218 0 0 0 0 0 0 234 69 10 0 0 0 
1648774197.5152736 20.6052734375 40.249426590066676 982.8863554298899 0 0 0 0 0 0 234 69 10 0 0 0 
1648774202.6492589 20.5951171875 40.207980604505025 982.900514523943 0 1 1 0 1 1 234 69 10 0 0 0 
1648774207.7829204 20.5951171875 40.42727297705434 982.8954651033678 0 1 1 0 1 1 240 73 10 0 0 0 
1648774212.9129024 20.5900390625 40.27910694401721 982.8924456052149 0 1 1 0 1 1 240 73 10 0 0 0 
1648774218.046617 20.6052734375 40.32650319148981 982.943583143073 0 1 1 0 1 1 240 73 10 0 0 0 
