timestamp temperature humidity pressure pm10_standard pm25_standard pm100_standard pm10_env pm25_env pm100_env particles_03um particles_05um particles_10um particles_25um particles_50um particles_100um
1651076680.5798147 20.823828125 34.658019830732286 986.4103777615921 1 2 3 1 2 3 327 94 19 2 2 0 
1651076685.7115915 20.81875 34.90741857938971 986.4090295395416 1 2 3 1 2 3 327 94 19 2 2 0 
1651076690.8456542 20.81875 34.729374297153015 986.3871387040848 1 2 3 1 2 3 327 94 19 2 2 0 
1651076695.9766197 20.8390625 34.78847477521613 986.3948984913454 0 1 3 0 1 3 213 59 16 4 2 2 
1651076701.1089456 20.833984375 34.70546438108529 986.4285775358035 0 1 3 0 1 3 213 59 16 4 2 2 
1651076706.2411451 20.82890625 34.824262410220044 986.4208169173803 0 1 3 0 1 3 225 66 20 4 2 2 
1651076711.373034 20.81875 34.64598785948059 986.3888103360466 0 1 3 0 1 3 225 66 20 4 2 2 
1651076716.506246 20.81875 34.6876443213905 986.398926075553 0 1 3 0 1 3 225 66 20 4 2 2 
1651076721.6393209 20.82890625 34.6697484798869 986.4056495808202 0 1 3 0 1 3 225 66 20 4 2 2 
1651076726.7726002 20.82890625 34.89553925024235 986.3790427857933 0 1 3 0 1 3 225 66 20 4 2 2 
1651076731.8999114 20.81875 34.854034836230184 986.4326042986493 0 1 3 0 1 3 225 66 20 4 2 2 
1651076737.0297558 20.82890625 34.883659879897934 986.3905065241544 0 2 3 0 2 3 252 73 20 4 2 2 
1651076742.1637726 20.813671875 35.07987709734458 986.3810501893112 0 2 3 0 2 3 252 73 20 4 2 2 
1651076747.2931752 20.81875 34.895685408798855 986.3864251944169 0 2 3 0 2 3 252 73 20 4 2 2 
1651076752.4236457 20.81875 34.85997450979818 986.3857783705814 0 2 2 0 2 2 279 80 20 2 0 0 
1651076757.5560048 20.81875 34.919370679031616 986.3763219803461 0 2 2 0 2 2 279 80 20 2 0 0 
1651076762.6855562 20.823828125 34.80050313396952 986.3894696030334 0 2 2 0 2 2 279 80 20 2 0 0 
1651076767.8195956 20.82890625 34.842081759265675 986.381750815591 0 2 2 0 2 2 270 77 20 2 0 0 
1651076772.9521961 20.8390625 34.776669232414385 986.4033182498346 0 2 2 0 2 2 270 77 20 2 0 0 
1651076778.0832067 20.82890625 34.87156033044256 986.4120617002222 1 1 1 1 1 1 246 73 14 0 0 0 
1651076783.2157462 20.82890625 34.89546615474622 986.392190434294 1 1 1 1 1 1 246 73 14 0 0 0 
1651076788.3452923 20.82890625 34.99644029953568 986.4137456389224 1 1 1 1 1 1 246 73 14 0 0 0 
1651076793.4762554 20.82890625 34.68756883704688 986.4070098845418 1 1 1 1 1 1 276 83 14 0 0 0 
1651076798.6070654 20.82890625 34.63410748748044 986.4140692058323 1 1 1 1 1 1 276 83 14 0 0 0 
1651076803.7401853 20.82890625 34.72328434808672 986.392190434294 1 1 1 1 1 1 276 83 14 0 0 0 
1651076808.8734434 20.82890625 35.049753320020685 986.4036420077715 1 2 2 1 2 2 312 97 16 0 0 0 
1651076814.00316 20.833984375 34.82998063236129 986.4403652079799 1 2 2 1 2 2 312 97 16 0 0 0 
1651076819.1349432 20.84921875 34.72899926439819 986.4114142102428 0 1 1 0 1 1 312 97 16 0 0 0 
1651076824.2666228 20.8390625 34.90125980578716 986.411738010074 0 0 0 0 0 0 300 93 16 0 0 0 
1651076829.3977337 20.833984375 34.78253477330075 986.4369973012938 0 0 0 0 0 0 300 93 16 0 0 0 
1651076834.5272136 20.833984375 34.88351340509816 986.4070098845418 1 1 1 1 1 1 300 93 16 0 0 0 
1651076839.6588345 20.833984375 34.853814116502754 986.4221653334733 1 2 2 1 2 2 306 98 16 0 0 0 
1651076844.790219 20.82890625 34.97260972592399 986.4440565474969 1 2 2 1 2 2 306 98 16 0 0 0 
1651076849.9257488 20.82890625 35.109219583539065 986.4002741312813 1 2 2 1 2 2 306 98 16 0 0 0 
1651076855.0592275 20.82890625 34.99651223483888 986.4443916833486 1 2 2 1 2 2 315 98 18 0 0 0 
1651076860.1912565 20.82890625 34.836068208555275 986.4426959439647 0 2 2 0 2 2 237 76 14 2 0 0 
1651076865.3248403 20.82890625 35.014330687848606 986.4423726075365 0 2 2 0 2 2 228 71 16 2 0 0 
1651076870.4580388 20.82890625 34.90155193640137 986.4480825829705 0 2 2 0 2 2 228 71 16 2 0 0 
1651076875.5891151 20.81875 35.050109925576 986.4568249758129 0 2 2 0 2 2 228 71 16 2 0 0 
1651076880.7228782 20.823828125 34.85997450979818 986.4332505825992 0 1 1 0 1 1 222 69 16 2 0 0 
1651076885.855038 20.82890625 34.7709528320256 986.4427077710387 0 1 1 0 1 1 222 69 16 2 0 0 
1651076890.985525 20.81875 34.93718932897062 986.4460755957286 0 0 0 0 0 0 222 69 16 2 0 0 
1651076896.1185384 20.823828125 34.84215545819712 986.441670007172 0 0 0 0 0 0 237 74 14 2 0 0 
1651076901.2530015 20.81875 34.82433631390482 986.4275525633997 0 0 0 0 0 0 237 74 14 2 0 0 
1651076906.387789 20.82890625 35.04996731578795 986.4494434206986 0 0 0 0 0 0 237 74 14 2 0 0 
1651076911.521816 20.823828125 34.80057731066204 986.4928908367999 0 0 0 0 0 0 237 71 14 2 0 0 
1651076916.6538763 20.82890625 34.883586647904025 986.4679548473541 0 0 0 0 0 0 237 71 14 2 0 0 
1651076921.7852848 20.823828125 34.77681814263483 986.4359602390546 0 0 0 0 0 0 237 71 14 2 0 0 
1651076926.9188566 20.82890625 35.13311800574955 986.4191330060504 0 1 1 0 1 1 237 71 12 2 0 0 
1651076932.0518413 20.82890625 34.86576731039449 986.4342763130022 0 1 1 0 1 1 237 71 12 2 0 0 
1651076937.1843383 20.823828125 34.937261925108444 986.4612191382435 0 1 1 0 1 1 237 71 12 2 0 0 
1651076942.3168828 20.823828125 35.026281188296984 986.4480825829705 1 2 3 1 2 3 303 87 19 4 0 0 
1651076947.4491763 20.80859375 34.90763739151636 986.484805599789 1 2 3 1 2 3 303 87 19 4 0 0 
1651076952.5839064 20.81875 34.93139510724798 986.4217864635101 1 1 2 1 1 2 276 75 12 4 0 0 
1651076957.7152436 20.81875 34.95515265820273 986.4554638913476 1 1 2 1 1 2 276 75 12 4 0 0 
1651076962.843834 20.813671875 35.00860654538547 986.4692574534142 1 1 2 1 1 2 276 75 12 4 0 0 
1651076967.9776475 20.80859375 34.91350397758142 986.4709413125435 1 1 2 1 1 2 255 73 12 4 0 0 
1651076973.1067204 20.81875 34.782832320728645 986.4342882105392 1 1 2 1 1 2 255 73 12 4 0 0 
1651076978.2367072 20.813671875 34.88380631144986 986.4497664819328 1 1 2 1 1 2 255 73 12 4 0 0 
1651076983.367909 20.813671875 34.84816877223188 986.4467216627556 1 2 2 1 2 2 264 76 14 4 0 0 
1651076988.5002537 20.81875 34.83636325566027 986.4254771406232 1 2 2 1 2 2 264 76 14 4 0 0 
1651076993.6337867 20.833984375 35.07365381361932 986.4426959439647 1 2 2 1 2 2 264 76 14 4 0 0 
1651076998.7682898 20.823828125 34.91907936739427 986.4709995963831 1 1 2 1 1 2 300 81 12 2 0 0 
1651077003.9035196 20.844140625 35.002236095864056 986.4555207915331 1 1 2 1 1 2 300 81 12 2 0 0 
1651077009.0373566 20.854296875 35.03164814024749 986.4794864760936 1 1 2 1 1 2 300 81 12 2 0 0 
1651077014.1708024 20.859375 34.83562531353365 986.4511821311966 1 1 1 1 1 1 279 74 8 0 0 0 
1651077019.303043 20.864453125 34.84119368896277 986.4370622431916 1 1 1 1 1 1 279 74 8 0 0 0 
1651077024.437898 20.854296875 35.0020203649496 986.4474903115607 0 1 1 0 1 1 219 61 6 0 0 0 
1651077029.570198 20.86953125 35.06120505852755 986.4643303950063 0 1 1 0 1 1 219 61 6 0 0 0 
1651077034.7037597 20.859375 34.69298072013906 986.4545501204899 0 1 1 0 1 1 219 61 6 0 0 0 
1651077039.8376234 20.84921875 34.88314702888931 986.4680220804637 0 1 1 0 1 1 219 61 6 0 0 0 
1651077044.9683998 20.859375 34.97804403957392 986.4939953317705 0 1 1 0 1 1 219 61 6 0 0 0 
1651077050.1018038 20.854296875 34.693056211914495 986.4474903115607 0 1 1 0 1 1 219 61 6 0 0 0 
1651077055.2356403 20.859375 34.76449081737373 986.4572705018202 0 1 1 0 1 1 204 56 10 0 0 0 
1651077060.366162 20.84921875 35.02585152649605 986.4282538715503 0 1 1 0 1 1 204 56 10 0 0 0 
1651077065.497002 20.84921875 34.752460725320006 986.4565577683846 0 1 1 0 1 1 204 56 10 0 0 0 
1651077070.6264324 20.84921875 34.9128477662068 986.4902374069636 0 1 1 0 1 1 204 58 10 0 0 0 
1651077075.7588463 20.854296875 34.8712666618559 986.4673746349155 0 1 1 0 1 1 204 58 10 0 0 0 
1651077080.893361 20.859375 34.954573310784404 986.4946425628523 0 1 1 0 1 1 204 58 10 0 0 0 
1651077086.0220697 20.859375 34.89495418353947 986.4879065235926 0 0 0 0 0 0 141 40 6 0 0 0 
1651077091.1541262 20.84921875 34.906907639345135 986.4879065235926 0 0 0 0 0 0 141 40 6 0 0 0 
1651077096.2859163 20.854296875 34.76456545764696 986.4794864760936 0 0 0 0 0 0 141 40 6 0 0 0 
1651077101.4185462 20.84921875 35.04953922695118 986.4494981366548 0 1 1 0 1 1 168 49 6 0 0 0 
1651077106.5516508 20.854296875 34.90125980578716 986.46329369386 1 1 1 1 1 1 249 68 10 0 0 0 
1651077111.6844814 20.84921875 34.78810293891929 986.4828544948832 1 1 1 1 1 1 261 70 8 0 0 0 
1651077116.8194187 20.854296875 34.81780450031014 986.473074066609 1 1 1 1 1 1 261 70 8 0 0 0 
1651077121.9528952 20.854296875 35.07344060432293 986.4737209920509 1 1 1 1 1 1 261 70 8 0 0 0 
1651077127.083195 20.84921875 34.68117518562239 986.4599257309824 1 1 1 1 1 1 267 72 8 0 0 0 
1651077132.2134526 20.84921875 34.78832607313433 986.4983340067878 1 1 1 1 1 1 267 72 8 0 0 0 
1651077137.3437867 20.844140625 34.75283460922781 986.485508772364 1 1 1 1 1 1 267 72 8 0 0 0 
1651077142.4770591 20.8390625 34.86547345530483 986.4487849759204 1 1 1 1 1 1 267 72 8 0 0 0 
1651077147.6088924 20.8390625 34.907053676274415 986.5003413039983 1 1 1 1 1 1 267 72 8 0 0 0 
1651077152.7433746 20.844140625 34.82998063236129 986.4390047278259 1 1 1 1 1 1 267 72 8 0 0 0 
1651077157.8757281 20.8390625 35.085248906540194 986.4501454417166 1 1 1 1 1 1 258 72 12 0 0 0 
1651077163.0075634 20.8390625 34.76464008710777 986.4531898060669 1 1 1 1 1 1 258 72 12 0 0 0 
1651077168.1398635 20.84921875 34.853740521636134 986.4232019724228 1 1 1 1 1 1 258 72 12 0 0 0 
1651077173.274587 20.8390625 34.80622057828689 986.4302614887616 1 1 2 1 1 2 258 74 12 2 0 0 
1651077178.405359 20.84921875 34.81208652381838 986.4383576716951 1 1 2 1 1 2 258 74 12 2 0 0 
1651077183.5397265 20.84921875 34.841860597598654 986.4568813118404 1 1 2 1 1 2 258 74 12 2 0 0 
1651077188.6730623 20.8390625 34.81208652381838 986.4535133766384 0 1 1 0 1 1 222 61 12 0 0 0 
1651077193.8033855 20.84921875 34.94262086038635 986.4201577720637 0 1 1 0 1 1 222 61 12 0 0 0 
1651077198.9354296 20.84921875 34.710952950289176 986.4697060757754 0 1 1 0 1 1 216 59 12 0 0 0 
1651077204.0698214 20.864453125 34.78810293891929 986.4528661258082 0 1 1 0 1 1 216 59 12 0 0 0 
1651077209.1991227 20.854296875 34.752385916101105 986.4673746349155 0 1 1 0 1 1 216 59 12 0 0 0 
1651077214.3306146 20.854296875 34.734564465474605 986.471066430345 0 1 1 0 1 1 243 68 12 0 0 0 
1651077219.4622684 20.859375 35.04345648599802 986.4582417496486 0 1 1 0 1 1 243 68 12 0 0 0 
1651077224.593235 20.854296875 34.94247562080463 986.3168588529495 0 1 1 0 1 1 243 68 12 0 0 0 
1651077229.7237668 20.859375 34.84750580417806 986.4579181100631 0 1 1 0 1 1 228 63 12 0 0 0 
1651077234.8577232 20.854296875 34.83562531353365 986.4259222204236 0 1 1 0 1 1 228 63 12 0 0 0 
1651077239.9920053 20.854296875 35.096986589663516 986.4427621591885 0 1 1 0 1 1 228 63 12 0 0 0 
1651077245.1256814 20.864453125 35.03737066619912 986.4953556023493 0 1 1 0 1 1 249 67 10 0 0 0 
1651077250.2598066 20.859375 34.83562531353365 986.5007314806139 0 1 1 0 1 1 249 67 10 0 0 0 
1651077255.393976 20.859375 34.841565564006316 986.4721028557668 0 1 1 0 1 1 249 67 10 0 0 0 
1651077260.527203 20.859375 34.94247562080463 986.4511821311966 0 1 1 0 1 1 264 74 12 0 0 0 
1651077265.6608698 20.84921875 34.71102821566997 986.4858988854699 0 1 1 0 1 1 264 74 12 0 0 0 
1651077270.794643 20.859375 34.8711197626905 986.4545501204899 0 1 1 0 1 1 324 98 14 0 0 0 
1651077275.9276166 20.859375 34.906907639345135 986.4464538822718 0 1 1 0 1 1 324 98 14 0 0 0 
1651077281.060549 20.854296875 34.84149177857793 986.4923112947349 0 1 1 0 1 1 324 98 14 0 0 0 
1651077286.1948037 20.854296875 34.966308444420505 986.4892669319352 0 1 1 0 1 1 324 98 14 0 0 0 
1651077291.3250642 20.864453125 34.69892128609046 986.4407542801429 1 2 2 1 2 2 324 98 14 0 0 0 
1651077296.4592636 20.86953125 35.02563654964106 986.4377101768238 1 2 2 1 2 2 324 98 14 0 0 0 
1651077301.5927322 20.859375 34.89502735471906 986.4589545238277 1 1 1 1 1 1 303 88 10 0 0 0 
1651077306.7270496 20.854296875 34.89510051508673 986.4562341152415 1 1 1 1 1 1 303 88 10 0 0 0 
1651077311.8606846 20.864453125 34.668988078536934 986.4774787705312 1 1 1 1 1 1 303 88 10 0 0 0 
1651077316.9945912 20.859375 34.823966687359146 986.4579181100631 1 1 1 1 1 1 309 88 8 0 0 0 
1651077322.128893 20.84921875 34.841565564006316 986.4828544948832 1 1 1 1 1 1 309 88 8 0 0 0 
1651077327.2626371 20.859375 34.966308444420505 986.4895905333026 1 1 1 1 1 1 309 88 8 0 0 0 
1651077332.3964376 20.859375 34.80599809078251 986.4733975841735 1 1 1 1 1 1 294 84 10 0 0 0 
1651077337.529994 20.864453125 35.06127632964461 986.5040995554556 1 1 1 1 1 1 294 84 10 0 0 0 
1651077342.6635246 20.854296875 34.79404327179929 986.5077911925017 1 1 1 1 1 1 294 84 10 0 0 0 
1651077347.7964752 20.864453125 35.13255477712716 986.5158878196073 1 1 3 1 1 3 285 86 14 4 2 0 
1651077352.9297416 20.86953125 34.90683460466268 986.4973634060523 1 1 1 1 1 1 273 78 12 0 0 0 
1651077358.0640357 20.859375 34.85931267294215 986.4862225139528 1 1 1 1 1 1 294 85 10 0 0 0 
1651077363.1983764 20.859375 34.85351967216382 986.5064306342517 1 1 1 1 1 1 294 85 10 0 0 0 
1651077368.3326812 20.859375 34.954355877109386 986.4798100491164 1 1 1 1 1 1 294 85 10 0 0 0 
1651077373.4664764 20.859375 35.01390014225408 986.5077911925017 1 2 2 1 2 2 330 95 10 0 0 0 
1651077378.6009026 20.859375 34.79983505718476 986.5064306342517 1 2 2 1 2 2 330 95 10 0 0 0 
1651077383.7351665 20.84921875 34.806072264096215 986.5037092702365 1 2 2 1 2 2 330 95 10 0 0 0 
1651077388.8691003 20.854296875 35.08510696429613 986.5226239720914 1 1 1 1 1 1 294 85 8 0 0 0 
1651077394.002826 20.854296875 35.07301115724657 986.490950955273 1 1 1 1 1 1 294 85 8 0 0 0 
1651077399.1365912 20.854296875 35.03157653872786 986.5189323189942 1 1 1 1 1 1 294 85 8 0 0 0 
1651077404.2704458 20.84921875 35.007816520573705 986.5246314367322 1 1 1 1 1 1 273 78 6 0 0 0 
1651077409.4037852 20.844140625 35.097269884979106 986.49697333804 1 1 1 1 1 1 273 78 6 0 0 0 
1651077414.5375931 20.859375 34.85960693077647 986.4932820174918 1 1 1 1 1 1 273 78 6 0 0 0 
1651077419.6708086 20.859375 34.847726890838196 986.4949660138537 1 1 1 1 1 1 285 81 6 0 0 0 
1651077424.8047159 20.84921875 34.865252950461254 986.4952893551657 1 1 1 1 1 1 285 81 6 0 0 0 
1651077429.9375536 20.84921875 34.82389272961347 986.4821408347816 1 1 1 1 1 1 285 81 6 0 0 0 
1651077435.0718036 20.844140625 35.12095738560772 986.4919213896277 0 1 1 0 1 1 219 65 11 0 0 0 
1651077440.2056408 20.8390625 34.92501920066336 986.5110913130782 0 1 1 0 1 1 219 65 11 0 0 0 
1651077445.3393161 20.8390625 34.97826068673247 986.4888767102264 1 1 1 1 1 1 240 67 9 0 0 0 
1651077450.473014 20.854296875 35.06735863024054 986.5090843432815 1 1 1 1 1 1 240 67 9 0 0 0 
1651077455.6068113 20.854296875 35.03164814024749 986.5040324340725 1 1 1 1 1 1 240 67 9 0 0 0 
1651077460.7409453 20.859375 35.13856495397049 986.5033859967139 1 1 1 1 1 1 288 84 13 0 0 0 
1651077465.8747241 20.874609375 34.76998052490764 986.4967157904146 1 1 1 1 1 1 288 84 13 0 0 0 
1651077471.0085797 20.86953125 35.06113103477063 986.5169245673776 1 1 1 1 1 1 288 84 13 0 0 0 
1651077476.1424398 20.874609375 34.82344590884379 986.5088280101802 1 1 1 1 1 1 273 77 10 0 0 0 
1651077481.2763386 20.86953125 34.65718235269743 986.5000839192082 1 1 1 1 1 1 273 77 10 0 0 0 
1651077486.410691 20.864453125 34.96022355854129 986.4858988854699 1 1 1 1 1 1 273 77 10 0 0 0 
1651077491.5445087 20.864453125 34.98398417931536 986.4522184362178 1 1 1 1 1 1 273 77 8 0 0 0 
1651077496.6788404 20.874609375 35.03744497342573 986.4788390009693 1 1 1 1 1 1 273 77 8 0 0 0 
1651077501.812574 20.86953125 34.95413555663851 986.4707426798407 1 1 1 1 1 1 273 77 8 0 0 0 
1651077506.9463449 20.859375 35.007744635267194 986.4771549645636 1 1 1 1 1 1 273 77 8 0 0 0 
1651077512.079838 20.864453125 34.93646277294498 986.4673746349155 1 1 1 1 1 1 273 77 8 0 0 0 
1651077517.2142384 20.864453125 35.06113103477063 986.5085042424176 1 1 2 1 1 2 285 80 6 4 2 0 
1651077522.3483837 20.86953125 34.85931267294215 986.480523037445 1 1 2 1 1 2 285 80 6 4 2 0 
1651077527.4819245 20.864453125 35.01361013280146 986.4636826758392 1 1 2 1 1 2 285 80 6 4 2 0 
1651077532.615727 20.86953125 34.90082128550883 986.4428257678065 1 1 2 1 1 2 243 70 6 2 2 0 
1651077537.7496276 20.8796875 34.930228551841466 986.472814734518 1 1 2 1 1 2 243 70 6 2 2 0 
1651077542.8835309 20.874609375 35.09670039487258 986.4657541013402 1 1 2 1 1 2 243 70 6 2 2 0 
1651077548.0173159 20.86953125 35.12046062434013 986.4953556023493 1 1 2 1 1 2 243 70 8 2 2 0 
1651077553.1531048 20.8796875 34.84126751805549 986.4899795336675 1 1 2 1 1 2 243 70 8 2 2 0 
1651077558.2869334 20.884765625 34.7340361765604 986.5061722858862 1 1 2 1 1 2 243 70 8 2 2 0 
1651077563.4204433 20.894921875 34.805401458669266 986.5109004920308 1 1 2 1 1 2 258 73 8 2 2 0 
1651077568.5531852 20.8796875 34.82314970858331 986.4866741717789 1 1 2 1 1 2 258 73 8 2 2 0 
1651077573.6861625 20.8796875 34.6628954894088 986.4708063722027 1 1 2 1 1 2 258 73 8 2 2 0 
1651077578.8205764 20.9 34.89429233815174 986.4816217767927 1 1 1 1 1 1 249 68 6 0 0 0 
1651077583.9551418 20.884765625 34.89451211242433 986.4906912294983 1 1 1 1 1 1 249 68 6 0 0 0 
1651077589.086219 20.88984375 35.072797654798265 986.4873230200567 1 1 1 1 1 1 249 68 6 0 0 0 
1651077594.220669 20.8796875 34.8470605013599 986.5095404697526 1 1 1 1 1 1 255 70 8 0 0 0 
1651077599.3546665 20.884765625 34.81757944312261 986.472814734518 0 1 1 0 1 1 288 77 22 0 0 0 
1651077604.4885566 20.894921875 34.79344545547942 986.4704819770492 0 1 1 0 1 1 267 77 27 0 0 0 
1651077609.6223323 20.88984375 34.75200882824703 986.4741745531278 0 1 1 0 1 1 267 77 27 0 0 0 
1651077614.754055 20.884765625 34.882850912317295 986.4654296655121 0 1 1 0 1 1 267 77 27 0 0 0 
1651077619.888077 20.884765625 34.79946066599829 986.4573336513027 0 2 2 0 2 2 267 79 25 0 0 0 
1651077625.0191712 20.9 35.03121561275865 986.4573336513027 0 2 2 0 2 2 267 79 25 0 0 0 
1651077630.1514862 20.8796875 34.81720887856817 986.507208074323 0 2 2 0 2 2 267 79 25 0 0 0 
1651077635.2850165 20.88984375 34.805475718896844 986.4859631885718 0 2 2 0 2 2 267 76 25 0 0 0 
1651077640.4187255 20.88984375 34.90646645775075 986.4708063722027 0 2 2 0 2 2 267 76 25 0 0 0 
1651077645.5504053 20.884765625 34.953990481094685 986.5075322809084 0 2 2 0 2 2 267 76 25 0 0 0 
1651077650.6835024 20.874609375 34.811490614175874 986.4913395847044 0 2 2 0 2 2 261 74 20 0 0 0 
1651077655.8107903 20.8796875 34.91240699672695 986.4994359189944 0 2 2 0 2 2 261 74 20 0 0 0 
1651077660.944326 20.8796875 34.9777522455104 986.494707740194 0 2 2 0 2 2 261 74 20 0 0 0 
1651077666.0711918 20.874609375 34.85300114335953 986.4801991488961 0 2 2 0 2 2 273 81 22 0 0 0 
1651077671.2032084 20.88984375 34.77584658446206 986.517960930643 0 2 2 0 2 2 273 81 22 0 0 0 
1651077676.3316207 20.884765625 34.9242880437723 986.4744988114577 0 2 2 0 2 2 273 81 22 0 0 0 
1651077681.46519 20.86953125 34.954283377594294 986.4566224547972 0 0 0 0 0 0 150 46 10 0 0 0 
1651077686.598581 20.8796875 34.9421822167441 986.4882954696557 0 0 0 0 0 0 150 46 10 0 0 0 
1651077691.7320368 20.8796875 34.95406302427246 986.5246973006158 0 1 1 0 1 1 159 51 12 0 0 0 
1651077696.862886 20.874609375 34.865029519444896 986.4930236624142 0 1 1 0 1 1 159 51 12 0 0 0 
1651077701.9968865 20.8796875 35.03114394595462 986.5159528092394 0 1 1 0 1 1 159 51 12 0 0 0 
1651077707.1289027 20.884765625 34.73411126664725 986.4741745531278 0 1 1 0 1 1 165 53 14 0 0 0 
1651077712.2588131 20.905078125 34.692449068299524 986.4839548108949 0 1 1 0 1 1 165 53 14 0 0 0 
1651077717.3905888 20.894921875 34.953990481094685 986.4893313707573 0 1 1 0 1 1 165 53 14 0 0 0 
1651077722.524401 20.9 34.88270419882254 986.4775427343332 0 1 1 0 1 1 171 51 10 0 0 0 
1651077727.6544437 20.894921875 34.94797739199872 986.4627102743511 0 1 1 0 1 1 171 51 10 0 0 0 
1651077732.787522 20.8796875 34.96587138390723 986.4741745531278 0 1 1 0 1 1 171 51 10 0 0 0 
1651077737.920989 20.9 34.9300100384731 986.4856389154406 0 1 1 0 1 1 171 51 10 0 0 0 
1651077743.05038 20.9 34.93609629087803 986.4758586436953 0 1 1 0 1 1 171 51 10 0 0 0 
1651077748.1799946 20.91015625 34.7161378863133 986.4849900400468 0 1 1 0 1 1 171 51 10 0 0 0 
1651077753.3106055 20.905078125 34.995501384378294 986.4718415897293 0 0 0 0 0 0 165 49 10 0 0 0 
1651077758.4424603 20.91015625 34.882484047490586 986.4715169887112 0 0 0 0 0 0 165 49 10 0 0 0 
1651077763.5767968 20.9 34.76366618517959 986.5018313605185 0 1 1 0 1 1 372 114 17 0 0 0 
1651077768.7087593 20.905078125 34.751859068415676 986.4789024976776 0 1 1 0 1 1 372 114 17 0 0 0 
1651077773.8420603 20.88984375 34.88857147429205 986.453640941044 0 1 1 0 1 1 372 114 17 0 0 0 
1651077778.9752784 20.905078125 34.8468391215255 986.4519568378284 0 1 1 0 1 1 330 102 17 0 0 0 
1651077784.1079426 20.884765625 34.73997715081498 986.4802621784984 0 1 1 0 1 1 330 102 17 0 0 0 
1651077789.2419388 20.9 34.811268038250205 986.4890071247424 0 1 1 0 1 1 330 102 17 0 0 0 
1651077794.3759964 20.884765625 34.90639335778114 986.4472291135687 0 1 1 0 1 1 342 106 19 0 0 0 
1651077799.509588 20.884765625 35.00144183706413 986.4590177411702 1 2 2 1 2 2 342 106 19 0 0 0 
1651077804.6434176 20.88984375 34.71628848683369 986.4553250443294 1 2 2 1 2 2 342 106 19 0 0 0 
1651077809.776471 20.884765625 34.84698671889387 986.4570091476847 1 2 2 1 2 2 315 101 14 0 0 0 
1651077814.9102569 20.894921875 34.86488239645176 986.5038398363646 1 2 2 1 2 2 315 101 14 0 0 0 
1651077820.0443237 20.8796875 34.78765351473467 986.5199689152936 1 2 2 1 2 2 315 101 14 0 0 0 
1651077825.1791503 20.8796875 34.82344590884379 986.4694465808491 1 2 2 1 2 2 279 91 14 0 0 0 
1651077830.311813 20.884765625 34.97173947060915 986.4741745531278 1 2 2 1 2 2 279 91 14 0 0 0 
1651077835.4464576 20.88984375 34.83510526748545 986.4637455618067 0 1 1 0 1 1 279 91 14 0 0 0 
1651077840.5805285 20.894921875 34.84698671889387 986.4586932511103 0 1 1 0 1 1 294 89 16 0 0 0 
1651077845.7142842 20.8796875 34.894731789389546 986.4724904626303 1 1 1 1 1 1 249 73 6 0 0 0 
1651077850.8471403 20.884765625 34.93616904960829 986.4458695130078 1 1 1 1 1 1 279 82 4 0 0 0 
1651077855.9812112 20.884765625 34.76403987518316 986.4627102743511 1 1 1 1 1 1 279 82 4 0 0 0 
1651077861.1152296 20.9 34.87683703873749 986.4559739689736 1 1 1 1 1 1 279 82 4 0 0 0 
1651077866.24953 20.88984375 34.8351791864536 986.4620614581712 1 1 1 1 1 1 267 78 2 0 0 0 
1651077871.383553 20.88984375 34.84126751805549 986.4576580452131 1 1 1 1 1 1 267 78 2 0 0 0 
1651077876.5171795 20.894921875 34.85894177505682 986.4290287586665 1 1 1 1 1 1 267 78 2 0 0 0 
1651077881.6505764 20.874609375 34.8470605013599 986.4189243094226 1 1 1 1 1 1 336 101 2 0 0 0 
1651077886.7837439 20.884765625 35.01926313330616 986.4654296655121 1 1 1 1 1 1 336 101 2 0 0 0 
1651077891.9172204 20.88984375 34.76990587678571 986.4620614581712 1 1 1 1 1 1 336 101 2 0 0 0 
1651077897.0513444 20.884765625 34.805475718896844 986.4674381915576 1 1 1 1 1 1 309 92 0 0 0 0 
1651077902.1854727 20.8796875 34.81757944312261 986.4273446836174 1 1 1 1 1 1 309 92 0 0 0 0 
1651077907.3195014 20.884765625 34.888644779008104 986.472814734518 1 1 1 1 1 1 309 92 0 0 0 0 
1651077912.4535182 20.8796875 34.91248001763635 986.4651051199745 1 1 1 1 1 1 309 94 0 0 0 0 
1651077917.5869906 20.8796875 35.00151384508862 986.467113769288 1 1 1 1 1 1 309 94 0 0 0 0 
1651077922.7208347 20.8796875 34.746142943059255 986.4441854372585 0 0 0 0 0 0 309 94 0 0 0 0 
1651077927.8539593 20.88984375 34.758024430526696 986.4876472796294 1 1 2 1 1 2 321 89 10 2 0 0 
1651077932.9866393 20.88984375 34.680718342618626 986.4492376647163 1 1 2 1 1 2 321 89 10 2 0 0 
1651077938.1194286 20.88984375 34.78171275940925 986.4239765337294 1 1 2 1 1 2 306 89 10 2 0 0 
1651077943.2524352 20.884765625 34.96000341258347 986.4256606086384 1 1 2 1 1 2 306 89 10 2 0 0 
1651077948.3850574 20.884765625 34.81735713682658 986.4744988114577 1 1 2 1 1 2 306 89 10 2 0 0 
1651077953.5178063 20.874609375 34.871043471066145 986.4714548333898 1 1 2 1 1 2 312 89 8 2 0 0 
1651077958.651692 20.8796875 34.93616904960829 986.4593421215224 1 1 2 1 1 2 312 89 8 2 0 0 
1651077963.7850654 20.86953125 34.97202880274261 986.4482022102305 1 1 2 1 1 2 312 89 8 2 0 0 
1651077968.9189663 20.874609375 34.888791356004354 986.4765070235344 1 1 2 1 1 2 285 82 8 2 0 0 
1651077974.0519774 20.86953125 34.94240298479614 986.4680867069768 1 1 2 1 1 2 285 82 8 2 0 0 
1651077979.1858451 20.86953125 34.96601618646585 986.4650427011143 1 1 2 1 1 2 285 82 8 2 0 0 
1651077984.3197813 20.864453125 34.91864207558316 986.4414660158377 1 1 2 1 1 2 300 87 8 2 0 0 
1651077989.4536622 20.884765625 34.87691045832837 986.4562982667367 1 1 2 1 1 2 300 87 8 2 0 0 
1651077994.5878093 20.874609375 35.06098843764826 986.4829191972059 1 1 2 1 1 2 300 87 8 2 0 0 
1651077999.721251 20.874609375 34.8651030647234 986.4761828884673 0 1 1 0 1 1 369 110 12 2 0 0 
1651078004.8549478 20.884765625 34.805475718896844 986.4930236624142 0 1 1 0 1 1 369 110 12 2 0 0 
1651078009.9859746 20.8796875 35.01361013280146 986.4583065039204 0 2 2 0 2 2 294 81 26 0 0 0 
1651078015.121163 20.864453125 34.758326379040966 986.4407542801429 0 2 2 0 2 2 294 81 26 0 0 0 
1651078020.25535 20.859375 34.80562420691525 986.4512460791127 0 2 2 0 2 2 294 81 26 0 0 0 
1651078025.3876574 20.874609375 34.93616904960829 986.4610261979017 1 2 2 1 2 2 294 81 23 0 0 0 
1651078030.5170727 20.86953125 34.859015410209615 986.4509217406755 1 2 2 1 2 2 294 81 23 0 0 0 
1651078035.649124 20.884765625 34.76396515880726 986.4792268250408 0 1 1 0 1 1 294 81 23 0 0 0 
1651078040.7835517 20.8796875 34.8827775609759 986.4684108001311 0 1 1 0 1 1 294 81 23 0 0 0 
1651078045.9177356 20.8796875 34.75817398897448 986.4680867069768 0 1 1 0 1 1 294 81 23 0 0 0 
1651078051.0518534 20.8796875 34.82344590884379 986.4417902162194 1 2 2 1 2 2 294 81 23 0 0 0 
1651078056.1869986 20.859375 34.78208812778888 986.4360261828423 1 2 2 1 2 2 306 85 21 0 0 0 
1651078061.3208082 20.864453125 34.84134133633608 986.4263095825493 1 2 2 1 2 2 306 85 21 0 0 0 
1651078066.4550142 20.874609375 34.716514306519926 986.4647185808437 1 2 2 1 2 2 306 85 21 0 0 0 
1651078071.5871468 20.86953125 34.97804403957392 986.4737868919625 0 1 1 0 1 1 300 85 21 0 0 0 
1651078076.718828 20.874609375 34.78795412871435 986.4963918180438 0 1 1 0 1 1 300 85 21 0 0 0 
1651078081.851895 20.9 34.787579049748594 986.4472291135687 0 1 1 0 1 1 300 85 21 0 0 0 
1651078086.986554 20.88984375 34.841119849057925 986.4425013615794 1 2 2 1 2 2 333 101 19 0 0 0 
1651078092.1218581 20.884765625 34.78765351473467 986.4556495615053 1 2 2 1 2 2 321 95 21 0 0 0 
1651078097.253323 20.88984375 34.78171275940925 986.4562982667367 1 1 1 1 1 1 306 90 19 0 0 0 
1651078102.3830302 20.874609375 34.84134133633608 986.4279936304125 1 1 1 1 1 1 306 90 19 0 0 0 
1651078107.515277 20.86953125 34.609735256991186 986.4468423212353 1 1 1 1 1 1 306 90 19 0 0 0 
1651078112.643389 20.859375 34.668988078536934 986.4333700425932 1 1 1 1 1 1 291 83 17 0 0 0 
1651078117.7751412 20.859375 34.847281783885364 986.4286421384053 1 1 1 1 1 1 291 83 17 0 0 0 
1651078122.9037516 20.859375 34.894881001547944 986.4360261828423 1 1 1 1 1 1 291 83 17 0 0 0 
1651078128.0378363 20.859375 34.81787854793192 986.4377101768238 0 1 1 0 1 1 255 71 17 0 0 0 
1651078133.171869 20.854296875 34.96645311640746 986.4646540900502 0 1 1 0 1 1 255 71 17 0 0 0 
1651078138.3062901 20.84921875 34.794117592430375 986.4599257309824 0 1 1 0 1 1 255 71 17 0 0 0 
1651078143.4393618 20.84921875 35.02570821940417 986.4414019401607 0 1 1 0 1 1 261 71 17 0 0 0 
1651078148.572351 20.84921875 34.8534460340489 986.4676984125357 0 1 1 0 1 1 261 71 17 0 0 0 
1651078153.7074 20.8390625 34.97854939824782 986.4669851191267 0 1 1 0 1 1 261 71 17 0 0 0 
1651078158.8394144 20.82890625 34.82998063236129 986.4619332151684 1 1 1 1 1 1 297 85 12 0 0 0 
1651078163.9711802 20.844140625 34.865693862840125 986.4588886997594 1 1 1 1 1 1 297 85 12 0 0 0 
1651078169.1058447 20.833984375 34.84787422788447 986.430908461107 1 1 1 1 1 1 297 85 12 0 0 0 
1651078174.239494 20.833984375 34.99636835342092 986.4511155766777 0 2 3 0 2 3 243 76 14 6 2 0 
1651078179.3734577 20.82890625 34.711404380385034 986.4123973614311 0 2 3 0 2 3 243 76 14 6 2 0 
1651078184.5080597 20.8390625 35.049753320020685 986.4757282450919 1 2 3 1 2 3 252 79 14 6 2 0 
1651078189.642897 20.833984375 34.80629471916386 986.4171135165328 1 2 3 1 2 3 252 79 14 6 2 0 
1651078194.7789805 20.82890625 34.8538877005573 986.4356368483952 1 2 3 1 2 3 252 79 14 6 2 0 
1651078199.9108055 20.833984375 34.865620404473724 986.4369973012938 0 2 3 0 2 3 225 70 12 6 2 0 
1651078205.046228 20.82890625 34.96674233064141 986.4410120176321 0 2 3 0 2 3 225 70 12 6 2 0 
1651078210.1785915 20.82890625 35.02620960502544 986.4258566837896 0 2 3 0 2 3 225 70 12 6 2 0 
1651078215.3129508 20.823828125 34.824262410220044 986.4292364750795 0 2 3 0 2 3 225 70 16 6 2 0 
1651078220.44598 20.823828125 34.94892342571085 986.4325923870196 0 2 3 0 2 3 225 70 16 6 2 0 
1651078225.5813289 20.82890625 34.842008049522114 986.4696387748068 0 2 3 0 2 3 225 70 16 6 2 0 
1651078230.715874 20.81875 35.00252358572188 986.4881619814068 0 2 3 0 2 3 183 59 12 6 2 0 
1651078235.849799 20.823828125 34.913285337763256 986.4898459096995 0 2 3 0 2 3 183 59 12 6 2 0 
1651078240.985197 20.823828125 34.984561142876466 986.4410120176321 0 2 3 0 2 3 183 59 12 6 2 0 
1651078246.1196878 20.823828125 34.960875050739325 986.4615537766285 0 1 1 0 1 1 171 55 10 4 0 0 
1651078251.254677 20.82890625 34.960802705964056 986.4511273332885 0 1 1 0 1 1 171 55 10 4 0 0 
1651078256.3897278 20.81875 34.937261925108444 986.4736638365089 1 2 2 1 2 2 327 97 14 0 0 0 
1651078261.524771 20.81875 35.014402407607484 986.4190645922413 1 2 2 1 2 2 327 97 14 0 0 0 
1651078266.6597145 20.81875 34.794785991557 986.4470445317631 1 2 2 1 2 2 327 97 14 0 0 0 
1651078271.7942526 20.80859375 34.78884634120517 986.4241161228663 0 1 1 0 1 1 354 107 14 0 0 0 
1651078276.926674 20.803515625 34.8601949274666 986.44872840354 0 1 1 0 1 1 354 107 14 0 0 0 
1651078282.0600796 20.80859375 34.96109202019503 986.4476899407796 0 1 1 0 1 1 354 107 14 0 0 0 
1651078287.1929617 20.803515625 35.02055669277823 986.404232896657 0 1 1 0 1 1 339 107 10 0 0 0 
1651078292.3267858 20.80859375 35.002810902595215 986.4544253198462 0 1 1 0 1 1 339 107 10 0 0 0 
1651078297.4589305 20.793359375 35.07407994030777 986.4129747588399 0 1 1 0 1 1 339 107 10 0 0 0 
1651078302.5891545 20.78828125 34.93755220154209 986.4089615328816 0 1 1 0 1 1 330 100 12 0 0 0 
1651078307.7194006 20.80859375 34.76516219058636 986.4089615328816 1 2 2 1 2 2 330 100 12 0 0 0 
1651078312.8534474 20.78828125 35.19285837444242 986.4065621548689 1 2 2 1 2 2 330 100 12 0 0 0 
1651078317.9873314 20.80859375 35.16917290859671 986.427806513004 1 2 2 1 2 2 345 105 12 0 0 0 
1651078323.1208918 20.803515625 35.109713903067615 986.4291676541212 1 2 2 1 2 2 345 105 12 0 0 0 
1651078328.25451 20.793359375 34.996871749181636 986.4126520437774 1 2 2 1 2 2 345 105 12 0 0 0 
1651078333.3868344 20.7984375 34.967248039301886 986.4510576301727 1 2 2 1 2 2 330 98 10 0 0 0 
1651078338.5227797 20.7984375 35.0503237591729 986.4160197031155 0 0 0 0 0 0 294 86 12 0 0 0 
1651078343.6561224 20.783203125 34.97919836667775 986.4432834589276 0 1 1 0 1 1 294 86 14 0 0 0 
1651078348.7886724 20.7984375 35.08008987488026 986.414981166764 0 1 1 0 1 1 294 86 14 0 0 0 
1651078353.9227872 20.7984375 34.9553697350915 986.4062394952338 0 1 1 0 1 1 294 86 14 0 0 0 
1651078359.0570726 20.7984375 34.8365844274616 986.4443222516661 0 1 1 0 1 1 321 93 14 0 0 0 
1651078364.190481 20.793359375 34.9553697350915 986.4399158244646 1 2 2 1 2 2 321 93 14 0 0 0 
1651078369.3237383 20.78828125 34.87229374506869 986.4200325747412 1 2 2 1 2 2 321 93 14 0 0 0 
1651078374.4570303 20.793359375 34.842597424731395 986.4045556795072 1 2 2 1 2 2 336 93 16 2 0 0 
1651078379.590958 20.78828125 34.97325930856248 986.4284515894363 1 2 2 1 2 2 336 93 16 2 0 0 
1651078384.7247703 20.778125 34.87815975368405 986.4180262072798 1 2 2 1 2 2 336 93 16 2 0 0 
1651078389.8585358 20.78828125 34.97919836667775 986.4250839833481 1 2 2 1 2 2 351 100 16 2 0 0 
1651078394.9918056 20.793359375 34.824779508957704 986.422038805503 1 2 2 1 2 2 351 100 16 2 0 0 
1651078400.1250591 20.78828125 34.919807322132655 986.4213938399226 0 1 1 0 1 1 351 100 16 2 0 0 
1651078405.2583342 20.78828125 34.955442072431026 986.4402382129492 0 1 1 0 1 1 309 90 14 2 0 0 
1651078410.3916006 20.7984375 34.925746472926406 986.4250839833481 0 1 1 0 1 1 309 90 14 2 0 0 
1651078415.5249152 20.793359375 34.93154038195884 986.4335029990933 1 2 2 1 2 2 309 90 14 2 0 0 
1651078420.6580307 20.793359375 34.96130889234562 986.4076005552952 1 1 1 1 1 1 291 75 4 0 0 0 
1651078425.7912416 20.7984375 35.002810902595215 986.4379094956385 1 1 1 1 1 1 291 75 4 0 0 0 
1651078430.9236467 20.78828125 35.062344099042456 986.466534626788 1 1 1 1 1 1 303 82 6 0 0 0 
1651078436.0583906 20.78828125 35.02671046088593 986.4540308143913 1 1 1 1 1 1 303 82 6 0 0 0 
1651078441.1921668 20.783203125 35.10985503991836 986.4540308143913 1 1 1 1 1 1 303 82 6 0 0 0 
1651078446.3255334 20.778125 34.91995278333837 986.4469734279251 1 1 1 1 1 1 255 68 8 0 0 0 
1651078451.4593596 20.773046875 34.93769727488832 986.4011167055465 1 1 1 1 1 1 255 68 8 0 0 0 
1651078456.5928686 20.783203125 34.848757341946325 986.420677348129 1 1 1 1 1 1 255 68 8 0 0 0 
1651078461.7268403 20.78828125 34.97325930856248 986.4483349111473 1 1 1 1 1 1 255 68 8 0 0 0 
1651078466.860665 20.793359375 35.032649426322706 986.444967276264 1 1 1 1 1 1 255 68 8 0 0 0 
1651078471.994035 20.7984375 34.996871749181636 986.4648507949838 1 1 1 1 1 1 255 68 8 0 0 0 
1651078477.1235533 20.7984375 35.04445601262939 986.4520248398921 1 1 1 1 1 1 276 78 10 0 0 0 
1651078482.2562413 20.78828125 34.884172201120336 986.4564316370133 1 1 1 1 1 1 276 78 10 0 0 0 
1651078487.3895855 20.813671875 34.99672797587918 986.4406318589265 1 1 1 1 1 1 276 78 10 0 0 0 
1651078492.5222757 20.82890625 35.02620960502544 986.4349344673739 1 2 2 1 2 2 333 94 12 0 0 0 
1651078497.655569 20.823828125 34.83621575373205 986.4763860305386 1 2 2 1 2 2 333 94 12 0 0 0 
1651078502.7889547 20.823828125 34.93146775000931 986.4615537766285 1 2 3 1 2 3 267 85 26 4 2 0 
1651078507.9217436 20.81875 34.90162494202517 986.4686121775651 1 2 3 1 2 3 267 85 26 4 2 0 
1651078513.0554886 20.80859375 34.949285723932825 986.4585088615676 1 2 3 1 2 3 267 85 26 4 2 0 
1651078518.188124 20.803515625 34.78892062196606 986.4874574737296 1 2 2 1 2 2 240 71 19 2 0 0 
1651078523.3199077 20.7984375 34.88409904481016 986.4446448187949 1 2 2 1 2 2 240 71 19 2 0 0 
1651078528.4538894 20.80859375 34.765236733548 986.4392707185212 1 2 2 1 2 2 240 71 19 2 0 0 
1651078533.5871966 20.7984375 34.83665812977111 986.4618054534793 0 1 1 0 1 1 225 62 12 2 0 0 
1651078538.7205262 20.78828125 34.80102214375958 986.4284515894363 0 1 1 0 1 1 225 62 12 2 0 0 
1651078543.85398 20.803515625 34.83071882451321 986.434864373295 0 1 1 0 1 1 225 62 12 2 0 0 
1651078548.9876437 20.7984375 34.80102214375958 986.4217163775402 0 1 1 0 1 1 240 62 8 0 0 0 
1651078554.1203449 20.78828125 34.78921763688652 986.444967276264 0 1 1 0 1 1 240 62 8 0 0 0 
1651078559.2540002 20.78828125 34.99701547923789 986.4385544093801 0 1 1 0 1 1 240 62 8 0 0 0 
1651078564.3877065 20.78828125 34.87244029824987 986.428773963169 0 1 1 0 1 1 246 64 8 0 0 0 
1651078569.5206323 20.783203125 34.90792898965232 986.4368706058812 0 1 1 0 1 1 246 64 8 0 0 0 
1651078574.653655 20.78828125 34.79515694597507 986.4284515894363 0 1 1 0 1 1 246 64 8 0 0 0 
1651078579.7878666 20.793359375 34.97919836667775 986.4564316370133 0 1 1 0 1 1 267 69 8 0 0 0 
1651078584.9220793 20.783203125 34.92560110496828 986.4772819091766 2 3 3 2 3 3 429 125 21 0 0 0 
1651078590.0563872 20.7984375 34.78312969515926 986.4631669632498 2 3 3 2 3 3 423 128 23 0 0 0 
1651078595.1899104 20.7984375 34.87801327212957 986.466534626788 2 3 3 2 3 3 423 128 23 0 0 0 
1651078600.3214688 20.813671875 34.937261925108444 986.4554638913476 2 3 3 2 3 3 423 128 23 0 0 0 
1651078605.4539022 20.81875 34.883733101079876 986.4585088615676 1 3 3 1 3 3 411 121 23 0 0 0 
1651078610.582435 20.823828125 34.830128357288935 986.4430308865038 1 3 3 1 3 3 411 121 23 0 0 0 
1651078615.7151253 20.833984375 34.7944890334014 986.4878390110383 1 3 3 1 3 3 411 121 23 0 0 0 
1651078620.8469942 20.833984375 34.87772017927683 986.4912068948095 1 2 2 1 2 2 363 105 21 0 0 0 
1651078625.9740937 20.81875 34.83049748039528 986.4800766752242 1 2 2 1 2 2 363 105 21 0 0 0 
1651078631.1062338 20.81875 34.80666526136499 986.4854510431614 1 2 2 1 2 2 363 105 21 0 0 0 
1651078636.2353408 20.813671875 34.8482423812885 986.4581154684674 0 1 1 0 1 1 312 91 19 0 0 0 
1651078641.3691585 20.803515625 34.8720738342069 986.4739864885939 0 1 1 0 1 1 312 91 19 0 0 0 
1651078646.4998164 20.7984375 34.95529738694028 986.4695799268411 0 1 1 0 1 1 312 91 19 0 0 0 
1651078651.634656 20.80859375 34.83042367739832 986.4901800780282 1 2 2 1 2 2 306 91 17 0 0 0 
1651078656.7663965 20.80859375 34.70584061676568 986.4574704414692 1 2 2 1 2 2 306 91 17 0 0 0 
1651078661.9000437 20.80859375 34.88989211707997 986.427806513004 1 2 2 1 2 2 306 91 17 0 0 0 
1651078667.0310807 20.80859375 34.85440248620115 986.4631669632498 0 0 0 0 0 0 180 48 11 0 0 0 
1651078672.1625142 20.80859375 34.93154038195884 986.4426384072145 0 0 0 0 0 0 180 48 11 0 0 0 
1651078677.296058 20.7984375 34.81267888857267 986.4534572045138 0 0 0 0 0 0 201 51 9 0 0 0 
1651078682.42687 20.7984375 34.70584061676568 986.4429609879007 0 0 0 0 0 0 201 51 9 0 0 0 
1651078687.5606208 20.803515625 34.83651071433996 986.4412771570768 0 0 0 0 0 0 201 51 9 0 0 0 
1651078692.6957023 20.7984375 34.84846314358582 986.4682184586619 0 0 0 0 0 0 201 56 7 0 0 0 
1651078697.827714 20.783203125 34.68817240904079 986.4469734279251 0 0 0 0 0 0 201 56 7 0 0 0 
1651078702.9583972 20.78828125 35.032649426322706 986.4395933263227 0 0 0 0 0 0 201 56 7 0 0 0 
1651078708.091919 20.7984375 34.90785610633615 986.4769598189577 0 0 0 0 0 0 201 59 7 0 0 0 
1651078713.2240129 20.823828125 34.87786674732717 986.4585088615676 0 0 0 0 0 0 201 59 7 0 0 0 
1651078718.3559933 20.833984375 34.97260972592399 986.4676317142922 0 0 0 0 0 0 201 59 7 0 0 0 
1651078723.4875715 20.82890625 34.81230874169291 986.4679548473541 0 1 1 0 1 1 228 68 9 0 0 0 
1651078728.6217124 20.82890625 34.836068208555275 986.4928908367999 0 1 1 0 1 1 228 68 9 0 0 0 
1651078733.7549512 20.833984375 34.63410748748044 986.4592120102901 0 1 1 0 1 1 228 68 9 0 0 0 
1651078738.888109 20.833984375 34.740879579834605 986.4679548473541 0 1 1 0 1 1 222 66 9 0 0 0 
1651078744.0211246 20.833984375 34.836068208555275 986.4595468972884 0 1 1 0 1 1 222 66 9 0 0 0 
1651078749.154879 20.823828125 34.65809563473786 986.4770316094882 0 2 2 0 2 2 270 73 22 4 0 0 
1651078754.2885962 20.813671875 34.72365955993023 986.4591543001085 0 2 2 0 2 2 270 73 22 4 0 0 
1651078759.4206991 20.80859375 34.65809563473786 986.4972382532442 0 2 2 0 2 2 270 73 22 4 0 0 
1651078764.5514636 20.81875 34.81253086225743 986.462522017597 0 1 1 0 1 1 285 80 20 2 0 0 
1651078769.685452 20.803515625 34.6938859078087 986.4854510431614 0 1 1 0 1 1 285 80 20 2 0 0 
1651078774.8189728 20.80859375 34.854181928654775 986.4325353419746 0 1 1 0 1 1 285 80 20 2 0 0 
1651078779.9525692 20.813671875 34.87801327212957 986.4709413125435 1 2 2 1 2 2 285 83 20 2 0 0 
1651078785.08695 20.81875 34.94327390332246 986.5022899157582 1 2 2 1 2 2 285 83 20 2 0 0 
1651078790.2181385 20.823828125 34.84802152168236 986.4797538580287 1 2 2 1 2 2 285 83 20 2 0 0 
1651078795.3526237 20.823828125 34.830276038967945 986.4645986365284 1 2 3 1 2 3 318 94 20 4 2 0 
1651078800.487156 20.833984375 34.836068208555275 986.4811032443362 1 2 3 1 2 3 318 94 20 4 2 0 
1651078805.6210527 20.833984375 34.89531993131819 986.5326599279214 1 2 3 1 2 3 318 94 20 4 2 0 
1651078810.7548876 20.844140625 34.76464008710777 986.4723603354654 1 2 3 1 2 3 309 94 22 4 2 0 
1651078815.8871264 20.84921875 34.63372683196001 986.4871927412601 1 2 3 1 2 3 309 94 22 4 2 0 
1651078821.0204692 20.86953125 34.68102391823052 986.5047466238418 1 2 3 1 2 3 309 94 22 4 2 0 
1651078826.151792 20.874609375 34.763890431618954 986.4899795336675 1 2 3 1 2 3 303 90 18 4 2 0 
1651078831.2837157 20.8796875 34.71049823340634 986.4792268250408 1 2 2 1 2 2 327 98 12 2 0 0 
1651078836.4159625 20.88984375 34.76990587678571 986.4795510426966 1 2 4 1 2 4 333 100 16 6 2 0 
1651078841.5502415 20.905078125 34.43681728900221 986.4984630958642 1 2 4 1 2 4 333 100 16 6 2 0 
1651078846.6857193 20.905078125 34.49623308464938 986.503515492951 1 2 4 1 2 4 333 100 16 6 2 0 
1651078851.8201993 20.9 34.59129621460077 986.4967789636419 1 2 3 1 2 3 300 91 14 4 2 0 
1651078856.953778 20.9 34.60950287532774 986.5139445510802 1 2 3 1 2 3 300 91 14 4 2 0 
1651078862.0889864 20.9 34.615214527877484 986.4950948314895 1 2 3 1 2 3 300 91 14 4 2 0 
1651078867.2212586 20.884765625 34.603485309057 986.4758586436953 1 2 3 1 2 3 306 93 14 4 2 0 
1651078872.3560364 20.9 34.656878551120805 986.4603773546057 1 2 3 1 2 3 306 93 14 4 2 0 
1651078877.4881635 20.88984375 34.83510526748545 986.4657541013402 1 2 3 1 2 3 306 93 14 4 2 0 
1651078882.6215856 20.894921875 34.72230463952621 986.4795510426966 1 1 3 1 1 3 273 79 10 4 2 0 
1651078887.7529557 20.8796875 34.57995144554911 986.4832432780407 1 1 3 1 1 3 273 79 10 4 2 0 
1651078892.8851504 20.874609375 34.585815593078536 986.4509217406755 1 1 3 1 1 3 273 79 10 4 2 0 
1651078898.0184724 20.874609375 34.81743124973747 986.5014440520135 1 1 3 1 1 3 279 83 10 4 2 0 
1651078903.152099 20.859375 34.52038685157613 986.4936715516857 1 1 3 1 1 3 279 83 10 4 2 0 
1651078908.2842968 20.86953125 34.88292425284672 986.4838911106062 1 1 3 1 1 3 279 83 10 4 2 0 
1651078913.4177077 20.874609375 34.585892346370336 986.4785150988625 1 2 2 1 2 2 279 91 16 4 0 0 
1651078918.5492847 20.864453125 34.40171963065232 986.4811704854533 1 2 2 1 2 2 279 91 16 4 0 0 
1651078923.6799433 20.874609375 34.556187739247896 986.4734629491817 1 2 2 1 2 2 300 96 16 4 0 0 
1651078928.812761 20.8796875 34.60942637345273 986.4445098299277 1 2 2 1 2 2 300 96 16 4 0 0 
1651078933.9450915 20.8796875 34.5025633686689 986.4913395847044 1 2 2 1 2 2 300 96 16 4 0 0 
1651078939.0785456 20.8796875 34.76990587678571 986.486611405714 1 2 2 1 2 2 306 96 14 4 0 0 
1651078944.2137096 20.894921875 34.72839576049696 986.4890071247424 1 2 2 1 2 2 306 96 14 4 0 0 
1651078949.3461418 20.894921875 34.58573882897368 986.4441854372585 1 2 2 1 2 2 306 96 14 4 0 0 
1651078954.4807298 20.88984375 34.59160314935851 986.4505972925333 1 2 2 1 2 2 291 91 12 4 0 0 
1651078959.6126466 20.8796875 34.62130847133715 986.4607018311077 1 2 2 1 2 2 291 91 12 4 0 0 
1651078964.7477458 20.8796875 34.78193629425335 986.4798751506476 1 2 2 1 2 2 291 91 12 4 0 0 
1651078969.8788283 20.8796875 34.490525250152146 986.5044881940584 1 2 2 1 2 2 300 91 14 4 0 0 
1651078975.0107543 20.8796875 34.478798580563094 986.4936715516857 1 2 2 1 2 2 300 91 14 4 0 0 
1651078980.1437306 20.8796875 34.443151089341164 986.4950317261229 0 1 1 0 1 1 300 91 14 4 0 0 
1651078985.2785685 20.864453125 34.6927512749434 986.485251299417 0 1 1 0 1 1 258 77 12 4 0 0 
1651078990.4132004 20.86953125 34.55016962405552 986.502739120598 0 1 1 0 1 1 258 77 12 4 0 0 
1651078995.547481 20.86953125 34.5085821914602 986.4555864798826 0 1 1 0 1 1 222 67 10 2 0 0 
1651079000.681911 20.874609375 34.67515896047796 986.4990474432981 0 1 1 0 1 1 222 67 10 2 0 0 
1651079005.8165076 20.864453125 34.81780450031014 986.4721028557668 0 1 1 0 1 1 222 67 10 2 0 0 
1651079010.9504094 20.84921875 34.693056211914495 986.5162113137418 0 1 1 0 1 1 213 64 8 2 0 0 
1651079016.0854092 20.859375 34.616057877025355 986.4828544948832 0 0 0 0 0 0 213 64 8 2 0 0 
1651079021.2159402 20.854296875 34.68117518562239 986.4649776754039 0 0 0 0 0 0 213 64 8 2 0 0 
1651079026.3502858 20.84921875 34.7286990435688 986.4983340067878 0 0 1 0 0 1 249 71 10 4 0 0 
1651079031.4824038 20.84921875 34.657413009427174 986.4949660138537 0 1 2 0 1 2 249 71 10 4 0 0 
1651079036.6116226 20.854296875 34.639591269121134 986.4912745430822 0 1 2 0 1 2 249 71 10 4 0 0 
1651079041.7459857 20.854296875 34.63380298468985 986.5081146447317 0 1 2 0 1 2 243 71 8 4 0 0 
1651079046.8761115 20.854296875 34.63951516302461 986.4707426798407 0 1 2 0 1 2 243 71 8 4 0 0 
1651079052.0070632 20.84921875 34.47340655810648 986.4791627933788 0 0 1 0 0 1 243 71 8 4 0 0 
1651079057.1405215 20.859375 34.61582880450025 986.4468423212353 0 0 1 0 0 1 249 73 6 4 0 0 
1651079062.2680233 20.859375 34.56822645559336 986.4990474432981 0 0 1 0 0 1 249 73 6 4 0 0 
1651079067.4000027 20.874609375 34.7105735640786 986.4502103915959 0 0 1 0 0 1 249 73 6 4 0 0 
1651079072.5322924 20.86953125 34.5502467869185 986.4744988114577 0 0 0 0 0 0 237 68 6 4 0 0 
1651079077.6621988 20.86953125 34.5146814011608 986.4566224547972 1 1 1 1 1 1 267 81 8 2 0 0 
1651079082.795519 20.859375 34.60981171519844 986.4956793688765 1 1 1 1 1 1 240 72 8 2 0 0 
1651079087.93044 20.864453125 34.69892128609046 986.5155642157761 1 1 1 1 1 1 240 72 8 2 0 0 
1651079093.064492 20.854296875 34.52069982654693 986.4771549645636 1 1 1 1 1 1 240 72 8 2 0 0 
1651079098.1981058 20.854296875 34.63981952253356 986.4895905333026 1 1 1 1 1 1 261 77 8 2 0 0 
1651079103.3318899 20.859375 34.722683446884496 986.4963265728421 1 1 1 1 1 1 261 77 8 2 0 0 
1651079108.4619734 20.854296875 34.64553185952407 986.4629700949484 1 1 1 1 1 1 261 77 8 2 0 0 
1651079113.5947278 20.864453125 34.603870994729746 986.4589545238277 1 1 2 1 1 2 297 87 10 4 0 0 
1651079118.7273107 20.864453125 34.580184798541396 986.4646540900502 1 1 2 1 1 2 297 87 10 4 0 0 
1651079123.8616428 20.859375 34.56822645559336 986.4956793688765 1 1 2 1 1 2 297 87 10 4 0 0 
1651079128.9934475 20.859375 34.538676911950795 986.4784495302754 1 1 1 1 1 1 255 73 8 2 0 0 
1651079134.1251342 20.854296875 34.776371282225234 986.4902374069636 1 1 1 1 1 1 255 73 8 2 0 0 
1651079139.2592492 20.84921875 34.64575990816009 986.4821408347816 1 1 1 1 1 1 255 73 8 2 0 0 
1651079144.3892894 20.854296875 34.67515896047796 986.4966500102859 1 1 2 1 1 2 270 78 8 2 0 0 
1651079149.5232291 20.86953125 34.71666769257516 986.473074066609 1 1 2 1 1 2 270 78 8 2 0 0 
1651079154.6563601 20.859375 34.77013265874831 986.4976870493243 1 1 2 1 1 2 270 78 8 2 0 0 
1651079159.7873633 20.859375 34.60379446826221 986.4831780407902 1 2 3 1 2 3 321 88 20 4 0 0 
1651079164.9196703 20.8796875 34.77013265874831 986.5354492884512 1 2 3 1 2 3 321 88 20 4 0 0 
1651079170.0514784 20.864453125 34.54438601439601 986.540501486578 1 2 3 1 2 3 300 84 20 4 0 0 
1651079175.1856346 20.884765625 34.69282679957269 986.5425090493623 1 2 3 1 2 3 300 84 20 4 0 0 
1651079180.3207767 20.874609375 34.568069613001775 986.5694539008732 1 2 3 1 2 3 300 84 20 4 0 0 
1651079185.4519134 20.8796875 34.508504539940084 986.5267052313143 0 2 2 0 2 2 279 77 18 4 0 0 
1651079190.5815804 20.86953125 34.56205165493734 986.533441548455 0 2 2 0 2 2 279 77 18 4 0 0 
1651079195.716551 20.874609375 34.407582039289835 986.525344894088 0 2 2 0 2 2 279 77 18 4 0 0 
1651079200.8515182 20.86953125 34.52656327735905 986.5243080103875 0 1 2 0 1 2 252 68 16 4 0 0 
1651079205.9811335 20.864453125 34.467153484312206 986.5411483971993 0 1 2 0 1 2 252 68 16 4 0 0 
1651079211.1085405 20.864453125 34.61575242536598 986.4875829086674 0 1 2 0 1 2 252 68 16 4 0 0 
1651079216.2424638 20.854296875 34.66914257770453 986.5205491056288 0 1 2 0 1 2 237 68 16 4 0 0 
1651079221.3719163 20.84921875 34.79396894035592 986.5333748103336 0 1 2 0 1 2 237 68 16 4 0 0 
1651079226.50432 20.84921875 34.51475895156094 986.5353819475454 0 1 2 0 1 2 237 68 16 4 0 0 
1651079231.632736 20.859375 34.616057877025355 986.5333748103336 0 1 2 0 1 2 201 58 14 4 0 0 
1651079236.7666028 20.859375 34.586048771516744 986.5131666765919 0 1 2 0 1 2 201 58 14 4 0 0 
1651079241.9004397 20.86953125 34.675083253118224 986.5249547533826 0 1 2 0 1 2 255 67 14 2 0 0 
1651079247.0342307 20.84921875 34.55048117696713 986.5286459557963 0 1 2 0 1 2 255 67 14 2 0 0 
1651079252.167898 20.86953125 34.46113126578141 986.5347355866311 0 1 2 0 1 2 255 67 14 2 0 0 
1651079257.3015406 20.864453125 34.59183323688992 986.5579887910126 0 1 2 0 1 2 240 62 14 2 0 0 
1651079262.434926 20.874609375 34.56212868127565 986.5357728392853 0 1 2 0 1 2 240 62 14 2 0 0 
1651079267.5675611 20.86953125 34.51452328416515 986.4923112947349 0 1 2 0 1 2 240 62 14 2 0 0 
1651079272.7008934 20.874609375 34.538445112351745 986.5374568916995 0 1 2 0 1 2 255 66 14 2 0 0 
1651079277.8337631 20.874609375 34.56822645559336 986.5324047346671 0 1 2 0 1 2 255 66 14 2 0 0 
1651079282.9676313 20.86953125 34.56220865872046 986.5441931020566 0 1 2 0 1 2 255 66 14 2 0 0 
1651079288.1013978 20.86953125 34.43134704882563 986.5121961128382 0 1 2 0 1 2 270 68 16 2 0 0 
1651079293.2347596 20.86953125 34.63943904611523 986.5354492884512 0 1 2 0 1 2 270 68 16 2 0 0 
1651079298.3678453 20.84921875 34.55634486013867 986.5223004224922 0 1 2 0 1 2 270 68 16 2 0 0 
1651079303.501236 20.86953125 34.56212868127565 986.5152405022455 0 1 2 0 1 2 258 68 16 2 0 0 
1651079308.6351008 20.86953125 34.47911348532076 986.5226239720914 0 1 2 0 1 2 258 68 16 2 0 0 
1651079313.7684228 20.864453125 34.62161680354497 986.5307206824627 0 1 2 0 1 2 258 68 16 2 0 0 
1651079318.9031017 20.86953125 34.449249021168676 986.539464358203 0 1 1 0 1 1 222 61 14 2 0 0 
1651079324.0360746 20.783203125 34.47019422346433 986.5273525782645 1 2 2 1 2 2 378 114 12 0 0 0 
1651079329.1691966 20.874609375 34.51460085660781 986.4956793688765 1 2 2 1 2 2 357 107 10 0 0 0 
1651079334.302592 20.86953125 34.556187739247896 986.546914186098 1 2 2 1 2 2 357 107 10 0 0 0 
1651079339.4355824 20.874609375 34.43150711401741 986.5239844743462 1 2 2 1 2 2 357 107 10 0 0 0 
1651079344.568646 20.874609375 34.716514306519926 986.5216529941937 1 2 2 1 2 2 345 105 10 0 0 0 
1651079349.7020462 20.86953125 34.52648287458458 986.5108357059793 1 2 2 1 2 2 345 105 10 0 0 0 
1651079354.8356745 20.8796875 34.419385889151066 986.533441548455 1 2 2 1 2 2 345 105 10 0 0 0 
1651079359.9689806 20.874609375 34.597853669231846 986.5317574690648 1 1 1 1 1 1 309 91 6 0 0 0 
1651079365.1028926 20.874609375 34.69869204829033 986.5169245673776 1 1 1 1 1 1 309 91 6 0 0 0 
1651079370.236614 20.8796875 34.69267573950143 986.5300733897445 1 1 1 1 1 1 309 91 6 0 0 0 
1651079375.3700016 20.894921875 34.52632799194099 986.5401778667164 1 1 1 1 1 1 324 87 4 0 0 0 
1651079380.5035977 20.884765625 34.508349204459826 986.5216529941937 1 1 1 1 1 1 324 87 4 0 0 0 
1651079385.6368635 20.88984375 34.44901401864546 986.5149166790133 1 1 1 1 1 1 324 87 4 0 0 0 
1651079390.7691672 20.884765625 34.484583911444425 986.5489870950928 1 1 1 1 1 1 303 80 4 0 0 0 
1651079395.9029958 20.88984375 34.50233014443526 986.5482746043434 1 1 1 1 1 1 303 80 4 0 0 0 
1651079401.0365355 20.884765625 34.47856453714945 986.5509951932712 1 1 1 1 1 1 303 80 4 0 0 0 
1651079406.167904 20.9 34.41914979773779 986.5011200106123 1 1 1 1 1 1 309 88 12 0 0 0 
1651079411.3013072 20.88984375 34.54407409847083 986.5519664263693 1 1 1 1 1 1 309 88 12 0 0 0 
1651079416.434071 20.884765625 34.34800979402357 986.569520527076 0 0 0 0 0 0 282 79 10 0 0 0 
1651079421.567455 20.9 34.29445563303512 986.553003154692 0 0 0 0 0 0 282 79 10 0 0 0 
1651079426.7013836 20.884765625 34.537978246279486 986.5610999197507 0 0 0 0 0 0 282 79 10 0 0 0 
1651079431.8350177 20.9 34.460974881311614 986.539530297879 1 1 1 1 1 1 234 65 6 0 0 0 
1651079436.96791 20.91015625 34.603332136347234 986.540566424178 1 1 1 1 1 1 234 65 6 0 0 0 
1651079442.1014073 20.91015625 34.36559631819092 986.5223651486021 1 1 1 1 1 1 234 65 6 0 0 0 
1651079447.23544 20.905078125 34.401246251439574 986.5307857478748 1 1 1 1 1 1 234 67 6 0 0 0 
1651079452.3694427 20.91015625 34.38928391064767 986.5348655217063 1 1 1 1 1 1 234 67 6 0 0 0 
1651079457.5028853 20.9154296875 34.478330396414734 986.52340079717 1 1 1 1 1 1 234 67 6 0 0 0 
1651079462.6362395 20.9306640625 34.311720822524826 986.5510584658739 1 1 1 1 1 1 204 57 6 0 0 0 
1651079467.769173 20.9205078125 34.56143505495758 986.5298130392789 1 1 1 1 1 1 204 57 6 0 0 0 
1651079472.9024773 20.9306640625 34.26996473464088 986.5251461286676 1 1 1 1 1 1 204 57 6 0 0 0 
1651079478.03594 20.9408203125 34.370982842292335 986.5066197701369 0 1 1 0 1 1 204 55 6 0 0 0 
1651079483.1694605 20.9306640625 34.359177990762795 986.539979265049 0 1 1 0 1 1 204 55 6 0 0 0 
1651079488.3031342 20.9255859375 34.50757187825778 986.5325323940702 0 1 2 0 1 2 165 51 8 4 2 0 
1651079493.4358838 20.9458984375 34.359019025642965 986.5585057881283 0 1 2 0 1 2 165 51 8 4 2 0 
1651079498.5688655 20.9408203125 34.35909851360982 986.5197685222632 0 1 2 0 1 2 165 51 8 4 2 0 
1651079503.702933 20.9509765625 34.29959608123201 986.5130316102424 0 1 2 0 1 2 186 55 10 2 2 0 
1651079508.837096 20.9408203125 34.412656530811844 986.5335672035284 0 1 2 0 1 2 186 55 10 2 2 0 
1651079513.970976 20.9509765625 34.465742886443124 986.4978735622924 0 1 2 0 1 2 186 55 10 2 2 0 
1651079519.1047213 20.9611328125 34.34681591302821 986.51710870809 0 1 1 0 1 1 213 62 8 0 0 0 
1651079524.2381606 20.9611328125 34.334930819196344 986.5053188285538 0 1 1 0 1 1 213 62 8 0 0 0 
1651079529.3715742 20.9560546875 34.31718311027616 986.51710870809 0 1 1 0 1 1 213 62 8 0 0 0 
1651079534.5050418 20.9611328125 34.085416998002096 986.5042852777068 0 1 1 0 1 1 198 57 8 0 0 0 
1651079539.6384265 20.9458984375 34.27566569493488 986.5073284832896 0 0 0 0 0 0 198 57 8 0 0 0 
1651079544.7691708 20.9458984375 34.471841579326906 986.5258552900159 0 0 0 0 0 0 198 57 8 0 0 0 
1651079549.9026327 20.9509765625 34.32328547424806 986.4891271108833 0 0 0 0 0 0 219 64 6 0 0 0 
1651079555.0360918 20.9560546875 34.43603144649233 986.4924955919092 0 0 0 0 0 0 219 64 6 0 0 0 
1651079560.1689904 20.9560546875 34.15078851417544 986.5750830071644 0 1 1 0 1 1 219 64 6 0 0 0 
1651079565.2991772 20.9662109375 34.25775739632029 986.5288985910582 0 2 2 0 2 2 252 75 8 2 0 0 
1651079570.4307408 20.9560546875 34.204273372626766 986.5353104028926 1 1 1 1 1 1 291 83 10 0 0 0 
1651079575.5645483 20.9611328125 34.192387920666036 986.5036345603287 1 1 1 1 1 1 270 78 12 0 0 0 
1651079580.697468 20.9662109375 34.26972316604907 986.510371633649 1 1 1 1 1 1 270 78 12 0 0 0 
1651079585.831839 20.9408203125 34.4243830742741 986.4864092068585 1 1 1 1 1 1 270 78 12 0 0 0 
1651079590.965719 20.9458984375 34.29959608123201 986.4978735622924 1 1 1 1 1 1 264 76 14 0 0 0 
1651079596.0993989 20.9509765625 34.257838077361214 986.5241710345088 1 1 1 1 1 1 264 76 14 0 0 0 
1651079601.2335727 20.9611328125 34.144845700597024 986.5440570170598 1 1 1 1 1 1 264 76 14 0 0 0 
1651079606.3673882 20.9560546875 34.370824128625486 986.5396543556886 1 1 1 1 1 1 249 73 14 0 0 0 
1651079611.5013247 20.9509765625 34.40647768659102 986.5774175017576 1 1 1 1 1 1 249 73 14 0 0 0 
1651079616.6345863 20.9662109375 34.364722939433925 986.5342765686017 0 0 0 0 0 0 249 73 14 0 0 0 
1651079621.7685697 20.9611328125 34.352838043978394 986.5541626375459 0 1 1 0 1 1 270 80 21 0 0 0 
1651079626.902502 20.9509765625 34.133206354651676 986.5463913264251 0 1 1 0 1 1 270 80 21 0 0 0 
1651079632.0365863 20.9560546875 34.44228794879204 986.5295489016852 0 1 1 0 1 1 270 80 21 0 0 0 
1651079637.1714585 20.9509765625 34.31148075255375 986.5396543556886 0 1 1 0 1 1 276 85 23 2 0 0 
1651079642.3050165 20.9408203125 34.24619533533698 986.5450319523211 0 1 1 0 1 1 276 85 23 2 0 0 
1651079647.4384706 20.9509765625 34.18066555392693 986.5248212070142 0 1 1 0 1 1 276 85 23 2 0 0 
1651079652.5716057 20.9408203125 34.35909851360982 986.5295489016852 0 1 1 0 1 1 249 66 10 2 0 0 
1651079657.704972 20.9509765625 34.19857471074898 986.5544876443518 0 1 1 0 1 1 249 66 10 2 0 0 
1651079662.8353837 20.9509765625 34.21640222782626 986.5447070836359 0 1 1 0 1 1 234 63 12 2 0 0 
1651079667.9703667 20.9408203125 34.29967625191487 986.5066197701369 0 1 1 0 1 1 234 63 12 2 0 0 
1651079673.1048748 20.9408203125 34.25791874758786 986.5382950360985 0 1 1 0 1 1 234 63 12 2 0 0 
1651079678.239175 20.9560546875 34.240252959749235 986.5447070836359 0 1 1 0 1 1 249 70 14 0 0 0 
1651079683.3714597 20.9408203125 34.287791675919394 986.5635584777115 0 1 1 0 1 1 249 70 14 0 0 0 
1651079688.5031414 20.9408203125 34.28201009102657 986.5305235446228 0 0 0 0 0 0 249 70 14 0 0 0 
1651079693.634279 20.9408203125 34.22258785521251 986.5621988711506 0 0 0 0 0 0 228 63 14 0 0 0 
1651079698.7655714 20.9306640625 34.19279497289453 986.5342165820658 0 0 0 0 0 0 228 63 14 0 0 0 
1651079703.8995078 20.9306640625 34.35909851360982 986.5554620063599 0 0 0 0 0 0 228 63 14 0 0 0 
1651079709.0332756 20.9306640625 34.34135162526598 986.5941989942086 0 0 0 0 0 0 243 70 16 0 0 0 
1651079714.1664538 20.9306640625 34.34737336028301 986.5706199537148 0 0 0 0 0 0 243 70 16 0 0 0 
1651079719.298534 20.9357421875 34.323525167028926 986.5857779067421 0 0 0 0 0 0 243 70 16 0 0 0 
1651079724.4293125 20.9357421875 34.19271358407785 986.5490497647972 0 0 0 0 0 0 255 74 16 0 0 0 
1651079729.5603056 20.9408203125 34.370982842292335 986.5514440552128 0 0 0 0 0 0 255 74 16 0 0 0 
1651079734.690002 20.9357421875 34.347214143708484 986.5554620063599 1 2 2 1 2 2 357 95 17 0 0 0 
1651079739.8205218 20.9306640625 34.388809258030804 986.5554620063599 1 2 2 1 2 2 357 95 17 0 0 0 
1651079744.9521523 20.9408203125 34.145255483945576 986.5804007808745 1 2 2 1 2 2 357 95 17 0 0 0 
1651079750.0813274 20.9408203125 34.359019025642965 986.5493742771779 1 2 2 1 2 2 387 104 21 0 0 0 
1651079755.2201407 20.9458984375 34.25205698374736 986.5837692423474 1 2 2 1 2 2 387 104 21 0 0 0 
1651079760.3522465 20.9408203125 34.19271358407785 986.5975674296855 1 2 2 1 2 2 387 104 21 0 0 0 
1651079765.4852774 20.9357421875 34.18091016248411 986.5790410380298 1 2 2 1 2 2 378 104 21 2 0 0 
1651079770.6204295 20.9408203125 34.21070328439889 986.559154979373 1 2 2 1 2 2 378 104 21 2 0 0 
1651079775.754734 20.9458984375 34.35925745710187 986.5601900179192 1 2 2 1 2 2 378 104 21 2 0 0 
1651079780.8902338 20.9408203125 34.192632184446666 986.5655673039662 1 2 2 1 2 2 378 104 21 2 0 0 
1651079786.024417 20.9306640625 34.19271358407785 986.5739883872307 1 2 2 1 2 2 378 104 21 2 0 0 
1651079791.154486 20.9306640625 34.157222205677996 986.525795642788 1 2 2 1 2 2 378 104 21 2 0 0 
1651079796.2866266 20.9306640625 34.204679742087066 986.5712687356872 1 2 2 1 2 2 351 97 21 2 0 0 
1651079801.4147348 20.9306640625 34.20476098353572 986.5689357370618 1 2 2 1 2 2 351 97 21 2 0 0 
1651079806.5478027 20.9306640625 34.05025754430734 986.586426444665 1 2 2 1 2 2 351 97 21 2 0 0 
1651079811.6794446 20.9357421875 34.33162140059726 986.6043043014793 1 3 3 1 3 3 351 97 25 4 0 0 
1651079816.8070474 20.9306640625 34.109682768349295 986.5948473965482 1 1 1 1 1 1 252 79 8 0 0 0 
1651079821.9384882 20.9205078125 34.394751376000876 986.6107169442158 1 1 1 1 1 1 252 82 6 0 0 0 
1651079827.071813 20.9306640625 34.347214143708484 986.6063126807272 1 1 1 1 1 1 252 82 6 0 0 0 
1651079832.2038436 20.9408203125 34.34705488387821 986.5787165502429 1 1 1 1 1 1 252 82 6 0 0 0 
1651079837.3381262 20.9560546875 34.23398682217969 986.6097435952875 1 1 1 1 1 1 282 92 10 0 0 0 
1651079842.4691732 20.9712890625 34.317023081218544 986.628656187444 1 1 1 1 1 1 282 92 10 0 0 0 
1651079847.6078036 20.9712890625 34.340793624416214 986.6023569489964 1 1 1 1 1 1 282 92 10 0 0 0 
1651079852.7397046 20.9763671875 34.097220285612856 986.5989883502583 1 1 1 1 1 1 270 88 8 0 0 0 
1651079857.87151 20.9611328125 34.22780102074497 986.6023569489964 1 1 1 1 1 1 270 88 8 0 0 0 
1651079863.0050724 20.9611328125 34.01996081181972 986.6337091707896 1 1 1 1 1 1 270 88 8 0 0 0 
1651079868.1385777 20.9763671875 34.061396360831516 986.5855139581072 1 1 1 1 1 1 291 91 8 0 0 0 
1651079873.2714524 20.9814453125 34.04942689045065 986.6050756068325 1 1 1 1 1 1 291 91 8 0 0 0 
1651079878.4073346 20.9814453125 34.239605829567964 986.6000226270589 1 1 1 1 1 1 291 91 8 0 0 0 
1651079883.5401895 20.9712890625 34.239848584493494 986.5562301620935 1 1 1 1 1 1 270 84 6 0 0 0 
1651079888.6739063 20.9712890625 34.239848584493494 986.5855139581072 1 1 1 1 1 1 270 84 6 0 0 0 
1651079893.8067436 20.9712890625 34.192387920666036 986.5908917826396 1 1 1 1 1 1 270 84 6 0 0 0 
1651079898.9399025 20.9814453125 34.1684534502629 986.5717143835504 1 1 1 1 1 1 270 79 11 0 0 0 
1651079904.0729177 20.9814453125 34.186200613284136 986.5936104420487 1 1 1 1 1 1 270 79 11 0 0 0 
1651079909.207021 20.9865234375 34.239605829567964 986.6000226270589 1 1 1 1 1 1 291 86 13 0 0 0 
1651079914.3410652 20.9712890625 34.209891066026195 986.5966539742268 1 1 1 1 1 1 291 86 13 0 0 0 
1651079919.475189 20.9712890625 34.138574582253035 986.588232343372 1 1 1 1 1 1 291 86 13 0 0 0 
1651079924.6091244 21.0017578125 34.17976782316287 986.59366812314 1 1 2 1 1 2 300 82 13 2 0 0 
1651079929.7428772 20.9966796875 34.06106438598903 986.5950268616589 1 1 2 1 1 2 300 82 13 2 0 0 
1651079934.8769844 21.0017578125 34.10233798437404 986.5994285124034 1 1 2 1 1 2 300 82 13 2 0 0 
1651079940.0103614 21.0017578125 34.08458979217375 986.6064919654715 1 1 2 1 1 2 327 91 15 2 0 0 
1651079945.1446295 21.0169921875 34.185711189405446 986.5977440909718 1 1 2 1 1 2 327 91 15 2 0 0 
1651079950.2761924 21.0119140625 34.28658593199883 986.5744882225413 1 1 2 1 1 2 327 91 15 2 0 0 
1651079955.4110084 21.0220703125 34.156076194188195 986.5910064059461 1 1 2 1 1 2 306 86 13 2 0 0 
1651079960.5437448 21.0169921875 34.20345982262076 986.6075247577631 1 1 2 1 1 2 306 86 13 2 0 0 
1651079965.6797383 21.0220703125 34.21526532096217 986.58225823501 1 1 2 1 1 2 306 86 13 2 0 0 
1651079970.8143437 21.0119140625 34.09622901781163 986.5357468833536 1 1 2 1 1 2 306 86 13 2 0 0 
1651079975.9457576 21.0068359375 34.09061609259075 986.5650336645849 1 1 2 1 1 2 306 86 13 2 0 0 
1651079981.0806851 21.0119140625 34.23928200493315 986.6081763736944 1 2 2 1 2 2 345 97 8 2 0 0 
1651079986.2142286 21.0017578125 34.08483806747886 986.59366812314 1 2 2 1 2 2 345 97 8 2 0 0 
1651079991.3451447 20.9966796875 34.1680446539727 986.6004056457418 1 2 2 1 2 2 345 97 8 2 0 0 
1651079996.4761198 20.9916015625 33.84717929957463 986.5822031020201 1 2 2 1 2 2 339 95 6 2 0 0 
1651080001.6098816 20.9814453125 34.144435646881206 986.5545458374633 1 2 2 1 2 2 339 95 6 2 0 0 
1651080006.7446582 20.9916015625 33.93633429641627 986.5595988115637 1 2 2 1 2 2 339 95 6 2 0 0 
1651080011.875692 20.9865234375 34.00171315352248 986.6074686068216 1 1 1 1 1 1 240 71 8 2 0 0 
1651080017.0080726 20.9916015625 34.03168039271506 986.596003458464 1 1 1 1 1 1 240 71 8 2 0 0 
1651080022.141624 20.9763671875 34.073116983270985 986.5865480174112 1 1 1 1 1 1 240 71 8 2 0 0 
1651080027.275675 20.9763671875 34.209891066026195 986.5879070725734 1 1 1 1 1 1 225 66 10 2 0 0 
1651080032.4084342 20.9763671875 34.03762360695107 986.5973040509942 1 1 1 1 1 1 225 66 10 2 0 0 
1651080037.542247 20.9814453125 34.0793913308643 986.6003476931987 1 1 1 1 1 1 225 66 10 2 0 0 
1651080042.6747518 20.9814453125 34.215915241573676 986.6397966721811 0 1 1 0 1 1 198 55 8 2 0 0 
1651080047.8044677 20.9865234375 34.08483806747886 986.6377872333865 0 1 1 0 1 1 198 55 8 2 0 0 
1651080052.9371443 20.9966796875 34.02523668282547 986.5892660451715 0 1 1 0 1 1 198 55 8 2 0 0 
1651080058.0705426 21.0017578125 34.14418948487538 986.6121963129917 0 1 1 0 1 1 207 58 8 0 0 0 
1651080063.2045498 21.0119140625 34.16788105975438 986.6081763736944 1 1 1 1 1 1 306 76 15 0 0 0 
1651080068.3373268 20.9966796875 34.06089833367776 986.5825286329999 1 1 2 1 1 2 306 76 17 2 0 0 
1651080073.4712458 21.0017578125 34.08475531985874 986.5852462214636 1 1 2 1 1 2 306 76 17 2 0 0 
1651080078.6051307 20.9916015625 34.061313383343396 986.5663361113444 1 1 2 1 1 2 306 76 17 2 0 0 
1651080083.7375216 20.9916015625 33.94830575063528 986.5909503983895 1 1 2 1 1 2 327 83 17 2 0 0 
1651080088.8730059 20.9763671875 33.98999380759107 986.609803492699 1 1 2 1 1 2 327 83 17 2 0 0 
1651080094.0059419 20.9712890625 34.025820544544246 986.6087692587123 1 1 2 1 1 2 327 83 17 2 0 0 
1651080099.1399758 20.9712890625 34.12701719802789 986.6040412484706 1 2 2 1 2 2 312 78 17 4 0 0 
1651080104.269167 20.9611328125 33.99618831563701 986.5942603535602 1 2 2 1 2 2 312 78 17 4 0 0 
1651080109.402587 20.9560546875 34.192387920666036 986.5932255677284 1 2 2 1 2 2 312 78 17 4 0 0 
1651080114.5365427 20.9611328125 34.10316324991726 986.5989883502583 1 2 2 1 2 2 306 81 12 4 0 0 
1651080119.6695578 20.9509765625 34.127263714994996 986.5929008727662 1 2 2 1 2 2 306 81 12 4 0 0 
1651080124.803406 20.9611328125 34.04381629299935 986.6164806862569 1 2 2 1 2 2 306 81 12 4 0 0 
1651080129.9361975 20.9458984375 34.32922784211336 986.6140854082099 1 2 2 1 2 2 312 86 12 4 0 0 
1651080135.0701566 20.9408203125 34.32938751157118 986.5790410380298 1 2 2 1 2 2 312 86 12 4 0 0 
1651080140.2044365 20.9408203125 34.01443505162735 986.5941989942086 1 2 2 1 2 2 312 86 12 4 0 0 
1651080145.3375823 20.9306640625 34.10365789013055 986.6107169442158 0 1 1 0 1 1 201 62 12 0 0 0 
1651080150.470269 20.9306640625 34.240495455130656 986.578329666699 0 1 1 0 1 1 201 62 12 0 0 0 
1651080155.6036599 20.9154296875 33.98488860772216 986.601584159315 0 1 2 0 1 2 207 64 14 2 2 0 
1651080160.737341 20.91015625 34.27622872566653 986.5958191771377 0 1 2 0 1 2 207 64 14 2 2 0 
1651080165.871275 20.9255859375 34.186934019120834 986.6100051143495 0 1 2 0 1 2 207 64 14 2 2 0 
1651080171.0038238 20.9205078125 34.25229910192247 986.5861022305668 0 0 1 0 0 1 156 50 12 2 2 0 
1651080176.137439 20.9306640625 34.3175829936743 986.5662161672885 0 0 1 0 0 1 156 50 12 2 2 0 
1651080181.268575 20.9357421875 33.97877823222893 986.5625233847917 0 0 1 0 0 1 156 50 12 2 2 0 
1651080186.4038267 20.9205078125 34.06808521971438 986.5948473965482 0 0 2 0 0 2 171 55 14 2 2 0 
1651080191.5354679 20.9154296875 34.1811546737103 986.5820220547536 0 0 2 0 0 2 171 55 14 2 2 0 
1651080196.6658187 20.9255859375 34.22266888101827 986.5931632060314 0 0 2 0 0 2 171 55 14 2 2 0 
1651080201.7994661 20.9357421875 34.03845551831684 986.5679003566847 0 0 1 0 0 1 228 72 23 2 2 0 
1651080206.9326477 20.9154296875 34.1156252340802 986.5823459803634 0 0 1 0 0 1 228 72 23 2 2 0 
1651080212.0617614 20.9357421875 34.05628305070101 986.6022320142947 0 0 1 0 0 1 228 72 23 2 2 0 
1651080217.1960812 20.9205078125 34.121567689506875 986.6221182739897 0 0 1 0 0 1 270 84 23 2 2 0 
1651080222.3300138 20.91015625 34.12189637073137 986.6197207998899 1 1 2 1 1 2 270 84 23 2 2 0 
1651080227.46331 20.91015625 33.94956890068966 986.6011952938371 2 3 3 2 3 3 447 133 15 0 0 0 
1651080232.5964873 20.9205078125 34.01476873566983 986.5719170787645 2 3 3 2 3 3 447 133 15 0 0 0 
1651080237.7299986 20.9306640625 34.18099167704073 986.5816980194253 2 3 3 2 3 3 447 133 15 0 0 0 
1651080242.8642366 20.9255859375 34.08599539859468 986.5914790155848 1 2 2 1 2 2 327 102 15 0 0 0 
1651080247.9977825 20.9408203125 34.02632057565584 986.5975674296855 1 2 2 1 2 2 327 102 15 0 0 0 
1651080253.1315913 20.9357421875 33.93106641038645 986.5743128059635 1 2 2 1 2 2 327 102 15 0 0 0 
1651080258.2659225 20.9357421875 34.1689436489292 986.5868131743746 1 1 1 1 1 1 297 92 8 0 0 0 
1651080263.3998828 20.9357421875 34.12148549216381 986.5958832119119 1 1 1 1 1 1 297 92 8 0 0 0 
1651080268.5336633 20.9306640625 34.29983656083823 986.5675759934451 1 1 1 1 1 1 297 92 8 0 0 0 
1651080273.6670172 20.9205078125 34.258563720087345 986.6089686697159 1 1 1 1 1 1 267 85 8 0 0 0 
1651080278.7996109 20.9154296875 33.94345800360688 986.5833821958935 1 1 1 1 1 1 267 85 8 0 0 0 
1651080283.9334242 20.91015625 34.086160558572686 986.6133077133866 1 1 1 1 1 1 267 85 8 0 0 0 
1651080289.0673535 20.9154296875 34.10398743397591 986.6375994677558 0 1 1 0 1 1 246 78 6 0 0 0 
1651080294.2014577 20.905078125 34.24676052856838 986.6510727914832 0 1 1 0 1 1 246 78 6 0 0 0 
1651080299.334795 20.9154296875 34.17521245788107 986.6392836329766 0 1 1 0 1 1 246 78 6 0 0 0 
1651080304.4688365 20.91015625 34.05058950302889 986.6561252890363 0 1 1 0 1 1 216 64 6 0 0 0 
1651080309.6029274 20.91015625 34.22885389039709 986.6328704913757 1 2 2 1 2 2 243 78 19 2 0 0 
1651080314.7367852 20.88984375 34.038954146012316 986.6281414872603 1 1 1 1 1 1 228 73 17 0 0 0 
1651080319.8706837 20.8796875 34.06891274360164 986.6294341894438 1 1 1 1 1 1 228 73 17 0 0 0 
1651080325.0045197 20.8796875 34.175864558196814 986.6176456072443 1 1 1 1 1 1 228 73 17 0 0 0 
1651080330.1374207 20.859375 34.152346097934405 986.6017738476953 0 1 1 0 1 1 222 66 15 0 0 0 
1651080335.2707658 20.859375 34.00966357334713 986.6374612536805 0 1 1 0 1 1 222 66 15 0 0 0 
1651080340.4044466 20.84921875 34.28915832569739 986.6165363010533 0 1 1 0 1 1 222 66 15 0 0 0 
1651080345.538054 20.84921875 34.22396693265888 986.6283242179285 1 2 2 1 2 2 378 108 17 0 0 0 
1651080350.670643 20.84921875 34.28345769436343 986.6171807022833 1 2 2 1 2 2 378 108 17 0 0 0 
1651080355.804022 20.833984375 34.19442359998603 986.594249600577 1 2 2 1 2 2 378 108 17 0 0 0 
1651080360.9379165 20.82890625 34.27783754885947 986.6464616687875 1 1 1 1 1 1 330 92 10 0 0 0 
1651080366.070047 20.813671875 34.27783754885947 986.6235300051075 1 1 1 1 1 1 330 92 10 0 0 0 
1651080371.2039416 20.80859375 34.39696420898926 986.5790300346017 1 1 1 1 1 1 330 92 10 0 0 0 
