timestamp temperature humidity pressure pm10_standard pm25_standard pm100_standard pm10_env pm25_env pm100_env particles_03um particles_05um particles_10um particles_25um particles_50um particles_100um
1661546328.7765226 20.5646484375 62.18006089663697 985.3168743351516 1 3 3 1 3 3 366 99 18 2 0 0 
1661546333.909381 20.5748046875 62.144487731302895 985.3003694080234 1 2 2 1 2 2 330 92 16 2 0 0 
1661546339.0444264 20.5849609375 62.014928947689555 985.278487999068 1 2 2 1 2 2 330 92 16 2 0 0 
1661546344.1766512 20.5849609375 62.132949144332635 985.3215969326509 1 2 2 1 2 2 330 92 16 2 0 0 
1661546349.3100126 20.5900390625 61.962163522761635 985.3027543237637 0 1 1 0 1 1 261 68 11 0 0 0 
1661546354.4427087 20.5900390625 62.06816940982679 985.3081312246508 0 1 1 0 1 1 261 68 11 0 0 0 
1661546359.5763993 20.5849609375 62.09857029279724 985.3212698202233 0 1 1 0 1 1 261 68 11 0 0 0 
1661546364.710026 20.6001953125 62.121888471510296 985.2815271502777 1 1 1 1 1 1 309 79 13 0 0 0 
1661546369.8440595 20.6001953125 62.0394382117643 985.3158928758645 1 3 4 1 3 4 378 113 29 4 2 0 
1661546374.9784427 20.5951171875 61.939317328162645 985.294010752915 1 3 4 1 3 4 351 106 24 6 2 0 
1661546380.1125228 20.5951171875 62.02742140124035 985.3037827256754 0 2 3 0 2 3 351 106 24 6 2 0 
1661546385.2461069 20.5951171875 61.86298843917942 985.3287041663904 0 2 3 0 2 3 351 106 24 6 2 0 
1661546390.3800066 20.6001953125 62.004339526811634 985.3189320122382 0 1 1 0 1 1 330 99 17 4 0 0 
1661546395.514563 20.5951171875 62.13390615097695 985.3186045575317 0 1 1 0 1 1 330 99 17 4 0 0 
1661546400.64899 20.5900390625 61.8389575831569 985.3098144379059 1 2 2 1 2 2 330 99 17 4 0 0 
1661546405.7836974 20.5951171875 62.20481678685198 985.2956939927224 1 3 3 1 3 3 336 103 21 4 0 0 
1661546410.9175055 20.5900390625 61.98643340848337 985.2802171800627 1 3 3 1 3 3 336 103 21 4 0 0 
1661546416.0524008 20.5951171875 62.250727290543345 985.3293588035557 0 2 2 0 2 2 336 103 21 4 0 0 
1661546421.1863875 20.5900390625 61.969002310502134 985.2892885134731 0 2 2 0 2 2 357 112 23 4 0 0 
1661546426.3206828 20.5849609375 62.17465142864029 985.3091599136978 0 2 2 0 2 2 357 112 23 4 0 0 
1661546431.4545758 20.6001953125 62.133666915427426 985.2519297804715 0 2 2 0 2 2 357 112 23 4 0 0 
1661546436.5884037 20.5900390625 62.222003933006064 985.2791891586932 1 3 3 1 3 3 372 114 23 4 0 0 
1661546441.7214854 20.5951171875 62.15722367979817 985.2741394822477 1 3 3 1 3 3 372 114 23 4 0 0 
1661546446.8502645 20.5951171875 61.85120891436632 985.2788615977987 1 3 3 1 3 3 372 114 23 4 0 0 
1661546451.984318 20.6052734375 62.051455239048025 985.3186045575317 2 2 2 2 2 2 444 123 15 0 0 0 
1661546457.1178985 20.6103515625 62.25217079499095 985.2933555464036 1 1 1 1 1 1 444 123 15 0 0 0 
1661546462.2513223 20.6052734375 61.85144491521786 985.3058383774331 1 1 1 1 1 1 444 123 13 0 0 0 
1661546467.3802664 20.6052734375 61.92824882737701 985.2910166076124 1 1 1 1 1 1 444 123 13 0 0 0 
1661546472.510585 20.6154296875 61.96995162298664 985.2842834324692 2 2 2 2 2 2 444 123 13 0 0 0 
1661546477.6441987 20.6154296875 62.02272181001489 985.2802605723645 2 2 2 2 2 2 465 133 11 0 0 0 
1661546482.7779005 20.6255859375 61.91128938223409 985.2698322677206 2 2 2 2 2 2 465 133 11 0 0 0 
1661546487.9103153 20.6205078125 62.11106578962131 985.2640839137562 2 2 2 2 2 2 465 133 11 0 0 0 
1661546493.045023 20.6255859375 61.93484932252279 985.2903604973305 1 1 1 1 1 1 423 122 11 0 0 0 
1661546498.1786299 20.6255859375 62.06442605115842 985.2836272137399 1 1 1 1 1 1 423 122 11 0 0 0 
1661546503.313282 20.6357421875 61.98220613403783 985.2664656003524 1 1 1 1 1 1 423 122 11 0 0 0 
1661546508.447791 20.6458984375 62.076920973047514 985.2843254251743 1 1 1 1 1 1 429 122 11 0 0 0 
1661546513.5819252 20.6509765625 61.84155176027808 985.3045084341192 1 1 1 1 1 1 429 122 11 0 0 0 
1661546518.7157505 20.6306640625 62.14147024288053 985.2897039486885 1 1 1 1 1 1 429 122 11 0 0 0 
1661546523.849622 20.6205078125 62.1061316256887 985.257022471625 2 2 2 2 2 2 408 115 4 0 0 0 
1661546528.9841144 20.6255859375 62.19399779941337 985.2933989471327 2 2 2 2 2 2 408 115 4 0 0 0 
1661546534.120225 20.6255859375 62.123561954550375 985.2799322715038 1 3 3 1 3 3 429 125 18 0 0 0 
1661546539.2557318 20.6052734375 61.85851492893258 985.2782489373651 1 3 3 1 3 3 429 125 18 0 0 0 
1661546544.3909504 20.6255859375 62.15889998355341 985.2819438930171 0 2 2 0 2 2 429 125 18 0 0 0 
1661546549.5252426 20.6205078125 61.87571293653008 985.2597322664558 0 1 1 0 1 1 402 116 16 0 0 0 
1661546554.6604533 20.6306640625 62.10000306274277 985.288020600574 0 1 1 0 1 1 402 116 16 0 0 0 
1661546559.7965195 20.6255859375 62.082572341750506 985.2967656167395 0 1 1 0 1 1 402 116 16 0 0 0 
1661546564.9317203 20.6255859375 61.88207550834592 985.2863372525294 0 1 1 0 1 1 402 116 16 0 0 0 
1661546570.065747 20.6154296875 62.11695530594517 985.270160649917 0 1 1 0 1 1 402 116 16 0 0 0 
1661546575.2005954 20.6205078125 62.05240831277674 985.2563655999273 0 1 1 0 1 1 402 116 16 0 0 0 
1661546580.3338294 20.6306640625 61.917179382741324 985.2634273696845 1 2 2 1 2 2 408 121 14 0 0 0 
1661546585.4676263 20.6205078125 62.058059679675864 985.2937271395457 1 2 2 1 2 2 408 121 14 0 0 0 
1661546590.6003075 20.6154296875 62.04039079114845 985.2489342813325 1 2 2 1 2 2 408 121 14 0 0 0 
1661546595.7341704 20.6255859375 62.07596699656945 985.2486059420875 1 2 2 1 2 2 366 107 14 0 0 0 
1661546600.8679404 20.6255859375 62.21755576401386 985.2479489348304 1 2 2 1 2 2 366 107 14 0 0 0 
1661546606.000976 20.6255859375 62.04110511290424 985.2664656003524 1 2 2 1 2 2 366 107 14 0 0 0 
1661546611.1347928 20.6357421875 62.165029115198124 985.2775744202563 1 2 2 1 2 2 393 114 16 0 0 0 
1661546616.2688644 20.6255859375 61.91788940856595 985.2526703063298 1 2 2 1 2 2 351 93 15 2 0 0 
1661546621.4027736 20.6357421875 62.01778346195299 985.2843254251743 1 2 2 1 2 2 360 96 15 2 0 0 
1661546626.535565 20.6357421875 61.7826472675222 985.2459369204481 1 2 2 1 2 2 360 96 15 2 0 0 
1661546631.669452 20.6408203125 61.99469862526129 985.2759086185705 1 2 2 1 2 2 360 96 15 2 0 0 
1661546636.8041017 20.6357421875 61.91176260918718 985.2627703872512 1 2 2 1 2 2 366 99 13 0 0 0 
1661546641.9379742 20.6357421875 62.06490277074645 985.2526703063298 1 2 2 1 2 2 366 99 13 0 0 0 
1661546647.0723066 20.6306640625 62.07668249503967 985.2708585354478 1 2 2 1 2 2 366 99 13 0 0 0 
1661546652.2064524 20.6458984375 61.7824121586775 985.2543536529753 1 2 2 1 2 2 375 99 11 0 0 0 
1661546657.340287 20.6458984375 61.92966978172225 985.2860087867051 1 2 2 1 2 2 375 99 11 0 0 0 
1661546662.4732351 20.6458984375 62.229815165104 985.2472736760703 1 2 2 1 2 2 375 99 11 0 0 0 
1661546667.607401 20.6458984375 61.947577253909856 985.2876746733559 1 2 2 1 2 2 387 104 13 0 0 0 
1661546672.7421389 20.6458984375 61.89456492387895 985.2607406706877 1 2 2 1 2 2 387 104 13 0 0 0 
1661546677.8762698 20.6357421875 61.91176260918718 985.2759086185705 1 2 2 1 2 2 387 104 13 0 0 0 
1661546683.0095963 20.6357421875 62.06490277074645 985.28297055665 1 2 2 1 2 2 396 107 13 0 0 0 
1661546688.1434133 20.6306640625 62.070554216451995 985.2917156124342 1 2 2 1 2 2 396 107 13 0 0 0 
1661546693.2767854 20.6306640625 61.875949163099754 985.2917156124342 1 2 2 1 2 2 396 107 13 0 0 0 
1661546698.410937 20.6357421875 62.13558049907484 985.2647822667734 2 3 4 2 3 4 492 149 22 2 2 2 
1661546703.5435894 20.6306640625 61.888201966901 985.2506582092539 2 3 4 2 3 4 492 149 22 2 2 2 
1661546708.677967 20.6458984375 62.01165575209952 985.2907127789865 2 2 4 2 2 4 486 145 15 2 2 2 
1661546713.8133473 20.6255859375 62.08846217817082 985.294753993452 2 2 4 2 2 4 486 145 15 2 2 2 
1661546718.9444418 20.6509765625 62.024149147898854 985.2738788882599 2 2 4 2 2 4 486 145 15 2 2 2 
1661546724.076553 20.6458984375 61.95323040454584 985.2826245464913 2 2 2 2 2 2 435 131 6 0 0 0 
1661546729.208522 20.6458984375 62.053599413261736 985.2199897547424 2 2 2 2 2 2 435 131 6 0 0 0 
1661546734.3403587 20.6458984375 61.930143347239955 985.3041798966055 2 2 2 2 2 2 435 131 6 0 0 0 
1661546739.4723516 20.6458984375 62.100719302711 985.2907127789865 2 3 3 2 3 3 435 134 10 2 0 0 
1661546744.6065753 20.6458984375 61.98315572606403 985.2641074200417 2 3 3 2 3 3 435 134 10 2 0 0 
1661546749.7422905 20.6458984375 61.894801298252176 985.2674741696756 2 3 3 2 3 3 435 134 10 2 0 0 
1661546754.8755527 20.6509765625 61.92354286858718 985.2856626110339 2 3 3 2 3 3 429 131 12 4 0 0 
1661546760.0092926 20.6509765625 61.94168703618148 985.2742076697828 2 3 3 2 3 3 429 131 12 4 0 0 
1661546765.1453986 20.6357421875 61.982918344169356 985.2557082898577 2 3 3 2 3 3 429 131 12 4 0 0 
1661546770.2797747 20.6560546875 62.10095802788494 985.2927248008502 2 3 3 2 3 3 423 129 14 4 0 0 
1661546775.4147818 20.6509765625 61.88938350291724 985.2887006204778 2 3 3 2 3 3 423 129 14 4 0 0 
1661546780.5473287 20.6560546875 61.96548502574368 985.292067426435 2 3 4 2 3 4 465 128 37 2 0 0 
1661546785.6798224 20.6560546875 62.03616727129901 985.2853338148004 2 3 4 2 3 4 465 128 37 2 0 0 
1661546790.8112047 20.6560546875 61.92425303147005 985.2940795579716 2 3 4 2 3 4 465 128 37 2 0 0 
1661546795.9420528 20.6458984375 62.071269448987614 985.2843079220428 2 2 3 2 2 3 450 123 30 2 0 0 
1661546801.0747406 20.6458984375 62.07739789683991 985.2620951689142 2 2 3 2 2 3 450 123 30 2 0 0 
1661546806.209384 20.6509765625 61.93603365271863 985.2873460002814 2 2 3 2 2 3 450 123 30 2 0 0 
1661546811.343294 20.6458984375 62.13605878757649 985.2725242946511 2 3 4 2 3 4 450 130 30 4 0 0 
1661546816.4746773 20.6560546875 61.99469862526129 985.2873460002814 2 3 4 2 3 4 450 130 30 4 0 0 
1661546821.605931 20.6560546875 62.1542070395775 985.2802836068092 2 3 4 2 3 4 450 130 30 4 0 0 
1661546826.7395396 20.6560546875 61.86605735886796 985.2819670094028 2 3 4 2 3 4 456 132 30 4 0 0 
1661546831.8692875 20.6509765625 61.99541114171815 985.2839792218563 2 3 4 2 3 4 456 132 30 4 0 0 
1661546836.9998813 20.6560546875 61.96595935430912 985.2637785571824 1 2 3 1 2 3 456 132 30 4 0 0 
1661546842.1335886 20.6662109375 61.93627048653382 985.2927639865179 1 2 2 1 2 2 387 111 30 4 0 0 
1661546847.263869 20.6560546875 61.86605735886796 985.2897261834726 1 2 2 1 2 2 387 111 30 4 0 0 
1661546852.3987045 20.6662109375 61.85993078925559 985.2762587449847 2 3 3 2 3 3 387 111 30 4 0 0 
1661546857.5333915 20.6611328125 61.960543117218215 985.3045480947412 2 3 3 2 3 3 387 111 28 4 0 0 
1661546862.6653903 20.6611328125 61.9365073096077 985.2964599043959 1 2 3 1 2 3 450 136 16 2 2 0 
1661546867.7998514 20.6611328125 61.83613275189595 985.2880427534167 2 3 4 2 3 4 450 136 16 2 2 0 
1661546872.9337304 20.6560546875 62.018734622988866 985.3119395791146 2 3 4 2 3 4 450 136 16 2 2 0 
1661546878.0654938 20.6560546875 61.88938350291724 985.2671453339284 2 3 3 2 3 3 450 136 12 0 0 0 
1661546883.195803 20.6560546875 62.01897238639486 985.3079149834348 1 2 2 1 2 2 450 136 12 0 0 0 
1661546888.331087 20.6560546875 62.1542070395775 985.2705121109542 1 2 2 1 2 2 450 136 12 0 0 0 
1661546893.4657135 20.6560546875 61.971849732374324 985.2850049089616 1 2 2 1 2 2 480 141 12 0 0 0 
1661546898.5957398 20.6509765625 62.100719302711 985.2708409195892 1 2 2 1 2 2 480 141 12 0 0 0 
1661546903.72804 20.6458984375 61.912472369056566 985.3041798966055 1 2 2 1 2 2 480 141 12 0 0 0 
1661546908.8585966 20.6560546875 62.03616727129901 985.2839792218563 1 2 2 1 2 2 501 144 12 0 0 0 
1661546913.9906585 20.6458984375 62.018259063953316 985.2775744202563 1 2 2 1 2 2 501 144 12 0 0 0 
1661546919.1198967 20.6509765625 62.00058875037078 985.2893580491173 1 2 2 1 2 2 501 144 12 0 0 0 
1661546924.2525904 20.6509765625 62.171158360129304 985.2927248008502 1 2 2 1 2 2 522 148 12 0 0 0 
1661546929.3851266 20.6509765625 62.1473599763957 985.2678204286564 1 2 2 1 2 2 522 148 12 0 0 0 
1661546934.5195248 20.6458984375 62.142187861001645 985.2691575445975 1 2 2 1 2 2 522 148 12 0 0 0 
1661546939.6512687 20.6408203125 62.07715944031427 985.2708409195892 2 3 3 2 3 3 528 150 12 0 0 0 
1661546944.7847512 20.6509765625 62.089177982944875 985.2641074200417 1 2 2 1 2 2 411 121 15 2 0 0 
1661546949.917283 20.6560546875 62.07739789683991 985.2887006204778 2 3 3 2 3 3 477 136 15 2 0 0 
1661546955.0519698 20.6458984375 62.03003922155341 985.3004844425524 2 3 3 2 3 3 477 136 15 2 0 0 
1661546960.1858146 20.6611328125 61.9716125062953 985.2732209964021 2 3 3 2 3 3 477 136 15 2 0 0 
1661546965.318312 20.6662109375 62.0071917846399 985.2819670094028 2 3 3 2 3 3 456 136 17 2 0 0 
1661546970.4504864 20.6662109375 62.06585608102901 985.2903840234213 2 3 3 2 3 3 456 136 17 2 0 0 
1661546975.5832043 20.6560546875 61.98952080481974 985.2850049089616 2 3 3 2 3 3 456 136 17 2 0 0 
1661546980.7184327 20.6662109375 61.9365073096077 985.2701831927159 2 3 3 2 3 3 456 134 19 2 0 0 
1661546985.8502648 20.6560546875 61.96006896595223 985.2914096135984 2 3 3 2 3 3 456 134 19 2 0 0 
1661546990.9819336 20.6662109375 62.07763634262446 985.2631205026513 2 3 3 2 3 3 456 134 19 2 0 0 
1661546996.1165607 20.6560546875 61.88961977789631 985.2648039181015 2 3 3 2 3 3 414 127 17 2 0 0 
1661547001.250363 20.6763671875 62.01897238639486 985.2964599043959 2 3 3 2 3 3 414 127 17 2 0 0 
1661547006.38373 20.6662109375 61.830713421567495 985.2779421745508 2 3 3 2 3 3 414 127 17 2 0 0 
1661547011.513501 20.6712890625 61.89574668833125 985.2618030782709 2 4 4 2 4 4 477 141 24 4 0 0 
1661547016.647434 20.6611328125 61.97774010014783 985.2543741669928 2 4 4 2 4 4 477 141 24 4 0 0 
1661547021.7818267 20.6560546875 61.9716125062953 985.2853338148004 2 4 4 2 4 4 477 141 24 4 0 0 
1661547026.9138231 20.6509765625 61.817754574781056 985.2755622770178 1 2 2 1 2 2 312 92 13 4 0 0 
1661547032.0459974 20.6306640625 62.13605878757649 985.2819670094028 1 2 2 1 2 2 312 92 13 4 0 0 
1661547037.1797311 20.6458984375 62.100719302711 985.2587283925881 1 2 2 1 2 2 282 83 11 4 0 0 
1661547042.3118303 20.6611328125 61.977977382652284 985.2611078820385 1 2 2 1 2 2 282 83 11 4 0 0 
1661547047.443637 20.6763671875 62.178006480887895 985.2695250274201 1 2 2 1 2 2 282 83 11 4 0 0 
1661547052.5746655 20.6763671875 62.01355745092152 985.2691957803574 1 2 2 1 2 2 267 80 11 4 0 0 
1661547057.7100503 20.6763671875 61.96078017673929 985.2651700176904 1 2 2 1 2 2 267 80 11 4 0 0 
1661547062.842119 20.6763671875 62.031466575742115 985.2654995110944 1 2 2 1 2 2 267 80 11 4 0 0 
1661547067.9765966 20.6865234375 61.9200280045563 985.2698908649916 0 2 2 0 2 2 231 73 13 4 0 0 
1661547073.1002903 20.6814453125 61.849337615793985 985.2506779137094 0 2 2 0 2 2 231 73 13 4 0 0 
1661547078.2319767 20.6662109375 61.88420157197054 985.2725626661121 0 2 2 0 2 2 231 73 13 4 0 0 
1661547083.3632417 20.6662109375 61.91930917019869 985.2560575956493 1 2 2 1 2 2 246 78 13 4 0 0 
1661547088.494037 20.6814453125 61.83094901409195 985.2574116824201 1 2 2 1 2 2 246 78 13 4 0 0 
1661547093.6282225 20.6763671875 62.09602253519869 985.2301469458274 1 2 2 1 2 2 246 78 13 4 0 0 
1661547098.7626605 20.6662109375 61.94899896614517 985.2486649523568 1 3 3 1 3 3 294 94 17 6 0 0 
1661547103.8969047 20.6662109375 61.825058254680826 985.2476404530665 0 2 2 0 2 2 294 94 17 6 0 0 
1661547109.0310276 20.6712890625 61.90140092565888 985.2530200114196 2 3 3 2 3 3 513 151 17 4 0 0 
1661547114.1646874 20.6662109375 61.92472641968526 985.2375398842764 2 3 3 2 3 3 513 151 17 4 0 0 
1661547119.2982495 20.6662109375 62.00742940297435 985.2516657734202 2 3 3 2 3 3 513 151 17 4 0 0 
1661547124.433133 20.6611328125 61.989283377241335 985.2594244531721 2 4 4 2 4 4 519 153 19 4 0 0 
1661547129.566201 20.6611328125 62.10119674231782 985.2631205026513 2 4 4 2 4 4 519 153 19 4 0 0 
1661547134.7007148 20.6662109375 62.09554529436174 985.2530200114196 2 4 4 2 4 4 519 153 19 4 0 0 
1661547139.8326516 20.6103515625 62.06561776957005 985.239881965549 1 3 3 1 3 3 498 151 19 4 0 0 
1661547144.96754 20.6509765625 62.04794750148109 985.2556905471813 1 3 3 1 3 3 498 151 19 4 0 0 
1661547150.1002872 20.6560546875 62.10660924258272 985.2536782286236 1 3 3 1 3 3 498 151 19 4 0 0 
1661547155.2341614 20.6408203125 62.02956335089444 985.2338246117884 2 3 3 2 3 3 498 149 19 4 0 0 
1661547160.3635201 20.6408203125 62.12969074497864 985.2371734330459 2 3 3 2 3 3 498 149 19 4 0 0 
1661547165.497859 20.6458984375 62.12380098059192 985.2489570501525 2 3 3 2 3 3 498 149 19 4 0 0 
1661547170.62822 20.6357421875 62.07668249503967 985.2146111214761 2 4 4 2 4 4 504 151 21 4 0 0 
1661547175.7626476 20.6357421875 62.11154362676625 985.2129278036216 2 4 4 2 4 4 504 151 21 4 0 0 
1661547180.8929734 20.6255859375 62.17091880755123 985.2398608976862 2 4 4 2 4 4 504 151 21 4 0 0 
1661547186.0266056 20.6154296875 62.26467119929279 985.2358368437245 2 4 4 2 4 4 483 144 19 4 0 0 
1661547191.1567338 20.6306640625 62.04675679051978 985.2412156040123 1 2 2 1 2 2 321 92 10 0 0 0 
1661547196.2909534 20.6306640625 62.370920378120786 985.2247110300711 1 2 2 1 2 2 333 96 12 0 0 0 
1661547201.4224465 20.6255859375 62.07644400629071 985.2341534978489 1 2 2 1 2 2 333 96 12 0 0 0 
1661547206.5558643 20.6408203125 62.20012721584926 985.2742252574596 1 2 2 1 2 2 333 96 12 0 0 0 
1661547211.6877882 20.6357421875 62.064664416323 985.2307868063073 1 2 2 1 2 2 375 105 14 0 0 0 
1661547216.8205462 20.6509765625 62.10660924258272 985.2351609661412 1 2 2 1 2 2 375 105 14 0 0 0 
1661547221.9542875 20.6611328125 62.13605878757649 985.2354900594532 1 2 2 1 2 2 375 105 14 0 0 0 
1661547227.0884354 20.6458984375 62.04205739153566 985.2604117807163 1 3 3 1 3 3 429 124 18 0 0 0 
1661547232.2221687 20.6662109375 61.96595935430912 985.2482989708215 1 3 3 1 3 3 429 124 18 0 0 0 
1661547237.3556113 20.6611328125 61.9890459389217 985.229452208341 1 3 3 1 3 3 429 124 18 0 0 0 
1661547242.4889114 20.6712890625 62.04300949830858 985.212618071681 1 2 2 1 2 2 393 112 16 0 0 0 
1661547247.6222618 20.6712890625 62.0668092194537 985.2153256463466 1 2 2 1 2 2 393 112 16 0 0 0 
1661547252.7546954 20.6712890625 61.97232415230857 985.1705327606431 1 2 2 1 2 2 393 112 16 0 0 0 
1661547257.8886688 20.6814453125 61.96643363990948 985.2348675729893 1 2 2 1 2 2 399 114 18 0 0 0 
1661547263.0227118 20.6763671875 62.00201408960802 985.1917574852475 1 2 2 1 2 2 399 114 18 0 0 0 
1661547268.1565852 20.6712890625 61.92519976493513 985.2055547663922 1 2 2 1 2 2 399 114 18 0 0 0 
1661547273.2905393 20.6611328125 61.94876204095919 985.1937707819599 2 3 3 2 3 3 471 138 25 0 0 0 
1661547278.4239042 20.6712890625 62.1075643474781 985.1900740456939 2 3 3 2 3 3 471 138 25 0 0 0 
1661547283.5569093 20.6662109375 62.07859001835166 985.1934409248712 2 3 3 2 3 3 537 161 25 0 0 0 
1661547288.6897097 20.6763671875 61.99636101328348 985.2166793100329 2 3 3 2 3 3 537 161 25 0 0 0 
1661547293.823679 20.6763671875 62.00790460741965 985.2008680984203 2 3 3 2 3 3 537 161 25 0 0 0 
1661547298.9566088 20.6865234375 61.79607464998845 985.2106388372994 2 3 3 2 3 3 516 156 21 0 0 0 
1661547304.0899556 20.6865234375 62.19099409743568 985.20928550268 2 3 3 2 3 3 516 156 21 0 0 0 
1661547309.2228117 20.6916015625 61.902110089167216 985.1877304818507 2 3 3 2 3 3 516 156 21 0 0 0 
1661547314.3568377 20.6763671875 61.87879212457045 985.1722489370227 2 3 4 2 3 4 522 156 21 2 2 0 
1661547319.4899232 20.6966796875 61.843682366650064 985.1991846177782 2 3 4 2 3 4 522 156 21 2 2 0 
1661547324.6230078 20.6966796875 62.02040788331903 985.2153591061756 2 3 4 2 3 4 522 156 21 2 2 0 
1661547329.756899 20.6966796875 61.779115623280575 985.2062806697129 2 3 4 2 3 4 501 151 21 2 2 0 
1661547334.8908887 20.7068359375 61.8498091063765 985.184725396928 2 3 4 2 3 4 501 151 21 2 2 0 
1661547340.0246785 20.7017578125 61.86182707297446 985.2143678022119 2 3 4 2 3 4 501 151 21 2 2 0 
1661547345.158705 20.7068359375 61.855700163060995 985.1827111840241 2 3 4 2 3 4 516 158 21 4 2 0 
1661547350.293009 20.7017578125 61.7911330308456 985.2197489534076 2 3 4 2 3 4 516 158 21 4 2 0 
1661547355.4269032 20.7068359375 62.079791038395285 985.2086250730583 0 1 1 0 1 1 411 117 16 0 0 0 
1661547360.5607064 20.7068359375 62.06188066220292 985.211992089477 0 1 1 0 1 1 411 117 16 0 0 0 
1661547365.6947773 20.7017578125 61.973993403876264 985.2032441290366 0 1 1 0 1 1 411 117 16 0 0 0 
1661547370.8285196 20.7119140625 61.72656316453101 985.169573713319 1 1 1 1 1 1 426 124 18 0 0 0 
1661547375.9622436 20.7169921875 61.88020848255862 985.1709264463232 2 2 2 2 2 2 426 124 18 0 0 0 
1661547381.0961673 20.7068359375 61.67989904484958 985.1938344015974 2 2 2 2 2 2 426 124 18 0 0 0 
1661547386.2298417 20.7169921875 61.80927716605754 985.1904672781279 1 2 2 1 2 2 417 117 20 0 0 0 
1661547391.3635926 20.7169921875 61.8450962420198 985.1665662785458 1 2 2 1 2 2 417 117 20 0 0 0 
1661547396.4966488 20.7169921875 62.003685629310596 985.1887837164982 1 2 2 1 2 2 417 117 20 0 0 0 
1661547401.6309953 20.7169921875 61.838969277018364 985.2089864606737 1 2 2 1 2 2 402 112 18 0 0 0 
1661547406.7647932 20.7119140625 61.90966474911543 985.2089864606737 1 2 2 1 2 2 402 112 18 0 0 0 
1661547411.8985794 20.7169921875 61.714780319252704 985.2019213530446 1 2 2 1 2 2 402 112 18 0 0 0 
1661547417.0328982 20.7068359375 61.82058906187052 985.1547528484278 1 2 2 1 2 2 387 107 14 0 0 0 
1661547422.1662815 20.7068359375 61.82648023719472 985.2130148110004 1 2 2 1 2 2 387 107 14 0 0 0 
1661547427.300628 20.7119140625 62.03314047913989 985.2096477402167 1 2 2 1 2 2 387 107 14 0 0 0 
1661547432.4326215 20.7119140625 61.79183813874277 985.1857474778259 1 2 2 1 2 2 399 112 16 0 0 0 
1661547437.5664608 20.7169921875 62.09181094519917 985.1978629946782 1 2 2 1 2 2 366 104 12 0 0 0 
1661547442.7002919 20.7068359375 62.056704173710116 985.2123535856829 1 2 2 1 2 2 360 104 12 0 0 0 
1661547447.8340816 20.7220703125 61.81563907341277 985.2103392324742 1 2 2 1 2 2 360 104 12 0 0 0 
1661547452.967865 20.7169921875 61.82129517737229 985.205950057646 1 2 2 1 2 2 360 104 12 0 0 0 
1661547458.1014526 20.7169921875 61.8915186750186 985.2079642049299 1 2 2 1 2 2 333 95 10 0 0 0 
1661547463.2351923 20.7220703125 62.03290268922924 985.2032441290366 1 2 2 1 2 2 333 95 10 0 0 0 
1661547468.369452 20.7169921875 61.80927716605754 985.2113312755736 0 1 1 0 1 1 333 95 10 0 0 0 
1661547473.502636 20.7068359375 61.68532302591489 985.2227855485273 1 1 1 1 1 1 363 107 12 0 0 0 
1661547478.6364667 20.7220703125 61.88586365647679 985.2039357736852 1 1 1 1 1 1 363 107 12 0 0 0 
1661547483.7703803 20.72734375 61.88633584569901 985.1941652181929 2 2 2 2 2 2 363 107 12 0 0 0 
1661547488.9041038 20.7169921875 61.88020848255862 985.218426281127 2 2 2 2 2 2 390 114 12 0 0 0 
1661547494.0384095 20.7220703125 61.85098764485758 985.213706384736 2 2 2 2 2 2 390 114 12 0 0 0 
1661547499.172168 20.7169921875 61.879972449747406 985.222124266615 1 1 1 1 1 1 390 114 12 0 0 0 
1661547504.3053555 20.7220703125 61.833784342629485 985.1837330320288 1 1 1 1 1 1 417 123 12 0 0 0 
1661547509.439116 20.72734375 61.70369948555118 985.194856028445 1 1 1 1 1 1 417 123 12 0 0 0 
1661547514.5732212 20.72734375 61.845331850319695 985.1827396803949 1 1 1 1 1 1 417 123 12 0 0 0 
1661547519.7070544 20.72734375 61.76261552136416 985.1766677252533 2 2 4 2 2 4 480 126 22 4 2 0 
1661547524.8408139 20.72734375 61.85075195864424 985.2032739742568 2 2 4 2 2 4 480 126 22 4 2 0 
1661547529.973929 20.7220703125 61.80362098507749 985.194856028445 2 3 4 2 3 4 486 128 22 4 2 0 
1661547535.1076844 20.7169921875 61.96268538037661 985.1540911126987 2 3 4 2 3 4 486 128 22 4 2 0 
1661547540.2420642 20.7119140625 61.99803200464045 985.1891145737628 2 3 4 2 3 4 486 128 22 4 2 0 
1661547545.375869 20.7169921875 61.90942838045368 985.1843947182613 1 2 3 1 2 3 444 119 22 2 2 0 
1661547550.5090446 20.7068359375 61.991428967073126 985.156436354363 1 2 3 1 2 3 444 119 22 2 2 0 
1661547555.6432862 20.6966796875 61.82671568694305 985.1692429126458 1 2 3 1 2 3 444 119 22 2 2 0 
1661547560.7772603 20.7068359375 62.008864023889316 985.1786524515214 1 2 3 1 2 3 471 122 24 2 2 0 
1661547565.9111023 20.7068359375 62.03290268922924 985.1591417120512 1 2 3 1 2 3 471 122 24 2 2 0 
1661547571.045485 20.6966796875 61.985775343297504 985.140953881967 1 2 3 1 2 3 471 122 24 2 2 0 
1661547576.1791315 20.6966796875 61.88515529208312 985.1493714773242 2 3 3 2 3 3 471 129 24 0 0 0 
1661547581.312912 20.6916015625 61.68508918838187 985.169573713319 2 3 3 2 3 3 471 129 24 0 0 0 
1661547586.4467447 20.6966796875 62.038079925476396 985.1493714773242 2 3 3 2 3 3 471 129 24 0 0 0 
1661547591.5806031 20.6966796875 61.86701035193852 985.1281476833049 1 2 2 1 2 2 417 115 22 0 0 0 
1661547596.713636 20.7017578125 61.696638019610845 985.1480188253875 1 2 2 1 2 2 417 115 22 0 0 0 
1661547601.8480225 20.7017578125 61.773459288707514 985.1463353198021 1 1 1 1 1 1 360 109 17 0 0 0 
1661547606.9824767 20.7017578125 61.74989415507975 985.1577890744308 1 1 1 1 1 1 360 109 17 0 0 0 
1661547612.1160214 20.7068359375 61.879736406194795 985.1507240468136 1 1 1 1 1 1 360 109 17 0 0 0 
1661547617.2494009 20.7169921875 61.90966474911543 985.1456734485106 1 1 1 1 1 1 369 112 15 0 0 0 
1661547622.383004 20.7220703125 61.90966474911543 985.1621778141056 1 1 1 1 1 1 369 112 15 0 0 0 
1661547627.516077 20.7169921875 61.97446762964177 985.1453423484173 1 1 1 1 1 1 369 112 15 0 0 0 
1661547632.6501582 20.7119140625 61.89199102006425 985.1652138610299 1 2 2 1 2 2 396 121 15 0 0 0 
1661547637.7841272 20.7220703125 61.97470472641266 985.1769987870496 1 2 2 1 2 2 396 121 15 0 0 0 
1661547642.9183123 20.7119140625 62.045160260511274 985.1611842626937 1 2 2 1 2 2 396 121 15 0 0 0 
1661547648.0520945 20.7220703125 61.85075195864424 985.1645514380091 1 2 2 1 2 2 402 123 15 0 0 0 
1661547653.1857128 20.7169921875 61.968576510156346 985.1251397988286 1 2 2 1 2 2 402 123 15 0 0 0 
1661547658.3198206 20.7220703125 61.81540379023499 985.1450111386886 1 2 2 1 2 2 402 123 15 0 0 0 
1661547663.4536867 20.72734375 61.67989904484958 985.1652138610299 2 3 3 2 3 3 369 119 15 0 0 0 
1661547668.5874186 20.7220703125 61.95137673539557 985.1763365538176 2 3 3 2 3 3 369 119 15 0 0 0 
1661547673.7212992 20.7169921875 61.886099756458584 985.1850855994343 2 3 3 2 3 3 369 119 15 0 0 0 
1661547678.8541346 20.7220703125 61.88044450462845 985.1298591035459 2 2 2 2 2 2 333 107 6 0 0 0 
1661547683.9878 20.7375 61.904246087152856 985.1365933406872 1 2 2 1 2 2 369 107 18 0 0 0 
1661547689.120966 20.7375 61.75742773395761 985.1659036633552 1 2 2 1 2 2 333 97 18 0 0 0 
1661547694.254221 20.74765625 61.71618513421268 985.172995395987 1 2 2 1 2 2 333 97 18 0 0 0 
1661547699.3879545 20.74765625 61.92828455878172 985.1571541176157 1 2 2 1 2 2 333 97 18 0 0 0 
1661547704.5217803 20.7375 61.639357160657106 985.1669242380859 1 1 1 1 1 1 291 88 14 0 0 0 
1661547709.656034 20.732421875 61.77510297941959 985.1686078666578 1 1 1 1 1 1 291 88 14 0 0 0 
1661547714.7901533 20.732421875 61.84556744787817 985.1723066514952 1 1 1 1 1 1 291 88 14 0 0 0 
1661547719.9240806 20.742578125 61.90471861494767 985.1739902667205 1 1 1 1 1 1 285 83 14 0 0 0 
1661547725.0579865 20.752734375 61.78735622286086 985.1632252762363 1 1 1 1 1 1 285 83 14 0 0 0 
1661547730.1919286 20.752734375 61.91084643130412 985.1245015298208 1 1 1 1 1 1 285 83 14 0 0 0 
1661547735.3259935 20.74765625 61.76402336744214 985.1511078748138 0 1 1 0 1 1 312 90 14 0 0 0 
1661547740.4599767 20.74765625 61.56935084372912 985.1568224681245 0 1 1 0 1 1 312 90 14 0 0 0 
1661547745.5936909 20.74765625 61.55190630985298 985.1514397842776 0 1 1 0 1 1 312 90 14 0 0 0 
1661547750.7266374 20.752734375 61.65773310163037 985.1867962704423 0 1 1 0 1 1 342 97 14 0 0 0 
1661547755.8599184 20.7578125 61.76944594404507 985.1544751849937 1 2 2 1 2 2 342 97 14 0 0 0 
1661547760.993905 20.752734375 61.74022111897372 985.136287013941 1 2 2 1 2 2 342 97 14 0 0 0 
1661547766.126679 20.752734375 62.01123896786553 985.1645771172127 1 2 2 1 2 2 348 90 14 2 0 0 
1661547771.2601588 20.74765625 61.55710180967788 985.1632252762363 1 2 2 1 2 2 348 90 14 2 0 0 
1661547776.3939004 20.742578125 61.8399114200461 985.1568224681245 1 2 2 1 2 2 339 92 14 2 0 0 
1661547781.5268333 20.7375 61.78735622286086 985.1598579924696 1 2 2 1 2 2 339 92 14 2 0 0 
1661547786.6598303 20.74765625 61.757662302424244 985.1857755752578 1 2 2 1 2 2 339 92 14 2 0 0 
1661547791.7942111 20.742578125 61.68106762807918 985.163888576418 1 2 2 1 2 2 354 97 12 2 0 0 
1661547796.9284651 20.732421875 61.774868198685375 985.1403179755098 1 2 2 1 2 2 354 97 12 2 0 0 
1661547802.0622842 20.732421875 61.88657192419805 985.1386343616841 1 2 2 1 2 2 354 97 12 2 0 0 
1661547807.196177 20.732421875 61.76897652766839 985.1527663256297 1 2 2 1 2 2 381 106 10 2 0 0 
1661547812.329588 20.732421875 61.66858296295517 985.1669242380859 1 2 2 1 2 2 381 106 10 2 0 0 
1661547817.4626207 20.732421875 61.96339623546256 985.1116965499913 1 2 2 1 2 2 381 106 10 2 0 0 
1661547822.5959814 20.72734375 61.898354709796024 985.1369507479285 1 2 2 1 2 2 387 108 10 2 0 0 
1661547827.7290835 20.72734375 61.921920157454686 985.1194262272221 1 2 2 1 2 2 387 108 10 2 0 0 
1661547832.8634338 20.7220703125 62.01618030092529 985.1207781807436 1 2 2 1 2 2 387 108 10 2 0 0 
1661547837.9981122 20.72734375 61.85687903740084 985.1477155642314 1 2 2 1 2 2 423 117 10 2 0 0 
1661547843.1318114 20.7375 61.82765737852164 985.0961879346345 1 2 2 1 2 2 423 117 10 2 0 0 
1661547848.265815 20.732421875 61.97494181244232 985.1571541176157 1 1 2 1 1 2 366 96 15 2 2 0 
1661547853.3987794 20.732421875 61.79843477980315 985.1251654535981 1 1 2 1 1 2 366 96 15 2 2 0 
1661547858.5323608 20.72734375 61.7515359648798 985.1224617666868 1 1 2 1 1 2 366 96 15 2 2 0 
1661547863.6639738 20.732421875 61.88680799195572 985.1376140433239 1 1 3 1 1 3 324 89 19 2 2 0 
1661547868.799611 20.732421875 62.116090117710286 985.1436852033711 1 1 3 1 1 3 324 89 19 2 2 0 
1661547873.933418 20.7375 61.76897652766839 985.1396542957481 1 1 3 1 1 3 324 89 19 2 2 0 
1661547879.0645256 20.742578125 61.739752395838416 985.114043837671 1 1 2 1 1 2 315 86 19 2 2 0 
1661547884.1994934 20.742578125 61.90448235642093 985.1201146142207 1 1 2 1 1 2 315 86 19 2 2 0 
1661547889.3319223 20.7375 61.86324202853862 985.1086612577684 1 1 2 1 1 2 315 86 19 2 2 0 
1661547894.4641201 20.732421875 61.89222717647502 985.1187628528756 1 1 3 1 1 3 324 89 21 2 2 0 
1661547899.5954053 20.7375 61.739752395838416 985.096876066661 1 1 3 1 1 3 324 89 21 2 2 0 
1661547904.7287178 20.7375 61.91602881098218 985.133583520627 1 1 3 1 1 3 324 89 21 2 2 0 
1661547909.860135 20.732421875 61.83401979510175 985.1420015894054 1 1 2 1 1 2 315 86 21 2 2 0 
1661547914.9873302 20.742578125 61.97565300608391 985.1470524315124 1 1 2 1 1 2 315 86 21 2 2 0 
1661547920.1143548 20.7375 61.7513014528474 985.1221300518046 1 1 2 1 1 2 315 86 21 2 2 0 
1661547925.241583 20.7375 61.73409489563677 985.0877937741534 0 1 2 0 1 2 273 75 21 2 2 0 
1661547930.3720098 20.742578125 62.015942744732875 985.117079253516 1 1 1 1 1 1 414 121 16 2 0 0 
1661547935.5025063 20.7220703125 61.99826937007716 985.1042740795202 0 1 1 0 1 1 366 107 16 2 0 0 
1661547940.6328063 20.72734375 61.868425903875774 985.1123602520779 1 2 2 1 2 2 366 107 16 2 0 0 
1661547945.763269 20.7220703125 61.81540379023499 985.134246870248 1 2 2 1 2 2 366 107 16 2 0 0 
1661547950.893692 20.7119140625 61.791603113518576 985.1170534033575 1 2 2 1 2 2 387 112 18 2 0 0 
1661547956.0241432 20.7068359375 61.91508308914025 985.1237875298093 1 2 2 1 2 2 387 112 18 2 0 0 
1661547961.1545157 20.7068359375 61.82058906187052 985.124449753563 1 2 2 1 2 2 387 112 18 2 0 0 
1661547966.2861624 20.7017578125 61.85593595941182 985.140953881967 2 2 2 2 2 2 408 117 18 2 0 0 
1661547971.4207175 20.7119140625 61.88539142428907 985.112665222794 2 2 2 2 2 2 408 117 18 2 0 0 
1661547976.5548708 20.7119140625 61.91484663182645 985.1311837726846 2 2 2 2 2 2 408 117 18 2 0 0 
1661547981.6888041 20.7017578125 61.885627545753614 985.1561055548693 2 3 3 2 3 3 435 124 21 4 0 0 
1661547986.8217824 20.7169921875 61.6916822823678 985.130190435281 2 3 3 2 3 3 435 124 21 4 0 0 
1661547991.9556415 20.7169921875 61.80927716605754 985.1035851538129 1 2 2 1 2 2 435 124 21 4 0 0 
1661547997.0895388 20.72734375 61.856643284015725 985.1194262272221 1 2 2 1 2 2 429 124 21 2 0 0 
1661548002.2231221 20.72734375 61.739049230573436 985.117079253516 1 2 2 1 2 2 429 124 21 2 0 0 
1661548007.3573625 20.74765625 61.89317169470448 985.1096809082846 1 2 2 1 2 2 429 124 21 2 0 0 
1661548012.4905038 20.742578125 61.94030411972719 985.1332516813458 2 3 3 2 3 3 468 138 27 0 0 0 
1661548017.6244848 20.742578125 61.75742773395761 985.0992469325403 2 3 3 2 3 3 468 138 27 0 0 0 
1661548022.7586782 20.74765625 61.6280395265874 985.1046300301276 2 3 3 2 3 3 462 133 29 0 0 0 
1661548027.8926682 20.752734375 61.704869358638135 985.0874614591983 2 3 3 2 3 3 462 133 29 0 0 0 
1661548033.0251372 20.74765625 61.71641923244359 985.1042978507367 2 3 3 2 3 3 462 133 29 0 0 0 
1661548038.1788368 20.74765625 61.634397862270454 985.1127160491302 2 3 3 2 3 3 462 136 29 0 0 0 
1661548043.3126197 20.7578125 61.95797860923522 985.0790432660538 2 3 3 2 3 3 462 136 29 0 0 0 
1661548048.4465966 20.752734375 61.757896860149295 985.0925123759248 2 3 3 2 3 3 462 136 29 0 0 0 
1661548053.5801303 20.74765625 61.858529010337016 985.0985821634563 2 3 3 2 3 3 447 131 29 0 0 0 
1661548058.713873 20.7578125 61.646648714002424 985.1167700982572 2 3 3 2 3 3 447 131 29 0 0 0 
1661548063.8470228 20.76796875 61.83519689634133 985.0989146028263 2 3 3 2 3 3 447 131 29 0 0 0 
1661548068.979959 20.7578125 61.92333882099313 985.0837617300089 2 2 2 2 2 2 411 122 29 0 0 0 
1661548074.1143227 20.752734375 61.71122935283204 985.1070004963647 2 2 2 2 2 2 411 122 29 0 0 0 
1661548079.2480276 20.752734375 61.76968063612108 985.1083516954667 2 2 2 2 2 2 411 122 29 0 0 0 
1661548084.381614 20.752734375 61.77557250866339 985.1140674813131 2 3 3 2 3 3 420 125 29 0 0 0 
1661548089.5158432 20.752734375 61.87596865708823 985.1160833289777 2 3 3 2 3 3 420 125 29 0 0 0 
1661548094.6498704 20.74765625 61.834255236832554 985.1093487695628 2 3 3 2 3 3 486 138 25 2 0 0 
1661548099.78343 20.74765625 61.79913989587544 985.1059814902753 2 3 3 2 3 3 486 138 25 2 0 0 
1661548104.916242 20.7578125 61.816815328179416 985.0901638322977 2 3 3 2 3 3 486 138 25 2 0 0 
1661548110.050595 20.762890625 61.66432555399133 985.101616974494 2 3 3 2 3 3 459 134 23 2 0 0 
1661548115.1847405 20.7578125 61.88233229449749 985.0867965003242 2 3 3 2 3 3 459 134 23 2 0 0 
1661548120.3190086 20.74765625 61.94054075978584 985.1066680151184 2 3 3 2 3 3 459 134 23 2 0 0 
1661548125.4533575 20.7578125 61.847216330027415 985.1167700982572 2 3 3 2 3 3 486 141 23 2 0 0 
1661548130.5870798 20.7578125 61.85263714759113 985.1056492147873 2 3 3 2 3 3 486 141 23 2 0 0 
1661548135.7204008 20.752734375 61.84674527454905 985.0824105431016 2 3 3 2 3 3 486 141 23 2 0 0 
1661548140.8536654 20.7578125 61.77604199494104 985.0504214224502 2 3 3 2 3 3 465 137 21 2 0 0 
1661548145.9866345 20.752734375 61.73479773047291 985.090828736946 2 3 3 2 3 3 465 137 21 2 0 0 
1661548151.1204302 20.7578125 61.70510330103056 985.080061837217 2 3 3 2 3 3 465 137 21 2 0 0 
1661548156.2547793 20.7578125 61.77038464789983 985.0820780778236 2 3 3 2 3 3 438 133 23 4 0 0 
1661548161.3892055 20.74765625 61.846274176104984 985.0985821634563 2 3 3 2 3 3 438 133 23 4 0 0 
1661548166.523037 20.7578125 61.68176864911662 985.1022819086669 2 3 3 2 3 3 438 133 23 4 0 0 
1661548171.6560495 20.742578125 61.71099535400352 985.1026142112678 1 3 3 1 3 3 372 114 27 4 0 0 
1661548176.789605 20.7375 62.01713041828333 985.1177669690063 1 3 3 1 3 3 399 123 23 0 0 0 
1661548181.9239073 20.72734375 61.85735051194682 985.0988915698518 1 3 3 1 3 3 393 121 21 0 0 0 
1661548187.0582392 20.72734375 61.92781149363241 985.105625910405 1 3 3 1 3 3 393 121 21 0 0 0 
1661548192.1927254 20.7220703125 61.92144718367803 985.1345783805925 1 3 3 1 3 3 393 121 21 0 0 0 
1661548197.3271294 20.72734375 61.756489352675366 985.1009069363565 2 3 3 2 3 3 399 123 21 0 0 0 
1661548202.4610038 20.7119140625 61.77392896833301 985.1086357468672 2 3 3 2 3 3 399 123 21 0 0 0 
1661548207.5945702 20.7220703125 61.78594670013396 985.1281755444355 2 3 3 2 3 3 399 123 21 0 0 0 
1661548212.725391 20.7220703125 61.868425903875774 985.1365933406872 2 3 4 2 3 4 426 132 21 2 2 0 
1661548217.8586404 20.7119140625 62.033853784424934 985.1318739809051 2 3 4 2 3 4 426 132 21 2 2 0 
1661548222.992523 20.7169921875 61.904246087152856 985.1113399571806 2 3 4 2 3 4 426 132 21 2 2 0 
1661548228.1269748 20.7220703125 61.8269511259499 985.0982030817197 1 2 3 1 2 3 378 118 17 2 2 0 
1661548233.2612762 20.7220703125 62.021358570090364 985.0655519500359 1 2 3 1 2 3 378 118 17 2 2 0 
1661548238.395472 20.7169921875 61.927338385517885 985.0796840990994 1 2 3 1 2 3 378 118 17 2 2 0 
1661548243.5293856 20.72734375 61.821530527723255 985.084758756215 0 1 2 0 1 2 357 111 15 2 2 0 
1661548248.663159 20.7375 62.022071472386614 985.0497353365245 0 1 2 0 1 2 357 111 15 2 2 0 
1661548253.7963564 20.7375 61.66292468891593 985.0820557233678 0 1 2 0 1 2 357 111 15 2 2 0 
1661548258.930398 20.7220703125 61.79843477980315 985.0931768148455 2 2 2 2 2 2 492 134 12 0 0 0 
1661548264.0647984 20.7375 62.010289119169194 985.1106766665548 1 1 1 1 1 1 492 134 12 0 0 0 
1661548269.1984081 20.7119140625 61.86866179160372 985.0689190902606 1 1 1 1 1 1 441 120 10 0 0 0 
1661548274.3314059 20.7375 61.933939424629386 985.1002432637704 1 1 1 1 1 1 441 120 10 0 0 0 
1661548279.4645202 20.7375 62.034091531371004 985.0881259794572 1 1 1 1 1 1 441 120 10 0 0 0 
1661548284.5988247 20.7375 61.85758623310768 985.072973477072 2 2 2 2 2 2 462 127 17 0 0 0 
1661548289.7317977 20.7375 61.72750028822086 985.0914932029794 2 2 2 2 2 2 462 127 17 0 0 0 
1661548294.8649693 20.7375 61.77510297941959 985.0712898660457 2 2 2 2 2 2 462 127 17 0 0 0 
1661548299.999252 20.742578125 62.05789430542821 985.038282555262 2 3 3 2 3 3 495 143 19 0 0 0 
1661548305.1334867 20.7375 61.78075985940733 985.0914932029794 2 3 3 2 3 3 495 143 19 0 0 0 
1661548310.2676973 20.7375 61.89882710325103 985.0783564875637 2 3 3 2 3 3 495 143 19 0 0 0 
1661548315.4019287 20.742578125 61.78052500075671 985.0813915332527 2 3 3 2 3 3 543 152 24 0 0 0 
1661548320.5359054 20.7375 62.039982739112475 985.0413173547738 2 3 3 2 3 3 543 152 24 0 0 0 
1661548325.669619 20.7375 61.78641658400904 985.0712898660457 2 3 3 2 3 3 543 152 24 0 0 0 
1661548330.803075 20.7375 61.98083305596707 985.0510865391897 2 3 3 2 3 3 531 148 22 0 0 0 
1661548335.936744 20.7375 61.945722179847685 985.0110126349587 2 3 3 2 3 3 531 148 22 0 0 0 
1661548341.070666 20.742578125 61.70982519873629 985.013714331012 2 3 4 2 3 4 474 144 25 2 0 0 
1661548346.2043736 20.7375 61.89293558125916 985.0406522946591 2 3 4 2 3 4 474 144 25 2 0 0 
1661548351.3380635 20.74765625 61.698977362547176 985.0406522946591 2 3 4 2 3 4 474 144 25 2 0 0 
1661548356.471807 20.7578125 61.8641851174199 985.0197829961688 2 3 3 2 3 3 453 137 21 2 0 0 
1661548361.606205 20.76796875 61.77651143825254 985.0477392470286 2 3 3 2 3 3 453 137 21 2 0 0 
1661548366.7394454 20.76796875 61.89387997059233 985.0339366525247 2 3 3 2 3 3 453 137 21 2 0 0 
1661548371.8724384 20.76796875 61.78216878573887 984.9874603330542 2 2 3 2 2 3 423 127 19 2 0 0 
1661548377.0057342 20.773046875 61.58795781133424 985.0440387989444 2 2 3 2 2 3 423 127 19 2 0 0 
1661548382.1394956 20.773046875 61.75883498363387 985.0221508182199 2 2 3 2 2 3 423 127 19 2 0 0 
1661548387.2723718 20.78828125 61.68882929990772 985.0164327996258 2 2 3 2 2 3 435 129 19 2 0 0 
1661548392.4018877 20.778125 61.52360368977373 985.0036302283844 2 2 3 2 2 3 435 129 19 2 0 0 
1661548397.5365772 20.778125 61.74115843634521 985.0336033690236 2 2 3 2 2 3 435 129 19 2 0 0 
1661548402.6718023 20.76796875 61.853108337413666 985.0315862579176 2 2 4 2 2 4 441 126 23 4 0 0 
1661548407.8069446 20.773046875 61.629437844274165 985.0319196646424 2 2 4 2 2 4 441 126 23 4 0 0 
1661548412.939824 20.773046875 61.87667626399202 985.0130653652196 2 2 4 2 2 4 441 126 23 4 0 0 
1661548418.0742202 20.778125 61.85947161570388 985.0002628493243 2 3 4 2 3 4 471 136 25 4 0 0 
1661548423.2082067 20.778125 61.69425428892515 985.010031514053 1 2 2 1 2 2 366 100 20 0 0 0 
1661548428.3421602 20.773046875 61.77651143825254 984.99924596728 1 2 2 1 2 2 345 93 18 0 0 0 
1661548433.475922 20.773046875 61.82411867264691 985.0103649873448 1 2 2 1 2 2 345 93 18 0 0 0 
1661548438.6098325 20.773046875 61.706038963183794 985.0285522560895 1 2 2 1 2 2 345 93 18 0 0 0 
1661548443.7440662 20.773046875 61.56438786660959 985.0356203434197 1 2 2 1 2 2 324 91 20 0 0 0 
1661548448.8771303 20.783203125 61.877147948221015 985.0218174398235 1 2 2 1 2 2 324 91 20 0 0 0 
1661548454.0107572 20.76796875 61.92381162290883 985.0069976077244 1 2 2 1 2 2 324 91 20 0 0 0 
1661548459.1447678 20.762890625 61.8349614975763 985.0204671278849 1 2 2 1 2 2 297 84 20 0 0 0 
1661548464.278788 20.762890625 61.646182205023365 985.034269826361 1 2 2 1 2 2 297 84 20 0 0 0 
1661548469.4124222 20.7578125 61.73479773047291 985.0039636462368 1 2 2 1 2 2 297 84 20 0 0 0 
1661548474.5476048 20.752734375 61.77604199494104 985.01136474924 0 1 1 0 1 1 276 79 20 0 0 0 
1661548479.6813102 20.7578125 61.87573276663755 985.018099346643 0 1 1 0 1 1 276 79 20 0 0 0 
1661548484.8143818 20.752734375 61.846274176104984 985.0116977838869 0 1 1 0 1 1 276 79 20 0 0 0 
1661548489.9483476 20.762890625 61.646182205023365 985.0079974509586 0 1 1 0 1 1 270 81 20 0 0 0 
1661548495.0824926 20.762890625 61.62238047645431 985.0430212101452 0 1 1 0 1 1 270 81 20 0 0 0 
1661548500.2164152 20.752734375 61.81115867926257 985.0251668713618 0 1 1 0 1 1 270 81 20 0 0 0 
1661548505.3503003 20.7578125 61.8816244538569 985.0413375460832 1 2 2 1 2 2 312 99 6 0 0 0 
1661548510.4843493 20.7578125 61.88233229449749 984.9982287008913 1 2 2 1 2 2 312 99 6 0 0 0 
1661548515.6183038 20.752734375 61.799609919549454 985.0211335827985 1 1 1 1 1 1 276 87 4 0 0 0 
1661548520.7520645 20.7578125 61.79324806451601 984.9982287008913 1 1 1 1 1 1 276 87 4 0 0 0 
1661548525.88611 20.7578125 61.68766081045209 985.0282012448473 1 1 1 1 1 1 276 87 4 0 0 0 
1661548531.0187635 20.74765625 61.74068979914265 985.0214666457645 1 1 1 1 1 1 282 87 6 0 0 0 
1661548536.1501522 20.7578125 61.82906959364564 984.9941949807633 1 1 1 1 1 1 282 87 6 0 0 0 
1661548541.281123 20.752734375 61.728905651506984 984.9861100189523 1 1 1 1 1 1 282 87 6 0 0 0 
1661548546.414179 20.752734375 61.77557250866339 985.0110316049354 1 2 2 1 2 2 324 101 10 0 0 0 
1661548551.5487902 20.7578125 61.76425797085968 985.0285341439303 1 2 2 1 2 2 324 101 10 0 0 0 
1661548556.680323 20.7578125 61.99993062738071 984.9911609637498 1 2 2 1 2 2 324 101 10 0 0 0 
1661548561.814276 20.7578125 61.8582933321418 985.0234832351823 1 2 2 1 2 2 351 108 12 0 0 0 
1661548566.9473424 20.7578125 61.982255749580304 985.0063138019227 1 2 2 1 2 2 351 108 12 0 0 0 
1661548572.0813963 20.752734375 61.911319028990285 985.0100141482675 1 2 2 1 2 2 351 108 12 0 0 0 
1661548577.215309 20.7578125 61.89364388937106 985.0063138019227 1 2 2 1 2 2 351 108 14 0 0 0 
1661548582.3492544 20.74765625 61.763788753283045 985.0265175949717 1 2 2 1 2 2 351 108 14 0 0 0 
1661548587.4831185 20.74765625 61.69308535616051 985.0049632418293 1 2 2 1 2 2 357 104 16 0 0 0 
1661548592.6162515 20.74765625 61.89953561287342 985.0228172460206 1 2 2 1 2 2 357 104 16 0 0 0 
1661548597.7498405 20.74765625 61.77557250866339 984.9813923534458 1 2 2 1 2 2 357 104 16 0 0 0 
1661548602.882676 20.752734375 62.070391115701085 985.0096811000642 1 3 3 1 3 3 399 121 18 0 0 0 
1661548608.015973 20.74765625 61.83449066782191 984.9598384574684 1 3 3 1 3 3 399 121 18 0 0 0 
1661548613.149963 20.752734375 61.634397862270454 984.9995792064794 1 3 3 1 3 3 399 121 18 0 0 0 
1661548618.2844326 20.7578125 61.85263714759113 984.9958786428656 1 2 2 1 2 2 384 114 18 0 0 0 
1661548623.418003 20.762890625 61.811628950148965 984.9770248384976 1 2 2 1 2 2 384 114 18 0 0 0 
1661548628.5521197 20.7578125 61.71688739668053 984.9537871113062 1 2 2 1 2 2 384 114 18 0 0 0 
1661548633.6861098 20.7578125 62.000167906887896 984.9608553044121 1 2 2 1 2 2 375 109 16 0 0 0 
1661548638.8205097 20.762890625 61.68789452982655 984.9884770248184 1 2 2 1 2 2 375 109 16 0 0 0 
1661548643.9538412 20.76796875 61.56981562746616 984.9985791598991 1 2 2 1 2 2 375 109 16 0 0 0 
1661548649.0878782 20.76796875 61.82411867264691 984.9696226517347 1 2 2 1 2 2 327 98 12 0 0 0 
1661548654.222655 20.78828125 61.78310785512938 984.9908432066541 1 2 2 1 2 2 327 98 12 0 0 0 
1661548659.356964 20.78828125 61.636029515189975 984.9817564105424 1 2 2 1 2 2 327 98 12 0 0 0 
1661548664.4907284 20.78828125 61.618351513038384 984.9480812936886 1 2 2 1 2 2 342 103 12 0 0 0 
1661548669.6227632 20.7984375 61.75411488829217 984.9181083564897 1 2 2 1 2 2 408 118 12 0 0 0 
1661548674.7540805 20.7984375 61.77179238143574 984.9645844744898 1 2 2 1 2 2 387 111 12 0 0 0 
1661548679.8857715 20.7984375 61.74822236998196 984.9517831770139 1 2 2 1 2 2 387 111 12 0 0 0 
1661548685.0169268 20.778125 61.81256936302405 984.9571686250616 1 2 2 1 2 2 387 111 12 0 0 0 
1661548690.1515274 20.78828125 61.74798804328299 984.9770393107812 1 2 2 1 2 2 372 106 12 0 0 0 
1661548695.28595 20.78828125 61.81256936302405 984.9534669187749 1 2 2 1 2 2 372 106 12 0 0 0 
1661548700.4182832 20.78828125 61.68317040116607 984.9733376287041 1 2 2 1 2 2 372 106 12 0 0 0 
1661548705.5488188 20.793359375 61.73007649218446 984.9709724587678 1 2 2 1 2 2 444 125 16 0 0 0 
1661548710.6808486 20.778125 61.68812823845934 984.9527856376676 1 2 2 1 2 2 444 125 16 0 0 0 
1661548715.811508 20.778125 61.676810753102195 984.956153039921 1 2 2 1 2 2 444 125 16 0 0 0 
1661548720.9449027 20.778125 61.73503198726842 984.9800585808426 1 1 1 1 1 1 423 122 14 0 0 0 
1661548726.0759943 20.762890625 61.717355517950935 984.9719738140412 1 1 1 1 1 1 423 122 14 0 0 0 
1661548731.2089067 20.76796875 61.6645589939079 984.9318995321829 1 1 1 1 1 1 423 122 14 0 0 0 
1661548736.339847 20.76796875 61.74705062907143 984.95985432244 1 2 2 1 2 2 402 115 10 0 0 0 
1661548741.4707189 20.762890625 61.78216878573887 984.9800585808426 1 2 2 1 2 2 402 115 10 0 0 0 
1661548746.6002653 20.7578125 61.7513014528474 984.8874273121811 1 2 2 1 2 2 402 115 10 0 0 0 
1661548751.7317598 20.7578125 61.840853391210764 984.9574880103298 2 3 3 2 3 3 516 141 16 0 0 0 
1661548756.8655944 20.762890625 61.75883498363387 984.9807256864649 1 2 2 1 2 2 516 141 16 0 0 0 
1661548761.9968927 20.762890625 61.74092412311473 984.9642225987741 1 2 2 1 2 2 516 141 18 0 0 0 
1661548767.1305761 20.773046875 61.76472714547009 984.95985432244 1 2 2 1 2 2 516 141 18 0 0 0 
1661548772.2631998 20.76796875 61.94148721260766 984.9487361304587 2 3 3 2 3 3 516 141 18 0 0 0 
1661548777.3955662 20.76796875 61.805501874961074 984.9632216981404 2 3 3 2 3 3 588 160 20 0 0 0 
1661548782.5227308 20.76796875 61.55260283246727 984.9834259582229 2 3 3 2 3 3 588 160 20 0 0 0 
1661548787.6551511 20.76796875 61.718057619294356 984.9999292946937 2 3 3 2 3 3 588 160 20 0 0 0 
1661548792.787243 20.76796875 61.870784297792426 984.987809616099 2 3 3 2 3 3 567 160 20 0 0 0 
1661548797.9202864 20.76796875 61.77651143825254 984.9800585808426 2 3 3 2 3 3 567 160 20 0 0 0 
1661548803.0549092 20.76796875 61.635097206543634 984.9568207444519 2 3 3 2 3 3 567 160 20 0 0 0 
1661548808.1859796 20.773046875 61.541281783101326 984.9810747523265 3 3 3 3 3 3 600 170 22 0 0 0 
1661548813.316684 20.76796875 61.69402052385554 984.9487361304587 3 3 3 3 3 3 600 170 22 0 0 0 
1661548818.4497187 20.762890625 61.759303980926795 984.9578367411527 3 3 3 3 3 3 600 170 22 0 0 0 
1661548823.5833828 20.778125 61.66479242308276 984.986459672801 2 3 3 2 3 3 552 158 22 0 0 0 
1661548828.7157948 20.778125 61.718057619294356 984.9312316402895 2 3 3 2 3 3 552 158 22 0 0 0 
1661548833.8479652 20.773046875 61.65913337027707 984.9426834325873 2 3 3 2 3 3 510 148 12 0 0 0 
1661548838.9857645 20.783203125 61.78287310389403 984.9925269364686 2 3 3 2 3 3 510 148 12 0 0 0 
1661548844.1211302 20.78828125 61.83613838398707 984.9790570999119 2 3 3 2 3 3 510 148 12 0 0 0 
1661548849.250539 20.778125 61.841795190512514 984.9558190231545 2 3 3 2 3 3 510 148 12 0 0 0 
1661548854.380235 20.76796875 61.68317040116607 984.9514358844135 2 3 3 2 3 3 510 148 12 0 0 0 
1661548859.5134244 20.773046875 61.82411867264691 984.987809616099 3 3 3 3 3 3 588 171 14 0 0 0 
1661548864.6471107 20.76796875 61.69967895596559 984.9450350275796 3 3 3 3 3 3 588 171 14 0 0 0 
1661548869.7818003 20.762890625 61.74092412311473 984.9612041438262 3 3 3 3 3 3 588 171 14 0 0 0 
1661548874.915177 20.762890625 61.682002301312394 984.9649053860957 2 3 3 2 3 3 489 143 16 0 0 0 
1661548880.049566 20.778125 61.72960818813828 984.9763574593212 2 3 3 2 3 3 489 143 16 0 0 0 
1661548885.184066 20.76796875 61.89435210081081 984.9514358844135 2 3 3 2 3 3 489 143 16 0 0 0 
1661548890.3179796 20.773046875 61.788765358892995 984.9332493141369 2 3 3 2 3 3 480 145 20 0 0 0 
1661548895.4503138 20.76796875 61.900244025823746 984.9615380102551 2 3 3 2 3 3 480 145 20 0 0 0 
1661548900.5808694 20.778125 61.77627672196756 984.9568207444519 2 3 3 2 3 3 480 145 20 0 0 0 
1661548905.7111907 20.762890625 61.917919739082556 984.9349329872759 2 3 3 2 3 3 474 140 16 0 0 0 
1661548910.8461292 20.7578125 61.853108337413666 984.9359342503022 None None None None None None None None None None None None 
1661548915.9803743 20.76796875 61.78806083921374 984.9921779156463 0 1 1 0 1 1 342 102 12 0 0 0 
1661548921.1129227 20.778125 61.87667626399202 984.9750075152971 0 1 1 0 1 1 342 102 12 0 0 0 
1661548926.247126 20.76796875 61.81775613864618 984.9911770484051 1 2 2 1 2 2 354 107 19 0 0 0 
1661548931.3789525 20.762890625 61.83543228436491 984.931565641068 1 2 2 1 2 2 354 107 19 0 0 0 
1661548936.5072262 20.76796875 61.79418780020123 984.9632216981404 1 2 2 1 2 2 354 107 19 0 0 0 
1661548941.6388867 20.762890625 61.78782597783763 984.9739910409953 1 2 2 1 2 2 342 102 17 0 0 0 
1661548946.7708144 20.752734375 61.59315233831264 984.9541207165277 1 2 2 1 2 2 342 102 17 0 0 0 
1661548951.903102 20.76796875 61.917919739082556 984.9632216981404 1 2 2 1 2 2 342 102 17 0 0 0 
1661548957.0360925 20.773046875 61.988384530984575 984.9901607138236 2 3 3 2 3 3 420 128 19 0 0 0 
1661548962.1632283 20.773046875 61.85923598047427 984.9783748922574 2 3 3 2 3 3 420 128 19 0 0 0 
1661548967.2951272 20.773046875 61.8062070314328 984.9787085134564 2 3 3 2 3 3 420 128 19 0 0 0 
1661548972.4271338 20.773046875 61.718057619294356 984.9447011352522 2 3 3 2 3 3 477 142 21 0 0 0 
1661548977.5619578 20.762890625 61.80007990025747 984.9760236052322 2 3 3 2 3 3 477 142 21 0 0 0 
1661548982.696934 20.76796875 61.917919739082556 984.9817422694978 2 3 3 2 3 3 477 142 21 0 0 0 
1661548987.8305264 20.783203125 61.788765358892995 984.9676050281415 2 3 3 2 3 3 468 139 19 0 0 0 
1661548992.9633763 20.78828125 61.76566536579235 984.9773733706573 1 3 3 1 3 3 423 122 18 2 0 0 
1661548998.0953202 20.78828125 61.61811865353273 984.9588523534762 2 2 2 2 2 2 429 127 14 0 0 0 
1661549003.2295399 20.7984375 61.77745019597721 984.9770393107812 2 2 2 2 2 2 429 127 14 0 0 0 
1661549008.361503 20.80859375 61.90731674981382 984.9544818593541 2 2 2 2 2 2 429 127 14 0 0 0 
1661549013.4954946 20.80859375 61.79583192410262 984.9386584573813 2 3 3 2 3 3 438 132 19 0 0 0 
1661549018.6294286 20.80859375 61.83731500186206 984.9433749782281 2 3 3 2 3 3 438 132 19 0 0 0 
1661549023.7630908 20.80859375 61.65464036760649 984.9655991937404 2 3 3 2 3 3 438 132 19 0 0 0 
1661549028.8981922 20.803515625 61.760476286181955 984.9369746619537 2 3 3 2 3 3 459 139 23 0 0 0 
1661549034.0277126 20.7984375 61.83095194562311 984.9507797292764 2 3 3 2 3 3 459 139 23 0 0 0 
1661549039.1625695 20.7984375 61.84886468584713 984.9551616445466 2 3 3 2 3 3 459 139 23 0 0 0 
1661549044.2933638 20.793359375 61.7010818527778 984.9649188486156 2 3 4 2 3 4 453 139 25 2 0 0 
1661549049.4267216 20.78828125 61.760007396304545 984.945048210669 2 3 4 2 3 4 453 139 25 2 0 0 
1661549054.5597947 20.793359375 61.665492646157105 984.9440330215971 1 2 3 1 2 3 453 139 25 2 0 0 
1661549059.692937 20.783203125 61.77745019597721 984.932915326915 1 2 3 1 2 3 432 132 21 2 0 0 
1661549064.8269417 20.773046875 62.04753880473103 984.9463848224377 1 2 3 1 2 3 432 132 21 2 0 0 
1661549069.9597654 20.778125 61.90637212387742 984.9760236052322 1 2 3 1 2 3 432 132 21 2 0 0 
1661549075.0939162 20.76796875 61.776746143796004 984.9463848224377 0 1 1 0 1 1 393 111 12 0 0 0 
1661549080.227904 20.76796875 61.79489248917937 984.9298819680689 0 1 1 0 1 1 393 111 12 0 0 0 
1661549085.3613374 20.762890625 61.8113938200765 984.9588380927836 0 1 1 0 1 1 408 116 19 0 0 0 
1661549090.4948094 20.7578125 61.83472608806983 984.9383003337639 1 2 2 1 2 2 408 116 19 0 0 0 
1661549095.627705 20.76796875 61.87102007810646 984.920447793903 1 2 2 1 2 2 408 116 19 0 0 0 
1661549100.7613156 20.762890625 61.84698080765894 984.9447011352522 1 2 2 1 2 2 366 106 21 0 0 0 
1661549105.8952858 20.7578125 61.82906959364564 984.9389678978821 1 2 2 1 2 2 366 106 21 0 0 0 
1661549111.0286674 20.7578125 61.905663541641225 984.960521753416 1 2 2 1 2 2 366 106 21 0 0 0 
1661549116.1624982 20.7578125 61.83472608806983 984.9524370697316 1 2 2 1 2 2 399 115 21 0 0 0 
1661549121.2956913 20.74765625 61.88256821989494 984.9588380927836 1 2 2 1 2 2 399 115 21 0 0 0 
1661549126.4295018 20.76796875 61.8175209521417 984.9285322133677 0 1 1 0 1 1 399 115 21 0 0 0 
1661549131.5632923 20.773046875 61.81209917806945 984.9362827003756 0 1 1 0 1 1 387 113 19 0 0 0 
1661549136.6959553 20.76796875 61.870784297792426 984.9416676805317 0 1 1 0 1 1 387 113 19 0 0 0 
1661549141.8292289 20.762890625 62.000642433678735 984.9514358844135 0 1 1 0 1 1 387 113 19 0 0 0 
1661549146.963324 20.773046875 61.82954024608867 984.937966387211 1 2 2 1 2 2 408 122 23 0 0 0 
1661549152.0976534 20.76796875 61.629670859625776 984.9544693387594 1 2 2 1 2 2 408 122 23 0 0 0 
1661549157.2316427 20.76796875 61.85923598047427 984.9433513540207 2 4 5 2 4 5 459 137 30 6 2 0 
1661549162.365187 20.76796875 61.941723798959934 984.9241627298175 2 4 5 2 4 5 459 137 30 6 2 0 
1661549167.497849 20.783203125 61.78853052974142 984.921129522007 2 4 5 2 4 5 459 137 30 6 2 0 
1661549172.627952 20.778125 61.77651143825254 984.9460508340006 2 3 4 2 3 4 474 142 25 4 2 0 
1661549177.7608182 20.76796875 61.91768341066461 984.9278642672487 2 3 4 2 3 4 474 142 25 4 2 0 
1661549182.8947816 20.7578125 61.95327088759023 984.921463604124 2 3 4 2 3 4 474 142 25 4 2 0 
1661549188.0282156 20.762890625 61.72301356224486 984.8830734367634 2 3 4 2 3 4 432 126 18 4 2 0 
1661549193.1621463 20.762890625 61.78782597783763 984.9009252930015 2 3 4 2 3 4 432 126 18 4 2 0 
1661549198.2959447 20.773046875 61.847216330027415 984.9076600348834 1 2 3 1 2 3 432 126 18 4 2 0 
1661549203.4293618 20.778125 61.80031487449924 984.8978921943867 1 2 3 1 2 3 462 133 18 4 2 0 
1661549208.5624704 20.783203125 61.78287310389403 984.9305633097313 1 2 3 1 2 3 462 133 18 4 2 0 
1661549213.695526 20.76796875 61.76496171666298 984.8891394974028 2 3 4 2 3 4 462 133 18 4 2 0 
1661549218.8278503 20.778125 61.92381162290883 984.9177621498062 2 3 4 2 3 4 426 126 18 4 2 0 
1661549223.9618556 20.76796875 61.81775613864618 984.9093437205288 2 3 4 2 3 4 426 126 18 4 2 0 
1661549229.0951352 20.783203125 61.72960818813828 984.9345990136103 2 3 4 2 3 4 426 126 18 4 2 0 
1661549234.2291868 20.773046875 61.85357948427056 984.8888050480477 1 1 3 1 1 3 405 121 14 4 2 0 
1661549239.362173 20.778125 61.67634363677695 984.8925068672238 2 3 3 2 3 3 429 133 15 2 0 0 
1661549244.4961154 20.76796875 61.93630488499872 984.9005909385413 2 3 3 2 3 3 450 140 8 2 0 0 
1661549249.629537 20.76796875 61.86512803443882 984.9207953302239 2 3 3 2 3 3 450 140 8 2 0 0 
1661549254.7625687 20.762890625 61.8175209521417 984.901259537795 2 3 3 2 3 3 450 140 8 2 0 0 
1661549259.895768 20.773046875 61.81728575489574 984.8894738370908 2 3 3 2 3 3 465 142 8 2 0 0 
1661549265.029542 20.76796875 61.69967895596559 984.9143947778853 2 3 3 2 3 3 465 142 8 2 0 0 
1661549270.1627078 20.762890625 61.847687342540105 984.8925068672238 2 3 3 2 3 3 465 142 8 2 0 0 
1661549275.2966757 20.762890625 61.77014998804845 984.8975579224805 2 3 3 2 3 3 465 142 8 2 0 0 
1661549280.4303088 20.76796875 61.752473905593554 984.8877901658417 2 3 3 2 3 3 465 142 8 2 0 0 
1661549285.563675 20.762890625 62.04164713713472 984.8615202466748 2 3 3 2 3 3 465 142 8 2 0 0 
1661549290.6966124 20.762890625 61.82364819751576 984.902943209604 2 3 3 2 3 3 450 135 6 2 0 0 
1661549295.8295434 20.76796875 61.88822417293308 984.8827391525141 2 3 3 2 3 3 450 135 6 2 0 0 
1661549300.9633484 20.76796875 61.74115843634521 984.9019276983926 2 3 3 2 3 3 450 135 6 2 0 0 
1661549306.097781 20.762890625 61.86465659741214 984.867920522567 2 2 2 2 2 2 429 128 6 2 0 0 
1661549311.2319076 20.76796875 61.88209635835866 984.8810554815449 2 2 2 2 2 2 429 128 6 2 0 0 
1661549316.365985 20.7578125 61.92381162290883 984.872971493336 2 2 2 2 2 2 429 128 6 2 0 0 
1661549321.4997418 20.762890625 61.68223594276648 984.8813897793505 1 2 2 1 2 2 381 109 12 0 0 0 
1661549326.6331894 20.76796875 61.793717953841636 984.8830734367634 1 2 2 1 2 2 381 109 12 0 0 0 
1661549331.7666662 20.7578125 61.91744707150536 984.8824047586005 1 2 2 1 2 2 366 106 12 0 0 0 
1661549336.9000397 20.762890625 61.88209635835866 984.8847570942462 1 2 2 1 2 2 366 106 12 0 0 0 
1661549342.0340588 20.762890625 61.793717953841636 984.8776881398163 1 2 2 1 2 2 366 106 12 0 0 0 
1661549347.1682422 20.7578125 61.78075985940733 984.9046268814832 1 2 2 1 2 2 378 113 14 0 0 0 
1661549352.3015306 20.773046875 61.593384993541505 984.8844228235533 1 2 2 1 2 2 378 113 14 0 0 0 
1661549357.4352071 20.76796875 61.83590302818778 984.8975579224805 0 1 1 0 1 1 378 113 14 0 0 0 
1661549362.5692797 20.773046875 61.90637212387742 984.8888050480477 1 1 1 1 1 1 372 113 12 0 0 0 
1661549367.703437 20.752734375 61.929703496438435 984.8840884431961 1 1 1 1 1 1 372 113 12 0 0 0 
1661549372.837048 20.7578125 61.68176864911662 984.9052949878555 1 1 1 1 1 1 372 113 12 0 0 0 
1661549377.971304 20.752734375 61.99380178866122 984.8931753827105 0 1 1 0 1 1 366 109 12 0 0 0 
1661549383.1002662 20.762890625 61.89977176126487 984.9271823761883 0 1 1 0 1 1 366 109 12 0 0 0 
1661549388.233445 20.762890625 62.117999400706886 984.9184302586017 0 1 1 0 1 1 366 109 12 0 0 0 
1661549393.3674788 20.762890625 61.858529010337016 984.9298819680689 1 1 1 1 1 1 303 90 10 0 0 0 
1661549398.501339 20.762890625 61.77651143825254 984.901259537795 1 1 1 1 1 1 303 90 10 0 0 0 
1661549403.635142 20.762890625 61.90519109977711 984.8817239674945 1 2 2 1 2 2 357 107 16 0 0 0 
1661549408.7683275 20.7578125 61.97589004914864 984.9318995321829 1 2 2 1 2 2 357 107 16 0 0 0 
1661549413.9004252 20.7578125 61.95279741398912 984.9288660219345 1 2 2 1 2 2 357 107 16 0 0 0 
1661549419.0345817 20.7578125 62.0468253542468 984.920447793903 1 2 4 1 2 4 384 116 21 4 2 0 
1661549424.1685033 20.74765625 61.90471861494767 984.8790247815289 1 2 4 1 2 4 384 116 21 4 2 0 
1661549429.3003159 20.752734375 61.95868910169974 984.9056288765519 1 2 4 1 2 4 384 116 21 4 2 0 
1661549434.4341621 20.752734375 62.01123896786553 984.8756575485309 1 2 3 1 2 3 363 106 23 4 2 0 
1661549439.5686913 20.752734375 61.89929945374064 984.9005779831315 1 2 3 1 2 3 363 106 23 4 2 0 
1661549444.702777 20.74765625 61.89387997059233 984.9069786326919 1 2 3 1 2 3 363 106 23 4 2 0 
1661549449.8368545 20.752734375 61.65184102317365 984.9002440537662 0 1 2 0 1 2 384 108 21 4 2 0 
1661549454.9708796 20.752734375 61.67564288172642 984.9123634020923 0 1 2 0 1 2 384 108 21 4 2 0 
1661549460.1055214 20.7578125 61.652074360955886 984.8830734367634 0 1 2 0 1 2 384 108 21 4 2 0 
1661549465.2385085 20.762890625 61.87644040576547 984.902943209604 1 2 3 1 2 3 336 94 19 4 2 0 
1661549470.3727324 20.76796875 61.75317724834235 984.8675861163108 1 2 3 1 2 3 336 94 19 4 2 0 
1661549475.5062728 20.76796875 61.67021781339478 984.8807210740749 1 2 3 1 2 3 336 94 19 4 2 0 
1661549480.6401343 20.76796875 61.623545378433576 984.8706189683912 1 2 3 1 2 3 321 92 17 4 2 0 
1661549485.773178 20.778125 61.89458814980804 984.8470473982618 2 3 3 2 3 3 438 132 25 0 0 0 
1661549490.907149 20.76796875 61.74115843634521 984.8888050480477 2 3 3 2 3 3 417 127 27 0 0 0 
1661549496.041831 20.778125 61.98862166541797 984.9110274062444 2 3 3 2 3 3 417 127 27 0 0 0 
1661549501.1760247 20.752734375 61.870784297792426 984.8945248512583 2 3 3 2 3 3 417 127 27 0 0 0 
1661549506.3106654 20.76796875 61.870312704940226 984.8877901658417 1 3 3 1 3 3 405 123 30 0 0 0 
1661549511.4445126 20.7578125 61.664092103333054 984.89115750841 1 3 3 1 3 3 405 123 30 0 0 0 
1661549516.5787165 20.76796875 61.64052323147495 984.9015936729244 0 2 2 0 2 2 405 123 30 0 0 0 
1661549521.713299 20.7578125 61.90542732607984 984.8753235254778 1 2 2 1 2 2 417 130 26 0 0 0 
1661549526.8472903 20.752734375 61.98767306323715 984.8770071554982 1 2 2 1 2 2 417 130 26 0 0 0 
1661549531.9795043 20.7578125 61.89977176126487 984.8803744157489 1 2 2 1 2 2 417 130 26 0 0 0 
1661549537.1135998 20.762890625 61.993564554837825 984.8766730363445 1 2 2 1 2 2 417 130 28 0 0 0 
1661549542.247148 20.762890625 61.91179158371116 984.921463604124 1 2 2 1 2 2 417 130 28 0 0 0 
1661549547.3818035 20.752734375 61.77604199494104 984.8968767647232 1 2 2 1 2 2 417 130 28 0 0 0 
1661549552.5147436 20.7578125 61.96481765562078 984.9177621498062 0 2 2 0 2 2 354 113 28 0 0 0 
1661549557.6485531 20.7578125 61.900244025823746 984.8800403237079 0 2 2 0 2 2 354 113 28 0 0 0 
1661549562.7826412 20.762890625 61.88798816962359 984.921463604124 0 2 2 0 2 2 354 113 28 0 0 0 
1661549567.9166286 20.752734375 61.89387997059233 984.9130452419288 1 2 2 1 2 2 366 109 10 2 0 0 
1661549573.051233 20.7578125 61.89364388937106 984.8820580459791 1 2 2 1 2 2 366 109 10 2 0 0 
1661549578.1851864 20.752734375 61.91155531172138 984.8281819133241 1 2 2 1 2 2 336 100 12 2 0 0 
1661549583.3193676 20.74765625 62.03480470776239 984.8756575485309 1 2 2 1 2 2 336 100 12 2 0 0 
1661549588.453295 20.752734375 61.89340779740844 984.8635381172952 1 2 2 1 2 2 336 100 12 2 0 0 
1661549593.586945 20.74765625 62.140131695580635 984.8988943521313 1 2 2 1 2 2 321 93 15 2 0 0 
1661549598.7216134 20.742578125 61.99945603614278 984.8719562656472 1 2 2 1 2 2 321 93 15 2 0 0 
1661549603.8553193 20.74765625 61.71665331993288 984.8638722352421 1 2 2 1 2 2 321 93 15 2 0 0 
1661549608.9891117 20.74765625 61.858057643205164 984.8759914619295 1 2 2 1 2 2 336 95 11 0 0 0 
1661549614.1227484 20.752734375 61.858529010337016 984.8800403237079 1 2 2 1 2 2 336 95 11 0 0 0 
1661549619.2562387 20.7578125 61.78146437090999 984.8581529608514 1 2 2 1 2 2 336 95 11 0 0 0 
1661549624.3900812 20.7578125 61.81115867926257 984.862869552428 1 2 2 1 2 2 342 95 13 0 0 0 
1661549629.5232227 20.7578125 61.864420862786716 984.854785675308 1 2 2 1 2 2 342 95 13 0 0 0 
1661549634.657866 20.76796875 61.776746143796004 984.8558004254055 1 2 2 1 2 2 342 95 13 0 0 0 
1661549639.7907279 20.76796875 61.634864102527665 984.852098447849 0 0 0 0 0 0 327 86 13 0 0 0 
1661549644.9248707 20.778125 61.87102007810646 984.840647399281 0 0 0 0 0 0 327 86 13 0 0 0 
1661549650.0596807 20.773046875 62.04259798541431 984.8359403631569 1 3 3 1 3 3 378 104 23 2 0 0 
1661549655.19406 20.778125 61.989095902061194 984.8079876056275 1 3 3 1 3 3 378 104 23 2 0 0 
1661549660.3286426 20.783203125 61.912736564257095 984.8483963066793 0 2 2 0 2 2 378 104 23 2 0 0 
1661549665.4629166 20.778125 61.89458814980804 984.8143872308309 0 2 2 0 2 2 408 111 23 2 0 0 
1661549670.5972419 20.773046875 61.91862865988856 984.8177546487182 0 2 2 0 2 2 408 111 23 2 0 0 
1661549675.7294612 20.778125 61.900244025823746 984.8386289836831 0 2 2 0 2 2 408 111 23 2 0 0 
1661549680.8604937 20.773046875 61.72960818813828 984.8231408637973 0 2 2 0 2 2 408 114 25 2 0 0 
1661549685.9939938 20.778125 61.80644206210707 984.8292054703572 0 2 2 0 2 2 408 114 25 2 0 0 
1661549691.1254556 20.783203125 61.82411867264691 984.8376240865318 0 2 2 0 2 2 408 114 25 2 0 0 
1661549696.2578063 20.76796875 61.90660829647349 984.8009175620822 1 3 3 1 3 3 438 121 23 4 0 0 
1661549701.3872013 20.773046875 61.84203061348439 984.8268432062124 1 3 3 1 3 3 438 121 23 4 0 0 
1661549706.5217211 20.778125 61.752942811500986 984.8318942532799 1 3 3 1 3 3 438 121 23 4 0 0 
1661549711.6503456 20.762890625 61.917919739082556 984.8221270417167 1 3 3 1 3 3 417 116 16 4 0 0 
1661549716.7824888 20.773046875 62.088780189598616 984.8032716615604 1 3 3 1 3 3 417 116 16 4 0 0 
1661549721.9133246 20.762890625 61.98201866083114 984.8157271948407 1 3 3 1 3 3 417 116 16 4 0 0 
1661549727.0437284 20.7578125 61.77627672196756 984.8110109887192 1 3 3 1 3 3 405 116 16 4 0 0 
1661549732.176155 20.7578125 61.92923056018471 984.8342474002058 1 2 2 1 2 2 390 110 11 0 0 0 
1661549737.3028154 20.7578125 61.870312704940226 984.7743058523373 1 2 2 1 2 2 390 110 13 0 0 0 
1661549742.4377186 20.762890625 62.052954704787524 984.8295310426556 1 2 2 1 2 2 390 110 13 0 0 0 
1661549747.566254 20.7578125 61.775807257172985 984.8281819133241 1 2 2 1 2 2 390 110 13 0 0 0 
1661549752.696624 20.762890625 61.89458814980804 984.8207781591004 1 2 2 1 2 2 390 108 9 0 0 0 
1661549757.827146 20.76796875 61.91226409546675 984.8133737504456 1 2 2 1 2 2 390 108 9 0 0 0 
1661549762.9605477 20.778125 62.06497573816155 984.7965369370368 1 2 2 1 2 2 390 108 9 0 0 0 
1661549768.0903194 20.778125 61.894824188063915 984.832908032675 1 2 2 1 2 2 354 101 11 0 0 0 
1661549773.2202513 20.778125 61.78263834191716 984.8042849788494 1 2 2 1 2 2 354 101 11 0 0 0 
1661549778.3541052 20.778125 61.86536373684007 984.797550145595 1 2 2 1 2 2 354 101 11 0 0 0 
1661549783.4889054 20.778125 61.965528220693166 984.7992338538036 1 2 2 1 2 2 345 94 11 0 0 0 
1661549788.6217442 20.783203125 61.917919739082556 984.82718648093 1 2 2 1 2 2 345 94 11 0 0 0 
1661549793.7558022 20.78828125 61.78923498497162 984.8116973567595 1 2 2 1 2 2 345 94 11 0 0 0 
1661549798.8892026 20.793359375 61.90118842604548 984.8046266974338 1 2 2 1 2 2 360 98 13 0 0 0 
1661549804.02207 20.80859375 61.78970456808425 984.7578174094685 1 2 2 1 2 2 360 98 13 0 0 0 
1661549809.155924 20.793359375 61.91344518688279 984.7776865024052 1 2 2 1 2 2 360 98 13 0 0 0 
1661549814.2893546 20.803515625 61.777684858554565 984.7824018396965 1 2 2 1 2 2 312 102 10 0 0 0 
1661549819.4224713 20.80859375 61.707208299188444 984.7541138464553 1 2 2 1 2 2 312 102 10 0 0 0 
1661549824.5564995 20.81875 61.767072374029574 984.7871171492704 1 1 1 1 1 1 285 91 8 0 0 0 
1661549829.6906078 20.813671875 61.73124706432197 984.7948638685978 1 1 1 1 1 1 285 91 8 0 0 0 
1661549834.823401 20.823828125 61.63742765590714 984.7746580741341 1 1 1 1 1 1 285 91 8 0 0 0 
1661549839.956538 20.813671875 61.70225063805949 984.7817296148125 1 1 1 1 1 1 315 98 6 0 0 0 
1661549845.0891821 20.80859375 61.5546918202485 984.8167534906424 1 1 1 1 1 1 315 98 6 0 0 0 
1661549850.2216702 20.80859375 61.79606675597971 984.7517575922985 1 1 1 1 1 1 315 98 6 0 0 0 
1661549855.3557277 20.80859375 61.577799584172965 984.8026071494855 1 1 1 1 1 1 342 107 6 0 0 0 
1661549860.489788 20.80859375 61.87243453442175 984.7652278960762 1 1 1 1 1 1 342 107 6 0 0 0 
1661549865.6237063 20.7984375 61.908025106482306 984.7709514564481 1 1 1 1 1 1 342 107 6 0 0 0 
1661549870.7573166 20.803515625 61.73077886769175 984.7962078845624 1 2 2 1 2 2 372 114 6 0 0 0 
1661549875.8906944 20.7984375 61.742329841373895 984.7813898775887 0 1 1 0 1 1 372 114 6 0 0 0 
1661549881.023759 20.78828125 61.92475709784467 984.7446834741904 0 1 1 0 1 1 372 114 6 0 0 0 
1661549886.1555388 20.7984375 61.73031062809515 984.7648882766277 0 1 1 0 1 1 372 114 6 0 0 0 
1661549891.2882555 20.793359375 61.87172735460028 984.7366008079307 1 2 2 1 2 2 372 114 6 0 0 0 
1661549896.4223106 20.783203125 61.91862865988856 984.7881248709999 1 1 1 1 1 1 444 122 14 0 0 0 
1661549901.5563674 20.793359375 61.824353894100305 984.7369366967016 1 1 1 1 1 1 444 122 14 0 0 0 
1661549906.6901145 20.78828125 61.76566536579235 984.7500705638516 1 1 1 1 1 1 444 122 14 0 0 0 
1661549911.8235004 20.783203125 62.001116917504866 984.7547858741492 1 2 2 1 2 2 402 113 14 0 0 0 
1661549916.95696 20.778125 61.77698083859793 984.7652240446173 1 2 2 1 2 2 402 113 14 0 0 0 
1661549922.0907462 20.778125 61.78287310389403 984.7706108237766 1 2 2 1 2 2 402 113 14 0 0 0 
1661549927.2240398 20.78828125 62.04236028945608 984.7699394788121 1 2 2 1 2 2 411 115 16 0 0 0 
1661549932.356453 20.778125 61.724184067037044 984.7618566039573 1 2 2 1 2 2 411 115 16 0 0 0 
1661549937.4905508 20.78828125 61.87149160651038 984.7783581505194 1 2 2 1 2 2 411 115 16 0 0 0 
1661549942.624478 20.78828125 61.74186131158717 984.7429997411087 1 3 3 1 3 3 438 122 23 0 0 0 
1661549947.7581563 20.783203125 61.753646089800384 984.7467031244514 1 3 3 1 3 3 438 122 23 0 0 0 
1661549952.890628 20.778125 61.75977293525351 984.741651965876 1 3 3 1 3 3 438 122 23 0 0 0 
1661549958.0243223 20.778125 61.92452074522265 984.7497346738548 1 3 3 1 3 3 438 122 23 0 0 0 
1661549963.1583848 20.78828125 62.04801438468166 984.7537737567394 1 3 3 1 3 3 438 122 23 0 0 0 
1661549968.292455 20.778125 61.87149160651038 984.758489163577 1 3 3 1 3 3 438 122 23 0 0 0 
1661549973.4265013 20.793359375 61.74775370584246 984.7487226379931 1 3 3 1 3 3 447 122 19 0 0 0 
1661549978.5605688 20.78828125 61.81916703210242 984.7332333696504 1 2 2 1 2 2 396 113 19 0 0 0 
1661549983.6945746 20.78828125 61.68882929990772 984.7531021406477 1 2 2 1 2 2 390 108 17 0 0 0 
1661549988.828011 20.78828125 61.77155778603358 984.788460558878 1 2 2 1 2 2 390 108 17 0 0 0 
1661549993.9613912 20.78828125 61.87172735460028 984.7659001727152 1 2 2 1 2 2 390 108 17 0 0 0 
1661549999.0943978 20.7984375 61.600673418208295 984.7999111121649 1 2 2 1 2 2 363 99 15 0 0 0 
1661550004.2270231 20.793359375 61.87172735460028 984.779034289045 1 2 2 1 2 2 363 99 15 0 0 0 
1661550009.3609052 20.78828125 61.760007396304545 984.7497346738548 1 2 2 1 2 2 363 99 15 0 0 0 
1661550014.4948142 20.783203125 61.81280443938915 984.713364824408 1 2 2 1 2 2 351 102 13 0 0 0 
1661550019.6287844 20.793359375 61.89529623235166 984.7460311805536 1 2 2 1 2 2 351 102 13 0 0 0 
