timestamp temperature humidity pressure pm10_standard pm25_standard pm100_standard pm10_env pm25_env pm100_env particles_03um particles_05um particles_10um particles_25um particles_50um particles_100um
1642857482.0340014 20.48828125 17.88967903460957 987.7571362526907 0 0 0 0 0 0 63 21 0 0 0 0 
1642857487.1810563 20.493359375 17.728080937734447 987.7453545692758 0 0 0 0 0 0 63 21 0 0 0 0 
1642857492.3278606 20.493359375 17.776620183182697 987.6365665795181 0 0 0 0 0 0 69 23 2 0 0 0 
1642857497.4767148 20.493359375 17.686877838463076 987.5349679423962 0 0 0 0 0 0 69 23 2 0 0 0 
1642857502.6271074 20.48828125 17.859856074859184 987.5911238303967 0 0 0 0 0 0 69 23 2 0 0 0 
1642857507.7770379 20.4984375 17.841682812558208 987.6110138565871 0 0 0 0 0 0 63 21 2 0 0 0 
1642857512.9288566 20.50859375 17.877202334137284 987.6757346553951 0 0 0 0 0 0 63 21 2 0 0 0 
1642857518.0824525 20.503515625 17.870968908061727 987.6504878387735 0 0 0 0 0 0 63 21 2 0 0 0 
1642857523.2357848 20.50859375 17.798851415352356 987.7407640918691 0 0 0 0 0 0 63 21 2 0 0 0 
1642857528.3889515 20.50859375 17.894022732705874 987.5629662790744 0 0 0 0 0 0 63 21 2 0 0 0 
1642857533.5455678 20.52890625 17.911649348129753 987.7647861504457 0 0 0 0 0 0 63 21 2 0 0 0 
1642857538.7027895 20.5341796875 17.767676349018227 987.7182699777265 0 0 0 0 0 0 75 25 4 0 0 0 
1642857543.856141 20.5341796875 17.642399340413192 987.675576290818 0 0 0 0 0 0 75 25 4 0 0 0 
1642857549.0086787 20.5341796875 17.809164873904773 987.6028907439204 0 0 0 0 0 0 75 25 4 0 0 0 
1642857554.1618917 20.5341796875 17.76225089010909 987.6139130960323 0 0 0 0 0 0 81 27 4 0 0 0 
1642857559.3153827 20.5392578125 17.92250677164222 987.6536946571413 0 0 0 0 0 0 81 27 4 0 0 0 
1642857564.4685745 20.5341796875 17.67222761104602 987.6526261014213 0 0 0 0 0 0 81 27 4 0 0 0 
1642857569.6208973 20.5392578125 17.80943434385575 987.6957747323955 0 0 0 0 0 0 69 23 4 0 0 0 
1642857574.777752 20.5341796875 17.84549555522149 987.6943985675639 0 0 0 0 0 0 69 23 4 0 0 0 
1642857579.9346936 20.5392578125 17.73188338085951 987.6618032625761 0 0 0 0 0 0 69 23 4 0 0 0 
1642857585.0879884 20.5392578125 17.976193742922156 987.639160704046 0 0 0 0 0 0 75 25 4 0 0 0 
1642857590.2415872 20.5443359375 17.964531054831625 987.7308151791176 0 0 0 0 0 0 75 25 4 0 0 0 
1642857595.3949635 20.5544921875 17.814860917609266 987.7894213985392 0 0 0 0 0 0 75 25 4 0 0 0 
1642857600.5475678 20.5595703125 17.886177814040508 987.7406076153924 0 0 0 0 0 0 69 23 4 0 0 0 
1642857605.698559 20.5494140625 17.868281373104693 987.7032692225703 0 0 0 0 0 0 69 23 4 0 0 0 
1642857610.8528318 20.5544921875 17.68931187181171 987.6682286658986 0 0 0 0 0 0 69 23 4 0 0 0 
1642857616.0064168 20.5494140625 17.641585107882882 987.7089333391917 0 0 0 0 0 0 54 18 6 0 0 0 
1642857621.1596932 20.5443359375 17.665448572141194 987.755449848261 0 0 0 0 0 0 54 18 6 0 0 0 
1642857626.3133125 20.5494140625 17.76090078329651 987.755449848261 0 0 0 0 0 0 54 18 6 0 0 0 
1642857631.4667978 20.5544921875 17.74300369429626 987.6584368306305 0 0 0 0 0 0 54 18 6 0 0 0 
1642857636.62056 20.5443359375 17.820557077992763 987.6850609681933 0 0 0 0 0 0 54 18 6 0 0 0 
1642857641.772959 20.5443359375 17.748699209042346 987.796154338762 0 0 0 0 0 0 54 18 6 0 0 0 
1642857646.9262395 20.5544921875 17.748969400916415 987.8399184774894 0 0 0 0 0 0 54 18 4 0 0 0 
1642857652.080009 20.5544921875 17.67141441248893 987.8109970397957 0 0 0 0 0 0 54 18 4 0 0 0 
1642857657.2356675 20.5494140625 17.731072250195744 987.7719754826013 0 0 0 0 0 0 54 18 4 0 0 0 
1642857662.3886435 20.5595703125 17.88537196160503 987.6995953100358 0 0 0 0 0 0 54 18 4 0 0 0 
1642857667.54044 20.5595703125 17.808086885249462 987.6810794727121 0 0 0 0 0 0 54 18 4 0 0 0 
1642857672.687597 20.5544921875 17.820018337596277 987.7528453055586 0 0 0 0 0 0 54 18 4 0 0 0 
1642857677.8352497 20.5595703125 17.962657080484917 987.823543449657 0 0 0 0 0 0 54 18 4 0 0 0 
1642857682.9853542 20.5849609375 17.997915844125007 987.8706756142738 0 0 0 0 0 0 54 18 4 0 0 0 
1642857688.1418862 20.5595703125 18.03397669461773 988.021867080706 0 0 0 0 0 0 54 18 4 0 0 0 
1642857693.29509 20.5697265625 17.759820501909626 988.0723664849588 0 0 0 0 0 0 48 16 2 0 0 0 
1642857698.4475718 20.5798828125 17.73622695554156 987.850476108437 0 0 0 0 0 0 48 16 2 0 0 0 
1642857703.5951562 20.5697265625 17.65785520329938 987.8386930680175 0 0 0 0 0 0 48 16 2 0 0 0 
1642857708.7461877 20.5849609375 17.651888928788086 987.8431296615153 0 0 0 0 0 0 42 12 2 0 0 0 
1642857713.8974328 20.5748046875 17.699889634543744 987.7808469223646 0 0 0 0 0 0 42 12 2 0 0 0 
1642857719.047418 20.5849609375 17.59873592348824 987.8344061971876 0 0 0 0 0 0 42 12 2 0 0 0 
1642857724.1939113 20.5646484375 17.86720605434621 987.8582795314644 0 0 0 0 0 0 42 12 2 0 0 0 
1642857729.3472784 20.5697265625 17.747888568107488 987.8790920780119 0 0 0 0 0 0 42 12 2 0 0 0 
1642857734.4996414 20.5849609375 17.83683865464671 987.890568924283 0 0 0 0 0 0 42 12 2 0 0 0 
1642857739.652201 20.5849609375 17.586803434151296 987.8027300360185 0 0 0 0 0 0 36 8 2 0 0 0 
1642857744.8054147 20.5951171875 17.711551210934108 987.7067810869485 0 0 0 0 0 0 36 8 2 0 0 0 
1642857749.9590328 20.5849609375 17.729449694958912 987.5667573290212 0 0 0 0 0 0 36 8 2 0 0 0 
1642857755.112 20.5900390625 17.556427137418478 987.8441992885539 0 0 0 0 0 0 42 10 2 0 0 0 
1642857760.2647212 20.5849609375 17.822914649049203 987.8737358580844 0 0 0 0 0 0 42 10 2 0 0 0 
1642857765.417341 20.5951171875 17.830334093462675 987.9272956773789 0 0 0 0 0 0 42 10 2 0 0 0 
1642857770.5680077 20.5951171875 17.657583912164203 987.8826095611216 0 0 0 0 0 0 36 8 0 0 0 0 
1642857775.7173817 20.5849609375 17.788840864949282 987.7266731067766 0 0 0 0 0 0 36 8 0 0 0 0 
1642857780.8672042 20.6001953125 17.77094248278861 987.5560388590795 0 0 0 0 0 0 36 8 0 0 0 0 
1642857786.0172353 20.6001953125 17.67466956242451 987.5708796721104 0 0 0 0 0 0 36 8 0 0 0 0 
1642857791.1706755 20.6052734375 17.81189666817356 987.6550478363322 0 0 0 0 0 0 36 8 0 0 0 0 
1642857796.3234463 20.6001953125 17.722671912545334 987.7614077562108 0 0 0 0 0 0 36 8 0 0 0 0 
1642857801.4759443 20.6052734375 17.71643490992894 987.7762503000622 0 0 0 0 0 0 30 6 0 0 0 0 
1642857806.6291358 20.5951171875 18.009045483047547 987.7796170403427 0 0 0 0 0 0 30 6 0 0 0 0 
1642857811.7825282 20.6052734375 17.8181324033281 987.6620898808641 0 0 0 0 0 0 30 6 0 0 0 0 
1642857816.9359124 20.5951171875 17.597648023406055 987.7226905894022 0 0 0 0 0 0 57 15 0 0 0 0 
1642857822.0890908 20.6103515625 17.632903710754267 987.7610999722633 0 0 0 0 0 0 57 15 0 0 0 0 
1642857827.2362103 20.6052734375 17.752503598858652 987.7557419300917 0 0 0 0 0 0 57 15 0 0 0 0 
1642857832.3807712 20.5951171875 17.776098817504774 987.8419017860043 0 0 0 0 0 0 51 13 0 0 0 0 
1642857837.533482 20.6103515625 17.781525366460247 987.8116010869629 0 0 0 0 0 0 51 13 0 0 0 0 
1642857842.689931 20.6154296875 17.823290382502485 987.6783063958455 0 0 0 0 0 0 51 13 0 0 0 0 
1642857847.83508 20.6154296875 17.614732088494918 987.6894728000909 0 0 0 0 0 0 57 15 0 0 0 0 
1642857852.9836762 20.6205078125 17.662193971012677 987.7571172827613 0 0 0 0 0 0 57 15 0 0 0 0 
1642857858.1360471 20.6154296875 17.948314426421693 987.8210863970727 0 0 0 0 0 0 57 15 0 0 0 0 
1642857863.2895813 20.6306640625 17.655955936749205 987.8339384502486 0 0 0 0 0 0 51 15 0 0 0 0 
1642857868.442955 20.6052734375 17.63181720380687 987.9265270272725 0 0 0 0 0 0 51 15 0 0 0 0 
1642857873.599519 20.6154296875 17.92444935334735 987.8945418585556 0 0 0 0 0 0 51 15 0 0 0 0 
1642857878.7561865 20.6205078125 17.578659545281603 987.7941520208392 0 0 0 0 0 0 57 17 2 0 0 0 
1642857883.9085147 20.6255859375 17.679822861988736 987.7251327634883 0 0 0 0 0 0 57 17 2 0 0 0 
1642857889.0541134 20.6205078125 17.816784980869055 987.7063068753388 0 0 0 0 0 0 57 17 2 0 0 0 
1642857894.2000515 20.6154296875 17.876718713287946 987.512405217278 0 0 0 0 0 0 57 19 2 0 0 0 
1642857899.3501356 20.6154296875 17.6741272957697 987.583418286903 0 0 0 0 0 0 57 19 2 0 0 0 
1642857904.4943557 20.6205078125 17.769322365339544 987.7180907321749 0 0 0 0 0 0 57 19 2 0 0 0 
1642857909.6399705 20.6154296875 17.685789567574105 987.8521485627002 0 0 0 0 0 0 57 17 2 0 0 0 
1642857914.787955 20.6103515625 17.483462505350026 987.804252409828 0 0 0 0 0 0 57 17 2 0 0 0 
1642857919.9394336 20.6205078125 17.8645169955094 987.7638508689842 0 0 0 0 0 0 57 17 2 0 0 0 
1642857925.091726 20.6154296875 17.92444935334735 987.7988944142559 0 0 0 0 0 0 63 17 2 0 0 0 
1642857930.2436857 20.6103515625 17.799424720787197 987.7197741405743 0 0 0 0 0 0 63 17 2 0 0 0 
1642857935.3969233 20.6255859375 17.799155018632813 987.689164008533 0 0 0 0 0 0 63 17 2 0 0 0 
1642857940.5501752 20.6306640625 17.661380075798387 987.6888551074193 0 0 0 0 0 0 63 17 2 0 0 0 
1642857945.703393 20.6154296875 17.650260605097365 987.6972722797445 0 0 0 0 0 0 63 17 2 0 0 0 
1642857950.8603947 20.6205078125 17.60822159235942 987.7214575490434 0 0 0 0 0 0 63 17 2 0 0 0 
1642857956.0125396 20.6255859375 17.583537556942414 987.7884859535205 0 0 0 0 0 0 84 24 4 0 0 0 
1642857961.165777 20.6357421875 17.727556218557083 987.8305715968902 0 0 0 0 0 0 84 24 4 0 0 0 
1642857966.3191626 20.6255859375 17.780985537707 987.9046424354221 0 0 0 0 0 0 84 24 4 0 0 0 
1642857971.4723003 20.6255859375 17.77474892819988 987.9298938886066 0 0 0 0 0 0 69 19 6 0 0 0 
1642857976.6243155 20.6255859375 17.60849350027232 987.9046424354221 0 0 0 0 0 0 69 19 6 0 0 0 
1642857981.7812703 20.6205078125 17.727826747842578 987.872964597763 0 0 0 0 0 0 69 19 6 0 0 0 
1642857986.9348085 20.6103515625 17.680636071506722 987.7604840757328 0 0 0 0 0 0 75 21 6 0 0 0 
1642857992.0883193 20.6205078125 17.590321043431445 987.7200825785434 0 0 0 0 0 0 75 21 6 0 0 0 
1642857997.2451053 20.6205078125 17.757929590394973 987.7705844563264 0 0 0 0 0 0 75 21 6 0 0 0 
1642858002.398381 20.6205078125 17.727826747842578 987.7251327634883 0 0 0 0 0 0 69 19 6 0 0 0 
1642858007.5517008 20.6306640625 17.7926489337367 987.7649180123332 0 0 0 0 0 0 69 19 6 0 0 0 
1642858012.7051802 20.6306640625 17.744915379832932 987.8373053038871 0 0 0 0 0 0 69 19 6 0 0 0 
1642858017.8588943 20.6306640625 17.900315574307864 987.9444309778235 0 0 0 0 0 0 75 21 6 0 0 0 
1642858023.0117874 20.6306640625 17.82221261138565 987.8925511686851 0 0 0 0 0 0 75 21 6 0 0 0 
1642858028.1670322 20.6357421875 17.869676727898696 987.8616338723967 0 0 0 0 0 0 75 21 6 0 0 0 
1642858033.3204288 20.6357421875 17.738948639288708 987.8515370488198 0 0 0 0 0 0 81 23 6 0 0 0 
1642858038.4737053 20.6458984375 17.887307930328497 987.8818397412774 0 0 0 0 0 0 81 23 6 0 0 0 
1642858043.6258337 20.6560546875 17.862634006673076 987.8458703596345 0 0 0 0 0 0 81 23 6 0 0 0 
1642858048.7829657 20.6662109375 17.862364964728293 987.7529684286397 0 0 0 0 0 0 75 21 6 0 0 0 
1642858053.9378405 20.6662109375 17.772588539274786 987.7133188254555 0 0 0 0 0 0 75 21 6 0 0 0 
1642858059.0911045 20.6712890625 17.778555769494883 987.6967930568015 0 0 0 0 0 0 75 21 6 0 0 0 
1642858064.2447846 20.6814453125 17.778285740822525 987.7570913561689 0 0 0 0 0 0 69 21 6 0 0 0 
1642858069.3975396 20.6814453125 17.658937802317244 987.746989998729 0 0 0 0 0 0 69 21 6 0 0 0 
1642858074.5520947 20.6814453125 17.694471611587662 987.7635162211083 0 0 0 0 0 0 69 21 6 0 0 0 
1642858079.704472 20.6865234375 17.71834155734824 987.6843883382072 0 0 0 0 0 0 75 25 6 0 0 0 
1642858084.853827 20.6814453125 17.736514430650068 987.5982155292596 0 0 0 0 0 0 75 25 6 0 0 0 
1642858090.005432 20.6865234375 17.640763631506907 987.5665385863867 0 0 0 0 0 0 75 25 6 0 0 0 
1642858095.1509678 20.6865234375 17.77773526404895 987.6046389827441 0 0 0 0 0 0 87 29 8 0 0 0 
1642858100.3005326 20.6814453125 17.77176782439573 987.7402557618351 0 0 0 0 0 0 87 29 8 0 0 0 
1642858105.4476957 20.6814453125 17.640763631506907 987.7867769641352 0 0 0 0 0 0 87 29 8 0 0 0 
1642858110.5938756 20.6763671875 17.724027936626115 987.8170815623251 0 0 0 0 0 0 72 24 8 0 0 0 
1642858115.744893 20.6814453125 17.84962331533623 987.7685669422863 0 0 0 0 0 0 72 24 8 0 0 0 
1642858120.8947742 20.6763671875 17.658937802317244 987.7974968111187 0 0 0 0 0 0 72 24 8 0 0 0 
1642858126.045951 20.6763671875 17.75468678686148 987.7823447607893 0 0 0 0 0 0 72 24 6 0 0 0 
1642858131.1963289 20.6763671875 17.6711440508314 987.8059146193062 0 0 0 0 0 0 72 24 6 0 0 0 
1642858136.3508577 20.6712890625 17.84962331533623 987.8227502409292 0 0 0 0 0 0 72 24 6 0 0 0 
1642858141.5040472 20.6814453125 17.74248179155192 987.7237297650604 0 0 0 0 0 0 72 22 6 0 0 0 
1642858146.6565704 20.6712890625 17.79022030824016 987.6409258976958 0 0 0 0 0 0 72 22 6 0 0 0 
1642858151.8119402 20.6763671875 17.6413068705141 987.7169955863163 0 0 0 0 0 0 72 22 6 0 0 0 
1642858156.965088 20.6763671875 17.78452298942281 987.6442930077459 0 0 0 0 0 0 66 20 6 0 0 0 
1642858162.1176045 20.6763671875 17.57483654153071 987.6594450064354 0 0 0 0 0 0 66 20 6 0 0 0 
1642858167.274316 20.6763671875 17.790490199058574 987.588735727709 0 0 0 0 0 0 66 20 6 0 0 0 
1642858172.4276044 20.6763671875 17.658937802317244 987.5328672917001 0 0 0 0 0 0 60 18 6 0 0 0 
1642858177.5798852 20.6814453125 17.736514430650068 987.4459458212665 0 0 0 0 0 0 60 18 6 0 0 0 
1642858182.7364855 20.6814453125 17.81353968581765 987.4843555894668 0 0 0 0 0 0 60 18 6 0 0 0 
1642858187.8930361 20.6865234375 17.718060404336924 987.5086742293527 0 0 0 0 0 0 60 18 4 0 0 0 
1642858193.0455642 20.6966796875 17.647274327161895 987.6204127161035 0 0 0 0 0 0 60 18 4 0 0 0 
1642858198.2021985 20.6916015625 17.652698810240004 987.6335707314378 0 0 0 0 0 0 60 18 4 0 0 0 
1642858203.3547976 20.6966796875 17.87294393972748 987.5605542278062 0 0 0 0 0 0 60 18 4 0 0 0 
1642858208.5092056 20.7017578125 17.758751774778297 987.6154911656573 0 0 0 0 0 0 60 18 4 0 0 0 
1642858213.6587903 20.7119140625 17.741119013134735 987.6171748010148 0 0 0 0 0 0 60 18 4 0 0 0 
1642858218.8074522 20.7068359375 17.663809396851946 987.6447346101537 0 0 0 0 0 0 72 22 4 0 0 0 
1642858223.95567 20.7119140625 17.514065737811062 987.6205420719399 0 0 0 0 0 0 72 22 4 0 0 0 
1642858229.1076002 20.7220703125 17.639394894059638 987.6407457033681 0 0 0 0 0 0 72 22 4 0 0 0 
1642858234.2617245 20.7068359375 17.573474405609343 987.6713618242259 0 0 0 0 0 0 66 20 6 0 0 0 
1642858239.4153156 20.7068359375 17.53793830803912 987.7956405457677 0 0 0 0 0 0 66 20 6 0 0 0 
1642858244.5675316 20.7068359375 17.752513647533863 987.8080450508106 0 0 0 0 0 0 66 20 6 0 0 0 
1642858249.7229276 20.7017578125 17.824935379173333 987.8178373834911 0 0 0 0 0 0 54 16 4 0 0 0 
1642858254.8760827 20.7017578125 17.5924676500007 987.6921859736242 0 0 0 0 0 0 54 16 4 0 0 0 
1642858260.028346 20.6966796875 17.71751889138774 987.6147405489583 0 0 0 0 0 0 54 16 4 0 0 0 
1642858265.1836083 20.7068359375 17.550419948132028 987.617485889689 0 0 0 0 0 0 48 14 2 0 0 0 
1642858270.3365834 20.6966796875 17.54445197947635 987.6360057341035 0 0 0 0 0 0 48 14 2 0 0 0 
1642858275.4897285 20.7017578125 17.75305439864818 987.6127460442534 0 0 0 0 0 0 48 14 2 0 0 0 
1642858280.6385274 20.6966796875 17.783162696884332 987.6598870975552 0 0 0 0 0 0 48 14 2 0 0 0 
1642858285.785644 20.6966796875 17.59789117537197 987.5841247172293 0 0 0 0 0 0 48 14 2 0 0 0 
1642858290.9336798 20.7017578125 17.59789117537197 987.621164085462 0 0 0 0 0 0 48 14 2 0 0 0 
1642858296.0785644 20.6966796875 17.80106533676834 987.6683051485609 0 0 0 0 0 0 48 16 2 0 0 0 
1642858301.2300413 20.6966796875 17.747357139195653 987.7179238632381 0 0 0 0 0 0 48 16 2 0 0 0 
1642858306.3855507 20.7017578125 17.633698690666748 987.8750808494483 0 0 0 0 0 0 48 16 2 0 0 0 
1642858311.538886 20.7017578125 17.675473656818788 987.9780906423309 0 0 0 0 0 0 54 18 2 0 0 0 
1642858316.6916513 20.7017578125 17.591650988863172 987.9360000829021 0 0 0 0 0 0 54 18 2 0 0 0 
1642858321.8444846 20.7119140625 17.65729868866011 987.9578871683468 0 0 0 0 0 0 54 18 2 0 0 0 
1642858326.9971352 20.6916015625 17.693919145499013 987.6823946327964 0 0 0 0 0 0 54 18 2 0 0 0 
1642858332.1509125 20.6966796875 17.807032862809624 987.5726507063523 0 0 0 0 0 0 54 18 2 0 0 0 
1642858337.3030777 20.6966796875 17.633970428508974 987.6073841599408 0 0 0 0 0 0 54 18 2 0 0 0 
1642858342.4567573 20.6966796875 17.824935379173333 987.6969265350657 0 0 0 0 0 0 42 14 2 0 0 0 
1642858347.6092906 20.7068359375 17.628274399849598 987.7743727411226 0 0 0 0 0 0 42 14 2 0 0 0 
1642858352.7622948 20.7017578125 17.81273070859977 987.795330784643 0 0 0 0 0 0 42 14 2 0 0 0 
1642858357.9153986 20.7068359375 17.710738653090498 987.6609493448736 0 0 0 0 0 0 54 18 2 0 0 0 
1642858363.0703852 20.7068359375 17.65160230935062 987.628960250477 0 0 0 0 0 0 54 18 2 0 0 0 
1642858368.2236729 20.7068359375 17.592195440507773 987.6164241435721 0 0 0 0 0 0 54 18 2 0 0 0 
1642858373.3772593 20.7017578125 17.526002043512754 987.6690567538334 0 0 0 0 0 0 48 16 2 0 0 0 
1642858378.5332441 20.6966796875 17.66923450025794 987.6441129762527 0 0 0 0 0 0 48 16 2 0 0 0 
1642858383.6839032 20.6966796875 17.741389510220788 987.6912548260262 0 0 0 0 0 0 48 16 2 0 0 0 
1642858388.836985 20.7017578125 17.657841623770068 987.6800904229078 0 0 0 0 0 0 42 14 0 0 0 0 
1642858393.989781 20.7068359375 17.72918358644691 987.7451312929478 0 0 0 0 0 0 42 14 0 0 0 0 
1642858399.1425176 20.7068359375 17.51461198179757 987.7168196997291 0 0 0 0 0 0 42 14 0 0 0 0 
1642858404.29601 20.7017578125 17.538211159726472 987.7157563496517 0 0 0 0 0 0 48 16 0 0 0 0 
1642858409.4492433 20.6865234375 17.69364810786097 987.7373332327953 0 0 0 0 0 0 48 16 0 0 0 0 
1642858414.6024625 20.6916015625 17.515441769136743 987.5002562793752 0 0 0 0 0 0 48 16 0 0 0 0 
1642858419.7593896 20.6865234375 17.80160491973296 987.4635293274707 0 0 0 0 0 0 90 25 2 2 0 0 
1642858424.9127345 20.6966796875 17.670319775479538 987.6820843880967 0 0 0 0 0 0 90 25 2 2 0 0 
1642858430.0660367 20.6916015625 17.60495784828425 987.7564723886171 0 0 0 0 0 0 90 25 2 2 0 0 
1642858435.219332 20.6865234375 17.539029649469448 987.7659546680741 0 0 0 0 0 0 84 21 2 2 0 0 
1642858440.3713465 20.7017578125 17.741389510220788 987.6972367673325 0 0 0 0 0 0 84 21 2 2 0 0 
1642858445.5283225 20.6916015625 17.670319775479538 987.6305141234022 0 0 0 0 0 0 84 21 2 2 0 0 
1642858450.6815898 20.6865234375 17.550692640173278 987.7278514214454 0 0 0 0 0 0 78 19 2 2 0 0 
1642858455.83759 20.6763671875 17.813270037630176 987.7278514214454 0 0 0 0 0 0 78 19 2 2 0 0 
1642858460.9901433 20.6865234375 17.61009906855415 987.7581559755512 0 0 0 0 0 0 78 19 2 2 0 0 
1642858466.1423388 20.6916015625 17.604131202832047 987.7887698332954 0 0 0 0 0 0 78 19 2 2 0 0 
1642858471.2971778 20.6916015625 17.718060404336924 987.8305502799092 0 0 0 0 0 0 78 19 2 2 0 0 
1642858476.4497714 20.6865234375 17.71209286175485 987.7918277289257 0 0 0 0 0 0 78 19 2 2 0 0 
1642858481.601208 20.6763671875 17.694471611587662 987.6375587879255 0 0 0 0 0 0 111 28 2 2 0 0 
1642858486.75351 20.6763671875 17.647002782033823 987.5803179646538 0 0 0 0 0 0 111 28 2 2 0 0 
1642858491.8992128 20.6814453125 17.66544796279832 987.7375074984286 0 0 0 0 0 0 111 28 2 2 0 0 
1642858497.0500107 20.6611328125 17.70694832757061 987.7694946157885 0 0 0 0 0 0 123 32 2 2 0 0 
1642858502.196321 20.6611328125 17.75522736297133 987.8082158969149 0 0 0 0 0 0 123 32 2 2 0 0 
1642858507.3487449 20.6611328125 17.599806471507474 987.768120101572 0 0 0 0 0 0 123 32 2 2 0 0 
1642858512.502183 20.6662109375 17.6657192793585 987.7173051215316 0 0 0 0 0 0 123 30 2 2 0 0 
1642858517.6554394 20.6662109375 17.78452298942281 987.6202807563055 0 0 0 0 0 0 123 30 2 2 0 0 
1642858522.8085992 20.6560546875 17.803233781038646 987.682260696559 0 0 0 0 0 0 123 30 2 2 0 0 
1642858527.9575934 20.6662109375 17.74871951547271 987.7916893818431 0 0 0 0 0 0 129 32 2 2 0 0 
1642858533.1103396 20.6662109375 17.752233377943618 987.787704518966 0 0 0 0 0 0 129 32 2 2 0 0 
1642858538.263252 20.6763671875 17.59953438579882 987.6297616047417 0 0 0 0 0 0 129 32 2 2 0 0 
1642858543.4165065 20.6763671875 17.62367624879119 987.447629354582 0 0 0 0 0 0 129 32 2 2 0 0 
1642858548.5686889 20.6662109375 17.80839176621285 987.4698268222521 0 0 0 0 0 0 129 32 2 2 0 0 
1642858553.7194524 20.6560546875 17.647817384760145 987.6371157579499 0 0 0 0 0 0 129 32 2 2 0 0 
1642858558.8629134 20.6611328125 17.666261879821214 987.8088331743797 0 0 0 0 0 0 129 32 2 2 0 0 
1642858564.012469 20.6662109375 17.81462853890816 987.8876501645293 0 0 0 0 0 0 129 32 2 2 0 0 
1642858569.160128 20.6458984375 17.738137334378806 987.8650008097602 0 0 0 0 0 0 129 32 2 2 0 0 
1642858574.3058834 20.6509765625 17.672229019574328 987.9064767358257 0 0 0 0 0 0 99 27 2 0 0 0 
1642858579.454793 20.6458984375 17.630730522682935 987.8327105729196 0 0 0 0 0 0 99 27 2 0 0 0 
1642858584.6029553 20.6408203125 17.696910260760696 987.7121143734727 0 0 0 0 0 0 99 27 2 0 0 0 
1642858589.7583687 20.6357421875 17.67900955449859 987.7572589529415 0 0 0 0 0 0 93 27 2 0 0 0 
1642858594.9106836 20.6255859375 17.61337283916788 987.7205316184834 0 0 0 0 0 0 93 27 2 0 0 0 
1642858600.0595727 20.6255859375 17.733252370581866 987.6571790272427 0 0 0 0 0 0 93 27 2 0 0 0 
1642858605.207043 20.6205078125 17.668703043053196 987.6420282554465 0 0 0 0 0 0 93 27 2 0 0 0 
1642858610.3587842 20.6103515625 17.716164264556184 987.5135392801524 0 0 0 0 0 0 93 27 2 0 0 0 
1642858615.5039215 20.6205078125 17.799424720787197 987.7096736912277 0 0 0 0 0 0 93 27 2 0 0 0 
1642858620.6521828 20.6154296875 17.775558894438788 987.7102906203073 0 0 0 0 0 0 87 25 2 0 0 0 
1642858625.7956045 20.6306640625 17.876718713287946 987.6740132247734 0 0 0 0 0 0 87 25 2 0 0 0 
1642858630.9473825 20.6357421875 17.89977845899727 987.7542006160169 0 0 0 0 0 0 87 25 2 0 0 0 
1642858636.1016612 20.6408203125 17.714540163721693 987.7474668142713 0 0 0 0 0 0 66 20 2 0 0 0 
1642858641.254163 20.6458984375 17.85150757388685 987.7235925972501 0 0 0 0 0 0 66 20 2 0 0 0 
1642858646.407173 20.6408203125 17.607133851846303 987.7148660892447 0 0 0 0 0 0 66 20 2 0 0 0 
1642858651.5604434 20.6357421875 17.60794967356037 987.6972722797445 0 0 0 0 0 0 54 16 2 0 0 0 
1642858656.716008 20.6357421875 17.774208896280633 987.706755056208 0 0 0 0 0 0 54 16 2 0 0 0 
1642858661.8715723 20.6306640625 17.80485187430854 987.6063669111932 0 0 0 0 0 0 54 16 2 0 0 0 
1642858667.024064 20.6408203125 17.792379130000306 987.6175316591996 0 0 0 0 0 0 42 14 2 0 0 0 
1642858672.1761482 20.6408203125 17.815706846969658 987.5976400149774 0 0 0 0 0 0 42 14 2 0 0 0 
1642858677.332754 20.6458984375 17.911711511964413 987.6694118800203 0 0 0 0 0 0 42 14 2 0 0 0 
1642858682.4859366 20.6509765625 17.69636841492231 987.8414361563714 0 0 0 0 0 0 30 10 2 0 0 0 
1642858687.6403718 20.6408203125 17.636697655250543 987.9794819045127 0 0 0 0 0 0 30 10 2 0 0 0 
1642858692.797025 20.6509765625 17.815437286281984 988.0162119514914 0 0 0 0 0 0 30 10 2 0 0 0 
1642858697.941409 20.6458984375 17.780445665412568 987.9525461118357 0 0 0 0 0 0 42 14 2 0 0 0 
1642858703.0907257 20.6560546875 17.857474325687924 987.7822057522214 0 0 0 0 0 0 42 14 2 0 0 0 
1642858708.2409005 20.6458984375 17.84527159573238 987.5142204068386 0 0 0 0 0 0 42 14 2 0 0 0 
1642858713.391282 20.6458984375 17.72647399255949 987.3784812891312 0 0 0 0 0 0 36 12 2 0 0 0 
1642858718.5388386 20.6509765625 17.768512159662766 987.6259510508346 0 0 0 0 0 0 36 12 2 0 0 0 
1642858723.688509 20.6408203125 17.690943368963843 987.8852067085054 0 0 0 0 0 0 36 12 2 0 0 0 
1642858728.840739 20.6408203125 17.71426944214959 988.0108545962737 0 0 0 0 0 0 24 8 0 0 0 0 
1642858733.9928548 20.6458984375 17.744374658635554 987.8535243217914 0 0 0 0 0 0 24 8 0 0 0 0 
1642858739.1455007 20.6357421875 17.590321043431445 987.7424164636968 0 0 0 0 0 0 24 8 0 0 0 0 
1642858744.297811 20.6357421875 17.834684563534505 987.6717116217687 0 0 0 0 0 0 30 10 0 0 0 0 
1642858749.4512646 20.6306640625 17.72077772504296 987.6030000496091 0 0 0 0 0 0 30 10 0 0 0 0 
1642858754.6045797 20.6255859375 17.59574377914361 987.617841348851 0 0 0 0 0 0 30 10 0 0 0 0 
1642858759.7554238 20.432421875 17.725621478527327 987.483569262077 0 0 0 0 0 0 30 10 0 0 0 0 
1642858764.9082706 20.6255859375 17.739219052487655 987.8470982397855 0 0 0 0 0 0 30 10 0 0 0 0 
1642858770.0645676 20.6205078125 17.834684563534505 987.8544470391884 0 0 0 0 0 0 30 10 0 0 0 0 
1642858775.2174022 20.6255859375 17.727826747842578 987.8945418585556 0 0 0 0 0 0 93 31 0 0 0 0 
1642858780.3698056 20.6205078125 17.853122228131255 987.9305074846884 0 0 0 0 0 0 93 31 0 0 0 0 
1642858785.5224042 20.6357421875 17.733522841823998 987.8945418585556 0 0 0 0 0 0 93 31 0 0 0 0 
1642858790.6784046 20.6205078125 17.811088007921477 987.8036367800966 0 0 0 0 0 0 81 27 0 0 0 0 
1642858795.8322434 20.6154296875 17.745185724103408 987.6184603994719 0 0 0 0 0 0 81 27 0 0 0 0 
1642858800.9849617 20.6154296875 17.727556218557083 987.6140288401446 0 0 0 0 0 0 81 27 0 0 0 0 
1642858806.1378584 20.6154296875 17.865054894355772 987.7197741405743 0 0 0 0 0 0 87 29 2 0 0 0 
1642858811.2913058 20.6103515625 17.81189666817356 987.777318044788 0 0 0 0 0 0 87 29 2 0 0 0 
1642858816.4446056 20.6154296875 17.76986244803062 987.8194029980335 0 0 0 0 0 0 87 29 2 0 0 0 
1642858821.5979493 20.6205078125 17.955084366773352 987.8547543925497 0 0 0 0 0 0 93 29 2 0 0 0 
1642858826.7505374 20.6154296875 17.739759846229052 987.8699049996441 0 0 0 0 0 0 93 29 2 0 0 0 
1642858831.903806 20.6205078125 17.615003905701975 987.8763314275043 0 0 0 0 0 0 93 29 2 0 0 0 
1642858837.0571587 20.6052734375 17.549915613235324 987.8823027533175 0 0 0 0 0 0 105 31 2 0 0 0 
1642858842.2103417 20.5951171875 17.841458729540403 987.6039284985881 0 0 0 0 0 0 105 31 2 0 0 0 
1642858847.3629353 20.6052734375 17.907355792409042 987.3567821740002 0 0 0 0 0 0 105 31 2 0 0 0 
1642858852.5150988 20.5951171875 17.97298241238985 987.3974938050388 0 0 0 0 0 0 105 29 2 0 0 0 
1642858857.6720693 20.6052734375 17.812705230459386 987.5496148528852 0 0 0 0 0 0 105 29 2 0 0 0 
1642858862.825285 20.5951171875 17.71670554441608 987.891026366596 0 0 0 0 0 0 105 29 2 0 0 0 
1642858867.978953 20.5849609375 17.87806263511004 987.9485668597189 0 0 0 0 0 0 105 29 2 0 0 0 
1642858873.1321328 20.5646484375 17.87860012764518 987.8969958915217 0 0 0 0 0 0 105 29 2 0 0 0 
1642858878.2880898 20.5697265625 17.765786453379175 987.7343291453518 0 0 0 0 0 0 105 29 2 0 0 0 
1642858883.4416063 20.5748046875 17.938526541015943 987.6599565259011 0 0 0 0 0 0 105 29 2 0 0 0 
1642858888.5964787 20.5697265625 17.855274490900605 987.798294098314 0 0 0 0 0 0 105 29 2 0 0 0 
1642858893.748172 20.5646484375 17.88483467222421 987.9009748919152 0 0 0 0 0 0 105 29 2 0 0 0 
1642858898.89765 20.5595703125 17.790459349844628 987.9941665876772 0 0 0 0 0 0 105 29 2 0 0 0 
1642858904.0468225 20.5646484375 17.78422385710932 987.8827648281572 0 0 0 0 0 0 105 29 2 0 0 0 
1642858909.1895866 20.5544921875 17.76632647798852 987.7568261334553 0 0 0 0 0 0 105 29 2 0 0 0 
1642858914.3368936 20.5646484375 17.74866223722844 987.3662278274548 0 0 0 0 0 0 132 38 2 0 0 0 
1642858919.488141 20.5544921875 17.826522650885334 987.7500930912091 0 0 0 0 0 0 132 38 2 0 0 0 
1642858924.637574 20.5494140625 17.96969331428592 987.7574399477636 0 0 0 0 0 0 132 38 2 0 0 0 
1642858929.7896898 20.5443359375 17.880212344015305 987.7277556188251 0 0 0 0 0 0 75 19 4 0 0 0 
1642858934.938024 20.5544921875 17.826522650885334 987.7355579170448 0 0 0 0 0 0 75 19 4 0 0 0 
1642858940.0932007 20.5443359375 17.868012559742354 987.8250755477779 0 0 0 0 0 0 75 19 4 0 0 0 
1642858945.2478447 20.5646484375 17.89133762811078 987.911992128646 0 0 0 0 0 0 81 21 4 0 0 0 
1642858950.400144 20.5544921875 17.87370936394008 987.9433629356629 0 0 0 0 0 0 81 21 4 0 0 0 
1642858955.5490487 20.5646484375 17.635076202120086 987.8628716964585 0 0 0 0 0 0 81 21 4 0 0 0 
1642858960.6993616 20.5443359375 17.820287713237065 987.8578219014488 0 0 0 0 0 0 75 19 2 0 0 0 
1642858965.8475735 20.5494140625 17.820287713237065 987.8648610558464 0 0 0 0 0 0 75 19 2 0 0 0 
1642858970.9935958 20.5443359375 17.725647415234207 987.85231299612 0 0 0 0 0 0 75 19 2 0 0 0 
1642858976.1470683 20.5443359375 17.67195655574614 987.8149762120727 0 0 0 0 0 0 69 19 2 0 0 0 
1642858981.2979717 20.5443359375 17.880749662393654 987.8301252165749 0 0 0 0 0 0 69 19 2 0 0 0 
1642858986.4470267 20.5341796875 17.916809730510042 987.8663898843234 0 0 0 0 0 0 69 19 2 0 0 0 
1642858991.5971859 20.5341796875 17.93443728170828 987.8287480575258 0 0 0 0 0 0 63 19 4 2 0 0 
1642858996.7468598 20.5341796875 17.76171088004018 987.8977597021222 0 0 0 0 0 0 63 19 4 2 0 0 
1642859001.8992817 20.5341796875 17.661109847822374 988.0905575869058 0 0 0 0 0 0 63 19 4 2 0 0 
1642859007.0558193 20.51875 17.888326274939075 988.0154227364072 0 0 0 0 0 0 51 17 4 2 0 0 
1642859012.208838 20.513671875 17.923847464842066 987.8218610274072 0 0 0 0 0 0 51 17 4 2 0 0 
1642859017.3614602 20.50859375 17.840337566900402 987.7676945244104 0 0 0 0 0 0 51 17 4 2 0 0 
1642859022.5163724 20.513671875 17.77499106197166 987.7572894012333 0 0 0 0 0 0 57 19 4 2 0 0 
1642859027.6625748 20.513671875 18.025249630794328 987.7303587584921 0 0 0 0 0 0 57 19 4 2 0 0 
1642859032.813619 20.523828125 17.798851415352356 987.8064070525563 0 0 0 0 0 0 57 19 4 2 0 0 
1642859037.96311 20.51875 18.043143822115724 987.8246160864196 0 0 0 0 0 0 57 19 4 2 0 0 
1642859043.112856 20.52890625 17.89375427122762 987.7822307800402 0 0 0 0 0 0 57 19 4 2 0 0 
1642859048.257816 20.523828125 17.899719307146988 987.7556062355376 0 0 0 0 0 0 57 19 4 2 0 0 
1642859053.4052968 20.51875 17.953939701236024 987.831348761093 0 0 0 0 0 0 63 21 4 2 0 0 
1642859058.5619066 20.503515625 17.876396427363876 987.9713565001929 0 0 0 0 0 0 63 21 4 2 0 0 
1642859063.7176304 20.513671875 17.703679659818352 987.9803808164953 0 0 0 0 0 0 63 21 4 2 0 0 
1642859068.8700163 20.34609375 17.983496157733118 987.9966039239002 0 0 0 0 0 0 48 16 4 2 0 0 
1642859074.022604 20.493359375 17.85307444224782 987.9497799662291 0 0 0 0 0 0 48 16 4 2 0 0 
1642859079.174895 20.493359375 17.918955173306383 987.9217757244734 0 0 0 0 0 0 48 16 4 2 0 0 
1642859084.327609 20.50859375 17.853343342646717 987.8617932897864 0 0 0 0 0 0 63 21 2 2 0 0 
1642859089.4764807 20.4984375 17.847647527501405 987.9184094880409 0 0 0 0 0 0 63 21 2 2 0 0 
1642859094.6276596 20.483203125 17.88371446322681 987.902796127232 0 0 0 0 0 0 63 21 2 2 0 0 
1642859099.7751043 20.483203125 17.88940024415447 987.9670562454324 0 0 0 0 0 0 63 21 2 2 0 0 
1642859104.9245906 20.493359375 17.76442087600324 988.0509059612377 0 0 0 0 0 0 63 21 2 2 0 0 
1642859110.0704958 20.483203125 17.847926818973413 988.0660535884222 0 0 0 0 0 0 63 21 2 2 0 0 
1642859115.218023 20.48828125 17.842231180778075 988.0671306260556 0 0 0 0 0 0 63 21 2 2 0 0 
1642859120.3673887 20.493359375 17.871506284435153 987.9490098649277 0 0 0 0 0 0 63 21 2 2 0 0 
1642859125.513723 20.48828125 17.776350419831456 987.8298146179775 0 0 0 0 0 0 63 21 2 2 0 0 
1642859130.6670787 20.48828125 17.978868654424012 987.8516947591194 0 0 0 0 0 0 75 25 2 2 0 0 
1642859135.8138292 20.503515625 17.924919823479694 987.9574253950417 0 0 0 0 0 0 75 25 2 2 0 0 
1642859140.956284 20.50859375 17.859039274470167 988.0446435457079 0 0 0 0 0 0 75 25 2 2 0 0 
1642859146.1038148 20.493359375 17.894828051832334 988.0483132316793 0 0 0 0 0 0 69 23 0 0 0 0 
1642859151.258612 20.503515625 18.06210393904316 987.9685988781708 0 0 0 0 0 0 69 23 0 0 0 0 
1642859156.4118907 20.503515625 18.073500023809295 987.9352406730009 0 0 0 0 0 0 69 23 0 0 0 0 
1642859161.565049 20.503515625 17.95528864109844 987.9321788099446 0 0 0 0 0 0 69 23 0 0 0 0 
1642859166.7177916 20.493359375 17.793964722792083 987.9234588427945 0 0 0 0 0 0 69 23 0 0 0 0 
1642859171.8711255 20.523828125 17.751130544033387 987.9225448589797 0 0 0 0 0 0 69 23 0 0 0 0 
1642859177.0243342 20.513671875 17.80508595155104 987.9585000766201 0 0 0 0 0 0 75 25 2 0 0 0 
1642859182.1771626 20.513671875 17.90675756201138 987.961561994069 0 0 0 0 0 0 75 25 2 0 0 0 
1642859187.3301 20.493359375 17.799390489449788 987.9490098649277 0 0 0 0 0 0 75 25 2 0 0 0 
1642859192.4831212 20.50859375 17.751670720958398 987.8901012030831 0 0 0 0 0 0 75 25 2 0 0 0 
1642859197.6355817 20.51875 17.76929583503759 987.9265205549865 0 0 0 0 0 0 75 25 2 0 0 0 
1642859202.787537 20.513671875 17.846840619533538 988.023534526533 0 0 0 0 0 0 75 25 2 0 0 0 
1642859207.9408255 20.50859375 18.037979458905568 987.9969080981507 0 0 0 0 0 0 105 35 2 0 0 0 
1642859213.0927951 20.503515625 18.001657775076232 987.976710320613 0 0 0 0 0 0 105 35 2 0 0 0 
1642859218.2485266 20.513671875 17.715339458580534 987.9251419611858 0 0 0 0 0 0 105 35 2 0 0 0 
1642859223.4003384 20.513671875 17.82217303794024 987.8622564381309 0 0 0 0 0 0 99 33 2 0 0 0 
1642859228.5538898 20.51875 17.751670720958398 987.9430473804307 0 0 0 0 0 0 99 33 2 0 0 0 
1642859233.7079172 20.503515625 17.84657162844103 987.97226930453 0 0 0 0 0 0 99 33 2 0 0 0 
1642859238.8613799 20.503515625 17.787460609033197 988.0297990261951 0 0 0 0 0 0 99 33 2 0 0 0 
1642859244.0137112 20.4984375 17.895364876826434 988.0025654827759 0 0 0 0 0 0 99 33 2 0 0 0 
1642859249.1671557 20.503515625 17.668430579448785 988.0005784330243 0 0 0 0 0 0 99 33 2 0 0 0 
1642859254.3204386 20.493359375 17.787460609033197 987.9509970866862 0 0 0 0 0 0 99 33 2 0 0 0 
1642859259.4724338 20.493359375 18.085961490754105 987.9184094880409 0 0 0 0 0 0 99 33 2 0 0 0 
1642859264.6249945 20.4984375 17.954207451736476 988.0460231070366 0 0 0 0 0 0 99 33 2 0 0 0 
1642859269.7782404 20.4984375 17.88940024415447 988.0764547938845 0 1 1 0 1 1 111 37 6 2 0 0 
1642859274.930332 20.50859375 17.912990512848932 988.166433481758 0 1 1 0 1 1 111 37 6 2 0 0 
1642859280.0837722 20.4984375 17.84737856906372 988.1372154380163 0 1 1 0 1 1 111 37 6 2 0 0 
1642859285.2397196 20.503515625 17.853612232160696 988.131863185941 0 1 1 0 1 1 105 33 6 2 0 0 
1642859290.3938942 20.503515625 17.943081567981604 988.1641454827748 0 1 1 0 1 1 105 33 6 2 0 0 
1642859295.547457 20.513671875 18.037712684141166 988.1268137644995 0 1 1 0 1 1 105 33 6 2 0 0 
1642859300.7014232 20.51875 17.804816477985412 988.0735598891584 0 1 1 0 1 1 117 37 6 2 0 0 
1642859305.8554065 20.50859375 17.822980870965498 988.1164118213194 0 1 1 0 1 1 117 37 6 2 0 0 
1642859311.0067508 20.523828125 17.85850157886471 988.1669064581912 0 1 1 0 1 1 117 37 6 2 0 0 
1642859316.158661 20.513671875 17.942010079927485 988.1194749439195 0 1 1 0 1 1 129 41 6 2 0 0 
1642859321.3109145 20.523828125 17.82786896676305 988.1562016436748 0 1 1 0 1 1 129 41 6 2 0 0 
1642859326.4592159 20.51875 17.929812380414052 988.2201626218233 0 1 1 0 1 1 129 41 6 2 0 0 
1642859331.605964 20.50859375 17.888326274939075 988.2894751889096 0 1 1 0 1 1 123 39 4 2 0 0 
1642859336.7560797 20.51875 17.82217303794024 988.261940016606 0 1 1 0 1 1 123 39 4 2 0 0 
1642859341.9020362 20.513671875 17.899719307146988 988.1525321467841 0 1 1 0 1 1 123 39 4 2 0 0 
1642859347.0516577 20.523828125 17.834103346341344 988.0262926641805 0 1 1 0 1 1 129 41 4 2 0 0 
1642859352.1996264 20.523828125 17.810242688397857 988.0145103325439 0 1 1 0 1 1 129 41 4 2 0 0 
1642859357.3480349 20.52890625 17.971298935924363 988.0172679501283 0 1 1 0 1 1 129 41 4 2 0 0 
1642859362.4952466 20.523828125 17.83979939244244 987.972735187731 0 0 0 0 0 0 87 27 4 2 0 0 
1642859367.6426375 20.5341796875 17.86962527664368 987.9236181751118 0 0 0 0 0 0 87 27 4 2 0 0 
1642859372.787682 20.52890625 17.93269951350635 987.977458035187 0 0 0 0 0 0 87 27 4 2 0 0 
1642859377.9377532 20.51875 17.741102007887502 987.7368215471281 0 1 1 0 1 1 87 27 6 2 0 0 
1642859383.0880916 20.523828125 17.97726383813456 988.224909627584 0 1 1 0 1 1 87 27 6 2 0 0 
1642859388.2419116 20.513671875 17.751130544033387 988.2793761445221 0 1 1 0 1 1 87 27 6 2 0 0 
1642859393.3938751 20.523828125 17.941742180702768 988.2083803287863 0 0 0 0 0 0 72 22 6 2 0 0 
1642859398.5483303 20.523828125 17.906220969165517 988.2103660752608 0 0 0 0 0 0 72 22 6 2 0 0 
1642859403.6940122 20.51875 17.828407416918814 988.1918511986323 0 0 0 0 0 0 72 22 6 2 0 0 
1642859408.8413904 20.51875 17.804277498198683 988.1962952592527 0 1 1 0 1 1 72 22 8 2 0 0 
1642859413.9880579 20.523828125 17.89375427122762 988.1679839215348 0 1 1 0 1 1 72 22 8 2 0 0 
1642859419.1353145 20.523828125 17.882092767855802 988.1303471901128 0 1 1 0 1 1 72 22 8 2 0 0 
1642859424.283195 20.523828125 17.905684332781032 988.0625509447008 0 0 0 0 0 0 81 25 4 0 0 0 
1642859429.433992 20.52890625 17.911112806049697 988.0080818714993 0 0 0 0 0 0 81 25 4 0 0 0 
1642859434.5795925 20.513671875 17.929544332464 988.0706631242225 0 0 0 0 0 0 81 25 4 0 0 0 
1642859439.7278986 20.513671875 17.89375427122762 988.2339304759365 0 0 0 0 0 0 75 25 4 0 0 0 
1642859444.8705904 20.5341796875 17.9642633768638 988.194612061745 0 0 0 0 0 0 75 25 4 0 0 0 
1642859450.0204942 20.5341796875 17.940938417721718 988.1485591078995 0 0 0 0 0 0 75 25 4 0 0 0 
1642859455.1686735 20.5392578125 17.940938417721718 988.1906396972372 0 0 0 0 0 0 75 23 4 0 0 0 
1642859460.3167493 20.523828125 17.910844518682715 988.1168815253718 0 0 0 0 0 0 75 23 4 0 0 0 
1642859465.4646096 20.52890625 17.8579638397197 988.115501857778 0 0 0 0 0 0 75 23 4 0 0 0 
1642859470.6135597 20.5341796875 18.04830849058191 988.0899502093189 0 0 0 0 0 0 69 21 4 0 0 0 
1642859475.762842 20.523828125 17.86339129251324 988.0307336903155 0 0 0 0 0 0 69 21 4 0 0 0 
1642859480.9106412 20.5392578125 17.91191760284284 988.0744973768392 0 0 0 0 0 0 69 21 4 0 0 0 
1642859486.0557685 20.5341796875 18.012785941435933 988.115501857778 0 0 0 0 0 0 63 19 4 0 0 0 
1642859491.2063205 20.513671875 17.839261174444545 988.0363918083109 0 0 0 0 0 0 63 19 4 0 0 0 
1642859496.3630233 20.5341796875 17.92900820391029 988.0798509704155 0 0 0 0 0 0 63 19 4 0 0 0 
1642859501.5155523 20.5341796875 18.07760019318639 988.1822235758723 0 0 0 0 0 0 84 24 8 0 0 0 
1642859506.6675947 20.5341796875 17.76171088004018 988.2394532356344 0 0 0 0 0 0 84 24 8 0 0 0 
1642859511.820413 20.5341796875 17.797233931815583 988.2293538780366 0 0 0 0 0 0 84 24 8 0 0 0 
1642859516.976306 20.5443359375 17.80292985824155 988.2910285091795 0 0 0 0 0 0 84 24 8 0 0 0 
1642859522.1290562 20.5494140625 17.80292985824155 988.346575987332 0 0 0 0 0 0 84 24 8 0 0 0 
1642859527.2825332 20.5544921875 17.784493646305222 988.2604271181232 0 0 0 0 0 0 84 24 8 0 0 0 
1642859532.435306 20.5443359375 18.035311221480967 988.0425162166514 0 0 0 0 0 0 78 22 6 0 0 0 
1642859537.5881515 20.5544921875 17.8620469899336 987.9796273905952 0 0 0 0 0 0 78 22 6 0 0 0 
1642859542.7405972 20.5544921875 17.96996094510319 987.9880436055678 0 0 0 0 0 0 78 22 6 0 0 0 
1642859547.8928454 20.5544921875 17.832757429512082 987.9840669655515 0 0 0 0 0 0 78 22 8 0 0 0 
1642859553.0460851 20.5544921875 17.767136433262387 988.0250749722214 0 0 0 0 0 0 78 22 8 0 0 0 
1642859558.1993716 20.5443359375 17.761440858677663 988.0348698263039 0 0 0 0 0 0 78 22 8 0 0 0 
1642859563.3500102 20.5494140625 17.796964313127944 988.0904174010067 0 0 0 0 0 0 72 20 6 0 0 0 
1642859568.4968643 20.5443359375 17.802660297594628 988.0907215690353 0 0 0 0 0 0 72 20 6 0 0 0 
1642859573.643076 20.5595703125 17.855812447743695 988.0934796727036 0 0 0 0 0 0 72 20 6 0 0 0 
1642859578.7917612 20.5443359375 18.00548505432973 988.1139830617717 0 0 0 0 0 0 51 13 6 0 0 0 
1642859583.936838 20.5494140625 17.903537351856535 988.10694587247 0 0 0 0 0 0 51 13 6 0 0 0 
1642859589.0886238 20.5544921875 17.695277671012498 988.1459650518814 0 0 0 0 0 0 51 13 6 0 0 0 
1642859594.244181 20.5646484375 18.02284673172003 988.1709103824953 0 0 0 0 0 0 51 13 6 0 0 0 
1642859599.3973515 20.5494140625 17.945296102876778 988.167543826818 0 0 0 0 0 0 51 13 6 0 0 0 
1642859604.5505733 20.5544921875 17.75466497430359 988.2634907732661 0 0 0 0 0 0 51 13 6 0 0 0 
1642859609.7030632 20.5443359375 17.951797305393065 988.2533910839904 0 0 0 0 0 0 51 15 6 0 0 0 
1642859614.856398 20.5595703125 17.760360664373835 988.2223180828523 0 0 0 0 0 0 51 15 6 0 0 0 
1642859620.009797 20.5544921875 17.77256220836549 988.2705267277315 0 0 0 0 0 0 51 15 6 0 0 0 
1642859625.1622183 20.5544921875 17.98108891683583 988.2985369996418 0 0 0 0 0 0 57 17 8 0 0 0 
1642859630.3149753 20.5544921875 17.903537351856535 988.2971564223708 0 0 0 0 0 0 57 17 8 0 0 0 
1642859635.4682982 20.5646484375 17.927399557019932 988.3173558252637 0 0 0 0 0 0 57 17 8 0 0 0 
1642859640.6217673 20.5494140625 17.87370936394008 988.2435944410383 0 0 0 0 0 0 63 19 8 0 0 0 
1642859645.7752657 20.5544921875 17.70124345992655 988.1159702884455 0 0 0 0 0 0 63 19 8 0 0 0 
1642859650.9279058 20.5443359375 17.778527932478845 988.1846801263243 0 0 0 0 0 0 63 19 8 0 0 0 
1642859656.081124 20.5443359375 17.98839147012772 988.3014304088167 0 0 0 0 0 0 42 14 4 0 0 0 
1642859661.2341914 20.5494140625 17.844688386014784 988.2960782767732 0 0 0 0 0 0 42 14 4 0 0 0 
1642859666.3911147 20.5544921875 17.879943668498946 988.1644809524333 0 0 0 0 0 0 42 14 4 0 0 0 
1642859671.5449402 20.5595703125 17.940134556780276 988.09913780709 0 0 0 0 0 0 42 14 4 0 0 0 
1642859676.6976008 20.5544921875 17.921970418170233 988.1866667865189 0 0 0 0 0 0 42 14 4 0 0 0 
1642859681.8492517 20.5443359375 17.979257125309754 988.2236983347514 0 0 0 0 0 0 42 14 4 0 0 0 
1642859687.001771 20.5544921875 17.71317500689444 988.3041921112787 0 0 0 0 0 0 69 23 8 0 0 0 
1642859692.1548111 20.5595703125 17.92766769204638 988.2951704062169 0 0 0 0 0 0 69 23 8 0 0 0 
1642859697.3080869 20.5544921875 17.993019772524505 988.2847677037222 0 0 0 0 0 0 69 23 8 0 0 0 
1642859702.4609556 20.5646484375 17.963192556148748 988.2396216551028 0 0 0 0 0 0 90 28 6 0 0 0 
1642859707.6141856 20.5544921875 18.02284673172003 988.0746591462514 0 0 0 0 0 0 90 28 6 0 0 0 
1642859712.7662675 20.5595703125 17.783954057028158 987.9851396709458 0 0 0 0 0 0 90 28 6 0 0 0 
1642859717.9211197 20.5646484375 17.861778096763032 988.0345651013606 0 0 0 0 0 0 123 35 8 0 0 0 
1642859723.0744178 20.5544921875 17.90380576256845 988.1796303319074 0 0 0 0 0 0 123 35 8 0 0 0 
1642859728.2275832 20.5595703125 17.92766769204638 988.2662513003687 0 0 0 0 0 0 123 35 8 0 0 0 
1642859733.3862352 20.5595703125 17.76632647798852 988.2533910839904 0 0 0 0 0 0 129 37 8 0 0 0 
1642859738.5410602 20.5443359375 17.85688823081093 988.2758792101757 0 0 0 0 0 0 129 37 8 0 0 0 
1642859743.69158 20.5544921875 17.82598404833887 988.2186485761808 0 0 0 0 0 0 129 37 8 0 0 0 
1642859748.84304 20.5494140625 17.832757429512082 988.2284450376425 0 0 0 0 0 0 129 37 8 0 0 0 
1642859753.9917574 20.5494140625 17.915468475012652 988.2533910839904 0 0 0 0 0 0 129 37 8 0 0 0 
1642859759.1447418 20.5595703125 17.77256220836549 988.2674629353996 0 0 0 0 0 0 129 37 8 0 0 0 
1642859764.3012955 20.5544921875 17.70720923855386 988.2738932648272 0 0 0 0 0 0 117 33 8 0 0 0 
1642859769.4545019 20.5494140625 17.886714994573673 988.2943950208386 0 0 0 0 0 0 117 33 8 0 0 0 
1642859774.606508 20.5494140625 17.880481008646875 988.2458834403867 0 0 0 0 0 0 117 33 8 0 0 0 
1642859779.7632432 20.5392578125 17.946367750629285 988.2135988182397 0 0 0 0 0 0 105 29 6 0 0 0 
1642859784.919752 20.5392578125 17.892680316467423 988.2240013222216 0 0 0 0 0 0 105 29 6 0 0 0 
1642859790.0673165 20.5494140625 17.921970418170233 988.2287480939515 0 0 0 0 0 0 105 29 6 0 0 0 
1642859795.2236862 20.5494140625 17.951797305393065 988.2842954867006 0 0 0 0 0 0 111 31 6 0 0 0 
1642859800.3769498 20.5392578125 17.755475310486084 988.2714345513064 0 0 0 0 0 0 111 31 6 0 0 0 
1642859805.5302927 20.5443359375 18.083032554012618 988.2596519583842 0 0 0 0 0 0 111 31 6 0 0 0 
1642859810.6869462 20.5443359375 17.928203929445605 988.3196438672 0 0 0 0 0 0 111 31 6 0 0 0 
1642859815.8332295 20.5595703125 17.87967498209779 988.2668573369175 0 0 0 0 0 0 111 31 6 0 0 0 
1642859820.980222 20.5595703125 17.80835639874101 988.2746678462983 0 0 0 0 0 0 111 31 6 0 0 0 
1642859826.1337204 20.5494140625 17.951529456932743 988.2559828835267 0 0 0 0 0 0 123 33 6 0 0 0 
1642859831.2834368 20.5544921875 17.904074162395684 988.3395407941155 0 0 0 0 0 0 123 33 6 0 0 0 
1642859836.4297228 20.5494140625 17.826522650885334 988.3311244382612 0 0 0 0 0 0 123 33 6 0 0 0 
1642859841.576295 20.5443359375 18.011183149060525 988.2708294451003 0 0 0 0 0 0 96 24 2 0 0 0 
1642859846.7289124 20.5494140625 17.94609985501786 988.3237864592464 0 0 0 0 0 0 96 24 2 0 0 0 
1642859851.8766203 20.5544921875 17.868281373104693 988.3199460818865 0 0 0 0 0 0 96 24 2 0 0 0 
1642859857.0236928 20.5646484375 17.84388111884339 988.354388090061 0 0 0 0 0 0 75 17 2 0 0 0 
1642859862.171828 20.5646484375 17.78991989842048 988.3622000276315 0 0 0 0 0 0 75 17 2 0 0 0 
1642859867.3271346 20.5798828125 17.974053030049962 988.2628846824866 0 0 0 0 0 0 75 17 2 0 0 0 
1642859872.4741294 20.5798828125 17.801312331082322 988.1710739514945 0 0 0 0 0 0 54 14 2 0 0 0 
1642859877.620978 20.5798828125 17.83114197011114 988.1393948129867 0 0 0 0 0 0 54 14 2 0 0 0 
1642859882.7743535 20.5748046875 17.98651942551233 988.1194993190619 0 0 0 0 0 0 54 14 2 0 0 0 
1642859887.926577 20.5798828125 17.962657080484917 988.100212772027 0 0 0 0 0 0 69 19 2 0 0 0 
1642859893.0787797 20.5849609375 17.7538545401524 988.1770360210289 0 0 0 0 0 0 69 19 2 0 0 0 
1642859898.2351377 20.5646484375 17.801851550342786 988.2281418718185 0 0 0 0 0 0 69 19 2 0 0 0 
1642859903.390258 20.5595703125 17.78991989842048 988.281401084301 0 0 0 0 0 0 81 21 2 0 0 0 
1642859908.5393906 20.5646484375 17.845226509704215 988.2466579592059 0 0 0 0 0 0 81 21 2 0 0 0 
1642859913.6884427 20.5646484375 17.90869782789971 988.2224852897251 0 0 0 0 0 0 81 21 2 0 0 0 
1642859918.8427906 20.5798828125 17.77175239456104 988.2151447734171 0 0 0 0 0 0 81 21 2 0 0 0 
1642859923.996409 20.5849609375 17.843073753707245 988.2117781055011 0 0 0 0 0 0 81 21 2 0 0 0 
1642859929.148702 20.5646484375 17.872903032658947 988.2915009434037 0 0 0 0 0 0 81 21 2 0 0 0 
1642859934.2945044 20.5595703125 17.748158792637884 988.3941829872231 0 0 0 0 0 0 102 25 2 0 0 0 
1642859939.4380937 20.5443359375 17.778797779716125 988.4436023215487 0 0 0 0 0 0 102 25 2 0 0 0 
1642859944.5865211 20.5544921875 17.909502918578198 988.3762708078998 0 0 0 0 0 0 102 25 2 0 0 0 
1642859949.729814 20.5443359375 17.898108723230695 988.2856761468653 0 0 0 0 0 0 102 25 2 0 0 0 
1642859954.8763545 20.5544921875 17.837915438962426 988.2497214223667 0 0 0 0 0 0 102 25 2 0 0 0 
1642859960.0276065 20.5544921875 17.885909207446783 988.3109251913456 0 0 0 0 0 0 102 25 2 0 0 0 
1642859965.180266 20.5646484375 17.766596473965166 988.202892675385 0 0 0 0 0 0 102 25 2 0 0 0 
1642859970.3325672 20.5544921875 17.75493509724983 988.2466579592059 0 0 0 0 0 0 102 25 2 0 0 0 
1642859975.4858015 20.5646484375 17.826253355054632 988.2062592340002 0 0 0 0 0 0 102 25 2 0 0 0 
1642859980.639013 20.5798828125 17.825445402252164 988.2861479936748 0 0 0 0 0 0 96 25 2 0 0 0 
1642859985.7912571 20.462890625 18.042789796317987 988.0452042172941 0 0 0 0 0 0 96 25 2 0 0 0 
1642859990.9441898 20.396875 17.86720605434621 988.3231811255828 0 0 0 0 0 0 96 25 2 0 0 0 
1642859996.0966089 20.5849609375 17.83114197011114 988.3397116830139 0 0 0 0 0 0 108 27 4 0 0 0 
1642860001.2498064 20.5900390625 17.84334288630427 988.3599117585032 0 0 0 0 0 0 108 27 4 0 0 0 
1642860006.4031465 20.5798828125 17.962389326326413 988.3767451624393 0 0 0 0 0 0 108 27 4 0 0 0 
1642860011.5559006 20.5849609375 17.92036109652411 988.4384246979997 0 0 0 0 0 0 123 29 6 0 0 0 
1642860016.709575 20.5951171875 17.86097135194202 988.4656605318621 0 0 0 0 0 0 123 29 6 0 0 0 
1642860021.8631704 20.5798828125 17.73541583572421 988.4090307888563 0 0 0 0 0 0 123 29 6 0 0 0 
1642860027.0165496 20.5798828125 17.8607024152319 988.2703914734948 0 0 0 0 0 0 117 27 4 0 0 0 
1642860032.1705883 20.5900390625 17.890531884479927 988.0041174507992 0 0 0 0 0 0 117 27 4 0 0 0 
1642860037.323901 20.5849609375 17.830872688780026 988.0468117203854 0 0 0 0 0 0 117 27 4 0 0 0 
1642860042.4766917 20.5900390625 17.87860012764518 988.0451283933877 0 0 0 0 0 0 108 24 4 0 0 0 
1642860047.629947 20.5849609375 17.890531884479927 988.21682810748 0 0 0 0 0 0 108 24 4 0 0 0 
1642860052.7834568 20.5697265625 18.07003633686042 988.3851618670305 0 0 0 0 0 0 108 24 4 0 0 0 
1642860057.9367964 20.5544921875 17.784493646305222 988.3729042351551 0 0 0 0 0 0 96 22 4 0 0 0 
1642860063.0901215 20.5544921875 17.879943668498946 988.3139892574154 0 0 0 0 0 0 96 22 4 0 0 0 
1642860068.2448263 20.4984375 18.040475947334745 988.1854525484217 0 0 0 0 0 0 96 22 4 0 0 0 
1642860073.3995328 20.5544921875 17.76632647798852 988.1540776069065 0 0 0 0 0 0 96 22 4 0 0 0 
1642860078.5528748 20.5646484375 17.84334288630427 988.2940924932767 0 0 0 0 0 0 96 22 4 0 0 0 
1642860083.7062485 20.5646484375 17.79615539175381 988.4564656652117 0 0 0 0 0 0 96 22 4 0 0 0 
1642860088.8594759 20.5544921875 17.78422385710932 988.5389482780412 0 0 0 0 0 0 87 22 4 0 0 0 
1642860094.0126965 20.5544921875 18.02907905610288 988.5025174877981 0 0 0 0 0 0 87 22 4 0 0 0 
1642860099.164887 20.5544921875 18.010915978903448 988.4921165921509 0 0 0 0 0 0 87 22 4 0 0 0 
1642860104.3182971 20.5646484375 17.837915438962426 988.4009162450916 0 0 0 0 0 0 81 20 4 0 0 0 
1642860109.4710643 20.5595703125 17.915468475012652 988.297459032331 0 0 0 0 0 0 81 20 4 0 0 0 
1642860114.6250176 20.5544921875 18.03504433787639 988.1833002838127 0 0 0 0 0 0 81 20 4 0 0 0 
1642860119.776661 20.5443359375 17.94556403114161 988.220634843553 0 0 0 0 0 0 75 18 4 0 0 0 
1642860124.9307802 20.5646484375 17.87967498209779 988.3358719534305 0 0 0 0 0 0 75 18 4 0 0 0 
1642860130.0839453 20.5595703125 17.653516860585512 988.4341055014249 0 0 0 0 0 0 75 18 4 0 0 0 
1642860135.2361689 20.5544921875 17.736767647658937 988.4893522209078 0 0 0 0 0 0 81 20 4 0 0 0 
1642860140.3910336 20.478125 17.939330597878374 988.4200362790411 0 0 0 0 0 0 81 20 4 0 0 0 
1642860145.5507793 20.5544921875 17.781225915013856 987.8564588531771 0 0 0 0 0 0 81 20 4 0 0 0 
1642860150.7035317 20.5494140625 17.832488213491168 988.2567576468026 0 0 0 0 0 0 81 22 2 0 0 0 
1642860155.8531294 20.5646484375 17.832218986585225 988.3341886687019 0 0 0 0 0 0 81 22 2 0 0 0 
1642860161.0020783 20.5544921875 17.748158792637884 988.444984084429 0 0 0 0 0 0 81 22 2 0 0 0 
1642860166.148025 20.5646484375 17.760360664373835 988.4789514110158 0 0 0 0 0 0 66 22 0 0 0 0 
1642860171.2961543 20.5544921875 17.84388111884339 988.4711372758616 0 0 0 0 0 0 66 22 0 0 0 0 
1642860176.4412966 20.5544921875 17.926863254313346 988.5493489966824 0 0 0 0 0 0 66 22 0 0 0 0 
1642860181.5923843 20.5544921875 17.814322061132525 988.5106329494743 0 0 0 0 0 0 66 22 0 0 0 0 
1642860186.7407625 20.5544921875 17.760360664373835 988.4172728878725 0 0 0 0 0 0 66 22 0 0 0 0 
1642860191.8876143 20.5544921875 17.862315872219284 988.3947869629966 0 0 0 0 0 0 66 22 0 0 0 0 
1642860197.035244 20.5595703125 17.760630729277864 988.4351858762222 0 0 0 0 0 0 66 22 2 2 0 0 
1642860202.1829624 20.5646484375 17.89133762811078 988.4833987448117 0 0 0 0 0 0 66 22 2 2 0 0 
1642860207.3270988 20.5595703125 17.86774373549516 988.4729973229164 0 0 0 0 0 0 66 22 2 2 0 0 
1642860212.4765108 20.5646484375 17.85011581945517 988.5120151615076 0 0 0 0 0 0 72 24 2 2 0 0 
1642860217.6260555 20.5595703125 17.7538545401524 988.5268639562596 0 0 0 0 0 0 72 24 2 2 0 0 
1642860222.775328 20.5646484375 17.974588273573985 988.4635004202081 0 0 0 0 0 0 72 24 2 2 0 0 
1642860227.9280713 20.5697265625 17.85554347476461 988.4541789106436 0 0 0 0 0 0 72 24 2 2 0 0 
1642860233.0789917 20.5849609375 17.801581946155146 988.4474455353586 0 0 0 0 0 0 72 24 2 2 0 0 
1642860238.222901 20.5900390625 17.81297472945106 988.4737754928203 0 0 0 0 0 0 72 24 2 2 0 0 
1642860243.3690898 20.5900390625 17.87806263511004 988.4889258429014 0 0 0 0 0 0 66 22 4 2 0 0 
1642860248.5214574 20.5849609375 17.90219513502673 988.5576429144967 0 0 0 0 0 0 66 22 4 2 0 0 
1642860253.6738856 20.5849609375 17.93229270932471 988.5414117130836 0 0 0 0 0 0 66 22 4 2 0 0 
1642860258.827073 20.5849609375 17.8607024152319 988.3615950985821 0 0 0 0 0 0 87 29 4 2 0 0 
1642860263.9791877 20.5798828125 17.926863254313346 988.3080312038919 0 0 0 0 0 0 87 29 4 2 0 0 
1642860269.135378 20.5849609375 17.71778797350859 988.4039808036273 0 0 0 0 0 0 87 29 4 2 0 0 
1642860274.2886915 20.5646484375 17.837377068574586 988.366947597851 0 0 0 0 0 0 93 29 4 2 0 0 
1642860279.4381156 20.5748046875 17.896766270637794 988.4146846441382 0 0 0 0 0 0 93 29 4 2 0 0 
1642860284.5884483 20.5849609375 17.985984457663793 988.4508122228611 0 0 0 0 0 0 93 29 4 2 0 0 
1642860289.739752 20.5849609375 17.90300049777867 988.5299294597229 0 0 0 0 0 0 93 29 4 2 0 0 
1642860294.8904727 20.5798828125 17.92036109652411 988.5360603016128 0 0 0 0 0 0 93 29 4 2 0 0 
1642860300.036352 20.5900390625 17.902463600162065 988.5316128068671 0 0 0 0 0 0 93 29 4 2 0 0 
1642860305.1856914 20.5900390625 17.98651942551233 988.5380449909102 0 0 0 0 0 0 87 25 4 2 0 0 
1642860310.3340006 20.5849609375 17.79507667752871 988.511412645756 0 0 0 0 0 0 87 25 4 2 0 0 
1642860315.478393 20.5798828125 17.872634233795573 988.3652642711199 0 0 0 0 0 0 87 25 4 2 0 0 
1642860320.6252348 20.5849609375 17.687686421533545 988.2364207479847 0 0 0 0 0 0 93 27 4 2 0 0 
1642860325.779595 20.5900390625 17.889994667635627 988.2939583788681 0 0 0 0 0 0 93 27 4 2 0 0 
1642860330.928376 20.5849609375 17.92632690806849 988.2869216410497 0 0 0 0 0 0 93 27 4 2 0 0 
1642860336.0721848 20.5849609375 17.985716957413107 988.3784285032177 0 0 0 0 0 0 87 25 4 2 0 0 
1642860341.221574 20.5900390625 17.830872688780026 988.4134764672037 0 0 0 0 0 0 87 25 4 2 0 0 
1642860346.3698392 20.5849609375 17.818940726182202 988.3730759471857 0 0 0 0 0 0 87 25 4 2 0 0 
1642860351.515402 20.5849609375 17.806739154514446 988.4019952814593 0 0 0 0 0 0 81 23 2 0 0 0 
1642860356.662672 20.5798828125 17.842804610225237 988.4022974753576 0 0 0 0 0 0 81 23 2 0 0 0 
1642860361.8094282 20.5849609375 17.87317182063749 988.389133044556 0 0 0 0 0 0 81 23 2 0 0 0 
1642860366.958004 20.5900390625 17.79507667752871 988.4379491833745 0 0 0 0 0 0 87 23 2 0 0 0 
1642860372.1040423 20.5798828125 17.86720605434621 988.4564656652117 0 0 0 0 0 0 87 23 2 0 0 0 
1642860377.2497435 20.5646484375 17.861240277767248 988.4982472983772 0 0 0 0 0 0 87 23 2 0 0 0 
1642860382.4007678 20.5646484375 17.658669011389545 988.5271650373543 0 0 0 0 0 0 99 27 2 0 0 0 
1642860387.550207 20.5849609375 17.778258074356266 988.5032972953582 0 0 0 0 0 0 99 27 2 0 0 0 
1642860392.698821 20.5595703125 17.826253355054632 988.4921165921509 0 0 0 0 0 0 99 27 2 0 0 0 
1642860397.8490877 20.5646484375 17.64077077737885 988.4941010302305 0 0 0 0 0 0 105 29 4 0 0 0 
1642860403.007241 20.5544921875 17.796425043097063 988.4991509045612 0 0 0 0 0 0 105 29 4 0 0 0 
1642860408.1545818 20.5443359375 17.80292985824155 988.5247010653214 0 0 0 0 0 0 105 29 4 0 0 0 
1642860413.305515 20.5392578125 17.93443728170828 988.5536172587772 0 0 0 0 0 0 90 24 4 0 0 0 
1642860418.4539664 20.5443359375 17.81513032951997 988.522236270669 0 0 0 0 0 0 90 24 4 0 0 0 
1642860423.6052358 20.5443359375 17.892680316467423 988.4717391553445 0 0 0 0 0 0 90 24 4 0 0 0 
1642860428.7539005 20.5392578125 17.940134556780276 988.4044097661656 0 0 0 0 0 0 90 26 4 0 0 0 
1642860433.9068334 20.5392578125 18.035578094201515 988.3471798733524 0 0 0 0 0 0 90 26 4 0 0 0 
1642860439.059221 20.523828125 17.898914064169976 988.3107528538561 0 0 0 0 0 0 90 26 4 0 0 0 
1642860444.2128043 20.5341796875 17.9940892148627 988.3774780418287 0 0 0 0 0 0 90 24 4 0 0 0 
1642860449.3627832 20.5443359375 17.873978119264137 988.4812368565835 0 0 0 0 0 0 90 24 4 0 0 0 
1642860454.5164242 20.5544921875 18.023380785480683 988.5361833355547 0 0 0 0 0 0 90 24 4 0 0 0 
1642860459.6697168 20.5544921875 17.868281373104693 988.4826191111835 0 0 0 0 0 0 126 35 4 0 0 0 
1642860464.8229716 20.5443359375 17.927935816188274 988.4001386078864 0 0 0 0 0 0 126 35 4 0 0 0 
1642860469.9760933 20.5544921875 18.02284673172003 988.3917222394418 0 0 0 0 0 0 126 35 4 0 0 0 
1642860475.1287072 20.5646484375 17.80835639874101 988.3970737608422 0 0 0 0 0 0 126 35 4 0 0 0 
1642860480.285337 20.5595703125 17.77256220836549 988.3843852265107 0 0 0 0 0 0 126 35 4 0 0 0 
1642860485.4375381 20.5595703125 17.879943668498946 988.349338233777 0 0 0 0 0 0 126 35 4 0 0 0 
1642860490.589964 20.5494140625 17.91573674788136 988.3028113012105 0 0 0 0 0 0 138 39 4 0 0 0 
1642860495.7427533 20.5544921875 17.814322061132525 988.3917222394418 0 0 0 0 0 0 138 39 4 0 0 0 
1642860500.8966825 20.5494140625 17.831949748794255 988.5075673631778 0 0 0 0 0 0 138 39 4 0 0 0 
1642860506.0505528 20.5646484375 17.831949748794255 988.6012311786112 0 0 0 0 0 0 132 37 4 0 0 0 
1642860511.2037368 20.5646484375 17.962657080484917 988.5126172391872 0 0 0 0 0 0 132 37 4 0 0 0 
1642860516.3573666 20.5798828125 17.90300049777867 988.5308326216618 0 0 0 0 0 0 132 37 4 0 0 0 
1642860521.509891 20.5849609375 18.081434397080304 988.5057595718595 0 0 0 0 0 0 120 35 4 0 0 0 
1642860526.662895 20.5798828125 17.916954856530893 988.4221953880077 0 0 0 0 0 0 120 35 4 0 0 0 
1642860531.8168197 20.5748046875 17.682262196626493 988.4137786757218 0 0 0 0 0 0 120 35 4 0 0 0 
1642860536.969165 20.5595703125 17.945028163727475 988.4480490815092 0 0 0 0 0 0 108 31 4 0 0 0 
1642860542.1228046 20.5798828125 17.950725846245117 988.5147793385747 0 0 0 0 0 0 108 31 4 0 0 0 
1642860547.2760813 20.5849609375 17.87913757664109 988.4878458038575 0 0 0 0 0 0 108 31 4 0 0 0 
1642860552.4289322 20.5646484375 17.80754782561092 988.4356621313028 0 0 0 0 0 0 102 27 0 0 0 0 
1642860557.579985 20.5646484375 18.016347125323765 988.4746806541241 0 0 0 0 0 0 102 27 0 0 0 0 
1642860562.7335327 20.5646484375 17.926863254313346 988.5285472897059 0 0 0 0 0 0 102 27 0 0 0 0 
1642860567.8868225 20.5748046875 17.801581946155146 988.4934986542784 0 0 0 0 0 0 96 23 0 0 0 0 
1642860573.040534 20.5798828125 17.843073753707245 988.5019152474242 0 0 0 0 0 0 96 23 0 0 0 0 
1642860578.1959248 20.5798828125 17.92713141110892 988.5470639622306 0 0 0 0 0 0 96 23 0 0 0 0 
1642860583.3489797 20.5849609375 18.010381605936843 988.5248794187107 0 0 0 0 0 0 90 21 0 0 0 0 
1642860588.501246 20.5849609375 18.039675372662423 988.4901320175097 0 0 0 0 0 0 90 21 0 0 0 0 
1642860593.6539001 20.5748046875 17.85500549615168 988.4676456645714 0 0 0 0 0 0 90 21 0 0 0 0 
1642860598.7999372 20.5798828125 17.89106905778524 988.4370434558217 0 0 0 0 0 0 78 19 0 0 0 0 
1642860603.9494824 20.5849609375 17.830603396563873 988.3666451192383 0 0 0 0 0 0 78 19 0 0 0 0 
1642860609.1022651 20.5951171875 17.97948359977768 988.3932762021581 0 0 0 0 0 0 78 19 0 0 0 0 
1642860614.2580554 20.5849609375 18.003881521923386 988.4532729326753 0 0 0 0 0 0 42 10 2 0 0 0 
1642860619.4109757 20.5849609375 17.90869782789971 988.467042005714 0 0 0 0 0 0 42 10 2 0 0 0 
1642860624.5636644 20.5951171875 18.081434397080304 988.4788256088843 0 0 0 0 0 0 42 10 2 0 0 0 
1642860629.719205 20.5900390625 18.01554569099544 988.4701067825223 0 0 0 0 0 0 36 6 2 0 0 0 
1642860634.8719916 20.5900390625 17.937722386192917 988.4869406393652 0 0 0 0 0 0 36 6 2 0 0 0 
1642860640.025518 20.6154296875 17.776368762709794 988.5001058977838 0 0 0 0 0 0 36 6 2 0 0 0 
1642860645.1792293 20.6001953125 17.681178156756438 988.4956593336453 0 0 0 0 0 0 30 4 2 0 0 0 
1642860650.330238 20.5951171875 17.794806971759392 988.5859593964998 0 0 0 0 0 0 30 4 2 0 0 0 
1642860655.4780798 20.5951171875 17.842535455858247 988.5228947445925 0 0 0 0 0 0 30 4 2 0 0 0 
1642860660.627611 20.6052734375 17.782335027950424 988.5522913361012 0 0 0 0 0 0 30 4 2 0 0 0 
1642860665.7807806 20.5951171875 17.830334093462675 988.5424924165799 0 0 0 0 0 0 30 4 2 0 0 0 
1642860670.9334722 20.6001953125 17.83576169617079 988.5054578899721 0 0 0 0 0 0 30 4 2 0 0 0 
1642860676.0880177 20.42734375 17.872096603414313 988.5017892979705 0 0 0 0 0 0 30 4 2 0 0 0 
1642860681.236648 20.5951171875 17.81216619982064 988.5048541976021 0 0 0 0 0 0 30 4 2 0 0 0 
1642860686.389392 20.6052734375 18.04510734540834 988.4613877127981 0 0 0 0 0 0 30 4 2 0 0 0 
1642860691.5419784 20.6103515625 17.894886379849577 988.4358342856978 0 0 0 0 0 0 36 6 2 0 0 0 
1642860696.6954265 20.6103515625 17.907355792409042 988.4395035376543 0 0 0 0 0 0 36 6 2 0 0 0 
1642860701.8524685 20.6001953125 17.94938627741005 988.4243529617883 0 0 0 0 0 0 36 6 2 0 0 0 
1642860707.0081275 20.5951171875 17.877525099035655 988.4779195838429 0 0 0 0 0 0 42 10 2 0 0 0 
1642860712.154162 20.6103515625 17.94911833098966 988.486336648719 0 0 0 0 0 0 42 10 2 0 0 0 
1642860717.3011217 20.6103515625 17.978680794310414 988.5284219993326 0 0 0 0 0 0 42 10 2 0 0 0 
1642860722.4576025 20.6001953125 17.865592749662614 988.5587234788483 0 0 0 0 0 0 42 12 2 0 0 0 
1642860727.6049702 20.6103515625 17.936650027378942 988.5637737276379 0 0 0 0 0 0 42 12 2 0 0 0 
1642860732.753495 20.6154296875 17.912516755071337 988.5519898147749 0 0 0 0 0 0 42 12 2 0 0 0 
1642860737.896821 20.6103515625 18.020710081313517 988.4961350506004 0 0 0 0 0 0 42 12 2 0 0 0 
1642860743.0452535 20.6205078125 17.972179334859128 988.5109838317908 0 0 0 0 0 0 42 12 2 0 0 0 
1642860748.2000735 20.6255859375 17.823290382502485 988.4082940417009 0 0 0 0 0 0 42 12 2 0 0 0 
1642860753.3521514 20.6255859375 17.846886728832104 988.3639178827812 0 0 0 0 0 0 48 14 2 0 0 0 
1642860758.5044575 20.6103515625 17.92444935334735 988.3288689381112 0 0 0 0 0 0 48 14 2 0 0 0 
1642860763.6568284 20.6255859375 17.86478595037503 988.3403494168061 0 0 0 0 0 0 48 14 2 0 0 0 
1642860768.8093734 20.6154296875 17.95428066896576 988.3757021209109 0 0 0 0 0 0 42 12 0 0 0 0 
1642860773.9564533 20.6255859375 17.727556218557083 988.4079910393235 0 0 0 0 0 0 42 12 0 0 0 0 
1642860779.1063085 20.6255859375 17.977610234640224 988.4040177506265 0 0 0 0 0 0 42 12 0 0 0 0 
1642860784.2568157 20.6154296875 18.079302911677104 988.3672848076111 0 0 0 0 0 0 42 14 0 0 0 0 
1642860789.4111965 20.6255859375 17.965945339986057 988.3877896370882 0 0 0 0 0 0 42 14 0 0 0 0 
1642860794.5660973 20.6205078125 17.936113782664794 988.401257237459 0 0 0 0 0 0 42 14 0 0 0 0 
1642860799.7188005 20.6255859375 17.870483451034254 988.3305523854641 0 0 0 0 0 0 42 14 0 0 0 0 
1642860804.8629868 20.6306640625 17.995509190568598 988.3790690467204 0 0 0 0 0 0 42 14 0 0 0 0 
1642860810.0116086 20.6357421875 17.99497425894057 988.4054065070524 0 0 0 0 0 0 42 14 0 0 0 0 
1642860815.1644766 20.6255859375 17.917678023012208 988.2948959854357 0 0 0 0 0 0 48 16 0 0 0 0 
1642860820.3188317 20.6408203125 18.02534057797698 988.2724022963722 0 0 0 0 0 0 48 16 0 0 0 0 
1642860825.4753141 20.6458984375 17.910906170895583 988.2505243152337 0 0 0 0 0 0 48 16 0 0 0 0 
1642860830.627908 20.6458984375 17.96487409834847 988.3125095101983 0 0 0 0 0 0 69 23 0 0 0 0 
1642860835.7788665 20.6458984375 18.084203268507228 988.3515262007559 0 0 0 0 0 0 69 23 0 0 0 0 
1642860840.9313915 20.6611328125 17.833068538029046 988.4556085390926 0 0 0 0 0 0 69 23 0 0 0 0 
1642860846.0831797 20.6560546875 17.96460626072809 988.4471909351643 0 0 0 0 0 0 69 23 0 0 0 0 
1642860851.2364035 20.6458984375 17.881072427462477 988.5145318155681 0 0 0 0 0 0 69 23 0 0 0 0 
1642860856.3897727 20.6611328125 17.994171779866665 988.5563174680599 0 0 0 0 0 0 69 23 0 0 0 0 
1642860861.542213 20.6611328125 17.856936158375095 988.6337603230637 0 0 0 0 0 0 63 21 0 0 0 0 
1642860866.6991348 20.6611328125 18.01777104961451 988.6701948686182 0 0 0 0 0 0 63 21 0 0 0 0 
1642860871.8511705 20.6611328125 17.904670905077133 988.5994849654872 0 0 0 0 0 0 63 21 0 0 0 0 
1642860877.004433 20.6662109375 17.987669948612865 988.4765847132701 0 0 0 0 0 0 63 21 0 0 0 0 
1642860882.1580682 20.6712890625 17.886501696883297 988.2913932566479 0 0 0 0 0 0 63 21 0 0 0 0 
1642860887.3115323 20.6662109375 17.725120965137155 988.3082288086282 0 0 0 0 0 0 63 21 0 0 0 0 
1642860892.4650683 20.6763671875 17.79022030824016 988.3497087348168 0 0 0 0 0 0 63 21 0 0 0 0 
1642860897.6188602 20.6763671875 17.879180163342124 988.3109863118111 0 0 0 0 0 0 63 21 0 0 0 0 
1642860902.772217 20.6814453125 17.861278338440986 988.3412908136232 0 0 0 0 0 0 63 21 0 0 0 0 
1642860907.9257128 20.6865234375 17.795917743733334 988.3530759037841 0 0 0 0 0 0 63 19 0 0 0 0 
1642860913.0797234 20.6763671875 17.968966045143606 988.3598102425581 0 0 0 0 0 0 63 19 0 0 0 0 
1642860918.2324967 20.6865234375 17.891662469066762 988.4574582805931 0 0 0 0 0 0 63 19 0 0 0 0 
1642860923.3858135 20.6814453125 17.78995040653648 988.4776613523337 0 0 0 0 0 0 69 21 0 0 0 0 
1642860928.5408177 20.6763671875 17.94481939542743 988.4366472063335 0 0 0 0 0 0 69 21 0 0 0 0 
1642860933.6941314 20.6814453125 17.68850409941592 988.4002162987133 0 0 0 0 0 0 69 21 0 0 0 0 
1642860938.8472767 20.6712890625 17.993101655388532 988.3507829237222 0 0 0 0 0 0 69 21 0 0 0 0 
1642860944.004318 20.6814453125 18.01642441001136 988.2713477564267 0 0 0 0 0 0 69 21 0 0 0 0 
1642860949.1612368 20.6865234375 17.825754275328016 988.213032872099 0 0 0 0 0 0 69 21 0 0 0 0 
1642860954.3144846 20.6814453125 17.802154834488178 988.3207829228627 0 0 0 0 0 0 84 26 4 2 0 0 
1642860959.4682722 20.6814453125 17.89789821254154 988.3850640229319 0 0 0 0 0 0 84 26 4 2 0 0 
1642860964.621585 20.6712890625 17.861557773584497 988.4265455165796 0 0 0 0 0 0 84 26 4 2 0 0 
1642860969.7784858 20.6814453125 17.89708189560729 988.4383308215374 0 0 0 0 0 0 84 24 4 2 0 0 
1642860974.9317691 20.6865234375 17.998255783720655 988.3931776491944 0 0 0 0 0 0 84 24 4 2 0 0 
1642860980.0850742 20.6966796875 18.015889789439072 988.2962966867631 0 0 0 0 0 0 84 24 4 2 0 0 
1642860985.2396274 20.6966796875 17.902511879573506 988.1854831320801 0 0 0 0 0 0 63 17 4 2 0 0 
1642860990.3920898 20.7068359375 17.92444935334735 987.9949268783485 0 0 0 0 0 0 63 17 4 2 0 0 
1642860995.540171 20.6966796875 17.956753667453608 987.9915596305851 0 0 0 0 0 0 63 17 4 2 0 0 
1642861000.6907663 20.6966796875 17.783162696884332 988.0690063999589 0 0 0 0 0 0 69 19 6 2 0 0 
1642861005.8436263 20.6966796875 18.03975834960051 988.028906932714 0 0 0 0 0 0 69 19 6 2 0 0 
1642861010.996712 20.7017578125 17.95621766850041 988.2525221619985 0 0 0 0 0 0 69 19 6 2 0 0 
1642861016.150407 20.7068359375 17.949982315069416 988.3670094805407 0 0 0 0 0 0 84 24 6 2 0 0 
1642861021.3033884 20.6966796875 17.8602018859795 988.4104795358312 0 0 0 0 0 0 84 24 6 2 0 0 
1642861026.4556668 20.7017578125 17.747357139195653 988.3599699234887 0 0 0 0 0 0 84 24 6 2 0 0 
1642861031.6090422 20.6966796875 17.830633400860158 988.3585912843323 0 0 0 0 0 0 90 26 6 2 0 0 
1642861036.7565854 20.6966796875 17.735421870952564 988.259256701191 0 0 0 0 0 0 90 26 6 2 0 0 
1642861041.9048712 20.6966796875 17.819237474158957 988.0423758292978 0 0 0 0 0 0 90 26 6 2 0 0 
1642861047.0547228 20.6865234375 17.94481939542743 987.9840649658704 0 0 0 0 0 0 111 30 6 2 0 0 
1642861052.1995625 20.6916015625 17.795097800433695 988.0145147024404 0 0 0 0 0 0 111 30 6 2 0 0 
1642861057.3468063 20.6966796875 17.81300037855755 988.0889027465355 0 0 0 0 0 0 111 30 6 2 0 0 
1642861062.499789 20.7017578125 17.878373460636382 988.1609926832463 0 0 0 0 0 0 117 34 6 2 0 0 
1642861067.649035 20.7068359375 17.860471015422256 988.1899213582104 0 0 0 0 0 0 117 34 6 2 0 0 
1642861072.7987611 20.6966796875 17.848536000478198 988.2188494828308 0 0 0 0 0 0 117 34 6 2 0 0 
1642861077.9442842 20.6916015625 17.920950727860447 988.2491548928223 0 1 1 0 1 1 123 36 6 2 0 0 
1642861083.0936768 20.6966796875 17.92041390185603 988.2959911716 0 1 1 0 1 1 123 36 6 2 0 0 
1642861088.2361836 20.6966796875 17.705854419988324 988.210125110776 0 1 1 0 1 1 123 36 6 2 0 0 
1642861093.3839924 20.6916015625 17.753865443678766 988.1268631997932 0 1 1 0 1 1 129 36 6 2 0 0 
1642861098.5355477 20.6865234375 17.879180163342124 988.131300647992 0 1 1 0 1 1 129 36 6 2 0 0 
1642861103.678835 20.6966796875 17.830902864041185 988.1013023045085 0 1 1 0 1 1 129 36 6 2 0 0 
1642861108.8277986 20.6966796875 18.04029241883366 988.1450763130131 0 0 0 0 0 0 120 33 4 0 0 0 
1642861113.9772286 20.6966796875 17.980086640396173 988.1100271803568 0 0 0 0 0 0 120 33 4 0 0 0 
1642861119.1271513 20.6966796875 17.96272078802737 988.1013023045085 0 0 0 0 0 0 120 33 4 0 0 0 
1642861124.2726727 20.7068359375 17.973583783890856 988.0589046390346 0 0 0 0 0 0 120 35 6 0 0 0 
1642861129.4175665 20.7068359375 17.866169446935096 988.1091064487168 0 0 0 0 0 0 120 35 6 0 0 0 
1642861134.5652766 20.7068359375 17.93234853191092 988.1239522242715 0 0 0 0 0 0 120 35 6 0 0 0 
1642861139.7170758 20.7068359375 18.057659661641335 988.2148697749446 0 0 0 0 0 0 126 37 6 0 0 0 
1642861144.8668237 20.7068359375 17.938047608933186 988.3158895150223 0 0 0 0 0 0 126 37 6 0 0 0 
1642861150.0154166 20.7017578125 17.800525710262853 988.3206349776804 0 0 0 0 0 0 126 37 6 0 0 0 
1642861155.1586158 20.7068359375 17.76471951072901 988.1929821977997 0 0 0 0 0 0 114 33 4 0 0 0 
1642861160.3090916 20.7119140625 17.716977334896047 988.1660436575489 0 0 0 0 0 0 114 33 4 0 0 0 
1642861165.46415 20.7119140625 17.847997455010443 988.1418584036472 0 0 0 0 0 0 114 33 4 0 0 0 
1642861170.617388 20.7169921875 17.79998604021649 988.1519605109631 0 0 0 0 0 0 93 26 4 0 0 0 
1642861175.7697575 20.7068359375 17.752513647533863 988.0128310505676 0 0 0 0 0 0 93 26 4 0 0 0 
1642861180.9137712 20.7068359375 17.866169446935096 988.1003810407404 0 0 0 0 0 0 93 26 4 0 0 0 
1642861186.0621383 20.7068359375 17.8488052568846 988.0535462919659 0 0 0 0 0 0 81 22 4 0 0 0 
