timestamp temperature humidity pressure pm10_standard pm25_standard pm100_standard pm10_env pm25_env pm100_env particles_03um particles_05um particles_10um particles_25um particles_50um particles_100um
1658933448.469774 22.2828125 50.404378298160196 986.9086249868451 1 2 2 1 2 2 372 107 12 0 0 0 
1658933453.6002626 22.27265625 50.1431546256649 986.9376677745713 1 2 2 1 2 2 372 107 12 0 0 0 
1658933458.7342255 22.29296875 50.3570210577073 986.8988482548589 1 1 1 1 1 1 351 100 8 0 0 0 
1658933463.8679345 22.27265625 50.1431546256649 986.942381368569 1 1 1 1 1 1 351 100 8 0 0 0 
1658933468.9991646 22.27265625 50.25003794383182 986.9275409397551 1 1 1 1 1 1 351 100 8 0 0 0 
1658933474.1303065 22.27265625 50.398344873606334 986.8900589888882 1 1 1 1 1 1 366 102 8 0 0 0 
1658933479.265057 22.27265625 50.439971340782215 986.9477946119192 2 3 4 2 3 4 477 127 19 4 2 0 
1658933484.396404 22.2625 50.32102537603713 986.9464564923569 1 2 4 1 2 4 471 120 21 4 2 0 
1658933489.5263574 22.277734375 50.43976795412908 986.900886112378 1 2 4 1 2 4 471 120 21 4 2 0 
1658933494.657821 22.267578125 50.386379467675646 986.890759368234 1 2 4 1 2 4 471 120 21 4 2 0 
1658933499.7923167 22.2828125 50.2025783578583 986.8823204167146 1 2 2 1 2 2 378 99 16 2 0 0 
1658933504.92927 22.2318359375 50.20238036080262 986.9380175292337 1 2 2 1 2 2 378 99 16 2 0 0 
1658933510.063929 22.267578125 50.2675358735828 986.9079871649864 1 2 2 1 2 2 378 99 16 2 0 0 
1658933515.1975117 22.27265625 50.27959997564228 986.8948348328616 1 2 2 1 2 2 330 90 18 2 0 0 
1658933520.3315806 22.267578125 50.368381312470234 986.9100247071273 1 2 2 1 2 2 330 90 18 2 0 0 
1658933525.463509 22.257421875 50.31479229187077 986.9201512931357 1 2 2 1 2 2 330 90 18 2 0 0 
1658933530.5953822 22.2625 50.35641651458586 986.9049614150724 1 2 2 1 2 2 309 86 20 2 0 0 
1658933535.7299514 22.257421875 50.47495128624306 986.9069988602528 1 2 2 1 2 2 309 86 20 2 0 0 
1658933540.8638773 22.25234375 50.569959983762956 986.9471555348689 1 2 2 1 2 2 309 86 20 2 0 0 
1658933545.9965312 22.25234375 50.23767600687263 986.9292890161436 1 2 2 1 2 2 288 79 18 2 0 0 
1658933551.1299107 22.2421875 50.36234845902469 986.9309767539468 1 2 2 1 2 2 288 79 18 2 0 0 
1658933556.264241 22.247265625 50.403669097170955 986.9360399677779 1 2 2 1 2 2 288 79 18 2 0 0 
1658933561.3937573 22.247265625 50.23757655404482 986.9195119563202 1 1 1 1 1 1 264 79 17 0 0 0 
1658933566.5259874 22.2318359375 50.36194494443823 986.9185226596121 1 1 1 1 1 1 264 79 17 0 0 0 
1658933571.6610746 22.2318359375 50.24904211653546 986.9404627211156 1 1 1 1 1 1 264 79 19 0 0 0 
1658933576.7950408 22.2216796875 50.391299394889536 986.9269611433994 1 1 1 1 1 1 264 79 19 0 0 0 
1658933581.9271953 22.2267578125 50.35581158394422 986.9087456107359 1 1 1 1 1 1 264 79 19 0 0 0 
1658933587.0597367 22.2216796875 50.43895397694685 986.8871549382592 0 1 1 0 1 1 231 70 12 0 0 0 
1658933592.1909995 22.2216796875 50.421057938644616 986.8942546419804 0 1 1 0 1 1 231 70 12 0 0 0 
1658933597.3268406 22.2216796875 50.48026943848191 986.8891916777974 0 1 1 0 1 1 231 70 12 0 0 0 
1658933602.4576526 22.2115234375 50.37340403320703 986.9479110360159 0 1 1 0 1 1 195 59 12 0 0 0 
1658933607.59246 22.2115234375 50.21315380727519 986.9398213481055 0 1 1 0 1 1 195 59 12 0 0 0 
1658933612.726128 22.2115234375 50.43875037500883 986.9145065050408 0 1 1 0 1 1 195 59 12 0 0 0 
1658933617.8586335 22.2166015625 50.474133718196704 986.9182305469602 0 1 1 0 1 1 222 66 12 0 0 0 
1658933622.9933665 22.2115234375 50.43834304196178 986.9367946159977 0 1 1 0 1 1 222 66 12 0 0 0 
1658933628.1220617 22.2115234375 50.36737163434337 986.9185791670238 0 1 1 0 1 1 222 66 12 0 0 0 
1658933633.254596 22.2166015625 50.68796178478743 986.9313830653259 0 1 1 0 1 1 210 64 10 0 0 0 
1658933638.387132 22.2216796875 50.37933540545391 986.9344096730835 0 1 1 0 1 1 210 64 10 0 0 0 
1658933643.518249 22.2115234375 50.337916249378296 986.9398213481055 2 3 3 2 3 3 405 126 28 2 0 0 
1658933648.6505895 22.2115234375 50.53354744604962 986.9364460347825 2 3 3 2 3 3 405 126 28 2 0 0 
1658933653.785034 22.2267578125 50.14217086663729 986.9428480243888 2 3 3 2 3 3 405 126 28 2 0 0 
1658933658.9191065 22.2216796875 50.43895397694685 986.9158453063991 1 3 3 1 3 3 390 119 26 2 0 0 
1658933664.051825 22.2318359375 50.30855950629313 986.9128188493991 1 3 3 1 3 3 390 119 26 2 0 0 
1658933669.1855345 22.2216796875 50.373808261120864 986.920908314651 1 3 3 1 3 3 390 119 26 2 0 0 
1658933674.3190665 22.2216796875 50.385367975734795 986.9276589933047 1 3 3 1 3 3 357 110 23 2 0 0 
1658933679.448787 22.2115234375 50.349779243153854 986.919569472388 1 3 3 1 3 3 357 110 23 2 0 0 
1658933684.5812318 22.2318359375 50.26100532298025 986.9090946297143 1 3 3 1 3 3 357 110 23 2 0 0 
1658933689.7133427 22.2318359375 50.551753036104316 986.9147980811282 1 3 3 1 3 3 390 121 27 2 0 0 
1658933694.8479562 22.2625 50.356214914096455 986.9171253640291 1 3 3 1 3 3 390 121 27 2 0 0 
1658933699.9772236 22.247265625 50.41583695296356 986.878307113302 1 3 3 1 3 3 390 121 27 2 0 0 
1658933705.1105285 22.267578125 50.261902736655074 986.9093250677653 1 3 3 1 3 3 342 107 27 2 0 0 
1658933710.2420335 22.2625 50.309161061111375 986.8897715427054 1 3 3 1 3 3 342 107 27 2 0 0 
1658933715.3764956 22.27265625 50.27376748801028 986.9224775232965 1 3 3 1 3 3 342 107 27 2 0 0 
1658933720.5067065 22.27265625 50.26200239546218 986.9072872777185 1 3 3 1 3 3 333 107 31 2 0 0 
1658933725.6338353 22.2828125 50.43393757262003 986.932254451098 1 2 2 1 2 2 303 95 24 0 0 0 
1658933730.7673447 22.29296875 50.22660596034898 986.9214272306979 1 2 2 1 2 2 333 105 24 0 0 0 
1658933735.8967133 22.308203125 50.22690359003387 986.921713195331 1 2 2 1 2 2 333 105 24 0 0 0 
1658933741.031099 22.303125 50.132074703253714 986.9470317093235 1 2 2 1 2 2 333 105 24 0 0 0 
1658933746.1632094 22.298046875 50.203073162112965 986.9055356276417 1 2 2 1 2 2 312 98 22 0 0 0 
1658933751.2958555 22.308203125 50.44037798491764 986.9149615942724 1 2 2 1 2 2 312 98 22 0 0 0 
1658933756.4296443 22.318359375 50.21523595648171 986.8930188986044 1 2 2 1 2 2 312 98 22 0 0 0 
1658933761.563599 22.308203125 50.03111375898097 986.9200252949609 1 2 2 1 2 2 279 87 22 0 0 0 
1658933766.6986196 22.303125 50.084414529791914 986.8903447773416 1 2 2 1 2 2 279 87 22 0 0 0 
1658933771.834691 22.29296875 50.149382266949566 986.9143254743713 1 2 2 1 2 2 279 87 22 0 0 0 
1658933776.9678636 22.2828125 50.238073710536426 986.8799320844986 1 2 2 1 2 2 300 94 20 0 0 0 
1658933782.1002595 22.277734375 50.12535700179838 986.8958227399896 1 2 2 1 2 2 300 94 20 0 0 0 
1658933787.2341132 22.277734375 50.261803067083285 986.8880837794608 1 2 2 1 2 2 300 94 20 0 0 0 
1658933792.365834 22.267578125 50.09549850468691 986.8833703612872 1 2 2 1 2 2 300 96 20 2 0 0 
1658933797.49943 22.247265625 50.40970223776571 986.876969179129 1 2 2 1 2 2 300 96 20 2 0 0 
1658933802.6316948 22.247265625 50.421667333279416 986.9424416345457 1 2 2 1 2 2 300 96 20 2 0 0 
1658933807.764109 22.25234375 50.302727957526315 986.9610069096477 1 2 2 1 2 2 474 131 19 0 0 0 
1658933812.8964431 22.2421875 50.30876006762415 986.903333393225 1 2 2 1 2 2 474 131 19 0 0 0 
1658933818.0310988 22.2369140625 50.35611409770508 986.8945455661236 1 2 2 1 2 2 510 138 19 0 0 0 
1658933823.1651437 22.2318359375 50.45091880895909 986.8712671828911 1 2 2 1 2 2 510 138 19 0 0 0 
1658933828.2990649 22.2318359375 50.231644527203535 986.9050210892091 1 2 2 1 2 2 510 138 19 0 0 0 
1658933833.4324648 22.2318359375 50.237477090452266 986.9019948809179 1 2 2 1 2 2 477 129 19 0 0 0 
1658933838.5661445 22.2421875 50.15442871842112 986.9147980811282 1 2 2 1 2 2 477 129 19 0 0 0 
1658933843.6989326 22.2369140625 50.385671536343025 986.9465155458219 1 2 2 1 2 2 477 129 19 0 0 0 
1658933848.8336864 22.2421875 50.26100532298025 986.9286488403678 1 2 2 1 2 2 477 132 21 0 0 0 
1658933853.967071 22.2318359375 50.24914174770633 986.874991972897 1 2 2 1 2 2 477 132 21 0 0 0 
1658933859.1002958 22.2318359375 50.39160315840643 986.9121209760666 1 2 2 1 2 2 477 132 21 0 0 0 
1658933864.2356846 22.2318359375 50.379841001618665 986.9043224451368 1 2 2 1 2 2 405 113 21 0 0 0 
1658933869.369646 22.2216796875 50.177959425412915 986.9286488403678 1 2 2 1 2 2 405 113 21 0 0 0 
1658933874.5043542 22.2267578125 50.4270910235657 986.921898052916 1 2 2 1 2 2 405 113 21 0 0 0 
1658933879.6383424 22.2369140625 50.23737761609495 986.921898052916 1 3 3 1 3 3 468 127 25 2 0 0 
1658933884.7716086 22.2267578125 50.40336499242486 986.925622440203 1 3 3 1 3 3 468 127 25 2 0 0 
1658933889.9047263 22.2267578125 50.27266904255771 986.9100841775829 2 3 3 2 3 3 417 126 20 0 0 0 
1658933895.0393188 22.2115234375 50.391198118855165 986.9394726836558 2 3 3 2 3 3 417 126 20 0 0 0 
1658933900.1733215 22.2064453125 50.40889062151993 986.9118286528322 2 3 3 2 3 3 417 126 20 0 0 0 
1658933905.308128 22.2115234375 50.183495729634295 986.924632440368 2 3 3 2 3 3 438 133 18 0 0 0 
1658933910.4421635 22.25234375 50.56371888374461 986.9363891976491 2 3 3 2 3 3 438 133 18 0 0 0 
1658933915.5754435 22.2318359375 50.26100532298025 986.9111311938276 2 3 3 2 3 3 438 133 18 0 0 0 
1658933920.709308 22.257421875 50.50481449070151 986.9225380656346 2 3 3 2 3 3 444 135 20 0 0 0 
1658933925.8423839 22.2625 50.28533234519645 986.9454677692332 2 3 3 2 3 3 444 135 20 0 0 0 
1658933930.9769669 22.2828125 50.23827249777986 986.9508204683957 2 3 3 2 3 3 444 135 20 0 0 0 
1658933936.1109955 22.27265625 50.17894702786658 986.9140384972721 2 3 3 2 3 3 444 132 20 0 0 0 
1658933941.2442722 22.277734375 50.26793484396464 986.9575717495229 2 3 3 2 3 3 444 132 20 0 0 0 
1658933946.3789322 22.27265625 50.30926128257176 986.9508204683957 2 3 3 2 3 3 444 132 20 0 0 0 
1658933951.513552 22.277734375 50.196546937458564 986.9457570082888 2 3 3 2 3 3 423 127 20 0 0 0 
1658933956.6470878 22.27265625 50.20247936471287 986.9329541522036 2 3 3 2 3 3 423 127 20 0 0 0 
1658933961.7816427 22.277734375 50.08382884993935 986.9319656466789 2 3 3 2 3 3 423 127 20 0 0 0 
1658933966.9155824 22.257421875 50.17855211606384 986.9336534117521 1 3 3 1 3 3 402 118 18 0 0 0 
1658933972.0502508 22.25234375 50.08363353720081 986.9626946623516 2 2 2 2 2 2 435 132 22 0 0 0 
1658933977.1842055 22.257421875 50.3444519350232 986.9809108623529 2 2 2 2 2 2 408 123 22 0 0 0 
1658933982.318561 22.2625 50.47525769665185 986.9704349849982 2 2 2 2 2 2 408 123 22 0 0 0 
1658933987.4520469 22.27265625 50.30926128257176 986.968747204813 2 2 2 2 2 2 408 123 22 0 0 0 
1658933992.586182 22.257421875 50.27959997564228 986.9569327454864 1 2 2 1 2 2 387 116 20 0 0 0 
1658933997.7205515 22.267578125 50.32112573277612 986.9569327454864 1 2 2 1 2 2 387 116 20 0 0 0 
1658934002.8502924 22.267578125 50.42187037871004 986.9471555348689 1 2 2 1 2 2 387 116 20 0 0 0 
1658934007.984168 22.267578125 50.2260104103304 986.9704349849982 1 2 2 1 2 2 345 100 20 0 0 0 
1658934013.117336 22.2625 50.29749686631653 986.9809108623529 1 2 2 1 2 2 345 100 20 0 0 0 
1658934018.2509632 22.2625 50.34455259461001 986.9745089332483 1 2 2 1 2 2 345 100 20 0 0 0 
1658934023.3851292 22.25234375 50.457258160261155 986.9697947428264 1 2 2 1 2 2 318 93 18 0 0 0 
1658934028.5193791 22.25234375 50.28513238957266 986.9626946623516 1 2 2 1 2 2 318 93 18 0 0 0 
1658934033.653212 22.247265625 50.40356773968659 986.9748579615099 1 2 2 1 2 2 318 93 18 0 0 0 
1658934038.7861073 22.2625 50.344653243432326 987.0156560562881 1 2 2 1 2 2 303 88 18 2 0 0 
1658934043.9193478 22.247265625 50.445496391367094 986.9697947428264 1 2 2 1 2 2 303 88 18 2 0 0 
1658934049.053955 22.2421875 50.350182345813295 986.9671171250927 1 2 2 1 2 2 303 88 18 2 0 0 
1658934054.1883724 22.2369140625 50.30886033214281 986.9755556868997 1 3 3 1 3 3 402 115 28 0 0 0 
1658934059.3227134 22.2369140625 50.34414989167591 986.9424992767023 1 3 3 1 3 3 402 115 28 0 0 0 
1658934064.4567337 22.2421875 50.47454258833316 986.9640904929485 1 2 2 1 2 2 381 103 26 0 0 0 
1658934069.590676 22.2421875 50.34425058355616 986.987020963829 1 2 2 1 2 2 381 103 26 0 0 0 
1658934074.725112 22.2166015625 50.39160315840643 986.955652001426 1 2 2 1 2 2 381 103 26 0 0 0 
1658934079.858926 22.2267578125 50.50399438959247 986.9593761202332 1 2 2 1 2 2 375 101 14 0 0 0 
1658934084.9927058 22.2318359375 50.492439147621496 986.9509376975886 1 2 2 1 2 2 375 101 14 0 0 0 
1658934090.1266327 22.2318359375 50.32635474562755 986.9775920830411 1 2 2 1 2 2 375 101 14 0 0 0 
1658934095.2587047 22.2267578125 50.42115953132781 986.9732261036444 1 2 2 1 2 2 396 108 14 0 0 0 
1658934100.3924987 22.2216796875 50.355912432628955 986.9779406562391 1 2 2 1 2 2 396 108 14 0 0 0 
1658934105.526767 22.2216796875 50.379537676213 986.9938263995213 1 2 2 1 2 2 396 108 14 0 0 0 
1658934110.6599383 22.2216796875 50.37913309163722 986.9688598461929 1 2 2 1 2 2 390 106 16 0 0 0 
1658934115.7946973 22.2064453125 50.533341615293736 986.980673358453 1 2 2 1 2 2 390 106 16 0 0 0 
1658934120.9283705 22.2064453125 50.59254711265026 986.9810214766284 1 2 2 1 2 2 390 106 16 0 0 0 
1658934126.0587015 22.2013671875 50.46810040259772 986.9877720023514 1 2 2 1 2 2 390 104 16 0 0 0 
1658934131.1925118 22.2013671875 50.68150781282266 986.9665289473055 1 2 2 1 2 2 390 104 16 0 0 0 
1658934136.326522 22.2013671875 50.47423595187707 986.9962101610873 1 2 2 1 2 2 363 103 10 0 0 0 
1658934141.4605527 22.2115234375 50.539272572447565 986.9992374561089 1 2 2 1 2 2 363 103 10 0 0 0 
1658934146.5945308 22.2115234375 50.68775248046729 986.9938263995213 1 2 2 1 2 2 363 103 10 0 0 0 
1658934151.728474 22.2166015625 50.52751350090567 986.9904510816982 1 2 2 1 2 2 390 112 12 0 0 0 
1658934156.8623633 22.2115234375 50.45040910086384 986.9695561620895 1 2 2 1 2 2 390 112 12 0 0 0 
1658934161.99605 22.2115234375 50.242911221640966 987.010354898119 1 2 2 1 2 2 390 112 12 0 0 0 
1658934167.1300054 22.2115234375 50.45040910086384 986.9540193849866 1 1 1 1 1 1 333 98 8 0 0 0 
1658934172.2643754 22.2064453125 50.3554080815607 987.0157659722265 1 1 1 1 1 1 333 98 8 0 0 0 
1658934177.3989265 22.2216796875 50.52771917487253 986.9857362933335 1 1 1 1 1 1 333 98 8 0 0 0 
1658934182.531993 22.2216796875 50.52189074730574 986.9907992288469 1 2 2 1 2 2 354 102 13 0 0 0 
1658934187.6661298 22.2166015625 50.2845322643502 986.9837004468961 1 2 2 1 2 2 354 102 13 0 0 0 
1658934192.7994192 22.2166015625 50.69378802857923 987.0174536321575 1 2 2 1 2 2 354 102 13 0 0 0 
1658934197.9331062 22.2115234375 50.409093590167316 986.9853881054911 1 2 2 1 2 2 354 102 13 0 0 0 
1658934203.0656722 22.2216796875 50.4920295089526 987.0140783123658 1 2 2 1 2 2 354 102 13 0 0 0 
1658934208.19684 22.2166015625 50.36164219547179 986.9786374715328 1 2 2 1 2 2 354 102 13 0 0 0 
1658934213.3288217 22.2166015625 50.468406900740206 987.0120425714038 1 2 2 1 2 2 342 98 13 0 0 0 
1658934218.4639223 22.2115234375 50.29036373351298 986.9921387405745 2 3 5 2 3 5 423 132 25 4 2 2 
1658934223.596137 22.2115234375 50.47433817479326 987.0059880391839 2 3 4 2 3 4 423 132 23 4 2 2 
1658934228.728239 22.2013671875 50.45030712695212 987.0093633311434 2 3 4 2 3 4 423 132 23 4 2 2 
1658934233.8631463 22.2064453125 50.3554080815607 986.9965580468238 2 3 4 2 3 4 423 132 23 4 2 2 
1658934238.9974532 22.1912109375 50.60440867406486 986.9948704285006 2 3 4 2 3 4 423 130 21 4 2 2 
1658934244.1312969 22.2064453125 50.39089422616584 987.0016209022153 2 3 4 2 3 4 423 130 21 4 2 2 
1658934249.2651901 22.2064453125 50.51554868165006 987.0093633311434 2 3 4 2 3 4 423 130 21 4 2 2 
1658934254.398097 22.2013671875 50.47392921854351 986.974619014106 2 3 5 2 3 5 411 125 23 6 2 2 
1658934259.5305705 22.2115234375 50.491824625033445 987.0181493820273 2 3 5 2 3 5 411 125 23 6 2 2 
1658934264.6657805 22.2064453125 50.43251375803328 986.9985934270338 2 3 5 2 3 5 411 125 23 6 2 2 
1658934269.7985032 22.2013671875 50.50951502204075 986.983752759648 1 3 4 1 3 4 405 123 19 6 2 2 
1658934274.931016 22.1861328125 50.47382301904905 986.9935306127576 1 3 4 1 3 4 405 123 19 6 2 2 
1658934280.065579 22.1912109375 50.4026511356263 987.0087190574847 1 3 4 1 3 4 405 123 19 6 2 2 
1658934285.196813 22.1861328125 50.503272288651644 987.0357207510616 1 3 4 1 3 4 390 120 19 6 2 2 
1658934290.3307545 22.2013671875 50.44999721710112 987.005343847053 1 3 4 1 3 4 390 120 19 6 2 2 
1658934295.464434 22.1708984375 50.57433698645733 987.0313526092708 1 3 4 1 3 4 390 120 19 6 2 2 
1658934300.5951788 22.1759765625 50.62771150818503 986.9692599066932 1 2 2 1 2 2 369 106 15 0 0 0 
1658934305.7274065 22.1708984375 50.45562182650381 986.9847954181879 1 2 2 1 2 2 369 106 15 0 0 0 
1658934310.8608673 22.1759765625 50.57423352729318 987.0060389311143 1 3 3 1 3 3 420 118 22 4 0 0 
1658934315.9945183 22.1759765625 50.598059099739096 986.9949207192948 1 3 3 1 3 3 420 118 22 4 0 0 
1658934321.128622 22.1658203125 50.532822889257965 986.9594821764945 1 3 3 1 3 3 420 118 22 4 0 0 
1658934326.261141 22.1810546875 50.46758542491426 986.9729825700956 1 3 3 1 3 3 420 118 22 6 0 0 
1658934331.3945582 22.1759765625 50.58599086421753 987.0290187207465 1 3 3 1 3 3 420 118 22 6 0 0 
1658934336.529326 22.1607421875 50.491103248851196 987.0117962267639 1 3 3 1 3 3 420 118 22 6 0 0 
1658934341.6615121 22.1708984375 50.60971235357804 987.0016709214387 1 3 3 1 3 3 420 115 22 6 0 0 
1658934346.793896 22.1810546875 50.390484986867044 986.9827604121847 1 3 3 1 3 3 420 115 22 6 0 0 
1658934351.9287055 22.1759765625 50.62188503664249 987.0252966378015 1 3 3 1 3 3 420 115 22 6 0 0 
1658934357.0629694 22.1708984375 50.52668641547437 987.0313526092708 1 4 4 1 4 4 420 120 26 6 0 0 
1658934362.1970425 22.1658203125 50.44969113266057 986.9969555069318 1 4 4 1 4 4 420 120 26 6 0 0 
1658934367.3314884 22.1505859375 50.53834122752273 986.9935804332698 1 4 4 1 4 4 420 120 26 6 0 0 
1658934372.4624689 22.1556640625 50.698456649647646 986.989559076359 2 4 4 2 4 4 462 132 23 6 0 0 
1658934377.5933356 22.1505859375 50.59150645321075 986.9912465722508 2 4 4 2 4 4 462 132 23 6 0 0 
1658934382.7232778 22.1505859375 50.57985335856752 986.9878715805376 1 2 2 1 2 2 348 109 14 2 0 0 
1658934387.8502905 22.1556640625 50.63915552218523 986.9541576616274 1 2 2 1 2 2 348 109 14 2 0 0 
1658934392.9824557 22.1658203125 50.50275899681235 986.9844965891052 1 2 2 1 2 2 348 109 14 2 0 0 
1658934398.116734 22.1556640625 50.775334952625926 987.0047821016872 1 3 3 1 3 3 339 104 17 4 0 0 
1658934403.250826 22.1505859375 50.47883245141153 987.0503089727556 1 3 3 1 3 3 339 104 17 4 0 0 
1658934408.3848608 22.1505859375 50.656632589940074 987.0300943454439 1 3 3 1 3 3 339 104 17 4 0 0 
1658934413.517513 22.1404296875 50.55592559356676 987.0013715490782 1 3 3 1 3 3 345 102 15 4 0 0 
1658934418.651115 22.1404296875 50.34243260272711 986.99331645127 1 3 3 1 3 3 345 102 15 4 0 0 
1658934423.780877 22.1505859375 50.49652068738358 987.0266840022192 1 3 3 1 3 3 345 102 15 4 0 0 
1658934428.9113038 22.1353515625 50.7218611996397 987.0122250722461 1 3 3 1 3 3 339 102 15 4 0 0 
1658934434.0416913 22.1455078125 50.86417381470342 987.0405655921644 1 3 3 1 3 3 339 102 15 4 0 0 
1658934439.173273 22.1455078125 50.63873847312435 987.0355031815752 1 3 3 1 3 3 339 102 15 4 0 0 
1658934444.3025277 22.1505859375 50.58557633583945 987.0776899558182 1 4 4 1 4 4 387 116 20 6 0 0 
1658934449.4322674 22.1455078125 50.698246794149675 987.0152535455453 1 4 4 1 4 4 387 116 20 6 0 0 
1658934454.5593278 22.1353515625 50.72175597448943 987.0277584076277 1 4 4 1 4 4 387 116 20 6 0 0 
1658934459.6928396 22.1455078125 50.73361545177191 987.0091965431608 1 3 3 1 3 3 387 119 20 6 0 0 
1658934464.8240395 22.1302734375 50.56757899855703 987.0267193786958 1 2 2 1 2 2 336 97 16 4 0 0 
1658934469.95118 22.1404296875 50.47269737835841 987.0304407716186 1 2 2 1 2 2 324 95 16 4 0 0 
1658934475.0841026 22.1404296875 50.59150645321075 987.0165944801386 1 2 2 1 2 2 324 95 16 4 0 0 
1658934480.2153375 22.1505859375 50.53241088164155 987.0216215103255 1 2 2 1 2 2 324 95 16 4 0 0 
1658934485.3457086 22.1455078125 50.555822272705704 987.074315012262 1 2 2 1 2 2 309 90 16 4 0 0 
1658934490.4761364 22.1556640625 50.50838108733474 987.019587283311 1 2 2 1 2 2 309 90 16 4 0 0 
1658934495.606552 22.1607421875 50.60971235357804 987.0587464655722 1 2 2 1 2 2 309 90 16 4 0 0 
1658934500.737057 22.1607421875 50.57392308521721 987.0057402513617 1 2 2 1 2 2 324 97 14 2 0 0 
1658934505.869942 22.1658203125 50.53865045227145 987.0185464317202 1 2 2 1 2 2 324 97 14 2 0 0 
1658934511.003708 22.1658203125 50.46134812933663 987.0458941066328 1 2 2 1 2 2 324 97 14 2 0 0 
1658934516.1374576 22.1607421875 50.52055015879453 987.0587464655722 1 2 2 1 2 2 339 100 14 2 0 0 
1658934521.26848 22.1455078125 50.561855762743456 987.0823714548092 1 2 2 1 2 2 339 100 14 2 0 0 
1658934526.4039114 22.1455078125 50.656528108652566 987.0638440283919 1 2 2 1 2 2 339 100 14 2 0 0 
1658934531.538355 22.1455078125 50.43711608698399 987.0355031815752 1 2 2 1 2 2 369 105 14 2 0 0 
1658934536.669468 22.1353515625 50.73361545177191 987.0591277697381 1 2 2 1 2 2 369 105 14 2 0 0 
1658934541.8041317 22.1302734375 50.549582336518256 987.071631939272 1 2 2 1 2 2 369 105 14 2 0 0 
1658934546.9382596 22.1251953125 50.502142691389885 987.0837897267743 1 2 2 1 2 2 303 91 16 0 0 0 
1658934552.069546 22.1353515625 50.715826220307285 987.065227985996 1 2 2 1 2 2 303 91 16 0 0 0 
1658934557.202965 22.1404296875 50.57330191043929 987.0726275405891 1 1 1 1 1 1 288 87 14 0 0 0 
1658934562.3345897 22.1505859375 50.53230785282738 987.0418714816966 1 1 1 1 1 1 288 87 14 0 0 0 
1658934567.4650254 22.1607421875 50.401940650782684 987.0884289964956 1 1 1 1 1 1 288 87 14 0 0 0 
1658934572.5987213 22.1708984375 50.68680604899575 987.0327406393756 1 2 2 1 2 2 288 89 21 0 0 0 
1658934577.7309074 22.1455078125 50.50848386715435 987.0405655921644 1 2 2 1 2 2 288 89 21 0 0 0 
1658934582.8618343 22.1505859375 50.757756740954775 987.0756214564784 1 2 2 1 2 2 288 89 21 0 0 0 
1658934587.9957163 22.1505859375 50.57964620810707 987.0979396230617 1 2 2 1 2 2 303 94 17 0 0 0 
1658934593.1301186 22.1505859375 50.57964620810707 987.0861273159395 1 2 2 1 2 2 303 94 17 0 0 0 
1658934598.2639954 22.1404296875 50.67452700849568 987.0553714682346 1 2 2 1 2 2 303 94 17 0 0 0 
1658934603.3993163 22.1658203125 50.53241088164155 987.1005878772525 1 2 2 1 2 2 333 101 13 0 0 0 
1658934608.5344367 22.1556640625 50.627399272457524 987.0931452245177 1 2 2 1 2 2 333 101 13 0 0 0 
1658934613.6664631 22.1607421875 50.609608467118825 987.0762698189454 1 2 2 1 2 2 333 101 13 0 0 0 
1658934618.8012028 22.1556640625 50.55030510914018 987.0759232192675 1 1 1 1 1 1 300 92 15 0 0 0 
1658934623.9346998 22.1607421875 50.615642700013105 987.1211408529102 1 1 1 1 1 1 300 92 15 0 0 0 
1658934629.06883 22.1607421875 50.597747878417415 987.0901165236642 2 3 4 2 3 4 408 122 24 6 0 0 
1658934634.200007 22.1556640625 50.59181756852403 987.1093714593815 2 3 4 2 3 4 408 122 24 6 0 0 
1658934639.3336923 22.1556640625 50.401940650782684 987.0671839601465 2 3 4 2 3 4 408 122 24 6 0 0 
1658934644.4689083 22.1505859375 50.62729517235411 987.0904627941513 2 3 4 2 3 4 423 127 26 6 0 0 
1658934649.5987837 22.1556640625 50.549995414028984 987.0519964711784 2 3 4 2 3 4 423 127 26 6 0 0 
1658934654.7336943 22.1556640625 50.46124592286625 987.0688714592724 2 3 4 2 3 4 423 127 26 6 0 0 
1658934659.8683 22.1607421875 50.68659650704758 987.091804050903 2 3 4 2 3 4 402 122 26 6 0 0 
1658934665.0014508 22.1556640625 50.53241088164155 987.1225255659872 2 3 4 2 3 4 402 122 26 6 0 0 
1658934670.136404 22.1505859375 50.650807057064426 987.1191505361776 2 3 4 2 3 4 402 122 26 6 0 0 
1658934675.270062 22.1607421875 50.5381350238702 987.1086793271581 1 2 3 1 2 3 345 108 22 4 0 0 
1658934680.4041526 22.1556640625 50.74007220732183 987.1137419114057 1 2 3 1 2 3 345 108 22 4 0 0 
1658934685.5377822 22.1556640625 50.562062507431925 987.1127464612183 1 2 3 1 2 3 345 108 22 4 0 0 
1658934690.6720476 22.1505859375 50.603574348353234 987.0726275405891 1 2 3 1 2 3 309 96 22 4 0 0 
1658934695.8067973 22.1505859375 50.67442233509735 987.0975937394605 1 2 3 1 2 3 309 96 22 4 0 0 
1658934700.9414022 22.1404296875 50.51431127176906 987.0918812775974 1 2 3 1 2 3 309 96 22 4 0 0 
1658934706.0727444 22.1505859375 50.686282113397986 987.1097519336287 1 3 3 1 3 3 345 108 25 2 0 0 
1658934711.2086275 22.1404296875 50.55561559869168 987.1401264623329 2 3 3 2 3 3 390 114 35 0 0 0 
1658934716.3384483 22.1302734375 50.61501881403826 987.0750068282899 2 3 3 2 3 3 411 121 37 0 0 0 
1658934721.4717767 22.1353515625 50.62074056099507 987.1188804111116 2 3 3 2 3 3 411 121 37 0 0 0 
1658934726.6002893 22.1404296875 50.52606861607919 987.111439406848 2 3 3 2 3 3 411 121 37 0 0 0 
1658934731.7364132 22.1505859375 50.63884275153522 987.076002484005 2 3 3 2 3 3 426 124 37 0 0 0 
1658934736.868998 22.1607421875 50.41952884284495 987.160992728228 2 3 3 2 3 3 426 124 37 0 0 0 
1658934742.0005555 22.1556640625 50.627399272457524 987.1353337692069 2 3 3 2 3 3 426 124 37 0 0 0 
1658934747.134964 22.1607421875 50.52075591360891 987.1626802584198 2 3 3 2 3 3 456 138 39 0 0 0 
1658934752.266148 22.1607421875 50.62729517235411 987.1103668551702 2 3 3 2 3 3 456 138 39 0 0 0 
1658934757.396907 22.1455078125 50.65694596922026 987.0911897328557 2 3 3 2 3 3 456 138 39 0 0 0 
1658934762.5309713 22.1455078125 50.76961663487757 987.1063769874008 2 3 3 2 3 3 450 135 37 0 0 0 
1658934767.6653297 22.1505859375 50.54406522413013 987.1030020414541 2 3 3 2 3 3 450 135 37 0 0 0 
1658934772.800044 22.1455078125 50.68617729398749 987.1168474509952 2 3 3 2 3 3 450 135 37 0 0 0 
1658934777.93439 22.1353515625 50.63280857389373 987.0851314970308 1 3 3 1 3 3 423 125 30 0 0 0 
1658934783.0664604 22.1455078125 50.674317650935336 987.1100976119534 1 3 3 1 3 3 423 125 30 0 0 0 
1658934788.2002635 22.1404296875 50.79291221654797 987.1134725313336 1 3 3 1 3 3 423 125 30 0 0 0 
1658934793.3311384 22.1404296875 50.69803689559723 987.1600307790708 1 2 2 1 2 2 369 106 12 0 0 0 
1658934798.464779 22.1455078125 50.48466024598905 987.1505966630762 1 2 2 1 2 2 369 106 12 0 0 0 
1658934803.5985053 22.1404296875 50.76908785807801 987.1387844356491 1 2 2 1 2 2 369 106 17 0 0 0 
1658934808.7307887 22.1353515625 50.50807268329139 987.1877208288433 1 2 2 1 2 2 369 106 17 0 0 0 
1658934813.8587976 22.1455078125 50.58547267683519 987.1300016169007 1 2 2 1 2 2 369 106 17 0 0 0 
1658934818.9913244 22.1353515625 50.543652417137665 987.1023514760584 2 3 3 2 3 3 390 113 24 0 0 0 
1658934824.123592 22.1404296875 50.79291221654797 987.1421593574196 2 3 3 2 3 3 390 113 24 0 0 0 
1658934829.2573848 22.1353515625 50.63852988401133 987.1320345929516 2 3 3 2 3 3 390 113 24 0 0 0 
1658934834.3882923 22.1353515625 50.75129901596737 987.1188804111116 2 3 3 2 3 3 426 125 24 0 0 0 
1658934839.5220535 22.1404296875 50.47259498280149 987.1323799846172 2 3 3 2 3 3 426 125 24 0 0 0 
1658934844.6560109 22.1353515625 50.44877229807044 987.122255304066 2 3 3 2 3 3 426 125 24 0 0 0 
1658934849.7883666 22.1353515625 50.76919363496481 987.1316890909636 2 3 3 2 3 3 447 134 24 0 0 0 
1658934854.922184 22.1455078125 50.72768571831097 987.1151599911293 2 3 3 2 3 3 447 134 24 0 0 0 
1658934860.0556421 22.1353515625 50.73933428654778 987.1104431799552 2 3 3 2 3 3 447 134 24 0 0 0 
1658934865.1891665 22.1353515625 50.59702131859823 987.1121306260457 2 3 3 2 3 3 426 129 22 0 0 0 
1658934870.3224254 22.1302734375 50.757334282009595 987.0918812775974 2 3 3 2 3 3 426 129 22 0 0 0 
1658934875.4533658 22.1505859375 50.68035222942809 987.1148143534975 1 3 3 1 3 3 390 113 22 0 0 0 
1658934880.5877225 22.1302734375 50.59109148209869 987.1249391951336 1 3 3 1 3 3 390 113 22 0 0 0 
1658934885.7211392 22.1455078125 50.68596762287555 987.1543168011596 1 3 3 1 3 3 369 106 22 0 0 0 
1658934890.8552306 22.1505859375 50.6804569704508 987.1380589839594 1 3 3 1 3 3 369 106 22 0 0 0 
1658934895.9876978 22.1505859375 50.6804569704508 987.0874339542955 1 3 3 1 3 3 369 106 22 0 0 0 
1658934901.1215546 22.1708984375 50.69866646209115 987.1353337692069 1 2 2 1 2 2 348 101 20 0 0 0 
1658934906.2548795 22.1607421875 50.47913971180956 987.1174630213785 1 2 2 1 2 2 348 101 20 0 0 0 
1658934911.3886812 22.1658203125 50.425968253664976 987.14242990076 1 2 2 1 2 2 348 101 20 0 0 0 
1658934916.5211325 22.1607421875 50.597955370062394 987.1501756532115 1 2 2 1 2 2 354 103 20 0 0 0 
1658934921.6550283 22.1607421875 50.41400510812399 987.1704263406376 1 2 2 1 2 2 354 103 20 0 0 0 
1658934926.7886775 22.1810546875 50.63978077286368 987.1106689032691 1 2 2 1 2 2 354 103 20 0 0 0 
1658934931.9220822 22.2064453125 50.53323868376977 987.1703831107156 1 2 2 1 2 2 342 99 16 0 0 0 
1658934937.0555413 22.1912109375 50.36716956954489 987.1717242613344 1 2 2 1 2 2 342 99 16 0 0 0 
1658934942.1889255 22.1912109375 50.61023162441663 987.1622914296432 1 2 2 1 2 2 342 99 16 0 0 0 
1658934947.322408 22.1861328125 50.6516418927577 987.1258571474974 2 2 4 2 2 4 378 111 18 2 2 0 
1658934952.455181 22.1861328125 50.51523651131807 987.1697343294815 None None None None None None None None None None None None 
1658934957.5886476 22.1810546875 50.41441161901653 987.1245159915168 1 2 2 1 2 2 372 109 18 0 0 0 
1658934962.7236695 22.1759765625 50.426070022039816 987.1882977669364 1 2 2 1 2 2 372 109 18 0 0 0 
1658934967.8574753 22.1658203125 50.425866474525854 987.1458049596669 1 2 2 1 2 2 387 116 20 0 0 0 
1658934972.9903138 22.1708984375 50.42003750801042 987.1501756532115 1 2 2 1 2 2 387 116 20 0 0 0 
1658934978.1236894 22.1759765625 50.425968253664976 987.1208380510474 1 2 2 1 2 2 387 116 20 0 0 0 
1658934983.2572393 22.1607421875 50.67484096410861 987.142083940435 1 2 2 1 2 2 378 113 20 0 0 0 
1658934988.3907042 22.1607421875 50.47341384585994 987.1593051981066 1 2 2 1 2 2 378 113 20 0 0 0 
1658934993.5232093 22.1607421875 50.651120201177385 987.1822392463118 1 2 2 1 2 2 378 113 20 0 0 0 
1658934998.656606 22.1607421875 50.57402657667312 987.1394007192528 1 2 2 1 2 2 327 99 18 0 0 0 
1658935003.7905736 22.1607421875 50.65694596922026 987.1060311716216 1 2 2 1 2 2 327 99 18 0 0 0 
1658935008.9239843 22.1505859375 50.66880621543584 987.1296559910226 1 2 2 1 2 2 327 99 18 0 0 0 
1658935014.0580623 22.1607421875 50.55633876937129 987.1444632666032 1 2 2 1 2 2 315 97 20 0 0 0 
1658935019.1914809 22.1556640625 50.52658347581861 987.1448089926952 1 2 2 1 2 2 315 97 20 0 0 0 
1658935024.3254457 22.1708984375 50.64529427675801 987.1788641300534 1 2 2 1 2 2 315 97 20 0 0 0 
1658935029.4594142 22.1607421875 50.63364195878671 987.1771765720296 1 2 2 1 2 2 309 97 18 0 0 0 
1658935034.5927186 22.1708984375 50.5327199034999 987.1525550783243 1 2 2 1 2 2 363 108 20 2 0 0 
1658935039.7261508 22.1861328125 50.5804745516151 987.1511709005338 1 2 2 1 2 2 378 108 18 2 0 0 
1658935044.8595665 22.1861328125 50.50930571820413 987.1194532837123 1 2 2 1 2 2 378 108 18 2 0 0 
1658935049.9925954 22.1861328125 50.46165468416255 987.1984232818614 1 2 2 1 2 2 378 108 18 2 0 0 
1658935055.125033 22.1708984375 50.681085190550164 987.1241695645242 1 2 2 1 2 2 342 98 16 2 0 0 
1658935060.258 22.1607421875 50.38435151078386 987.1586134384087 1 2 2 1 2 2 342 98 16 2 0 0 
1658935065.3919325 22.1658203125 50.53241088164155 987.1616840194556 1 2 2 1 2 2 342 98 16 2 0 0 
1658935070.5244327 22.1505859375 50.722176810509126 987.1903715810831 1 2 2 1 2 2 327 93 12 2 0 0 
1658935075.6576793 22.1505859375 50.66266705350221 987.1650590256514 1 2 2 1 2 2 327 93 12 2 0 0 
1658935080.7916152 22.1455078125 50.72175597448943 987.1752181816366 1 2 2 1 2 2 327 93 12 2 0 0 
1658935085.9248486 22.1404296875 50.66245796644076 987.1526293533115 1 2 3 1 2 3 354 103 10 4 2 0 
1658935091.0582757 22.1353515625 50.496418032062586 987.174911123057 1 2 3 1 2 3 354 103 10 4 2 0 
1658935096.191399 22.1404296875 50.68003794177799 987.1840008217841 1 2 3 1 2 3 354 103 10 4 2 0 
1658935101.3247383 22.1455078125 50.6978269539903 987.1560042490779 1 2 3 1 2 3 396 114 12 4 2 0 
1658935106.458153 22.1302734375 50.377813105844886 987.1630990786417 1 2 3 1 2 3 396 114 12 4 2 0 
1658935111.5912883 22.1302734375 50.757334282009595 987.1742211282638 1 2 3 1 2 3 396 114 12 4 2 0 
1658935116.7248373 22.1302734375 50.65631911378639 987.1685062691457 1 3 3 1 3 3 381 113 25 0 0 0 
1658935121.8582215 22.1404296875 50.514208413554364 987.1573465088665 1 3 3 1 3 3 381 113 25 0 0 0 
1658935126.9912887 22.1404296875 50.579439014590974 987.1695038349562 1 3 3 1 3 3 387 115 25 0 0 0 
1658935132.1237874 22.1404296875 50.66245796644076 987.199188111128 1 3 3 1 3 3 387 115 25 0 0 0 
1658935137.2578716 22.1404296875 50.508175495403265 987.1374423258417 1 3 3 1 3 3 387 115 25 0 0 0 
1658935142.3887558 22.1353515625 50.64456400519396 987.1880657728849 2 2 2 2 2 2 387 115 18 0 0 0 
1658935147.5212874 22.1404296875 50.6978269539903 987.2190929321472 2 2 2 2 2 2 387 115 18 0 0 0 
1658935152.654763 22.1505859375 50.585161635239025 987.2008755880736 2 2 2 2 2 2 387 115 18 0 0 0 
1658935157.7894566 22.1353515625 50.555822272705704 987.1890632509328 1 2 2 1 2 2 345 104 16 0 0 0 
1658935162.9223807 22.1404296875 50.62677451038013 987.1954680605822 1 2 2 1 2 2 345 104 16 0 0 0 
1658935168.0558221 22.1455078125 50.61501881403826 987.1890632509328 1 2 2 1 2 2 345 104 16 0 0 0 
1658935173.1893103 22.1556640625 50.44938495134196 987.1812430951679 1 2 2 1 2 2 330 97 14 0 0 0 
1658935178.3236473 22.1607421875 50.437829713887304 987.1549683128143 1 2 2 1 2 2 330 97 14 0 0 0 
1658935183.4582632 22.1505859375 50.739650602889185 987.1886840768956 1 2 2 1 2 2 330 97 14 0 0 0 
1658935188.5918849 22.1607421875 50.603678177949014 987.2200563267673 1 2 2 1 2 2 345 100 16 0 0 0 
1658935193.7252183 22.1607421875 50.65694596922026 987.1900262212316 1 2 2 1 2 2 345 100 16 0 0 0 
1658935198.8597753 22.1404296875 50.710001545669165 987.182313345542 2 4 4 2 4 4 402 115 32 0 0 0 
1658935203.9938283 22.1404296875 50.603574348353234 987.1853090687313 2 4 4 2 4 4 402 115 32 0 0 0 
1658935209.127556 22.1455078125 50.63884275153522 987.2045954608944 2 4 4 2 4 4 402 115 32 0 0 0 
1658935214.2631505 22.1302734375 50.52596561183918 987.2248450286355 2 4 4 2 4 4 417 120 36 2 0 0 
1658935219.397413 22.1404296875 50.56164897499916 987.1948155706043 2 4 4 2 4 4 417 120 36 2 0 0 
1658935224.532016 22.1302734375 50.67993315770062 987.2218147727295 2 4 4 2 4 4 417 120 36 2 0 0 
1658935229.6667576 22.1353515625 50.69793193017558 987.2251896742606 2 5 5 2 5 5 453 132 47 4 0 0 
1658935234.7981064 22.1404296875 50.496623331940455 987.2430625345531 2 5 5 2 5 5 453 132 47 4 0 0 
1658935239.9305317 22.1455078125 50.65070265416596 987.2481249710833 2 5 5 2 5 5 453 132 47 4 0 0 
1658935245.066468 22.1607421875 50.64550282890258 987.2116186645605 2 5 5 2 5 5 453 134 42 4 0 0 
1658935250.198899 22.1810546875 50.53885654828388 987.2190199866811 2 5 5 2 5 5 453 134 42 4 0 0 
1658935255.3288717 22.1658203125 50.47341384585994 987.2298362687658 2 5 5 2 5 5 453 134 42 4 0 0 
1658935260.4626741 22.1658203125 50.50889487879191 987.2278033433258 2 4 4 2 4 4 405 123 35 4 0 0 
1658935265.5941381 22.1658203125 50.69273626072446 987.2416490967132 2 4 4 2 4 4 405 123 35 4 0 0 
1658935270.7278268 22.1708984375 50.609920094204966 987.2548043138902 2 4 4 2 4 4 405 123 35 4 0 0 
1658935275.862194 22.1708984375 50.62157303608614 987.2429913870536 2 4 4 2 4 4 414 121 35 4 0 0 
1658935280.996824 22.1708984375 50.69866646209115 987.2261157832631 1 2 2 1 2 2 339 103 16 0 0 0 
1658935286.1304018 22.1708984375 50.60398960215328 987.2176779840044 1 2 2 1 2 2 333 101 14 0 0 0 
1658935291.2622879 22.1658203125 50.68680604899575 987.1960853507559 1 2 2 1 2 2 333 101 14 0 0 0 
1658935296.394119 22.1556640625 50.58578362155628 987.2082436001697 1 2 2 1 2 2 333 101 14 0 0 0 
1658935301.527666 22.1607421875 50.56788936691418 987.2207466684813 1 2 2 1 2 2 318 96 16 0 0 0 
1658935306.6631243 22.1455078125 50.59743656022097 987.2376553409003 1 2 2 1 2 2 318 96 16 0 0 0 
1658935311.7964544 22.1505859375 50.58557633583945 987.2339017074614 1 2 2 1 2 2 318 96 16 0 0 0 
1658935316.930342 22.1505859375 50.47279976315115 987.224155406418 1 2 2 1 2 2 303 94 18 0 0 0 
1658935322.064735 22.1404296875 50.62687866430252 987.2363126201639 1 2 2 1 2 2 303 94 18 0 0 0 
1658935327.1994057 22.1455078125 50.60929674315818 987.2160628837445 1 2 2 1 2 2 303 94 18 0 0 0 
1658935332.3311043 22.1404296875 50.72175597448943 987.1975006342532 1 2 2 1 2 2 303 94 20 0 0 0 
1658935337.4652092 22.1505859375 50.4133950188556 987.2308717026758 1 2 2 1 2 2 303 94 20 0 0 0 
1658935342.5994222 22.1556640625 50.71624678583609 987.2524644274811 1 2 2 1 2 2 303 94 20 0 0 0 
1658935347.7342982 22.1505859375 50.46104147763288 987.2113453156834 1 2 2 1 2 2 330 101 20 0 0 0 
1658935352.8693798 22.1404296875 50.49079561495291 987.2342467146364 1 2 2 1 2 2 330 101 20 0 0 0 
1658935358.004499 22.1404296875 50.52606861607919 987.2089679855036 1 2 2 1 2 2 330 101 20 0 0 0 
1658935363.1369693 22.1404296875 50.63280857389373 987.2126879286589 2 3 3 2 3 3 432 127 16 2 0 0 
1658935368.2710474 22.1404296875 50.69814185025526 987.2130327795563 2 3 3 2 3 3 432 127 16 2 0 0 
1658935373.4020414 22.1455078125 50.61543478107678 987.2261877506887 2 3 3 2 3 3 411 123 14 2 0 0 
1658935378.533502 22.1759765625 50.6990859578148 987.2200161420589 2 3 3 2 3 3 411 123 14 2 0 0 
1658935383.6672063 22.2064453125 50.230948529492544 987.2250363399147 2 3 3 2 3 3 411 123 14 2 0 0 
1658935388.801706 22.2166015625 50.43875037500883 987.2284116772856 2 3 3 2 3 3 447 132 18 2 0 0 
1658935393.9354994 22.2115234375 50.438546730013805 987.2172905463261 2 3 3 2 3 3 447 132 18 2 0 0 
1658935399.0711346 22.2115234375 50.385266767336624 987.2550682585259 2 3 3 2 3 3 447 132 18 2 0 0 
1658935404.2044759 22.2064453125 50.46216932107954 987.2051307460315 2 3 4 2 3 4 438 129 25 4 2 0 
1658935409.3360527 22.2064453125 50.675364008190044 987.2243871659371 2 3 4 2 3 4 438 129 25 4 2 0 
1658935414.4683077 22.2064453125 50.562996297425954 987.2277624217791 2 3 4 2 3 4 438 129 25 4 2 0 
1658935419.6023176 22.2013671875 50.45020514227619 987.1994189037167 2 3 4 2 3 4 411 122 23 4 2 0 
1658935424.7336578 22.1861328125 50.60419716447022 987.2078569707522 2 3 4 2 3 4 411 122 23 4 2 0 
1658935429.868458 22.1861328125 50.55675177295237 987.2166409411786 2 3 4 2 3 4 411 122 23 4 2 0 
1658935435.0032973 22.1912109375 50.521167294069045 987.226766544663 1 2 3 1 2 3 384 110 21 4 2 0 
1658935440.137474 22.1912109375 50.414513219828876 987.2136115589948 1 2 3 1 2 3 384 110 21 4 2 0 
1658935445.271898 22.1810546875 50.59233587876861 987.1957397141576 1 3 3 1 3 3 411 112 18 4 0 0 
1658935450.4028537 22.1759765625 50.78783003719276 987.205173626551 1 3 3 1 3 3 411 112 18 4 0 0 
1658935455.5376735 22.1658203125 50.46155250998478 987.2247736292713 1 3 3 1 3 3 411 112 18 4 0 0 
1658935460.66854 22.1708984375 50.68701554788934 987.2166812616737 1 3 3 1 3 3 411 112 22 4 0 0 
1658935465.801728 22.1607421875 50.52648052539882 987.2258091852622 1 3 3 1 3 3 411 112 22 4 0 0 
1658935470.9343386 22.1708984375 50.60971235357804 987.2284939907322 1 3 3 1 3 3 411 112 22 4 0 0 
1658935476.0664275 22.1658203125 50.57964620810707 987.2106216368177 1 3 3 1 3 3 381 107 24 4 0 0 
1658935481.198481 22.1556640625 50.66266705350221 987.1849636681866 1 3 3 1 3 3 381 107 24 4 0 0 
1658935486.333264 22.1708984375 50.56799280150535 987.2139966470911 1 3 3 1 3 3 381 107 24 4 0 0 
1658935491.4678538 22.1556640625 50.41349672731115 987.2106216368177 1 3 3 1 3 3 390 107 22 4 0 0 
1658935496.6002636 22.1556640625 50.57985335856752 987.2224679149241 1 3 3 1 3 3 390 107 22 4 0 0 
1658935501.7314627 22.1556640625 50.722281992605154 987.1917137390541 1 3 3 1 3 3 390 107 22 4 0 0 
1658935506.8632283 22.1556640625 50.53241088164155 987.2322141878816 1 3 3 1 3 3 363 103 31 4 0 0 
1658935511.9968169 22.1505859375 50.603574348353234 987.2241216795982 1 3 3 1 3 3 363 103 31 4 0 0 
1658935517.1289608 22.1556640625 50.7338261617983 987.2308717026758 1 3 3 1 3 3 363 103 31 4 0 0 
1658935522.2592669 22.1556640625 50.7277910110837 987.1890632509328 1 3 3 1 3 3 369 103 31 4 0 0 
1658935527.3931422 22.1404296875 50.54978889680159 987.2396875772178 1 3 3 1 3 3 417 106 25 0 0 0 
1658935532.527898 22.1302734375 50.62094874435069 987.2177503613929 1 3 3 1 3 3 426 108 25 0 0 0 
1658935537.6598766 22.1404296875 50.76919363496481 987.2380000986556 1 3 3 1 3 3 426 108 25 0 0 0 
1658935542.7947571 22.1302734375 50.66828318656725 987.2201273220694 1 3 3 1 3 3 426 108 25 0 0 0 
1658935547.9278538 22.1302734375 50.846278419014695 987.1880657728849 1 2 2 1 2 2 396 101 21 0 0 0 
1658935553.061433 22.1455078125 50.66266705350221 987.2278752287588 1 2 2 1 2 2 396 101 21 0 0 0 
1658935558.196363 22.1353515625 50.55571894108068 987.2143754061665 1 2 2 1 2 2 396 101 21 0 0 0 
1658935563.331361 22.1404296875 50.65059824050376 987.2312501851098 1 3 3 1 3 3 423 111 26 0 0 0 
1658935568.463304 22.1404296875 50.82848977810457 987.1944706808202 1 3 3 1 3 3 423 111 26 0 0 0 
1658935573.5969603 22.1353515625 50.70968624366452 987.1897532222092 1 3 3 1 3 3 423 111 26 0 0 0 
1658935578.7318716 22.1353515625 50.686072463813346 987.1610665932551 1 3 3 1 3 3 417 113 26 0 0 0 
1658935583.866966 22.1353515625 50.603262794982776 987.2302520270844 1 3 3 1 3 3 417 113 26 0 0 0 
1658935589.0021377 22.1404296875 50.65059824050376 987.2110004512214 1 3 3 1 3 3 417 113 26 0 0 0 
1658935594.137053 22.1455078125 50.620844658054786 987.2022180224806 1 3 3 1 3 3 453 124 28 0 0 0 
1658935599.2690113 22.1455078125 50.603574348353234 987.1904055898968 1 3 3 1 3 3 453 124 28 0 0 0 
1658935604.398421 22.1556640625 50.61543478107678 987.203181004111 1 3 3 1 3 3 453 124 28 0 0 0 
1658935609.532758 22.1556640625 50.739545174872234 987.2136514771423 2 3 5 2 3 5 504 143 29 4 2 2 
1658935614.6669812 22.1505859375 50.74007220732183 987.1667807350636 2 3 5 2 3 5 504 143 29 4 2 2 
1658935619.801396 22.1556640625 50.71603652459884 987.2102764397398 2 3 4 2 3 4 432 129 25 4 2 2 
1658935624.9367208 22.1455078125 50.644668361994356 987.1620636361181 2 3 4 2 3 4 432 129 25 4 2 2 
1658935630.0705478 22.1455078125 50.680142715091684 987.1927832177206 2 3 4 2 3 4 432 129 25 4 2 2 
1658935635.2025115 22.1404296875 50.786982586693085 987.2076254965576 2 3 4 2 3 4 426 129 27 4 2 2 
1658935640.3347313 22.1353515625 50.72768571831097 987.2072804946422 2 3 4 2 3 4 426 129 27 4 2 2 
1658935645.46761 22.1404296875 50.46083698934269 987.142504667699 2 3 4 2 3 4 426 129 27 4 2 2 
1658935650.6000876 22.1404296875 50.69803689559723 987.1880657728849 2 3 5 2 3 5 456 139 27 4 2 2 
1658935655.730329 22.1404296875 50.68596762287555 987.1526293533115 2 3 5 2 3 5 456 139 27 4 2 2 
1658935660.8625662 22.1302734375 50.5141055445756 987.2012205339219 2 3 5 2 3 5 456 139 27 4 2 2 
1658935665.9975326 22.1404296875 50.70407170314264 987.2039055131307 1 2 4 1 2 4 378 118 22 2 2 2 
1658935671.1321964 22.1505859375 50.603574348353234 987.1718432027965 1 2 4 1 2 4 378 118 22 2 2 2 
1658935676.264291 22.1353515625 50.69803689559723 987.1688135381346 1 2 4 1 2 4 378 118 22 2 2 2 
1658935681.3957877 22.1404296875 50.591402726578565 987.1509419055335 2 2 2 2 2 2 378 121 20 0 0 0 
1658935686.5303674 22.1353515625 50.76908785807801 987.148909201804 2 2 2 2 2 2 378 121 20 0 0 0 
1658935691.6636958 22.1353515625 50.614914795369074 987.1846908744471 2 3 3 2 3 3 450 130 28 2 0 0 
1658935696.797298 22.1302734375 50.763158254401496 987.170846203822 2 3 3 2 3 3 450 130 28 2 0 0 
1658935701.930329 22.1302734375 50.780841111458834 987.1678163864754 2 3 3 2 3 3 450 130 28 2 0 0 
1658935707.0629432 22.1353515625 50.650389380888164 987.1833482997482 2 3 3 2 3 3 450 130 30 2 0 0 
1658935712.1972213 22.1302734375 50.89349993440786 987.164786513347 2 3 3 2 3 3 450 130 30 2 0 0 
1658935717.3275397 22.1404296875 50.69793193017558 987.1593791451259 2 3 3 2 3 3 450 130 30 2 0 0 
1658935722.4598858 22.1353515625 50.86406696667938 987.1796285273174 2 3 3 2 3 3 471 134 30 0 0 0 
1658935727.5915809 22.1251953125 50.47259498280149 987.1853804858307 2 3 3 2 3 3 471 134 30 0 0 0 
1658935732.725886 22.1302734375 50.585161635239025 987.1462247354522 2 3 3 2 3 3 471 134 30 0 0 0 
1658935737.856928 22.1302734375 50.543858842161896 987.1745661808205 2 3 3 2 3 3 486 137 30 0 0 0 
1658935742.990241 22.1353515625 50.69200220217465 987.1563493405222 2 3 3 2 3 3 486 137 30 0 0 0 
1658935748.1234696 22.1302734375 50.72175597448943 987.1944706808202 2 3 3 2 3 3 486 137 30 0 0 0 
1658935753.2578304 22.1404296875 50.60908887336522 987.163751111517 2 3 3 2 3 3 495 140 32 0 0 0 
1658935758.3922846 22.1404296875 50.82838332502288 987.1691587417065 2 3 3 2 3 3 495 140 32 0 0 0 
1658935763.5264196 22.1455078125 50.722176810509126 987.1515590025556 2 3 3 2 3 3 495 140 32 0 0 0 
1658935768.6608312 22.1505859375 50.67473632300131 987.2136514771423 2 3 3 2 3 3 495 140 30 0 0 0 
1658935773.7943776 22.1505859375 50.52627459226709 987.1789383932684 1 2 2 1 2 2 384 114 21 0 0 0 
1658935778.928634 22.1404296875 50.520035583387575 987.1556590473134 1 2 2 1 2 2 372 107 21 0 0 0 
1658935784.0623899 22.1404296875 50.55571894108068 987.1610665932551 1 2 2 1 2 2 372 107 21 0 0 0 
1658935789.1963685 22.1404296875 50.834419335435214 987.1603761607897 1 2 2 1 2 2 372 107 21 0 0 0 
1658935794.3291197 22.1404296875 50.710001545669165 987.1718432027965 1 2 2 1 2 2 372 104 23 0 0 0 
1658935799.4580932 22.1505859375 50.79291221654797 987.1853431198439 1 2 2 1 2 2 372 104 23 0 0 0 
1658935804.5922806 22.1505859375 50.79937224952772 987.1819340608483 1 2 2 1 2 2 372 104 23 0 0 0 
1658935809.72099 22.1607421875 50.58578362155628 987.1853090687313 1 2 2 1 2 2 345 95 21 0 0 0 
1658935814.85384 22.1505859375 50.50848386715435 987.1583090135412 1 2 2 1 2 2 345 95 21 0 0 0 
1658935819.985683 22.1505859375 50.69221198700705 987.163751111517 1 2 2 1 2 2 345 95 21 0 0 0 
1658935825.1195655 22.1455078125 50.591402726578565 987.1856882980968 1 2 2 1 2 2 324 93 21 0 0 0 
1658935830.250254 22.1505859375 50.715826220307285 987.1870306097912 1 2 2 1 2 2 324 93 21 0 0 0 
1658935835.3801544 22.1302734375 50.59712514514972 987.1695038349562 1 2 2 1 2 2 324 93 21 0 0 0 
1658935840.51368 22.1302734375 50.73933428654778 987.205938019331 1 2 2 1 2 2 372 102 23 0 0 0 
1658935845.6475034 22.1455078125 50.62687866430252 987.1873757744796 1 2 2 1 2 2 372 102 23 0 0 0 
1658935850.781447 22.1505859375 50.62136498189622 987.1751840459259 1 2 2 1 2 2 372 102 23 0 0 0 
1658935855.9149618 22.1505859375 50.508689394501296 987.1650590256514 1 3 3 1 3 3 261 80 22 2 0 0 
1658935861.0485575 22.1556640625 50.60950456989578 987.1751840459259 1 3 3 1 3 3 261 80 22 2 0 0 
1658935866.1799848 22.1556640625 50.85867125555464 987.1934012569467 1 3 3 1 3 3 267 82 22 2 0 0 
1658935871.3136456 22.1556640625 50.57985335856752 987.1913682824344 1 3 3 1 3 3 267 82 22 2 0 0 
1658935876.4475863 22.1556640625 50.72789629309289 987.192059085341 1 3 3 1 3 3 267 82 22 2 0 0 
1658935881.5815609 22.1455078125 50.721966414026404 987.19243820405 1 3 3 1 3 3 288 91 24 2 0 0 
1658935886.7159808 22.1505859375 50.84077512804388 987.1607214321837 1 3 3 1 3 3 288 91 24 2 0 0 
1658935891.8499599 22.1556640625 50.69210709997266 987.2156841523331 1 3 3 1 3 3 288 91 24 2 0 0 
1658935896.9836013 22.1505859375 50.47290213717972 987.1954340940677 1 3 3 1 3 3 309 98 28 2 0 0 
1658935902.117345 22.1455078125 50.698246794149675 987.1785931607577 1 3 3 1 3 3 309 98 28 2 0 0 
1658935907.2511404 22.1404296875 50.7632639636675 987.1620636361181 1 3 3 1 3 3 309 98 28 2 0 0 
1658935912.3854349 22.1556640625 50.68617729398749 987.183655629967 1 3 3 1 3 3 294 93 23 2 0 0 
1658935917.518501 22.1505859375 50.733720812166865 987.1789383932684 1 3 3 1 3 3 294 93 23 2 0 0 
1658935922.6529236 22.1302734375 50.626982807461104 987.1725336660078 1 3 3 1 3 3 294 93 23 2 0 0 
1658935927.7867157 22.1404296875 50.65059824050376 987.1846908744471 1 3 3 1 3 3 303 96 25 4 0 0 
1658935932.9210174 22.1353515625 50.72154549189822 987.2062829244863 1 3 3 1 3 3 303 96 25 4 0 0 
1658935938.0554147 22.1302734375 50.79259404215501 987.1971924416929 1 2 3 1 2 3 333 87 19 2 2 0 
1658935943.1898408 22.1251953125 50.709475988510135 987.1803182200872 1 2 3 1 2 3 333 87 19 2 2 0 
1658935948.3235483 22.1251953125 50.7806292333864 987.2005672868576 1 2 3 1 2 3 333 87 19 2 2 0 
1658935953.4569635 22.1302734375 50.68586277117411 987.1927832177206 1 2 3 1 2 3 333 87 19 2 2 0 
1658935958.5903764 22.1201171875 50.768770462836926 987.2039421323034 1 2 3 1 2 3 333 87 19 2 2 0 
1658935963.7230794 22.1302734375 50.709475988510135 987.1867231709168 1 2 3 1 2 3 333 87 19 2 2 0 
1658935968.8566356 22.1302734375 50.715510683143144 987.1921301744732 1 2 3 1 2 3 333 87 19 2 2 0 
1658935973.9900582 22.1251953125 50.61470672573921 987.2225037872819 1 2 3 1 2 3 333 87 19 2 2 0 
1658935979.1236465 22.1302734375 50.733193902556735 987.1786307983133 1 2 3 1 2 3 333 87 19 2 2 0 
1658935984.2574968 22.1150390625 50.768770462836926 987.1870679078858 1 2 3 1 2 3 345 92 17 2 2 0 
1658935989.3907247 22.1201171875 50.590883931959354 987.1857251260494 1 2 3 1 2 3 345 92 17 2 2 0 
1658935994.5233743 22.1302734375 50.59681363320364 987.1900980423666 1 2 3 1 2 3 345 92 17 2 2 0 
1658935999.6572149 22.1302734375 50.73933428654778 987.2022547095453 1 2 4 1 2 4 345 97 21 4 2 0 
1658936004.7909093 22.1404296875 50.680247477641714 987.2194378391114 1 2 4 1 2 4 345 97 21 4 2 0 
1658936009.9261785 22.1404296875 50.733510080613414 987.2029079973731 1 2 4 1 2 4 345 97 21 4 2 0 
1658936015.0589128 22.1404296875 50.74547488761196 987.215064970511 1 2 4 1 2 4 360 101 26 4 2 0 
1658936020.1924407 22.1455078125 50.57371607001361 987.1846908744471 1 2 2 1 2 2 339 94 22 2 0 0 
1658936025.3265502 22.1404296875 50.703966680861186 987.1627540414547 1 2 2 1 2 2 303 80 20 2 0 0 
1658936030.460996 22.1302734375 50.57340546647876 987.1900980423666 1 2 2 1 2 2 303 80 20 2 0 0 
1658936035.5965517 22.1302734375 50.93511255471088 987.2218147727295 1 2 2 1 2 2 303 80 20 2 0 0 
1658936040.7318876 22.1353515625 50.585161635239025 987.2133775201322 1 2 2 1 2 2 324 87 15 2 0 0 
1658936045.86666 22.1302734375 50.57309476606856 987.22350222346 1 2 2 1 2 2 324 87 15 2 0 0 
1658936051.0003932 22.1302734375 50.76908785807801 987.2201273220694 1 2 2 1 2 2 324 87 15 2 0 0 
1658936056.1343074 22.1455078125 50.63280857389373 987.1755634412759 1 2 2 1 2 2 354 90 15 0 0 0 
1658936061.2674534 22.1556640625 50.703966680861186 987.200496607685 1 2 2 1 2 2 354 90 15 0 0 0 
1658936066.4015157 22.1404296875 50.47259498280149 987.1907507274564 1 2 2 1 2 2 354 90 15 0 0 0 
1658936071.5361724 22.1455078125 50.47852509413604 987.1978456072304 1 2 2 1 2 2 342 90 15 0 0 0 
1658936076.6704955 22.1404296875 50.531998701800696 987.1775960529869 1 2 2 1 2 2 342 90 15 0 0 0 
1658936081.8043 22.1455078125 50.43711608698399 987.192059085341 1 2 2 1 2 2 342 90 15 0 0 0 
1658936086.9385855 22.1505859375 50.710316750801496 987.2001513292204 1 2 2 1 2 2 336 90 15 0 0 0 
1658936092.0724099 22.1505859375 50.633225352450445 987.2156841523331 1 2 2 1 2 2 336 90 15 0 0 0 
1658936097.2065873 22.1556640625 50.42566288395474 987.1634057569266 1 2 2 1 2 2 336 90 15 0 0 0 
1658936102.3406234 22.1455078125 50.709896455764536 987.1840008217841 2 4 4 2 4 4 435 131 30 0 0 0 
1658936107.4744165 22.1404296875 50.59119524102253 987.177250917237 2 4 4 2 4 4 435 131 30 0 0 0 
1658936112.6083615 22.1455078125 50.89392870035642 987.1620636361181 1 3 3 1 3 3 402 124 32 0 0 0 
1658936117.74236 22.1353515625 50.68617729398749 987.1971555509513 1 3 3 1 3 3 402 124 32 0 0 0 
1658936122.8765433 22.1455078125 50.41359842500236 987.1718432027965 1 3 3 1 3 3 402 124 32 0 0 0 
1658936128.0108685 22.1607421875 50.85295470876393 987.1505216560519 1 3 3 1 3 3 396 119 25 0 0 0 
1658936133.1440325 22.1708984375 50.61574664333554 987.1802058191279 1 3 3 1 3 3 396 119 25 0 0 0 
1658936138.276905 22.1708984375 50.69294589486602 987.1751431043631 1 3 3 1 3 3 396 119 25 0 0 0 
1658936143.4118102 22.1708984375 50.60398960215328 987.1586134384087 1 3 3 1 3 3 369 110 23 0 0 0 
1658936148.5459569 22.1708984375 50.74600225817047 987.1889894796723 1 3 3 1 3 3 369 110 23 0 0 0 
1658936153.6802375 22.1607421875 50.508997604791084 987.1579633959649 1 3 3 1 3 3 369 110 23 0 0 0 
1658936158.8143222 22.1810546875 50.46165468416255 987.179859839766 1 2 2 1 2 2 327 98 21 0 0 0 
1658936163.9480815 22.1810546875 50.66932897521221 987.1849225958573 1 2 2 1 2 2 327 98 21 0 0 0 
1658936169.0818353 22.2064453125 50.53323868376977 987.1497849572127 1 2 2 1 2 2 327 98 21 0 0 0 
1658936174.2146335 22.2115234375 50.36133934962537 987.145715992666 1 2 2 1 2 2 300 91 21 0 0 0 
1658936179.3489552 22.2166015625 50.62261665768787 987.1116154196669 1 2 2 1 2 2 300 91 21 0 0 0 
1658936184.4818966 22.2267578125 50.55737492327348 987.1207481235938 2 2 2 2 2 2 375 113 12 0 0 0 
1658936189.6144452 22.2318359375 50.45664633079352 987.1342009760758 2 2 2 2 2 2 375 113 12 0 0 0 
1658936194.743575 22.2369140625 50.32052343087408 987.1277975763571 2 2 2 2 2 2 375 113 12 0 0 0 
1658936199.8762722 22.2369140625 50.52219894234137 987.1105729149039 2 3 3 2 3 3 417 125 14 0 0 0 
1658936205.0110505 22.247265625 50.43895397694685 987.1325132569635 2 3 3 2 3 3 417 125 14 0 0 0 
1658936210.1435852 22.2318359375 50.640617841119926 987.0927034313338 2 3 3 2 3 3 417 125 14 0 0 0 
1658936215.2750108 22.2318359375 50.44478357486912 987.1095803374486 2 2 2 2 2 2 405 121 14 0 0 0 
1658936220.4096408 22.2216796875 50.522096221426864 987.1142959361965 2 2 2 2 2 2 405 121 14 0 0 0 
1658936225.541196 22.2166015625 50.44478357486912 987.1750533523596 2 2 2 2 2 2 405 121 14 0 0 0 
1658936230.6735506 22.2318359375 50.504199479454236 987.1483972481982 2 2 2 2 2 2 426 123 14 0 0 0 
1658936235.8062177 22.2216796875 50.4803717182666 987.1220886852129 2 2 2 2 2 2 426 123 14 0 0 0 
1658936240.9404864 22.2318359375 50.492234349815284 987.1247695589641 2 2 2 2 2 2 426 123 14 0 0 0 
1658936246.0741105 22.2267578125 50.60492728178157 987.1149907747449 1 2 2 1 2 2 417 118 16 0 0 0 
1658936251.2077096 22.2166015625 50.47433817479326 987.1126569311544 1 2 2 1 2 2 417 118 16 0 0 0 
1658936256.3394105 22.2166015625 50.23707912843452 987.1409999369469 1 2 2 1 2 2 417 118 16 0 0 0 
1658936261.471531 22.2064453125 50.610754617437635 987.1173728223526 1 2 2 1 2 2 429 121 16 0 0 0 
1658936266.600266 22.2115234375 50.31378848588547 987.1497849572127 1 1 2 1 1 2 282 85 10 2 2 0 
1658936271.7347949 22.2115234375 50.43844489136992 987.1514725955692 1 1 2 1 1 2 294 89 10 2 2 0 
1658936276.864626 22.2115234375 50.4976531289955 987.1514725955692 1 1 2 1 1 2 294 89 10 2 2 0 
1658936281.995975 22.2115234375 50.37913309163722 987.1612517604256 1 1 2 1 1 2 294 89 10 2 2 0 
1658936287.1270843 22.2013671875 50.23668099418074 987.1413467664838 1 1 4 1 1 4 303 89 12 4 4 0 
1658936292.2588356 22.2013671875 50.41472029584118 987.128192492672 1 1 4 1 1 4 303 89 12 4 4 0 
1658936297.3940883 22.1912109375 50.42627352649662 987.1902882971805 1 1 4 1 1 4 303 89 12 4 4 0 
1658936302.5292056 22.1912109375 50.73477382412238 987.160603817994 1 1 2 1 1 2 297 87 10 2 2 0 
1658936307.6611946 22.1861328125 50.50337491472722 987.1812013489166 1 1 2 1 1 2 297 87 10 2 2 0 
1658936312.7954035 22.1708984375 50.62198901530034 987.1586134384087 1 1 2 1 1 2 297 87 10 2 2 0 
1658936317.929276 22.1759765625 50.402143700274024 987.1815474250594 1 2 3 1 2 3 324 96 12 4 2 0 
1658936323.0625925 22.1810546875 50.46165468416255 987.165363667832 1 2 3 1 2 3 324 96 12 4 2 0 
1658936328.1919603 22.1708984375 50.46758542491426 987.1923645967744 1 2 3 1 2 3 324 96 12 4 2 0 
1658936333.3222828 22.1658203125 50.28372764304857 987.1781722545427 1 2 3 1 2 3 360 103 10 4 2 0 
1658936338.4527352 22.1708984375 50.6515375759691 987.1660553190139 1 2 3 1 2 3 360 103 10 4 2 0 
1658936343.583143 22.1708984375 50.59816281865193 987.171421914353 1 2 3 1 2 3 360 103 10 4 2 0 
1658936348.7135725 22.1759765625 50.710736873621045 987.1697343294815 1 2 2 1 2 2 381 111 17 0 0 0 
1658936353.8439968 22.1708984375 50.56840643223064 987.1316125319646 1 2 2 1 2 2 381 111 17 0 0 0 
1658936358.9761539 22.1708984375 50.722387163937626 987.164022004695 1 2 2 1 2 2 348 102 15 0 0 0 
1658936364.107817 22.1708984375 50.491000714982555 987.164022004695 1 2 2 1 2 2 348 102 15 0 0 0 
1658936369.2393813 22.1658203125 50.78168819321194 987.1616840194556 1 2 2 1 2 2 348 102 15 0 0 0 
1658936374.3709173 22.1658203125 50.52065304158374 987.1758348134488 1 2 2 1 2 2 342 102 15 0 0 0 
1658936379.503868 22.1404296875 50.698456649647646 987.1988430413908 1 2 2 1 2 2 342 102 15 0 0 0 
1658936384.6328216 22.1556640625 50.79926618835737 987.2001513292204 1 2 2 1 2 2 342 102 15 0 0 0 
1658936389.7648952 22.1556640625 50.745685868125875 987.1886840768956 1 2 2 1 2 2 351 102 13 0 0 0 
1658936394.8975565 22.1455078125 50.473106852944326 987.1751840459259 1 2 2 1 2 2 351 102 13 0 0 0 
1658936400.0280476 22.1505859375 50.437523938371456 987.1768715495512 1 2 2 1 2 2 351 102 13 0 0 0 
1658936405.1583343 22.1505859375 50.621052819882784 987.1583432902484 1 2 2 1 2 2 387 113 13 0 0 0 
1658936410.2919168 22.1505859375 50.603366656870115 987.2018388474645 1 2 2 1 2 2 387 113 13 0 0 0 
1658936415.4257238 22.1505859375 50.63915552218523 987.1785931607577 1 2 2 1 2 2 387 113 13 0 0 0 
1658936420.5589921 22.1505859375 50.846704935124315 987.2018388474645 1 2 2 1 2 2 366 106 6 0 0 0 
1658936425.6903815 22.1455078125 50.401940650782684 987.1954340940677 1 2 2 1 2 2 366 106 6 0 0 0 
1658936430.820993 22.1455078125 50.54406522413013 987.2093129738543 1 1 4 1 1 4 315 90 24 4 4 0 
1658936435.9550471 22.1404296875 50.680142715091684 987.1910957546911 1 1 4 1 1 4 315 90 24 4 4 0 
1658936441.0880983 22.1302734375 50.66235340676448 987.2083151694175 1 1 4 1 1 4 315 90 24 4 4 0 
1658936446.2211 22.1302734375 50.7629468035791 987.2208163637505 1 1 3 1 1 3 309 88 19 4 4 0 
1658936451.3525546 22.1505859375 50.70438670540535 987.2089341317865 1 1 3 1 1 3 309 88 19 4 4 0 
1658936456.4834204 22.1708984375 50.60971235357804 987.212615305293 1 1 3 1 1 3 309 88 19 4 4 0 
1658936461.6136296 22.1861328125 50.59816281865193 987.2136115589948 1 2 4 1 2 4 342 102 21 4 4 0 
1658936466.7407918 22.1810546875 50.60388580484904 987.1751431043631 1 2 4 1 2 4 342 102 21 4 4 0 
1658936471.8743036 22.1912109375 50.45592811384481 987.2048277403128 1 2 4 1 2 4 342 102 21 4 4 0 
1658936477.004888 22.2064453125 50.46810040259772 987.1956975026358 1 2 3 1 2 3 363 109 21 2 2 0 
1658936482.135308 22.2267578125 50.64051374610693 987.1706841741398 1 2 3 1 2 3 363 109 21 2 2 0 
1658936487.269753 22.2267578125 50.56923715008302 987.2010624242673 1 2 3 1 2 3 363 109 21 2 2 0 
1658936492.4025981 22.2318359375 50.521993489748326 987.1909363383601 1 2 2 1 2 2 351 107 19 2 0 0 
1658936497.5364084 22.2216796875 50.50982297275062 987.2027501054978 1 2 2 1 2 2 351 107 19 2 0 0 
1658936502.6702275 22.247265625 50.40960082341011 987.1777345179413 1 2 2 1 2 2 351 107 19 2 0 0 
1658936507.8030667 22.2318359375 50.391704391383335 987.2270256355426 1 2 2 1 2 2 330 102 23 2 0 0 
1658936512.9366095 22.2421875 50.38577270168368 987.2152115761604 1 2 2 1 2 2 369 104 19 0 0 0 
1658936518.0673945 22.2216796875 50.68796178478743 987.2095008311237 1 2 2 1 2 2 291 83 19 0 0 0 
1658936523.2019665 22.2369140625 50.64040964033019 987.1969935528152 1 2 2 1 2 2 291 83 19 0 0 0 
1658936528.3343115 22.2318359375 50.575374960927086 987.2378450537221 1 2 2 1 2 2 291 83 19 0 0 0 
1658936533.4663868 22.2166015625 50.55758123048475 987.2277188771441 1 2 2 1 2 2 306 90 19 0 0 0 
1658936538.6002638 22.2216796875 50.34394847562197 987.2128761943585 1 2 2 1 2 2 306 90 19 0 0 0 
1658936543.730289 22.2115234375 50.562996297425954 987.1750995399462 1 2 2 1 2 2 306 90 19 0 0 0 
1658936548.8615637 22.2013671875 50.5272009522926 987.246672101756 1 2 2 1 2 2 285 88 19 0 0 0 
1658936553.9948652 22.1861328125 50.48558244211862 987.2217037426044 1 2 2 1 2 2 285 88 19 0 0 0 
1658936559.1282792 22.1861328125 50.56268248316251 987.1869561064655 1 2 2 1 2 2 285 88 19 0 0 0 
1658936564.2641401 22.2013671875 50.62230488441329 987.2395758194409 1 1 1 1 1 1 243 79 12 0 0 0 
1658936569.3991861 22.2064453125 50.52751350090567 987.2375422449983 1 1 1 1 1 1 243 79 12 0 0 0 
1658936574.5317073 22.2216796875 50.504096939905395 987.2169443272007 1 1 1 1 1 1 243 79 12 0 0 0 
1658936579.6611755 22.2216796875 50.43281903876934 987.2483175253058 1 2 2 1 2 2 252 84 14 0 0 0 
1658936584.7960167 22.2216796875 50.45040910086384 987.2348160622408 1 2 2 1 2 2 252 84 14 0 0 0 
1658936589.9305534 22.2064453125 50.562893027753226 987.2459804557668 1 2 2 1 2 2 252 84 14 0 0 0 
1658936595.06406 22.2013671875 50.68150781282266 987.2169867324644 1 2 2 1 2 2 411 111 14 0 0 0 
1658936600.1980808 22.2064453125 50.444274097300706 987.266577884177 1 2 2 1 2 2 411 111 14 0 0 0 
1658936605.3304646 22.1810546875 50.41441161901653 987.2382340266347 1 2 2 1 2 2 411 111 16 0 0 0 
1658936610.461198 22.1912109375 50.54489032144316 987.254113659193 1 2 2 1 2 2 411 111 16 0 0 0 
1658936615.5933309 22.1810546875 50.41420838509889 987.2294909034588 1 2 2 1 2 2 411 111 16 0 0 0 
1658936620.7263997 22.1810546875 50.52699516985742 987.2473633063476 1 2 2 1 2 2 411 111 16 0 0 0 
1658936625.8586397 22.1759765625 50.55654529268975 987.2527714669601 1 2 2 1 2 2 411 111 16 0 0 0 
1658936630.9931095 22.1708984375 50.609920094204966 987.2321750165585 1 2 2 1 2 2 411 111 16 0 0 0 
1658936636.1263123 22.1912109375 50.675364008190044 987.2321750165585 1 2 2 1 2 2 390 109 16 0 0 0 
1658936641.2585268 22.1912109375 50.53292586425202 987.2773946000525 1 2 2 1 2 2 390 109 16 0 0 0 
1658936646.3901608 22.1912109375 50.62791961151776 987.2571433703031 1 2 2 1 2 2 390 109 16 0 0 0 
1658936651.5249674 22.1708984375 50.6516418927577 987.2591764245652 1 2 2 1 2 2 348 95 18 0 0 0 
1658936656.6598604 22.1708984375 50.44969113266057 987.2581794364763 1 2 2 1 2 2 348 95 18 0 0 0 
1658936661.7909796 22.1658203125 50.722387163937626 987.2801177401409 1 2 2 1 2 2 348 95 18 0 0 0 
1658936666.9251244 22.1607421875 50.39028225097594 987.2460928022367 1 2 2 1 2 2 306 86 14 0 0 0 
1658936672.059809 22.1556640625 50.44948702254572 987.2483992856584 1 2 2 1 2 2 306 86 14 0 0 0 
1658936677.1934245 22.1810546875 50.49141078587233 987.2338626040316 1 2 2 1 2 2 354 102 19 2 0 0 
1658936682.3272889 22.1861328125 50.6990859578148 987.2702987214474 1 2 2 1 2 2 354 102 19 2 0 0 
1658936687.4593766 22.2115234375 50.48599596467956 987.2628568825771 1 2 2 1 2 2 354 102 19 2 0 0 
1658936692.5947812 22.2216796875 50.51013082658381 987.2864421853551 1 2 2 1 2 2 369 104 19 2 0 0 
1658936697.729737 22.247265625 50.27326835609262 987.2722477624784 1 2 2 1 2 2 369 104 19 2 0 0 
1658936702.8602965 22.2421875 50.57599484155101 987.2671845473591 1 2 2 1 2 2 369 104 19 2 0 0 
1658936707.9941387 22.2421875 50.546027666007646 987.2904665087375 1 2 2 1 2 2 390 111 19 2 0 0 
1658936713.129073 22.2625 50.38607613311935 987.257705608792 1 2 2 1 2 2 390 111 19 2 0 0 
1658936718.2630887 22.2625 50.34475388149017 987.2641098079324 1 2 2 1 2 2 390 111 19 2 0 0 
1658936723.3987854 22.257421875 50.582133146095074 987.2556708465257 1 2 3 1 2 3 426 118 17 2 0 0 
1658936728.5327573 22.2625 50.15462574081013 987.26142799877 1 2 3 1 2 3 426 118 17 2 0 0 
1658936733.6673424 22.2625 50.362449310760205 987.2583992179061 1 2 3 1 2 3 426 118 17 2 0 0 
1658936738.803156 22.25234375 50.439361051651915 987.2415217066128 1 2 3 1 2 3 405 111 19 2 0 0 
1658936743.9376926 22.247265625 50.21987969232397 987.2685257280576 1 2 3 1 2 3 405 111 19 2 0 0 
1658936749.0697856 22.247265625 50.56392524010306 987.282027745531 1 2 3 1 2 3 405 111 19 2 0 0 
1658936754.2049794 22.2421875 50.45102071828548 987.2793450827984 1 2 2 1 2 2 372 102 19 2 0 0 
1658936759.3371146 22.2369140625 50.26683726097472 987.237498569494 1 2 2 1 2 2 297 93 12 2 0 0 
1658936764.4713006 22.2318359375 50.70585946716233 987.2580974144726 1 2 2 1 2 2 297 93 12 2 0 0 
1658936769.600259 22.2216796875 50.46267975933058 987.2796913382721 1 2 2 1 2 2 297 93 12 2 0 0 
1658936774.7350352 22.2318359375 50.34384775144828 987.2540727475917 1 1 1 1 1 1 255 79 10 2 0 0 
1658936779.8685555 22.2166015625 50.5634092684774 987.2905096263898 1 1 1 1 1 1 255 79 10 2 0 0 
1658936785.0035207 22.2216796875 50.52189074730574 987.248663707418 1 1 1 1 1 1 255 79 10 2 0 0 
1658936790.1344092 22.2115234375 50.48620069180616 987.2638527366623 1 2 2 1 2 2 276 86 12 2 0 0 
1658936795.2653332 22.2216796875 50.580995895167504 987.2773541007721 1 2 2 1 2 2 276 86 12 2 0 0 
1658936800.3980615 22.2115234375 50.59285790380529 987.2756664300122 1 2 2 1 2 2 276 86 12 2 0 0 
1658936805.5307279 22.2064453125 50.34334009282073 987.2895135442576 1 2 2 1 2 2 285 89 21 2 0 0 
1658936810.662714 22.1912109375 50.396825364412436 987.255110178635 1 2 2 1 2 2 285 89 21 2 0 0 
1658936815.7941127 22.2064453125 50.40275649229557 987.2598273663054 1 2 2 1 2 2 285 89 21 2 0 0 
1658936820.9288175 22.2115234375 50.42054981376423 987.3033603356103 1 2 2 1 2 2 270 87 21 2 0 0 
1658936826.0613248 22.2115234375 50.497858169706674 987.2881715359767 1 2 2 1 2 2 270 87 21 2 0 0 
1658936831.192726 22.2115234375 50.56892720276131 987.3097654419893 1 2 2 1 2 2 270 87 21 2 0 0 
1658936836.3234787 22.2115234375 50.75267469408043 987.2989882067427 None None None None None None None None None None None None 
1658936841.45588 22.2064453125 50.42075309600927 987.3037057525798 1 3 3 1 3 3 426 118 14 2 0 0 
1658936846.592475 22.2013671875 50.592650720465805 987.2999850463107 1 3 3 1 3 3 426 118 14 2 0 0 
1658936851.726722 22.2064453125 50.67557717202204 987.3134862051968 1 3 3 1 3 3 426 118 14 2 0 0 
1658936856.8609889 22.2064453125 50.6282356861117 987.3104562777639 1 3 3 1 3 3 441 123 18 2 0 0 
1658936861.9946773 22.2013671875 50.729057729339424 987.271295098619 1 3 3 1 3 3 441 123 18 2 0 0 
1658936867.1289175 22.2013671875 50.426582614332936 987.31179856009 1 3 3 1 3 3 441 123 18 2 0 0 
1658936872.263129 22.2064453125 50.49775565473315 987.3077714636605 1 3 3 1 3 3 414 114 20 2 0 0 
1658936877.3969183 22.2013671875 50.4561361768882 987.2821120364611 1 3 3 1 3 3 414 114 20 2 0 0 
1658936882.5310383 22.1861328125 50.710946870449334 987.2996785703242 1 3 3 1 3 3 414 114 20 2 0 0 
1658936887.6640062 22.1861328125 50.52075591360891 987.3030537509654 1 3 3 1 3 3 426 116 20 2 0 0 
1658936892.7989175 22.1759765625 50.710946870449334 987.3266800233292 1 3 3 1 3 3 426 116 20 2 0 0 
1658936897.9327664 22.1759765625 50.432102650211505 987.3219620894529 1 3 3 1 3 3 426 116 20 2 0 0 
1658936903.0671675 22.1912109375 50.491513276684465 987.3111466721343 1 3 3 1 3 3 447 123 22 2 0 0 
1658936908.2006528 22.1708984375 50.70480655773187 987.3030537509654 1 3 3 1 3 3 447 123 22 2 0 0 
1658936913.3339102 22.1810546875 50.503272288651644 987.2902431150704 None None None None None None None None None None None None 
1658936918.4677854 22.1759765625 50.61553874592685 987.3216172495196 1 1 2 1 1 2 279 85 17 2 2 0 
1658936923.6002922 22.1607421875 50.63894701918232 987.2909327586984 1 2 3 1 2 3 327 101 19 2 2 0 
1658936928.734507 22.1607421875 50.66266705350221 987.3108385867293 1 2 3 1 2 3 327 101 19 2 2 0 
1658936933.8685405 22.1505859375 50.57413005736511 987.3229959472185 1 2 3 1 2 3 327 101 19 2 2 0 
1658936939.0022311 22.1607421875 50.53854738811922 987.3108385867293 1 2 3 1 2 3 369 115 23 2 2 0 
1658936944.1357496 22.1556640625 50.46124592286625 987.2832176529956 1 2 3 1 2 3 369 115 23 2 2 0 
1658936949.2697382 22.1505859375 50.51461978182869 987.2818745641202 1 2 3 1 2 3 369 115 23 2 2 0 
1658936954.4038825 22.1505859375 50.36042634381179 987.3378393953809 1 2 3 1 2 3 333 103 21 4 2 0 
1658936959.5377142 22.1556640625 50.53241088164155 987.3236846340587 1 2 3 1 2 3 333 103 21 4 2 0 
1658936964.6718707 22.1505859375 50.63894701918232 987.3169345955146 1 2 3 1 2 3 333 103 21 4 2 0 
1658936969.806196 22.1607421875 50.721966414026404 987.3105617403114 1 2 3 1 2 3 339 103 23 4 2 0 
1658936974.9387915 22.1556640625 50.68659650704758 987.3152470860543 1 2 3 1 2 3 339 103 23 4 2 0 
1658936980.0730836 22.1556640625 50.47290213717972 987.307186777352 1 2 3 1 2 3 339 103 23 4 2 0 
1658936985.2070138 22.1505859375 50.7218611996397 987.3034675859333 1 2 3 1 2 3 297 91 19 4 2 0 
1658936990.3409383 22.1505859375 50.69814185025526 987.3422799856932 None None None None None None None None None None None None 
1658936995.4748485 22.1404296875 50.4313896474469 987.2987493711839 1 3 3 1 3 3 396 106 28 2 0 0 
1658937000.6120129 22.1404296875 50.591298989182484 987.3122492218963 1 3 3 1 3 3 396 106 28 2 0 0 
1658937005.7457983 22.1404296875 50.686282113397986 987.296062671368 1 3 3 1 3 3 408 113 28 2 0 0 
1658937010.879753 22.1404296875 50.59712514514972 987.2957185954488 1 3 3 1 3 3 408 113 28 2 0 0 
1658937016.0125313 22.1404296875 50.69814185025526 987.2720940593988 1 3 3 1 3 3 408 113 28 2 0 0 
1658937021.145994 22.1302734375 50.590987712410964 987.3061873953634 1 2 2 1 2 2 345 94 19 2 0 0 
1658937026.2803743 22.1353515625 50.66224883632449 987.3092183365204 1 2 2 1 2 2 345 94 19 2 0 0 
1658937031.4145286 22.1404296875 50.66817854850245 987.3176556769752 1 2 2 1 2 2 345 94 19 2 0 0 
1658937036.5485353 22.1302734375 50.52013851999708 987.2822188588758 1 3 3 1 3 3 360 101 19 2 0 0 
1658937041.6836076 22.1353515625 50.55561559869168 987.2943752176147 1 3 3 1 3 3 360 101 19 2 0 0 
1658937046.8178117 22.1607421875 50.57413005736511 987.2892452231634 1 3 3 1 3 3 360 101 19 2 0 0 
1658937051.9516022 22.1810546875 50.43834304196178 987.3098041130917 1 3 3 1 3 3 375 106 26 2 0 0 
1658937057.0854998 22.1912109375 50.68743844325983 987.3020181214596 1 3 3 1 3 3 375 106 26 2 0 0 
1658937062.2195408 22.1912109375 50.616058408719944 987.3006758241576 1 3 3 1 3 3 375 106 26 2 0 0 
1658937067.350306 22.1861328125 50.58661631639776 987.3053933837705 1 3 3 1 3 3 360 104 26 2 0 0 
1658937072.4841928 22.1810546875 50.58640522037334 987.3081165224546 1 2 2 1 2 2 285 87 18 0 0 0 
1658937077.617485 22.1810546875 50.60263939761779 987.3334303893929 1 2 2 1 2 2 258 78 22 0 0 0 
1658937082.7513878 22.1861328125 50.48558244211862 987.2693019572082 1 2 2 1 2 2 258 78 22 0 0 0 
1658937087.8856046 22.1810546875 50.455723933048354 987.3017111633189 1 2 2 1 2 2 258 78 22 0 0 0 
1658937093.0182188 22.1759765625 50.50889487879191 987.3071187455779 0 1 1 0 1 1 243 76 20 0 0 0 
1658937098.151907 22.1708984375 50.550408319315956 987.315556563468 0 1 1 0 1 1 243 76 20 0 0 0 
1658937103.2844212 22.1810546875 50.44406630999446 987.2932732804179 0 1 1 0 1 1 243 76 20 0 0 0 
1658937108.4184675 22.1708984375 50.6990859578148 987.2979909801089 1 2 2 1 2 2 273 83 24 0 0 0 
1658937113.5520532 22.1708984375 50.34906951934641 987.2838377960766 1 2 2 1 2 2 273 83 24 0 0 0 
1658937118.6860867 22.1607421875 50.57423352729318 987.302400837717 1 2 2 1 2 2 273 83 24 0 0 0 
1658937123.8200507 22.1658203125 50.46165468416255 987.3138689997493 1 2 2 1 2 2 273 81 24 0 0 0 
1658937128.9526224 22.1607421875 50.53844431320298 987.311527684138 1 2 2 1 2 2 273 81 24 0 0 0 
1658937134.0860455 22.1607421875 50.62136498189622 987.3250278691803 1 2 2 1 2 2 273 81 24 0 0 0 
1658937139.2198005 22.1607421875 50.61553874592685 987.3175887872048 0 2 2 0 2 2 252 74 22 0 0 0 
