timestamp temperature humidity pressure pm10_standard pm25_standard pm100_standard pm10_env pm25_env pm100_env particles_03um particles_05um particles_10um particles_25um particles_50um particles_100um
1661324586.1048684 20.74765625 58.61565517587646 980.091474735544 1 2 2 1 2 2 300 94 18 2 0 0 
1661324591.2305448 20.74765625 58.40315113985672 980.094469135065 1 2 2 1 2 2 300 94 18 2 0 0 
1661324596.3625467 20.742578125 58.468417723835806 980.0692178779647 1 3 3 1 3 3 321 101 22 2 0 0 
1661324601.494537 20.74765625 58.379756887793434 980.102513773744 0 0 0 0 0 0 231 69 8 2 0 0 
1661324606.622388 20.7578125 58.39194452793933 980.1135527559583 0 0 0 0 0 0 231 69 10 2 0 0 
1661324611.753879 20.762890625 58.28027463759073 980.0987743233962 0 0 0 0 0 0 231 69 10 2 0 0 
1661324616.885845 20.778125 58.35773200221325 980.0817581287816 0 0 0 0 0 0 231 69 10 2 0 0 
1661324622.019988 20.773046875 58.15679897547888 980.0965364949114 0 0 0 0 0 0 231 69 10 2 0 0 
1661324627.1500552 20.778125 58.16308438354208 980.1238459535768 0 1 1 0 1 1 231 69 10 2 0 0 
1661324632.2794704 20.778125 58.41632117116314 980.1094403041611 0 1 1 0 1 1 231 69 10 2 0 0 
1661324637.4126801 20.778125 58.21617120981594 980.1019602792237 0 1 1 0 1 1 216 69 6 2 0 0 
1661324642.5461264 20.778125 58.322342360159325 980.0985932534501 0 1 1 0 1 1 216 69 6 2 0 0 
1661324647.679669 20.778125 58.35773200221325 980.0927960598447 0 1 1 0 1 1 216 69 6 2 0 0 
1661324652.8089316 20.76796875 58.263164183119784 980.0707201416756 0 1 1 0 1 1 243 71 6 2 0 0 
1661324657.9432864 20.783203125 58.334138948699184 980.0686634005076 0 0 0 0 0 0 243 71 6 2 0 0 
1661324663.0735478 20.778125 58.18097374829359 980.0854983840443 0 0 0 0 0 0 243 71 6 2 0 0 
1661324668.20729 20.778125 58.19296475294336 980.1184223427266 0 0 0 0 0 0 270 78 6 2 0 0 
1661324673.3384523 20.783203125 58.26964653743454 980.083068286751 0 0 0 0 0 0 270 78 6 2 0 0 
1661324678.4728768 20.783203125 58.48749085155936 980.083068286751 0 0 0 0 0 0 270 78 6 2 0 0 
1661324683.6017497 20.783203125 58.25195089547764 980.094479599593 1 2 2 1 2 2 255 74 18 2 0 0 
1661324688.7302592 20.778125 58.03940392622955 980.0611824580446 1 2 2 1 2 2 255 74 18 2 0 0 
1661324693.8618731 20.7984375 58.31113113103976 980.0634283395696 1 2 2 1 2 2 264 70 16 0 0 0 
1661324698.9934225 20.803515625 58.09307120060482 980.0903653986076 1 2 2 1 2 2 264 70 16 0 0 0 
1661324704.123248 20.7984375 58.06909050174942 980.0853146986728 1 2 2 1 2 2 264 70 16 0 0 0 
1661324709.2554026 20.7984375 58.29343550338964 980.0903653986076 1 1 1 1 1 1 279 75 16 0 0 0 
1661324714.3876486 20.7984375 58.24624670988408 980.0806376963416 1 1 1 1 1 1 279 75 16 0 0 0 
1661324719.5208251 20.7984375 58.30542764351477 980.0499598167704 1 1 1 1 1 1 279 75 16 0 0 0 
1661324724.652311 20.81875 58.16443838736465 980.0686663919424 1 1 1 1 1 1 258 70 14 0 0 0 
1661324729.78518 20.80859375 58.016575384912876 980.0905534594602 1 1 1 1 1 1 258 70 14 0 0 0 
1661324734.9170735 20.80859375 58.11705276886329 980.0613708181643 1 1 1 1 1 1 258 70 14 0 0 0 
1661324740.0441287 20.81875 57.887171482382186 980.0901793085816 1 1 1 1 1 1 258 70 19 0 0 0 
1661324745.1772304 20.81875 58.31210658377163 980.0662339808378 1 1 1 1 1 1 258 70 19 0 0 0 
1661324750.3089256 20.82890625 58.22913321902868 980.0656733962544 1 1 1 1 1 1 258 70 19 0 0 0 
1661324755.4431276 20.813671875 58.0643452257478 980.0551974331964 1 1 1 1 1 1 252 70 19 0 0 0 
1661324760.5720818 20.823828125 58.01125114254456 980.0834447707947 1 1 1 1 1 1 252 70 19 0 0 0 
1661324765.7008069 20.82890625 57.999452344098984 980.0649247976561 1 2 2 1 2 2 357 107 12 0 0 0 
1661324770.8351684 20.81875 58.25292303618729 980.0797031603586 1 2 2 1 2 2 357 107 12 0 0 0 
1661324775.9633822 20.823828125 58.18822817569517 980.1028349843785 1 2 2 1 2 2 357 107 12 0 0 0 
1661324781.0934863 20.82890625 57.92294976510946 980.0834447707947 1 2 2 1 2 2 420 121 16 0 0 0 
1661324786.2261324 20.81875 58.07595142131408 980.0649247976561 1 2 2 1 2 2 420 121 16 0 0 0 
1661324791.3573563 20.823828125 58.14693436369837 980.0969138474886 1 2 2 1 2 2 420 121 16 0 0 0 
1661324796.4907303 20.82890625 58.14103520650272 980.0999069380409 1 2 2 1 2 2 411 121 16 0 0 0 
1661324801.6223454 20.833984375 58.00516018006951 980.0699756985813 1 2 2 1 2 2 411 121 16 0 0 0 
1661324806.7575662 20.813671875 58.07614379761477 980.0999069380409 1 2 2 1 2 2 411 121 16 0 0 0 
1661324811.8912182 20.81875 58.10544733413404 980.0763358650584 1 2 2 1 2 2 390 109 12 0 0 0 
1661324817.022915 20.81875 58.099740817760406 980.1019647524039 1 2 2 1 2 2 390 109 12 0 0 0 
1661324822.1529179 20.823828125 58.04074795842552 980.0884956740298 1 2 2 1 2 2 390 109 12 0 0 0 
1661324827.2885163 20.81875 57.964055701585615 980.0783938681896 1 2 2 1 2 2 378 104 14 0 0 0 
1661324832.420795 20.82890625 58.09403414569478 980.0565066308478 1 2 2 1 2 2 378 104 14 0 0 0 
1661324837.5525193 20.82890625 58.0702445168308 980.0964747071481 1 2 2 1 2 2 378 104 14 0 0 0 
1661324842.6869254 20.82890625 58.017533900182656 980.1095696903066 1 2 2 1 2 2 363 99 14 0 0 0 
1661324847.818511 20.8390625 57.99393576468076 980.0847541038341 1 1 1 1 1 1 285 81 4 0 0 0 
1661324852.952052 20.823828125 58.10602544063611 980.0594993927575 1 1 1 1 1 1 285 79 6 0 0 0 
1661324858.0835123 20.82890625 58.17072433218933 980.0813868081138 1 1 1 1 1 1 285 79 6 0 0 0 
1661324863.216327 20.82890625 57.92923070323681 980.0994676318348 1 1 1 1 1 1 285 79 6 0 0 0 
1661324868.349163 20.823828125 58.02362514644506 980.0994676318348 0 1 1 0 1 1 258 70 6 0 0 0 
1661324873.483751 20.833984375 58.123723470640314 980.1028349843785 0 1 1 0 1 1 258 70 6 0 0 0 
1661324878.61783 20.82890625 57.8519638876077 980.0944166035439 0 0 0 0 0 0 258 70 6 0 0 0 
1661324883.7522936 20.833984375 57.86433299402038 980.0876819001364 0 0 0 0 0 0 291 81 6 0 0 0 
1661324888.886526 20.8390625 57.89992221249476 980.0742124966815 0 0 0 0 0 0 291 81 6 0 0 0 
1661324894.019779 20.844140625 58.124109225167764 980.0758961718684 0 0 0 0 0 0 291 81 6 0 0 0 
1661324899.1537948 20.844140625 58.11211754226423 980.1075115712462 1 1 1 1 1 1 270 81 6 0 0 0 
1661324904.2864892 20.8390625 58.00021824091979 980.0654193404861 1 1 1 1 1 1 270 81 6 0 0 0 
1661324909.4202557 20.8390625 57.94122093763938 980.0873072950204 1 1 1 1 1 1 270 81 6 0 0 0 
1661324914.5542088 20.833984375 57.87042281410658 980.0899251883509 1 1 1 1 1 1 279 86 8 0 0 0 
1661324919.6883755 20.82890625 58.117824137605076 980.1054533153754 1 1 1 1 1 1 279 86 8 0 0 0 
1661324924.8226497 20.8390625 57.86452290352903 980.0852488773473 1 1 1 1 1 1 279 86 8 0 0 0 
1661324929.956506 20.854296875 58.16540521051983 980.0869325801312 0 0 0 0 0 0 243 73 10 2 0 0 
1661324935.0904832 20.864453125 58.03086704888267 980.0730880267262 0 0 0 0 0 0 243 73 10 2 0 0 
1661324940.2235177 20.84921875 58.00688390875616 980.1106889861654 0 1 1 0 1 1 258 80 12 2 0 0 
1661324945.3579066 20.84921875 58.01868376382195 980.0525082365027 0 1 1 0 1 1 258 80 12 2 0 0 
1661324950.4915714 20.864453125 57.87784998669384 980.0745792818271 0 1 1 0 1 1 258 80 12 2 0 0 
1661324955.6254802 20.874609375 57.8953610896795 980.1032036151946 0 0 0 0 0 0 237 73 8 2 0 0 
1661324960.7586033 20.874609375 57.75983919891496 980.127710024987 0 0 0 0 0 0 237 73 8 2 0 0 
1661324965.8924701 20.8796875 57.70673300002027 980.0927254913839 0 0 0 0 0 0 237 73 8 2 0 0 
1661324971.0257726 20.884765625 57.81922364454142 980.1104964116977 0 1 1 0 1 1 189 57 12 2 0 0 
1661324976.1602943 20.884765625 57.73680150761266 980.0641009347454 0 1 1 0 1 1 189 57 12 2 0 0 
1661324981.29371 20.88984375 57.80761139335327 980.0889823429283 0 1 1 0 1 1 189 57 12 2 0 0 
1661324986.4270854 20.8796875 57.748037893495905 980.0721442318472 0 2 2 0 2 2 225 69 14 4 0 0 
1661324991.561056 20.874609375 57.78400826294769 980.085614720152 0 2 2 0 2 2 225 69 14 4 0 0 
1661324996.6949787 20.86953125 57.85424815879794 980.1234090391666 0 2 2 0 2 2 225 69 14 4 0 0 
1661325001.8283443 20.864453125 57.79485755652633 980.1106889861654 0 2 2 0 2 2 225 69 14 4 0 0 
1661325006.9621322 20.86953125 57.788957108038936 980.1123727442842 0 2 2 0 2 2 225 69 14 4 0 0 
1661325012.0955205 20.86953125 57.723675026076904 980.0848740391282 1 1 1 1 1 1 306 90 10 0 0 0 
1661325017.2296765 20.859375 57.84796112935035 980.1022701966228 1 1 1 1 1 1 306 90 10 0 0 0 
1661325022.3624918 20.854296875 57.82398088631745 980.0777641722667 1 1 1 1 1 1 306 90 10 0 0 0 
1661325027.4956965 20.84921875 57.71149789856813 980.1127476814343 1 1 1 1 1 1 279 88 12 0 0 0 
1661325032.6291895 20.844140625 57.735475870030726 980.1037696118212 1 1 1 1 1 1 279 88 12 0 0 0 
1661325037.7602644 20.844140625 57.81161253759463 980.1249086278408 1 1 1 1 1 1 279 88 12 0 0 0 
1661325042.8926744 20.84921875 58.018108880368345 980.0873072950204 1 1 1 1 1 1 300 95 8 0 0 0 
1661325048.02641 20.8390625 57.77640077562659 980.0570008995849 1 1 1 1 1 1 300 95 8 0 0 0 
1661325053.1603434 20.844140625 57.87023283726601 980.0772051606883 1 1 1 1 1 1 300 95 8 0 0 0 
1661325058.2937603 20.844140625 57.781923073946245 980.1071370189993 1 1 2 1 1 2 306 95 10 2 2 0 
1661325063.4272604 20.80859375 57.841112787649344 980.080572538519 1 1 2 1 1 2 306 95 10 2 2 0 
1661325068.560707 20.8390625 57.923902679195756 980.0936673919671 1 1 2 1 1 2 306 95 10 2 2 0 
1661325073.6941118 20.833984375 57.87632271438416 980.0940420526422 1 2 3 1 2 3 339 106 10 2 2 0 
1661325078.8277469 20.82890625 57.7937231732006 980.0556920742472 1 2 3 1 2 3 339 106 10 2 2 0 
1661325083.9612622 20.82890625 57.828933718252166 980.0796380855642 1 2 3 1 2 3 339 106 10 2 2 0 
1661325089.0947454 20.82890625 57.72863375664389 980.0826308733158 1 2 3 1 2 3 360 113 12 2 2 0 
1661325094.2281485 20.82890625 57.89973189899811 980.0679176280328 1 2 2 1 2 2 297 87 15 0 0 0 
1661325099.3635008 20.82890625 57.728257002779834 980.0742124966815 1 2 2 1 2 2 297 87 15 0 0 0 
1661325104.4966602 20.82890625 57.769745258412065 980.0704704058669 1 2 2 1 2 2 297 87 15 0 0 0 
1661325109.6300256 20.833984375 58.00554330612501 980.0762707620875 1 1 1 1 1 1 306 90 10 0 0 0 
1661325114.76285 20.81875 57.964055701585615 980.0750266001362 1 1 1 1 1 1 306 90 10 0 0 0 
1661325119.8963118 20.80859375 57.96938164218909 980.0748394533098 1 1 1 1 1 1 306 90 10 0 0 0 
1661325125.0291758 20.803515625 58.01676710946287 980.0697887146051 1 2 2 1 2 2 327 97 14 0 0 0 
1661325130.163122 20.813671875 57.768989779270385 980.0984095755944 0 1 1 0 1 1 327 97 14 0 0 0 
1661325135.2970777 20.813671875 57.860722671176724 980.0320000162163 0 1 1 0 1 1 327 97 14 0 0 0 
1661325140.4304886 20.813671875 57.8926904045425 980.0984095755944 0 1 1 0 1 1 348 104 14 0 0 0 
1661325145.5644083 20.823828125 58.0643452257478 980.0939207016668 1 2 2 1 2 2 348 104 14 0 0 0 
1661325150.6981406 20.823828125 57.86357324850275 980.0851284051364 1 2 2 1 2 2 348 104 14 0 0 0 
1661325155.8316855 20.82890625 57.95834724415559 980.0914886961149 1 2 2 1 2 2 327 100 16 0 0 0 
1661325160.964649 20.823828125 57.88165223760583 980.0699756985813 1 2 2 1 2 2 327 100 16 0 0 0 
1661325166.0984275 20.81875 57.77507840387723 980.0619319120093 1 2 2 1 2 2 327 100 16 0 0 0 
1661325171.232194 20.823828125 57.816565700240275 980.0733429662145 None None None None None None None None None None None None 
1661325176.3655615 20.81875 57.78078911169793 980.0652991518358 1 2 2 1 2 2 348 98 18 0 0 0 
1661325181.500105 20.81875 57.92846799516773 980.0965396410605 1 2 2 1 2 2 348 98 18 0 0 0 
1661325186.634007 20.80859375 57.69819291962657 980.0748394533098 1 2 2 1 2 2 348 98 18 0 0 0 
1661325191.767016 20.80859375 57.65061907877571 980.0883080929353 1 2 2 1 2 2 363 105 20 0 0 0 
1661325196.899674 20.813671875 57.83978515592234 980.0619319120093 1 2 2 1 2 2 363 105 20 0 0 0 
1661325202.0325887 20.81875 58.01715052631881 980.0437865185813 1 2 2 1 2 2 363 105 20 0 0 0 
1661325207.1653407 20.823828125 57.733968487852515 980.0679176280328 1 2 2 1 2 2 363 105 22 0 0 0 
1661325212.2998464 20.80859375 57.8519638876077 980.0282595291453 1 2 2 1 2 2 363 105 22 0 0 0 
1661325217.4329321 20.82890625 57.72788020592154 980.0535138136682 1 2 2 1 2 2 363 105 22 0 0 0 
1661325222.566763 20.813671875 57.75719040564863 980.0619319120093 1 2 2 1 2 2 369 107 18 0 0 0 
1661325227.7023833 20.7984375 57.89858979230522 980.0183462915219 1 2 2 1 2 2 369 107 18 0 0 0 
1661325232.834245 20.78828125 57.791831674449476 980.0190943591655 1 2 2 1 2 2 369 107 18 0 0 0 
1661325237.9686909 20.78828125 57.945211709309646 980.0422898999444 1 2 2 1 2 2 321 100 16 0 0 0 
1661325243.1002598 20.78828125 57.83902627275742 980.0725935883248 1 2 2 1 2 2 321 100 16 0 0 0 
1661325248.2336085 20.778125 57.96842555128851 980.0359295934675 0 1 1 0 1 1 321 100 16 0 0 0 
1661325253.3655975 20.78828125 57.95700988519659 980.0228352475639 1 2 2 1 2 2 291 83 15 2 0 0 
1661325258.497105 20.793359375 57.832937303681426 980.0204039168854 1 2 2 1 2 2 291 83 15 2 0 0 
1661325263.6292577 20.793359375 57.850824819358316 980.0402324498631 1 1 1 1 1 1 270 78 10 0 0 0 
1661325268.7631495 20.803515625 57.880511213890564 980.0553844125676 1 1 1 1 1 1 270 78 10 0 0 0 
1661325273.8974085 20.78828125 57.7975417589534 980.0392966411678 1 1 1 1 1 1 270 78 10 0 0 0 
1661325279.0307992 20.783203125 57.97432446853524 980.063239499731 1 1 1 1 1 1 255 75 10 0 0 0 
1661325284.163153 20.778125 57.9033462721575 980.0320000162163 1 1 1 1 1 1 255 75 10 0 0 0 
1661325289.295611 20.773046875 57.920852408278215 980.0639862041534 1 1 1 1 1 1 255 75 10 0 0 0 
1661325294.4304318 20.7578125 58.00324390490916 980.0647324696318 1 1 1 1 1 1 276 78 14 0 0 0 
1661325299.5617273 20.7578125 58.038251479461536 980.0613655555031 1 1 1 1 1 1 276 78 14 0 0 0 
1661325304.693445 20.7578125 57.99696199177106 980.0677263332741 1 1 1 1 1 1 276 78 14 0 0 0 
1661325309.8259704 20.74765625 57.89021538793017 980.0776349619151 1 1 1 1 1 1 309 87 14 0 0 0 
1661325314.9578485 20.74765625 57.99029709396271 980.0793183789152 1 1 1 1 1 1 309 87 14 0 0 0 
1661325320.091641 20.74765625 57.81334420320543 980.0628568781344 1 1 1 1 1 1 309 87 14 0 0 0 
1661325325.2256184 20.732421875 57.94272839594918 980.0804356413764 1 1 1 1 1 1 282 76 12 0 0 0 
1661325330.3581598 20.7220703125 57.90714817746168 980.0475129630282 1 1 1 1 1 1 282 76 12 0 0 0 
1661325335.4891255 20.7169921875 57.959849082309965 980.0761298869396 1 2 2 1 2 2 306 93 16 2 0 0 
1661325340.6212423 20.6916015625 57.988955552990724 980.0564779023479 1 2 2 1 2 2 306 93 16 2 0 0 
1661325345.753803 20.6916015625 58.01254668656661 980.079672184321 1 2 2 1 2 2 306 93 16 2 0 0 
1661325350.8852057 20.6814453125 58.16529642249994 980.0080351272258 1 1 1 1 1 1 258 77 14 2 0 0 
1661325356.0194647 20.6662109375 58.22387996898142 980.0693747800018 1 1 1 1 1 1 258 77 14 2 0 0 
1661325361.1491935 20.6712890625 58.05266861560545 980.0293488021093 1 1 1 1 1 1 258 77 14 2 0 0 
1661325366.2842972 20.6712890625 57.95241329666576 980.025610910358 1 1 1 1 1 1 243 72 14 2 0 0 
1661325371.4170077 20.6662109375 58.14702384577277 980.0377648601501 1 1 1 1 1 1 243 72 14 2 0 0 
1661325376.5495684 20.6509765625 58.12855888683402 980.059447155851 1 1 1 1 1 1 243 72 14 2 0 0 
1661325381.6811502 20.6458984375 58.15214632907678 980.0443600953623 1 1 1 1 1 1 231 68 12 2 0 0 
1661325386.8149793 20.6458984375 58.24059777102141 980.0695461075841 1 1 1 1 1 1 231 68 12 2 0 0 
1661325391.9473078 20.6560546875 58.24059777102141 980.0755373592517 1 1 1 1 1 1 231 68 12 2 0 0 
1661325397.0805583 20.6458984375 58.069204065821985 980.0409938081116 0 0 0 0 0 0 195 59 10 2 0 0 
1661325402.2120104 20.6560546875 58.31784045844878 980.0519727590689 0 0 0 0 0 0 195 59 10 2 0 0 
1661325407.3450117 20.6458984375 58.27027609069954 980.0392492599412 0 0 0 0 0 0 195 59 10 2 0 0 
1661325412.4764485 20.6357421875 58.17573360666374 980.0476650486792 0 1 1 0 1 1 204 62 12 2 0 0 
1661325417.6071494 20.6357421875 58.32275907671226 980.0299532868306 0 1 1 0 1 1 315 81 19 0 0 0 
1661325422.7392473 20.6306640625 58.17515171265472 980.0484675666308 0 1 1 0 1 1 279 69 10 0 0 0 
1661325427.873543 20.6154296875 58.2103367185049 980.0589366143226 0 1 1 0 1 1 279 69 10 0 0 0 
1661325433.0059738 20.5951171875 58.04407633016226 980.0658358074678 0 1 1 0 1 1 279 69 10 0 0 0 
1661325438.1377716 20.5900390625 58.23826072869408 980.0585294447701 0 0 0 0 0 0 231 58 8 0 0 0 
1661325443.2697122 20.6052734375 58.091246816737105 980.0577903433161 0 0 0 0 0 0 231 58 8 0 0 0 
1661325448.4027226 20.5951171875 58.13310115833795 980.0385372657653 0 0 0 0 0 0 231 58 8 0 0 0 
1661325453.5334134 20.6205078125 58.22841524889968 980.0778208454371 0 0 0 0 0 0 189 44 4 0 0 0 
1661325458.66568 20.6154296875 58.29269091602595 980.0475252221062 0 0 0 0 0 0 189 44 4 0 0 0 
1661325463.7986484 20.6154296875 58.027541272367074 980.0656690292727 0 0 0 0 0 0 189 44 4 0 0 0 
1661325468.9303527 20.6306640625 58.29308159176287 980.0464138993495 0 0 0 0 0 0 174 46 8 0 0 0 
1661325474.063171 20.6357421875 58.027541272367074 980.026587055049 0 0 0 0 0 0 174 46 8 0 0 0 
1661325479.1975193 20.6205078125 58.3341602733317 980.0740845495343 0 0 0 0 0 0 174 46 8 0 0 0 
1661325484.328425 20.6052734375 58.35106485218064 980.031805072411 0 1 1 0 1 1 216 55 10 0 0 0 
1661325489.4616365 20.6001953125 58.3274809635031 980.0738812992391 0 1 1 0 1 1 216 55 10 0 0 0 
1661325494.594574 20.5900390625 58.20858672419171 980.0349675210824 0 1 1 0 1 1 216 55 10 0 0 0 
1661325499.7249343 20.5798828125 58.53893711773923 980.0242952480173 0 0 0 0 0 0 267 78 14 0 0 0 
1661325504.8554258 20.5646484375 58.4729023546757 980.0287687695645 1 1 1 1 1 1 267 78 14 0 0 0 
1661325509.98572 20.5544921875 58.47309992425566 980.0455978970285 1 1 1 1 1 1 246 71 16 0 0 0 
1661325515.1162555 20.52890625 58.377400857164346 980.040341205913 1 1 1 1 1 1 246 71 16 0 0 0 
1661325520.2506154 20.51875 58.382902394081526 980.0091042425805 1 1 1 1 1 1 246 71 16 0 0 0 
1661325525.3838415 20.503515625 58.57172563271832 980.070422097609 1 1 1 1 1 1 219 67 18 0 0 0 
1661325530.516957 20.4984375 58.55894334610702 980.0328215856606 1 1 1 1 1 1 219 67 18 0 0 0 
1661325535.6500647 20.493359375 58.47602175969336 980.0563802790656 1 1 1 1 1 1 219 67 18 0 0 0 
1661325540.781754 20.478125 58.529068308818395 980.0271937072221 1 1 1 1 1 1 192 58 16 0 0 0 
1661325545.914432 20.46796875 58.68780250494244 980.0615825284929 1 1 1 1 1 1 192 58 16 0 0 0 
1661325551.0461533 20.462890625 58.53436687149596 980.0404417509649 1 1 1 1 1 1 192 58 16 0 0 0 
1661325556.1804495 20.478125 58.617277959220246 980.0666306188629 1 1 1 1 1 1 186 58 16 0 0 0 
1661325561.3111086 20.46796875 58.640653355963224 980.0690471285046 1 1 1 1 1 1 186 58 16 0 0 0 
1661325566.4410334 20.473046875 58.59350354887517 980.0825084896336 1 1 1 1 1 1 186 58 16 0 0 0 
1661325571.571527 20.478125 58.652440704905736 980.0767268014908 0 1 1 0 1 1 171 53 12 0 0 0 
1661325576.7018094 20.478125 58.53456536454953 980.0814079314238 0 1 1 0 1 1 171 53 12 0 0 0 
1661325581.8323326 20.473046875 58.69349579211986 980.0585841777224 0 1 1 0 1 1 222 69 10 0 0 0 
1661325586.9653778 20.46796875 58.80506769958031 980.084924290533 0 1 1 0 1 1 222 69 10 0 0 0 
1661325592.0930696 20.452734375 58.61648019658842 980.0933375083441 0 1 1 0 1 1 222 69 10 0 0 0 
1661325597.222743 20.44765625 58.73414780633875 980.0832416471806 0 1 1 0 1 1 228 69 10 0 0 0 
1661325602.3561103 20.432421875 58.78678377878816 980.0887127202825 0 1 1 0 1 1 228 69 10 0 0 0 
1661325607.4873576 20.422265625 58.732942699723495 980.0931760011458 0 1 1 0 1 1 228 69 10 0 0 0 
1661325612.6205726 20.4171875 58.962552411761074 980.0774477202864 0 1 1 0 1 1 234 71 12 0 0 0 
1661325617.7521691 20.401953125 58.838203820627875 980.0478937055461 0 1 1 0 1 1 234 71 12 0 0 0 
1661325622.879251 20.401953125 58.96742672268159 980.0798613256993 0 1 1 0 1 1 234 71 12 0 0 0 
1661325628.0060406 20.381640625 59.00826245472588 980.0772269992088 0 1 1 0 1 1 240 73 10 0 0 0 
1661325633.1394248 20.381640625 58.87884244583961 980.07517921705 0 1 1 0 1 1 240 73 10 0 0 0 
1661325638.2697206 20.381640625 58.94324835183229 980.0459906607622 0 1 1 0 1 1 240 73 10 0 0 0 
1661325643.3995245 20.391796875 58.990790855782144 980.074592343212 1 1 1 1 1 1 261 80 14 0 0 0 
1661325648.531277 20.3765625 59.084855321635835 980.0560853699081 1 1 1 1 1 1 261 80 14 0 0 0 
1661325653.66443 20.36640625 59.0373124970286 980.0682275753238 1 1 1 1 1 1 261 80 14 0 0 0 
1661325658.7992363 20.36640625 58.919477644494556 980.0403563432477 1 1 1 1 1 1 261 80 14 0 0 0 
1661325663.9335556 20.36640625 59.14884024094807 980.0652276572451 1 2 3 1 2 3 282 88 19 2 2 0 
1661325669.066516 20.361328125 58.91886816368419 980.0726868389547 1 1 4 1 1 4 261 81 21 4 4 0 
1661325674.200482 20.351171875 59.1543198103641 980.0515450642237 1 1 4 1 1 4 261 81 21 4 4 0 
1661325679.331132 20.361328125 58.931058030656814 980.0848281092274 1 1 4 1 1 4 261 81 21 4 4 0 
1661325684.466602 20.351171875 58.94832625293933 979.9748023765886 1 1 4 1 1 4 282 81 21 4 4 0 
1661325689.596631 20.351171875 59.02491608253262 980.1050167354172 1 1 4 1 1 4 282 81 21 4 4 0 
1661325694.7288475 20.341015625 59.00683326777491 980.0889214596683 1 1 4 1 1 4 282 81 21 4 4 0 
1661325699.863528 20.351171875 59.05375902659545 980.0825562076596 0 1 3 0 1 3 228 67 14 4 4 0 
1661325704.9953623 20.341015625 58.936136270071025 980.0745086252168 0 1 3 0 1 3 228 67 14 4 4 0 
1661325710.1290889 20.3255859375 59.00622059788648 980.0655066454569 0 1 3 0 1 3 228 67 14 4 4 0 
1661325715.2624202 20.3154296875 59.22377274418723 980.107563900553 1 1 3 1 1 3 276 76 10 4 4 0 
1661325720.3957162 20.3103515625 59.18760325770308 980.1213855656616 1 1 3 1 1 3 276 76 10 4 4 0 
1661325725.5252373 20.3001953125 59.05842109249666 980.0867846503882 1 1 3 1 1 3 276 76 10 4 4 0 
1661325730.6547096 20.2951171875 59.122388667042486 980.0878741927688 0 1 3 0 1 3 228 60 10 4 4 0 
1661325735.7888436 20.2900390625 59.19896308475087 980.0831905689386 0 1 3 0 1 3 228 60 10 4 4 0 
1661325740.9194453 20.2798828125 59.20485335265349 980.0966481319978 0 1 3 0 1 3 228 60 10 4 4 0 
1661325746.0523643 20.2798828125 59.27491345582871 980.0861919839404 1 1 1 1 1 1 333 89 8 0 0 0 
1661325751.1842642 20.2697265625 59.2397806888426 980.0620480672324 1 1 1 1 1 1 333 89 8 0 0 0 
1661325756.3174062 20.2798828125 59.35169009919912 980.0818712803708 1 1 1 1 1 1 360 93 8 0 0 0 
1661325761.4489367 20.2646484375 59.26271890184397 980.061454162735 1 1 1 1 1 1 360 93 8 0 0 0 
1661325766.5833192 20.2595703125 59.268816122072344 980.0379044003935 1 1 1 1 1 1 360 93 8 0 0 0 
1661325771.7138233 20.2544921875 59.40975225576697 980.0800103956608 1 1 1 1 1 1 339 82 6 0 0 0 
1661325776.8461697 20.2595703125 59.19793022014871 980.0765933029018 1 1 1 1 1 1 339 82 6 0 0 0 
1661325781.9751444 20.2341796875 59.30332393517658 980.0648184156163 1 1 1 1 1 1 339 82 6 0 0 0 
1661325787.1056716 20.2494140625 59.403444799457624 980.0786905712646 1 1 1 1 1 1 345 84 4 0 0 0 
1661325792.2394826 20.2544921875 59.403444799457624 980.0745486396431 1 1 1 1 1 1 345 84 4 0 0 0 
1661325797.3702624 20.2595703125 59.34475884143878 980.0698647954622 1 1 1 1 1 1 345 84 4 0 0 0 
1661325802.503531 20.2544921875 59.291544814788445 980.0648713810041 1 2 2 1 2 2 381 95 8 0 0 0 
1661325807.6326914 20.2443359375 59.30394741570703 980.0880057657231 1 2 2 1 2 2 381 95 8 0 0 0 
1661325812.763053 20.2291015625 59.426583685683205 980.0454110467259 0 1 1 0 1 1 381 95 8 0 0 0 
1661325817.895154 20.2291015625 59.32604951851826 980.0706423218678 0 0 0 0 0 0 366 88 6 0 0 0 
1661325823.0279858 20.2341796875 59.373371795618084 980.0794148200773 0 0 0 0 0 0 366 88 6 0 0 0 
1661325828.1610386 20.2291015625 59.432263530451756 980.0814588390888 1 1 1 1 1 1 285 77 8 0 0 0 
1661325833.2951815 20.2341796875 59.33803626166908 980.0592299571207 1 1 1 1 1 1 285 77 8 0 0 0 
1661325838.4289124 20.2291015625 59.33824453512504 980.0743686033949 1 1 1 1 1 1 285 77 8 0 0 0 
1661325843.5631933 20.2189453125 59.45581993677342 980.0844610373888 1 1 1 1 1 1 270 74 8 0 0 0 
1661325848.69619 20.2341796875 59.34371719153445 980.0595920799223 1 1 1 1 1 1 270 74 8 0 0 0 
1661325853.828951 20.2240234375 59.33173052545196 980.0889105315282 1 1 1 1 1 1 270 74 8 0 0 0 
1661325858.9625587 20.2087890625 59.30166084761119 980.072451914264 0 1 1 0 1 1 264 71 8 0 0 0 
1661325864.0960653 20.2087890625 59.46066042103639 980.0728135043424 0 1 1 0 1 1 264 71 8 0 0 0 
1661325869.230711 20.2087890625 59.337203060387296 980.1030895918065 0 0 0 0 0 0 264 71 8 0 0 0 
1661325874.3650177 20.1986328125 59.53132449477738 980.0638058376061 0 0 0 0 0 0 273 74 8 0 0 0 
1661325879.4998477 20.2087890625 59.59630988333651 980.082905530982 0 0 0 0 0 0 273 74 8 0 0 0 
1661325884.6303277 20.2087890625 59.37232824904939 980.0644034840645 0 0 0 0 0 0 273 74 8 0 0 0 
1661325889.7620835 20.1986328125 59.466549150336824 980.0748569756751 0 0 0 0 0 0 285 78 8 0 0 0 
1661325894.8966393 20.1986328125 59.40766139515229 980.0785822878216 0 0 0 0 0 0 285 78 8 0 0 0 
1661325900.0308344 20.1986328125 59.531113937040594 980.0823074365907 1 1 1 1 1 1 285 78 8 0 0 0 
1661325905.1648421 20.1935546875 59.43058834553994 980.0785822878216 0 1 1 0 1 1 234 64 10 0 0 0 
1661325910.2988665 20.1986328125 59.53658119359452 980.0469862095016 1 2 2 1 2 2 348 95 12 2 0 0 
1661325915.433152 20.1884765625 59.383270436668816 980.0776226702692 1 2 2 1 2 2 381 106 12 0 0 0 
1661325920.5671244 20.2037109375 59.55487885736293 980.0752183332836 1 2 2 1 2 2 381 106 12 0 0 0 
1661325925.700203 20.1630859375 59.41062026500554 980.0638058376061 1 2 2 1 2 2 381 106 12 0 0 0 
1661325930.834027 20.2087890625 59.24318470753838 980.0462631430263 1 2 2 1 2 2 396 108 12 0 0 0 
1661325935.967029 20.2087890625 59.49641291885197 980.0670441210426 1 2 2 1 2 2 396 108 12 0 0 0 
1661325941.1002896 20.2189453125 59.50251191023945 980.0666822713828 1 2 2 1 2 2 396 108 12 0 0 0 
1661325946.2341902 20.2138671875 59.17251298002044 980.0532259162412 1 2 2 1 2 2 390 106 14 0 0 0 
1661325951.3682628 20.2087890625 59.57317754270283 980.0535878743051 1 2 2 1 2 2 390 106 14 0 0 0 
1661325956.5028467 20.1986328125 59.4837952266174 980.0499886831548 1 2 2 1 2 2 390 106 14 0 0 0 
1661325961.636604 20.1986328125 59.37211950749844 980.0513091120265 1 1 1 1 1 1 321 88 12 0 0 0 
1661325966.769817 20.1986328125 59.43037889907059 980.0496271222898 1 1 1 1 1 1 321 88 12 0 0 0 
1661325971.9027112 20.1935546875 59.42469975641671 980.0503501345635 1 1 1 1 1 1 321 88 12 0 0 0 
1661325977.035515 20.1884765625 59.600930157711964 980.0419403224327 1 1 1 1 1 1 279 79 12 0 0 0 
1661325982.170157 20.1986328125 59.407033927427236 980.0060219648975 1 1 1 1 1 1 279 79 12 0 0 0 
1661325987.305052 20.1884765625 59.277273993148754 980.0288461447658 1 1 1 1 1 1 279 79 12 0 0 0 
1661325992.439068 20.1884765625 59.63625888269606 980.0591212226443 1 2 2 1 2 2 309 95 17 4 0 0 
1661325997.5730336 20.1783203125 59.44783474400605 980.0134721867969 1 2 2 1 2 2 309 95 17 4 0 0 
1661326002.7072837 20.1732421875 59.4535134204908 980.0248843202362 1 1 1 1 1 1 273 81 10 2 0 0 
1661326007.840859 20.1732421875 59.42407158657285 980.0736596607837 1 1 1 1 1 1 273 81 10 2 0 0 
1661326012.973857 20.1986328125 59.38306151759677 980.0241617499628 1 1 1 1 1 1 273 81 10 2 0 0 
1661326018.1077554 20.1833984375 59.4005179345919 980.0275256188671 1 1 1 1 1 1 258 79 14 2 0 0 
1661326023.2413743 20.1986328125 59.43689591962866 980.0335305120483 1 1 1 1 1 1 258 79 14 2 0 0 
1661326028.3755205 20.1935546875 59.400936187092434 980.0221183527559 1 1 1 1 1 1 258 79 14 2 0 0 
1661326033.508956 20.1884765625 59.412294781120885 980.0624851215838 1 1 1 1 1 1 258 77 16 2 0 0 
1661326038.6434746 20.1783203125 59.653923106549975 980.0245230898229 1 1 1 1 1 1 258 77 16 2 0 0 
1661326043.776337 20.1681640625 59.46487030682065 980.0151540800742 1 1 1 1 1 1 258 77 16 2 0 0 
1661326048.9101243 20.1681640625 59.34731307993685 980.0346146160725 0 2 2 0 2 2 243 75 21 2 0 0 
1661326054.0441692 20.1783203125 59.37107563855748 980.0191159471302 0 2 2 0 2 2 243 75 21 2 0 0 
1661326059.1787708 20.1884765625 59.41271330269287 979.9968891426741 0 2 2 0 2 2 243 75 21 2 0 0 
1661326064.3127358 20.1935546875 59.38999486831886 980.0415788032718 1 1 1 1 1 1 237 73 19 0 0 0 
1661326069.446822 20.1935546875 59.34204999290661 980.0200748190665 1 1 1 1 1 1 237 73 19 0 0 0 
1661326074.580937 20.1986328125 59.52480437479675 980.0200748190665 0 1 1 0 1 1 339 108 21 0 0 0 
1661326079.710314 20.1833984375 59.589153833894684 980.0460269028365 0 1 1 0 1 1 339 108 21 0 0 0 
1661326084.844251 20.1884765625 59.33678639527161 980.031848550181 0 1 1 0 1 1 339 108 21 0 0 0 
1661326089.9773748 20.1935546875 59.37738183265482 980.037617227257 0 0 0 0 0 0 303 91 14 0 0 0 
1661326095.1113575 20.1783203125 59.441527104491755 980.047708838162 0 0 0 0 0 0 303 91 14 0 0 0 
1661326100.2454777 20.1732421875 59.394629495923525 980.026566227553 0 0 0 0 0 0 303 91 14 0 0 0 
1661326105.3794703 20.1783203125 59.659599069438 980.0618862973411 0 1 1 0 1 1 303 94 14 2 0 0 
1661326110.5128593 20.1681640625 59.5470930595654 980.0736596607837 0 1 1 0 1 1 303 94 14 2 0 0 
1661326115.6468103 20.1630859375 59.47075848772723 980.0596047014151 0 1 1 0 1 1 303 94 14 2 0 0 
1661326120.7798047 20.1681640625 59.541205079415285 980.0141942901162 1 2 2 1 2 2 309 96 14 2 0 0 
1661326125.9138224 20.1783203125 59.36476966028495 980.03665767292 1 2 2 1 2 2 309 96 14 2 0 0 
1661326131.0484507 20.1681640625 59.247000394322576 980.0527546445576 1 2 2 1 2 2 309 96 14 2 0 0 
1661326136.182422 20.1681640625 59.47075848772723 980.0272883329496 1 2 2 1 2 2 309 94 12 2 0 0 
1661326141.316784 20.1681640625 59.523962219483295 980.048431029027 1 2 2 1 2 2 309 94 12 2 0 0 
1661326146.450387 20.1681640625 59.49431110866573 980.0652501151183 1 2 2 1 2 2 309 94 12 2 0 0 
1661326151.5845766 20.1681640625 59.40598793297177 980.053837644736 1 2 2 1 2 2 288 87 14 2 0 0 
1661326156.718696 20.1681640625 59.68272616135457 980.023924572587 0 2 2 0 2 2 249 74 14 2 0 0 
1661326161.8502755 20.1783203125 59.253303887106036 980.0544365801625 1 2 2 1 2 2 255 79 12 2 0 0 
1661326166.9836314 20.1783203125 59.37675524500828 980.0329326948563 1 2 2 1 2 2 255 79 12 2 0 0 
1661326172.1181903 20.1630859375 59.335744544430746 980.0188789325672 0 1 1 0 1 1 255 79 12 2 0 0 
1661326177.2519367 20.1732421875 59.6005073097626 980.0289702132355 0 1 1 0 1 1 282 86 12 2 0 0 
1661326182.3856978 20.1681640625 59.45877227911621 980.0504738550372 0 1 1 0 1 1 282 86 12 2 0 0 
1661326187.519074 20.1681640625 59.56475693840446 980.0138332931762 0 1 1 0 1 1 282 86 12 2 0 0 
1661326192.652993 20.1783203125 59.3121902762945 980.0188789325672 0 1 1 0 1 1 303 93 14 2 0 0 
1661326197.7874863 20.1783203125 59.55929093833853 980.0450672126472 0 1 1 0 1 1 303 93 14 2 0 0 
1661326202.9219496 20.1681640625 59.458982115645284 980.0373796157139 0 1 1 0 1 1 303 93 14 2 0 0 
1661326208.0565088 20.1681640625 59.617959673037234 980.0827904192753 1 2 2 1 2 2 339 100 21 2 0 0 
1661326213.1902928 20.1783203125 59.358672601562276 980.0316119499222 1 2 2 1 2 2 339 100 21 2 0 0 
1661326218.3246045 20.1783203125 59.429750495188664 980.0417033965468 1 2 2 1 2 2 339 100 21 2 0 0 
1661326223.458467 20.1833984375 59.559712844635364 980.0991270793671 1 2 2 1 2 2 324 95 21 2 0 0 
1661326228.5923693 20.1935546875 59.63079426510209 980.0718543790246 1 2 2 1 2 2 324 95 21 2 0 0 
1661326233.7249277 20.1833984375 59.53615986837708 980.0282481349395 1 2 2 1 2 2 324 95 21 2 0 0 
1661326238.8596275 20.1783203125 59.63604706053784 980.0783445922174 0 0 0 0 0 0 327 90 14 0 0 0 
1661326243.9932659 20.1833984375 59.51239631813259 980.0779836859673 0 0 0 0 0 0 327 90 14 0 0 0 
1661326249.1251326 20.1783203125 59.42365275294865 980.0383395807257 0 1 1 0 1 1 381 106 16 0 0 0 
1661326254.2601223 20.1732421875 59.53594918965016 980.0602043885573 0 1 1 0 1 1 381 106 16 0 0 0 
1661326259.394482 20.1986328125 59.36560459381765 980.1021299774147 1 2 2 1 2 2 381 106 16 0 0 0 
1661326264.529566 20.1833984375 59.418183188981494 980.105854938434 1 2 2 1 2 2 387 111 16 0 0 0 
1661326269.6648064 20.1884765625 59.58347686265714 980.1230353502801 1 2 2 1 2 2 387 111 16 0 0 0 
1661326274.796888 20.1986328125 59.37170199215929 980.0722156542784 0 1 1 0 1 1 387 111 16 0 0 0 
1661326279.9294224 20.1986328125 59.34204999290661 980.0954020647051 0 1 1 0 1 1 396 114 14 0 0 0 
1661326285.0597384 20.1986328125 59.40766139515229 980.1064536029221 0 1 1 0 1 1 396 114 14 0 0 0 
1661326290.1916373 20.2037109375 59.360550451516396 980.0718543790246 0 1 1 0 1 1 396 114 14 0 0 0 
1661326295.32103 20.2087890625 59.47832657812569 980.0909541140795 0 1 1 0 1 1 381 107 14 0 0 0 
1661326300.4548979 20.2087890625 59.431216620474146 980.1229124791289 0 1 1 0 1 1 381 107 14 0 0 0 
1661326305.5863175 20.2087890625 59.38222573385131 980.0731749849604 0 1 1 0 1 1 381 107 14 0 0 0 
1661326310.7203724 20.2087890625 59.33110577794717 980.0933588781487 2 2 2 2 2 2 474 138 18 0 0 0 
1661326315.8502629 20.1935546875 59.4133410044583 980.0987660209203 2 2 2 2 2 2 474 138 18 0 0 0 
1661326320.9805977 20.2037109375 59.37821713240989 980.0933588781487 1 2 2 1 2 2 309 94 21 0 0 0 
1661326326.1099286 20.2087890625 59.40177256314515 980.0929975601364 1 2 2 1 2 2 309 94 21 0 0 0 
1661326331.2439795 20.2189453125 59.39020380093102 980.1044102647102 1 2 2 1 2 2 309 94 21 0 0 0 
1661326336.3792398 20.2138671875 59.32542500506428 980.1225511861023 1 2 2 1 2 2 336 103 19 0 0 0 
1661326341.5143676 20.2037109375 59.502301721056924 980.0755795814363 1 2 2 1 2 2 336 103 19 0 0 0 
1661326346.6464841 20.2189453125 59.52585682716533 980.1191871193872 1 2 2 1 2 2 336 103 19 0 0 0 
1661326351.7774854 20.2189453125 59.22593095858545 980.1221897836107 1 2 2 1 2 2 387 119 21 0 0 0 
1661326356.908484 20.2240234375 59.355704074866914 980.1033256100641 1 2 2 1 2 2 387 119 21 0 0 0 
1661326362.041672 20.2240234375 59.320160273636304 980.1042840465138 1 2 2 1 2 2 387 119 21 0 0 0 
1661326367.176542 20.2443359375 59.308797638001366 980.0962355468943 1 2 2 1 2 2 333 103 19 0 0 0 
1661326372.3111687 20.2443359375 59.30332393517658 980.1039220706292 1 2 2 1 2 2 333 103 19 0 0 0 
1661326377.4437435 20.2443359375 59.35591255013423 980.0934673023298 1 2 2 1 2 2 333 103 19 0 0 0 
1661326382.5751104 20.2544921875 59.2149795306912 980.1347435842697 2 2 2 2 2 2 354 108 19 0 0 0 
1661326387.7067776 20.2646484375 59.27449852859974 980.0994183121926 2 2 2 2 2 2 354 108 19 0 0 0 
1661326392.8411655 20.2646484375 59.26840130789873 980.1081914632285 2 2 2 2 2 2 354 108 19 0 0 0 
1661326397.9754894 20.2595703125 59.23874536213054 980.1233307429617 1 2 2 1 2 2 327 97 19 0 0 0 
1661326403.1104875 20.2646484375 59.2982653969115 980.0994183121926 0 0 0 0 0 0 225 66 10 0 0 0 
1661326408.2463486 20.2646484375 59.39250135044854 980.0866860661573 0 0 0 0 0 0 219 64 12 0 0 0 
1661326413.380292 20.2595703125 59.10348438995349 980.1014628962753 0 0 0 0 0 0 219 64 12 0 0 0 
1661326418.5143394 20.2697265625 59.30457079952489 980.0943718472688 0 0 0 0 0 0 219 64 12 0 0 0 
1661326423.6482437 20.2798828125 59.257450842316366 980.1091487732243 0 1 1 0 1 1 225 67 14 0 0 0 
1661326428.781279 20.2849609375 59.30457079952489 980.0966481319978 0 1 1 0 1 1 225 67 14 0 0 0 
1661326433.9146504 20.2849609375 59.352106711023836 980.1097429138978 0 1 1 0 1 1 225 67 14 0 0 0 
1661326439.0488727 20.2900390625 59.198756533322495 980.1080607041608 0 1 1 0 1 1 219 67 14 0 0 0 
1661326444.1821008 20.2900390625 59.358421428278575 980.1174281993783 0 1 1 0 1 1 219 67 14 0 0 0 
1661326449.3158638 20.2951171875 59.01677644591449 980.1241571488298 0 1 1 0 1 1 219 67 14 0 0 0 
1661326454.4501295 20.3001953125 59.293413755336566 980.152029563349 0 1 1 0 1 1 198 60 16 0 0 0 
1661326459.584263 20.3103515625 58.94039966291863 980.1183842614728 0 1 1 0 1 1 198 60 16 0 0 0 
1661326464.717504 20.3255859375 59.14130280258215 980.1341172313835 0 1 1 0 1 1 198 60 16 0 0 0 
1661326469.8506114 20.3255859375 59.10047772986878 980.107563900553 0 1 1 0 1 1 207 63 14 0 0 0 
1661326474.984721 20.3357421875 59.17685351657542 980.091331932738 0 1 1 0 1 1 207 63 14 0 0 0 
1661326480.1180704 20.341015625 58.982859868740015 980.1023803269762 0 1 1 0 1 1 207 63 14 0 0 0 
1661326485.2509947 20.341015625 58.87701824260803 980.1562158409437 2 2 2 2 2 2 396 123 14 0 0 0 
1661326490.3847373 20.341015625 59.183569287492986 980.1272517916229 2 2 2 2 2 2 396 123 14 0 0 0 
1661326495.5185337 20.351171875 59.06595117668912 980.1672650628675 2 2 2 2 2 2 369 111 21 0 0 0 
1661326500.6515613 20.3765625 58.9785993963192 980.0925110986562 2 2 2 2 2 2 369 111 21 0 0 0 
1661326505.7842977 20.391796875 58.977987929141705 980.1172415695696 2 2 2 2 2 2 369 111 21 0 0 0 
1661326510.9185946 20.396875 58.70836802327558 980.0987341290779 2 2 2 2 2 2 381 108 23 0 0 0 
1661326516.052328 20.40703125 58.92069631596 980.1050989383846 2 2 2 2 2 2 381 108 23 0 0 0 
1661326521.1864846 20.412109375 58.66182761924292 980.1275584653521 2 2 2 2 2 2 381 108 23 0 0 0 
1661326526.3204007 20.401953125 58.8621781026648 980.1413840635595 2 2 2 2 2 2 375 103 21 0 0 0 
1661326531.454452 20.412109375 58.87396305513477 980.107367874348 2 2 2 2 2 2 375 103 21 0 0 0 
1661326536.5876815 20.42734375 58.67401371300251 980.1120499826072 2 2 2 2 2 2 375 103 21 0 0 0 
1661326541.7206922 20.422265625 58.68579959259142 980.0881282753369 1 2 2 1 2 2 375 100 21 0 0 0 
1661326546.853856 20.4375 58.85099981282545 980.1230967063967 1 2 2 1 2 2 375 100 21 0 0 0 
1661326551.9870067 20.442578125 58.72155846063243 980.0961752723929 1 2 2 1 2 2 375 100 21 0 0 0 
1661326557.120784 20.42734375 58.840022623919246 980.1051160162165 2 2 2 2 2 2 384 103 21 0 0 0 
1661326562.255155 20.44765625 58.55105459682674 980.0601082602668 2 2 2 2 2 2 384 103 21 0 0 0 
1661326567.3894837 20.462890625 58.745934287862184 980.0899722210099 0 0 1 0 0 1 276 78 12 2 0 0 
1661326572.5238094 20.452734375 58.46894109883946 980.1043832110129 0 0 1 0 0 1 276 78 12 2 0 0 
1661326577.6575685 20.462890625 58.64025393624671 980.0795098095997 0 0 1 0 0 1 276 78 12 2 0 0 
1661326582.7918944 20.473046875 58.616679653366894 980.1060658823776 1 1 1 1 1 1 285 78 10 0 0 0 
1661326587.9262142 20.462890625 58.71117632057813 980.0606337800716 1 1 1 1 1 1 285 78 10 0 0 0 
1661326593.0605214 20.46796875 58.76441846841088 980.0572684411877 1 1 1 1 1 1 285 78 10 0 0 0 
1661326598.1947303 20.478125 58.611583507381816 980.1016004693706 1 1 1 1 1 1 291 80 10 0 0 0 
1661326603.328233 20.483203125 58.611583507381816 980.0810408595066 1 1 1 1 1 1 291 80 10 0 0 0 
1661326608.461368 20.493359375 58.74124617574602 980.055799997957 1 1 1 1 1 1 291 80 10 0 0 0 
1661326613.5951374 20.493359375 58.65914156885242 980.0920856507189 0 1 1 0 1 1 285 71 8 0 0 0 
1661326618.7289078 20.503515625 58.641459745506396 980.1081787261693 0 0 0 0 0 0 285 71 8 0 0 0 
1661326623.8620315 20.503515625 58.536160552907155 980.1023954164281 0 0 0 0 0 0 285 71 8 0 0 0 
1661326628.996342 20.513671875 58.53596214624418 980.1285853613106 0 0 0 0 0 0 312 76 10 0 0 0 
1661326634.1308517 20.50859375 58.54794935407183 980.1168055170369 0 0 0 0 0 0 312 76 10 0 0 0 
1661326639.2646472 20.51875 58.38899378045549 980.1117570133976 0 0 0 0 0 0 312 76 10 0 0 0 
1661326644.3984594 20.523828125 58.44224328986886 980.1076556061914 0 0 0 0 0 0 285 71 10 0 0 0 
1661326649.5322852 20.5341796875 58.242402198125085 980.0958755780646 1 2 2 1 2 2 285 90 17 2 0 0 
1661326654.666661 20.5341796875 58.525362909668644 980.0854102039906 1 2 2 1 2 2 273 86 13 0 0 0 
1661326659.8000057 20.5443359375 58.43124243638052 980.1028169827255 1 2 2 1 2 2 273 86 13 0 0 0 
1661326664.9345694 20.5494140625 58.33141789321753 980.0914050606209 1 2 2 1 2 2 273 86 13 0 0 0 
1661326670.0694356 20.5494140625 58.296045852046646 980.0994511519169 1 2 2 1 2 2 273 86 15 0 0 0 
1661326675.2031438 20.5494140625 58.34340458009069 980.106182813814 1 2 2 1 2 2 273 86 15 0 0 0 
1661326680.3329334 20.5595703125 58.54364236346957 980.0973996966952 1 2 2 1 2 2 273 86 15 0 0 0 
1661326685.4676125 20.5595703125 58.396659051954245 980.136684706628 1 2 2 1 2 2 273 91 15 0 0 0 
1661326690.5970793 20.5646484375 58.314123412604154 980.0979763886336 1 2 2 1 2 2 273 91 15 0 0 0 
1661326695.730995 20.5697265625 58.37936594481098 980.1080742071516 1 2 2 1 2 2 273 91 15 0 0 0 
1661326700.8629103 20.5748046875 58.23826072869408 980.1026563733209 1 1 1 1 1 1 252 84 10 0 0 0 
1661326705.9965127 20.5798828125 58.25594831585557 980.1136992704612 1 1 1 1 1 1 252 84 10 0 0 0 
1661326711.1254995 20.6001953125 58.320997764968915 980.0837743782214 1 1 1 1 1 1 252 84 10 0 0 0 
1661326716.2578745 20.5900390625 58.20917015235895 980.1095947682948 1 2 2 1 2 2 282 94 14 0 0 0 
1661326721.3901966 20.6001953125 58.22057304893921 980.1267943099904 1 2 2 1 2 2 282 94 14 0 0 0 
1661326726.522131 20.6001953125 58.15020899897932 980.1142745181289 1 2 2 1 2 2 282 94 14 0 0 0 
1661326731.6533957 20.6103515625 58.10932218895483 980.0994965423681 1 2 2 1 2 2 273 84 14 0 0 0 
1661326736.7872608 20.6255859375 58.17515171265472 980.1245777078336 1 2 2 1 2 2 273 84 14 0 0 0 
1661326741.9199631 20.6205078125 58.080419016952604 980.0912855741933 1 2 2 1 2 2 294 94 14 0 0 0 
1661326747.0537064 20.6306640625 57.98626351272801 980.1402993996545 1 2 2 1 2 2 294 94 14 0 0 0 
1661326752.1856785 20.6357421875 57.98607167013824 980.107746648071 1 2 2 1 2 2 294 94 14 0 0 0 
1661326757.3184395 20.6255859375 58.1985437623266 980.0909155953045 1 2 2 1 2 2 294 94 14 0 0 0 
1661326762.4508996 20.6306640625 58.17495772648949 980.0976480155716 1 2 2 1 2 2 294 94 14 0 0 0 
1661326767.5857484 20.6103515625 57.9331913665947 980.1474018380516 1 2 2 1 2 2 294 94 14 0 0 0 
1661326772.7196443 20.6255859375 58.01593984667676 980.1157922918117 1 2 2 1 2 2 306 98 16 0 0 0 
1661326777.8502715 20.6255859375 58.16355233913705 980.1376728515975 1 2 2 1 2 2 306 98 16 0 0 0 
1661326782.9848604 20.6255859375 57.87422133778141 980.11074293354 1 2 2 1 2 2 306 98 16 0 0 0 
1661326788.1160812 20.6205078125 57.85653012848159 980.0955948625036 1 2 2 1 2 2 273 91 18 2 0 0 
1661326793.2500193 20.6357421875 58.210725487905144 980.0817596492451 1 2 2 1 2 2 273 91 18 2 0 0 
1661326798.3808763 20.6306640625 57.939279606103746 980.1066364599808 1 2 2 1 2 2 273 91 18 2 0 0 
1661326803.5131814 20.6408203125 58.04600154231998 980.1217847793706 1 2 2 1 2 2 252 84 14 2 0 0 
1661326808.6449862 20.6458984375 58.09926742049212 980.0846945399063 1 2 2 1 2 2 252 84 14 2 0 0 
1661326813.7798753 20.6458984375 58.034015133103956 980.086377699403 0 0 2 0 0 2 297 90 12 2 2 2 
1661326818.912198 20.6509765625 58.05798816892031 980.1100027526888 0 0 2 0 0 2 297 90 12 2 2 2 
1661326824.0460982 20.6509765625 58.03439979875808 980.1209834126175 0 0 2 0 0 2 291 90 12 2 2 2 
1661326829.1758065 20.6560546875 57.84568690971547 980.061191535814 0 0 2 0 0 2 291 90 12 2 2 2 
1661326834.3066258 20.6662109375 58.0463864557753 980.1226666007586 0 0 2 0 0 2 291 90 12 2 2 2 
1661326839.4383907 20.6611328125 57.916837407638305 980.0923692249214 0 0 0 0 0 0 276 88 12 0 0 0 
1661326844.5686717 20.6662109375 57.869847859483855 980.1421241251825 0 0 0 0 0 0 276 88 12 0 0 0 
1661326849.7023036 20.6662109375 58.0585658946804 980.0933108870896 0 0 0 0 0 0 276 88 12 0 0 0 
1661326854.8344886 20.6865234375 57.893819516688815 980.0850934486288 0 0 0 0 0 0 270 86 12 0 0 0 
1661326859.968217 20.6814453125 57.953185957599516 980.1022973070304 0 0 0 0 0 0 270 86 12 0 0 0 
1661326865.0995233 20.6814453125 57.80592907916428 980.1116545429045 0 0 0 0 0 0 270 86 12 0 0 0 
1661326870.2327092 20.6814453125 57.72906474490826 980.117075553698 1 1 1 1 1 1 255 83 12 0 0 0 
1661326875.3648202 20.6763671875 57.75779153964488 980.0993018889152 1 1 1 1 1 1 255 83 12 0 0 0 
1661326880.4979212 20.6763671875 57.95850215992485 980.1353912612573 1 1 1 1 1 1 255 83 12 0 0 0 
1661326885.6326263 20.6763671875 57.74047592200253 980.1191298622298 1 1 1 1 1 1 243 79 12 0 0 0 
1661326890.7670712 20.6662109375 57.89420813210581 980.1034101729015 None None None None None None None None None None None None 
1661326895.9012592 20.6865234375 57.776052823389264 980.1174466063948 1 2 2 1 2 2 273 85 14 0 0 0 
1661326901.036476 20.6763671875 57.73476678159274 980.1097722401176 0 1 1 0 1 1 273 85 14 0 0 0 
1661326906.170465 20.6814453125 57.89401016379498 980.0985595950528 0 0 0 0 0 0 261 85 14 0 0 0 
1661326911.3038707 20.6763671875 57.6462949937431 980.0921977772695 0 0 0 0 0 0 261 85 14 0 0 0 
1661326916.4369223 20.6966796875 57.80573946394919 980.117075553698 1 1 1 1 1 1 261 85 14 0 0 0 
1661326921.570262 20.6865234375 57.65828653724531 980.1355915208101 1 1 1 1 1 1 240 78 14 0 0 0 
1661326926.6991887 20.6865234375 57.85882094275107 980.0834101806406 1 1 1 1 1 1 240 78 14 0 0 0 
1661326931.8329582 20.6865234375 57.711370331946476 980.1187588230855 1 1 1 1 1 1 240 78 14 0 0 0 
1661326936.966507 20.6763671875 57.68187943781913 980.105292669944 0 1 1 0 1 1 246 80 19 0 0 0 
1661326942.10031 20.6865234375 57.923498855606375 980.1039805622354 0 1 1 0 1 1 246 80 19 0 0 0 
1661326947.2342541 20.6865234375 57.78214742797777 980.120442092543 0 1 1 0 1 1 246 80 19 0 0 0 
1661326952.3681843 20.7119140625 57.72392124312802 980.1054903058113 0 1 1 0 1 1 240 76 17 0 0 0 
1661326957.5016687 20.732421875 57.748081432568085 980.0925913842383 0 1 1 0 1 1 240 76 17 0 0 0 
1661326962.6362784 20.72734375 57.61259908562911 980.0774411172561 0 1 1 0 1 1 240 76 17 0 0 0 
1661326967.7713506 20.7220703125 57.82457212491957 980.0740743920298 0 1 1 0 1 1 225 71 19 0 0 0 
1661326972.9065819 20.72734375 57.77776332063785 980.1483385361759 2 3 3 2 3 3 426 130 28 0 0 0 
1661326978.0427094 20.72734375 57.530013941460844 980.0733297711188 2 3 3 2 3 3 384 116 21 0 0 0 
1661326983.176411 20.7375 57.748459155069376 980.1116755882462 2 3 3 2 3 3 384 116 21 0 0 0 
1661326988.3099253 20.732421875 57.695182212021436 980.072018760371 2 3 3 2 3 3 384 116 21 0 0 0 
1661326993.4435403 20.7375 57.53057300202916 980.1601224772223 0 2 2 0 2 2 390 116 25 0 0 0 
1661326998.57697 20.742578125 57.58900353604796 980.0871691474405 0 2 2 0 2 2 390 116 25 0 0 0 
1661327003.71087 20.7375 57.789749784377015 980.1217760183763 0 2 2 0 2 2 390 116 25 0 0 0 
1661327008.8437717 20.7375 57.75454675974808 980.1277652551365 1 3 3 1 3 3 390 116 23 0 0 0 
1661327013.9772122 20.762890625 57.40134234411297 980.0946618754718 1 3 3 1 3 3 390 116 23 0 0 0 
1661327019.1107035 20.7578125 57.50200667748957 980.079137565153 1 3 3 1 3 3 390 116 23 0 0 0 
1661327024.244596 20.783203125 57.57870062271601 980.1060733320404 1 3 3 1 3 3 384 109 23 0 0 0 
1661327029.377275 20.778125 57.73817112243292 980.0976559029633 0 2 2 0 2 2 384 109 23 0 0 0 
1661327034.510072 20.76796875 57.58460008488755 980.0623027199478 0 2 2 0 2 2 384 109 23 0 0 0 
1661327039.6440263 20.762890625 57.61980934250765 980.0849339602829 0 1 1 0 1 1 390 106 23 0 0 0 
1661327044.7775846 20.773046875 57.3661287236888 980.0795106307809 1 2 2 1 2 2 390 106 23 0 0 0 
1661327049.9109783 20.74765625 57.44853914678841 980.0718392126586 1 2 2 1 2 2 390 106 23 0 0 0 
1661327055.0449471 20.752734375 57.49002163693579 980.0705285865864 0 0 0 0 0 0 207 54 4 2 2 0 
1661327060.1783612 20.7578125 57.530945655329894 980.0903570993661 0 0 0 0 0 0 207 54 4 2 2 0 
1661327065.3117497 20.76796875 57.478408190410214 980.0815670444745 0 1 2 0 1 2 198 54 8 4 2 0 
1661327070.4451654 20.762890625 57.578326956402414 980.0765166712868 0 1 2 0 1 2 198 54 8 4 2 0 
1661327075.5787706 20.7578125 57.34824515344438 980.1186031337653 0 1 2 0 1 2 198 54 8 4 2 0 
1661327080.7121902 20.7578125 57.590125601076885 980.106818919862 0 1 2 0 1 2 240 64 8 4 2 0 
1661327085.8455594 20.752734375 57.40134234411297 980.0836233214017 0 1 2 0 1 2 240 64 8 4 2 0 
1661327090.9780564 20.7578125 57.38327410882162 980.0718392126586 0 1 2 0 1 2 240 64 8 4 2 0 
1661327096.1114478 20.74765625 57.572427618620885 980.0907297544833 0 1 2 0 1 2 240 64 8 4 2 0 
1661327101.244696 20.7578125 57.49554938405542 980.1055081038803 0 1 2 0 1 2 240 64 8 4 2 0 
1661327106.3781433 20.7578125 57.59031257429408 980.1148635438786 0 1 2 0 1 2 240 64 8 4 2 0 
1661327111.5121238 20.773046875 57.55510267106323 980.1038246586544 0 1 2 0 1 2 252 68 10 4 2 0 
1661327116.6460512 20.773046875 57.36059760898599 980.0989663759134 0 1 2 0 1 2 252 68 10 4 2 0 
1661327121.7795167 20.778125 57.46126559510311 980.0892384756361 0 1 2 0 1 2 252 68 10 4 2 0 
1661327126.9129727 20.773046875 57.484307827625045 980.1023333745807 0 1 2 0 1 2 258 71 10 4 2 0 
1661327132.0469303 20.762890625 57.40171196962085 980.0757705955522 0 1 2 0 1 2 258 71 10 4 2 0 
1661327137.1804104 20.76796875 57.60248549602673 980.0841880200796 0 0 0 0 0 0 231 71 10 0 0 0 
1661327142.314289 20.773046875 57.63731976792709 980.0899843345205 0 0 0 0 0 0 231 71 10 0 0 0 
1661327147.4477084 20.762890625 57.37792824439209 980.1360033766514 0 0 0 0 0 0 231 71 10 0 0 0 
1661327152.5811243 20.76796875 57.60192420456659 980.1245916821692 0 1 1 0 1 1 222 68 12 0 0 0 
1661327157.7146842 20.778125 57.71438564760514 980.1457316397589 0 1 1 0 1 1 222 68 12 0 0 0 
1661327162.8471081 20.76796875 57.37866633180143 980.1047627084153 0 1 1 0 1 1 222 68 12 0 0 0 
1661327167.980465 20.778125 57.413881353378585 980.0955993775262 1 1 1 1 1 1 258 80 10 0 0 0 
1661327173.113251 20.773046875 57.402081552131925 980.1356305523587 1 1 1 1 1 1 258 80 10 0 0 0 
1661327178.2465749 20.773046875 57.49610707116472 980.1221624397449 1 1 1 1 1 1 258 80 10 0 0 0 
1661327183.3800101 20.78828125 57.50846426796378 980.1167388155517 0 1 1 0 1 1 264 80 12 0 0 0 
1661327188.513532 20.783203125 57.508650244614465 980.1479798634041 0 0 0 0 0 0 264 80 12 0 0 0 
1661327193.646028 20.78828125 57.57963460039498 980.0927960598447 0 0 0 0 0 0 264 80 12 0 0 0 
1661327198.7794864 20.78828125 57.502750379201466 980.1244100921924 0 0 0 0 0 0 279 82 10 0 0 0 
1661327203.9135263 20.783203125 57.53187710047498 980.0800746166999 0 0 0 0 0 0 279 82 10 0 0 0 
1661327209.0474398 20.783203125 57.48486501391243 980.0834416409336 0 1 1 0 1 1 279 82 10 0 0 0 
1661327214.1806748 20.78828125 57.38438177303341 980.1187954122915 0 1 1 0 1 1 267 79 8 0 0 0 
1661327219.314483 20.78828125 57.390650979808655 980.1045808395528 1 1 3 1 1 3 378 103 16 4 2 0 
1661327224.4480484 20.783203125 57.60267257168248 980.0931694424513 1 2 3 1 2 3 405 112 16 4 2 0 
1661327229.5818913 20.7984375 57.361150520006596 980.0838148853757 1 2 3 1 2 3 405 112 16 4 2 0 
1661327234.7135873 20.78828125 57.2490464249038 980.0995302192579 1 2 3 1 2 3 405 112 16 4 2 0 
1661327239.846167 20.78828125 57.44946582391421 980.118049163419 1 2 4 1 2 4 411 114 18 4 2 0 
1661327244.9792426 20.773046875 57.520263833205206 980.0703468985463 1 2 4 1 2 4 411 114 18 4 2 0 
1661327250.1113484 20.778125 57.313214167948914 980.0821313867772 1 2 4 1 2 4 411 114 18 4 2 0 
1661327255.243642 20.778125 57.44909518531122 980.1086943316109 1 2 4 1 2 4 405 112 16 4 2 0 
1661327260.3760064 20.773046875 57.41369643279745 980.0770808914011 1 2 4 1 2 4 405 112 16 4 2 0 
1661327265.5094647 20.783203125 57.62645806685089 980.0686634005076 1 2 4 1 2 4 405 112 16 4 2 0 
1661327270.6433945 20.7984375 57.28463152627969 980.0813847610458 1 2 4 1 2 4 447 126 16 4 2 0 
1661327275.776253 20.7984375 57.49113638134493 980.0911125201663 1 2 4 1 2 4 447 126 16 4 2 0 
1661327280.9083495 20.7984375 57.09563479697728 980.0911125201663 0 1 3 0 1 3 447 126 16 4 2 0 
1661327286.0408542 20.793359375 57.308049043613494 980.0927960598447 0 0 1 0 0 1 321 90 14 2 0 0 
1661327291.1733897 20.783203125 57.42015118217047 980.0817581287816 0 0 1 0 0 1 321 90 14 2 0 0 
1661327296.3038013 20.783203125 57.260847031026614 980.0430373686078 0 0 1 0 0 1 321 90 14 2 0 0 
1661327301.434183 20.778125 57.361150520006596 980.0733405690723 1 2 3 1 2 3 330 91 22 2 2 0 
1661327306.5646129 20.762890625 57.40761174069233 980.0677263332741 1 2 3 1 2 3 330 91 22 2 2 0 
1661327311.6951196 20.773046875 57.372397419689065 980.0939158784375 1 2 3 1 2 3 303 91 22 4 2 0 
1661327316.8269103 20.778125 57.402451091646206 980.0767075927463 1 2 3 1 2 3 303 91 22 4 2 0 
1661327321.9558454 20.78828125 57.39655104087623 980.0742771272332 1 2 3 1 2 3 303 91 22 4 2 0 
1661327327.0862758 20.78828125 57.20184358850815 980.0583776429947 1 2 3 1 2 3 345 102 26 4 2 0 
1661327332.2166133 20.813671875 57.355803009374064 980.114124160787 1 2 3 1 2 3 345 102 26 4 2 0 
1661327337.3471055 20.80859375 57.16680513682148 980.0469666548095 1 2 3 1 2 3 345 102 26 4 2 0 
1661327342.47752 20.813671875 57.28518168151942 980.0551974331964 1 2 4 1 2 4 366 109 28 4 2 0 
1661327347.6079204 20.80859375 57.19077202740368 980.0727819029806 1 2 4 1 2 4 366 109 28 4 2 0 
1661327352.7408545 20.793359375 57.17878847336529 980.0600612084497 1 2 4 1 2 4 366 109 28 4 2 0 
1661327357.8711982 20.813671875 57.35598719194906 980.0875602857581 1 2 3 1 2 3 339 100 24 4 2 0 
1661327363.0039496 20.80859375 57.23171102848469 980.1027127546524 1 2 3 1 2 3 339 100 24 4 2 0 
1661327368.1355443 20.80859375 57.42679121938684 980.0735297346088 1 2 3 1 2 3 339 100 24 4 2 0 
1661327373.267419 20.80859375 57.078657138871854 980.0959783233327 1 2 3 1 2 3 345 98 20 4 2 0 
1661327378.4000876 20.80859375 57.1845068672157 980.0933588339499 1 2 3 1 2 3 345 98 20 4 2 0 
1661327383.5337963 20.803515625 57.34418637652967 980.0798901926443 0 0 0 0 0 0 276 81 18 0 0 0 
1661327388.6675014 20.7984375 57.219910049955935 980.0920489653925 0 0 0 0 0 0 276 81 18 0 0 0 
1661327393.801491 20.793359375 57.21400954524444 980.064549507845 0 0 0 0 0 0 276 81 18 0 0 0 
1661327398.9340014 20.793359375 57.22544508908685 980.0797012354108 0 0 0 0 0 0 282 83 18 0 0 0 
1661327404.0670145 20.78828125 57.32556573961507 980.0868086654473 0 0 0 0 0 0 282 83 18 0 0 0 
1661327409.1986463 20.778125 57.289981386009806 980.0817581287816 1 1 1 1 1 1 282 83 18 0 0 0 
1661327414.3326676 20.76796875 57.20129613325772 980.1010228743842 1 1 1 1 1 1 276 83 18 0 0 0 
1661327419.465228 20.762890625 57.3836433732225 980.106818919862 1 1 1 1 1 1 276 83 18 0 0 0 
1661327424.5992005 20.752734375 57.38917364137955 980.0933512510288 1 1 1 1 1 1 276 83 18 0 0 0 
1661327429.732002 20.74765625 57.4715803575777 980.1193480929226 1 1 1 1 1 1 282 85 16 0 0 0 
1661327434.8660676 20.732421875 57.312111224119654 980.1099921834693 1 1 1 1 1 1 282 85 16 0 0 0 
1661327439.9999664 20.732421875 57.435813735529166 980.1170979256495 1 1 1 1 1 1 282 85 16 0 0 0 
1661327445.133477 20.72734375 57.53572650488044 980.0854857708196 1 2 2 1 2 2 267 85 20 2 0 0 
1661327450.267178 20.732421875 57.50623170973358 980.0905359008924 1 2 2 1 2 2 267 85 20 2 0 0 
1661327455.4004571 20.7169921875 57.38253545102892 980.1127917490328 1 2 2 1 2 2 267 85 20 2 0 0 
1661327460.533795 20.7169921875 57.44705590443309 980.0798685807152 1 2 2 1 2 2 261 85 18 2 0 0 
1661327465.6666696 20.7220703125 57.55304993738949 980.1006361629277 1 1 1 1 1 1 240 74 8 2 0 0 
1661327470.799288 20.7169921875 57.458853924570064 980.0909080209605 1 2 2 1 2 2 255 77 12 4 0 0 
1661327475.9331832 20.7169921875 57.434887194432974 980.0680852328987 1 2 2 1 2 2 255 77 12 4 0 0 
1661327481.0671778 20.7169921875 57.49387574227991 980.0970736909654 1 2 2 1 2 2 255 77 12 4 0 0 
1661327486.2010007 20.7169921875 57.48853470911099 980.0819237886519 1 2 2 1 2 2 276 81 10 4 0 0 
1661327491.3321898 20.7169921875 57.36428409974635 980.0806122426243 1 2 2 1 2 2 276 81 10 4 0 0 
1661327496.4619002 20.7017578125 57.434887194432974 980.0944502711725 1 2 2 1 2 2 276 81 10 4 0 0 
1661327501.5889475 20.6966796875 57.36391504596645 980.0721957007914 1 2 2 1 2 2 291 86 12 4 0 0 
1661327506.7206783 20.6966796875 57.67635748499299 980.0987570137946 1 2 2 1 2 2 291 86 12 4 0 0 
1661327511.8522155 20.6916015625 57.35230149808376 980.0877170895382 1 2 2 1 2 2 291 86 12 4 0 0 
1661327516.9854047 20.6966796875 57.34603377140254 980.1176450474732 1 2 2 1 2 2 303 90 14 4 0 0 
1661327522.1188061 20.6814453125 57.48076958268921 980.0993018889152 1 2 2 1 2 2 303 90 14 4 0 0 
1661327527.2529516 20.6662109375 57.480211685723596 980.1245505189477 1 2 2 1 2 2 303 90 14 4 0 0 
1661327532.3861766 20.6662109375 57.485923773922636 980.085636477814 1 2 2 1 2 2 324 97 14 4 0 0 
1661327537.520288 20.6560546875 57.421414995627764 980.078903731826 1 2 2 1 2 2 324 97 14 4 0 0 
1661327542.6545444 20.6611328125 57.59798525028578 980.1058347224948 1 2 2 1 2 2 324 97 14 4 0 0 
1661327547.7882276 20.6509765625 57.468229516991755 980.0658090714732 1 3 4 1 3 4 384 115 25 2 0 0 
1661327552.9213269 20.6509765625 57.69234992778586 980.10115570404 1 3 4 1 3 4 384 115 25 2 0 0 
1661327558.0556593 20.6306640625 57.66248506725092 980.0645578247439 1 3 4 1 3 4 390 117 27 2 0 0 
1661327563.1898904 20.6763671875 57.72278198258837 980.054596981479 1 3 4 1 3 4 390 117 27 2 0 0 
1661327568.3243237 20.6763671875 57.498464586029755 980.086207050152 1 3 4 1 3 4 390 117 27 2 0 0 
1661327573.4581265 20.6712890625 57.586751046179714 980.090885682403 1 2 3 1 2 3 348 105 24 2 0 0 
1661327578.5918834 20.6611328125 57.39819167566535 980.0818993022608 1 2 3 1 2 3 348 105 24 2 0 0 
1661327583.725415 20.6662109375 57.70471093346405 980.0411312838561 1 2 3 1 2 3 348 105 24 2 0 0 
1661327588.8586195 20.6560546875 57.63908230468716 980.068804614943 1 2 3 1 2 3 357 108 20 2 0 0 
1661327593.9929068 20.6458984375 57.70357962426075 980.0897440186063 1 2 3 1 2 3 357 108 20 2 0 0 
1661327599.1272564 20.6408203125 57.73344475215455 980.072912425388 1 2 3 1 2 3 357 108 20 2 0 0 
1661327604.2615552 20.6255859375 57.4855516326754 980.0602493854567 1 2 3 1 2 3 372 115 20 2 0 0 
1661327609.3949213 20.6357421875 57.608655940975844 980.064928335923 1 2 3 1 2 3 372 115 20 2 0 0 
1661327614.5291252 20.6255859375 57.43743997193043 980.0522042004919 1 2 3 1 2 3 372 115 20 2 0 0 
1661327619.6628354 20.5951171875 57.58412957800601 980.0869760104923 1 2 3 1 2 3 345 105 16 2 0 0 
1661327624.79705 20.6052734375 57.85595901217963 980.0641527714574 1 2 3 1 2 3 345 105 16 2 0 0 
1661327629.9306488 20.6103515625 57.57860690812759 980.0583639315876 1 1 1 1 1 1 303 91 12 0 0 0 
1661327635.0648127 20.6103515625 57.725658322622174 980.019080852522 1 1 1 1 1 1 303 91 12 0 0 0 
1661327640.197863 20.5951171875 57.943645424069075 980.0594733654943 1 1 1 1 1 1 303 91 12 0 0 0 
1661327645.3309236 20.5849609375 57.689899600369664 980.0568464497661 1 1 1 1 1 1 303 89 10 0 0 0 
1661327650.4638858 20.5544921875 57.665558944657505 980.0659999799396 1 1 1 1 1 1 303 89 10 0 0 0 
1661327655.5976298 20.5595703125 57.81886723435017 980.0794637278909 1 1 1 1 1 1 303 89 10 0 0 0 
1661327660.73202 20.5798828125 57.937366190204074 980.0622647941404 0 0 0 0 0 0 345 99 14 0 0 0 
1661327665.8662946 20.5697265625 58.03721730053186 980.063578430201 0 0 0 0 0 0 345 99 14 0 0 0 
1661327670.999884 20.5544921875 57.92461706152935 980.0788874839444 0 0 0 0 0 0 345 99 14 0 0 0 
1661327676.134195 20.5392578125 57.73575001773243 980.0742074297699 0 0 0 0 0 0 315 89 12 0 0 0 
1661327681.2684734 20.5443359375 57.847967943742745 980.07589034409 1 1 1 1 1 1 315 89 12 0 0 0 
1661327686.4024746 20.5443359375 57.89551877138894 980.057378290415 1 1 1 1 1 1 315 89 12 0 0 0 
1661327691.535717 20.5443359375 57.8534830570389 980.0375522505911 1 1 1 1 1 1 294 82 12 0 0 0 
1661327696.6693618 20.5341796875 57.882581217240165 980.0712102484664 0 0 0 0 0 0 294 82 12 0 0 0 
1661327701.8024077 20.5392578125 57.85918845913577 980.0786787083558 0 0 0 0 0 0 294 82 12 0 0 0 
1661327706.9355032 20.5443359375 57.924425741739604 980.0657928592182 0 0 0 0 0 0 309 84 12 0 0 0 
1661327712.0699532 20.5341796875 58.00658350176144 980.0319269137466 1 3 4 1 3 4 351 110 21 4 2 0 
1661327717.2041986 20.523828125 58.06496078295712 980.0760494336341 1 2 3 1 2 3 336 105 16 2 2 0 
1661327722.3375232 20.50859375 57.87592202921317 980.0767854678414 1 2 3 1 2 3 336 105 16 2 2 0 
1661327727.4719136 20.50859375 57.99363901394666 980.0612720116218 1 2 3 1 2 3 336 105 16 2 2 0 
1661327732.606151 20.493359375 58.00504484392461 980.0260905329196 1 2 2 1 2 2 336 105 16 0 0 0 
1661327737.739744 20.483203125 58.122356812174445 980.034292048708 1 2 2 1 2 2 336 105 16 0 0 0 
1661327742.8728123 20.503515625 57.95217998057692 980.0341364728102 1 2 2 1 2 2 336 105 16 0 0 0 
1661327748.006027 20.493359375 58.169910313717494 980.0569596551331 2 3 3 2 3 3 435 131 21 0 0 0 
1661327753.14031 20.493359375 58.02233761769068 980.0230928684394 2 3 3 2 3 3 435 131 21 0 0 0 
1661327758.2731416 20.50859375 57.98184841388229 980.0418144126978 2 3 3 2 3 3 435 131 21 0 0 0 
1661327763.4075298 20.50859375 58.052012671866194 980.0143111933155 2 3 3 2 3 3 435 129 19 0 0 0 
1661327768.541868 20.48828125 57.94531871580319 980.0036356006151 2 3 3 2 3 3 435 129 19 0 0 0 
1661327773.6754813 20.493359375 57.92193024233732 980.0301915640769 2 3 3 2 3 3 435 129 19 0 0 0 
1661327778.8097265 20.493359375 58.15812073464264 980.0307709190562 2 3 3 2 3 3 477 132 19 0 0 0 
1661327783.942684 20.48828125 58.117050543669265 980.0315066160821 2 3 3 2 3 3 477 132 19 0 0 0 
1661327789.0764892 20.493359375 58.21667108461101 980.0395526395206 2 3 3 2 3 3 477 132 19 0 0 0 
1661327794.2107725 20.503515625 58.25812804825494 980.0674243109563 0 1 1 0 1 1 339 99 10 0 0 0 
1661327799.3442721 20.503515625 57.98165632408498 980.0145211971394 0 1 1 0 1 1 339 99 10 0 0 0 
1661327804.4772425 20.493359375 58.08168072377873 980.0307709190562 1 2 2 1 2 2 348 102 12 0 0 0 
1661327809.6103027 20.48828125 58.10467259301504 980.0137319303398 1 2 2 1 2 2 348 102 12 0 0 0 
1661327814.7445493 20.473046875 58.157530809213384 980.0312939994891 1 2 2 1 2 2 348 102 12 0 0 0 
1661327819.8776064 20.462890625 58.10389829753926 980.0135190611524 1 2 2 1 2 2 333 97 10 0 0 0 
1661327825.0107656 20.442578125 58.062057223893824 980.0394929445599 1 2 2 1 2 2 333 97 10 0 0 0 
1661327830.1446729 20.442578125 58.07974024523517 980.0268226346334 1 2 2 1 2 2 333 97 10 0 0 0 
1661327835.2788553 20.432421875 58.491723547397044 980.0204588352201 1 2 2 1 2 2 312 95 12 0 0 0 
1661327840.413087 20.44765625 58.2738561914837 980.0099966406218 1 2 2 1 2 2 312 95 12 0 0 0 
1661327845.5470836 20.44765625 58.18564185457456 979.9961689521228 1 2 2 1 2 2 312 95 12 0 0 0 
1661327850.6808312 20.442578125 58.34477806809651 980.0075803251032 1 2 2 1 2 2 318 95 14 0 0 0 
1661327855.8141916 20.44765625 58.22081111521213 979.9843906695298 1 2 2 1 2 2 318 95 14 0 0 0 
1661327860.9473667 20.442578125 58.21511208922969 979.9944863401141 1 2 2 1 2 2 318 95 14 0 0 0 
1661327866.08055 20.432421875 58.067371855221815 980.0099966406218 1 2 2 1 2 2 309 92 12 0 0 0 
1661327871.214756 20.422265625 58.12592489761004 980.0080976150151 1 2 2 1 2 2 309 92 12 0 0 0 
1661327876.3490562 20.412109375 58.43219666276189 980.027921940398 1 2 3 1 2 3 405 107 16 2 2 0 
1661327881.482947 20.40703125 58.44908578884283 980.023972705066 1 2 3 1 2 3 405 107 16 2 2 0 
1661327886.6174533 20.381640625 58.572637485100174 980.0385299835542 1 2 3 1 2 3 405 107 16 2 2 0 
1661327891.751176 20.3765625 58.39545698382228 979.9891530349456 1 2 3 1 2 3 426 111 18 4 2 0 
1661327896.8848846 20.371484375 58.33652752199055 980.0207538989079 1 2 3 1 2 3 426 111 18 4 2 0 
1661327902.0177326 20.36640625 58.47127162923632 980.0218498332828 1 2 3 1 2 3 426 111 18 4 2 0 
1661327907.1515331 20.361328125 58.54178192844937 980.0113900936426 2 2 3 2 2 3 453 120 20 4 2 0 
1661327912.285628 20.351171875 58.57733481920451 979.9986613876571 2 2 3 2 2 3 453 120 20 4 2 0 
1661327917.419632 20.351171875 58.46458711112104 980.020532529637 2 2 3 2 2 3 453 120 20 4 2 0 
1661327922.5558057 20.341015625 58.55296944991125 980.0014389312096 2 2 2 2 2 2 447 117 16 2 0 0 
1661327927.6910272 20.351171875 58.53569081446205 980.0044387275022 2 2 2 2 2 2 447 117 16 2 0 0 
1661327932.8262935 20.341015625 58.44691036588902 979.9698392962323 2 2 2 2 2 2 447 117 16 2 0 0 
1661327937.961568 20.341015625 58.49994032411111 980.0085331259808 1 2 2 1 2 2 420 115 18 2 0 0 
1661327943.0956268 20.351171875 58.6531333052467 979.9728389148247 1 2 2 1 2 2 420 115 18 2 0 0 
1661327948.2296302 20.341015625 58.67100934836463 980.0233095456047 1 2 2 1 2 2 420 115 18 2 0 0 
1661327953.362993 20.361328125 58.36559876682733 980.0113900936426 1 2 2 1 2 2 414 113 18 2 0 0 
1661327958.4961638 20.351171875 58.465379132154936 979.9990265602183 1 2 2 1 2 2 348 99 12 2 0 0 
1661327963.6303165 20.34609375 58.66511740262121 980.033038996833 1 2 2 1 2 2 369 101 10 2 0 0 
1661327968.7641737 20.341015625 58.64134947641826 980.0249919010477 1 2 2 1 2 2 369 101 10 2 0 0 
1661327973.8979893 20.3357421875 58.50563398704304 980.0042154077769 1 2 2 1 2 2 369 101 10 2 0 0 
1661327979.0307403 20.3205078125 58.405466908272544 980.0075800357487 1 2 2 1 2 2 369 99 10 2 0 0 
1661327984.1636698 20.3255859375 58.59990617169274 980.0109446639998 1 2 2 1 2 2 369 99 10 2 0 0 
1661327989.2982206 20.3255859375 58.398588014744405 979.9851212700057 1 2 2 1 2 2 369 99 10 2 0 0 
1661327994.4320822 20.3103515625 58.53959371405273 980.0393179121082 1 2 2 1 2 2 390 104 12 2 0 0 
1661327999.5661328 20.3103515625 58.52781057155824 980.0157662634176 1 2 2 1 2 2 390 104 12 2 0 0 
1661328004.700754 20.3052734375 58.751683250903895 980.0110834929314 1 2 2 1 2 2 390 104 12 2 0 0 
1661328009.8348155 20.2849609375 58.745792054691464 979.9966712130065 1 2 2 1 2 2 417 111 16 2 0 0 
1661328014.9694428 20.2849609375 58.58631912440817 980.0037638369602 1 2 2 1 2 2 417 111 16 2 0 0 
1661328020.100291 20.2951171875 58.633649609326305 979.9878961403857 1 2 2 1 2 2 417 111 16 2 0 0 
1661328025.234313 20.3001953125 58.61638299569856 980.0131296258728 1 2 2 1 2 2 360 100 16 2 0 0 
1661328030.3681448 20.3052734375 58.75797737083086 979.9905323693077 1 2 2 1 2 2 360 100 16 2 0 0 
1661328035.5016456 20.2951171875 58.55117002880608 979.9970350160432 1 2 2 1 2 2 360 100 16 2 0 0 
1661328040.633091 20.2798828125 58.5215137454006 979.9895783722621 1 3 3 1 3 3 399 121 31 0 0 0 
1661328045.7660446 20.2951171875 58.58611957101926 980.0357257515857 1 3 3 1 3 3 399 121 31 0 0 0 
1661328050.9000375 20.3001953125 58.757574436841395 980.0316341918909 1 3 3 1 3 3 378 111 27 0 0 0 
1661328056.0338082 20.2900390625 58.79250978668555 980.0697330103523 1 3 3 1 3 3 378 111 27 0 0 0 
1661328061.1670933 20.2798828125 58.53879002227658 980.0310425543304 1 3 3 1 3 3 378 111 27 0 0 0 
1661328066.3000932 20.2798828125 58.721415049955795 980.0394535198859 1 2 2 1 2 2 378 111 25 0 0 0 
1661328071.4340343 20.2798828125 58.72690362466778 980.0575944445503 1 2 2 1 2 2 378 111 25 0 0 0 
1661328076.568345 20.2900390625 58.69236160842668 980.0414989449259 1 2 2 1 2 2 378 111 25 0 0 0 
1661328081.703027 20.2798828125 58.73908791575855 980.0360891334541 1 3 3 1 3 3 390 115 25 0 0 0 
1661328086.8370516 20.2900390625 58.49225480975843 980.0733266564965 1 3 3 1 3 3 390 115 25 0 0 0 
1661328091.9710937 20.2900390625 58.52781057155824 980.0219045004727 1 3 3 1 3 3 390 115 25 0 0 0 
1661328097.1002953 20.2900390625 58.70394300179812 980.029360361429 1 2 2 1 2 2 336 97 21 0 0 0 
1661328102.2343447 20.2748046875 58.91581148816928 980.0684138307499 1 2 2 1 2 2 336 97 21 0 0 0 
1661328107.3683324 20.2697265625 58.638940453606736 980.070096011708 1 2 2 1 2 2 336 97 21 0 0 0 
1661328112.5019877 20.2646484375 58.90342054571292 980.0506358442747 1 2 2 1 2 2 321 90 16 0 0 0 
1661328117.6358364 20.2697265625 58.561956474670694 980.0287678604928 1 2 2 1 2 2 321 90 16 0 0 0 
1661328122.7697124 20.2595703125 58.73808118513137 980.0177722604916 1 2 2 1 2 2 327 98 12 2 0 0 
1661328127.9041705 20.2595703125 58.673283926425796 980.054362958909 1 2 2 1 2 2 327 98 12 2 0 0 
1661328133.0370317 20.2341796875 58.7494593346922 980.0171781916117 1 2 2 1 2 2 327 98 12 2 0 0 
1661328138.170496 20.2494140625 58.76144186893314 980.0029961675059 1 2 2 1 2 2 321 94 12 2 0 0 
1661328143.305502 20.2494140625 58.79678465400806 980.0319543730787 1 2 2 1 2 2 321 94 12 2 0 0 
1661328148.4395423 20.2291015625 58.89631088656215 980.032316822164 1 2 2 1 2 2 321 94 12 2 0 0 
1661328153.5738862 20.2291015625 59.04355909817072 980.0394073896346 1 2 2 1 2 2 321 91 14 4 0 0 
1661328158.7078338 20.2341796875 58.67817100317644 980.0195850479521 1 2 2 1 2 2 321 91 14 4 0 0 
1661328163.8423579 20.2087890625 58.695842065825275 980.0367675721719 1 2 2 1 2 2 321 91 14 4 0 0 
1661328168.9763284 20.2291015625 58.89631088656215 980.0558658142728 1 1 2 1 1 2 306 84 14 4 0 0 
1661328174.1099331 20.2240234375 58.677970244036395 980.0457733874064 1 1 2 1 1 2 306 84 14 4 0 0 
1661328179.2437816 20.2189453125 58.742964447604486 980.044453561263 1 1 2 1 1 2 306 84 14 4 0 0 
1661328184.3784819 20.2291015625 58.666791460235146 980.0386827093434 0 1 2 0 1 2 279 75 12 4 0 0 
1661328189.50991 20.2240234375 58.86076752600058 980.0424092456765 0 1 2 0 1 2 279 75 12 4 0 0 
1661328194.6435251 20.2189453125 58.76612184408531 980.0135813347334 0 1 2 0 1 2 279 75 12 4 0 0 
1661328199.776258 20.2189453125 58.842894682797954 980.029677305504 0 0 1 0 0 1 300 82 8 2 0 0 
1661328204.910234 20.2341796875 58.766727149800154 980.0534590876226 1 2 2 1 2 2 327 88 14 2 0 0 
1661328210.0442076 20.2341796875 58.872547607864675 980.0171781916117 1 2 2 1 2 2 306 83 12 2 0 0 
1661328215.1777458 20.2341796875 58.772819241878956 980.0491375294157 1 2 2 1 2 2 306 83 12 2 0 0 
1661328220.3093512 20.2443359375 58.890827134204066 980.0497323720076 1 2 2 1 2 2 306 83 12 2 0 0 
1661328225.4437764 20.2291015625 58.71371418820171 980.0380875220523 1 2 2 1 2 2 327 90 14 2 0 0 
1661328230.5785215 20.2291015625 58.901997632771675 980.0165832188354 1 2 2 1 2 2 327 90 14 2 0 0 
1661328235.7101502 20.2087890625 58.883515126571496 980.0513091120265 1 2 2 1 2 2 327 90 14 2 0 0 
1661328240.8428833 20.1986328125 58.85995608056025 980.03785319609 1 2 2 1 2 2 306 85 14 2 0 0 
1661328245.9765713 20.1986328125 58.935911058098505 980.0355739378938 1 2 2 1 2 2 306 85 14 2 0 0 
1661328251.1083055 20.1986328125 58.95419127862088 980.0617625179252 1 2 2 1 2 2 306 85 14 2 0 0 
1661328256.243738 20.1732421875 59.017748061097215 980.0245230898229 0 2 2 0 2 2 306 85 14 2 0 0 
1661328261.3764465 20.1833984375 58.93529964021575 980.029207553424 0 2 2 0 2 2 306 85 14 2 0 0 
1661328266.5076017 20.1783203125 59.07663855798766 980.0211592482985 0 2 2 0 2 2 306 85 14 2 0 0 
1661328271.6365964 20.1783203125 59.02363715699791 980.0248843202362 0 2 2 0 2 2 285 80 14 2 0 0 
1661328276.7706344 20.1884765625 59.006379076004144 980.0331689251357 0 2 2 0 2 2 285 80 14 2 0 0 
