timestamp temperature humidity pressure pm10_standard pm25_standard pm100_standard pm10_env pm25_env pm100_env particles_03um particles_05um particles_10um particles_25um particles_50um particles_100um
1668897325.0805848 19.75625 22.23121067877445 990.5724165371804 2 3 3 2 3 3 516 148 19 0 0 0 
1668897330.2105994 19.761328125 22.409188537998887 990.608868963556 2 3 3 2 3 3 516 148 19 0 0 0 
1668897335.3445227 19.761328125 22.1891456371769 990.569933556585 2 3 3 2 3 3 516 148 19 0 0 0 
1668897340.4783845 19.761328125 22.361397265937082 990.5864785308077 2 3 3 2 3 3 534 156 19 0 0 0 
1668897345.6115742 19.7716796875 22.200605248444383 990.6010749719394 2 3 3 2 3 3 534 156 19 0 0 0 
1668897350.745329 19.7716796875 22.32506652678607 990.6008074208848 2 3 3 2 3 3 498 144 21 2 0 0 
1668897355.8800561 19.7818359375 22.38453935704831 990.6490301358579 2 3 3 2 3 3 498 144 21 2 0 0 
1668897361.010353 19.7919921875 22.36031901497653 990.6173527717827 2 3 3 2 3 3 498 144 21 2 0 0 
1668897366.1414828 19.7919921875 22.371998269697844 990.5952280488825 2 3 4 2 3 4 531 156 23 2 0 0 
1668897371.2747838 19.8021484375 22.169778755423874 990.6468137128998 2 3 4 2 3 4 531 156 23 2 0 0 
1668897376.407386 19.8072265625 22.34226084905446 990.6064614919809 2 3 4 2 3 4 531 156 23 2 0 0 
1668897381.536937 19.8021484375 22.187186745008862 990.5512456343848 2 3 4 2 3 4 558 163 21 2 0 0 
1668897386.6683085 19.8123046875 22.305710291456784 990.5893799005946 2 3 4 2 3 4 558 163 21 2 0 0 
1668897391.7998397 19.8173828125 22.240283362515445 990.6056570377373 2 3 4 2 3 4 558 163 21 2 0 0 
1668897396.93095 19.8275390625 22.21605665957992 990.5998073327299 2 4 4 2 4 4 537 159 28 2 0 0 
1668897402.061647 19.8376953125 22.037607920128277 990.5729045764621 2 4 4 2 4 4 537 159 28 2 0 0 
1668897407.1948562 19.8326171875 22.143805271048585 990.5361824593958 2 4 4 2 4 4 537 159 28 2 0 0 
1668897412.325493 19.8376953125 22.227301067866037 990.5507769694004 2 3 4 2 3 4 537 152 21 2 0 0 
1668897417.4590228 19.8478515625 22.107895183428013 990.5841367017413 2 3 4 2 3 4 537 152 21 2 0 0 
1668897422.5920336 19.8427734375 22.220700589200522 990.5617392493074 3 4 5 3 4 5 702 190 23 2 2 0 
1668897427.725933 19.8529296875 22.203290113982064 990.5881042463938 3 4 5 3 4 5 702 190 23 2 2 0 
1668897432.8598204 19.8580078125 22.119573931549418 990.586422742688 3 4 5 3 4 5 702 190 23 2 2 0 
1668897437.9934225 19.8630859375 22.124648554692804 990.5424338311118 2 4 5 2 4 5 666 176 21 2 2 0 
1668897443.1221924 19.8630859375 22.21409959001546 990.5791575364336 2 4 5 2 4 5 666 176 21 2 2 0 
1668897448.2562861 19.8630859375 22.179060559651017 990.5558859566412 2 4 5 2 4 5 666 176 21 2 2 0 
1668897453.3898478 19.8732421875 22.012055783082424 990.5690683546703 3 4 5 3 4 5 651 174 19 2 2 0 
1668897458.5228837 19.8681640625 22.029683218493776 990.5607037867587 3 4 5 3 4 5 651 174 19 2 2 0 
1668897463.6565652 19.8681640625 22.2132294988558 990.5503444241101 3 4 5 3 4 5 651 174 19 2 2 0 
1668897468.7910502 19.8833984375 22.14844438799241 990.5870687823314 3 4 5 3 4 5 651 179 26 2 2 0 
1668897473.9249291 19.8833984375 22.19538235894065 990.5551189258913 3 4 5 3 4 5 651 179 26 2 2 0 
1668897479.0593557 19.8884765625 22.052601916741857 990.6036146209225 3 4 5 3 4 5 651 179 26 2 2 0 
1668897484.1933837 19.8935546875 22.16498258819877 990.6134342267741 2 3 5 2 3 5 588 162 26 2 2 0 
1668897489.326787 19.8986328125 21.968649458288045 990.5725350354265 2 3 5 2 3 5 588 162 26 2 2 0 
1668897494.4608335 19.8986328125 22.212576816413797 990.6047561360446 2 3 5 2 3 5 588 162 26 2 2 0 
1668897499.5945165 19.9037109375 22.16454631225482 990.5708534097414 2 3 5 2 3 5 546 160 28 2 2 0 
1668897504.7284224 19.9037109375 22.17666321175255 990.5991707067238 2 3 3 2 3 3 570 172 8 0 0 0 
1668897509.8620765 19.9087890625 22.14647113571555 990.5955369406496 2 3 3 2 3 3 555 167 10 0 0 0 
1668897514.9962723 19.9138671875 22.25929384391574 990.5885396771588 2 3 3 2 3 3 555 167 10 0 0 0 
1668897520.1298633 19.9138671875 21.98560906981649 990.6159871141438 2 3 3 2 3 3 555 167 10 0 0 0 
1668897525.2630873 19.9291015625 22.062956967068487 990.6303109570597 2 3 3 2 3 3 513 155 10 0 0 0 
1668897530.396997 19.9341796875 22.211262787335386 990.6182685589295 2 3 3 2 3 3 513 155 10 0 0 0 
1668897535.5315728 19.9494140625 22.12752941295513 990.6244538759996 2 3 3 2 3 3 513 155 10 0 0 0 
1668897540.6654823 19.959765625 22.204442196811016 990.6140925624283 2 3 3 2 3 3 507 158 10 0 0 0 
1668897545.7995155 19.959765625 22.25204137167095 990.6200060812984 2 3 3 2 3 3 507 158 10 0 0 0 
1668897550.9334116 19.975 22.085003105548303 990.599281608133 2 3 3 2 3 3 507 158 10 0 0 0 
1668897556.067683 19.96484375 22.114535566854098 990.5745981295789 2 3 3 2 3 3 543 163 10 0 0 0 
1668897561.2016976 19.969921875 21.990017549440367 990.616371140226 1 2 2 1 2 2 543 163 10 0 0 0 
1668897566.3360932 19.969921875 22.072663923767507 990.5894625035813 1 2 2 1 2 2 543 163 10 0 0 0 
1668897571.4698446 19.959765625 21.99508714475404 990.5973280501214 1 2 2 1 2 2 564 165 12 0 0 0 
1668897576.6003108 19.96484375 22.031010602158993 990.6054653382145 2 3 3 2 3 3 564 165 12 0 0 0 
1668897581.734193 19.98515625 22.24543964079708 990.5922826003549 2 3 3 2 3 3 564 165 12 0 0 0 
1668897586.8679929 19.975 22.119829560797225 990.5788280707166 2 2 2 2 2 2 525 130 12 0 0 0 
1668897592.0025122 19.969921875 22.102634950265816 990.539008858046 2 2 2 2 2 2 525 130 12 0 0 0 
1668897597.1362846 19.98515625 22.060763026035563 990.5404185386515 2 2 2 2 2 2 558 144 12 0 0 0 
1668897602.270078 19.980078125 21.935580224337954 990.5813754170164 2 2 2 2 2 2 558 144 12 0 0 0 
1668897607.4039967 19.98515625 21.97106400363126 990.5482831382037 2 2 2 2 2 2 558 144 12 0 0 0 
1668897612.538521 19.980078125 22.02484022021029 990.6099669915899 2 2 2 2 2 2 573 151 8 0 0 0 
1668897617.6723223 19.9953125 22.03057099601892 990.6080130369845 2 2 2 2 2 2 573 151 8 0 0 0 
1668897622.8023276 19.990234375 22.12512385921624 990.5597836660278 2 2 2 2 2 2 573 151 8 0 0 0 
1668897627.936213 20.00546875 22.005887879419582 990.5438292528285 2 2 2 2 2 2 552 151 6 0 0 0 
1668897633.069538 20.000390625 21.923015546077657 990.5755124566488 2 2 2 2 2 2 552 151 6 0 0 0 
1668897638.204124 19.9953125 22.178461520793824 990.5685121323036 2 2 2 2 2 2 552 151 6 0 0 0 
1668897643.33793 20.00546875 22.154440353981492 990.5886950629892 2 2 2 2 2 2 531 146 6 0 0 0 
1668897648.4719632 20.015625 22.095151185145426 990.5463742805042 2 2 2 2 2 2 531 146 6 0 0 0 
1668897653.6058311 20.015625 22.101101990104002 990.5780579591883 2 2 2 2 2 2 531 146 6 0 0 0 
1668897658.739747 20.015625 22.017349775366956 990.6304705238041 2 2 2 2 2 2 573 155 8 0 0 0 
1668897663.8737328 20.020703125 21.963348338128714 990.5931954040487 2 2 2 2 2 2 573 155 8 0 0 0 
1668897669.0076063 20.020703125 22.052616846719516 990.5306903604567 2 4 4 2 4 4 615 175 24 0 0 0 
1668897674.1420972 20.02578125 22.064738622961688 990.6027413697432 2 4 4 2 4 4 615 175 24 0 0 0 
1668897679.2762768 20.030859375 22.052616846719516 990.5671468134981 2 4 4 2 4 4 615 175 24 0 0 0 
1668897684.4097877 20.0359375 22.08810438490593 990.5976954715644 1 3 3 1 3 3 600 175 26 0 0 0 
1668897689.5442686 20.0359375 22.176716064671375 990.5991044129379 1 3 3 1 3 3 600 175 26 0 0 0 
1668897694.6781065 20.04609375 22.092959631030787 990.6285610595955 1 3 3 1 3 3 600 175 26 0 0 0 
1668897699.812372 20.041015625 22.015809392712086 990.5803293588085 1 2 2 1 2 2 546 159 22 0 0 0 
1668897704.9462821 20.041015625 22.028152385408767 990.569690349574 2 3 3 2 3 3 546 159 22 0 0 0 
1668897710.080152 20.05625 22.069592506183948 990.527639894792 2 3 3 2 3 3 546 159 22 0 0 0 
1668897715.2145839 20.04609375 22.051298896173403 990.5879190206516 2 3 3 2 3 3 558 163 20 0 0 0 
1668897720.3480706 20.05625 21.955630866845468 990.5343679646239 2 3 3 2 3 3 558 163 20 0 0 0 
1668897725.4820852 20.05625 21.88442930588304 990.6350556688118 2 3 3 2 3 3 558 163 20 0 0 0 
1668897730.616228 20.04609375 22.00368601194986 990.5946471547669 2 3 3 2 3 3 558 163 22 0 0 0 
1668897735.7497334 20.0765625 21.92014067483219 990.5896403594895 2 3 3 2 3 3 558 163 22 0 0 0 
1668897740.883838 20.0765625 21.88420767331332 990.6061872247005 2 3 3 2 3 3 558 163 22 0 0 0 
1668897746.017648 20.06640625 21.818957503142332 990.5441861761383 2 3 3 2 3 3 537 159 22 0 0 0 
1668897751.1518285 20.06640625 21.94923720551165 990.6092776525428 2 3 3 2 3 3 588 163 22 2 0 0 
1668897756.2851384 20.071484375 21.97877660717597 990.5638616394365 2 3 3 2 3 3 573 153 18 2 0 0 
1668897761.4196427 20.0765625 21.88376437557715 990.55994898651 2 3 3 2 3 3 573 153 18 2 0 0 
1668897766.5517719 20.08671875 22.020660694389814 990.565269555463 2 3 3 2 3 3 573 153 18 2 0 0 
1668897771.6857965 20.08671875 22.06166487385244 990.5697672558715 2 3 3 2 3 3 558 148 18 2 0 0 
1668897776.8210704 20.0765625 22.115232730214945 990.5596745697289 2 3 3 2 3 3 558 148 18 2 0 0 
1668897781.9552448 20.081640625 21.966210341049866 990.5610821714405 2 3 3 2 3 3 558 148 18 2 0 0 
1668897787.0868156 20.08671875 21.990239771949362 990.5961325330777 2 3 3 2 3 3 522 146 20 0 0 0 
1668897792.2163937 20.101953125 22.007875932203714 990.5627642992498 2 3 3 2 3 3 522 146 20 0 0 0 
1668897797.3453445 20.10703125 21.965760347367684 990.530529017073 2 3 3 2 3 3 522 146 20 0 0 0 
1668897802.4762115 20.10703125 21.864568006138057 990.5706257493359 2 3 3 2 3 3 516 146 20 0 0 0 
1668897807.6081247 20.112109375 21.88265594108901 990.598947871238 2 3 3 2 3 3 516 146 20 0 0 0 
1668897812.7396247 20.1171875 22.090539230893565 990.5936266830556 2 3 3 2 3 3 516 146 20 0 0 0 
1668897817.8702965 20.1171875 21.96531880025361 990.5700761223121 2 2 2 2 2 2 501 136 16 0 0 0 
1668897823.001431 20.1171875 21.905792877746208 990.5386648111046 2 2 2 2 2 2 501 136 16 0 0 0 
1668897828.13012 20.122265625 21.798643630093956 990.5428860182004 2 2 2 2 2 2 501 136 16 0 0 0 
1668897833.2629077 20.1171875 22.08392872504699 990.5395216286186 2 2 2 2 2 2 573 149 8 0 0 0 
1668897838.3935711 20.1171875 21.798420914884396 990.5496147982022 2 2 2 2 2 2 573 149 8 0 0 0 
1668897843.5252163 20.12734375 22.000813483666764 990.5395216286186 2 2 2 2 2 2 582 151 8 0 0 0 
1668897848.6604006 20.1171875 22.000813483666764 990.5745726871725 1 1 1 1 1 1 582 151 8 0 0 0 
1668897853.794985 20.1375 22.05989903904925 990.5541108573237 1 1 1 1 1 1 582 151 8 0 0 0 
1668897858.9267917 20.12734375 22.041821315481478 990.5406530798483 1 2 2 1 2 2 576 156 12 0 0 0 
1668897864.0615861 20.1375 21.833693475117897 990.556068384204 1 2 2 1 2 2 576 156 12 0 0 0 
1668897869.1959126 20.142578125 21.988467304743516 990.5958913524704 2 3 3 2 3 3 576 156 12 0 0 0 
1668897874.3270767 20.1375 21.96465639809338 990.5709330854546 2 3 3 2 3 3 570 156 14 2 0 0 
1668897879.4585705 20.12734375 21.91681271943713 990.5942091147381 2 3 3 2 3 3 570 156 14 2 0 0 
1668897884.5878026 20.1375 21.92871849509277 990.5456997458775 1 2 2 1 2 2 570 156 14 2 0 0 
1668897889.7176218 20.1478515625 22.08348984129421 990.5619711424064 1 2 2 1 2 2 579 163 12 2 0 0 
1668897894.8483894 20.1478515625 22.107081018434563 990.5787936451724 1 2 2 1 2 2 579 163 12 2 0 0 
1668897899.979365 20.1375 21.934450190403474 990.5939339036345 1 2 2 1 2 2 579 163 12 2 0 0 
1668897905.1135182 20.142578125 21.934671367519538 990.5804758958333 2 3 3 2 3 3 552 156 12 2 0 0 
1668897910.2470982 20.1478515625 21.910416901021645 990.5516019847951 2 3 3 2 3 3 552 156 12 2 0 0 
1668897915.3754475 20.1529296875 21.88638288639579 990.5816072067387 2 3 3 2 3 3 516 140 15 2 0 0 
1668897920.5051427 20.1478515625 21.874698440885847 990.5782426511184 2 3 3 2 3 3 516 140 15 2 0 0 
1668897925.63713 20.1580078125 21.83280406906111 990.6152527783092 2 3 3 2 3 3 516 140 15 2 0 0 
1668897930.7693932 20.1580078125 21.981411403964103 990.6228379630428 2 3 3 2 3 3 495 133 15 2 0 0 
1668897935.89907 20.1630859375 21.951645974663315 990.6043324439893 2 3 3 2 3 3 495 133 15 2 0 0 
1668897941.0314257 20.1681640625 21.963110412770035 990.6105101781 2 3 3 2 3 3 495 133 15 2 0 0 
1668897946.1604328 20.1783203125 21.849997217497968 990.580779977419 2 2 2 2 2 2 480 128 10 0 0 0 
1668897951.2916567 20.1783203125 21.843821514996087 990.6102342418842 2 2 2 2 2 2 480 128 10 0 0 0 
1668897956.4210324 20.1833984375 21.939518579247945 990.597603166429 2 2 2 2 2 2 480 128 10 0 0 0 
1668897961.552853 20.1783203125 21.927169545781673 990.5847225936574 1 2 2 1 2 2 450 119 10 0 0 0 
1668897966.6859338 20.1833984375 21.944587334062728 990.5948168328587 1 2 2 1 2 2 450 119 10 0 0 0 
1668897971.817751 20.1884765625 21.807654908959694 990.5704100243507 1 2 2 1 2 2 450 119 10 0 0 0 
1668897976.9481802 20.1833984375 22.01624848328112 990.5886396739935 2 2 2 2 2 2 486 133 8 0 0 0 
1668897982.0787456 20.1833984375 21.944587334062728 990.5816341237988 2 2 2 2 2 2 486 133 8 0 0 0 
1668897987.2109149 20.1884765625 21.879320474044118 990.61668769309 2 2 2 2 2 2 486 133 8 0 0 0 
1668897992.3422914 20.1884765625 21.831024735387384 990.5925817694355 2 2 2 2 2 2 507 142 10 0 0 0 
1668897997.4773045 20.1884765625 21.84955279666649 990.5897697129436 2 4 5 2 4 5 564 177 22 2 2 2 
1668898002.6099076 20.1884765625 21.92672689104706 990.6130468169068 2 4 5 2 4 5 558 175 22 2 2 2 
1668898007.7417698 20.1833984375 21.789570832115164 990.6099581963767 2 4 5 2 4 5 558 175 22 2 2 2 
1668898012.875817 20.2037109375 21.973912935666128 990.6094057774768 2 4 5 2 4 5 558 175 22 2 2 2 
1668898018.0048363 20.1935546875 21.783617025605988 990.5320153983365 2 3 5 2 3 5 564 168 22 2 2 2 
1668898023.1380534 20.1935546875 21.926062827454594 990.5852989324698 2 3 5 2 3 5 564 168 22 2 2 2 
1668898028.2694783 20.2037109375 21.830357305973266 990.5482855489925 2 3 5 2 3 5 564 168 22 2 2 2 
1668898033.3993685 20.2037109375 21.919887674603554 990.5937110697944 2 3 4 2 3 4 558 163 18 2 2 2 
1668898038.5307302 20.1986328125 21.94943534276223 990.5749275068321 2 3 4 2 3 4 558 163 18 2 2 2 
1668898043.6613452 20.2087890625 21.72295982428172 990.5752043699858 2 3 4 2 3 4 558 163 18 2 2 2 
1668898048.79351 20.2087890625 21.8067639680225 990.5502449319908 2 3 5 2 3 5 564 165 20 2 2 2 
1668898053.9264033 20.2037109375 21.883942930926484 990.5836165052144 2 3 5 2 3 5 564 165 20 2 2 2 
1668898059.0600064 20.2037109375 21.794633093824288 990.6035290042133 2 3 5 2 3 5 564 165 20 2 2 2 
1668898064.1931767 20.1986328125 21.860127200320647 990.62175927337 2 3 4 2 3 4 564 160 15 2 2 2 
1668898069.3227973 20.2037109375 21.800587154859127 990.5962455365711 2 3 4 2 3 4 564 160 15 2 2 2 
1668898074.45253 20.2087890625 21.877767065590803 990.5665153055628 2 3 4 2 3 4 564 160 15 2 2 2 
1668898079.5796158 20.2138671875 21.89562899280358 990.6029754109379 2 3 3 2 3 3 606 164 8 0 0 0 
1668898084.711683 20.2087890625 21.842042933850777 990.6298949195843 2 3 3 2 3 3 606 164 8 0 0 0 
1668898089.8433797 20.2138671875 21.972808750443004 990.5782923878288 2 3 3 2 3 3 627 166 12 0 0 0 
1668898094.97816 20.2138671875 21.913712363093698 990.5760559201788 2 3 3 2 3 3 627 166 12 0 0 0 
1668898100.1130333 20.2138671875 22.020439586317387 990.5673663376712 2 3 3 2 3 3 627 166 12 0 0 0 
1668898105.2442605 20.2189453125 21.877323136813423 990.5878331951849 3 3 3 3 3 3 654 176 12 0 0 0 
1668898110.372867 20.2189453125 22.008531938975647 990.5962455365711 3 3 3 3 3 3 654 176 12 0 0 0 
1668898115.5065532 20.2240234375 21.877545106634933 990.6156042786481 3 3 3 3 3 3 654 176 12 0 0 0 
1668898120.6411166 20.2240234375 21.794187261363 990.5805489403124 3 3 3 3 3 3 675 183 14 0 0 0 
1668898125.773777 20.2240234375 21.943039144209397 990.6024213804142 3 3 3 3 3 3 675 183 14 0 0 0 
1668898130.906012 20.2138671875 21.805872853229868 990.6041038762957 3 3 3 3 3 3 675 183 14 0 0 0 
1668898136.0357091 20.2189453125 21.889453205906936 990.6094283800484 3 3 3 3 3 3 660 183 16 0 0 0 
1668898141.1699574 20.2189453125 21.829244706299246 990.582508667896 3 3 3 3 3 3 660 183 16 0 0 0 
1668898146.304658 20.2291015625 21.936421312949765 990.6094283800484 3 3 3 3 3 3 660 183 16 0 0 0 
1668898151.4389372 20.2291015625 21.948550785773328 990.6038267106171 3 4 4 3 4 4 696 195 18 0 0 0 
1668898156.5718539 20.2341796875 21.86519274071583 990.5668115190964 3 4 4 3 4 4 696 195 18 0 0 0 
1668898161.7040586 20.2341796875 21.80542723063773 990.5651290111944 2 3 3 2 3 3 534 158 14 0 0 0 
1668898166.837461 20.2291015625 21.918337255210186 990.6080422084091 2 3 3 2 3 3 534 158 14 0 0 0 
1668898171.9708383 20.2341796875 21.888565811531222 990.5600814879078 2 3 3 2 3 3 534 158 14 0 0 0 
1668898177.106137 20.2341796875 21.840486104893976 990.5836366019587 3 3 3 3 3 3 561 170 16 0 0 0 
1668898182.2357895 20.2494140625 21.840486104893976 990.6383637099489 3 3 3 3 3 3 561 170 16 0 0 0 
1668898187.366561 20.2544921875 21.959353660475465 990.5794739529955 3 3 3 3 3 3 561 170 16 0 0 0 
1668898192.5002172 20.2595703125 21.774762404032916 990.5558831809244 2 3 3 2 3 3 555 163 18 0 0 0 
1668898197.6296487 20.2595703125 21.697350229441223 990.564330886472 2 3 3 2 3 3 555 163 18 0 0 0 
1668898202.7629938 20.2697265625 21.88723439399979 990.6007917170512 2 3 3 2 3 3 555 163 18 0 0 0 
1668898207.8924904 20.2697265625 21.86319318783206 990.5705050852335 2 3 3 2 3 3 528 156 16 0 0 0 
1668898213.0246797 20.2748046875 21.815554164260224 990.5738702654286 2 3 3 2 3 3 528 156 16 0 0 0 
1668898218.156648 20.2697265625 21.928917231253905 990.5937833521115 2 3 3 2 3 3 528 156 16 0 0 0 
1668898223.2888792 20.2798828125 21.89296724366799 990.5957439435093 2 3 3 2 3 3 534 161 14 0 0 0 
1668898228.4239113 20.2748046875 21.83892874351208 990.5702268950678 2 3 3 2 3 3 534 161 14 0 0 0 
1668898233.5544412 20.2849609375 21.821286369939852 990.5968704787999 2 3 3 2 3 3 534 161 14 0 0 0 
1668898238.6874986 20.2849609375 21.7076918801254 990.6120140459822 2 2 2 2 2 2 507 152 14 0 0 0 
1668898243.8213656 20.2900390625 21.987580115121446 990.6027662113105 2 2 2 2 2 2 489 131 10 0 0 0 
1668898248.9552128 20.2798828125 21.96949456499249 990.5660263801532 2 2 2 2 2 2 483 133 10 0 0 0 
1668898254.0889812 20.2951171875 21.71960248013485 990.5542478730316 2 2 2 2 2 2 483 133 10 0 0 0 
1668898259.2224436 20.2900390625 21.898256548542793 990.5811701800557 2 2 2 2 2 2 483 133 10 0 0 0 
1668898264.356277 20.2951171875 21.80893067021393 990.5822956773496 1 2 2 1 2 2 456 126 8 0 0 0 
1668898269.4888828 20.2900390625 21.66049823167644 990.6024877455873 1 2 2 1 2 2 456 126 8 0 0 0 
1668898274.6225243 20.2900390625 21.65982447152647 990.5957570550567 1 2 2 1 2 2 456 126 8 0 0 0 
1668898279.7564209 20.3052734375 21.873983741826027 990.5769688834199 2 2 3 2 2 3 498 135 12 2 2 0 
1668898284.889561 20.3052734375 21.802075099423345 990.6268924018642 2 2 3 2 2 3 498 135 12 2 2 0 
1668898290.022414 20.3052734375 21.873539442780444 990.5702381428507 2 2 3 2 2 3 498 135 12 2 2 0 
1668898295.15628 20.3154296875 21.64149975379153 990.6386714050402 1 2 3 1 2 3 492 128 14 4 2 0 
1668898300.2897406 20.3154296875 21.682964572367382 990.624930974077 1 2 3 1 2 3 492 128 14 4 2 0 
1668898305.4228473 20.3255859375 21.873539442780444 990.6187574884657 1 2 3 1 2 3 492 128 14 4 2 0 
1668898310.5568132 20.3154296875 21.71847420829326 990.6266137020949 1 2 4 1 2 4 507 133 14 4 2 0 
1668898315.6907256 20.3205078125 21.927136729273126 990.6117479742416 1 2 4 1 2 4 507 133 14 4 2 0 
1668898320.8245838 20.3154296875 21.71825024366922 990.5980073352958 1 2 4 1 2 4 507 133 14 4 2 0 
1668898325.958344 20.3205078125 21.86140651829237 990.5780937109047 3 5 5 3 5 5 690 209 21 2 0 0 
1668898331.0921881 20.3205078125 21.724205943525405 990.6058629174772 3 5 5 3 5 5 690 209 21 2 0 0 
1668898336.2257304 20.3306640625 21.681842631796794 990.639518018062 3 4 4 3 4 4 648 192 14 2 0 0 
1668898341.3596916 20.3357421875 21.789271652332772 990.6476529459749 2 3 3 2 3 3 648 192 14 2 0 0 
1668898346.4928157 20.341015625 21.93176289979398 990.6636438415533 2 3 3 2 3 3 648 192 14 2 0 0 
1668898351.6255178 20.341015625 21.717578284598698 990.6302669506398 2 3 3 2 3 3 606 183 16 2 0 0 
1668898356.7594633 20.341015625 21.59250188123097 990.6106320309023 3 4 4 3 4 4 606 183 16 2 0 0 
1668898361.8923767 20.341015625 21.818604452765758 990.6022181912855 3 4 4 3 4 4 606 183 16 2 0 0 
1668898367.026468 20.34609375 21.67588665369512 990.6420465247246 3 4 4 3 4 4 669 202 20 2 0 0 
1668898372.1604006 20.3357421875 21.89602905415977 990.6201701755791 3 4 4 3 4 4 669 202 20 2 0 0 
1668898377.2938623 20.341015625 21.729266216103227 990.5982938382466 3 4 4 3 4 4 669 202 20 2 0 0 
1668898382.4271119 20.34609375 21.78860210373241 990.606987208481 3 5 5 3 5 5 657 197 27 4 0 0 
1668898387.5610688 20.34609375 21.84860584635292 990.6316704449922 3 5 5 3 5 5 657 197 27 4 0 0 
1668898392.6937096 20.3357421875 21.860294838560247 990.6602782196744 3 5 5 3 5 5 657 197 27 4 0 0 
1668898397.8270423 20.341015625 21.74117811459015 990.5982938382466 2 4 4 2 4 4 630 186 27 4 0 0 
1668898402.9568167 20.34609375 21.65206263852264 990.6285841546216 2 4 4 2 4 4 630 186 27 4 0 0 
1668898408.0903196 20.34609375 21.824783023263514 990.6159594447172 2 3 4 2 3 4 630 175 20 2 0 0 
1668898413.2228858 20.351171875 21.818604452765758 990.6305461565607 2 3 4 2 3 4 630 175 20 2 0 0 
1668898418.3560817 20.351171875 21.644982333638204 990.6428913726892 2 3 4 2 3 4 630 175 20 2 0 0 
1668898423.489945 20.351171875 21.90131902659725 990.626622016263 2 3 3 2 3 3 615 173 16 0 0 0 
1668898428.6230364 20.361328125 21.811756902399395 990.6381223273985 2 3 3 2 3 3 615 173 16 0 0 0 
1668898433.7557788 20.35625 21.788378899133463 990.6400844942723 2 3 3 2 3 3 615 173 16 0 0 0 
1668898438.8891869 20.36640625 21.85367175546978 990.661402587076 2 4 4 2 4 4 630 180 18 2 0 0 
1668898444.0230231 20.361328125 21.900875176140396 990.6642094365378 2 4 4 2 4 4 630 180 18 2 0 0 
1668898449.1568797 20.351171875 21.704993971948028 990.6440150578221 2 4 4 2 4 4 630 180 18 2 0 0 
1668898454.2905443 20.36640625 21.716458135486356 990.6894524240884 2 4 4 2 4 4 615 175 18 2 0 0 
1668898459.4240491 20.36640625 21.66835852931788 990.6347566805 2 4 4 2 4 4 615 175 18 2 0 0 
1668898464.557462 20.371484375 21.7815296975821 990.6356007363282 2 4 4 2 4 4 615 175 18 2 0 0 
1668898469.6908774 20.361328125 21.668807765365052 990.6271864165818 2 4 4 2 4 4 624 168 18 2 0 0 
1668898474.8244603 20.35625 21.788155683668442 990.5904434951107 2 4 4 2 4 4 624 168 18 2 0 0 
1668898479.958154 20.371484375 21.739835488328318 990.6524293810636 2 4 4 2 4 4 624 168 18 2 0 0 
1668898485.091826 20.371484375 21.728370625239098 990.6356007363282 2 3 3 2 3 3 588 159 14 2 0 0 
1668898490.2261422 20.36640625 21.5968800902423 990.615406371873 3 4 4 3 4 4 636 194 17 4 0 0 
1668898495.361967 20.3765625 21.63216939000101 990.6336380507175 3 4 4 3 4 4 627 191 17 4 0 0 
1668898500.4969604 20.371484375 21.739611679252608 990.6319551731401 3 4 4 3 4 4 627 191 17 4 0 0 
1668898505.6308262 20.381640625 21.668133894994337 990.6148463211589 3 4 4 3 4 4 627 191 17 4 0 0 
1668898510.76421 20.3765625 21.81131096727361 990.6198949926788 3 4 4 3 4 4 642 200 15 2 0 0 
1668898515.8980844 20.3765625 21.745344343291222 990.6280293656355 3 4 4 3 4 4 642 200 15 2 0 0 
1668898521.0340695 20.381640625 21.76917017642676 990.6081147601108 2 3 3 2 3 3 642 200 15 2 0 0 
1668898526.16919 20.381640625 21.691511236461967 990.6347609842726 2 3 3 2 3 3 663 203 15 2 0 0 
1668898531.30427 20.391796875 21.63194432130718 990.6344808481379 2 3 3 2 3 3 663 203 15 2 0 0 
1668898536.4392433 20.381640625 21.82233195268895 990.6280293656355 2 3 3 2 3 3 663 203 15 2 0 0 
1668898541.5743148 20.38671875 21.75085341958645 990.6047489800064 2 2 2 2 2 2 642 194 8 0 0 0 
1668898546.7084181 20.391796875 21.745344343291222 990.612602915398 2 2 2 2 2 2 642 194 8 0 0 0 
1668898551.8435724 20.38671875 21.76849968293374 990.5999806166758 2 2 2 2 2 2 642 194 8 0 0 0 
1668898556.9792032 20.381640625 21.625987573257543 990.598859047789 2 2 2 2 2 2 606 187 10 0 0 0 
1668898562.1143236 20.401953125 21.78636956876909 990.619054218196 2 2 2 2 2 2 606 187 10 0 0 0 
1668898567.248892 20.401953125 21.714889470339543 990.647383813711 None None None None None None None None None None None None 
1668898572.383905 20.401953125 21.70870852139713 990.6067124477735 3 4 4 3 4 4 753 211 24 0 0 0 
1668898577.5202162 20.396875 21.785699596391243 990.6308347389157 3 4 4 3 4 4 753 211 24 0 0 0 
1668898582.6526484 20.4171875 21.738044711465772 990.6835681424359 3 4 4 3 4 4 702 197 19 0 0 0 
1668898587.7879934 20.40703125 21.619129881294732 990.6266273198111 3 4 4 3 4 4 702 197 19 0 0 0 
1668898592.9233322 20.412109375 21.702303116006703 990.6229806108379 2 3 3 2 3 3 702 197 19 0 0 0 
1668898598.059231 20.412109375 21.71994985768107 990.6058697475466 2 3 3 2 3 3 660 190 21 0 0 0 
1668898603.194928 20.412109375 21.583161791645725 990.6462617338361 2 3 3 2 3 3 660 190 21 0 0 0 
1668898608.3302913 20.412109375 21.61317283759042 990.6232613753276 2 3 3 2 3 3 660 190 21 0 0 0 
1668898613.4654436 20.40703125 21.59530164479819 990.5879189751348 2 2 2 2 2 2 654 187 21 0 0 0 
1668898618.6002994 20.412109375 21.773562453446818 990.5823077741421 2 2 2 2 2 2 654 187 21 0 0 0 
1668898623.7354596 20.4171875 21.684656683569944 990.5943698635247 2 2 2 2 2 2 654 187 21 0 0 0 
1668898628.8705454 20.422265625 21.5231368328608 990.6075527461712 1 2 2 1 2 2 633 180 23 0 0 0 
1668898634.0056503 20.422265625 21.76760553948315 990.6414934581016 1 2 2 1 2 2 633 180 23 0 0 0 
1668898639.1408124 20.422265625 21.898655271921953 990.636444498918 1 2 2 1 2 2 633 180 23 0 0 0 
1668898644.2750356 20.422265625 21.743553942721714 990.6361637334882 1 2 2 1 2 2 576 168 23 0 0 0 
1668898649.4101279 20.4171875 21.701854487885686 990.5904415221489 1 1 1 1 1 1 600 155 10 0 0 0 
1668898654.5454721 20.42734375 21.666111697083213 990.6154055558427 1 2 2 1 2 2 615 162 12 0 0 0 
1668898659.6796408 20.432421875 21.66588695409314 990.5968922726826 1 2 2 1 2 2 615 162 12 0 0 0 
1668898664.81541 20.442578125 21.71309605818586 990.5750129489462 1 2 2 1 2 2 615 162 12 0 0 0 
1668898669.9506419 20.4375 21.79627380188964 990.6013785099651 1 2 2 1 2 2 573 150 16 0 0 0 
1668898675.085919 20.44765625 21.736253239158312 990.6078291918129 1 2 2 1 2 2 573 150 16 0 0 0 
1668898680.2218401 20.442578125 21.569666453332573 990.6182090403038 1 2 2 1 2 2 573 150 16 0 0 0 
1668898685.3569465 20.44765625 21.527736125188625 990.5879140907284 1 2 2 1 2 2 588 157 16 0 0 0 
1668898690.4920077 20.4375 21.569666453332573 990.5943957451466 1 2 2 1 2 2 588 157 16 0 0 0 
1668898695.6270595 20.452734375 21.55729900934411 990.6162757917939 1 2 2 1 2 2 588 157 16 0 0 0 
1668898700.7599921 20.4578125 21.90305786160429 990.5794988309781 2 3 3 2 3 3 582 150 14 0 0 0 
1668898705.893822 20.462890625 21.563256833332538 990.5691495521609 2 3 3 2 3 3 582 150 14 0 0 0 
1668898711.027261 20.452734375 21.67600416159558 990.585698419573 2 3 3 2 3 3 582 150 14 0 0 0 
1668898716.1602604 20.4578125 21.640932692780023 990.5907476996855 1 2 2 1 2 2 588 157 14 0 0 0 
1668898721.29371 20.452734375 21.73007173041797 990.5854163839798 1 2 2 1 2 2 588 157 14 0 0 0 
1668898726.4266145 20.4578125 21.789869889770365 990.5472695309655 1 2 2 1 2 2 588 157 14 0 0 0 
1668898731.5599842 20.452734375 21.664313448895886 990.5540018439209 2 3 3 2 3 3 579 172 22 0 0 0 
1668898736.694126 20.452734375 21.67072064627842 990.5405065868467 2 3 3 2 3 3 579 172 22 0 0 0 
1668898741.8277514 20.4578125 21.6528479050254 990.5590510793714 2 3 3 2 3 3 594 170 22 0 0 0 
1668898746.9611006 20.4578125 21.81369924493244 990.573916768425 2 3 3 2 3 3 594 170 22 0 0 0 
1668898752.0944564 20.452734375 21.759859256612494 990.5971981334651 2 3 3 2 3 3 594 170 22 0 0 0 
1668898757.2282684 20.46796875 21.801561361430643 990.6258109679088 2 3 3 2 3 3 582 166 18 0 0 0 
1668898762.3594685 20.473046875 21.60428476036597 990.5882182525188 2 3 3 2 3 3 582 166 18 0 0 0 
1668898767.4925945 20.46796875 21.64048251534918 990.5781194492857 2 3 3 2 3 3 582 166 18 0 0 0 
1668898772.626144 20.473046875 21.586410854503534 990.586817359373 2 3 3 2 3 3 588 164 16 0 0 0 
1668898777.7600148 20.478125 21.640707609497998 990.610099001493 2 3 3 2 3 3 588 164 16 0 0 0 
1668898782.8936381 20.473046875 21.621482541868364 990.5666199189685 2 3 3 2 3 3 588 164 16 0 0 0 
1668898788.0274363 20.478125 21.5923688334073 990.5814857167504 2 3 3 2 3 3 537 155 14 0 0 0 
1668898793.1608407 20.483203125 21.681737283009664 990.5798025829831 2 3 3 2 3 3 537 155 14 0 0 0 
1668898798.293601 20.46796875 21.56876279727639 990.576718637912 2 3 3 2 3 3 537 155 14 0 0 0 
1668898803.424914 20.478125 21.62834174431786 990.6370291703004 2 3 3 2 3 3 522 143 12 0 0 0 
1668898808.5576766 20.478125 21.663863778182304 990.6120641740388 2 3 3 2 3 3 522 143 12 0 0 0 
1668898813.6902518 20.473046875 21.78301872892974 990.6283314792569 2 3 3 2 3 3 636 171 16 2 0 0 
1668898818.8217478 20.478125 21.73513321581005 990.6218809481437 2 3 3 2 3 3 636 171 16 2 0 0 
1668898823.9526274 20.473046875 21.616200646192844 990.6353460342253 2 3 3 2 3 3 636 171 16 2 0 0 
1668898829.082999 20.462890625 21.663863778182304 990.641796676047 3 4 4 3 4 4 708 187 18 2 0 0 
1668898834.2134044 20.473046875 21.7770610790804 990.6420785789445 3 4 4 3 4 4 708 187 18 2 0 0 
1668898839.3438077 20.473046875 21.78346564883454 990.6670439320909 3 4 4 3 4 4 708 187 18 2 0 0 
1668898844.4742098 20.473046875 21.830902472788267 990.6448809907247 3 4 4 3 4 4 729 196 21 2 0 0 
1668898849.6046197 20.46796875 21.657681002244395 990.6235640836592 3 4 4 3 4 4 729 196 21 2 0 0 
1668898854.7350626 20.473046875 21.586410854503534 990.6117821365192 3 4 4 3 4 4 729 196 21 2 0 0 
1668898859.8654995 20.462890625 21.7353572422124 990.5932676550794 3 4 4 3 4 4 693 189 21 2 0 0 
1668898864.9970531 20.473046875 21.711301950579518 990.5969160833514 3 4 4 3 4 4 693 189 21 2 0 0 
1668898870.1262283 20.478125 21.5923688334073 990.5893366307547 3 4 4 3 4 4 693 189 21 2 0 0 
1668898875.25665 20.473046875 21.79515732562976 990.5697037818478 3 4 4 3 4 4 708 189 21 2 0 0 
1668898880.3870609 20.478125 21.657681002244395 990.5713869151956 3 4 4 3 4 4 708 189 21 2 0 0 
1668898885.5174937 20.473046875 21.800891616780056 990.5643718556219 3 4 4 3 4 4 708 189 21 2 0 0 
1668898890.64791 20.473046875 21.878339728037876 990.5674555401602 3 4 4 3 4 4 714 194 21 2 0 0 
1668898895.7782278 20.483203125 21.73513321581005 990.5680206485699 3 4 4 3 4 4 690 199 18 0 0 0 
1668898900.9086504 20.483203125 21.80684922549759 990.5646543822243 3 3 3 3 3 3 678 192 14 0 0 0 
1668898906.0390546 20.478125 21.687245933383203 990.5391246635626 3 3 3 3 3 3 678 192 14 0 0 0 
1668898911.1694932 20.483203125 21.806402812267805 990.5826039862361 3 3 3 3 3 3 678 192 14 0 0 0 
1668898916.299895 20.483203125 21.782571765560416 990.6112177331671 3 3 3 3 3 3 672 187 14 0 0 0 
1668898921.4303205 20.483203125 21.794487309480957 990.5859703083555 3 3 3 3 3 3 672 187 14 0 0 0 
1668898926.560866 20.48828125 21.699161806373276 990.578389465692 3 3 3 3 3 3 672 187 14 0 0 0 
1668898931.6939213 20.493359375 21.54402600018347 990.5882058056651 3 3 3 3 3 3 693 191 16 0 0 0 
1668898936.8270946 20.493359375 21.865757173941056 990.622152729018 3 3 3 3 3 3 693 191 16 0 0 0 
1668898941.9588106 20.483203125 21.579089127850978 990.6252365636991 3 3 3 3 3 3 693 191 16 0 0 0 
1668898947.0908186 20.493359375 21.52591599029015 990.5969046867143 3 3 3 3 3 3 651 184 14 0 0 0 
1668898952.224144 20.493359375 21.68678808688272 990.6120535102084 3 3 3 3 3 3 651 184 14 0 0 0 
1668898957.3593087 20.50859375 21.73422838324823 990.6098048095088 3 3 3 3 3 3 651 184 14 0 0 0 
1668898962.4886444 20.503515625 21.591231658239366 990.6468358858413 3 3 3 3 3 3 618 172 16 0 0 0 
1668898967.6203697 20.503515625 21.650139182419984 990.6532862518955 3 3 3 3 3 3 618 172 16 0 0 0 
1668898972.7492168 20.50859375 21.751654796813657 990.6518855806909 3 3 3 3 3 3 618 172 16 0 0 0 
1668898977.8785968 20.503515625 21.680380605458367 990.6600192338567 3 3 3 3 3 3 591 169 10 0 0 0 
1668898983.0098932 20.503515625 21.560987766236668 990.6516030065801 3 3 3 3 3 3 591 169 10 0 0 0 
1668898988.1444092 20.513671875 21.781445569014675 990.6661869844058 2 3 3 2 3 3 576 165 12 0 0 0 
1668898993.277972 20.50859375 21.674197585791372 990.6058723598381 2 3 3 2 3 3 576 165 12 0 0 0 
1668898998.4122198 20.513671875 21.775711045778237 990.6350532669728 2 3 3 2 3 3 576 165 12 0 0 0 
1668899003.5437102 20.503515625 21.686114192925537 990.641503536156 2 3 3 2 3 3 576 162 10 0 0 0 
1668899008.6703107 20.50859375 21.745920565998624 990.6566527427362 2 3 3 2 3 3 576 162 10 0 0 0 
1668899013.8040411 20.503515625 21.739514381826016 990.6715194341223 2 3 3 2 3 3 576 162 10 0 0 0 
1668899018.9320426 20.513671875 21.608655511203693 990.619904190606 2 3 3 2 3 3 564 159 8 0 0 0 
1668899024.0658057 20.513671875 21.489484914632648 990.6300035742212 2 3 3 2 3 3 564 159 8 0 0 0 
1668899029.1991205 20.513671875 21.673972795194924 990.6291549947148 2 3 3 2 3 3 564 159 8 0 0 0 
1668899034.3305538 20.51875 21.572904764186095 990.614571627334 2 3 3 2 3 3 600 162 10 0 0 0 
1668899039.460881 20.51875 21.667564656090615 990.6392546249097 2 3 3 2 3 3 600 162 10 0 0 0 
1668899044.5912786 20.513671875 21.62034693504222 990.6294379640087 2 3 3 2 3 3 600 162 10 0 0 0 
1668899049.7215986 20.523828125 21.81674786514134 990.6305552010417 3 3 3 3 3 3 627 167 10 0 0 0 
1668899054.8520215 20.523828125 21.620572344599328 990.6173720960026 3 3 3 3 3 3 627 167 10 0 0 0 
1668899059.9825375 20.51875 21.625854690921354 990.6490713415752 3 3 4 3 3 4 633 168 14 2 0 0 
1668899065.1165912 20.51875 21.64373045199153 990.646270546809 3 3 4 3 3 4 633 168 14 2 0 0 
1668899070.250101 20.51875 21.60224583644883 990.630838266239 3 3 4 3 3 4 633 168 14 2 0 0 
1668899075.3822055 20.5341796875 21.697357179794754 990.6457047699396 3 3 4 3 3 4 681 179 16 2 0 0 
1668899080.5105515 20.52890625 21.5605355607423 990.6291549947148 3 3 4 3 3 4 681 179 16 2 0 0 
1668899085.643824 20.51875 21.673972795194924 990.6271886309448 3 3 4 3 3 4 681 179 16 2 0 0 
1668899090.7752407 20.51875 21.685440201169058 990.5904397689582 3 4 4 3 4 4 681 183 16 2 0 0 
1668899095.9024196 20.5341796875 21.70331565367962 990.5968895126623 3 4 4 3 4 4 681 183 16 2 0 0 
1668899101.034082 20.52890625 21.73906628099709 990.6437384180379 3 4 4 3 4 4 681 183 16 2 0 0 
1668899106.1664972 20.52890625 21.553898312710295 990.6423381985837 3 3 4 3 3 4 666 171 14 2 0 0 
1668899111.2968688 20.52890625 21.58391836696203 990.6255053460013 3 3 4 3 3 4 666 171 14 2 0 0 
1668899116.4273088 20.523828125 21.649238811001542 990.6521549150971 3 3 4 3 3 4 666 171 14 2 0 0 
1668899121.5578094 20.5341796875 21.72692524211177 990.6100724472865 3 3 4 3 3 4 651 164 12 2 0 0 
1668899126.6882312 20.5341796875 21.756941455803997 990.6403718197039 3 3 4 3 3 4 651 164 12 2 0 0 
1668899131.8210118 20.5341796875 21.726476801004335 990.6434552423821 3 3 4 3 3 4 651 164 12 2 0 0 
1668899136.9547079 20.5341796875 21.684766111613232 990.6044554695861 3 3 3 3 3 3 630 167 14 0 0 0 
1668899142.0888972 20.523828125 21.619445188144827 990.5932394724019 3 5 5 3 5 5 801 222 29 4 0 0 
1668899147.2216663 20.5341796875 21.798649837033896 990.5926721980738 3 5 5 3 5 5 795 212 29 4 0 0 
1668899152.3528478 20.5341796875 21.50049495383329 990.6083891494833 2 4 4 2 4 4 795 212 29 4 0 0 
1668899157.487194 20.52890625 21.57245283379816 990.5881895813004 2 4 4 2 4 4 795 212 29 4 0 0 
1668899162.6165287 20.5392578125 21.685440201169058 990.6302720263801 2 4 4 2 4 4 810 216 29 4 0 0 
1668899167.7456625 20.52890625 21.720966740597763 990.630838266239 2 4 4 2 4 4 810 216 29 4 0 0 
1668899172.8786454 20.52890625 21.803938172689776 990.6400886169297 3 5 5 3 5 5 810 216 29 4 0 0 
1668899178.010239 20.52890625 21.643280107001782 990.6633718785556 3 5 5 3 5 5 777 212 27 4 0 0 
1668899183.1328502 20.5341796875 21.571548842616853 990.5548074415295 3 5 5 3 5 5 777 212 27 4 0 0 
1668899188.2633815 20.5341796875 21.5775077388225 990.5921230388739 2 4 4 2 4 4 777 212 27 4 0 0 
1668899193.3939478 20.5341796875 21.76841073098023 990.5881895813004 2 4 4 2 4 4 786 212 25 4 0 0 
1668899198.5253966 20.5341796875 21.46451420411545 990.6280220228923 2 4 4 2 4 4 786 212 25 4 0 0 
1668899203.6546917 20.5341796875 21.69713263168618 990.6064223777938 2 4 4 2 4 4 786 212 25 4 0 0 
1668899208.7844965 20.51875 21.83439947696059 990.5783733959786 2 2 2 2 2 2 729 193 18 0 0 0 
1668899213.9163198 20.523828125 21.67948169642823 990.5918396618184 2 2 2 2 2 2 729 193 18 0 0 0 
1668899219.0479634 20.513671875 21.548391989943916 990.6100724472865 2 2 2 2 2 2 729 193 18 0 0 0 
1668899224.181281 20.513671875 21.78077487821872 990.5935229453632 2 3 3 2 3 3 576 176 6 2 0 0 
1668899229.3158617 20.51875 21.614388454712124 990.620738638142 2 3 3 2 3 3 576 176 6 2 0 0 
1668899234.4495363 20.51875 21.632489136856513 990.6005393895016 2 3 3 2 3 3 555 165 6 2 0 0 
1668899239.5790682 20.513671875 21.60224583644883 990.6089557418778 2 3 3 2 3 3 555 165 6 2 0 0 
1668899244.712838 20.5341796875 21.64968901844428 990.6019393641358 2 3 3 2 3 3 555 165 6 2 0 0 
1668899249.8445702 20.51875 21.673747993731826 990.5968895126623 2 2 2 2 2 2 543 160 6 0 0 0 
1668899254.9778645 20.523828125 21.65609760104099 990.6083891494833 2 2 2 2 2 2 543 160 6 0 0 0 
1668899260.106362 20.51875 21.798873205195314 990.6055892007175 2 2 2 2 2 2 543 160 6 0 0 0 
1668899265.2380564 20.51875 21.780998452683523 990.5977391934122 2 3 3 2 3 3 564 167 8 0 0 0 
1668899270.3602881 20.50859375 21.816971016135508 990.6546868408316 2 3 3 2 3 3 564 167 8 0 0 0 
1668899275.4900298 20.503515625 21.847207148242937 990.6732026938361 2 3 3 2 3 3 564 167 8 0 0 0 
1668899280.6208684 20.50859375 21.89464815848694 990.65693527617 2 3 3 2 3 3 615 184 8 0 0 0 
1668899285.7518523 20.503515625 21.710171650878674 990.6249538820989 2 3 3 2 3 3 615 184 8 0 0 0 
1668899290.881632 20.503515625 21.722087997056164 990.5825900088619 2 3 3 2 3 3 615 184 8 0 0 0 
1668899296.0110025 20.4984375 21.66250585479367 990.5598742531315 1 2 2 1 2 2 603 182 6 0 0 0 
1668899301.1455572 20.503515625 21.787850627931743 990.5983050999539 1 2 2 1 2 2 603 182 6 0 0 0 
1668899306.280002 20.493359375 21.769976638927833 990.6137367131685 3 3 3 3 3 3 702 193 14 0 0 0 
1668899311.411194 20.503515625 21.77683753406079 990.6235533466906 3 3 3 3 3 3 702 193 14 0 0 0 
1668899316.5447085 20.48828125 21.66295565674341 990.6084043967603 3 3 3 3 3 3 702 193 14 0 0 0 
1668899321.6751196 20.493359375 21.78807407929792 990.6319694324328 2 3 3 2 3 3 630 160 12 0 0 0 
1668899326.805904 20.473046875 21.615524408056096 990.617385649792 2 3 3 2 3 3 630 160 12 0 0 0 
1668899331.9384902 20.483203125 21.812583691517133 990.6381483369754 2 3 3 2 3 3 630 160 12 0 0 0 
1668899337.0695765 20.483203125 21.663414064001984 990.5761538839673 2 3 3 2 3 3 636 167 12 0 0 0 
1668899342.2014704 20.483203125 21.645540053990132 990.5983170582693 2 3 3 2 3 3 636 167 12 0 0 0 
1668899347.3312325 20.462890625 21.681961917483076 990.5971981334651 2 3 3 2 3 3 636 167 12 0 0 0 
1668899352.4624038 20.478125 21.777284613233856 990.6086979311742 3 3 3 3 3 3 627 174 19 0 0 0 
1668899357.590234 20.462890625 21.693877398409928 990.5719515316206 3 3 3 3 3 3 627 174 19 0 0 0 
1668899362.7178252 20.4578125 21.914972169033092 990.5840153263422 3 3 3 3 3 3 627 174 19 0 0 0 
1668899367.850297 20.462890625 21.878562093167588 990.6339447594759 3 3 3 3 3 3 648 181 19 0 0 0 
1668899372.9848146 20.462890625 21.80751876384712 990.6171135388599 3 3 3 3 3 3 648 181 19 0 0 0 
1668899378.1145887 20.462890625 21.795827243983894 990.6176772042464 3 3 3 3 3 3 648 181 19 0 0 0 
1668899383.2483854 20.4578125 21.754125548567057 990.5927126651248 3 3 3 3 3 3 669 193 17 0 0 0 
1668899388.3831725 20.452734375 21.819879567336578 990.6328250584282 2 3 3 2 3 3 594 165 20 0 0 0 
1668899393.517257 20.442578125 21.96307169459135 990.6485040125332 2 3 3 2 3 3 624 174 20 0 0 0 
1668899398.6509578 20.442578125 21.844153877707765 990.649066092354 2 3 3 2 3 3 624 174 20 0 0 0 
1668899403.784355 20.442578125 21.87371668309362 990.6451379033888 2 3 3 2 3 3 624 174 20 0 0 0 
1668899408.9163535 20.442578125 21.84437657936537 990.6201734188387 2 3 3 2 3 3 618 169 18 0 0 0 
1668899414.050561 20.432421875 21.86820446413699 990.6238206873485 2 3 3 2 3 3 618 169 18 0 0 0 
1668899419.1831992 20.432421875 21.808411329522297 990.5991377537471 2 3 3 2 3 3 618 169 18 0 0 0 
1668899424.3169315 20.42734375 21.84459927015714 990.638967928464 2 3 3 2 3 3 609 162 16 0 0 0 
1668899429.4513113 20.412109375 21.898433221739428 990.6210167376859 2 3 3 2 3 3 609 162 16 0 0 0 
1668899434.5803146 20.4375 21.719053339754126 990.615124299469 2 3 3 2 3 3 609 162 16 0 0 0 
1668899439.7144315 20.432421875 21.779295931638146 990.607271640835 3 3 3 3 3 3 630 171 16 0 0 0 
1668899444.844111 20.432421875 21.83268540361601 990.6255037138595 3 3 3 3 3 3 630 171 16 0 0 0 
1668899449.978265 20.422265625 21.707811583704036 990.6423339828143 3 3 3 3 3 3 630 171 16 0 0 0 
1668899455.111851 20.42734375 21.660154529300733 990.6173697154028 3 3 3 3 3 3 639 169 20 0 0 0 
1668899460.2449875 20.4171875 21.94057342858674 990.6126017424649 3 3 3 3 3 3 639 169 20 0 0 0 
1668899465.37451 20.4171875 21.82121739506339 990.6241017665129 3 3 3 3 3 3 639 169 20 0 0 0 
1668899470.5049927 20.412109375 21.99969668507986 990.6462617338361 3 5 5 3 5 5 675 193 27 4 0 0 
1668899475.6364985 20.412109375 21.80312371863729 990.6232613753276 3 5 5 3 5 5 675 193 27 4 0 0 
1668899480.7705646 20.412109375 21.83313102766399 990.6350421822433 3 5 5 3 5 5 711 205 25 4 0 0 
1668899485.901761 20.401953125 21.964620827266344 990.6103590178894 3 5 5 3 5 5 711 205 25 4 0 0 
1668899491.0323226 20.401953125 22.012492748090533 990.6356031931883 3 5 5 3 5 5 711 205 25 4 0 0 
1668899496.1653311 20.391796875 21.9054997767404 990.6271884663408 2 4 4 2 4 4 711 207 25 4 0 0 
1668899501.2993083 20.396875 21.768723191630922 990.6342006026076 2 4 4 2 4 4 711 207 25 4 0 0 
1668899506.433239 20.396875 22.012713448356287 990.63924939867 2 4 4 2 4 4 711 207 25 4 0 0 
1668899511.5670877 20.391796875 21.828511240460934 990.6243833392514 2 4 4 2 4 4 705 200 23 4 0 0 
1668899516.701065 20.38671875 21.768723191630922 990.6406520301358 3 5 5 3 5 5 705 200 23 4 0 0 
1668899521.8348615 20.38671875 21.93550326955111 990.614566131717 3 5 5 3 5 5 705 200 23 4 0 0 
1668899526.9686797 20.391796875 21.87616214117659 990.6162490357121 3 5 5 3 5 5 747 212 25 4 0 0 
1668899532.1002927 20.381640625 21.929990248454757 990.6384067936352 2 4 4 2 4 4 747 212 25 4 0 0 
1668899537.2342427 20.381640625 21.989551336534856 990.5932490081519 2 4 4 2 4 4 747 212 25 4 0 0 
1668899542.3674176 20.381640625 22.055067346232864 990.648783952061 2 4 4 2 4 4 726 210 25 4 0 0 
1668899547.5003283 20.3765625 21.899765359850853 990.6549558468948 2 4 4 2 4 4 726 210 25 4 0 0 
1668899552.6342251 20.361328125 22.037640219615056 990.620454962043 2 3 3 2 3 3 531 165 17 0 0 0 
1668899557.7674143 20.3765625 21.918521410569408 990.6370038060824 2 3 3 2 3 3 531 165 17 0 0 0 
1668899562.9012864 20.36640625 22.055727840145735 990.6658923018852 2 3 3 2 3 3 531 165 17 0 0 0 
1668899568.03557 20.35625 22.008522981693872 990.6729031642681 2 3 3 2 3 3 510 160 15 0 0 0 
1668899573.168948 20.351171875 21.82411467986148 990.631949746728 2 3 3 2 3 3 510 160 15 0 0 0 
1668899578.3028052 20.34609375 21.764554839769062 990.656912598075 2 3 3 2 3 3 510 160 15 0 0 0 
1668899583.436349 20.341015625 21.8243374718614 990.6605572909206 2 2 2 2 2 2 453 144 13 0 0 0 
1668899588.5693007 20.341015625 21.937718504764167 990.6790680655744 2 2 2 2 2 2 453 144 13 0 0 0 
1668899593.7003117 20.3306640625 21.896250999255983 990.6689712783509 2 2 2 2 2 2 453 144 13 0 0 0 
1668899598.8342593 20.3357421875 22.009626229236932 990.6479317975766 2 2 2 2 2 2 438 139 11 0 0 0 
1668899603.967481 20.3255859375 22.134905255200106 990.627738729677 2 2 2 2 2 2 438 139 11 0 0 0 
1668899609.100295 20.3205078125 21.944116878593174 990.6762600398838 1 1 1 1 1 1 438 139 11 0 0 0 
1668899614.2341928 20.3357421875 22.02749219997295 990.6664421186598 0 1 1 0 1 1 444 134 11 0 0 0 
1668899619.3681433 20.3255859375 21.873095100272145 990.6633552253204 0 1 1 0 1 1 444 134 11 0 0 0 
1668899624.5016894 20.3154296875 21.831406783762887 990.6751344290731 1 2 2 1 2 2 444 134 11 0 0 0 
1668899629.6355796 20.3205078125 21.968380790104614 990.6518546307506 2 2 2 2 2 2 465 139 11 0 0 0 
1668899634.7688086 20.3205078125 22.045798476091946 990.6535373598869 3 4 4 3 4 4 624 170 31 2 0 0 
1668899639.9026227 20.3154296875 21.837807456059064 990.6437195503069 3 4 4 3 4 4 651 177 24 2 0 0 
1668899645.035586 20.3052734375 21.956691436755467 990.6574596204605 3 4 4 3 4 4 651 177 24 2 0 0 
1668899650.1701336 20.3103515625 21.91544796670703 990.6697947123974 3 4 4 3 4 4 651 177 24 2 0 0 
1668899655.3040764 20.3052734375 21.945674774941438 990.6496026106129 3 4 4 3 4 4 672 184 26 0 0 0 
1668899660.4379637 20.3001953125 21.8623042151529 990.6566113419583 3 4 4 3 4 4 672 184 26 0 0 0 
1668899665.5722027 20.2900390625 21.874214418418866 990.6782080911112 3 4 4 3 4 4 672 184 26 0 0 0 
1668899670.705597 20.2951171875 21.957584690516324 990.6243624975349 2 3 3 2 3 3 615 165 22 0 0 0 
1668899675.8395786 20.3052734375 21.933534855746593 990.6411892378399 2 3 3 2 3 3 615 165 22 0 0 0 
1668899680.973776 20.2951171875 21.999269071375977 990.6125837834801 2 3 3 2 3 3 615 165 22 0 0 0 
1668899686.107568 20.2900390625 21.92185482049548 990.6582940034443 3 3 3 3 3 3 621 170 22 0 0 0 
1668899691.2413995 20.2951171875 21.993755673215166 990.6717552978474 3 3 3 3 3 3 621 170 22 0 0 0 
1668899696.3755288 20.2798828125 22.083295436200313 990.6414673917302 3 3 3 3 3 3 621 170 22 0 0 0 
1668899701.5088248 20.2849609375 22.03565890360514 990.6271576188254 2 3 3 2 3 3 627 167 26 0 0 0 
1668899706.6423733 20.2849609375 21.94611735766499 990.6507142989437 2 3 3 2 3 3 627 167 26 0 0 0 
1668899711.7754653 20.2748046875 22.14901352135983 990.6403407378011 2 3 3 2 3 3 627 167 26 0 0 0 
1668899716.909561 20.2697265625 22.14857565755267 990.7068135918073 3 4 4 3 4 4 708 210 17 2 0 0 
1668899722.0404127 20.2697265625 21.905098528749704 990.6425789138463 3 4 4 3 4 4 708 210 17 2 0 0 
1668899727.173564 20.2595703125 21.857238345843662 990.6762310596303 3 4 4 3 4 4 729 214 15 2 0 0 
1668899732.3082323 20.2697265625 22.048228351705603 990.6613650486117 2 3 3 2 3 3 729 214 15 2 0 0 
1668899737.4423356 20.2697265625 22.107552260549596 990.6714606126772 2 3 3 2 3 3 729 214 15 2 0 0 
1668899742.5761213 20.2595703125 22.054402721371105 990.6515469171188 2 4 4 2 4 4 729 214 22 2 0 0 
1668899747.7102933 20.2595703125 22.01867672551997 990.6501416716121 2 4 4 2 4 4 729 214 22 2 0 0 
1668899752.8440654 20.2544921875 22.113945225947283 990.6232206214135 3 5 5 3 5 5 729 214 22 2 0 0 
1668899757.9773035 20.2595703125 22.161578489950088 990.6616423973214 3 4 4 3 4 4 687 200 22 2 0 0 
1668899763.1113172 20.2443359375 22.0072090334732 990.6618838556053 3 4 4 3 4 4 687 200 22 2 0 0 
1668899768.2455013 20.2494140625 22.05484267667608 990.66216087473 3 4 4 3 4 4 687 200 22 2 0 0 
1668899773.3793535 20.2443359375 21.99552116887672 990.6374769140748 3 4 4 3 4 4 645 191 20 2 0 0 
1668899778.5125868 20.2240234375 22.025292031858047 990.6514904660961 3 4 4 3 4 4 645 191 20 2 0 0 
1668899783.6454089 20.2291015625 22.186487119269973 990.6293413229038 3 4 4 3 4 4 645 191 20 2 0 0 
1668899788.777955 20.2341796875 21.942596706463284 990.6366247995408 1 3 3 1 3 3 588 180 22 4 0 0 
1668899793.9117599 20.2240234375 22.074023490933687 990.6551319751853 1 3 3 1 3 3 588 180 22 4 0 0 
1668899799.046412 20.2087890625 21.972808750443004 990.6570908635679 2 3 3 2 3 3 657 187 16 0 0 0 
1668899804.1803668 20.2087890625 22.193095855894214 990.66241450358 2 3 3 2 3 3 657 187 16 0 0 0 
1668899809.3143997 20.2087890625 22.092323563995013 990.6674618360796 3 4 4 3 4 4 657 187 16 0 0 0 
1668899814.4476483 20.2087890625 22.163546808416417 990.6540022841446 3 4 4 3 4 4 666 189 16 0 0 0 
1668899819.5814686 20.2037109375 21.985378652213 990.6439076231276 3 4 4 3 4 4 666 189 16 0 0 0 
1668899824.716069 20.1935546875 21.973912935666128 990.6497834252815 2 3 3 2 3 3 666 189 16 0 0 0 
1668899829.8496847 20.1986328125 22.08658953688237 990.6545546267412 2 2 2 2 2 2 651 182 14 0 0 0 
1668899834.980503 20.1935546875 22.105327162059968 990.6441839304233 2 2 2 2 2 2 651 182 14 0 0 0 
1668899840.1142395 20.1884765625 21.955831212541895 990.6231411445789 3 3 3 3 3 3 651 182 14 0 0 0 
1668899845.2485492 20.1783203125 22.111061133066475 990.6419233157206 2 3 3 2 3 3 573 151 10 0 0 0 
1668899850.3827393 20.1884765625 22.045574796848253 990.6590227252168 2 3 3 2 3 3 573 151 10 0 0 0 
1668899855.5164795 20.1783203125 22.224824653871142 990.6368761899369 2 3 3 2 3 3 573 151 10 0 0 0 
1668899860.6479018 20.1732421875 22.05218781809555 990.6525688730279 1 2 2 1 2 2 609 155 8 0 0 0 
1668899865.7814884 20.1732421875 22.082172929283626 990.6447081328228 1 2 2 1 2 2 609 155 8 0 0 0 
1668899870.9125705 20.1732421875 22.105984939684753 990.6444326863291 1 2 2 1 2 2 609 155 8 0 0 0 
1668899876.0450363 20.1681640625 22.17190407264879 990.6497550967563 2 3 3 2 3 3 609 153 8 0 0 0 
1668899881.174635 20.1681640625 22.23738349905351 990.6497550967563 3 3 3 3 3 3 636 175 18 0 0 0 
1668899886.306501 20.1529296875 22.059239839466283 990.6606743442532 3 3 3 3 3 3 642 173 18 0 0 0 
1668899891.4405017 20.1529296875 22.22547824121291 990.6659960347456 3 3 3 3 3 3 642 173 18 0 0 0 
1668899896.5722232 20.142578125 22.166388381492496 990.6780465536806 2 2 2 2 2 2 642 173 18 0 0 0 
1668899901.7060287 20.1375 22.184246148393253 990.6497229967877 2 2 2 2 2 2 600 162 14 0 0 0 
1668899906.8371952 20.1478515625 22.267798509810266 990.6878655222503 2 2 2 2 2 2 600 162 14 0 0 0 
1668899911.9704099 20.142578125 22.184901016523053 990.6379473184811 2 2 2 2 2 2 600 162 14 0 0 0 
1668899917.1002667 20.1375 21.98273519878977 990.62699584855 3 3 3 3 3 3 612 171 14 0 0 0 
1668899922.2301486 20.122265625 22.084367565341097 990.6774618305793 3 3 3 3 3 3 612 171 14 0 0 0 
1668899927.3610597 20.12734375 22.226785122567833 990.6516798777168 3 3 3 3 3 3 612 171 14 0 0 0 
1668899932.492192 20.10703125 22.364548333234932 990.6272703650088 2 2 2 2 2 2 627 173 12 0 0 0 
1668899937.6227481 20.112109375 22.281448772680495 990.6712812480348 2 2 2 2 2 2 627 173 12 0 0 0 
1668899942.7548625 20.10703125 22.174088178470615 990.6250030772919 2 2 2 2 2 2 627 173 12 0 0 0 
1668899947.8869245 20.096875 22.24022116151146 990.6199566863211 3 3 3 3 3 3 612 168 12 0 0 0 
1668899953.0213702 20.091796875 22.276365597706384 990.6505088355283 3 3 3 3 3 3 612 168 12 0 0 0 
1668899958.1529872 20.08671875 22.377755967399207 990.6558288336366 3 3 3 3 3 3 612 168 12 0 0 0 
1668899963.2850873 20.0765625 22.2519071505948 990.6687384920374 2 3 3 2 3 3 663 190 14 2 0 0 
1668899968.4187384 20.08671875 22.264462530793853 990.6090038473959 3 4 4 3 4 4 663 190 14 2 0 0 
1668899973.5483577 20.0765625 22.359469740651686 990.652464624633 3 4 4 3 4 4 636 180 14 2 0 0 
1668899978.6810455 20.071484375 22.33036189713594 990.656649110302 3 4 4 3 4 4 636 180 14 2 0 0 
1668899983.813006 20.06640625 22.264462530793853 990.6631041043752 3 4 4 3 4 4 636 180 14 2 0 0 
1668899988.9447684 20.06640625 22.342480812675895 990.6737428243171 2 3 3 2 3 3 651 187 16 2 0 0 
1668899994.0791426 20.06640625 22.229188427520395 990.666741494965 2 3 3 2 3 3 651 187 16 2 0 0 
1668899999.2079484 20.06640625 22.175624801507578 990.6580578714778 2 3 3 2 3 3 651 187 16 2 0 0 
1668900004.3387146 20.071484375 22.389874317112643 990.6378729461743 2 3 3 2 3 3 678 194 12 2 0 0 
1668900009.4696906 20.091796875 22.1454296034204 990.7096562156886 2 3 3 2 3 3 678 194 12 2 0 0 
1668900014.6002605 20.0765625 22.222801473259917 990.6731965720554 2 3 3 2 3 3 678 194 12 2 0 0 
1668900019.7334604 20.06640625 22.235139890200355 990.661422026673 2 3 3 2 3 3 678 192 17 2 0 0 
1668900024.8628857 20.0765625 22.360334378626586 990.6827425157229 3 4 4 3 4 4 678 192 17 2 0 0 
1668900029.9940138 20.06640625 22.312291266971233 990.6210521827702 3 4 4 3 4 4 678 192 17 2 0 0 
1668900035.1284475 20.05625 22.217503264478747 990.6600132382437 3 4 4 3 4 4 708 194 19 2 0 0 
1668900040.2593288 20.071484375 22.29487085185555 990.6465567281534 None None None None None None None None None None None None 
1668900045.3885179 20.06640625 22.18223094080507 990.6501941165662 2 3 3 2 3 3 537 154 16 2 0 0 
1668900050.5238485 20.06640625 22.19964895951597 990.6936545330241 2 3 3 2 3 3 537 154 16 2 0 0 
1668900055.654618 20.051171875 22.253646325923714 990.6588374580607 2 3 3 2 3 3 489 143 14 2 0 0 
1668900060.786527 20.04609375 22.170546543447834 990.7056615289912 2 3 3 2 3 3 489 143 14 2 0 0 
1668900065.918464 20.04609375 22.217938818108923 990.6663836520544 2 3 3 2 3 3 489 143 14 2 0 0 
1668900071.05168 20.04609375 22.456626890611606 990.6560190861554 2 3 3 2 3 3 519 152 12 2 0 0 
1668900076.180858 20.04609375 22.272151334041315 990.6745210410154 2 3 3 2 3 3 519 152 12 2 0 0 
1668900081.3129854 20.030859375 22.456411901593906 990.6924779273372 2 3 3 2 3 3 519 152 12 2 0 0 
1668900086.4436042 20.041015625 22.266417523372088 990.6632921969073 2 3 4 2 3 4 519 155 14 4 2 0 
1668900091.5755384 20.030859375 22.528248288951797 990.6851577956243 2 3 4 2 3 4 519 155 14 4 2 0 
1668900096.706366 20.030859375 22.498924754849373 990.7087053766714 2 3 4 2 3 4 519 155 14 4 2 0 
1668900101.8398187 20.02578125 22.272585541568112 990.7022495834168 2 3 4 2 3 4 552 167 16 4 2 0 
1668900106.9696422 20.015625 22.386512823045543 990.652335575656 2 3 4 2 3 4 552 167 16 4 2 0 
1668900112.1002638 20.020703125 22.23731526996897 990.6739285388298 2 3 4 2 3 4 552 167 16 4 2 0 
1668900117.2322607 20.000390625 22.31510757184433 990.6456078661372 2 3 5 2 3 5 603 176 16 4 2 0 
1668900122.3614671 20.015625 22.297039248269883 990.668016907946 3 5 5 3 5 5 705 192 25 2 0 0 
1668900127.4939911 20.015625 22.434115502929338 990.6806563073235 3 5 5 3 5 5 705 192 25 2 0 0 
1668900132.6259499 20.020703125 22.475552591478074 990.645335535195 3 5 5 3 5 5 726 201 25 2 0 0 
1668900137.7550807 20.015625 22.285138030348318 990.6542896571602 3 5 5 3 5 5 726 201 25 2 0 0 
1668900142.87996 20.015625 22.409667791199954 990.6722465968808 3 5 5 3 5 5 726 201 25 2 0 0 
1668900148.008296 20.00546875 22.136806604369685 990.6576534853651 3 5 5 3 5 5 747 208 25 2 0 0 
1668900153.1389735 20.00546875 22.386728560912776 990.6427884002811 3 5 5 3 5 5 747 208 25 2 0 0 
1668900158.2703543 20.000390625 22.387160004057478 990.646696097836 3 5 5 3 5 5 747 208 25 2 0 0 
1668900163.3998585 19.9953125 22.399491447869266 990.6887429450029 3 5 5 3 5 5 726 203 25 2 0 0 
1668900168.5296462 19.98515625 22.30472322682065 990.6539669426414 2 4 4 2 4 4 726 203 25 2 0 0 
1668900173.6613622 19.98515625 22.518703803089196 990.6604227606492 2 4 4 2 4 4 726 203 25 2 0 0 
1668900178.793261 19.980078125 22.465155746842846 990.6413267101254 2 3 3 2 3 3 711 196 23 2 0 0 
1668900183.927604 19.98515625 22.399491447869266 990.6545098580563 3 4 4 3 4 4 711 196 23 2 0 0 
1668900189.0588946 19.980078125 22.36422309856493 990.6144178398234 3 4 4 3 4 4 711 196 23 2 0 0 
1668900194.1906254 19.98515625 22.2690228113031 990.6491929573875 3 3 3 3 3 3 642 175 16 0 0 0 
1668900199.3221128 19.980078125 22.483005191265395 990.6421940210905 3 3 3 3 3 3 642 175 16 0 0 0 
1668900204.4559414 19.980078125 22.530603258283413 990.6578734963306 2 3 3 2 3 3 576 157 13 0 0 0 
1668900209.5864758 19.98515625 22.30515646443001 990.6379631003603 2 3 3 2 3 3 576 157 13 0 0 0 
1668900214.7178817 19.9544921875 22.35275534399341 990.6746916918912 2 3 3 2 3 3 576 157 13 0 0 0 
1668900219.8464892 19.959765625 22.35870515777181 990.6606396734776 2 3 3 2 3 3 582 164 15 0 0 0 
1668900224.977859 19.96484375 22.448166086016567 990.613550279407 1 2 2 1 2 2 582 164 15 0 0 0 
1668900230.109525 19.96484375 22.424582876655016 990.6317785215338 1 2 2 1 2 2 582 164 15 0 0 0 
1668900235.2406428 19.96484375 22.466229533516444 990.6099154209624 2 2 2 2 2 2 561 162 15 0 0 0 
1668900240.3724825 19.9494140625 22.389100960478032 990.6407294770867 3 3 3 3 3 3 561 162 15 0 0 0 
1668900245.5023742 19.9392578125 22.496834296836116 990.6412711079569 3 3 3 3 3 3 561 162 15 0 0 0 
1668900250.633062 19.9341796875 22.413975636994603 990.6331332105634 2 3 4 2 3 4 528 146 15 2 2 0 
1668900255.7644167 19.9291015625 22.509160986230796 990.6252659102112 2 3 4 2 3 4 528 146 15 2 2 0 
1668900260.8967035 19.9240234375 22.473466787990855 990.6288997073337 2 3 4 2 3 4 528 146 15 2 2 0 
1668900266.0297396 19.9291015625 22.43160800712828 990.6625330965275 3 4 5 3 4 5 576 167 19 2 2 0 
1668900271.1590798 19.9087890625 22.461783368158926 990.5938552868752 3 4 5 3 4 5 576 167 19 2 2 0 
1668900276.2909343 19.9087890625 22.402516388845747 990.619620582952 3 4 5 3 4 5 576 167 19 2 2 0 
1668900281.4229832 19.9138671875 22.51532409303628 990.6353560045366 3 3 5 3 3 5 582 169 17 2 2 0 
1668900286.5519671 19.9037109375 22.366597805822142 990.6339447139329 2 3 3 2 3 3 783 211 23 2 0 0 
1668900291.681 19.9189453125 22.592659228854647 990.6190801008227 2 3 3 2 3 3 783 209 25 2 0 0 
1668900296.8148751 19.9087890625 22.557188138146397 990.6644848055071 3 4 4 3 4 4 783 209 25 2 0 0 
1668900301.9480848 19.9087890625 22.426089089999188 990.6123534822342 3 4 4 3 4 4 783 209 25 2 0 0 
1668900307.0823598 19.9138671875 22.467732378618617 990.5888103259704 3 4 4 3 4 4 774 204 25 2 0 0 
1668900312.212222 19.9240234375 22.5151099833697 990.6322630449968 3 4 4 3 4 4 774 204 25 2 0 0 
1668900317.3403256 19.9138671875 22.27163487760153 990.6036746837625 3 4 4 3 4 4 774 204 25 2 0 0 
1668900322.4717171 19.9189453125 22.545290557444485 990.6171280277127 3 5 5 3 5 5 768 209 29 2 0 0 
1668900327.6002593 19.9138671875 22.37828045403905 990.6067674104748 3 5 5 3 5 5 768 209 29 2 0 0 
1668900332.7328997 19.9087890625 22.467517719049777 990.6134941366744 2 4 4 2 4 4 768 209 29 2 0 0 
1668900337.8642385 19.9087890625 22.56865049603436 990.6524430768375 2 3 3 2 3 3 747 202 25 2 0 0 
1668900342.996332 19.9138671875 22.56886398707893 990.6476682422832 2 3 3 2 3 3 747 202 25 2 0 0 
1668900348.12725 19.9087890625 22.408241812446867 990.63898972116 3 4 4 3 4 4 747 202 25 2 0 0 
1668900353.2569077 19.9189453125 22.50873259683569 990.6339447139329 3 4 4 3 4 4 675 192 25 2 0 0 
1668900358.3876572 19.9240234375 22.425658797644733 990.6358966521798 3 4 4 3 4 4 675 192 25 2 0 0 
1668900363.5164964 19.9341796875 22.377849040096716 990.6504911507367 3 4 4 3 4 4 675 192 25 2 0 0 
1668900368.6486447 19.9189453125 22.396128091675372 990.6274883756286 2 3 3 2 3 3 777 204 18 0 0 0 
1668900373.7811441 19.9138671875 22.414414461882394 990.6375783076994 2 3 3 2 3 3 777 204 18 0 0 0 
1668900378.9131773 19.9138671875 22.604778050675094 990.6661664622135 3 3 3 3 3 3 789 209 16 0 0 0 
1668900384.0477986 19.9087890625 22.455834347442018 990.6398001200727 3 3 3 3 3 3 789 209 16 0 0 0 
1668900389.1785588 19.9037109375 22.522137296729618 990.6347552348502 3 3 3 3 3 3 789 209 16 0 0 0 
1668900394.3089447 19.9037109375 22.367253524738654 990.6630730920551 2 3 3 2 3 3 690 185 20 2 0 0 
1668900399.4419281 19.9138671875 22.521923299668018 990.6513015924467 2 3 3 2 3 3 690 185 20 2 0 0 
1668900404.5745592 19.9037109375 22.43226149451007 990.6328035285441 3 4 4 3 4 4 690 185 20 2 0 0 
1668900409.7002988 19.8935546875 22.593307011152913 990.6061675637892 3 4 4 3 4 4 663 175 18 2 0 0 
1668900414.8295453 19.8935546875 22.46222104991415 990.6585678034736 3 4 4 3 4 4 663 175 18 2 0 0 
1668900419.961497 19.8884765625 22.57567460018717 990.6282987317499 2 3 3 2 3 3 663 175 18 2 0 0 
1668900425.0934224 19.9138671875 22.509597569171383 990.6227136790662 2 3 3 2 3 3 657 175 16 2 0 0 
1668900430.2228153 19.8986328125 22.44415946497698 990.6496199499247 2 3 3 2 3 3 657 175 16 2 0 0 
1668900435.350263 19.8935546875 22.664689245701492 990.6566164086848 2 3 3 2 3 3 657 175 16 2 0 0 
1668900440.4815102 19.8986328125 22.634946827461707 990.6369766375814 3 4 4 3 4 4 657 180 18 2 0 0 
1668900445.6121264 19.8935546875 22.504505536707086 990.6439727124306 3 4 4 3 4 4 657 180 18 2 0 0 
1668900450.746507 19.8732421875 22.386393696511227 990.6293776784727 2 2 2 2 2 2 690 183 20 0 0 0 
1668900455.8780057 19.8884765625 22.42717290311998 990.6377854805636 2 2 2 2 2 2 690 183 20 0 0 0 
1668900461.008872 19.8833984375 22.57057973202401 990.6641517732611 3 3 3 3 3 3 690 183 20 0 0 0 
1668900466.1383395 19.8783203125 22.60648219851865 990.6355647733842 3 4 4 3 4 4 705 193 22 2 0 0 
1668900471.2702787 19.8783203125 22.439285281850122 990.670878129105 3 4 4 3 4 4 705 193 22 2 0 0 
1668900476.402128 19.8986328125 22.37958272863672 990.6389279487935 2 3 3 2 3 3 705 193 22 2 0 0 
1668900481.5329337 19.8884765625 22.462865103229134 990.6386582388768 2 3 4 2 3 4 726 203 22 2 0 0 
1668900486.6639566 19.8884765625 22.468599162514483 990.653792653677 2 3 4 2 3 4 726 203 22 2 0 0 
1668900491.7989585 19.8935546875 22.462865103229134 990.6473358885378 2 3 4 2 3 4 726 203 22 2 0 0 
1668900496.9297383 19.8884765625 22.39742912098817 990.621195820826 2 2 3 2 2 3 633 182 15 2 0 0 
1668900502.0610895 19.8884765625 22.450538111246804 990.6417516497239 2 2 3 2 2 3 633 182 15 2 0 0 
1668900507.1932669 19.8935546875 22.593307011152913 990.6114825905643 2 2 3 2 2 3 633 182 15 2 0 0 
1668900512.3222132 19.8935546875 22.462650429653692 990.6215722744381 3 3 4 3 3 4 669 189 15 2 0 0 
1668900517.4503067 19.8833984375 22.564204492671482 990.6403398402421 3 3 4 3 3 4 669 189 15 2 0 0 
1668900522.5812206 19.8884765625 22.510454129036958 990.6322015982544 3 3 4 3 3 4 669 189 15 2 0 0 
1668900527.712659 19.8783203125 22.463079765941696 990.6324712532487 2 2 3 2 2 3 654 189 15 2 0 0 
1668900532.8446572 19.8681640625 22.53488987680038 990.6394670411911 3 3 3 3 3 3 687 194 6 2 0 0 
1668900537.9756334 19.8783203125 22.481568825639446 990.6478748453759 3 4 4 3 4 4 750 205 6 2 0 0 
1668900543.1068227 19.8783203125 22.428033138540084 990.6324712532487 3 4 4 3 4 4 750 205 6 2 0 0 
1668900548.2403624 19.8732421875 22.517258822226736 990.6481441600824 3 4 4 3 4 4 750 205 6 2 0 0 
1668900553.370405 19.8732421875 22.4877315283499 990.6515072551332 3 3 3 3 3 3 678 189 6 2 0 0 
1668900558.5001602 19.8681640625 22.600747083551706 990.6262840490583 3 3 3 3 3 3 678 189 6 2 0 0 
1668900563.631701 19.8630859375 22.559537210801427 990.6250973455768 3 3 3 3 3 3 678 189 6 2 0 0 
1668900568.7627416 19.8580078125 22.631125422677925 990.6368678842188 3 3 3 3 3 3 705 191 6 2 0 0 
1668900573.8943295 19.8478515625 22.54806838012228 990.6688165063433 3 3 3 3 3 3 705 191 6 2 0 0 
1668900579.0259771 19.8427734375 22.65555376584369 990.6183029880274 3 3 3 3 3 3 705 191 6 2 0 0 
1668900584.1588533 19.8326171875 22.548495574519976 990.6353855712936 3 3 3 3 3 3 651 184 6 2 0 0 
1668900589.2925205 19.8427734375 22.596503454223487 990.646887199187 3 3 3 3 3 3 651 184 6 2 0 0 
1668900594.4273322 19.8224609375 22.632401167076974 990.6491049856979 3 3 3 3 3 3 651 184 6 2 0 0 
1668900599.5619664 19.8123046875 22.44250804333719 990.6496409109542 3 3 3 3 3 3 672 193 6 2 0 0 
1668900604.695821 19.8123046875 22.65703994371026 990.6283189399895 3 3 3 3 3 3 672 193 6 2 0 0 
1668900609.8296912 19.7970703125 22.657252211386137 990.6655759530206 3 3 3 3 3 3 672 193 6 2 0 0 
1668900614.9635446 19.7919921875 22.561884969102113 990.6305356604009 3 4 4 3 4 4 579 179 19 2 0 0 
1668900620.0975022 19.7919921875 22.50878710373358 990.6187664531423 3 4 4 3 4 4 579 179 19 2 0 0 
1668900625.231464 19.7919921875 22.729250158890803 990.6355796074154 2 3 3 2 3 3 546 165 19 2 0 0 
1668900630.3653796 19.7869140625 22.455261684074266 990.6249562549128 2 3 3 2 3 3 546 165 19 2 0 0 
1668900635.498993 19.7970703125 22.65172981131993 990.5921332578343 2 3 3 2 3 3 546 165 19 2 0 0 
1668900640.6328259 19.7869140625 22.770454980144326 990.6115055173977 2 4 4 2 4 4 576 170 23 4 0 0 
1668900645.7660787 19.8021484375 22.62772950787256 990.5949601298822 2 4 4 2 4 4 576 170 23 4 0 0 
1668900650.8998842 19.8021484375 22.621782485053117 990.6338982916743 2 4 4 2 4 4 576 170 23 4 0 0 
1668900656.0335364 19.7970703125 22.662774832675897 990.6252240390126 2 4 4 2 4 4 576 168 27 4 0 0 
1668900661.1669347 19.7919921875 22.556577971860428 990.6254917140144 2 4 4 2 4 4 576 168 27 4 0 0 
1668900666.30088 19.7919921875 22.484998130842605 990.6069972493029 2 4 4 2 4 4 576 168 27 4 0 0 
1668900671.4342303 19.7919921875 22.47862221344457 990.6353120137464 2 4 4 2 4 4 588 170 25 4 0 0 
1668900676.5679004 19.7919921875 22.609888408660282 990.6557554017537 2 4 4 2 4 4 588 170 25 4 0 0 
1668900681.7014701 19.7970703125 22.692934237865856 990.6232749124792 2 4 4 2 4 4 588 170 25 4 0 0 
1668900686.8347976 19.8021484375 22.65703994371026 990.6300002826324 2 4 4 2 4 4 630 180 25 4 0 0 
1668900691.9681826 19.8021484375 22.59799429126218 990.6184987239186 2 4 4 2 4 4 630 180 25 4 0 0 
1668900697.1006644 19.7919921875 22.657464468200036 990.6151360667905 2 3 3 2 3 3 642 175 6 0 0 0 
1668900702.2340305 19.7818359375 22.509001068026937 990.6442536039652 2 3 3 2 3 3 642 175 6 0 0 0 
1668900707.3673553 19.7818359375 22.551057828458465 990.5988584600188 2 3 3 2 3 3 642 175 6 0 0 0 
1668900712.5012338 19.7767578125 22.669994673459 990.6308031856411 2 2 2 2 2 2 627 166 6 0 0 0 
1668900717.6350625 19.7716796875 22.764930210169616 990.5856758389104 2 2 2 2 2 2 627 166 6 0 0 0 
1668900722.7675745 19.7818359375 22.645782898236817 990.5924009857569 2 2 2 2 2 2 627 166 6 0 0 0 
1668900727.9011934 19.7818359375 22.657888949241922 990.6173527717827 2 3 3 2 3 3 606 164 10 2 0 0 
1668900733.0353405 19.7869140625 22.52110917144982 990.5890384121941 2 3 3 2 3 3 606 164 10 2 0 0 
1668900738.1692433 19.7818359375 22.50326793108529 990.5890384121941 2 3 3 2 3 3 606 164 10 2 0 0 
1668900743.2989025 19.7767578125 22.70567492741164 990.605851282799 2 3 3 2 3 3 585 155 12 2 0 0 
1668900748.4332912 19.7818359375 22.65194211514069 990.6114299756978 2 3 3 2 3 3 585 155 12 2 0 0 
1668900753.5677135 19.7767578125 22.616048179055035 990.6408909989656 2 3 3 2 3 3 585 155 12 2 0 0 
1668900758.702462 19.7869140625 22.657888949241922 990.6322169760027 2 3 3 2 3 3 543 148 16 2 0 0 
1668900763.8364322 19.7818359375 22.657888949241922 990.6322169760027 2 3 3 2 3 3 543 148 16 2 0 0 
1668900768.9702332 19.7869140625 22.657888949241922 990.6190340732708 2 3 3 2 3 3 543 148 16 2 0 0 
1668900774.10026 19.7869140625 22.5924732103319 990.6178877118748 2 3 3 2 3 3 543 145 16 2 0 0 
1668900779.2343636 19.7818359375 22.610101204465437 990.6392096965703 3 4 4 3 4 4 705 189 21 2 0 0 
1668900784.3682806 19.7767578125 22.538950319556747 990.6492975119879 2 4 4 2 4 4 690 186 21 2 0 0 
1668900789.501683 19.7716796875 22.658313386835935 990.6397442842217 2 4 4 2 4 4 690 186 21 2 0 0 
1668900794.635605 19.7716796875 22.587378394348992 990.6147924968532 2 4 4 2 4 4 690 186 21 2 0 0 
1668900799.7687054 19.7818359375 22.705886590940167 990.5957635595987 3 5 5 3 5 5 720 203 23 2 0 0 
1668900804.9025853 19.761328125 22.492230249526763 990.6215175400014 3 5 5 3 5 5 720 203 23 2 0 0 
1668900810.0350685 19.761328125 22.539804649934748 990.6147924968532 3 5 5 3 5 5 720 203 23 2 0 0 
1668900815.1689093 19.761328125 22.700363408232906 990.5965660074996 3 4 4 3 4 4 720 200 21 2 0 0 
1668900820.3035083 19.75625 22.593750929074808 990.5881597767485 3 4 4 3 4 4 720 200 21 2 0 0 
1668900825.4368792 19.75625 22.6468446523756 990.615059721292 3 4 4 3 4 4 720 200 21 2 0 0 
1668900830.5711205 19.751171875 22.78977015844447 990.5951520392296 3 4 4 3 4 4 684 190 21 2 0 0 
1668900835.7053094 19.741015625 22.784034620118703 990.5906426515774 3 4 4 3 4 4 684 190 21 2 0 0 
1668900840.8393006 19.741015625 22.55233836885494 990.5894953471739 3 4 4 3 4 4 684 190 21 2 0 0 
1668900845.9729142 19.7359375 22.85028198896243 990.6054256211974 3 5 5 3 5 5 726 199 28 6 0 0 
1668900851.1067355 19.720703125 22.70184507784035 990.620289542742 3 5 5 3 5 5 726 199 28 6 0 0 
1668900856.2405035 19.72578125 22.73730967845234 990.6440918173746 3 5 5 3 5 5 726 199 28 6 0 0 
1668900861.374369 19.715625 22.684650631260144 990.6628502358247 3 4 4 3 4 4 735 204 17 0 0 0 
1668900866.5051007 19.710546875 22.6848624280838 990.6381651720664 3 4 4 3 4 4 735 204 17 0 0 0 
1668900871.6389248 19.700390625 22.726693762590298 990.6454208563296 3 4 4 3 4 4 705 190 15 0 0 0 
1668900876.772119 19.690234375 22.667449092252266 990.6420587124871 2 3 3 2 3 3 705 190 15 0 0 0 
1668900881.905901 19.6953125 22.863440172570996 990.6286101399069 2 3 3 2 3 3 705 190 15 0 0 0 
1668900887.0406065 19.700390625 22.71522536629284 990.5935735589627 2 3 3 2 3 3 735 195 17 0 0 0 
1668900892.174297 19.690234375 22.875330908566603 990.5753478850681 3 4 4 3 4 4 735 195 17 0 0 0 
1668900897.30833 19.70546875 22.756632654504433 990.6240981309907 3 4 4 3 4 4 735 195 17 0 0 0 
1668900902.44279 19.70546875 22.91100287062385 990.6187894109149 3 3 3 3 3 3 678 181 15 0 0 0 
1668900907.5757093 19.70546875 22.71480251424143 990.6516139648755 3 3 3 3 3 3 678 181 15 0 0 0 
1668900912.710142 19.700390625 22.6848624280838 990.6202047843113 3 3 3 3 3 3 678 181 15 0 0 0 
1668900917.8443418 19.70546875 22.732639371394132 990.6300254995575 2 3 3 2 3 3 648 169 12 0 0 0 
1668900922.9742591 19.700390625 22.750265106369532 990.6249822451166 2 3 3 2 3 3 648 169 12 0 0 0 
1668900928.1082144 19.715625 22.732428135259216 990.6098524855607 2 3 3 2 3 3 648 169 12 0 0 0 
1668900933.2421417 19.700390625 22.88722160357395 990.5860511420993 2 3 3 2 3 3 669 171 12 0 0 0 
1668900938.3752086 19.710546875 22.732216888262684 990.6269290686482 2 3 3 2 3 3 669 171 12 0 0 0 
1668900943.5083401 19.710546875 22.82755758212828 990.6336533541013 2 3 3 2 3 3 672 200 15 0 0 0 
1668900948.6424174 19.700390625 22.750476136323243 990.6684249621654 3 4 4 3 4 4 672 200 15 0 0 0 
1668900953.774155 19.715625 22.72648245772784 990.6367498397886 3 4 4 3 4 4 672 200 15 0 0 0 
1668900958.9059236 19.715625 22.78551750413359 990.670106062278 3 3 3 3 3 3 621 188 15 0 0 0 
1668900964.035507 19.710546875 22.678916668574022 990.6600194626485 3 3 3 3 3 3 621 188 15 0 0 0 
1668900969.1672664 19.70546875 22.744741646079596 990.6235669263402 3 3 3 3 3 3 621 188 15 0 0 0 
1668900974.2993436 19.690234375 22.857494789202597 990.6434741811361 3 3 3 3 3 3 621 188 19 0 0 0 
1668900979.4302952 19.70546875 22.738796126496933 990.6432084688465 3 3 3 3 3 3 621 188 19 0 0 0 
1668900984.562009 19.700390625 22.81608708181885 990.6370154972464 3 3 3 3 3 3 621 188 19 0 0 0 
1668900989.6889288 19.68515625 22.79846131964115 990.6238325831887 3 3 3 3 3 3 627 181 15 0 0 0 
1668900994.8212948 19.680078125 22.751109161015215 990.6140118684006 3 3 3 3 3 3 627 181 15 0 0 0 
1668900999.9505465 19.680078125 22.685497753383807 990.6476327534663 3 3 3 3 3 3 627 181 15 0 0 0 
1668901005.0791757 19.68515625 22.692078317815152 990.6243635697479 3 3 3 3 3 3 636 188 13 0 0 0 
1668901010.2103548 19.690234375 22.715648174897495 990.6142297331801 3 3 3 3 3 3 636 188 13 0 0 0 
1668901015.344165 19.690234375 22.769155995512826 990.6192727812274 3 3 3 3 3 3 636 188 13 0 0 0 
