timestamp temperature humidity pressure pm10_standard pm25_standard pm100_standard pm10_env pm25_env pm100_env particles_03um particles_05um particles_10um particles_25um particles_50um particles_100um
1670630488.886396 20.1783203125 33.60560760087377 988.633216929245 0 0 0 0 0 0 171 51 4 0 0 0 
1670630494.0197787 20.1783203125 33.682738964432474 988.6049101813422 0 0 0 0 0 0 177 51 4 0 0 0 
1670630499.1534896 20.1681640625 33.73045920677571 988.5906460147834 0 0 0 0 0 0 177 51 4 0 0 0 
1670630504.2873688 20.1732421875 33.629513279443195 988.6385557394002 0 0 0 0 0 0 177 51 4 0 0 0 
1670630509.421592 20.1681640625 33.65333157468947 988.6122232645456 0 0 0 0 0 0 162 48 2 0 0 0 
1670630514.5558693 20.1681640625 33.53458283076428 988.6354830341252 0 0 0 0 0 0 162 48 2 0 0 0 
1670630519.6887178 20.1783203125 33.44576010545605 988.6038120135604 0 0 0 0 0 0 162 48 2 0 0 0 
1670630524.8225834 20.1681640625 33.688929158984145 988.6155877654288 0 0 0 0 0 0 162 45 4 0 0 0 
1670630529.9563992 20.1732421875 33.56424887836798 988.6256812697545 0 0 0 0 0 0 162 45 4 0 0 0 
1670630535.0904245 20.1681640625 33.451693352938626 988.6239990188591 0 0 0 0 0 0 162 45 4 0 0 0 
1670630540.2242005 20.1630859375 33.57035614624473 988.6074683773517 None None None None None None None None None None None None 
1670630545.3573399 20.1681640625 33.5939146692521 988.620342652803 0 0 0 0 0 0 177 57 13 0 0 0 
1670630550.4947116 20.1732421875 33.46940483348842 988.6091506139927 0 0 0 0 0 0 189 61 13 0 0 0 
1670630555.6285145 20.1681640625 33.588068376706715 988.6158795612554 0 0 0 0 0 0 189 61 13 0 0 0 
1670630560.7617352 20.1580078125 33.54060345230967 988.5855993073751 0 0 0 0 0 0 189 61 13 0 0 0 
1670630565.8955584 20.1630859375 33.582222199672486 988.6091506139927 0 0 0 0 0 0 204 61 13 0 0 0 
1670630571.0284746 20.1580078125 33.45771491623005 988.6293374591344 0 0 0 0 0 0 204 61 13 0 0 0 
1670630576.1623778 20.1580078125 33.68308199547616 988.5855993073751 0 0 0 0 0 0 204 61 13 0 0 0 
1670630581.2969313 20.1681640625 33.75436026997345 988.622608509636 0 0 0 0 0 0 198 59 13 0 0 0 
1670630586.4273636 20.1529296875 33.801736779499386 988.5831103810856 0 0 0 0 0 0 198 59 13 0 0 0 
1670630591.5614424 20.1630859375 33.70088047492158 988.6083433123018 0 0 0 0 0 0 198 59 13 0 0 0 
1670630596.6952217 20.1529296875 33.58239597237335 988.594594102909 1 1 1 1 1 1 240 73 20 0 0 0 
1670630601.8293128 20.1580078125 33.67723494747232 988.6229001419258 1 1 1 1 1 1 240 73 20 0 0 0 
1670630606.9628794 20.1529296875 33.6417242574693 988.604978920565 1 1 1 1 1 1 240 73 20 0 0 0 
1670630612.0968175 20.1580078125 33.67714914845772 988.5864747710064 0 1 1 0 1 1 198 61 18 0 0 0 
1670630617.230753 20.1580078125 33.766140775561496 988.6212179182818 0 1 1 0 1 1 198 61 18 0 0 0 
1670630622.3603811 20.1580078125 33.70681328086677 988.6259729842454 0 0 0 0 0 0 204 50 4 0 0 0 
1670630627.495182 20.1529296875 33.64765702950578 988.593203551686 0 0 0 0 0 0 204 50 4 0 0 0 
1670630632.6281903 20.1529296875 33.546798508459474 988.5858912378957 0 0 0 0 0 0 204 50 4 0 0 0 
1670630637.7614224 20.1580078125 33.60002120280179 988.5629240474294 0 0 0 0 0 0 195 47 6 0 0 0 
1670630642.8951218 20.1529296875 33.80190549844249 988.5783554671027 0 0 0 0 0 0 195 47 6 0 0 0 
1670630648.028183 20.1529296875 33.8491975430578 988.5716267431613 0 0 0 0 0 0 195 47 6 0 0 0 
1670630653.1620624 20.1529296875 33.67714914845772 988.5629240474294 0 0 0 0 0 0 186 47 8 0 0 0 
1670630658.2960143 20.1478515625 33.76037774730932 988.5934951000575 0 0 0 0 0 0 186 47 8 0 0 0 
1670630663.4299827 20.1580078125 33.83741636892378 988.5904222028697 0 0 0 0 0 0 186 47 8 0 0 0 
1670630668.56361 20.1478515625 33.790124957856804 988.5971508756613 0 1 1 0 1 1 222 56 10 0 0 0 
1670630673.6975362 20.1529296875 33.772496892049276 988.5506334447279 0 1 1 0 1 1 222 56 10 0 0 0 
1670630678.831373 20.142578125 33.79597299336984 988.56884555712 0 1 1 0 1 1 222 56 10 0 0 0 
1670630683.964777 20.1478515625 33.813854684453204 988.6021973809886 0 1 1 0 1 1 216 54 8 0 0 0 
1670630689.0981147 20.1375 33.647829256404805 988.5820113634518 0 1 1 0 1 1 216 54 8 0 0 0 
1670630694.2314267 20.1478515625 33.52324175591792 988.5604347900214 0 1 1 0 1 1 216 54 8 0 0 0 
1670630699.3643103 20.142578125 33.51111297436379 988.5864747710064 0 1 1 0 1 1 210 54 8 0 0 0 
1670630704.4981515 20.1478515625 33.647829256404805 988.5783554671027 0 0 0 0 0 0 156 43 2 0 0 0 
1670630709.631581 20.1375 33.71291684422961 988.5587526368113 0 0 0 0 0 0 135 34 2 0 0 0 
1670630714.7644286 20.142578125 33.65367584183652 988.5749911049923 0 0 0 0 0 0 135 34 2 0 0 0 
1670630719.8977776 20.142578125 33.62994500633891 988.570527710749 0 0 0 0 0 0 135 34 2 0 0 0 
1670630725.0315526 20.1478515625 33.588502439925804 988.5517323560069 0 0 0 0 0 0 135 32 2 0 0 0 
1670630730.1649141 20.1375 33.56477142584791 988.5823027881097 0 0 0 0 0 0 135 32 2 0 0 0 
1670630735.298746 20.1375 33.52926205989633 988.5752826931748 0 0 0 0 0 0 135 32 2 0 0 0 
1670630740.4320788 20.132421875 33.69537552120417 988.5842762441015 0 0 0 0 0 0 156 39 2 0 0 0 
1670630745.5658736 20.132421875 33.67181713519254 988.5741834013556 0 0 0 0 0 0 156 39 2 0 0 0 
1670630750.699218 20.12734375 33.582917030875024 988.5890314052809 0 0 0 0 0 0 156 39 2 0 0 0 
1670630755.8324814 20.1171875 33.72520817860887 988.5879316909719 0 0 0 0 0 0 168 43 2 0 0 0 
1670630760.966282 20.122265625 33.80825925987973 988.55121626268 0 0 0 0 0 0 168 43 2 0 0 0 
1670630766.0976517 20.12734375 33.80232710652225 988.5613089368895 0 0 0 0 0 0 168 43 2 0 0 0 
1670630771.2310326 20.122265625 33.83783598241606 988.5394414792804 0 0 0 0 0 0 174 46 2 0 0 0 
1670630776.3644686 20.132421875 33.5531673947137 988.5377593676454 0 0 0 0 0 0 174 46 2 0 0 0 
1670630781.4970274 20.132421875 33.778513817281485 988.5428057027597 0 0 0 0 0 0 174 46 2 0 0 0 
1670630786.6305087 20.12734375 33.58256970180738 988.5562625994703 0 0 0 0 0 0 153 42 4 0 0 0 
1670630791.7654366 20.132421875 33.576984555682806 988.5447791138644 0 0 0 0 0 0 153 42 4 0 0 0 
1670630796.8991215 20.122265625 33.83791987266725 988.5646731621849 0 0 0 0 0 0 174 49 8 0 0 0 
1670630802.0337417 20.12734375 33.82020762009553 988.6339304231191 0 0 0 0 0 0 174 49 8 0 0 0 
1670630807.165962 20.12734375 33.71351419041969 988.562182100137 0 0 0 0 0 0 174 49 8 0 0 0 
1670630812.300806 20.1171875 33.68969982877628 988.576738994621 0 0 0 0 0 0 168 47 8 0 0 0 
1670630817.4345686 20.12734375 33.71936112676278 988.5716926959831 0 0 0 0 0 0 168 47 8 0 0 0 
1670630822.5662732 20.1171875 33.5708781541298 988.6117723456562 0 0 0 0 0 0 168 47 8 0 0 0 
1670630827.7003622 20.1171875 33.7191906254573 988.6067260019506 0 0 0 0 0 0 141 40 6 0 0 0 
1670630832.83445 20.1171875 33.778682952753954 988.5739566052239 0 0 0 0 0 0 141 40 6 0 0 0 
1670630837.965974 20.112109375 33.86198575250551 988.577320750163 0 0 0 0 0 0 141 40 6 0 0 0 
1670630843.0991988 20.112109375 33.71351419041969 988.5980244557362 0 0 0 0 0 0 141 37 6 0 0 0 
1670630848.2285032 20.10703125 33.707496638367445 988.5756386776584 0 0 0 0 0 0 141 37 6 0 0 0 
1670630853.3602386 20.10703125 33.80851189006885 988.5806848953814 0 0 0 0 0 0 141 37 6 0 0 0 
1670630858.4921324 20.10703125 33.54758699170679 988.5958235523223 0 0 0 0 0 0 132 35 6 0 0 0 
1670630863.625538 20.10703125 33.766903357780734 988.6174000134328 0 0 0 0 0 0 132 35 6 0 0 0 
1670630868.7565634 20.1171875 33.73732783064371 988.6075980671875 0 0 0 0 0 0 210 58 8 0 0 0 
1670630873.8852313 20.10703125 33.72546367701618 988.6028423566223 0 0 0 0 0 0 210 58 8 0 0 0 
1670630879.0184584 20.101953125 33.79656364699806 988.6109622149206 0 0 0 0 0 0 210 58 8 0 0 0 
1670630884.151441 20.10703125 33.73148410711991 988.6059159934259 0 0 0 0 0 0 210 58 8 0 0 0 
1670630889.2842834 20.112109375 33.77885204496254 988.6092801410192 0 0 0 0 0 0 210 58 8 0 0 0 
1670630894.4150205 20.10703125 33.719531584803484 988.6244188086463 0 0 0 0 0 0 210 58 8 0 0 0 
1670630899.5454302 20.112109375 33.73148410711991 988.6244188086463 1 1 1 1 1 1 231 65 8 0 0 0 
1670630904.675869 20.10703125 33.719531584803484 988.6062064768247 1 1 1 1 1 1 231 65 8 0 0 0 
1670630909.8062887 20.10703125 33.790803652783104 988.6314373872498 0 0 0 0 0 0 231 65 8 0 0 0 
1670630914.9366906 20.10703125 33.808599316300764 988.6031327578521 0 0 0 0 0 0 243 70 6 0 0 0 
1670630920.0702088 20.112109375 33.7612287317934 988.632829181995 0 0 0 0 0 0 243 70 6 0 0 0 
1670630925.204274 20.10703125 33.78478403451571 988.6059159934259 0 0 0 0 0 0 243 70 6 0 0 0 
1670630930.337235 20.112109375 33.766903357780734 988.614326362933 0 0 0 0 0 0 222 63 4 0 0 0 
1670630935.4688091 20.10703125 33.81444382829225 988.6123537504328 0 0 0 0 0 0 222 63 4 0 0 0 
1670630940.6010966 20.10703125 33.84419036616196 988.6149070848942 0 0 0 0 0 0 222 63 4 0 0 0 
1670630945.7295475 20.1171875 33.73131067193573 988.6544059613069 0 0 0 0 0 0 192 58 4 0 0 0 
1670630950.859913 20.122265625 33.63639503616655 988.6490693441784 0 0 0 0 0 0 165 43 4 0 0 0 
1670630955.9902916 20.10703125 33.73724281190871 988.6274925413185 0 0 0 0 0 0 165 43 4 0 0 0 
1670630961.1208892 20.112109375 33.70173524656969 988.6544059613069 0 0 0 0 0 0 165 43 4 0 0 0 
1670630966.2511983 20.1171875 33.778767504266234 988.6392671603633 0 0 0 0 0 0 156 43 4 0 0 0 
1670630971.3815815 20.101953125 33.63657069879161 988.6631065405084 0 0 0 0 0 0 156 43 4 0 0 0 
1670630976.511984 20.10703125 33.96867061875136 988.6661805881745 0 0 0 0 0 0 156 43 4 0 0 0 
1670630981.6424205 20.101953125 33.76707595770632 988.6650786255954 0 0 0 0 0 0 156 43 2 0 0 0 
1670630986.7728636 20.10703125 33.77885204496254 988.6465759410478 0 0 0 0 0 0 156 43 2 0 0 0 
1670630991.9032176 20.101953125 33.78478403451571 988.6653685252663 0 0 0 0 0 0 156 43 2 0 0 0 
1670630997.0335393 20.096875 33.72546367701618 988.6401377972229 0 0 0 0 0 0 204 55 4 0 0 0 
1670631002.1641693 20.101953125 33.701909355767405 988.6516221269044 0 0 0 0 0 0 204 55 4 0 0 0 
1670631007.2983456 20.096875 33.87401613332232 988.6334096057319 0 0 0 0 0 0 204 55 4 0 0 0 
1670631012.432391 20.08671875 33.796904167628774 988.639035654539 1 1 1 1 1 1 240 65 4 0 0 0 
1670631017.5648544 20.091796875 33.87393271810531 988.6353816878955 1 1 1 1 1 1 240 65 4 0 0 0 
1670631022.6979747 20.08671875 33.86206931511181 988.6426894579677 1 1 1 1 1 1 240 65 4 0 0 0 
1670631027.8322425 20.0765625 33.880197727032545 988.6609019312481 None None None None None None None None None None None None 
1670631032.9663327 20.08671875 33.796904167628774 988.70237362149 0 0 0 0 0 0 171 48 2 0 0 0 
1670631038.101367 20.08671875 33.87401613332232 988.6474457595688 0 0 0 0 0 0 171 48 2 0 0 0 
1670631043.2356448 20.0765625 33.832746136002996 988.6491277807842 0 0 0 0 0 0 171 48 2 0 0 0 
1670631048.3632898 20.0765625 33.856304827556784 988.6460534729382 0 0 0 0 0 0 171 48 2 0 0 0 
1670631053.4951522 20.091796875 33.8089359602035 988.6457637384232 0 0 0 0 0 0 156 45 2 0 0 0 
1670631058.6262789 20.071484375 33.99289262287617 988.6407176754053 0 0 0 0 0 0 156 45 2 0 0 0 
1670631063.7596264 20.08671875 33.80885181545159 988.6861322651946 0 0 0 0 0 0 156 45 2 0 0 0 
1670631068.8881416 20.0765625 34.02238519636487 988.6628735519816 0 0 0 0 0 0 156 45 2 0 0 0 
1670631074.0216167 20.08671875 33.82673071186412 988.6783009967813 0 0 0 0 0 0 156 45 2 0 0 0 
1670631079.1535275 20.08671875 33.86833489086233 988.6712835941222 0 0 0 0 0 0 156 45 2 0 0 0 
1670631084.2858064 20.0765625 33.92171733029566 988.6426894579677 0 0 0 0 0 0 171 50 4 0 0 0 
1670631089.4178004 20.0765625 33.696404573143965 988.6575378879093 0 0 0 0 0 0 171 50 4 0 0 0 
1670631094.5489695 20.061328125 33.909854637828836 988.6497070863223 0 0 0 0 0 0 171 50 4 0 0 0 
1670631099.6802845 20.06640625 33.76758372684368 988.6519679218557 0 0 0 0 0 0 165 48 4 0 0 0 
1670631104.811854 20.06640625 33.88028103070074 988.6497070863223 0 0 0 0 0 0 165 48 4 0 0 0 
1670631109.94629 20.061328125 33.945607686307014 988.6668163845187 None None None None None None None None None None None None 
1670631115.0732543 20.06640625 33.880364323553344 988.673255011116 0 0 0 0 0 0 198 52 10 0 0 0 
1670631120.206899 20.06640625 33.791309782952894 988.6497070863223 0 0 0 0 0 0 198 52 10 0 0 0 
1670631125.336001 20.06640625 33.987207596165455 988.662059725701 0 1 1 0 1 1 213 57 10 0 0 0 
1670631130.4681947 20.06640625 33.951538839518456 988.6833469830754 0 1 1 0 1 1 213 57 10 0 0 0 
1670631135.6002645 20.06640625 33.838761402485275 988.6547530690543 0 1 1 0 1 1 213 57 10 0 0 0 
1670631140.7319698 20.05625 33.89807500311441 988.6900749657782 0 1 1 0 1 1 228 60 10 0 0 0 
1670631145.863302 20.06640625 33.904089326433294 988.6418761205242 0 1 1 0 1 1 228 60 10 0 0 0 
1670631150.9941437 20.0765625 33.92171733029566 988.5998269753728 0 1 1 0 1 1 228 60 10 0 0 0 
1670631156.1279042 20.06640625 33.94569021721003 988.6446611042188 0 0 0 0 0 0 213 60 8 0 0 0 
1670631161.2584054 20.0765625 33.755635899471855 988.6146749983309 0 0 0 0 0 0 213 60 8 0 0 0 
1670631166.3893504 20.06640625 33.84460909534755 988.6247668742907 0 0 0 0 0 0 213 60 8 0 0 0 
1670631171.5223038 20.0765625 33.76758372684368 988.6298128132132 0 0 0 0 0 0 177 53 8 0 0 0 
1670631176.6545322 20.06640625 33.96924996898275 988.6513890804964 0 0 0 0 0 0 177 53 8 0 0 0 
1670631181.7897165 20.061328125 33.832746136002996 988.6146749983309 0 0 0 0 0 0 177 53 8 0 0 0 
1670631186.923006 20.0765625 33.945442592054945 988.6679195770563 0 0 0 0 0 0 150 46 4 0 0 0 
1670631192.0569098 20.06640625 33.921882970820654 988.6446611042188 None None None None None None None None None None None None 
1670631197.1889892 20.05625 33.921882970820654 988.6298128132132 0 1 1 0 1 1 198 53 6 0 0 0 
1670631202.3226638 20.06640625 33.904006306723716 988.6113110402362 0 1 1 0 1 1 198 53 6 0 0 0 
1670631207.4566507 20.06640625 33.951538839518456 988.6519679218557 0 1 1 0 1 1 198 53 8 0 0 0 
1670631212.5903254 20.061328125 33.85688978955269 988.6368302208016 0 1 1 0 1 1 198 53 8 0 0 0 
1670631217.721998 20.051171875 33.898241168288855 988.6149418999468 0 1 1 0 1 1 198 53 8 0 0 0 
1670631222.8551288 20.04609375 33.91026934087352 988.616623851453 0 1 1 0 1 1 198 55 10 0 0 0 
1670631227.9778264 20.04609375 33.945937745027 988.6303687881691 0 1 1 0 1 1 198 55 10 0 0 0 
1670631233.1050286 20.051171875 34.05878508128855 988.5902918214388 0 1 1 0 1 1 198 55 10 0 0 0 
1670631238.2321806 20.04609375 33.939841710389636 988.6329179970049 0 1 1 0 1 1 198 58 12 0 0 0 
1670631243.3594437 20.041015625 33.91018642189553 988.6471881771054 0 1 1 0 1 1 198 58 12 0 0 0 
1670631248.4943757 20.04609375 33.99346643966161 988.6177809183002 0 1 1 0 1 1 198 58 12 0 0 0 
1670631253.6247935 20.041015625 34.005246083962895 988.6242194595278 0 1 1 0 1 1 198 62 12 0 0 0 
1670631258.7517633 20.0359375 33.87468306569644 988.6539159346354 0 1 1 0 1 1 198 62 12 0 0 0 
1670631263.8852024 20.0359375 33.922214122085464 988.6491591801681 0 1 1 0 1 1 198 62 12 0 0 0 
1670631269.0202951 20.0359375 34.005246083962895 988.6219590963198 0 1 1 0 1 1 207 65 10 0 0 0 
1670631274.1524847 20.0359375 33.98761769855512 988.5992800520091 0 0 0 0 0 0 231 61 6 0 0 0 
1670631279.2841485 20.041015625 33.98160494949063 988.6457953287933 0 0 0 0 0 0 237 64 4 0 0 0 
1670631284.4183333 20.041015625 33.945937745027 988.6023546204224 0 0 0 0 0 0 237 64 4 0 0 0 
1670631289.546037 20.0359375 33.80367767074473 988.635703776345 0 0 0 0 0 0 237 64 4 0 0 0 
1670631294.6790187 20.0359375 33.86883537007488 988.6404604206929 0 0 0 0 0 0 237 61 4 0 0 0 
1670631299.811989 20.051171875 34.15928287044035 988.6488701163831 0 0 0 0 0 0 237 61 4 0 0 0 
1670631304.9462535 20.04609375 34.10005656836826 988.6242194595278 0 0 0 0 0 0 237 61 4 0 0 0 
1670631310.080436 20.051171875 34.064391120106116 988.5989908000691 0 0 0 0 0 0 195 47 4 0 0 0 
1670631315.2138665 20.04609375 33.85688978955269 988.6354146041168 0 0 0 0 0 0 195 47 4 0 0 0 
1670631320.3475273 20.04609375 33.97550988574167 988.642431477698 0 0 0 0 0 0 195 47 4 0 0 0 
1670631325.480663 20.05625 33.95763476032307 988.6303687881691 0 0 0 0 0 0 174 43 4 0 0 0 
1670631330.6147585 20.04609375 33.95771713302873 988.6169132820482 0 0 0 0 0 0 174 43 4 0 0 0 
1670631335.7478344 20.051171875 33.868668586933225 988.6370965429056 0 0 0 0 0 0 174 43 4 0 0 0 
1670631340.881405 20.05625 33.87459973700431 988.6502628962444 0 0 0 0 0 0 159 41 6 0 0 0 
1670631346.0158205 20.04609375 33.922214122085464 988.6471881771054 0 0 0 0 0 0 159 41 6 0 0 0 
1670631351.1501026 20.04609375 34.01702594952131 988.6370965429056 0 0 0 0 0 0 159 41 6 0 0 0 
1670631356.2828972 20.05625 33.993220583073146 988.6334662880022 0 0 0 0 0 0 144 43 2 0 0 0 
1670631361.413545 20.05625 34.04074918874457 988.6370965429056 0 0 0 0 0 0 144 43 2 0 0 0 
1670631366.5472264 20.04609375 33.785631408261594 988.6707353333487 0 0 0 0 0 0 177 54 2 0 0 0 
1670631371.6802237 20.04609375 34.02279352069537 988.6555978741926 0 0 0 0 0 0 177 54 2 0 0 0 
1670631376.8142524 20.05625 33.86273742659855 988.6455062378975 0 0 0 0 0 0 177 54 2 0 0 0 
1670631381.9485984 20.06640625 34.04066777197915 988.662036568521 0 0 0 0 0 0 192 57 2 0 0 0 
1670631387.0828695 20.05625 34.01686255893327 988.6771741521904 0 0 0 0 0 0 192 57 2 0 0 0 
1670631392.2156157 20.061328125 33.83299765345296 988.6555978741926 0 0 0 0 0 0 192 57 2 0 0 0 
1670631397.349531 20.061328125 33.993220583073146 988.6721282903388 0 0 0 0 0 0 207 62 4 0 0 0 
1670631402.4831986 20.061328125 33.93382801656266 988.6704695641595 0 0 0 0 0 0 207 62 4 0 0 0 
1670631407.6134713 20.071484375 33.96340111514918 988.6536498889886 0 0 0 0 0 0 207 62 4 0 0 0 
1670631412.7464795 20.05625 33.945607686307014 988.663741693253 0 0 0 0 0 0 201 60 2 0 0 0 
1670631417.8806858 20.061328125 34.09997583438901 988.6673714530474 0 0 0 0 0 0 201 60 2 0 0 0 
1670631423.0148482 20.05625 33.83299765345296 988.658961753516 0 0 0 0 0 0 201 60 2 0 0 0 
1670631428.1494539 20.051171875 34.0643099656431 988.6555978741926 0 0 0 0 0 0 186 55 2 0 0 0 
1670631433.2835488 20.06640625 33.93374534909195 988.6906531835828 None None None None None None None None None None None None 
1670631438.417126 20.05625 33.969496742294105 988.6928892734596 0 0 0 0 0 0 174 53 4 0 0 0 
1670631443.552864 20.05625 33.8568062560003 988.6858727981615 0 0 0 0 0 0 174 53 4 0 0 0 
1670631448.6860342 20.05625 34.0526107467761 988.6909186210229 0 0 0 0 0 0 147 44 4 0 0 0 
1670631453.8202732 20.04609375 34.117606962231925 988.7209286315739 0 0 0 0 0 0 147 44 4 0 0 0 
1670631458.954452 20.051171875 33.839180148637816 988.6727061476128 0 0 0 0 0 0 147 44 4 0 0 0 
1670631464.0886946 20.051171875 34.09997583438901 988.7209286315739 0 0 0 0 0 0 168 51 4 0 0 0 
1670631469.2229798 20.05625 33.79156270202287 988.6976463858156 0 0 0 0 0 0 168 51 4 0 0 0 
1670631474.356635 20.05625 33.939924287945644 988.709131291847 0 0 0 0 0 0 168 51 4 0 0 0 
1670631479.4895597 20.051171875 33.85688978955269 988.7057909047501 0 0 0 0 0 0 168 51 6 2 0 0 
1670631484.6223965 20.05625 34.00500060461761 988.6872658777794 0 0 0 0 0 0 168 51 6 2 0 0 
1670631489.7558806 20.05625 33.898158091109394 988.6973576058825 0 0 0 0 0 0 168 51 6 2 0 0 
1670631494.8895526 20.061328125 34.11175671546838 988.7209286315739 0 0 0 0 0 0 168 54 8 2 0 0 
1670631500.023567 20.06640625 33.91002055149313 988.7125187826401 0 0 0 0 0 0 168 54 8 2 0 0 
1670631505.1577356 20.05625 34.141410600535 988.6721282903388 0 0 0 0 0 0 168 54 8 2 0 0 
1670631510.2914128 20.061328125 33.791309782952894 988.7085769239728 0 0 0 0 0 0 183 59 8 2 0 0 
1670631515.4249547 20.071484375 33.826982466626156 988.7074728741177 0 1 1 0 1 1 180 52 4 2 0 0 
1670631520.5590935 20.061328125 33.91586888314944 988.7038199896259 0 1 1 0 1 1 180 52 4 2 0 0 
1670631525.6927066 20.06640625 33.73216432409902 988.7287608880049 0 1 1 0 1 1 207 56 4 2 0 0 
1670631530.8264246 20.061328125 33.77936231085833 988.6872892463138 0 1 1 0 1 1 207 56 4 2 0 0 
1670631535.9600701 20.06640625 33.90993760006873 988.6886821470874 0 1 1 0 1 1 207 56 4 2 0 0 
1670631541.093696 20.0765625 33.90384023485805 988.7099698104581 0 0 0 0 0 0 180 47 2 2 0 0 
1670631546.2276647 20.06640625 33.826814640933925 988.689496310908 0 0 0 0 0 0 180 47 2 2 0 0 
1670631551.36132 20.0765625 34.04627312231362 988.7164086866733 0 0 0 0 0 0 180 47 2 2 0 0 
1670631556.4952288 20.081640625 33.77927783547382 988.6995884497247 0 0 0 0 0 0 186 47 2 2 0 0 
1670631561.628898 20.091796875 33.903757182701966 988.7113626148553 0 0 0 0 0 0 186 47 2 2 0 0 
1670631566.7623436 20.08671875 33.89765940090663 988.7175120796885 0 0 0 0 0 0 186 47 2 2 0 0 
1670631571.8962927 20.091796875 33.897825674236316 988.69396336938 0 0 0 0 0 0 159 40 2 2 0 0 
1670631577.0291588 20.091796875 33.94511227376664 988.7130446387248 0 0 0 0 0 0 159 40 2 2 0 0 
1670631582.163327 20.101953125 33.85037323697114 988.70237362149 0 0 0 0 0 0 159 40 2 2 0 0 
1670631587.2966452 20.091796875 33.939180700588295 988.6959349660547 0 0 0 0 0 0 174 45 2 2 0 0 
1670631592.4307423 20.08671875 33.92731752343518 988.7091018244352 0 0 0 0 0 0 174 45 2 2 0 0 
1670631597.5647895 20.096875 33.85020587105643 988.7043451507358 1 1 1 1 1 1 213 64 2 0 0 0 
1670631602.698495 20.08671875 33.838426210879874 988.6911783338696 1 1 1 1 1 1 213 64 2 0 0 0 
1670631607.8320756 20.091796875 34.028153220388994 988.7158300284982 1 1 1 1 1 1 213 64 2 0 0 0 
1670631612.965846 20.101953125 34.00459125607294 988.7091018244352 1 1 1 1 1 1 228 66 2 0 0 0 
1670631618.0994668 20.091796875 33.83241062798232 988.6636864762413 1 1 1 1 1 1 228 66 2 0 0 0 
1670631623.2335038 20.096875 33.9215516465089 988.6642659748665 1 1 1 1 1 1 228 66 2 0 0 0 
1670631628.367064 20.096875 33.844441636120486 988.6589301742015 1 1 1 1 1 1 222 64 2 0 0 0 
1670631633.50036 20.101953125 33.779108852256904 988.6300455104055 1 1 1 1 1 1 222 64 2 0 0 0 
1670631638.6340506 20.101953125 33.84419036616196 988.6788249199818 1 1 1 1 1 1 222 64 2 0 0 0 
1670631643.7667892 20.096875 33.81461529251896 988.6936737001554 1 1 1 1 1 1 228 66 2 0 0 0 
1670631648.8980176 20.101953125 33.7790243444245 988.6849735357307 1 1 1 1 1 1 228 66 2 0 0 0 
1670631654.0279274 20.101953125 33.86783081033501 988.6345112568742 1 1 1 1 1 1 228 66 2 0 0 0 
1670631659.1622882 20.096875 33.76707595770632 988.6549862511581 0 0 0 0 0 0 222 66 2 0 0 0 
1670631664.2965975 20.112109375 33.915371357187944 988.6631065405084 0 0 0 0 0 0 222 66 2 0 0 0 
1670631669.4291694 20.101953125 33.8677472939684 988.6692545810583 0 0 0 0 0 0 222 66 2 0 0 0 
1670631674.568298 20.112109375 33.754869510062605 988.6443134267158 0 0 0 0 0 0 165 50 4 0 0 0 
1670631679.7017362 20.1171875 33.9507104424654 988.6770845333881 0 0 0 0 0 0 210 58 6 0 0 0 
1670631684.8351429 20.132421875 33.861731784382314 988.6454146530923 0 0 0 0 0 0 183 49 4 0 0 0 
1670631689.9685714 20.1375 33.76071696753664 988.6555073507712 0 0 0 0 0 0 183 49 4 0 0 0 
1670631695.1019802 20.1375 33.92665154071686 988.6610733229264 0 0 0 0 0 0 183 49 4 0 0 0 
1670631700.2353587 20.12734375 33.813854684453204 988.6341585959941 0 0 0 0 0 0 174 49 6 0 0 0 
1670631705.368808 20.1478515625 33.843600466088006 988.6361317567748 0 0 0 0 0 0 174 49 6 0 0 0 
1670631710.5028765 20.1375 33.87919403020292 988.6644376650502 0 0 0 0 0 0 174 49 6 0 0 0 
1670631715.6366134 20.1529296875 33.86707877367245 988.625456565988 0 0 0 0 0 0 159 46 6 0 0 0 
1670631720.7692895 20.1580078125 33.68308199547616 988.6514979545616 0 0 0 0 0 0 159 46 6 0 0 0 
1670631725.9026144 20.1580078125 33.706984185139376 988.6531801794631 0 0 0 0 0 0 159 46 6 0 0 0 
1670631731.036507 20.1580078125 33.718764182910206 988.6531801794631 0 0 0 0 0 0 165 48 10 0 0 0 
1670631736.169794 20.1529296875 33.68901483222628 988.6133899004313 0 0 0 0 0 0 165 48 10 0 0 0 
1670631741.3034697 20.1580078125 33.81360203199886 988.6444775995924 0 0 0 0 0 0 165 48 10 0 0 0 
1670631746.4361885 20.1529296875 33.74249494869134 988.6680289404413 0 0 0 0 0 0 171 50 10 0 0 0 
1670631751.5698798 20.1580078125 33.689186146261605 988.6470338373609 0 0 0 0 0 0 171 50 10 0 0 0 
1670631756.7031868 20.1580078125 33.68325344610001 988.6133899004313 0 0 0 0 0 0 171 50 10 0 0 0 
1670631761.8361132 20.1580078125 33.81351779288239 988.6397223822075 0 0 0 0 0 0 162 46 2 0 0 0 
1670631766.9692106 20.1529296875 33.93233516052889 988.6288209322898 0 0 0 0 0 0 162 46 2 0 0 0 
1670631772.1026304 20.1529296875 33.90860570906143 988.6389140328715 0 0 0 0 0 0 168 48 2 0 0 0 
1670631777.2360122 20.1529296875 33.78987148592667 988.638040157865 0 0 0 0 0 0 168 48 2 0 0 0 
1670631782.3694522 20.1681640625 33.87276055510981 988.6302118654035 0 0 0 0 0 0 168 48 2 0 0 0 
1670631787.5019732 20.1783203125 33.77190402344566 988.6284620690487 0 0 0 0 0 0 159 45 0 0 0 0 
1670631792.635435 20.1884765625 33.77156500343444 988.6598417422653 0 0 0 0 0 0 159 45 0 0 0 0 
1670631797.768771 20.1833984375 33.62908128213419 988.6416283898584 0 0 0 0 0 0 159 45 0 0 0 0 
1670631802.9021642 20.1884765625 33.67070086017104 988.6180763045425 0 0 0 0 0 0 201 57 2 0 0 0 
1670631808.0355256 20.1884765625 33.753765664405165 988.6312425397878 0 0 0 0 0 0 201 57 2 0 0 0 
1670631813.167995 20.1935546875 33.75385064050598 988.6197585958965 0 0 0 0 0 0 201 57 2 0 0 0 
1670631818.301412 20.1935546875 33.63518738415461 988.6107625100641 0 0 0 0 0 0 192 54 2 0 0 0 
1670631823.4350414 20.1935546875 33.84861051023006 988.642726567562 0 0 0 0 0 0 192 54 2 0 0 0 
1670631828.5681515 20.1884765625 33.77749809590475 988.6259033762612 0 0 0 0 0 0 192 54 2 0 0 0 
1670631833.7019262 20.1833984375 33.68248157757821 988.6292680139625 0 0 0 0 0 0 222 63 2 0 0 0 
1670631838.8353314 20.1884765625 33.836660383245025 988.6259033762612 0 0 0 0 0 0 222 63 2 0 0 0 
1670631843.9686768 20.1935546875 33.635101042172806 988.6292680139625 0 0 0 0 0 0 117 39 6 2 0 0 
1670631849.1020327 20.1884765625 33.836744424916816 988.6343149710383 0 0 0 0 0 0 117 39 6 2 0 0 
1670631854.2354925 20.1884765625 33.71825209491919 988.6337302835362 0 0 0 0 0 0 117 39 6 2 0 0 
1670631859.368912 20.1884765625 33.72994780850432 988.6421420156216 0 0 0 0 0 0 102 34 6 2 0 0 
1670631864.5027277 20.1833984375 33.67078679237864 988.6214408873207 0 0 0 0 0 0 102 34 6 2 0 0 
1670631869.6353967 20.1935546875 33.68248157757821 988.6110548796073 0 0 0 0 0 0 102 34 6 2 0 0 
1670631874.7694175 20.1986328125 33.68222409337692 988.6000833726622 0 0 0 0 0 0 93 31 4 2 0 0 
1670631879.9029086 20.1986328125 33.800723557305865 988.5888923799924 0 0 0 0 0 0 93 31 4 2 0 0 
1670631885.0368984 20.1884765625 33.69434819692951 988.5818704022511 0 0 0 0 0 0 93 31 4 2 0 0 
1670631890.1702592 20.1986328125 33.71189158914043 988.6065200279525 0 0 0 0 0 0 87 29 4 2 0 0 
1670631895.304139 20.2037109375 33.830559004526876 988.6166141812942 0 0 0 0 0 0 87 29 4 2 0 0 
1670631900.437337 20.2138671875 33.670185039781416 988.598911601141 0 0 0 0 0 0 87 29 4 2 0 0 
1670631905.5710835 20.2189453125 33.58719943901697 988.6140531955994 0 0 0 0 0 0 102 34 2 2 0 0 
1670631910.7047548 20.2138671875 33.56931096226523 988.604251864886 0 0 0 0 0 0 102 34 2 2 0 0 
1670631915.837948 20.2189453125 33.634496345437746 988.5669460314261 0 0 0 0 0 0 102 34 2 2 0 0 
1670631920.971908 20.2189453125 33.60482715762369 988.5750646149895 0 0 0 0 0 0 117 39 2 0 0 0 
1670631926.1056674 20.2544921875 33.580830460459204 988.5570652421733 0 0 0 0 0 0 141 36 4 0 0 0 
1670631931.2392454 20.2443359375 33.47374988273927 988.5738898974106 0 0 0 0 0 0 168 45 6 0 0 0 
1670631936.371962 20.2544921875 33.68153699292117 988.548670998804 0 0 0 0 0 0 168 45 6 0 0 0 
1670631941.504812 20.2595703125 33.521225546247024 988.5032440935398 0 0 0 0 0 0 168 45 6 0 0 0 
1670631946.6387239 20.2595703125 33.491553333600635 988.5752966202239 0 0 0 0 0 0 174 48 6 0 0 0 
1670631951.7712095 20.2595703125 33.7761413779556 988.5531298736721 0 0 0 0 0 0 174 48 6 0 0 0 
1670631956.9050918 20.2544921875 33.568613307604735 988.5180918785342 0 0 0 0 0 0 174 48 6 0 0 0 
1670631962.038685 20.2595703125 33.57446051822369 988.533528691389 0 0 0 0 0 0 153 41 6 0 0 0 
1670631967.172467 20.2595703125 33.40811335157005 988.5598598991854 0 0 0 0 0 0 153 41 6 0 0 0 
1670631972.3059824 20.2595703125 33.62202251822536 988.5063144417437 0 0 0 0 0 0 153 41 6 0 0 0 
1670631977.438685 20.2646484375 33.45585779700196 988.5099740022164 0 0 0 0 0 0 174 48 6 0 0 0 
1670631982.5716872 20.2798828125 33.51485171912053 988.5087950304998 0 0 0 0 0 0 174 48 6 0 0 0 
1670631987.70448 20.2748046875 33.49111256241874 988.537398076684 0 0 0 0 0 0 174 48 6 0 0 0 
1670631992.8372874 20.2697265625 33.59802441952035 988.5104775620691 0 1 1 0 1 1 189 53 8 0 0 0 
1670631997.971561 20.2798828125 33.67508672719965 988.4804871419503 0 1 1 0 1 1 189 53 8 0 0 0 
1670632003.1057544 20.2798828125 33.4556806797088 988.5471985697262 0 1 1 0 1 1 189 53 8 0 0 0 
1670632008.2356377 20.2697265625 33.38437372836716 988.522255285012 1 1 1 1 1 1 213 63 4 0 0 0 
1670632013.3695033 20.2646484375 33.47933123489992 988.5144322486688 1 1 1 1 1 1 213 63 4 0 0 0 
1670632018.5031464 20.2646484375 33.419894106011945 988.4754395918947 1 1 1 1 1 1 234 66 4 0 0 0 
1670632023.6371334 20.2595703125 33.580307844350855 988.5155251571966 1 1 1 1 1 1 234 66 4 0 0 0 
1670632028.7701328 20.2544921875 33.651607643007026 988.5180918785342 1 1 1 1 1 1 234 66 4 0 0 0 
1670632033.904416 20.2646484375 33.64584603488918 988.4861245580696 1 1 1 1 1 1 264 78 6 0 0 0 
1670632039.0374916 20.2544921875 33.69899616996954 988.4608872176275 1 1 1 1 1 1 264 78 6 0 0 0 
1670632044.1709552 20.2595703125 33.5331820030705 988.4544522890728 1 1 1 1 1 1 264 78 6 0 0 0 
1670632049.3036842 20.2544921875 33.461969327434346 988.4577999185124 1 1 1 1 1 1 276 75 6 0 0 0 
1670632054.4378483 20.2544921875 33.69340511475016 988.4914667560463 1 1 1 1 1 1 276 75 6 0 0 0 
1670632059.5713508 20.2544921875 33.57472204739983 988.4866963148374 1 1 1 1 1 1 276 75 6 0 0 0 
1670632064.7056246 20.2494140625 33.473838209432614 988.4948140785554 1 1 1 1 1 1 249 66 6 0 0 0 
1670632069.8397827 20.2595703125 33.45585779700196 988.4911720280447 1 1 1 1 1 1 249 66 6 0 0 0 
1670632074.974141 20.2595703125 33.396511301832255 988.4679120913319 1 1 1 1 1 1 249 66 6 0 0 0 
1670632080.1077075 20.2595703125 33.52113775515372 988.5323504788311 1 1 1 1 1 1 270 75 8 0 0 0 
1670632085.241712 20.2544921875 33.65754196530826 988.481077088723 1 1 1 1 1 1 270 75 8 0 0 0 
1670632090.3753986 20.3001953125 33.68678381262824 988.4554541838594 0 0 0 0 0 0 144 37 4 0 0 0 
1670632095.5096636 20.3052734375 33.53823671319283 988.4571367674885 0 0 0 0 0 0 144 37 4 0 0 0 
1670632100.642813 20.3001953125 33.5502851277883 988.4565449369957 0 0 0 0 0 0 144 37 4 0 0 0 
1670632105.7767792 20.3103515625 33.59758623305758 988.4716884368178 0 0 0 0 0 0 129 34 4 0 0 0 
1670632110.9109678 20.3001953125 33.662959073698545 988.4941536250043 0 0 0 0 0 0 129 34 4 0 0 0 
1670632116.0451097 20.2900390625 33.360275161551414 988.4675279405621 0 0 0 0 0 0 129 34 4 0 0 0 
1670632121.1793427 20.2900390625 33.401728918169354 988.4739626076205 0 0 0 0 0 0 141 43 6 0 0 0 
1670632126.3134122 20.3001953125 33.41971608252572 988.4607976590149 0 0 0 0 0 0 141 43 6 0 0 0 
1670632131.4471333 20.2900390625 33.384105479855236 988.4641627996488 0 0 0 0 0 0 141 43 6 0 0 0 
1670632136.5806398 20.2900390625 33.633285361939144 988.4745537294567 0 1 1 0 1 1 174 52 6 0 0 0 
1670632141.71415 20.2951171875 33.5800463902709 988.4843536493225 0 1 1 0 1 1 174 52 6 0 0 0 
1670632146.8481064 20.2849609375 33.71052215951948 988.4860362205831 0 1 1 0 1 1 174 52 6 0 0 0 
1670632151.9822717 20.2849609375 33.639479594886836 988.4661409440818 0 1 1 0 1 1 162 48 6 0 0 0 
1670632157.116522 20.2951171875 33.57411166122105 988.4759407940688 0 1 1 0 1 1 162 48 6 0 0 0 
1670632162.249557 20.2900390625 33.354246671896405 988.4355591131717 0 1 1 0 1 1 162 48 6 0 0 0 
1670632167.3839247 20.2798828125 33.28932309346674 988.4779188440958 0 0 0 0 0 0 147 45 4 0 0 0 
1670632172.5172954 20.2951171875 33.473042879776024 988.4557499485884 0 1 1 0 1 1 207 57 10 0 0 0 
1670632177.6536922 20.3052734375 33.49669143792939 988.4621845187941 0 1 1 0 1 1 207 57 10 0 0 0 
1670632182.7875483 20.3103515625 33.52627886536016 988.4719842847474 0 0 0 0 0 0 207 57 10 0 0 0 
1670632187.9171166 20.3103515625 33.520343768010456 988.4607976590149 0 0 0 0 0 0 207 53 10 0 0 0 
1670632193.051293 20.3052734375 33.65693472542968 988.4915839840834 0 0 0 0 0 0 207 53 10 0 0 0 
1670632198.1855118 20.3205078125 33.562067405699075 988.435263185765 0 0 0 0 0 0 207 53 10 0 0 0 
1670632203.31929 20.3306640625 33.31233798384555 988.4876267609518 0 1 1 0 1 1 207 55 10 0 0 0 
1670632208.4529052 20.3255859375 33.41935648012845 988.477234614298 0 1 1 0 1 1 207 55 10 0 0 0 
1670632213.5864825 20.3255859375 33.401461120905786 988.4822826123484 0 1 1 0 1 1 207 55 10 0 0 0 
1670632218.7195141 20.3205078125 33.31233798384555 988.4801014947208 0 0 0 0 0 0 228 59 10 0 0 0 
1670632223.852403 20.3154296875 33.49049163393961 988.477234614298 0 0 0 0 0 0 228 59 10 0 0 0 
1670632228.9865935 20.3205078125 33.43698472600501 988.4599101586891 0 0 0 0 0 0 228 59 10 0 0 0 
1670632234.1211333 20.3255859375 33.27654232040113 988.4876267609518 0 0 0 0 0 0 237 62 10 0 0 0 
1670632239.2555494 20.34609375 33.44238708944802 988.4634768401254 0 0 0 0 0 0 237 62 10 0 0 0 
1670632244.3890963 20.3357421875 33.38320717113747 988.4578354959428 0 0 0 0 0 0 237 62 10 0 0 0 
1670632249.522684 20.341015625 33.43051536728218 988.4224986892798 None None None None None None None None None None None None 
1670632254.65389 20.34609375 33.4543475080511 988.4777313154242 0 1 1 0 1 1 228 63 10 0 0 0 
1670632259.7883708 20.3357421875 33.359553629873794 988.452787378818 0 0 0 0 0 0 228 65 6 0 0 0 
1670632264.9212286 20.34609375 33.406861083610615 988.4780279707333 0 0 0 0 0 0 228 65 6 0 0 0 
1670632270.0555527 20.341015625 33.412975321546405 988.4671386200847 0 0 0 0 0 0 228 65 6 0 0 0 
1670632275.1843152 20.3357421875 33.31809312590339 988.4298232759165 1 1 1 1 1 1 249 70 8 0 0 0 
1670632280.3168328 20.3306640625 33.35937400143892 988.4516980894721 1 1 1 1 1 1 249 70 8 0 0 0 
1670632285.4489155 20.3306640625 33.31233798384555 988.4264579210335 1 1 1 1 1 1 249 70 8 0 0 0 
1670632290.582401 20.3205078125 33.35370770127084 988.4253686561341 0 1 1 0 1 1 249 70 10 0 0 0 
1670632295.7141163 20.3255859375 33.45470235006464 988.4340783822923 0 1 1 0 1 1 249 70 10 0 0 0 
1670632300.8474572 20.3255859375 33.37762969967337 988.4239825616622 0 1 1 0 1 1 249 70 10 0 0 0 
1670632305.9764135 20.3255859375 33.42502477796187 988.4755519484211 0 0 0 0 0 0 216 61 6 0 0 0 
1670632311.1081338 20.3255859375 33.40712887066893 988.4318026601537 0 0 0 0 0 0 216 61 6 0 0 0 
1670632316.2406096 20.3306640625 33.43087134543873 988.4472431144909 0 0 0 0 0 0 216 61 6 0 0 0 
1670632321.3715355 20.3205078125 33.395257571625976 988.4405125106614 0 1 1 0 1 1 189 51 8 2 0 0 
1670632326.503862 20.3255859375 33.425202817112094 988.4408089307769 0 1 1 0 1 1 189 51 8 2 0 0 
1670632331.6380107 20.3205078125 33.44885560796089 988.441401442835 None None None None None None None None None None None None 
1670632336.7727513 20.3205078125 33.353977235262725 988.4660484975544 0 0 0 0 0 0 144 35 8 2 0 0 
1670632341.90476 20.3205078125 33.48464465864218 988.4222999251351 0 0 0 0 0 0 144 35 8 2 0 0 
1670632347.035831 20.3103515625 33.27087885293969 988.451200984985 0 1 1 0 1 1 192 49 10 2 0 0 
1670632352.1669197 20.3154296875 33.555866708106734 988.4579314820389 0 1 1 0 1 1 192 49 10 2 0 0 
1670632357.3008351 20.3154296875 33.5082094011881 988.4509047556007 0 1 1 0 1 1 192 49 10 2 0 0 
1670632362.4328089 20.3052734375 33.53797362886596 988.4514971049798 0 1 1 0 1 1 198 51 10 2 0 0 
1670632367.564045 20.3103515625 33.52016795783584 988.4545662333721 0 1 1 0 1 1 198 51 10 2 0 0 
1670632372.698861 20.3205078125 33.549756445032855 988.4626832210754 0 1 1 0 1 1 198 51 10 2 0 0 
1670632377.8305924 20.3154296875 33.5556916959072 988.4424915680729 0 1 1 0 1 1 204 53 10 2 0 0 
1670632382.9650762 20.3357421875 33.40110390644409 988.430119996164 0 1 1 0 1 1 204 53 10 2 0 0 
1670632388.0990798 20.341015625 33.32402891415549 988.4278437552363 0 1 1 0 1 1 204 53 10 2 0 0 
1670632393.2327886 20.351171875 33.466041798696615 988.4216070530107 0 1 1 0 1 1 210 55 10 2 0 0 
1670632398.3662572 20.361328125 33.466041798696615 988.4280406569471 0 1 1 0 1 1 210 55 10 2 0 0 
1670632403.498895 20.361328125 33.370976719706704 988.41992430803 0 1 1 0 1 1 210 55 10 2 0 0 
1670632408.6279228 20.361328125 33.3117958846209 988.4252698375669 0 1 1 0 1 1 225 62 10 2 0 0 
1670632413.7627802 20.361328125 33.29398760765534 988.4252698375669 0 0 0 0 0 0 162 42 2 0 0 0 
1670632418.8967273 20.341015625 33.52566381856187 988.415767872458 0 0 0 0 0 0 162 42 2 0 0 0 
1670632424.030966 20.341015625 33.47215474764495 988.4592213973576 0 0 0 0 0 0 162 42 2 0 0 0 
1670632429.1598186 20.3357421875 33.40101457578517 988.4407114877489 0 0 0 0 0 0 141 38 2 0 0 0 
1670632434.2907917 20.3357421875 33.38914298296351 988.4194303011187 0 0 0 0 0 0 141 38 2 0 0 0 
1670632439.422202 20.341015625 33.43069337799505 988.4696144383473 0 0 0 0 0 0 141 38 2 0 0 0 
1670632444.5564878 20.341015625 33.3117958846209 988.4410084413065 0 0 0 0 0 0 141 38 2 0 0 0 
1670632449.6904511 20.3357421875 33.46639618081618 988.4272497406187 0 0 0 0 0 0 141 38 2 0 0 0 
1670632454.8192904 20.341015625 33.44858932021546 988.4278437552363 0 0 0 0 0 0 141 38 2 0 0 0 
1670632459.9508379 20.34609375 33.258370776237484 988.4230925664299 0 0 0 0 0 0 135 36 2 0 0 0 
1670632465.0843358 20.341015625 33.44238708944802 988.4126995390828 0 0 0 0 0 0 135 36 2 0 0 0 
1670632470.2151148 20.351171875 33.371066435170036 988.4238843045354 0 0 0 0 0 0 135 36 2 0 0 0 
1670632475.3456783 20.351171875 33.323758258174045 988.4174505765585 0 0 0 0 0 0 168 47 9 0 0 0 
1670632480.476255 20.351171875 33.33544999553111 988.4202216430859 0 0 0 0 0 0 168 47 9 0 0 0 
1670632485.6092231 20.34609375 33.28805149477891 988.3955754287028 0 0 0 0 0 0 168 47 9 0 0 0 
1670632490.7431421 20.351171875 33.32960406909089 988.3969608259326 None None None None None None None None None None None None 
1670632495.8775375 20.351171875 33.584931783835856 988.3989408352966 0 1 1 0 1 1 192 59 6 2 0 0 
1670632501.0104704 20.341015625 33.531511544949524 988.3922100223889 0 1 1 0 1 1 219 66 6 2 0 0 
1670632506.1434805 20.341015625 33.353348171168875 988.415767872458 0 0 0 0 0 0 219 66 6 2 0 0 
1670632511.2776077 20.341015625 33.38311762474117 988.3911217116405 0 0 0 0 0 0 219 66 6 2 0 0 
1670632516.4115417 20.351171875 33.584844548924714 988.4202216430859 0 0 0 0 0 0 189 56 6 2 0 0 
1670632521.5453098 20.35625 33.519552281490526 988.404779606351 0 1 1 0 1 1 189 56 6 2 0 0 
1670632526.6782076 20.35625 33.305950247801434 988.410125256011 0 1 1 0 1 1 189 56 6 2 0 0 
1670632531.811943 20.35625 33.34741216106531 988.3599410720723 0 1 1 0 1 1 210 63 8 2 0 0 
1670632536.9450915 20.351171875 33.40074651890395 988.3663742744335 0 1 1 0 1 1 210 63 8 2 0 0 
1670632542.0791101 20.361328125 33.36513038759069 988.4067597942121 0 1 1 0 1 1 210 63 8 2 0 0 
1670632547.2093592 20.35625 33.228689800763895 988.3464793517837 0 1 1 0 1 1 225 68 8 2 0 0 
1670632552.3429575 20.361328125 33.32348750483336 988.4036916939057 0 1 1 0 1 1 225 68 8 2 0 0 
1670632557.4765835 20.35625 33.33554011002632 988.381518839632 0 0 0 0 0 0 225 68 8 2 0 0 
1670632562.6105247 20.34609375 33.317912562781224 988.3952781091142 0 0 0 0 0 0 198 61 6 2 0 0 
1670632567.7441978 20.351171875 33.519640267705014 988.4249725431815 0 0 0 0 0 0 198 61 6 2 0 0 
1670632572.8781395 20.34609375 33.54940601763101 988.3636040800094 0 0 0 0 0 0 186 50 2 0 0 0 
1670632578.010988 20.361328125 33.430426345699814 988.3619213781457 0 0 0 0 0 0 186 50 2 0 0 0 
1670632583.1416452 20.361328125 33.2105148311036 988.3562779007798 0 0 0 0 0 0 186 50 2 0 0 0 
1670632588.2748926 20.361328125 33.26412506124345 988.3660765055616 0 0 0 0 0 0 207 57 4 0 0 0 
1670632593.4089313 20.351171875 33.549055417159586 988.3795384494681 0 0 0 0 0 0 207 57 4 0 0 0 
1670632598.543317 20.35625 33.38293849949617 988.3697397328771 0 0 0 0 0 0 207 57 4 0 0 0 
1670632603.6772068 20.371484375 33.56668782281991 988.3654806395753 0 0 0 0 0 0 207 57 4 0 0 0 
1670632608.8113081 20.36640625 33.364950809231146 988.3755772597668 0 0 0 0 0 0 207 57 4 0 0 0 
1670632613.9448223 20.36640625 33.40659319919587 988.3960682513789 0 0 0 0 0 0 207 57 4 0 0 0 
1670632619.0789423 20.371484375 33.20476158987772 988.3206424779064 0 0 0 0 0 0 207 59 4 0 0 0 
1670632624.2132442 20.371484375 33.424401300190716 988.3284597204031 0 0 0 0 0 0 207 59 4 0 0 0 
1670632629.347183 20.381640625 33.228050164924156 988.3491421809445 0 0 0 0 0 0 207 59 4 0 0 0 
1670632634.481039 20.3765625 33.441764667478125 988.3732983214677 0 0 0 0 0 0 186 55 4 0 0 0 
1670632639.6145906 20.381640625 33.35874496116367 988.3373624187143 0 0 0 0 0 0 186 55 4 0 0 0 
1670632644.7479281 20.38671875 33.18658490742688 988.327862820243 0 0 0 0 0 0 186 55 4 0 0 0 
1670632649.8820083 20.381640625 33.311343837779184 988.3332096708717 0 0 0 0 0 0 186 53 2 0 0 0 
1670632655.0157797 20.3765625 33.44203148465446 988.3430079816554 1 1 1 1 1 1 234 71 10 0 0 0 
1670632660.1497536 20.3765625 33.20476158987772 988.3351907940996 1 1 1 1 1 1 234 71 10 0 0 0 
1670632665.2858493 20.38671875 33.26367017378759 988.3774517628295 0 0 0 0 0 0 234 71 10 0 0 0 
1670632670.4197931 20.38671875 33.210331635670514 988.3197474167022 0 0 0 0 0 0 234 68 10 0 0 0 
1670632675.553158 20.381640625 33.370617749678175 988.339642389741 0 0 0 0 0 0 234 68 10 0 0 0 
1670632680.686483 20.38671875 33.364681360560276 988.3284597204031 0 0 0 0 0 0 234 68 10 0 0 0 
1670632685.8202155 20.3765625 33.45372611806499 988.3760673646195 0 0 0 0 0 0 234 66 8 0 0 0 
1670632690.9533927 20.38671875 33.26367017378759 988.3006392717003 0 0 0 0 0 0 234 66 8 0 0 0 
1670632696.0858111 20.381640625 33.34102580157621 988.3443922990709 0 0 0 0 0 0 234 66 8 0 0 0 
1670632701.2198145 20.3765625 33.46577589852675 988.3348924529574 0 1 1 0 1 1 222 62 8 0 0 0 
1670632706.3530393 20.371484375 33.382669730497604 988.3368735626984 0 1 1 0 1 1 222 62 8 0 0 0 
1670632711.4863083 20.381640625 33.341296037494054 988.3194488441272 0 1 1 0 1 1 222 62 8 0 0 0 
1670632716.6194346 20.371484375 33.14521243564007 988.3312284111786 0 0 0 0 0 0 228 64 8 0 0 0 
1670632721.752462 20.36640625 33.38869548434199 988.3455855571239 0 0 0 0 0 0 228 64 8 0 0 0 
1670632726.886035 20.361328125 33.32348750483336 988.328758006353 0 0 0 0 0 0 228 64 8 0 0 0 
1670632732.018808 20.361328125 33.465953176123826 988.3351907940996 None None None None None None None None None None None None 
1670632737.153784 20.361328125 33.48978522847737 988.320344233589 0 0 0 0 0 0 180 48 6 0 0 0 
1670632742.2911365 20.361328125 33.32942369266468 988.3007478906668 0 0 0 0 0 0 180 46 6 0 0 0 
1670632747.425475 20.35625 33.40074651890395 988.315594255757 0 0 0 0 0 0 180 46 6 0 0 0 
1670632752.56002 20.35625 33.31773195638819 988.2903531544467 0 0 0 0 0 0 180 46 6 0 0 0 
1670632757.6961749 20.361328125 33.28787016201251 988.3122287746736 0 0 0 0 0 0 132 35 2 0 0 0 
1670632762.8304288 20.36640625 33.50148044537676 988.2883719130238 0 0 0 0 0 0 132 35 2 0 0 0 
1670632767.9644628 20.361328125 33.513440417667596 988.2984684325811 0 0 0 0 0 0 132 35 2 0 0 0 
1670632773.0987537 20.361328125 33.32933348822506 988.3119304625725 0 0 0 0 0 0 132 35 2 0 0 0 
1670632778.2339678 20.35625 33.52531212527596 988.2883719130238 0 0 0 0 0 0 132 35 2 0 0 0 
1670632783.369972 20.381640625 33.30540741418438 988.2793606810372 0 0 0 0 0 0 132 35 2 0 0 0 
1670632788.5002437 20.3765625 33.38258011919647 988.2891585445813 0 0 0 0 0 0 138 37 2 0 0 0 
1670632793.6337175 20.3765625 33.45983981047602 988.2827262408048 0 0 0 0 0 0 138 37 2 0 0 0 
1670632798.766837 20.381640625 33.41810849258806 988.2958897203008 0 0 0 0 0 0 138 37 2 0 0 0 
1670632803.900658 20.371484375 33.36477118760144 988.274611171096 0 0 0 0 0 0 174 49 2 0 0 0 
1670632809.0334008 20.381640625 33.32906281000015 988.2605510602522 0 0 0 0 0 0 174 49 2 0 0 0 
1670632814.1673145 20.3765625 33.281570833646 988.2854940040058 0 1 1 0 1 1 228 59 14 0 0 0 
1670632819.3019962 20.391796875 33.37637471521307 988.2922252333934 0 1 1 0 1 1 228 59 14 0 0 0 
1670632824.435807 20.38671875 33.31116294331829 988.2507534343036 0 1 1 0 1 1 228 59 14 0 0 0 
1670632829.5700243 20.396875 33.16849844441975 988.2599526378502 0 1 1 0 1 1 192 47 12 0 0 0 
1670632834.7036421 20.391796875 33.41181495518313 988.2826142357663 0 1 1 0 1 1 192 47 12 0 0 0 
1670632839.8382082 20.401953125 33.35829532215436 988.2725170688374 0 1 1 0 1 1 192 47 12 0 0 0 
1670632844.9722617 20.4171875 33.239467018174835 988.2520229846511 0 0 0 0 0 0 192 47 8 0 0 0 
1670632850.1063354 20.4171875 33.34021450967043 988.243008637559 0 0 0 0 0 0 192 47 8 0 0 0 
1670632855.2400975 20.42734375 33.453015309048226 988.2228138374647 0 0 0 0 0 0 192 47 8 0 0 0 
1670632860.372494 20.42734375 33.150410561850066 988.2281627031039 0 0 0 0 0 0 177 45 8 0 0 0 
1670632865.5061195 20.412109375 33.423420478492844 988.2373594378159 0 0 0 0 0 0 177 45 8 0 0 0 
1670632870.637533 20.42734375 33.27481613837072 988.2626033556552 0 0 0 0 0 0 177 45 8 0 0 0 
1670632875.7702627 20.422265625 33.12044641917258 988.250522553599 0 0 0 0 0 0 168 45 8 0 0 0 
1670632880.9021769 20.42734375 33.26896998734728 988.2480573391556 0 1 1 0 1 1 168 45 8 0 0 0 
1670632886.0325816 20.422265625 33.32249390962129 988.2595376269052 0 1 1 0 1 1 168 45 8 0 0 0 
1670632891.1629806 20.401953125 33.32852116147299 988.2483573430317 0 0 0 0 0 0 132 35 6 0 0 0 
1670632896.2934268 20.422265625 33.26896998734728 988.232611000919 0 0 0 0 0 0 150 44 2 0 0 0 
1670632901.4238088 20.432421875 33.25106740315813 988.250522553599 0 0 0 0 0 0 177 46 2 0 0 0 
1670632906.5542014 20.42734375 33.35820536189979 988.216082239671 0 0 0 0 0 0 177 46 2 0 0 0 
1670632911.6846192 20.4375 33.32240351787761 988.2255789482082 0 0 0 0 0 0 177 46 2 0 0 0 
1670632916.8150268 20.442578125 33.19726469084906 988.2235954993821 0 0 0 0 0 0 183 50 2 0 0 0 
1670632921.9466038 20.44765625 33.245038892227164 988.2331032440027 0 0 0 0 0 0 183 50 2 0 0 0 
1670632927.0806355 20.44765625 33.31016725031434 988.2465671018786 0 0 0 0 0 0 183 50 2 0 0 0 
1670632932.2144315 20.462890625 33.167484478785525 988.231420262083 0 0 0 0 0 0 189 50 2 0 0 0 
1670632937.3479578 20.452734375 33.20895629061087 988.2173542955315 0 0 0 0 0 0 189 50 2 0 0 0 
1670632942.4810002 20.452734375 33.46444493735979 988.2263600620072 0 0 0 0 0 0 189 50 2 0 0 0 
1670632947.6151288 20.4578125 33.41676901030813 988.2109234281475 0 0 0 0 0 0 189 50 2 0 0 0 
1670632952.7497313 20.452734375 33.15570144788738 988.2263713167429 0 0 0 0 0 0 189 50 2 0 0 0 
1670632957.883499 20.4578125 33.416858384848254 988.1977606383703 0 0 0 0 0 0 189 50 2 0 0 0 
1670632963.0178592 20.442578125 33.26860585300593 988.2030994263089 0 0 0 0 0 0 183 46 2 0 0 0 
1670632968.1503627 20.442578125 33.19141906426225 988.2532990324947 0 0 0 0 0 0 183 46 2 0 0 0 
1670632973.283948 20.4375 33.24513019365292 988.1919204253494 0 0 0 0 0 0 183 46 2 0 0 0 
1670632978.4182236 20.442578125 33.238918832196745 988.2238960214011 0 0 0 0 0 0 180 49 6 0 0 0 
1670632983.5510905 20.42734375 33.47064822172087 988.2309280873891 0 0 0 0 0 0 180 49 6 0 0 0 
1670632988.6853971 20.432421875 33.28669044429205 988.2188472413989 0 1 1 0 1 1 180 49 6 0 0 0 
1670632993.818482 20.442578125 33.40507334855613 988.2128963235795 0 1 1 0 1 1 180 49 6 0 0 0 
1670632998.952652 20.452734375 33.20347765963205 988.2148800993523 0 1 1 0 1 1 180 49 6 0 0 0 
1670633004.0855734 20.442578125 33.405252316774664 988.2499216150235 0 1 1 0 1 1 201 56 6 0 0 0 
1670633009.2189262 20.4375 33.10254114027862 988.2050831599907 0 0 0 0 0 0 201 56 6 0 0 0 
1670633014.3532083 20.42734375 33.239101604128194 988.2174647816673 0 0 0 0 0 0 201 56 6 0 0 0 
1670633019.4875183 20.432421875 33.381683411223726 988.2241964339689 0 0 0 0 0 0 201 53 8 0 0 0 
1670633024.6217198 20.442578125 33.15013344337714 988.2171643148715 0 1 1 0 1 1 201 53 8 0 0 0 
1670633029.755155 20.4375 33.138258664537794 988.2202296188634 0 1 1 0 1 1 201 53 8 0 0 0 
1670633034.8890705 20.4375 33.3757464278967 988.1952862763767 0 0 0 0 0 0 192 46 4 0 0 0 
1670633040.023095 20.4375 33.34606135704914 988.2289448020322 0 0 0 0 0 0 192 46 4 0 0 0 
1670633045.15616 20.432421875 33.18566554858964 988.268734648324 0 0 0 0 0 0 192 46 4 0 0 0 
1670633050.2896588 20.442578125 33.245038892227164 988.2121155357086 0 0 0 0 0 0 186 44 2 0 0 0 
1670633055.4228396 20.432421875 33.417037101476446 988.218546678709 0 0 0 0 0 0 186 44 2 0 0 0 
1670633060.5557334 20.432421875 33.38753072228378 988.2154813884139 0 0 0 0 0 0 192 50 6 0 0 0 
1670633065.6889188 20.422265625 33.43493755663954 988.2040014804202 0 0 0 0 0 0 192 50 6 0 0 0 
1670633070.8231888 20.4375 33.22713547990373 988.1835057990046 0 0 0 0 0 0 192 50 6 0 0 0 
1670633075.9573772 20.422265625 33.286417942113026 988.2037009051688 0 0 0 0 0 0 177 45 6 0 0 0 
1670633081.0912786 20.42734375 33.375836215680124 988.2073673053127 0 0 0 0 0 0 177 45 6 0 0 0 
1670633086.224471 20.422265625 33.227409998999526 988.2309280873891 0 0 0 0 0 0 177 45 6 0 0 0 
1670633091.3581579 20.422265625 33.19178675090128 988.2093506429954 0 0 0 0 0 0 213 57 6 0 0 0 
1670633096.4919243 20.442578125 33.26266846940717 988.2050831599907 0 0 0 0 0 0 213 57 6 0 0 0 
1670633101.6248033 20.432421875 33.18548154700353 988.2552710043689 0 0 0 0 0 0 213 57 6 0 0 0 
1670633106.759861 20.442578125 33.18548154700353 988.240124410268 0 0 0 0 0 0 207 48 4 0 0 0 
1670633111.8940003 20.442578125 33.19141906426225 988.2482500844277 0 0 0 0 0 0 207 48 4 0 0 0 
1670633117.0280507 20.432421875 33.227318503452324 988.1997335203544 0 0 0 0 0 0 207 48 4 0 0 0 
1670633122.1622434 20.432421875 33.203385869192644 988.2222130946637 0 0 0 0 0 0 195 44 4 0 0 0 
1670633127.2952123 20.442578125 33.345790904170286 988.240124410268 0 0 0 0 0 0 195 44 4 0 0 0 
1670633132.428934 20.4171875 33.39958381407478 988.2238960214011 0 0 0 0 0 0 195 44 4 0 0 0 
1670633137.5619621 20.42734375 33.369719567380166 988.2356765105194 0 0 0 0 0 0 189 42 6 0 0 0 
1670633142.6962485 20.42734375 33.22722699708706 988.2244967370882 0 1 1 0 1 1 204 59 6 2 0 0 
1670633147.8286417 20.432421875 33.38177313069967 988.1841071654256 0 1 1 0 1 1 204 59 6 2 0 0 
1670633152.9623864 20.412109375 33.49457256275896 988.1961878771415 0 1 1 0 1 1 204 59 6 2 0 0 
1670633158.0963655 20.42734375 33.316556960105665 988.2191476946377 0 1 1 0 1 1 198 59 6 2 0 0 
1670633163.2296956 20.42734375 33.26321501588361 988.2040014804202 0 1 1 0 1 1 198 59 6 2 0 0 
1670633168.3631303 20.432421875 33.3757464278967 988.2174647816673 0 0 0 0 0 0 198 59 6 2 0 0 
1670633173.4960804 20.42734375 33.34012431203715 988.1868716493329 0 0 0 0 0 0 189 54 8 2 0 0 
1670633178.6297252 20.4375 33.369719567380166 988.2023185680789 0 0 0 0 0 0 189 54 8 2 0 0 
1670633183.7638974 20.432421875 33.191694845468824 988.1784570240368 0 0 0 0 0 0 189 54 8 2 0 0 
1670633188.898009 20.422265625 33.20959842121306 988.2306277290492 0 0 0 0 0 0 210 59 6 0 0 0 
1670633194.0319986 20.42734375 33.304683030233335 988.2174647816673 0 0 0 0 0 0 210 59 6 0 0 0 
1670633199.1660295 20.4171875 33.3640522683808 988.2113338441881 0 0 0 0 0 0 210 59 6 0 0 0 
1670633204.2997172 20.422265625 33.245038892227164 988.2009361487243 0 0 0 0 0 0 225 64 8 0 0 0 
1670633209.433062 20.44765625 33.34570073157542 988.2011155561263 0 0 0 0 0 0 225 64 8 0 0 0 
1670633214.5660493 20.452734375 33.35739523281781 988.1792478572501 0 0 0 0 0 0 225 64 8 0 0 0 
1670633219.6990795 20.46796875 33.416679624950646 988.1806295366234 None None None None None None None None None None None None 
1670633224.8328788 20.46796875 33.14373363702543 988.2055732381667 0 0 0 0 0 0 153 42 10 0 0 0 
1670633229.9674685 20.4578125 33.327888745986684 988.2246883351029 0 0 0 0 0 0 144 39 8 0 0 0 
1670633235.1016505 20.442578125 33.20311043296548 988.2297372802329 0 0 0 0 0 0 144 39 8 0 0 0 
1670633240.2353845 20.4578125 33.17351432799015 988.1943946775372 0 0 0 0 0 0 144 39 8 0 0 0 
1670633245.3683095 20.44765625 33.17351432799015 988.2027985226955 0 0 0 0 0 0 159 46 10 0 0 0 
1670633250.501946 20.452734375 33.22686086344532 988.2263600620072 0 0 0 0 0 0 159 46 10 0 0 0 
1670633255.6347823 20.462890625 33.29792967557645 988.1836941407223 0 0 0 0 0 0 159 46 10 0 0 0 
1670633260.7687156 20.452734375 33.36944990174895 988.2129074655797 0 0 0 0 0 0 180 51 6 0 0 0 
1670633265.9016335 20.452734375 33.12592039774429 988.1994436188917 0 0 0 0 0 0 180 51 6 0 0 0 
1670633271.0349076 20.44765625 33.274361230868685 988.1792369970885 0 0 0 0 0 0 180 51 6 0 0 0 
1670633276.169324 20.442578125 33.215260695110786 988.2098312390569 0 0 0 0 0 0 192 53 6 0 0 0 
1670633281.3026135 20.442578125 33.39931523795779 988.171123331033 0 0 0 0 0 0 192 53 6 0 0 0 
1670633286.4362118 20.44765625 33.48216760113597 988.211224484499 0 0 0 0 0 0 192 53 6 0 0 0 
1670633291.5703351 20.4578125 33.39310927046526 988.1758818979556 0 0 0 0 0 0 198 53 6 0 0 0 
1670633296.701388 20.442578125 33.179451934127535 988.1927007243286 0 0 0 0 0 0 198 53 6 0 0 0 
1670633301.832003 20.452734375 33.24476492304189 988.196066656838 0 0 0 0 0 0 117 36 6 0 0 0 
1670633306.9673676 20.44765625 33.35172814382757 988.2095303896718 0 0 0 0 0 0 117 36 6 0 0 0 
1670633312.0993454 20.452734375 33.25663987827239 988.1643915247175 0 0 0 0 0 0 117 36 6 0 0 0 
1670633317.2315075 20.442578125 33.33994388431767 988.1893347920991 0 0 0 0 0 0 132 41 6 0 0 0 
1670633322.3656 20.442578125 33.345971216907145 988.2482500844277 0 0 0 0 0 0 132 41 6 0 0 0 
1670633327.4996598 20.4375 33.322132277740316 988.198050567482 0 0 0 0 0 0 132 41 6 0 0 0 
1670633332.6305892 20.4375 33.19754029956564 988.1899367067817 0 0 0 0 0 0 153 45 6 0 0 0 
1670633337.7640464 20.4375 33.464622539471954 988.2017172810104 0 0 0 0 0 0 153 45 6 0 0 0 
1670633342.8947244 20.442578125 33.36953980111022 988.2269613801801 0 0 0 0 0 0 153 45 6 0 0 0 
1670633348.02586 20.452734375 33.197172799640505 988.1741881005272 0 0 0 0 0 0 165 47 6 0 0 0 
1670633353.1602209 20.432421875 33.292173698999335 988.171123331033 0 0 0 0 0 0 165 47 6 0 0 0 
1670633358.2953281 20.462890625 33.40507334855613 988.1826138168244 0 0 0 0 0 0 165 47 6 0 0 0 
1670633363.427253 20.462890625 33.416947748571026 988.1758710659778 0 0 0 0 0 0 159 45 4 0 0 0 
1670633368.5590556 20.44765625 33.45859669951633 988.1943836905484 0 0 0 0 0 0 159 45 4 0 0 0 
1670633373.6905823 20.452734375 33.410921121675514 988.1778551384672 0 0 0 0 0 0 159 45 4 0 0 0 
1670633378.8211014 20.44765625 33.375387168587906 988.2044814893347 0 0 0 0 0 0 159 45 2 0 0 0 
1670633383.951583 20.44765625 33.238918832196745 988.2145792906382 0 0 0 0 0 0 159 50 11 2 0 0 
1670633389.08226 20.44765625 33.43475927148009 988.2361683550574 0 0 0 0 0 0 159 50 11 2 0 0 
1670633394.2152102 20.44765625 33.35154792443775 988.18458694702 0 0 0 0 0 0 159 50 11 2 0 0 
1670633399.3486044 20.462890625 33.39904656448402 988.2025084560072 0 1 1 0 1 1 159 45 13 2 0 0 
1670633404.4806223 20.452734375 33.35145779851644 988.2109234281475 0 1 1 0 1 1 159 45 13 2 0 0 
1670633409.6111515 20.462890625 33.262395050126834 988.2237851630251 0 1 1 0 1 1 159 45 13 2 0 0 
1670633414.742636 20.452734375 33.30413928792358 988.2061755416762 0 0 0 0 0 0 117 31 6 0 0 0 
1670633419.8736641 20.452734375 33.23261545025803 988.1893457368122 0 0 0 0 0 0 117 31 6 0 0 0 
1670633425.0077672 20.452734375 33.34570073157542 988.1826138168244 0 0 0 0 0 0 117 31 6 0 0 0 
1670633430.1391788 20.452734375 33.2329813971903 988.1775540314982 0 0 0 0 0 0 138 36 4 0 0 0 
1670633435.27267 20.4375 33.29811116781221 988.211224484499 0 0 0 0 0 0 138 36 4 0 0 0 
1670633440.4076452 20.442578125 33.44096363181724 988.1714243827728 0 0 0 0 0 0 138 36 4 0 0 0 
1670633445.5393965 20.4375 33.31628554749196 988.1731073209694 0 0 0 0 0 0 147 39 4 0 0 0 
1670633450.6713755 20.432421875 33.286417942113026 988.194684661947 0 0 0 0 0 0 147 39 4 0 0 0 
1670633455.8028693 20.442578125 33.35784541270578 988.167278189119 0 0 0 0 0 0 147 39 4 0 0 0 
1670633460.9350147 20.442578125 33.33418725674433 988.1818228739453 None None None None None None None None None None None None 
1670633466.064175 20.4375 33.351638039541456 988.168359475989 0 0 0 0 0 0 144 39 8 2 0 0 
1670633471.1955473 20.442578125 33.345790904170286 988.2112133565906 0 0 0 0 0 0 165 39 8 2 0 0 
1670633476.329357 20.4375 33.345790904170286 988.2058744446535 0 0 0 0 0 0 165 39 8 2 0 0 
1670633481.4630723 20.44765625 33.24494757998341 988.149546192579 0 0 0 0 0 0 165 39 8 2 0 0 
1670633486.597057 20.4375 33.33994388431767 988.1818228739453 0 0 0 0 0 0 171 41 10 2 0 0 
1670633491.7294848 20.442578125 33.2329813971903 988.1532131586365 0 0 0 0 0 0 171 41 10 2 0 0 
1670633496.8632936 20.442578125 33.31016725031434 988.1963676146795 0 0 0 0 0 0 171 41 10 2 0 0 
1670633501.9964876 20.4375 33.41127878488705 988.1714243827728 0 0 0 0 0 0 192 43 12 2 0 0 
1670633507.1296608 20.4578125 33.35172814382757 988.1562779421494 0 1 1 0 1 1 192 43 12 2 0 0 
1670633512.2623615 20.44765625 33.19141906426225 988.1694403793492 0 1 1 0 1 1 192 43 12 2 0 0 
1670633517.3957968 20.44765625 33.42297421775532 988.1489542336672 0 1 1 0 1 1 198 45 12 2 0 0 
1670633522.5292072 20.452734375 33.29244606115209 988.1444973811351 0 0 0 0 0 0 198 45 12 2 0 0 
1670633527.662578 20.44765625 33.19735657123943 988.1590521056773 0 0 0 0 0 0 198 45 12 2 0 0 
1670633532.7965038 20.452734375 33.292173698999335 988.1506372121606 0 0 0 0 0 0 219 52 12 2 0 0 
1670633537.9299035 20.44765625 33.25673107552686 988.1506265915617 0 0 0 0 0 0 219 52 12 2 0 0 
1670633543.0637012 20.442578125 33.351638039541456 988.1728062827866 None None None None None None None None None None None None 
1670633548.1977782 20.432421875 33.20329406793508 988.1761721865037 0 0 0 0 0 0 225 61 6 0 0 0 
1670633553.3319023 20.432421875 33.27472517850609 988.1538150131072 0 0 0 0 0 0 225 61 6 0 0 0 
1670633558.4643006 20.422265625 33.41118938531023 988.1633107029089 0 0 0 0 0 0 204 56 4 0 0 0 
1670633563.5968566 20.4171875 33.39958381407478 988.1447985403324 0 0 0 0 0 0 204 56 4 0 0 0 
1670633568.7292821 20.412109375 33.322584290547276 988.155497909864 0 0 0 0 0 0 204 56 4 0 0 0 
1670633573.8631375 20.4171875 33.42917890773024 988.1353031533977 0 0 0 0 0 0 210 59 4 0 0 0 
1670633578.9963126 20.422265625 33.150410561850066 988.1268886745081 0 0 0 0 0 0 210 59 4 0 0 0 
1670633584.1301525 20.4171875 33.39958381407478 988.1423355957294 0 0 0 0 0 0 210 59 4 0 0 0 
1670633589.2629144 20.422265625 33.524167926824596 988.1120437188969 0 0 0 0 0 0 195 52 4 0 0 0 
1670633594.396289 20.412109375 33.44716747468774 988.1487663232566 0 0 0 0 0 0 195 52 4 0 0 0 
1670633599.5302234 20.422265625 33.29856470909008 988.1255067724702 0 0 0 0 0 0 195 52 4 0 0 0 
1670633604.663542 20.42734375 33.345971216907145 988.149244964598 0 0 0 0 0 0 174 45 6 0 0 0 
1670633609.7974088 20.432421875 33.257004602382516 988.1276680142014 0 0 0 0 0 0 174 45 6 0 0 0 
1670633614.9307685 20.42734375 33.32222270193712 988.1734082496982 0 0 0 0 0 0 174 45 6 0 0 0 
1670633620.064138 20.422265625 33.32222270193712 988.1551970509104 0 0 0 0 0 0 189 52 6 0 0 0 
1670633625.1975763 20.4171875 33.500420918790844 988.1538150131072 None None None None None None None None None None None None 
1670633630.3310583 20.432421875 33.41730509528857 988.1633107029089 0 0 0 0 0 0 159 40 4 0 0 0 
1670633635.4666512 20.422265625 33.328340525422476 988.1392706061491 0 0 0 0 0 0 159 40 4 0 0 0 
1670633640.600025 20.412109375 33.50662250898947 988.1611479087812 0 0 0 0 0 0 174 47 4 0 0 0 
1670633645.7335513 20.412109375 33.233347171033834 988.1692617274863 0 0 0 0 0 0 174 47 4 0 0 0 
1670633650.867277 20.422265625 33.215718855984164 988.1460020826238 0 0 0 0 0 0 174 47 4 0 0 0 
1670633656.0009542 20.412109375 33.399762810732355 988.1244255763716 0 1 1 0 1 1 189 52 8 0 0 0 
1670633661.134836 20.412109375 33.482876197220094 988.1280919377436 0 1 1 0 1 1 189 52 8 0 0 0 
1670633666.2691398 20.412109375 33.2693339486021 988.1664969680384 0 1 1 0 1 1 189 52 8 0 0 0 
1670633671.4020886 20.401953125 33.3168282753598 988.1880738359333 0 1 1 0 1 1 198 59 8 0 0 0 
1670633676.5362382 20.396875 33.405878364791526 988.193122449267 0 1 1 0 1 1 198 59 8 0 0 0 
1670633681.6696112 20.40703125 33.44140875980144 988.1698626812594 0 1 1 0 1 1 198 59 8 0 0 0 
1670633686.803736 20.422265625 33.239375680890205 988.1891558596813 0 1 1 0 1 1 219 66 8 0 0 0 
1670633691.9378612 20.422265625 33.41145755158857 988.1443192134002 0 1 1 0 1 1 219 66 8 0 0 0 
1670633697.071577 20.412109375 33.33454825560801 988.166196518759 0 1 1 0 1 1 219 66 8 0 0 0 
1670633702.205174 20.4171875 33.26303287699652 988.15916442598 None None None None None None None None None None None None 
1670633707.3382049 20.4171875 33.5480025773274 988.1392706061491 0 2 2 0 2 2 255 75 13 2 0 0 
1670633712.472932 20.4171875 33.316647409341435 988.1594650389286 0 2 2 0 2 2 264 75 13 2 0 0 
1670633717.6061447 20.412109375 33.376195258638774 988.1476849519172 0 2 2 0 2 2 264 75 13 2 0 0 
1670633722.740375 20.412109375 33.5364809788087 988.1756926763985 0 2 2 0 2 2 264 75 13 2 0 0 
1670633727.873993 20.412109375 33.405699548016536 988.1567002512343 0 2 2 0 2 2 252 71 13 2 0 0 
1670633733.0070543 20.422265625 33.41739440492458 988.1827248000767 0 2 2 0 2 2 252 71 13 2 0 0 
1670633738.1405962 20.432421875 33.39346775335619 988.1952862763767 0 2 2 0 2 2 252 71 13 2 0 0 
1670633743.274323 20.42734375 33.41730509528857 988.1437176340349 0 2 2 0 2 2 267 78 15 2 0 0 
1670633748.4024925 20.40703125 33.441141715462706 988.1860905689234 0 2 2 0 2 2 267 78 15 2 0 0 
1670633753.5363383 20.412109375 33.310620000309676 988.1527335602169 0 2 2 0 2 2 267 78 15 2 0 0 
1670633758.6692214 20.422265625 33.26906099388785 988.1958874530008 0 2 2 0 2 2 258 75 19 2 0 0 
1670633763.8033617 20.422265625 33.3168282753598 988.1608473093896 0 2 2 0 2 2 258 75 19 2 0 0 
1670633768.9367366 20.412109375 33.40561012340295 988.1908387579061 0 2 2 0 2 2 258 75 19 2 0 0 
1670633774.0704858 20.432421875 33.3343677778115 988.1720261578922 0 2 2 0 2 2 279 80 19 2 0 0 
1670633779.2046826 20.4171875 33.441141715462706 988.1824242674804 0 2 2 0 2 2 279 80 19 2 0 0 
1670633784.3382983 20.4171875 33.55987580081167 988.2006356558076 0 0 0 0 0 0 147 37 6 0 0 0 
1670633789.4719868 20.4171875 33.31052947194612 988.1818228739453 0 0 0 0 0 0 147 37 6 0 0 0 
1670633794.6051745 20.42734375 33.27490708741746 988.1888552718659 0 0 0 0 0 0 147 37 6 0 0 0 
1670633799.7379327 20.4171875 33.51229444336937 988.1706439838209 0 0 0 0 0 0 180 44 8 0 0 0 
1670633804.8715644 20.4171875 33.488635843070625 988.1563998300534 0 0 0 0 0 0 180 44 8 0 0 0 
1670633810.0052073 20.412109375 33.55987580081167 988.155497909864 0 0 0 0 0 0 180 44 8 0 0 0 
1670633815.1388938 20.412109375 33.39373650194125 988.1810419157582 0 1 1 0 1 1 207 56 8 0 0 0 
1670633820.2716978 20.422265625 33.375836215680124 988.1793590315095 0 1 1 0 1 1 207 56 8 0 0 0 
1670633825.404618 20.42734375 33.47091430639696 988.2194480384281 0 1 1 0 1 1 207 56 8 0 0 0 
1670633830.5379863 20.4171875 33.227592957639736 988.1773755740641 0 0 0 0 0 0 195 51 8 0 0 0 
1670633835.671778 20.422265625 33.51229444336937 988.1524328930408 0 0 0 0 0 0 195 51 8 0 0 0 
1670633840.8059404 20.412109375 33.50671076161176 988.166196518759 0 0 0 0 0 0 195 51 8 0 0 0 
1670633845.9389236 20.422265625 33.180004283868335 988.1740097788025 0 0 0 0 0 0 195 51 8 0 0 0 
1670633851.072947 20.4171875 33.43538308023565 988.1625301928692 0 0 0 0 0 0 195 51 8 0 0 0 
1670633856.206023 20.412109375 33.42944639435207 988.1577821691458 0 0 0 0 0 0 195 51 8 0 0 0 
1670633861.3420336 20.401953125 33.42944639435207 988.116312049826 0 0 0 0 0 0 195 51 8 0 0 0 
1670633866.4753997 20.40703125 33.38195253719911 988.1547169739673 0 0 0 0 0 0 198 51 6 0 0 0 
1670633871.6086984 20.4171875 33.239375680890205 988.1392706061491 0 0 0 0 0 0 198 51 6 0 0 0 
1670633876.7394705 20.4171875 33.29271832594444 988.1356040655868 0 0 0 0 0 0 198 51 6 0 0 0 
1670633881.8710728 20.42734375 33.40552068797197 988.1487663232566 0 0 0 0 0 0 198 51 6 0 0 0 
1670633887.0002322 20.422265625 33.52425600699178 988.1363839237762 0 0 0 0 0 0 198 51 6 0 0 0 
1670633892.1311808 20.422265625 33.488635843070625 988.167278189119 0 0 0 0 0 0 198 51 6 0 0 0 
1670633897.2651615 20.422265625 33.304592433559485 988.0924513479284 0 0 0 0 0 0 186 49 6 0 0 0 
1670633902.3984573 20.422265625 33.47091430639696 988.1154094818708 0 0 0 0 0 0 186 49 6 0 0 0 
1670633907.5308082 20.422265625 33.51840747635841 988.1299534035468 0 0 0 0 0 0 186 49 6 0 0 0 
1670633912.661838 20.42734375 33.28678125671604 988.1053121937881 0 0 0 0 0 0 207 54 6 0 0 0 
1670633917.7937276 20.4171875 33.25709575636516 988.0831334124586 0 0 0 0 0 0 207 54 6 0 0 0 
1670633922.9288158 20.40703125 33.41154691871327 988.097198903527 0 0 0 0 0 0 207 54 6 0 0 0 
1670633928.0587387 20.4171875 33.25709575636516 988.1302544658541 0 0 0 0 0 0 213 56 6 0 0 0 
1670633933.1932447 20.412109375 33.30477361608942 988.098279459358 0 0 0 0 0 0 213 56 6 0 0 0 
1670633938.3242788 20.42734375 33.50059761472553 988.1288725365629 0 0 0 0 0 0 213 56 6 0 0 0 
1670633943.4546993 20.412109375 33.27490708741746 988.1103608375149 0 0 0 0 0 0 207 54 8 0 0 0 
1670633948.5853033 20.40703125 33.387978924039956 988.1339211832259 0 0 0 0 0 0 207 59 4 0 0 0 
1670633953.7222676 20.401953125 33.28678125671604 988.1173933153325 0 0 0 0 0 0 186 55 4 0 0 0 
1670633958.8502645 20.401953125 33.45930730824876 988.0840370814802 0 0 0 0 0 0 186 55 4 0 0 0 
1670633963.979807 20.396875 33.3820422242226 988.1062150057656 0 0 0 0 0 0 186 55 4 0 0 0 
1670633969.1123483 20.40703125 33.48890124811298 988.0753216354325 0 0 0 0 0 0 171 50 2 0 0 0 
1670633974.2428536 20.401953125 33.45930730824876 988.1140275793323 0 0 0 0 0 0 171 50 2 0 0 0 
1670633979.3766704 20.40703125 33.35838527159137 988.0904674351626 0 0 0 0 0 0 171 50 2 0 0 0 
1670633984.5130363 20.401953125 33.48898969482627 988.0590955000969 0 0 0 0 0 0 159 48 2 0 0 0 
1670633989.6461542 20.40703125 33.37610551412536 988.0624611772555 0 0 0 0 0 0 159 48 2 0 0 0 
1670633994.7779922 20.412109375 33.41181495518313 988.0389014430175 0 0 0 0 0 0 159 48 2 0 0 0 
1670633999.9100566 20.401953125 33.45337080009432 988.0489984702988 0 0 0 0 0 0 144 41 0 0 0 0 
1670634005.040266 20.40703125 33.39400515316936 988.0257401130614 0 0 0 0 0 0 144 41 0 0 0 0 
1670634010.1699336 20.401953125 33.37025860656928 988.048697181484 0 0 0 0 0 0 144 41 0 0 0 0 
1670634015.2996376 20.40703125 33.35838527159137 987.9853523678881 0 0 0 0 0 0 144 34 0 0 0 0 
1670634020.4336476 20.40703125 33.44131975583912 988.0217715640858 0 0 0 0 0 0 144 34 0 0 0 0 
1670634025.564908 20.412109375 33.50086257749976 988.0167230128162 None None None None None None None None None None None None 
1670634030.6902957 20.412109375 33.393826063168056 987.9985133590608 0 1 1 0 1 1 201 56 8 0 0 0 
1670634035.8227823 20.401953125 33.29289978171692 988.0268201159847 0 1 1 0 1 1 201 56 8 0 0 0 
1670634040.9570599 20.401953125 33.25746026411621 988.0156431729929 0 1 1 0 1 1 216 61 10 0 0 0 
1670634046.0897005 20.40703125 33.45337080009432 988.0419657754564 0 1 1 0 1 1 216 61 10 0 0 0 
1670634051.218994 20.391796875 33.376284992334675 988.0237559068148 0 1 1 0 1 1 216 61 10 0 0 0 
1670634056.3491716 20.401953125 33.459396085662945 988.0139603498927 0 1 1 0 1 1 201 54 10 0 0 0 
1670634061.4758093 20.401953125 33.299017979923015 988.0274229366507 0 1 1 0 1 1 201 54 10 0 0 0 
1670634066.6071572 20.412109375 33.429535534924725 988.0200887135928 0 1 1 0 1 1 201 54 10 0 0 0 
1670634071.7361593 20.422265625 33.52425600699178 988.0060223283713 0 1 1 0 1 1 201 54 8 0 0 0 
1670634076.86963 20.432421875 33.441141715462706 988.0074032629104 0 1 1 0 1 1 201 54 8 0 0 0 
1670634082.0016074 20.42734375 33.351998391780306 988.005116131826 0 1 1 0 1 1 201 54 8 0 0 0 
1670634087.1348717 20.42734375 33.41730509528857 988.0407593088539 0 1 1 0 1 1 201 59 8 0 0 0 
1670634092.2638814 20.432421875 33.36989929037998 987.9835405590624 0 1 1 0 1 1 201 59 8 0 0 0 
1670634097.396791 20.422265625 33.363962354799256 987.9939401400351 0 1 1 0 1 1 201 59 8 0 0 0 
1670634102.529293 20.42734375 33.3343677778115 988.0067990495436 0 0 0 0 0 0 195 54 4 0 0 0 
1670634107.6582513 20.4375 33.33400669240652 988.0135307211137 None None None None None None None None None None None None 
1670634112.7905335 20.44765625 33.404983848220766 988.0092672624501 0 0 0 0 0 0 147 40 8 0 0 0 
1670634117.9224083 20.44765625 33.422795637738986 987.9974771173374 0 0 0 0 0 0 147 40 8 0 0 0 
1670634123.055932 20.4375 33.36360259229754 987.9994626194534 0 0 0 0 0 0 147 40 8 0 0 0 
1670634128.189268 20.452734375 33.36944990174895 988.0008524000491 0 0 0 0 0 0 147 40 8 0 0 0 
1670634133.318831 20.462890625 33.309986074591926 988.0156965246623 0 0 0 0 0 0 147 40 8 0 0 0 
1670634138.4497085 20.44765625 33.381234651581714 988.0294629393449 0 0 0 0 0 0 168 44 10 0 0 0 
1670634143.5782382 20.4375 33.4051628380741 988.0260969924965 0 0 0 0 0 0 168 44 10 0 0 0 
1670634148.7129672 20.44765625 33.393378148859625 988.0126237428331 0 0 0 0 0 0 168 44 10 0 0 0 
1670634153.8445215 20.442578125 33.535601489081685 988.0207454844522 0 0 2 0 0 2 195 51 14 2 2 2 
1670634158.9787595 20.442578125 33.470115760305575 988.0143161807298 0 0 2 0 0 2 195 51 14 2 2 2 
1670634164.1103265 20.452734375 33.36342264614136 988.0176821265992 0 0 2 0 0 2 195 51 14 2 2 2 
1670634169.238674 20.442578125 33.58903454418488 987.997486455578 0 0 2 0 0 2 180 53 14 2 2 2 
1670634174.372098 20.452734375 33.274361230868685 988.0227310459279 0 0 2 0 0 2 180 53 14 2 2 2 
1670634179.5032022 20.452734375 33.48225621350636 988.0008430336248 0 0 2 0 0 2 180 53 14 2 2 2 
