timestamp temperature humidity pressure pm10_standard pm25_standard pm100_standard pm10_env pm25_env pm100_env particles_03um particles_05um particles_10um particles_25um particles_50um particles_100um
1643784770.8619378 20.74765625 11.556296866378078 988.3976306058759 7 10 11 7 10 11 1443 415 61 6 0 0 
1643784776.0150027 20.74765625 11.549975818627008 988.3976306058759 8 10 10 8 10 10 1470 418 56 2 0 0 
1643784781.1682327 20.74765625 11.549975818627008 988.3827824040117 8 10 10 8 10 10 1470 418 56 2 0 0 
1643784786.3215256 20.7375 11.485234955106314 988.3494131182341 8 11 11 8 11 11 1491 423 60 2 0 0 
1643784791.4749143 20.7375 11.682873478767458 988.3325756491888 8 11 11 8 11 11 1491 423 60 2 0 0 
1643784796.6269 20.7375 11.491213845459239 988.3278304209795 8 11 11 8 11 11 1491 423 60 2 0 0 
1643784801.784003 20.7375 11.467298222277469 988.3123706955724 8 11 11 8 11 11 1527 435 65 4 0 0 
1643784806.9388876 20.7375 11.587216375490518 988.3295141538006 8 11 11 8 11 11 1527 435 65 4 0 0 
1643784812.0922472 20.7375 11.5865329955612 988.3174219330317 8 11 11 8 11 11 1527 435 65 4 0 0 
1643784817.246161 20.7375 11.694830431371122 988.3123706955724 9 12 12 9 12 12 1653 475 65 4 0 0 
1643784822.3994648 20.742578125 11.693468608094188 988.3504848940755 9 12 12 9 12 12 1653 475 65 4 0 0 
1643784827.553245 20.742578125 11.681511102144427 988.3572199924018 9 12 12 9 12 12 1653 475 65 4 0 0 
1643784832.7070029 20.74765625 11.6871493079879 988.3285958322487 9 13 13 9 13 13 1626 463 70 6 0 0 
1643784837.8576224 20.7578125 11.639318401371524 988.3538524430986 9 13 13 9 13 13 1626 463 70 6 0 0 
1643784843.00806 20.74765625 11.742809836843069 988.1205736099671 9 13 13 9 13 13 1626 463 70 6 0 0 
1643784848.1624417 20.74765625 11.72934087884619 988.3740577431167 9 13 13 9 13 13 1647 477 75 6 0 0 
1643784853.3159962 20.74765625 11.526059777155496 988.3544643603122 9 13 13 9 13 13 1647 477 75 6 0 0 
1643784858.469278 20.742578125 11.765552421146708 988.367322641991 8 11 11 8 11 11 1593 454 45 4 0 0 
1643784863.6231441 20.74765625 11.693809080288503 988.3690064171674 8 11 11 8 11 11 1593 454 45 4 0 0 
1643784868.7803094 20.742578125 11.657595966696269 988.3348711999897 8 11 11 8 11 11 1551 442 45 4 0 0 
1643784873.9300556 20.742578125 11.544681215725136 988.3403822486856 8 11 11 8 11 11 1551 442 45 4 0 0 
1643784879.0795314 20.74765625 11.472248081544977 988.3474234129757 8 11 11 8 11 11 1551 442 45 4 0 0 
1643784884.228033 20.74765625 11.675532333725968 988.3619652616587 8 10 10 8 10 10 1518 430 43 4 0 0 
1643784889.37667 20.7375 11.62804304878979 988.3420660227424 8 10 10 8 10 10 1518 430 43 4 0 0 
1643784894.5213315 20.7375 11.556296866378078 988.3056357132733 8 10 10 8 10 10 1518 430 43 4 0 0 
1643784899.6723957 20.742578125 11.56261775456922 988.2786957952745 8 11 11 8 11 11 1524 437 43 4 0 0 
1643784904.8217616 20.72734375 11.652639993473946 988.3022682225438 8 11 11 8 11 11 1524 437 43 4 0 0 
1643784909.9713402 20.732421875 11.646661381086327 988.3221670097035 8 11 11 8 11 11 1524 437 43 4 0 0 
1643784915.120394 20.732421875 11.61044807182922 988.32752440984 8 11 11 8 11 11 1536 451 34 4 0 0 
1643784920.2694995 20.7375 11.658277730193376 988.3558422175656 8 11 11 8 11 11 1536 451 34 4 0 0 
1643784925.417602 20.74765625 11.544339025172688 988.3207894250212 8 11 11 8 11 11 1536 451 34 4 0 0 
1643784930.5682912 20.742578125 11.652639993473946 988.3440558916295 8 11 13 8 11 13 1536 444 41 8 2 2 
1643784935.7169447 20.7375 11.5330657896694 988.371301838456 8 11 13 8 11 13 1536 444 41 8 2 2 
1643784940.865944 20.74765625 11.616426815158105 988.352780612883 8 10 10 8 10 10 1416 434 50 2 0 0 
1643784946.018873 20.7375 11.712765783065807 988.3676285469312 8 10 10 8 10 10 1416 434 50 2 0 0 
1643784951.174159 20.732421875 11.652299058931222 988.333647153159 8 10 10 8 10 10 1416 434 50 2 0 0 
1643784956.3270416 20.76796875 11.549291521282267 988.3451273802567 8 11 11 8 11 11 1452 445 53 2 0 0 
1643784961.4810872 20.752734375 11.650935211590825 988.3380858750028 8 11 11 8 11 11 1452 445 53 2 0 0 
1643784966.6382718 20.74765625 11.585849571962678 988.3555362177153 8 11 11 8 11 11 1452 445 53 2 0 0 
1643784971.7924778 20.74765625 11.538017818482691 988.4107951573037 9 12 12 9 12 12 1524 469 60 4 0 0 
1643784976.945395 20.74765625 11.670235041831939 988.3976306058759 9 12 12 9 12 12 1524 469 60 4 0 0 
1643784982.1019013 20.74765625 11.658277730193376 988.3757415185734 9 12 12 9 12 12 1524 469 60 4 0 0 
1643784987.249223 20.732421875 11.592511780071076 988.3359431424379 9 11 11 9 11 11 1497 460 55 2 0 0 
1643784992.3986733 20.50859375 11.485234955106314 988.3494131182341 9 11 11 9 11 11 1497 460 55 2 0 0 
1643784997.5517182 20.7375 11.449018110345735 988.3311978866915 9 11 11 9 11 11 1497 460 55 2 0 0 
1643785002.7045739 20.732421875 11.64700237388186 988.3166561764926 9 11 11 9 11 11 1539 472 57 2 0 0 
1643785007.8574061 20.72734375 11.557665009693432 988.2978293877599 9 11 11 9 11 11 1539 472 57 2 0 0 
1643785013.0060298 20.7169921875 11.539386835553636 988.2840533921953 9 11 11 9 11 11 1539 472 57 2 0 0 
1643785018.155622 20.732421875 11.60515228310306 988.2742573430676 8 11 11 8 11 11 1440 441 52 4 0 0 
1643785023.304261 20.7220703125 11.635045256561792 988.3068598052851 8 13 15 8 13 15 1614 495 72 6 4 0 
1643785028.4552689 20.7220703125 11.772889148918479 988.3716074970732 8 12 13 8 12 13 1557 469 67 4 2 0 
1643785033.6115208 20.7220703125 11.670575768866737 988.358137622467 8 12 13 8 12 13 1557 469 67 4 2 0 
1643785038.7663713 20.732421875 11.599173657526988 988.3823207317057 8 12 13 8 12 13 1557 469 67 4 2 0 
1643785043.9125624 20.7220703125 11.558007018228631 988.4089549260664 8 12 13 8 12 13 1557 464 65 4 2 0 
1643785049.0636775 20.72734375 11.641023820369213 988.420740985889 8 12 13 8 12 13 1557 464 65 4 2 0 
1643785054.211223 20.72734375 11.69517085989856 988.3668618832652 8 12 13 8 12 13 1557 464 65 4 2 0 
1643785059.3639271 20.7220703125 11.707467912263084 988.3536977073722 8 12 13 8 12 13 1557 469 68 4 2 0 
1643785064.5163414 20.7119140625 11.708488684589359 988.4095650987423 8 12 13 8 12 13 1557 469 68 4 2 0 
1643785069.6677136 20.5951171875 11.49258494512001 988.3714504794485 8 12 13 8 12 13 1557 469 68 4 2 0 
1643785074.8150787 20.7169921875 11.72574284804407 988.2855732789399 8 12 12 8 12 12 1530 450 58 2 0 0 
1643785079.9594128 20.7068359375 11.780564544034236 988.388287150381 8 12 12 8 12 12 1530 450 58 2 0 0 
1643785085.1113257 20.7068359375 11.63640967193441 988.4051238283112 8 12 12 8 12 12 1530 450 58 2 0 0 
1643785090.2599983 20.7169921875 11.648366235894297 988.3731341462269 8 11 11 8 11 11 1518 441 53 2 0 0 
1643785095.4079826 20.7017578125 11.53546170985969 988.3282857924677 8 11 11 8 11 11 1518 441 53 2 0 0 
1643785100.5535219 20.7068359375 11.552712571306202 988.3397660961862 8 11 11 8 11 11 1518 441 53 2 0 0 
1643785105.7031689 20.7068359375 11.702170264169181 988.3293588327338 10 13 13 10 13 13 1728 516 78 4 0 0 
1643785110.8513708 20.7068359375 11.660322758678863 988.351551660888 10 13 13 10 13 13 1755 523 69 4 0 0 
1643785115.9960225 20.6966796875 11.577651506545667 988.3232348793613 10 13 13 10 13 13 1755 523 69 4 0 0 
1643785121.1437871 20.7017578125 11.541440033633547 988.3414497480766 10 13 13 10 13 13 1755 523 69 4 0 0 
1643785126.2942052 20.7119140625 11.798837405602258 988.3849198156346 10 13 15 10 13 15 1761 521 76 6 2 2 
1643785131.4444232 20.6916015625 11.553396650301186 988.3670094805407 10 13 15 10 13 15 1761 521 76 6 2 2 
1643785136.5905535 20.6966796875 11.721125046795871 988.3510876762806 10 13 15 10 13 15 1761 521 76 6 2 2 
1643785141.743354 20.6966796875 11.661004347505498 988.4071122263824 10 12 14 10 12 14 1671 498 71 6 2 2 
1643785146.8947947 20.6966796875 11.529483375792475 988.3636422018476 10 12 14 10 12 14 1671 498 71 6 2 2 
1643785152.048186 20.6916015625 11.655367076806073 988.3468058125796 10 12 14 10 12 14 1671 498 71 6 2 2 
1643785157.200979 20.6966796875 11.690213885498242 988.3852247217875 9 13 15 9 13 15 1659 496 85 8 2 2 
1643785162.3544924 20.6966796875 11.643410948451889 988.3406812553808 9 13 15 9 13 15 1659 496 85 8 2 2 
1643785167.5061953 20.6763671875 11.566391995724553 988.3827715567561 9 13 15 9 13 15 1659 496 85 8 2 2 
1643785172.6598701 20.6763671875 11.596282203439065 988.391798367024 9 13 14 9 13 14 1611 477 71 8 2 2 
1643785177.813513 20.6763671875 11.799176581895678 988.3409860892889 9 13 14 9 13 14 1611 477 71 8 2 2 
1643785182.9670796 20.6865234375 11.649729923235387 988.3477204803369 9 13 14 9 13 14 1611 477 71 8 2 2 
1643785188.1219983 20.6763671875 11.5554617776849 988.3614938274264 8 10 11 8 10 11 1509 435 51 6 0 0 
1643785193.2794914 20.6865234375 11.758024516869323 988.3504780615872 8 10 11 8 10 11 1509 435 51 6 0 0 
1643785198.43305 20.6763671875 11.650424812094917 988.3429743977222 8 10 11 8 10 11 1488 431 55 6 0 0 
1643785203.586381 20.6763671875 11.79986794591844 988.3665445824518 8 10 11 8 10 11 1488 431 55 6 0 0 
1643785208.7389944 20.6763671875 11.72779606046872 988.3648609973733 8 10 11 8 10 11 1488 431 55 6 0 0 
1643785213.892124 20.6763671875 11.871598365239985 988.3665445824518 8 10 11 8 10 11 1515 433 57 6 0 0 
1643785219.0454354 20.6662109375 11.74043129909238 988.373278923465 8 10 11 8 10 11 1515 433 57 6 0 0 
1643785224.1973846 20.6662109375 11.671060427139782 988.28739062459 8 10 11 8 10 11 1515 433 57 6 0 0 
1643785229.3490517 20.6611328125 11.526256842550017 988.3806217618755 8 10 11 8 10 11 1500 431 59 6 0 0 
1643785234.5012493 20.6560546875 11.65742503756522 988.3458756750734 8 10 11 8 10 11 1500 431 59 6 0 0 
1643785239.6545913 20.6509765625 11.680994995452116 988.361027447645 8 10 11 8 10 11 1500 431 59 6 0 0 
1643785244.8082473 20.6712890625 11.770998267863488 988.3657739435123 8 10 13 8 10 13 1485 426 66 8 2 2 
1643785249.9604678 20.6611328125 11.65742503756522 988.3475592050792 8 10 13 8 10 13 1485 426 66 8 2 2 
1643785255.113792 20.6560546875 11.568101144564816 988.3506220470279 8 10 13 8 10 13 1485 426 66 8 2 2 
1643785260.2658465 20.6560546875 11.592011947875443 988.3671532956614 8 10 12 8 10 12 1512 431 54 4 2 2 
1643785265.4194477 20.6611328125 11.782613799826798 988.3573562225434 8 10 12 8 10 12 1512 431 54 4 2 2 
1643785270.5728118 20.6712890625 11.794229556363227 988.3842929358009 8 10 11 8 10 11 1512 440 41 4 2 0 
1643785275.7286165 20.6560546875 11.66272123347668 988.3809258456641 8 10 11 8 10 11 1512 440 41 4 2 0 
1643785280.881584 20.6560546875 11.585351050735325 988.3728121635635 8 10 11 8 10 11 1512 440 41 4 2 0 
1643785286.039483 20.6560546875 11.867312689445775 988.3747996135862 8 10 11 8 10 11 1521 444 39 2 2 0 
1643785291.1908715 20.6560546875 11.562123418008508 988.382913351365 8 10 11 8 10 11 1521 444 39 2 2 0 
1643785296.3437688 20.6560546875 11.676039014684498 988.3865842385156 8 10 11 8 10 11 1521 444 39 2 2 0 
1643785301.4963872 20.6458984375 11.783631753431873 988.3677615706071 8 10 12 8 10 12 1542 447 48 2 2 0 
1643785306.6399314 20.6560546875 11.801563552382898 988.3845968829103 8 10 12 8 10 12 1542 447 48 2 2 0 
1643785311.790969 20.6408203125 11.80787981749865 988.3845968829103 8 10 12 8 10 12 1542 447 48 2 2 0 
1643785316.9398155 20.6458984375 11.64051498351094 988.3532178762651 8 11 12 8 11 12 1491 438 53 4 2 0 
1643785322.087123 20.6509765625 11.569126502860408 988.3969889814098 8 11 12 8 11 12 1491 438 53 4 2 0 
1643785327.2388763 20.6509765625 11.7361530194387 988.3902464656057 8 11 12 8 11 12 1491 438 53 4 2 0 
1643785332.3894973 20.6509765625 11.694311702886406 988.3969889814098 8 11 12 8 11 12 1491 433 53 4 2 0 
1643785337.535941 20.6408203125 11.676720085825648 988.4272920819088 8 11 12 8 11 12 1491 433 53 4 2 0 
1643785342.685005 20.6458984375 11.856373759011614 988.3750950532132 8 11 12 8 11 12 1491 433 53 4 2 0 
1643785347.834454 20.6255859375 11.761420298395493 988.3888664552194 8 11 12 8 11 12 1458 425 53 4 2 0 
1643785352.978698 20.6255859375 11.665446712074214 988.361930832933 8 11 11 8 11 11 1500 433 55 2 0 0 
1643785358.127797 20.6255859375 11.678422572634775 988.3749284787277 8 11 11 8 11 11 1506 438 57 2 0 0 
1643785363.2706728 20.6154296875 11.637265327488482 988.3704842934894 8 11 11 8 11 11 1506 438 57 2 0 0 
1643785368.4139833 20.6103515625 11.541633346402955 988.3283994462253 8 11 11 8 11 11 1506 438 57 2 0 0 
1643785373.5622766 20.503515625 11.708307358103648 988.3163122773824 8 11 11 8 11 11 1500 424 48 2 0 0 
1643785378.7086058 20.503515625 11.786685024771783 988.3412600509032 8 11 11 8 11 11 1500 424 48 2 0 0 
1643785383.8613677 20.6154296875 11.636583440816391 988.3283994462253 8 11 11 8 11 11 1500 424 48 2 0 0 
1643785389.0135474 20.6154296875 11.786006596442975 988.3230459022793 7 11 11 7 11 11 1449 408 53 4 0 0 
1643785394.1663167 20.6052734375 11.88163404106487 988.314628871333 7 11 11 7 11 11 1449 408 53 4 0 0 
1643785399.3146558 20.6103515625 11.89956389367872 988.3712584435749 7 11 11 7 11 11 1449 408 53 4 0 0 
1643785404.4673522 20.6052734375 11.791644227528773 988.364827947442 7 11 11 7 11 11 1464 415 56 4 0 0 
1643785409.619678 20.6052734375 11.738871421299805 988.3452333798841 7 11 11 7 11 11 1464 415 56 4 0 0 
1643785414.7729027 20.6052734375 11.82220600150647 988.346310313293 7 11 11 7 11 11 1464 415 56 4 0 0 
1643785419.9262643 20.6001953125 11.84611258601378 988.3544240919841 8 10 10 8 10 10 1479 415 49 4 0 0 
1643785425.0828266 20.6103515625 11.702330421589014 988.332539445375 8 10 10 8 10 10 1479 415 49 4 0 0 
1643785430.2360375 20.6103515625 11.786685024771783 988.3048319508555 8 10 10 8 10 10 1479 415 49 4 0 0 
1643785435.389706 20.6103515625 11.673126641315074 988.2762142963402 8 10 11 8 10 11 1473 446 39 2 2 0 
1643785440.5338428 20.5951171875 11.751504098541147 988.2846312514517 8 10 11 8 10 11 1473 446 39 2 2 0 
1643785445.6809063 20.5798828125 11.673807654290664 988.3057418366964 8 11 12 8 11 12 1494 453 48 2 2 0 
1643785450.8333054 20.5900390625 11.65058222890484 988.2976282247636 8 11 12 8 11 12 1494 453 48 2 2 0 
1643785455.985474 20.5951171875 11.901253312275196 988.330689132633 8 11 12 8 11 12 1494 453 48 2 2 0 
1643785461.138577 20.5900390625 11.734253890163949 988.3074251880946 9 11 12 9 11 12 1566 472 55 2 2 0 
1643785466.2812264 20.5900390625 11.764136137640616 988.3071220159043 9 11 12 9 11 12 1566 472 55 2 2 0 
1643785471.4280415 20.5951171875 11.75218326951441 988.3205889380703 9 11 12 9 11 12 1566 472 55 2 2 0 
1643785476.584267 20.5849609375 11.824238600129648 988.2788082238399 9 12 12 9 12 12 1557 472 62 0 0 0 
1643785481.7370126 20.5849609375 11.692758572369586 988.2889083265625 9 12 12 9 12 12 1557 472 62 0 0 0 
1643785486.8855968 20.5849609375 11.781726128463303 988.3121721111918 9 12 12 9 12 12 1557 472 62 0 0 0 
1643785492.0357294 20.5748046875 11.722640834097007 988.2993115622543 8 11 11 8 11 11 1500 453 52 0 0 0 
1643785497.1880426 20.5646484375 11.848481976334659 988.2830843939767 8 11 11 8 11 11 1500 453 52 0 0 0 
1643785502.335762 20.5697265625 11.681486361134798 988.2833873314335 8 11 11 8 11 11 1500 453 52 0 0 0 
1643785507.4776597 20.5798828125 11.758838697699343 988.288134323423 8 10 10 8 10 10 1437 438 50 0 0 0 
1643785512.6252427 20.5798828125 11.824238600129648 988.2982341842044 8 10 10 8 10 10 1437 438 50 0 0 0 
1643785517.7774096 20.5748046875 11.860772540941436 988.3315977511926 9 12 12 9 12 12 1659 483 61 2 0 0 
1643785522.930101 20.5849609375 11.812624942647933 988.300220296459 9 12 12 9 12 12 1659 483 61 2 0 0 
1643785528.080809 20.5697265625 11.704711507924307 988.363580944459 9 12 12 9 12 12 1692 488 63 2 0 0 
1643785533.2357304 20.5544921875 11.663557233925587 988.3840831025187 9 12 12 9 12 12 1692 488 63 2 0 0 
1643785538.3891335 20.5646484375 11.741589124508467 988.3510215191351 9 12 12 9 12 12 1692 488 63 2 0 0 
1643785543.5368953 20.5646484375 11.861110832371645 988.3628045186001 9 12 12 9 12 12 1713 504 67 2 0 0 
1643785548.6853821 20.5595703125 11.687122408186687 988.3268504700936 9 12 12 9 12 12 1713 504 67 2 0 0 
1643785553.834074 20.5646484375 11.836529672923142 988.3420002766896 9 12 12 9 12 12 1713 504 67 2 0 0 
1643785558.9854198 20.5544921875 11.921207732140326 988.3476549484888 9 12 12 9 12 12 1692 499 58 2 0 0 
1643785564.1369708 20.5443359375 11.897304407882306 988.3022062721498 9 12 12 9 12 12 1692 499 58 2 0 0 
1643785569.2901409 20.5544921875 11.789398301439784 988.3251671585994 9 12 12 9 12 12 1692 499 58 2 0 0 
1643785574.4434247 20.5798828125 11.752862396822202 988.3433810299845 9 11 11 9 11 11 1623 471 51 2 0 0 
1643785579.5973253 20.5748046875 11.889638768376642 988.3127782646972 9 11 11 9 11 11 1623 471 51 2 0 0 
1643785584.749925 20.5849609375 11.835852482192932 988.2939583788681 9 11 11 9 11 11 1623 471 51 2 0 0 
1643785589.9033499 20.5748046875 11.776767538604673 988.3201172245363 9 11 11 9 11 11 1587 457 51 4 0 0 
1643785595.056032 20.5646484375 11.812624942647933 988.3218005358207 9 11 11 9 11 11 1587 457 51 4 0 0 
1643785600.2092319 20.5697265625 11.848481976334659 988.3016008050243 9 11 11 9 11 11 1623 472 59 0 0 0 
1643785605.3617067 20.5494140625 11.728957090436829 988.313383980098 9 11 11 9 11 11 1623 472 59 0 0 0 
1643785610.5139723 20.5544921875 11.567591966940846 988.3055728390187 9 11 11 9 11 11 1623 472 59 0 0 0 
1643785615.6709821 20.5646484375 11.75951764301178 988.313383980098 9 11 11 9 11 11 1623 467 52 0 0 0 
1643785620.824345 20.5544921875 11.766511923874129 988.3078610702729 9 11 11 9 11 11 1623 467 52 0 0 0 
1643785625.9782624 20.5443359375 11.730995870339202 988.299142301963 9 11 11 9 11 11 1623 467 52 0 0 0 
1643785631.131552 20.5443359375 11.646650325495411 988.3233125688087 8 11 11 8 11 11 1581 450 52 2 0 0 
1643785636.2850747 20.5341796875 11.814657912749023 988.3118320387719 8 11 11 8 11 11 1581 450 52 2 0 0 
1643785641.438349 20.5443359375 11.767190621694274 988.3364764401842 8 11 11 8 11 11 1581 450 52 2 0 0 
1643785646.5916243 20.5443359375 11.69514009213053 988.2933165186826 8 11 11 8 11 11 1518 438 56 2 0 0 
1643785651.7444048 20.5443359375 11.826270805777597 988.3031136514733 8 11 11 8 11 11 1518 438 56 2 0 0 
1643785656.897741 20.5392578125 11.850174070516955 988.3185649572662 8 11 11 8 11 11 1518 438 56 2 0 0 
1643785662.05155 20.5392578125 11.803045244309576 988.3047968942 8 10 10 8 10 10 1482 422 51 2 0 0 
1643785667.2048953 20.5392578125 11.749942240668663 988.3320307976123 8 10 10 8 10 10 1482 422 51 2 0 0 
1643785672.3584602 20.5392578125 11.76685127824234 988.3233125688087 8 10 10 8 10 10 1482 422 51 2 0 0 
1643785677.5075793 20.5392578125 11.874415280118535 988.3155005342246 7 11 12 7 11 12 1461 420 54 6 0 0 
1643785682.6609113 20.5392578125 11.765833182388862 988.338763719464 7 11 11 7 11 11 1458 414 65 0 0 0 
1643785687.8160923 20.5494140625 11.813980299712776 988.3317287873376 7 11 11 7 11 11 1464 417 70 0 0 0 
1643785692.9693267 20.5443359375 11.832246637392188 988.3266790560103 7 11 11 7 11 11 1464 417 70 0 0 0 
1643785698.1224523 20.5392578125 11.850174070516955 988.3236146468714 7 11 11 7 11 11 1464 417 70 0 0 0 
1643785703.2759302 20.5341796875 11.749263171525232 988.3158024610668 8 11 11 8 11 11 1521 429 68 0 0 0 
1643785708.4311135 20.5392578125 11.660646231914505 988.3239166154289 8 11 11 8 11 11 1521 429 68 0 0 0 
1643785713.585769 20.52890625 11.780159753583577 988.3006536413232 8 11 11 8 11 11 1521 429 68 0 0 0 
1643785718.737925 20.5341796875 11.720743360123844 988.344416913817 8 10 10 8 10 10 1536 436 61 0 0 0 
1643785723.8875837 20.523828125 11.803723068500606 988.3180891616803 8 10 10 8 10 10 1536 436 61 0 0 0 
1643785729.0377312 20.523828125 11.88771840550612 988.3073864493988 8 10 10 8 10 10 1536 436 61 0 0 0 
1643785734.1897478 20.52890625 11.804400849027333 988.2639254545358 8 11 11 8 11 11 1566 448 61 0 0 0 
1643785739.3378453 20.51875 11.894031635846632 988.2891732641458 8 11 11 8 11 11 1566 448 61 0 0 0 
1643785744.4827652 20.513671875 11.619497574386537 988.267895920767 8 11 11 8 11 11 1566 448 61 0 0 0 
1643785749.6323833 20.51875 11.882080997976823 988.301559130909 8 11 11 8 11 11 1608 465 56 0 0 0 
1643785754.7807922 20.52890625 11.822665857924493 988.2861088405007 8 11 11 8 11 11 1608 465 56 0 0 0 
1643785759.9337986 20.513671875 11.810715111537409 988.332458668141 8 11 11 8 11 11 1608 465 56 0 0 0 
1643785765.0869248 20.51875 11.864493146306566 988.3268065568743 7 9 10 7 9 10 1359 388 46 6 2 0 
1643785770.2348578 20.51875 11.918270348003007 988.3287911131175 7 9 11 7 9 11 1371 392 53 6 2 0 
1643785775.3858938 20.513671875 11.90000693935391 988.3753171678587 7 9 11 7 9 11 1371 392 53 6 2 0 
1643785780.5297916 20.523828125 11.721423033591849 988.375919306037 7 9 11 7 9 11 1371 392 53 6 2 0 
1643785785.6778002 20.50859375 11.805078585889786 988.3688856351185 7 10 10 7 10 10 1365 390 53 4 0 0 
1643785790.826908 20.51875 11.738670134592772 988.3540383525055 7 10 10 7 10 10 1365 390 53 4 0 0 
1643785795.9737098 20.50859375 11.81702921452141 988.3843350605424 7 10 10 7 10 10 1365 390 53 4 0 0 
1643785801.1268296 20.50859375 11.865169478104514 988.372853936693 7 10 10 7 10 10 1302 369 53 6 0 0 
1643785806.2793949 20.50859375 11.650057320449099 988.370869854173 7 10 10 7 10 10 1302 369 53 6 0 0 
1643785811.4252279 20.513671875 11.7456643693517 988.375919306037 7 10 10 7 10 10 1302 369 53 6 0 0 
1643785816.5787048 20.50859375 11.680275099662406 988.3812696227114 7 9 9 7 9 9 1314 371 48 4 0 0 
1643785821.7313852 20.503515625 11.644763198801362 988.3893845140848 7 9 9 7 9 9 1314 371 48 4 0 0 
1643785826.8878949 20.50859375 11.679254186079506 988.3944339682566 7 9 9 7 9 9 1314 371 48 4 0 0 
1643785832.0308182 20.503515625 11.656373408421953 988.4062160304389 7 10 10 7 10 10 1347 385 53 4 0 0 
1643785837.1772902 20.391796875 11.715787449389984 988.4051341177545 7 10 10 7 10 10 1347 385 53 4 0 0 
1643785842.3215826 20.513671875 11.733373950192616 988.3899859973852 7 10 10 7 10 10 1347 385 53 4 0 0 
1643785847.4756093 20.503515625 11.75795445979639 988.3907667730801 8 10 10 8 10 10 1410 411 52 0 0 0 
1643785852.6319861 20.513671875 11.726718961898571 988.3503708353059 8 10 10 8 10 10 1410 411 52 0 0 0 
1643785857.784561 20.523828125 11.696500720398689 988.3932298504535 8 11 11 8 11 11 1521 449 52 2 0 0 
1643785862.9395556 20.513671875 11.804739722916592 988.371649551871 8 11 11 8 11 11 1521 449 52 2 0 0 
1643785868.0871904 20.523828125 11.761893607741323 988.3629321587204 8 11 11 8 11 11 1521 449 52 2 0 0 
1643785873.236795 20.523828125 11.839914971620033 988.3982794679454 9 11 11 9 11 11 1521 452 52 2 0 0 
1643785878.3854535 20.52890625 11.834278035094211 988.3780810017544 9 11 11 9 11 11 1521 452 52 2 0 0 
1643785883.5375633 20.5341796875 11.785117979289055 988.3514512617994 9 11 11 9 11 11 1521 452 52 2 0 0 
1643785888.6814265 20.51875 11.738670134592772 988.3214555127469 8 11 11 8 11 11 1494 438 49 2 0 0 
1643785893.8270597 20.52890625 11.976674278717125 988.3494665252241 8 11 11 8 11 11 1494 438 49 2 0 0 
1643785898.9805965 20.5392578125 11.970698901447395 988.3155005342246 8 11 11 8 11 11 1494 438 49 2 0 0 
1643785904.1275783 20.5443359375 12.005541279587408 988.3219314169331 7 10 10 7 10 10 1404 407 47 2 0 0 
1643785909.2801163 20.5544921875 11.849835673512171 988.3129108399647 7 10 10 7 10 10 1404 407 47 2 0 0 
1643785914.4322538 20.5443359375 11.814319111688912 988.3735081253701 7 10 10 7 10 10 1404 407 47 2 0 0 
1643785919.5828574 20.5443359375 11.879714868793066 988.338763719464 7 11 11 7 11 11 1413 404 61 2 0 0 
1643785924.735886 20.5595703125 11.746886085657382 988.3745875214925 7 11 11 7 11 11 1413 404 61 2 0 0 
1643785929.8883407 20.5544921875 11.855134844706976 988.3631065998102 8 10 11 8 10 11 1515 440 58 2 2 0 
1643785935.038283 20.5494140625 11.813980299712776 988.3914203887132 8 10 11 8 10 11 1515 440 58 2 2 0 
1643785940.18677 20.5494140625 11.87373905031036 988.4119215266468 8 10 11 8 10 11 1515 440 58 2 2 0 
1643785945.3325174 20.5494140625 11.814657912749023 988.4038068020664 8 10 13 8 10 13 1563 456 63 4 4 2 
1643785950.4816468 20.5494140625 11.83190803290279 988.3650918303097 8 10 13 8 10 13 1563 456 63 4 4 2 
1643785955.6322353 20.5443359375 11.896966542328276 988.3381596978672 8 10 13 8 10 13 1563 456 63 4 4 2 
1643785960.781533 20.523828125 11.856826483925587 988.3482592454349 9 11 13 9 11 13 1605 463 58 4 4 2 
1643785965.926785 20.5341796875 11.844536725012091 988.3474816521034 9 11 13 9 11 13 1605 463 58 4 4 2 
1643785971.0772114 20.52890625 11.922895513001022 988.3545161372607 9 11 13 9 11 13 1605 463 58 4 4 2 
1643785976.2274058 20.523828125 11.798086426990379 988.3561993414128 9 11 12 9 11 12 1611 472 51 2 2 2 
1643785981.3782172 20.51875 11.798086426990379 988.4016458799565 9 11 12 9 11 12 1611 472 51 2 2 2 
1643785986.5314302 20.523828125 12.00124892280086 988.3820498797833 9 11 12 9 11 12 1611 472 51 2 2 2 
1643785991.6846218 20.523828125 11.960096484482063 988.3803667016972 9 11 12 9 11 12 1689 486 46 2 2 2 
1643785996.840169 20.523828125 11.894031635846632 988.4083787048179 9 11 12 9 11 12 1689 486 46 2 2 2 
1643786001.9935722 20.51875 11.936533238222937 988.397198485705 9 11 12 9 11 12 1689 486 46 2 2 2 
1643786007.147191 20.503515625 11.858517850249386 988.399483423058 9 11 12 9 11 12 1704 484 44 2 2 2 
1643786012.30057 20.503515625 11.77588021916179 988.4085003674948 10 13 13 10 13 13 1833 520 64 4 0 0 
1643786017.45408 20.493359375 11.943520082800303 988.4172163535723 10 13 13 10 13 13 1833 520 64 4 0 0 
1643786022.6060903 20.48828125 11.943182843255382 988.3852372432823 10 13 13 10 13 13 1833 520 64 4 0 0 
1643786027.7592034 20.493359375 12.009243147030253 988.4149323842698 9 12 12 9 12 12 1785 496 64 4 0 0 
1643786032.9126282 20.503515625 11.805417437946918 988.4398790841282 9 12 12 9 12 12 1785 496 64 4 0 0 
1643786038.0660799 20.48828125 11.686250496762169 988.4273150252249 9 12 12 9 12 12 1785 496 64 4 0 0 
1643786043.2186751 20.4984375 11.770244221529708 988.4368131942839 9 12 12 9 12 12 1743 484 69 4 0 0 
1643786048.371699 20.493359375 11.913645551339616 988.4040518214334 9 12 12 9 12 12 1743 484 69 4 0 0 
1643786053.525224 20.493359375 11.734392963525865 988.4253316203921 9 12 12 9 12 12 1743 484 69 4 0 0 
1643786058.678547 20.493359375 11.925257947757753 988.4343475898391 9 12 13 9 12 13 1728 488 74 4 2 0 
1643786063.8316483 20.493359375 11.891785675607927 988.4707760381467 9 12 13 9 12 13 1728 488 74 4 2 0 
1643786068.9848852 20.493359375 11.71715996910293 988.4441461502399 9 12 13 9 12 13 1728 488 74 4 2 0 
1643786074.1381185 20.48828125 11.84792067714255 988.43633068116 9 12 14 9 12 14 1737 497 77 4 2 0 
1643786079.2937498 20.483203125 11.84229704654628 988.4074180168041 9 12 14 9 12 14 1737 497 77 4 2 0 
1643786084.4471178 20.483203125 11.919620478199562 988.3844553709893 9 12 14 9 12 14 1737 497 77 4 2 0 
1643786089.6002107 20.48828125 11.795174730451352 988.4023687238529 9 12 13 9 12 13 1704 485 70 4 2 0 
1643786094.7533996 20.483203125 11.83102411053687 988.3948539026126 8 12 13 8 12 13 1572 464 82 4 0 0 
1643786099.909037 20.493359375 11.860560136550841 988.3911876501945 8 12 13 8 12 13 1551 464 85 4 0 0 
1643786105.0616114 20.483203125 11.87779577421796 988.4113844945234 8 12 13 8 12 13 1551 464 85 4 0 0 
1643786110.215032 20.493359375 11.872509883135839 988.4539447663672 8 12 13 8 12 13 1551 464 85 4 0 0 
1643786115.3684516 20.4984375 11.960770603206415 988.4065166912577 9 12 12 9 12 12 1560 471 68 2 0 0 
1643786120.5217433 20.493359375 11.823681791634028 988.3997841381067 9 12 12 9 12 12 1560 471 68 2 0 0 
1643786125.6757824 20.493359375 11.734392963525865 988.3922701398391 9 12 12 9 12 12 1560 471 68 2 0 0 
1643786130.832411 20.493359375 11.692566027937078 988.4371135015812 9 12 12 9 12 12 1617 481 71 2 0 0 
1643786135.9842343 20.503515625 11.752318638805354 988.3967184946277 9 12 12 9 12 12 1617 481 71 2 0 0 
1643786141.1346753 20.493359375 11.866535014985052 988.4169159930691 9 12 12 9 12 12 1617 481 71 2 0 0 
1643786146.2839978 20.493359375 11.925595394775604 988.4107842124544 9 12 12 9 12 12 1611 486 69 2 0 0 
1643786151.429616 20.483203125 11.937545197075973 988.4110844082272 9 12 12 9 12 12 1611 486 69 2 0 0 
1643786156.5773513 20.483203125 11.997643143942678 988.4643435094897 9 12 12 9 12 12 1611 486 69 2 0 0 
1643786161.7285192 20.48828125 11.788169711698925 988.4811746498904 9 13 13 9 13 13 1638 490 81 2 0 0 
1643786166.8797941 20.478125 11.938232754088592 988.4761253070359 9 13 13 9 13 13 1638 490 81 2 0 0 
1643786172.0263655 20.483203125 11.97408106833553 988.4416797798976 9 13 13 9 13 13 1638 490 81 2 0 0 
1643786177.1791015 20.478125 11.91467122442359 988.4803904552926 8 11 12 8 11 12 1551 448 66 2 0 0 
1643786182.3255115 20.483203125 11.950856496833506 988.4531615385231 8 11 12 8 11 12 1551 448 66 2 0 0 
1643786187.474491 20.483203125 11.908358876088684 988.4851401867793 9 11 12 9 11 12 1602 467 69 2 0 0 
1643786192.6173317 20.493359375 11.992005086632787 988.4601935765581 9 11 12 9 11 12 1602 467 69 2 0 0 
1643786197.7661967 20.483203125 11.866196898626718 988.4845408788096 9 11 12 9 11 12 1602 467 69 2 0 0 
1643786202.9185224 20.493359375 11.872847919418305 988.4618766494013 9 11 12 9 11 12 1575 465 62 2 0 0 
1643786208.0655487 20.483203125 11.75932498017111 988.4369303375573 9 11 12 9 11 12 1575 465 62 2 0 0 
1643786213.2125044 20.473046875 11.776910758712495 988.4624756801334 9 11 12 9 11 12 1575 465 62 2 0 0 
1643786218.3610075 20.483203125 11.770935726026941 988.454844624644 9 11 12 9 11 12 1560 462 71 2 0 0 
1643786223.5140393 20.483203125 11.794835795068618 988.4635597223147 9 11 12 9 11 12 1560 462 71 2 0 0 
1643786228.670694 20.483203125 11.997979738831695 988.4467289963296 9 11 12 9 11 12 1560 462 71 2 0 0 
1643786233.8219652 20.478125 11.895720709056357 988.4649431428384 9 11 12 9 11 12 1617 478 71 2 0 0 
1643786238.9664688 20.473046875 11.819074358307777 988.4601935765581 9 11 12 9 11 12 1617 478 71 2 0 0 
1643786244.1143627 20.493359375 11.866535014985052 988.4618766494013 9 11 12 9 11 12 1617 478 71 2 0 0 
1643786249.264728 20.483203125 11.891110072578977 988.4503948059703 9 12 12 9 12 12 1653 488 73 2 0 0 
1643786254.4145856 20.483203125 11.950182233304595 988.4366305640953 9 12 12 9 12 12 1653 488 73 2 0 0 
1643786259.5604756 20.48828125 11.866196898626718 988.4197998492991 10 13 15 10 13 15 1827 522 73 6 4 0 
1643786264.7118542 20.478125 12.04577658621973 988.3928707201707 10 13 15 10 13 15 1827 522 73 6 4 0 
1643786269.8684502 20.478125 11.861574627612542 988.3965369591712 9 13 15 9 13 15 1749 517 73 6 4 0 
1643786275.0206413 20.478125 11.830685590128445 988.3827723013627 9 13 15 9 13 15 1749 517 73 6 4 0 
1643786280.1735716 20.46796875 11.884797486550035 988.3917878197442 9 13 15 9 13 15 1749 517 73 6 4 0 
1643786285.325724 20.483203125 11.992005086632787 988.4049522430134 10 13 14 10 13 14 1785 531 71 4 2 0 
1643786290.4792163 20.478125 11.85492349159681 988.4046522119613 10 13 14 10 13 14 1785 531 71 4 2 0 
1643786295.6315148 20.48828125 11.962131671386908 988.4155332418751 10 13 14 10 13 14 1785 531 71 4 2 0 
1643786300.7838628 20.48828125 11.925595394775604 988.3703898831122 10 13 14 10 13 14 1779 533 68 4 2 0 
1643786305.936055 20.483203125 11.938232754088592 988.4068172425896 10 13 14 10 13 14 1779 533 68 4 2 0 
1643786311.092606 20.493359375 11.865507627629878 988.3889039457272 10 13 14 10 13 14 1779 533 68 4 2 0 
1643786316.2456832 20.493359375 11.799442177367089 988.391669121591 9 13 14 9 13 14 1722 521 68 4 2 0 
1643786321.4004166 20.50859375 11.781516333921346 988.3967184946277 9 13 14 9 13 14 1722 521 68 4 2 0 
1643786326.5533652 20.503515625 12.007897166224367 988.4230475537865 9 13 14 9 13 14 1722 521 68 4 2 0 
1643786331.7056797 20.513671875 11.912970369755504 988.4045328784888 10 13 14 10 13 14 1764 530 61 6 2 0 
1643786336.857814 20.50859375 12.019847233811461 988.4213644011372 10 13 14 10 13 14 1764 530 61 6 2 0 
1643786342.0047472 20.503515625 11.983323298496751 988.4129486389388 8 11 11 8 11 11 1593 435 56 0 0 0 
1643786347.1492014 20.513671875 11.87644370756638 988.4325452548865 8 11 11 8 11 11 1593 435 56 0 0 0 
1643786352.2961872 20.523828125 11.954121352982458 988.4420428459104 8 11 11 8 11 11 1593 435 56 0 0 0 
1643786357.443562 20.52890625 11.827964010295306 988.4437260536995 9 11 11 9 11 11 1599 447 59 0 0 0 
1643786362.5964167 20.523828125 12.006551010778884 988.4190798153709 9 11 11 9 11 11 1599 447 59 0 0 0 
1643786367.7476392 20.52890625 11.863478566741554 988.4201611510179 9 11 11 9 11 11 1599 447 59 0 0 0 
1643786372.8967404 20.523828125 11.737990832453773 988.2356765105194 9 12 12 9 12 12 1704 475 63 0 0 0 
1643786378.0466151 20.523828125 11.874753378649073 988.410061911208 9 12 12 9 12 12 1704 475 63 0 0 0 
1643786383.1997895 20.5341796875 11.71938388218959 988.4319436006451 9 12 12 9 12 12 1704 475 63 0 0 0 
1643786388.3570678 20.52890625 11.743626943425278 988.4016458799565 9 11 11 9 11 11 1677 475 65 0 0 0 
1643786393.5105932 20.5341796875 11.731335628781933 988.4134283241983 9 11 11 9 11 11 1677 475 65 0 0 0 
1643786398.6635704 20.5392578125 11.696840850174095 988.3996614249534 9 11 11 9 11 11 1677 475 65 0 0 0 
1643786403.816147 20.5443359375 11.78443969645343 988.4262918053736 9 12 12 9 12 12 1731 499 63 0 0 0 
1643786408.9701176 20.5341796875 11.837883923392654 988.4145091674083 9 12 12 9 12 12 1731 499 63 0 0 0 
1643786414.1237044 20.5443359375 11.724340245053195 988.4360900423719 9 12 12 9 12 12 1731 499 63 0 0 0 
1643786419.2799704 20.5392578125 11.86178738248474 988.4158910688013 10 12 12 10 12 12 1758 506 63 0 0 0 
1643786424.4336727 20.5544921875 11.843182838516006 988.4391552868548 8 11 11 8 11 11 1689 473 49 0 0 0 
1643786429.5875468 20.5595703125 11.951423888220026 988.4641030652122 9 10 10 9 10 10 1641 466 44 0 0 0 
1643786434.7408545 20.5646484375 11.957062409918162 988.438552454143 9 10 10 9 10 10 1641 466 44 0 0 0 
1643786439.894224 20.5595703125 11.974652643430625 988.42845272122 9 10 10 9 10 10 1641 466 44 0 0 0 
1643786445.049521 20.5595703125 11.914894258429264 988.438552454143 9 10 10 9 10 10 1707 476 39 0 0 0 
1643786450.2023396 20.5595703125 12.0227950240122 988.4267694326444 9 10 10 9 10 10 1707 476 39 0 0 0 
1643786455.3532343 20.5544921875 11.944773579520062 988.3981535375599 9 10 10 9 10 10 1707 476 39 0 0 0 
1643786460.5065398 20.5595703125 11.99855570938931 988.4217195673372 8 9 9 8 9 9 1581 440 39 0 0 0 
1643786465.6598134 20.5646484375 11.992579958330454 988.4099365507348 8 9 9 8 9 9 1581 440 39 0 0 0 
1643786470.81336 20.5595703125 11.908918363349478 988.4113180410604 8 9 9 8 9 9 1581 440 39 0 0 0 
1643786475.9667854 20.5595703125 11.753541480464552 988.4312159193502 9 10 10 9 10 10 1686 463 41 0 0 0 
1643786481.120079 20.5646484375 11.957062409918162 988.3967720602989 9 10 10 9 10 10 1686 463 41 0 0 0 
1643786486.2721076 20.5646484375 11.93282188194537 988.3745875214925 9 10 10 9 10 10 1686 463 41 0 0 0 
1643786491.4258723 20.5697265625 11.753201944101557 988.4379491833745 9 11 11 9 11 11 1743 492 48 0 0 0 
1643786496.579156 20.5646484375 11.937785526051245 988.4325973949162 9 11 11 9 11 11 1743 492 48 0 0 0 
1643786501.7322507 20.5646484375 11.693439061170379 988.4433007815962 9 11 11 9 11 11 1743 492 48 0 0 0 
1643786506.8831465 20.5798828125 11.872724623730294 988.4042828744456 6 8 8 6 8 8 1260 363 36 2 0 0 
1643786512.0364919 20.5646484375 11.728957090436829 988.4126994490548 6 8 8 6 8 8 1317 372 34 2 0 0 
1643786517.1913078 20.5849609375 12.045352872100404 988.4171453604263 6 8 8 6 8 8 1317 372 34 2 0 0 
1643786522.3439713 20.5900390625 11.888962778877774 988.3716951405239 6 8 8 6 8 8 1317 372 34 2 0 0 
1643786527.4939811 20.5900390625 11.906891770708746 988.3545590556437 7 9 9 7 9 9 1395 394 36 2 0 0 
1643786532.6480336 20.5951171875 11.823222349940005 988.36435646603 7 9 9 7 9 9 1395 394 36 2 0 0 
1643786537.8012247 20.5951171875 11.936773217987849 988.3792040764548 7 9 9 7 9 9 1395 394 36 2 0 0 
1643786542.9551759 20.5900390625 11.811269410926455 988.3994046601744 7 9 9 7 9 9 1383 391 38 4 0 0 
1643786548.1099331 20.6001953125 12.013790648591835 988.3738510831594 7 9 9 7 9 9 1383 391 38 4 0 0 
1643786553.2624876 20.6103515625 11.750824883902391 988.4297055546417 7 9 9 7 9 9 1383 391 38 4 0 0 
1643786558.412239 20.6154296875 11.774731685638379 988.4287980214528 7 9 10 7 9 10 1398 395 41 6 0 0 
1643786563.5636098 20.6103515625 11.845096969281144 988.4274172313156 7 9 10 7 9 10 1398 395 41 6 0 0 
1643786568.7096028 20.6255859375 11.76209932370468 988.4180917442192 7 9 10 7 9 10 1398 395 41 6 0 0 
1643786573.8592803 20.6306640625 11.928771623318415 988.4366097097358 7 10 11 7 10 11 1404 405 50 6 0 0 
1643786579.007867 20.6255859375 11.784649608791007 988.4483938740176 7 10 11 7 10 11 1404 405 50 6 0 0 
1643786584.1523545 20.6306640625 11.665787347773062 988.4554303064698 7 10 11 7 10 11 1404 405 50 6 0 0 
1643786589.3034601 20.6357421875 11.773374232002526 988.476407351346 9 12 12 9 12 12 1620 484 81 4 0 0 
1643786594.447628 20.6357421875 11.718561134315845 988.5064169511961 9 12 12 9 12 12 1620 484 81 4 0 0 
1643786599.5979588 20.6408203125 11.936400901106262 988.4494716708498 9 12 12 9 12 12 1671 498 78 2 0 0 
1643786604.745826 20.6408203125 11.724878351650514 988.454219158186 9 12 12 9 12 12 1671 498 78 2 0 0 
1643786609.891087 20.6509765625 11.873966328261472 988.5226467077155 9 12 12 9 12 12 1671 498 78 2 0 0 
1643786615.038046 20.6509765625 11.7361530194387 988.4660127433133 9 12 12 9 12 12 1635 479 81 2 0 0 
1643786620.1840336 20.6458984375 11.796264600857134 988.4575952050769 9 12 12 9 12 12 1635 479 81 2 0 0 
1643786625.333626 20.6509765625 11.92144421706447 988.4474851857884 9 12 12 9 12 12 1635 479 81 2 0 0 
1643786630.4771316 20.6560546875 11.873289821976877 988.482544883418 8 11 11 8 11 11 1563 449 76 2 0 0 
1643786635.6243374 20.6357421875 11.7361530194387 988.4575952050769 8 11 11 8 11 11 1563 449 76 2 0 0 
1643786640.771676 20.6509765625 11.789609030040106 988.4906595113115 8 11 11 8 11 11 1563 449 76 2 0 0 
1643786645.9212258 20.6458984375 11.861673943545311 988.4741272738922 8 10 10 8 10 10 1470 414 67 2 0 0 
1643786651.0644886 20.6458984375 11.789269792252037 988.4892789722979 8 10 10 8 10 10 1470 414 67 2 0 0 
1643786656.2137942 20.6458984375 11.915129461540339 988.4609622201616 8 10 10 8 10 10 1470 414 67 2 0 0 
1643786661.3608036 20.6560546875 11.795586296357113 988.4957101195906 8 10 10 8 10 10 1479 421 65 2 0 0 
1643786666.5157204 20.6560546875 11.824794817040578 988.4684702801799 8 10 10 8 10 10 1479 421 65 2 0 0 
1643786671.667993 20.6560546875 11.813518033560795 988.4718373775935 9 13 14 9 13 14 1578 490 60 6 2 0 
1643786676.8158462 20.6560546875 11.795247127732877 988.4727467751618 9 13 14 9 13 14 1578 490 60 6 2 0 
1643786681.9689329 20.6458984375 11.855019916511004 988.4727467751618 9 13 14 9 13 14 1578 490 60 6 2 0 
1643786687.1176853 20.6458984375 11.97489950044843 988.4640261447702 9 12 13 9 12 13 1614 487 63 4 2 0 
1643786692.2623577 20.6560546875 11.71190363141767 988.4525446829747 9 12 13 9 12 13 1614 487 63 4 2 0 
1643786697.412507 20.6611328125 11.795247127732877 988.4755076902518 9 12 13 9 12 13 1614 487 63 4 2 0 
1643786702.5612385 20.6611328125 11.765360347414077 988.4384699292985 10 13 14 10 13 14 1629 489 68 4 2 0 
1643786707.7135851 20.6560546875 11.71720088505904 988.4505579765257 10 13 14 10 13 14 1629 489 68 4 2 0 
1643786712.8687143 20.6560546875 11.885582176444823 988.4522414973113 10 13 14 10 13 14 1629 489 68 4 2 0 
1643786718.0158155 20.6509765625 11.860658720032328 988.4485711334729 9 13 14 9 13 14 1665 501 65 4 2 0 
1643786723.1586063 20.6662109375 11.807540798117458 988.4432170584992 9 13 14 9 13 14 1665 501 65 4 2 0 
1643786728.306411 20.6560546875 11.890883095787819 988.4367863955147 9 13 14 9 13 14 1665 501 65 4 2 0 
1643786733.4563959 20.6458984375 11.813856983778894 988.40510294176 9 12 13 9 12 13 1629 492 61 4 2 0 
1643786738.6038544 20.6560546875 11.909152401047802 988.3980651377904 9 12 13 9 12 13 1629 492 61 4 2 0 
1643786743.7479148 20.6560546875 11.723178413204094 988.4028119365558 9 12 13 9 12 13 1629 492 61 4 2 0 
1643786748.897938 20.6560546875 11.687653514484422 988.4182675285068 9 11 13 9 11 13 1593 480 61 2 2 0 
1643786754.0551994 20.6560546875 11.71156349447828 987.7722622266098 8 11 14 8 11 14 1515 458 60 6 4 4 
1643786759.2081602 20.6611328125 11.69295030328694 988.4465841538138 8 11 14 8 11 14 1515 458 60 6 4 4 
1643786764.3613918 20.6611328125 11.836749492537944 988.4445970375459 8 11 14 8 11 14 1515 458 60 6 4 4 
1643786769.5173798 20.6662109375 11.93802504156283 988.4620394096233 9 11 14 9 11 14 1584 482 60 4 4 4 
1643786774.665517 20.6712890625 11.66272123347668 988.4510276590601 9 11 14 9 11 14 1584 482 60 4 4 4 
1643786779.816346 20.6763671875 11.901485602530114 988.4776613523337 9 11 14 9 11 14 1584 482 60 4 4 4 
1643786784.971285 20.6865234375 11.883215105259772 988.5177642253329 9 12 15 9 12 15 1599 491 64 4 4 4 
1643786790.1236558 20.6814453125 11.828726311183463 988.4619014417392 9 12 15 9 12 15 1599 491 64 4 4 4 
1643786795.2769883 20.6916015625 11.746069158795079 988.4955737801045 9 12 15 9 12 15 1599 491 64 4 4 4 
1643786800.4292636 20.6865234375 11.841372200738153 988.4712305647423 8 12 15 8 12 15 1557 472 68 4 4 4 
1643786805.58303 20.6865234375 11.73905882245571 988.4703195237064 8 12 15 8 12 15 1557 472 68 4 4 4 
1643786810.7376826 20.6865234375 11.696872838785156 988.5036882407461 8 12 15 8 12 15 1557 472 68 4 4 4 
1643786815.8876126 20.7017578125 11.798498218392696 988.4481284384794 9 13 16 9 13 16 1635 491 75 6 4 4 
1643786821.038157 20.6966796875 11.762970379231792 988.4733828846084 9 13 16 9 13 16 1635 491 75 6 4 4 
1643786826.1886837 20.6509765625 11.816770779830346 988.4478242531518 9 13 16 9 13 16 1635 491 75 6 4 4 
1643786831.3382864 20.7017578125 11.906436261399337 988.4054285717631 10 13 16 10 13 16 1698 512 71 6 4 4 
1643786836.4905484 20.7017578125 11.864254231785145 988.4219605132395 7 11 11 7 11 11 1488 431 71 4 0 0 
1643786841.6436536 20.7017578125 11.888165200581657 988.4374180214995 8 12 12 8 12 12 1515 438 67 6 0 0 
1643786846.7968469 20.7068359375 11.803797820418561 988.4438482141081 8 12 12 8 12 12 1515 438 67 6 0 0 
1643786851.9491818 20.7017578125 11.845643596545376 988.4539502338826 8 12 12 8 12 12 1515 438 67 6 0 0 
1643786857.1024668 20.7017578125 11.821731786235892 988.4926746663556 7 12 12 7 12 12 1536 433 77 6 0 0 
1643786862.2558067 20.7119140625 11.90542240175096 988.5105869528977 7 12 12 7 12 12 1536 433 77 6 0 0 
1643786867.4089115 20.7068359375 11.630431374513721 988.5212970967593 7 12 12 7 12 12 1536 433 77 6 0 0 
1643786872.5624454 20.7169921875 11.86290041693619 988.5190054521161 7 12 12 7 12 12 1527 431 79 6 0 0 
1643786877.7158024 20.7169921875 11.94692946197597 988.5133458609599 7 12 12 7 12 12 1527 431 79 6 0 0 
1643786882.8685706 20.7169921875 11.982796233597908 988.500484756145 7 12 12 7 12 12 1527 431 79 6 0 0 
1643786888.021959 20.7068359375 11.792181069943636 988.487623651325 8 11 11 8 11 11 1521 427 69 4 0 0 
1643786893.1756318 20.7119140625 11.726082897985096 988.4883944688278 8 11 11 8 11 11 1521 427 69 4 0 0 
1643786898.328876 20.7220703125 11.886474287946214 988.4583922967939 8 11 11 8 11 11 1521 427 69 4 0 0 
1643786903.4821792 20.72734375 11.916364496333808 988.4755336684545 8 11 11 8 11 11 1557 432 69 2 0 0 
1643786908.632258 20.7169921875 11.917040202537525 988.483647767156 8 11 11 8 11 11 1557 432 69 2 0 0 
1643786913.7855 20.7169921875 11.815414795456366 988.4724706100118 8 11 11 8 11 11 1557 432 69 2 0 0 
1643786918.937946 20.7119140625 11.707467912263084 988.4749247725272 7 10 10 7 10 10 1350 371 61 0 0 0 
1643786924.0911002 20.7169921875 11.827370880112205 988.4779876109486 7 10 10 7 10 10 1350 371 61 0 0 0 
1643786929.243805 20.7169921875 11.922680296528272 988.4466064160135 7 10 10 7 10 10 1371 373 58 0 0 0 
1643786934.397107 20.7068359375 11.767929610850477 988.4289997428037 7 10 10 7 10 10 1371 373 58 0 0 0 
1643786939.5509958 20.7169921875 11.809775819318169 988.4435436729152 7 10 10 7 10 10 1371 373 58 0 0 0 
1643786944.7044065 20.7169921875 11.797819811225123 988.4354298662205 7 10 10 7 10 10 1380 385 70 0 0 0 
1643786949.8576496 20.7169921875 11.916702354893426 988.4371135356581 7 10 10 7 10 10 1380 385 70 0 0 0 
1643786955.0099216 20.7169921875 11.916702354893426 988.426706843305 7 10 10 7 10 10 1380 385 70 0 0 0 
1643786960.1631832 20.72734375 11.796802118602592 988.4361994206118 7 10 10 7 10 10 1416 383 65 0 0 0 
1643786965.3166916 20.7375 11.706787342795687 988.459161791191 7 10 10 7 10 10 1416 383 65 0 0 0 
1643786970.4689054 20.72734375 11.904070436068363 988.4527317369789 7 10 10 7 10 10 1416 383 65 0 0 0 
1643786975.6241124 20.72734375 11.939601281146373 988.4648225032411 7 10 10 7 10 10 1437 392 67 0 0 0 
1643786980.7760594 20.72734375 11.707808180621814 988.4429342617639 7 10 10 7 10 10 1437 392 67 0 0 0 
1643786985.927611 20.7169921875 11.779206856064409 988.4681899260563 7 10 10 7 10 10 1437 392 67 0 0 0 
1643786991.0792909 20.7119140625 11.64768432672201 988.4749247725272 8 11 11 8 11 11 1464 401 70 0 0 0 
1643786996.2295828 20.7220703125 11.766571282232002 988.4897736908565 8 11 11 8 11 11 1464 401 70 0 0 0 
1643787001.3769026 20.732421875 11.754954313562736 988.456403947427 9 11 11 9 11 11 1641 458 58 4 0 0 
1643787006.5213647 20.7375 11.635045256561792 988.4372731999205 9 11 11 9 11 11 1641 458 58 4 0 0 
1643787011.6711347 20.732421875 11.879481329334038 988.4487543280584 9 11 11 9 11 11 1641 458 58 4 0 0 
1643787016.819351 20.7375 11.837971871164541 988.4409456678486 8 11 11 8 11 11 1575 441 53 4 0 0 
1643787021.964106 20.7375 11.664937972651146 988.4692642219206 8 11 11 8 11 11 1575 441 53 4 0 0 
1643787027.1137958 20.72734375 11.814397692557245 988.4487543280584 8 11 11 8 11 11 1575 441 53 4 0 0 
1643787032.2638454 20.72734375 11.933960835833313 988.4216557957865 8 11 11 8 11 11 1632 458 55 4 0 0 
1643787037.4155612 20.72734375 11.868201616622844 988.4611503598859 8 11 11 8 11 11 1632 458 55 4 0 0 
1643787042.5656347 20.7220703125 11.742657829994776 988.4463016827597 8 11 11 8 11 11 1632 458 55 4 0 0 
1643787047.7144854 20.7169921875 11.791163202577726 988.457013141642 8 11 11 8 11 11 1548 444 55 4 0 0 
1643787052.8620515 20.7220703125 11.748976014521745 988.4923705183593 8 11 11 8 11 11 1548 444 55 4 0 0 
1643787058.0165699 20.7068359375 11.95854773015699 988.4893073229318 8 11 11 8 11 11 1548 444 55 4 0 0 
1643787063.169382 20.7119140625 11.809775819318169 988.5260442391627 8 11 11 8 11 11 1632 463 53 4 0 0 
1643787068.3179274 20.7220703125 11.952232406679135 988.5176258063376 8 11 11 8 11 11 1632 463 53 4 0 0 
1643787073.4700844 20.7169921875 11.92335584258294 988.513954352375 8 11 11 8 11 11 1632 463 53 4 0 0 
1643787078.6155272 20.732421875 11.892114204098958 988.5284994061271 8 12 12 8 12 12 1638 473 58 4 0 0 
1643787083.7623644 20.72734375 11.826015274384993 988.5180926726305 9 13 14 9 13 14 1665 488 71 6 2 0 
1643787088.9071722 20.72734375 11.945916923675867 988.4807456169802 8 12 13 8 12 13 1545 451 64 6 2 0 
1643787094.058012 20.7375 11.676554340074313 988.430843325609 8 12 13 8 12 13 1545 451 64 6 2 0 
1643787099.2077568 20.7375 11.766910880761104 988.4496691040356 8 12 13 8 12 13 1545 451 64 6 2 0 
1643787104.359984 20.7375 11.987088794930619 988.4888595623065 8 11 12 8 11 12 1488 425 57 6 2 0 
1643787109.5122507 20.7375 11.753595300625179 988.473400614797 8 11 12 8 11 12 1488 425 57 6 2 0 
1643787114.6614895 20.7375 11.706787342795687 988.4611503598859 8 11 12 8 11 12 1488 425 57 6 2 0 
1643787119.8152645 20.732421875 11.748636208496247 988.4518167135598 8 11 12 8 11 12 1482 428 57 6 2 0 
1643787124.957603 20.732421875 11.7243825391145 988.4928365700872 8 11 12 8 11 12 1482 428 57 6 2 0 
1643787130.1082082 20.732421875 11.81371956937748 988.511053177159 8 11 12 8 11 12 1482 428 57 6 2 0 
1643787135.2621934 20.6357421875 11.844627563832947 988.4867107565452 8 12 12 8 12 12 1515 435 61 4 0 0 
1643787140.4153843 20.7169921875 11.868878451219759 988.4853314657398 8 12 12 8 12 12 1515 435 61 4 0 0 
1643787145.5682964 20.7169921875 11.934636148915057 988.4766084843197 8 12 12 8 12 12 1515 435 61 4 0 0 
1643787150.7229733 20.72734375 11.671597884470073 988.510282734869 8 11 11 8 11 11 1557 447 54 2 0 0 
1643787155.8759453 20.72734375 11.808080302003084 988.4981923214617 8 11 11 8 11 11 1557 447 54 2 0 0 
1643787161.0286992 20.732421875 11.653321829808572 988.5355384411513 8 11 11 8 11 11 1557 447 54 2 0 0 
1643787166.1797407 20.72734375 11.79714136039293 988.5049272272056 9 12 13 9 12 13 1728 491 72 4 2 0 
1643787171.324137 20.7220703125 11.736339485924432 988.5318668613785 8 11 12 8 11 12 1620 451 63 4 2 0 
1643787176.471268 20.732421875 11.766571282232002 988.5436529569628 8 11 12 8 11 12 1620 451 63 4 2 0 
1643787181.6160388 20.72734375 11.748636208496247 988.5268156786063 8 11 12 8 11 12 1620 451 63 4 2 0 
1643787186.7635255 20.72734375 11.635045256561792 988.5153338748657 8 11 12 8 11 12 1650 458 54 4 2 0 
1643787191.9149337 20.72734375 11.791502502615884 988.4763038855275 8 11 12 8 11 12 1650 458 54 4 2 0 
1643787197.0657694 20.7220703125 11.874856475209027 988.4931411428886 8 11 12 8 11 12 1650 458 54 4 2 0 
1643787202.2121983 20.72734375 11.731381058239036 988.481964068642 8 11 12 8 11 12 1620 460 54 4 2 0 
1643787207.3609345 20.7220703125 11.83898817685888 988.4654315618708 8 11 12 8 11 12 1620 460 54 4 2 0 
1643787212.5099068 20.7017578125 11.785863761956755 988.4187357545877 8 11 12 8 11 12 1620 460 54 4 2 0 
1643787217.6579788 20.7068359375 11.798498218392696 988.4663443279162 8 11 12 8 11 12 1641 463 50 6 2 0 
1643787222.8068502 20.6966796875 11.696872838785156 988.4798134785176 8 11 12 8 11 12 1641 463 50 6 2 0 
1643787227.9549289 20.7068359375 11.828387469789634 988.5000172128169 8 11 12 8 11 12 1641 463 50 6 2 0 
1643787233.10509 20.6966796875 11.817109748633714 988.4899153444077 9 12 13 9 12 13 1704 484 48 6 2 0 
1643787238.2528222 20.6966796875 11.774926095861103 988.4915989889676 9 12 13 9 12 13 1704 484 48 6 2 0 
1643787243.4028609 20.6966796875 11.876548024871054 988.4713952588668 9 12 13 9 12 13 1704 484 48 6 2 0 
1643787248.5486977 20.6916015625 11.67893863946544 988.5252718948617 7 9 9 7 9 9 1344 409 43 0 0 0 
1643787253.6939864 20.6966796875 11.936661826190246 988.5286391869905 7 9 9 7 9 9 1344 409 43 0 0 0 
1643787258.8464224 20.6966796875 11.7098626460322 988.5443987204516 7 10 10 7 10 10 1401 419 48 0 0 0 
1643787263.9988108 20.6916015625 11.906098319098783 988.5592481192166 7 10 10 7 10 10 1401 419 48 0 0 0 
1643787269.152014 20.6966796875 11.840343098294902 988.5572611813873 7 10 10 7 10 10 1401 419 48 0 0 0 
1643787274.3052268 20.6916015625 11.971515101930624 988.5165499267523 7 10 10 7 10 10 1407 428 46 0 0 0 
1643787279.4575868 20.6865234375 11.971852294406341 988.5039918690693 7 10 10 7 10 10 1407 428 46 0 0 0 
1643787284.610753 20.6966796875 11.912413877825628 988.5053718723075 7 10 10 7 10 10 1407 428 46 0 0 0 
1643787289.7639642 20.6865234375 11.924031344975687 988.5137900311637 8 11 11 8 11 11 1464 447 48 0 0 0 
1643787294.9171555 20.6865234375 11.972526646612124 988.4854720756558 8 11 11 8 11 11 1464 447 48 0 0 0 
1643787300.0704536 20.6865234375 11.876886302056263 988.5140935781362 8 11 11 8 11 11 1464 447 48 0 0 0 
1643787305.223143 20.6865234375 11.78124332252167 988.5174608150515 8 11 11 8 11 11 1473 447 48 0 0 0 
1643787310.3757575 20.6966796875 11.96057174764304 988.4935864528477 8 11 11 8 11 11 1473 447 48 0 0 0 
1643787315.5330803 20.6916015625 11.726762965117526 988.4868519289818 8 11 11 8 11 11 1473 447 48 0 0 0 
1643787320.6865122 20.6865234375 11.769287764807903 988.5222081917692 8 11 11 8 11 11 1437 440 57 0 0 0 
1643787325.8397727 20.6916015625 11.733420844637347 988.5151700201543 8 11 11 8 11 11 1437 440 57 0 0 0 
1643787330.9962337 20.7017578125 11.738718943596968 988.4514956970538 8 11 12 8 11 12 1548 444 65 4 2 0 
1643787336.1488187 20.6966796875 11.768269165714297 988.4764461904473 8 11 12 8 11 12 1548 444 65 4 2 0 
1643787341.3023078 20.7068359375 11.912076004684442 988.4938901625214 8 11 12 8 11 12 1548 444 65 4 2 0 
1643787346.4556372 20.6966796875 11.906098319098783 988.511802729145 8 12 13 8 12 13 1548 447 76 6 2 0 
1643787351.6092393 20.6865234375 11.853327367778961 988.5659826551184 8 12 13 8 12 13 1548 447 76 6 2 0 
1643787356.757587 20.6916015625 11.906774192784326 988.5864892335011 8 12 13 8 12 13 1548 447 76 6 2 0 
1643787361.9095166 20.6814453125 11.782274460125993 988.5649051919027 8 12 13 8 12 13 1548 450 71 6 2 0 
1643787367.0606368 20.6814453125 11.780903938736074 988.5531199451173 8 12 13 8 12 13 1548 450 71 6 2 0 
1643787372.2137713 20.6712890625 11.88422962983315 988.5315362595695 8 12 13 8 12 13 1548 450 71 6 2 0 
1643787377.3664849 20.6814453125 11.848026979968454 988.509178411414 8 12 13 8 12 13 1581 458 78 4 2 0 
1643787382.519952 20.6712890625 11.663061956510392 988.5189767707703 8 12 13 8 12 13 1581 458 78 4 2 0 
1643787387.6719728 20.6560546875 11.734793556512969 988.5105590179655 8 12 13 8 12 13 1581 458 78 4 2 0 
1643787392.825507 20.6611328125 11.795247127732877 988.5136231061916 8 12 13 8 12 13 1560 448 76 6 2 0 
1643787397.9781764 20.6560546875 11.914116072602292 988.5108619482069 8 12 13 8 12 13 1560 448 76 6 2 0 
1643787403.1315536 20.6611328125 11.896522252523031 988.501838159316 8 12 13 8 12 13 1560 448 76 6 2 0 
1643787408.286582 20.6662109375 11.783292446479736 988.515306670311 8 13 15 8 13 15 1560 446 83 13 2 0 
1643787413.438153 20.6662109375 11.891221157822844 988.5125454850697 8 12 14 8 12 14 1557 450 80 4 2 0 
1643787418.5898452 20.6611328125 11.87859053259031 988.4923430473345 8 12 14 8 12 14 1557 450 80 4 2 0 
1643787423.7407825 20.6560546875 11.855019916511004 988.4774943174925 8 12 14 8 12 14 1557 450 80 4 2 0 
1643787428.8935237 20.6560546875 11.80720176782018 988.4839253679187 8 12 12 8 12 12 1587 445 80 2 0 0 
1643787434.0470707 20.6560546875 11.843404056409131 988.4822418322453 8 12 12 8 12 12 1587 445 80 2 0 0 
1643787439.1976857 20.6052734375 11.915129461540339 988.4973936558239 8 12 12 8 12 12 1587 445 80 2 0 0 
1643787444.3434289 20.6458984375 11.795586296357113 988.5276973199828 8 11 11 8 11 11 1572 445 73 2 0 0 
1643787449.4922614 20.6560546875 11.795925454065198 988.534734101519 8 11 11 8 11 11 1572 445 73 2 0 0 
1643787454.6394606 20.6357421875 11.891897249145986 988.5114674800151 8 11 11 8 11 11 1572 445 73 2 0 0 
1643787459.7861965 20.6458984375 11.90385114494857 988.5384036443511 8 10 10 8 10 10 1536 436 61 0 0 0 
1643787464.9352126 20.6306640625 12.13197310073405 988.5524661042367 8 10 10 8 10 10 1536 436 61 0 0 0 
1643787470.0874104 20.6357421875 11.892235278434105 988.5585958734971 8 10 10 8 10 10 1536 436 61 0 0 0 
1643787475.234862 20.6357421875 11.934748307145757 988.5393003994184 9 11 11 9 11 11 1551 436 70 0 0 0 
1643787480.3835838 20.6357421875 11.754764108852198 988.5538475325405 9 11 11 9 11 11 1551 436 70 0 0 0 
1643787485.5359695 20.6357421875 11.940050061395254 988.5370126979484 9 11 11 9 11 11 1551 436 70 0 0 0 
1643787490.6906059 20.6255859375 11.7849888720783 988.5484948892935 9 11 11 9 11 11 1551 445 70 0 0 0 
1643787495.8438363 20.6205078125 12.024397329750752 988.5454301143698 8 14 15 8 14 15 1698 485 93 14 0 0 
1643787500.9967513 20.6306640625 11.987864185763442 988.4949256420767 9 14 16 9 14 16 1746 504 93 14 0 0 
1643787506.1444457 20.6205078125 11.856373759011614 988.4921636570779 9 14 16 9 14 16 1746 504 93 14 0 0 
1643787511.2942338 20.6205078125 12.027425212570357 988.4739481397783 9 14 16 9 14 16 1746 504 93 14 0 0 
1643787516.4441805 20.5951171875 11.983235314751118 988.4877179158356 8 14 15 8 14 15 1719 485 86 10 0 0 
1643787521.593608 20.6306640625 12.042663124062038 988.4820629337124 8 14 15 8 14 15 1719 485 86 10 0 0 
1643787526.737974 20.6052734375 11.749805980071393 988.4759339301031 8 14 15 8 14 15 1719 485 86 10 0 0 
1643787531.887702 20.6255859375 12.060592350681038 988.5062356146269 9 14 14 9 14 14 1719 488 81 10 0 0 
1643787537.0409753 20.6306640625 12.078857326479804 988.5443507679223 9 14 14 9 14 14 1719 488 81 10 0 0 
1643787542.1913579 20.6103515625 11.881972154094713 988.5836733558344 9 14 14 9 14 14 1719 488 81 10 0 0 
1643787547.3422124 20.6154296875 11.90587832702865 988.5960598200763 9 14 15 9 14 15 1734 493 76 12 0 0 
1643787552.4898348 20.6052734375 12.026079596021773 988.5806078948173 9 14 15 9 14 15 1734 493 76 12 0 0 
1643787557.6403022 20.6052734375 11.905540490637527 988.5657585569028 9 14 15 9 14 15 1734 493 76 12 0 0 
1643787562.793493 20.6154296875 11.774392338603802 988.5674419598176 9 14 15 9 14 15 1785 500 76 10 0 0 
1643787567.946842 20.6001953125 12.00714106463298 988.5320905132936 9 14 15 9 14 15 1785 500 76 10 0 0 
1643787573.103908 20.6052734375 11.792661678904839 988.5438743253737 9 14 15 9 14 15 1785 500 76 10 0 0 
1643787578.2572217 20.6001953125 11.978269838304147 988.5037745032037 8 12 13 8 12 13 1653 471 64 4 2 0 
1643787583.4021475 20.5900390625 11.859080920053632 988.4791273981705 8 12 13 8 12 13 1653 471 64 4 2 0 
1643787588.551113 20.5900390625 11.895277050824305 988.490910909863 8 12 13 8 12 13 1632 466 76 4 2 0 
1643787593.7003822 20.6001953125 12.020183607076282 988.5192265600629 8 12 13 8 12 13 1632 466 76 4 2 0 
1643787598.8508484 20.5900390625 11.884000603044676 988.5316128068671 8 12 13 8 12 13 1632 466 76 4 2 0 
1643787604.0037482 20.5798828125 11.776088964614205 988.5700288628548 8 12 12 8 12 12 1638 463 62 2 0 0 
1643787609.1555839 20.5849609375 11.758159708721589 988.5215127250523 8 12 12 8 12 12 1638 463 62 2 0 0 
1643787614.3090925 20.5900390625 11.71034790699585 988.5100306256453 8 12 12 8 12 12 1638 463 62 2 0 0 
1643787619.4628036 20.5900390625 11.913543516966294 988.5262614655069 8 12 12 8 12 12 1647 467 57 2 0 0 
1643787624.6149187 20.5900390625 12.014800325048054 988.5029959149324 8 12 12 8 12 12 1647 467 57 2 0 0 
1643787629.7717493 20.5849609375 11.883662555508844 988.5366628487188 8 12 12 8 12 12 1647 467 57 2 0 0 
1643787634.9188046 20.5900390625 11.955039202355673 988.5397283519618 8 11 11 8 11 11 1596 450 54 0 0 0 
1643787640.0675702 20.5697265625 12.01614640751361 988.5473648806303 8 11 11 8 11 11 1596 450 54 0 0 0 
1643787645.220494 20.5748046875 11.94940033120616 988.603996800234 8 11 11 8 11 11 1596 450 54 0 0 0 
1643787650.3769283 20.5798828125 11.997545574261926 988.6023134500822 9 12 12 9 12 12 1683 476 49 0 0 0 
1643787655.523182 20.5697265625 12.1472761876366 988.6042973671832 9 12 12 9 12 12 1683 476 49 0 0 0 
1643787660.6707816 20.5544921875 11.86144911288608 988.6001485233749 10 14 14 10 14 14 1764 508 72 4 0 0 
1643787665.819687 20.5798828125 12.009834044762812 988.5955800501739 10 14 14 10 14 14 1764 508 72 4 0 0 
1643787670.9693425 20.5849609375 11.890314714212996 988.5675647339791 9 13 13 9 13 13 1728 496 68 4 0 0 
1643787676.1194208 20.5900390625 12.074896264354107 988.5582453281476 9 13 13 9 13 13 1728 496 68 4 0 0 
1643787681.2725208 20.5748046875 11.961352520314218 988.5851791268007 9 13 13 9 13 13 1728 496 68 4 0 0 
1643787686.425762 20.5646484375 11.968002747159886 988.5355816374952 10 13 13 10 13 13 1785 513 64 2 0 0 
1643787691.5829217 20.5900390625 11.991906407516218 988.5427938001916 10 13 13 10 13 13 1785 513 64 2 0 0 
1643787696.735084 20.5798828125 11.944098922200649 988.5234972895772 10 13 13 10 13 13 1785 513 64 2 0 0 
1643787701.8885741 20.5595703125 11.96867685122293 988.4954832019439 10 13 13 10 13 13 1761 511 69 2 0 0 
1643787707.0442986 20.5595703125 11.992579958330454 988.5493489966824 10 13 13 10 13 13 1761 511 69 2 0 0 
1643787712.1977055 20.5443359375 11.86212564116763 988.5445998018657 10 13 13 10 13 13 1761 511 69 2 0 0 
1643787717.350926 20.5341796875 11.95773672511688 988.5452009262958 9 13 13 9 13 13 1713 492 71 2 0 0 
1643787722.5035303 20.5392578125 11.97600044394892 988.5727334489427 9 13 13 9 13 13 1713 492 71 2 0 0 
1643787727.6564276 20.5341796875 11.982312802930545 988.5262033210388 9 13 13 9 13 13 1713 492 71 2 0 0 
1643787732.8096967 20.5341796875 12.005877867566227 988.5670833943846 9 12 12 9 12 12 1677 482 66 2 0 0 
1643787737.963021 20.5443359375 11.868439589669777 988.5202525406635 9 12 12 9 12 12 1677 482 66 2 0 0 
1643787743.1151211 20.5341796875 12.059656582042694 988.4601935765581 9 11 11 9 11 11 1557 451 74 0 0 0 
1643787748.2678723 20.5341796875 12.029779621307306 988.5485674590785 9 11 11 9 11 11 1557 451 74 0 0 0 
1643787753.4221704 20.5443359375 11.96404940249814 988.5474848519372 9 11 11 9 11 11 1557 451 74 0 0 0 
1643787758.5782065 20.5595703125 11.992579958330454 988.5678653801665 9 11 11 9 11 11 1536 446 76 0 0 0 
1643787763.7311623 20.5392578125 11.928533507373976 988.5805495344681 9 11 11 9 11 11 1536 446 76 0 0 0 
1643787768.8854046 20.5443359375 12.08886203504336 988.6077817243793 9 11 11 9 11 11 1536 446 76 0 0 0 
1643787774.0405033 20.5494140625 11.760875402640814 988.5724333774195 9 11 11 9 11 11 1485 437 79 0 0 0 
1643787779.1938431 20.5443359375 11.862463888934753 988.6077817243793 9 11 11 9 11 11 1485 437 79 0 0 0 
1643787784.3470197 20.5392578125 12.089533285621458 988.6027319586395 9 11 11 9 11 11 1485 437 79 0 0 0 
1643787789.5003998 20.52890625 12.054017234299677 988.5968982552728 9 10 10 9 10 10 1434 420 74 0 0 0 
1643787794.6526396 20.513671875 12.00124892280086 988.5554175972392 9 10 10 9 10 10 1434 420 74 0 0 0 
1643787799.8058438 20.51875 12.078925558445329 988.5851157576659 9 10 10 9 10 10 1434 420 74 0 0 0 
1643787804.958267 20.513671875 11.97802181727179 988.5803658056778 8 10 10 8 10 10 1455 418 64 0 0 0 
1643787810.1115174 20.50859375 12.019847233811461 988.5705662679942 8 10 10 8 10 10 1455 418 64 0 0 0 
1643787815.2685022 20.523828125 12.138675633821519 988.5789821986393 8 10 10 8 10 10 1455 418 64 0 0 0 
1643787820.421514 20.523828125 11.989971987707367 988.5509673597825 8 9 9 8 9 9 1527 439 68 0 0 0 
1643787825.5746346 20.513671875 11.79978108767103 988.5930463316287 8 12 13 8 12 13 1611 461 72 4 2 0 
1643787830.7272897 20.493359375 11.962131671386908 988.5919614014055 8 12 13 8 12 13 1590 466 76 6 2 0 
1643787835.8801708 20.48828125 12.212045168848467 988.6090915454769 8 12 13 8 12 13 1590 466 76 6 2 0 
1643787841.0295825 20.473046875 11.950519370526688 988.5917719945099 8 12 13 8 12 13 1590 466 76 6 2 0 
1643787846.1777406 20.483203125 11.962131671386908 988.6167196501403 8 12 13 8 12 13 1533 447 69 6 2 0 
1643787851.3213327 20.478125 11.992341739761972 988.6514679264749 8 12 13 8 12 13 1533 447 69 6 2 0 
1643787856.4724927 20.483203125 11.997979738831695 988.6262213159114 8 12 13 8 12 13 1533 447 69 6 2 0 
1643787861.6213534 20.48828125 12.057389791882684 988.6037433310589 8 12 13 8 12 13 1554 457 71 6 2 0 
1643787866.7641034 20.483203125 12.003954380747178 988.5662273022558 8 12 13 8 12 13 1554 457 71 6 2 0 
1643787871.9108524 20.483203125 12.170558119951881 988.5858267717381 8 12 13 8 12 13 1554 457 71 6 2 0 
1643787877.0642905 20.48828125 12.027852845574888 988.5670135747147 8 11 12 8 11 12 1476 450 68 4 2 0 
1643787882.216472 20.478125 12.003268374428867 988.5683975523783 8 11 12 8 11 12 1476 450 68 4 2 0 
1643787887.3687444 20.473046875 12.075649281626008 988.5594949939598 8 11 12 8 11 12 1476 450 68 4 2 0 
1643787892.5207784 20.483203125 12.207086087237043 988.5757281419885 8 12 13 8 12 13 1554 466 73 4 2 0 
1643787897.6717973 20.483203125 12.225008902373826 988.5757281419885 8 12 13 8 12 13 1554 466 73 4 2 0 
1643787902.8244905 20.478125 12.093572775468703 988.5567263525336 8 12 13 8 12 13 1554 466 73 4 2 0 
1643787907.979054 20.483203125 12.09323728703106 988.5513784617215 8 12 12 8 12 12 1524 448 80 6 0 0 
1643787913.1236038 20.483203125 12.010265458043577 988.6124577850259 8 12 12 8 12 12 1566 455 75 4 0 0 
1643787918.2733226 20.48828125 11.90204636823761 988.6029564771363 8 12 12 8 12 12 1566 455 75 4 0 0 
1643787923.4204693 20.478125 12.08759828780456 988.604938096671 8 12 12 8 12 12 1566 455 75 4 0 0 
1643787928.5709805 20.48828125 12.153651872543893 988.6268181272695 8 12 12 8 12 12 1533 446 70 4 0 0 
1643787933.7200272 20.483203125 12.182854405225717 988.6228551023582 8 12 12 8 12 12 1533 446 70 4 0 0 
1643787938.869411 20.493359375 12.039802016288204 988.6225565053518 8 12 12 8 12 12 1533 446 70 4 0 0 
1643787944.015694 20.493359375 12.099547252849419 988.611073357126 8 12 12 8 12 12 1554 449 68 4 0 0 
1643787949.1654897 20.493359375 11.973744196824224 988.5645442250769 8 12 12 8 12 12 1554 449 68 4 0 0 
1643787954.3137968 20.4984375 11.919620478199562 988.5869120040314 8 12 12 8 12 12 1554 449 68 4 0 0 
1643787959.463293 20.493359375 11.986030424150458 988.5813750000128 8 12 12 8 12 12 1632 468 73 4 0 0 
1643787964.6116834 20.478125 12.099547252849419 988.5891929822138 8 12 12 8 12 12 1632 468 73 4 0 0 
1643787969.7599766 20.48828125 11.890434425887666 988.5780088444661 8 12 12 8 12 12 1632 468 73 4 0 0 
1643787974.9104583 20.48828125 12.129084411967714 988.6077071448318 8 12 12 8 12 12 1623 459 75 4 0 0 
1643787980.0562358 20.493359375 11.974754778612695 988.5631599046241 8 12 12 8 12 12 1623 459 75 4 0 0 
1643787985.205407 20.46796875 12.165935109866586 988.5870212580912 8 12 12 8 12 12 1623 459 75 4 0 0 
1643787990.3542836 20.473046875 12.099547252849419 988.5603910168675 9 13 14 9 13 14 1587 486 88 6 0 0 
1643787995.5046504 20.478125 12.189831910900867 988.5651416018048 9 13 14 9 13 14 1587 486 88 6 0 0 
1643788000.657566 20.46796875 12.094243719600467 988.5685077020026 9 14 14 9 14 14 1599 495 92 6 0 0 
1643788005.80965 20.473046875 11.974754778612695 988.5738553092 9 14 14 9 14 14 1599 495 92 6 0 0 
1643788010.9583576 20.478125 12.040138116182517 988.6052365143903 9 14 14 9 14 14 1599 495 92 6 0 0 
1643788016.1073225 20.478125 12.171574757887367 988.5982057819416 9 13 14 9 13 14 1593 485 89 6 0 0 
1643788021.2580242 20.478125 11.89077225469112 988.6127564633779 9 13 14 9 13 14 1593 485 89 6 0 0 
1643788026.4107683 20.473046875 11.950182233304595 988.5965227034341 9 13 14 9 13 14 1593 485 89 6 0 0 
1643788031.566381 20.483203125 12.242931624959805 988.6099873334528 9 13 14 9 13 14 1566 473 91 6 0 0 
1643788036.7170584 20.48828125 12.070346260457336 988.6181043107571 9 13 14 9 13 14 1566 473 91 6 0 0 
1643788041.8647316 20.478125 12.015567246303098 988.6565172504758 9 13 14 9 13 14 1566 473 91 6 0 0 
1643788047.0096276 20.483203125 12.147007835606644 988.62879943495 9 13 13 9 13 13 1566 468 88 4 0 0 
1643788052.1578648 20.483203125 12.003954380747178 988.6369166069163 9 13 13 9 13 13 1566 468 88 4 0 0 
1643788057.306785 20.46796875 12.028189083776502 988.6355317004845 9 13 13 9 13 13 1566 468 88 4 0 0 
1643788062.452457 20.473046875 12.047120643695228 988.6610755670575 9 12 13 9 12 13 1545 456 79 6 0 0 
1643788067.6008317 20.473046875 12.046784645698489 988.6341467117697 9 12 13 9 12 13 1545 456 79 6 0 0 
1643788072.7538056 20.483203125 11.950856496833506 988.6268181272695 9 12 14 9 12 14 1662 486 70 4 2 2 
1643788077.9068513 20.478125 11.997979738831695 988.6240483956519 9 12 14 9 12 14 1662 486 70 4 2 2 
1643788083.0560472 20.483203125 12.00992901237924 988.6206822908388 9 12 14 9 12 14 1662 486 70 4 2 2 
1643788088.2065086 20.483203125 12.195137492395407 988.6473131678622 9 12 14 9 12 14 1656 488 73 4 2 2 
1643788093.3524604 20.473046875 12.177883530949629 988.6745400014146 9 12 14 9 12 14 1656 488 73 4 2 2 
1643788098.5043187 20.462890625 11.813438183746953 988.6526602978571 9 12 14 9 12 14 1656 488 73 4 2 2 
1643788103.6564531 20.48828125 12.159291461068348 988.6478033171811 9 13 14 9 13 14 1728 504 73 4 2 2 
1643788108.8102467 20.493359375 12.08657867517501 988.6306734688495 9 13 14 9 13 14 1728 504 73 4 2 2 
1643788113.9636323 20.493359375 12.134710996077477 988.6401748319893 9 13 14 9 13 14 1728 504 73 4 2 2 
1643788119.1161547 20.503515625 12.043747245567467 988.6233432184232 9 13 14 9 13 14 1716 507 77 2 2 2 
1643788124.2642379 20.4984375 11.98534399492129 988.6374060060946 9 13 14 9 13 14 1716 507 77 2 2 2 
1643788129.4164977 20.483203125 11.937895467636778 988.6245382091 9 13 14 9 13 14 1716 507 77 2 2 2 
1643788134.5703795 20.493359375 12.117135411456797 988.6178057825534 9 13 14 9 13 14 1689 502 86 2 2 2 
1643788139.726559 20.48828125 12.08759828780456 988.6427539535564 9 13 14 9 13 14 1689 502 86 2 2 2 
1643788144.8799396 20.483203125 12.224674935208151 988.5945410164614 9 13 14 9 13 14 1689 502 86 2 2 2 
1643788150.0333347 20.48828125 12.051751145867831 988.5891929822138 9 13 14 9 13 14 1713 504 81 2 2 2 
1643788155.186504 20.4984375 11.87779577421796 988.5760270091304 7 12 15 7 12 15 1653 483 75 8 4 2 
1643788160.3396542 20.483203125 12.15196495500928 988.5875098769409 8 13 16 8 13 16 1653 483 75 8 4 2 
1643788165.4927247 20.493359375 11.955132722166434 988.6158240248548 8 13 16 8 13 16 1653 483 75 8 4 2 
1643788170.647734 20.48828125 12.074964966907807 988.6060240387897 9 13 15 9 13 15 1659 485 68 6 4 2 
1643788175.8015292 20.493359375 12.17653260460395 988.579393191652 9 13 15 9 13 15 1659 485 68 6 4 2 
1643788180.9548872 20.493359375 12.015567246303098 988.5891929822138 9 13 15 9 13 15 1659 485 68 6 4 2 
1643788186.1076128 20.483203125 11.938570029625069 988.5965227034341 9 13 16 9 13 16 1752 508 75 6 4 2 
1643788191.260922 20.483203125 11.944207498838306 988.6231535898894 9 13 16 9 13 16 1752 508 75 6 4 2 
1643788196.4130938 20.478125 12.075649281626008 988.6105839780777 9 13 16 9 13 16 1752 508 75 6 4 2 
1643788201.5701523 20.478125 12.03449976325412 988.6274145007447 9 13 16 9 13 16 1716 499 78 6 4 2 
1643788206.7246845 20.483203125 12.165265825331415 988.5945410164614 9 13 16 9 13 16 1716 499 78 6 4 2 
1643788211.8793669 20.478125 12.027516596458417 988.5937534624031 9 13 16 9 13 16 1716 499 78 6 4 2 
1643788217.0325773 20.48828125 12.009243147030253 988.6158240248548 9 14 15 9 14 15 1752 518 76 6 2 0 
1643788222.1861575 20.483203125 12.110812707816457 988.6259227460198 9 14 15 9 14 15 1752 518 76 6 2 0 
1643788227.339374 20.483203125 12.06336440011656 988.5769229537214 9 14 15 9 14 15 1752 518 76 6 2 0 
1643788232.4922295 20.483203125 11.932257999055457 988.6298859630448 9 14 14 9 14 14 1680 504 71 4 0 0 
1643788237.6456115 20.483203125 12.105521719946715 988.618402729487 9 12 12 9 12 12 1863 526 71 0 0 0 
1643788242.7996833 20.493359375 12.021541926522588 988.618402729487 9 12 12 9 12 12 1863 526 71 0 0 0 
1643788247.955085 20.483203125 11.950519370526688 988.6268181272695 9 12 12 9 12 12 1893 531 57 0 0 0 
1643788253.109368 20.483203125 12.04577658621973 988.6251350475732 10 13 13 10 13 13 1893 531 57 0 0 0 
1643788258.2622864 20.473046875 11.926958050527103 988.6557285038012 10 13 13 10 13 13 1893 531 57 0 0 0 
1643788263.4145398 20.483203125 12.070346260457336 988.6560264053275 10 12 12 10 12 12 1806 510 50 0 0 0 
1643788268.5599427 20.483203125 12.082630604591857 988.647611137176 10 12 12 10 12 12 1806 510 50 0 0 0 
1643788273.7075717 20.462890625 12.028525311063255 988.6593925130776 10 12 12 10 12 12 1806 510 50 0 0 0 
1643788278.860148 20.35625 12.077202309367244 988.4340783822923 9 11 11 9 11 11 1713 487 43 0 0 0 
1643788284.0151198 20.473046875 12.17257842813176 988.6714715624497 9 11 11 9 11 11 1713 487 43 0 0 0 
1643788289.1680775 20.46796875 12.118811361484237 988.6327616407741 9 11 11 9 11 11 1713 487 43 0 0 0 
1643788294.3246264 20.462890625 12.005636845692607 988.6684030685315 8 11 11 8 11 11 1608 461 52 0 0 0 
1643788299.4789853 20.473046875 11.998652895864673 988.6159312515836 8 11 11 8 11 11 1608 461 52 0 0 0 
1643788304.6312737 20.473046875 12.058733339793804 988.6038517709686 8 11 11 8 11 11 1608 461 52 0 0 0 
1643788309.7836227 20.473046875 12.022887134115283 988.6139500820515 9 12 12 9 12 12 1644 475 57 2 0 0 
1643788314.9359071 20.483203125 11.92594580897169 988.5900889298397 9 12 12 9 12 12 1644 475 57 2 0 0 
1643788320.0884445 20.483203125 12.201780249720304 988.5802890548983 9 14 14 9 14 14 1725 503 88 6 0 0 
1643788325.2451427 20.473046875 12.03449976325412 988.5842517969536 9 14 14 9 14 14 1725 503 88 6 0 0 
1643788330.4017603 20.478125 12.14801240111989 988.6105839780777 9 13 13 9 13 13 1695 498 84 2 0 0 
1643788335.5540574 20.473046875 11.926620647590703 988.648698169686 9 13 13 9 13 13 1695 498 84 2 0 0 
1643788340.7085743 20.473046875 12.154656165124894 988.6220671705345 9 13 13 9 13 13 1695 498 84 2 0 0 
1643788345.8619552 20.483203125 12.141703230898976 988.6150365708635 9 13 13 9 13 13 1653 491 89 2 0 0 
1643788351.014416 20.483203125 12.13639884884867 988.5884058652392 9 13 13 9 13 13 1653 491 89 2 0 0 
1643788356.166305 20.478125 12.117135411456797 988.5884058652392 9 13 13 9 13 13 1653 491 89 2 0 0 
1643788361.3176029 20.483203125 12.230302503696898 988.6144395696999 10 13 13 10 13 13 1725 512 77 2 0 0 
1643788366.470821 20.483203125 12.153317086521858 988.6057253062073 10 13 13 10 13 13 1725 512 77 2 0 0 
1643788371.625674 20.483203125 12.015903633727879 988.5931565466287 10 13 13 10 13 13 1725 512 77 2 0 0 
1643788376.778606 20.483203125 11.997979738831695 988.6015719391667 9 13 13 9 13 13 1668 498 79 2 0 0 
1643788381.9326477 20.48828125 12.080939616102343 988.6158240248548 9 13 13 9 13 13 1668 498 79 2 0 0 
1643788387.0854378 20.493359375 12.16391425232817 988.655920489288 9 13 13 9 13 13 1668 498 79 2 0 0 
1643788392.240228 20.493359375 12.128736439438077 988.6444370746946 9 13 13 9 13 13 1656 494 83 4 0 0 
1643788397.393652 20.493359375 12.063015637667025 988.6413692803612 9 13 13 9 13 13 1656 494 83 4 0 0 
1643788402.546499 20.48828125 12.122761872514774 988.6862169345844 9 11 11 9 11 11 1548 453 65 2 0 0 
1643788407.7036397 20.503515625 11.912970369755504 988.6758197348464 9 11 11 9 11 11 1548 453 65 2 0 0 
1643788412.85742 20.493359375 12.026158556288356 988.658390878323 9 11 11 9 11 11 1548 453 65 2 0 0 
1643788418.0100417 20.513671875 12.139345647015746 988.6300758630105 8 12 12 8 12 12 1572 460 67 2 0 0 
1643788423.1633198 20.513671875 11.995947057497881 988.6580920321685 8 12 12 8 12 12 1572 460 67 2 0 0 
1643788428.3175733 20.50859375 12.020183607076282 988.6395769508989 8 12 12 8 12 12 1572 460 67 2 0 0 
1643788433.468328 20.51875 12.186809412443928 988.6493770616538 8 12 12 8 12 12 1578 465 60 4 0 0 
1643788438.6231496 20.513671875 11.894707297877261 988.6109627510367 8 12 12 8 12 12 1578 465 60 4 0 0 
1643788443.7789428 20.51875 12.18614048380084 988.6005642098914 8 12 12 8 12 12 1578 465 60 4 0 0 
1643788448.931065 20.5341796875 12.114775727094889 988.5921482069119 9 12 12 9 12 12 1599 472 60 4 0 0 
1643788454.0864327 20.5341796875 12.07194311070631 988.6518458214673 9 12 12 9 12 12 1599 472 60 4 0 0 
1643788459.2393613 20.5341796875 12.066303703467945 988.6069975416634 9 12 12 9 12 12 1599 472 60 4 0 0 
1643788464.3889508 20.52890625 12.066975419946244 988.6086807563067 9 13 13 9 13 13 1650 500 72 4 0 0 
1643788469.5399847 20.523828125 11.94747177218488 988.5601674115355 9 13 13 9 13 13 1650 500 72 4 0 0 
1643788474.685161 20.5443359375 12.112428400907937 988.5690668697939 9 13 13 9 13 13 1650 500 72 4 0 0 
