timestamp temperature humidity pressure pm10_standard pm25_standard pm100_standard pm10_env pm25_env pm100_env particles_03um particles_05um particles_10um particles_25um particles_50um particles_100um
1668786461.4988308 20.3255859375 29.071513257305835 989.2961216157402 0 1 1 0 1 1 252 72 15 0 0 0 
1668786466.6312912 20.341015625 29.184016149619577 989.2874179562995 0 1 1 0 1 1 252 72 15 0 0 0 
1668786471.7634704 20.341015625 28.999635627542883 989.3011697972516 0 1 1 0 1 1 252 72 15 0 0 0 
1668786476.8950515 20.34609375 29.201983033565792 989.2991971399265 0 1 1 0 1 1 231 65 6 0 0 0 
1668786482.0284214 20.351171875 29.047183056553248 989.2790042558058 0 1 1 0 1 1 231 65 6 0 0 0 
1668786487.159311 20.34609375 28.97600196154776 989.2823697357936 0 1 1 0 1 1 231 65 6 0 0 0 
1668786492.2936628 20.341015625 29.142414319133003 989.2944388887092 1 1 1 1 1 1 261 80 6 0 0 0 
1668786497.424351 20.341015625 29.10095083133527 989.3210727757496 1 1 1 1 1 1 261 80 6 0 0 0 
1668786502.5581195 20.341015625 29.118641618479337 989.2812670448043 1 2 2 1 2 2 282 87 8 2 0 0 
1668786507.6884048 20.341015625 29.184154037215606 989.2964114635496 1 2 2 1 2 2 282 87 8 2 0 0 
1668786512.8195186 20.341015625 29.0593484730666 989.3045352519424 1 2 2 1 2 2 282 87 8 2 0 0 
1668786517.9521613 20.3306640625 28.976282519362023 989.3152109056642 1 2 2 1 2 2 282 87 4 2 0 0 
1668786523.0824358 20.3255859375 28.964536287636022 989.3300657476982 1 2 2 1 2 2 282 87 4 2 0 0 
1668786528.2135575 20.3205078125 28.964395888016465 989.3188657600384 1 2 2 1 2 2 282 87 4 2 0 0 
1668786533.3455393 20.3306640625 28.988449350150326 989.2888669873552 1 2 2 1 2 2 276 85 4 2 0 0 
1668786538.4779997 20.3205078125 28.988449350150326 989.2754056096927 1 2 2 1 2 2 276 85 4 2 0 0 
1668786543.612341 20.3205078125 29.083538400929267 989.3141070825286 1 2 2 1 2 2 276 85 4 2 0 0 
1668786548.7435887 20.3205078125 29.202671281936425 989.2964656212351 1 2 2 1 2 2 285 90 4 2 0 0 
1668786553.8742692 20.3154296875 28.899442107176544 989.3244923183629 1 2 2 1 2 2 285 90 4 2 0 0 
1668786559.008561 20.3052734375 29.11947330090124 989.2961764161532 1 2 2 1 2 2 285 90 4 2 0 0 
1668786564.1416981 20.3154296875 29.160796317685616 989.312135011387 1 2 2 1 2 2 270 85 6 2 0 0 
1668786569.2740688 20.3154296875 29.101644900085333 989.3110310374158 1 2 2 1 2 2 270 85 6 2 0 0 
1668786574.4035156 20.3103515625 28.899583227612794 989.3113202298578 1 1 1 1 1 1 342 87 10 0 0 0 
1668786579.538131 20.3052734375 29.03627330588799 989.2510345801302 1 1 1 1 1 1 342 87 10 0 0 0 
1668786584.6676686 20.3154296875 29.125693084470782 989.3264640492234 1 1 1 1 1 1 342 87 10 0 0 0 
1668786589.796782 20.3205078125 29.119196116763934 989.345499529949 1 1 1 1 1 1 327 82 12 2 0 0 
1668786594.9290652 20.3205078125 29.000615548644124 989.309637583611 1 1 1 1 1 1 327 82 12 2 0 0 
1668786600.0624895 20.3255859375 29.107171507316124 989.3326164956509 1 1 1 1 1 1 327 82 12 2 0 0 
1668786605.194089 20.3205078125 29.119196116763934 989.2894458341018 1 1 1 1 1 1 306 82 12 2 0 0 
1668786610.3238058 20.3205078125 28.964536287636022 989.3076657178779 1 1 1 1 1 1 306 82 12 2 0 0 
1668786615.4526389 20.3154296875 29.107310252589194 989.3707400674855 1 1 1 1 1 1 306 82 12 2 0 0 
1668786620.5846462 20.3255859375 29.035854637355722 989.3693464105709 0 1 1 0 1 1 294 77 12 2 0 0 
1668786625.7156084 20.3306640625 29.02991149806433 989.3370860209316 0 1 1 0 1 1 294 77 12 2 0 0 
1668786630.8440328 20.3255859375 29.17862482108542 989.2955976778635 0 1 1 0 1 1 294 77 12 2 0 0 
1668786635.9737737 20.3306640625 29.14877233143196 989.3236244101385 1 2 2 1 2 2 327 89 12 2 0 0 
1668786641.1054049 20.3255859375 28.98236601379338 989.3457887658275 1 2 2 1 2 2 327 89 12 2 0 0 
1668786646.236751 20.3255859375 29.101089666753754 989.3707400674855 1 2 2 1 2 2 327 89 12 2 0 0 
1668786651.369576 20.3255859375 29.071652413444085 989.3522303384211 1 2 2 1 2 2 327 89 12 2 0 0 
1668786656.504211 20.3255859375 29.00005565873704 989.376077168728 1 1 1 1 1 1 321 91 12 0 0 0 
1668786661.6383893 20.3306640625 29.12500049359383 989.3743944790837 1 1 1 1 1 1 315 89 14 0 0 0 
1668786666.772451 20.3205078125 29.071374090333222 989.3987680967945 1 1 1 1 1 1 315 89 14 0 0 0 
1668786671.9064434 20.3306640625 29.01194216676649 989.3575675864867 1 1 1 1 1 1 315 89 14 0 0 0 
1668786677.0416214 20.3306640625 29.237915258979786 989.377759858442 1 1 1 1 1 1 321 91 12 0 0 0 
1668786682.1751096 20.3306640625 29.220086858440133 989.3569891951474 0 0 0 0 0 0 321 91 12 0 0 0 
1668786687.3095248 20.3306640625 29.154577056901154 989.367374661572 0 0 0 0 0 0 321 91 12 0 0 0 
1668786692.4433439 20.3306640625 29.178486897517224 989.3427125427364 0 0 0 0 0 0 321 91 10 0 0 0 
1668786697.5763898 20.3255859375 28.97047953996458 989.3909325088379 1 1 1 1 1 1 321 91 10 0 0 0 
1668786702.7090662 20.3205078125 29.083538400929267 989.367374661572 1 1 1 1 1 1 321 91 10 0 0 0 
1668786707.8431175 20.3306640625 29.148634054656814 989.3791535834924 1 1 1 1 1 1 363 101 12 0 0 0 
1668786712.9765959 20.3306640625 29.137024835957018 989.3763660511947 1 1 1 1 1 1 363 101 12 0 0 0 
1668786718.1104562 20.3205078125 29.012082018533523 989.3645873200542 1 1 1 1 1 1 363 101 12 0 0 0 
1668786723.245079 20.3205078125 29.107310252589194 989.3668475952092 1 1 1 1 1 1 336 94 12 0 0 0 
1668786728.3789756 20.3205078125 29.05990566711621 989.3828079280033 1 1 1 1 1 1 336 94 12 0 0 0 
1668786733.5121262 20.3205078125 28.988729547359647 989.3948754927635 1 1 1 1 1 1 336 94 12 0 0 0 
1668786738.6459439 20.3205078125 29.255469467681124 989.3730006990908 1 1 1 1 1 1 273 85 4 0 0 0 
1668786743.7802663 20.3255859375 29.053823355147284 989.3819914353325 1 1 1 1 1 1 273 85 4 0 0 0 
1668786748.9137683 20.3255859375 29.018164961105178 989.3982408466846 0 1 1 0 1 1 258 80 2 0 0 0 
1668786754.045621 20.3103515625 28.96467667642078 989.3999235237501 0 1 1 0 1 1 258 80 2 0 0 0 
1668786759.1800213 20.3103515625 28.94118513120581 989.3965581696891 0 1 1 0 1 1 258 80 2 0 0 0 
1668786764.3140404 20.3205078125 29.148910597373057 989.3864621091838 0 1 1 0 1 1 258 80 4 0 0 0 
1668786769.4480035 20.3154296875 29.03005113355603 989.4030002125397 0 1 1 0 1 1 258 80 4 0 0 0 
1668786774.5820267 20.3205078125 29.17862482108542 989.3696353472665 0 1 1 0 1 1 258 80 4 0 0 0 
1668786779.7162995 20.3205078125 29.000335625359877 989.3679526714591 0 1 1 0 1 1 252 76 6 0 0 0 
1668786784.849898 20.3154296875 29.047880315163276 989.3645873200542 0 1 1 0 1 1 252 76 6 0 0 0 
1668786789.9839704 20.3255859375 28.96467667642078 989.3858843975561 0 1 1 0 1 1 252 76 6 0 0 0 
1668786795.1180358 20.3205078125 29.22616704467995 989.4296347162294 1 1 1 1 1 1 273 78 10 0 0 0 
1668786800.252023 20.3255859375 29.315306941332075 989.3847794326774 1 1 1 1 1 1 273 78 10 0 0 0 
1668786805.3856878 20.3154296875 29.166601101911436 989.3746833751079 1 1 1 1 1 1 273 78 10 0 0 0 
1668786810.518583 20.3205078125 29.202671281936425 989.3696353472665 0 1 1 0 1 1 279 78 12 0 0 0 
1668786815.6524253 20.3103515625 28.92929892441337 989.4013175217773 0 1 1 0 1 1 279 78 12 0 0 0 
1668786820.7863781 20.3154296875 29.154577056901154 989.3814140798746 1 2 3 1 2 3 237 65 20 4 2 0 
1668786825.91978 20.3103515625 29.18456763500028 989.3696353472665 1 2 3 1 2 3 237 65 20 4 2 0 
1668786831.049948 20.3205078125 29.095840928986973 989.3803087861503 1 2 3 1 2 3 237 65 20 4 2 0 
1668786836.1819067 20.3205078125 29.10136730508802 989.4066542327106 0 1 1 0 1 1 237 60 13 2 0 0 
1668786841.3154454 20.3154296875 29.267629054357084 989.3413189258371 0 1 1 0 1 1 237 60 13 2 0 0 
1668786846.4488907 20.3103515625 29.30977354007858 989.3772320423351 0 1 1 0 1 1 237 60 13 2 0 0 
1668786851.5828707 20.2951171875 29.13716322801484 989.3685302438321 0 1 1 0 1 1 237 57 13 2 0 0 
1668786856.716905 20.3001953125 29.000475592419324 989.3500211128226 0 1 1 0 1 1 237 57 13 2 0 0 
1668786861.8503036 20.3205078125 29.19672863579543 989.3853567339065 0 1 1 0 1 1 237 57 13 2 0 0 
1668786866.9839504 20.3154296875 29.16701525095948 989.4083369101255 0 1 1 0 1 1 243 59 11 2 0 0 
1668786872.1177018 20.3154296875 29.33327077570492 989.3595392934709 0 1 1 0 1 1 243 59 11 2 0 0 
1668786877.2513556 20.3255859375 29.077734489150412 989.3634822981726 0 1 1 0 1 1 243 59 11 2 0 0 
1668786882.3861914 20.3205078125 29.131081939835195 989.3926152127382 0 1 1 0 1 1 252 61 11 2 0 0 
1668786887.5202734 20.3205078125 29.149048852480114 989.3783374868826 0 1 1 0 1 1 252 61 11 2 0 0 
1668786892.6540194 20.3154296875 29.071652413444085 989.3864621091838 0 1 1 0 1 1 252 61 11 2 0 0 
1668786897.7866151 20.3205078125 29.160796317685616 989.3763660511947 1 1 1 1 1 1 273 68 9 2 0 0 
1668786902.9203517 20.3205078125 29.149187096753128 989.3870393832984 1 1 1 1 1 1 225 72 2 0 0 0 
1668786908.054764 20.3154296875 28.964957421485913 989.3996348310847 1 1 1 1 1 1 210 67 2 0 0 0 
1668786913.189529 20.3205078125 29.226579107029075 989.3732894992936 1 1 1 1 1 1 210 67 2 0 0 0 
1668786918.3208005 20.3205078125 29.22022430269618 989.3982408466846 1 1 1 1 1 1 210 67 2 0 0 0 
1668786923.45415 20.3205078125 29.196315513855108 989.3730006990908 1 1 1 1 1 1 210 67 2 0 0 0 
1668786928.587837 20.3255859375 29.01830472272255 989.4231925071409 1 1 1 1 1 1 210 67 2 0 0 0 
1668786933.7212977 20.3306640625 28.964536287636022 989.3926152127382 1 1 1 1 1 1 210 67 2 0 0 0 
1668786938.854765 20.3306640625 29.05368399357326 989.4024225532935 1 1 1 1 1 1 231 74 0 0 0 0 
1668786943.9874446 20.3357421875 29.11878025930174 989.4027114376081 1 1 1 1 1 1 231 74 0 0 0 0 
1668786949.1208653 20.3357421875 28.976282519362023 989.3822299433824 1 1 1 1 1 1 231 74 0 0 0 0 
1668786954.2536824 20.34609375 29.071374090333222 989.3956916822048 0 0 0 0 0 0 198 63 2 0 0 0 
1668786959.3870683 20.341015625 29.017465990499648 989.3920371720357 0 0 0 0 0 0 198 63 2 0 0 0 
1668786964.5208218 20.341015625 29.101089666753754 989.3656919587202 0 0 0 0 0 0 198 63 2 0 0 0 
1668786969.6544502 20.341015625 29.11878025930174 989.3923262470797 1 1 1 1 1 1 231 74 2 0 0 0 
1668786974.7884195 20.341015625 29.023828633690577 989.3973743998722 1 1 1 1 1 1 231 74 2 0 0 0 
1668786979.9222953 20.3357421875 29.01166243072862 989.416989164576 1 1 1 1 1 1 231 74 2 0 0 0 
1668786985.0562165 20.3306640625 29.0890644946414 989.4259806109111 0 0 0 0 0 0 189 53 6 0 0 0 
1668786990.1899788 20.3205078125 29.14296772180297 989.407470707344 0 0 0 0 0 0 189 53 6 0 0 0 
1668786995.3235753 20.3306640625 29.16646303056081 989.3875671012469 0 0 0 0 0 0 216 62 8 0 0 0 
1668787000.4575093 20.3205078125 29.047601444222636 989.4349713503063 0 0 0 0 0 0 216 62 8 0 0 0 
1668787005.5910995 20.3205078125 29.142829387386588 989.3948754927635 0 0 0 0 0 0 216 62 8 0 0 0 
1668787010.7242336 20.3205078125 29.25588060046075 989.376077168728 0 0 0 0 0 0 189 57 8 0 0 0 
1668787015.8579364 20.3255859375 29.16701525095948 989.3912213786703 0 0 0 0 0 0 189 57 8 0 0 0 
1668787020.9916527 20.3154296875 29.184429779905958 989.3982408466846 0 0 0 0 0 0 189 57 8 0 0 0 
1668787026.1237838 20.3205078125 29.089759248164402 989.3634822981726 0 0 0 0 0 0 168 50 8 0 0 0 
1668787031.2570636 20.3154296875 29.000615548644124 989.3564628785398 0 0 0 0 0 0 168 50 8 0 0 0 
1668787036.3906193 20.3103515625 29.065709404287688 989.3544912675167 0 0 0 0 0 0 168 50 8 0 0 0 
1668787041.5181756 20.3205078125 29.20833878790103 989.3578566180829 0 0 0 0 0 0 147 43 8 0 0 0 
1668787046.652301 20.3154296875 29.208476358268427 989.3763660511947 0 0 0 0 0 0 147 43 8 0 0 0 
1668787051.7866795 20.3154296875 29.214281550436542 989.3595392934709 0 0 0 0 0 0 147 43 8 0 0 0 
1668787056.9200997 20.3205078125 29.077595412324612 989.3427125427364 0 0 0 0 0 0 168 52 10 0 0 0 
1668787062.0546057 20.3103515625 29.059766384855422 989.336270942861 0 0 0 0 0 0 168 52 10 0 0 0 
1668787067.185458 20.3205078125 29.09542434731097 989.3612219689287 0 1 1 0 1 1 228 69 13 0 0 0 
1668787072.319314 20.3306640625 29.03571505950929 989.3152109056642 0 1 1 0 1 1 228 69 13 0 0 0 
1668787077.4535365 20.341015625 29.362168160895273 989.3499689176309 0 0 0 0 0 0 228 69 13 0 0 0 
1668787082.5844336 20.341015625 29.071234912526254 989.3179970735007 0 0 0 0 0 0 222 67 13 0 0 0 
1668787087.715911 20.341015625 29.094868753396643 989.2893907080364 0 0 0 0 0 0 222 67 13 0 0 0 
1668787092.8502598 20.34609375 29.147942508270383 989.2770313001948 0 0 0 0 0 0 222 67 13 0 0 0 
1668787097.981704 20.35625 29.088647512516133 989.3036652555247 0 1 1 0 1 1 213 64 13 0 0 0 
1668787103.1127079 20.34609375 29.13591730946705 989.3087135601007 0 1 1 0 1 1 213 64 13 0 0 0 
1668787108.2439272 20.351171875 29.005299154131645 989.3218856402465 0 1 1 0 1 1 213 64 13 0 0 0 
1668787113.3754282 20.351171875 28.928031532229085 989.311498687814 0 1 1 0 1 1 207 66 15 0 0 0 
1668787118.5059383 20.35625 29.052847596605975 989.2921760837282 0 1 1 0 1 1 207 66 15 0 0 0 
1668787123.6377153 20.361328125 28.987468318624657 989.3300094431087 0 1 1 0 1 1 207 66 15 0 0 0 
1668787128.767061 20.361328125 29.112282224721895 989.2966439119089 0 1 1 0 1 1 207 66 15 0 0 0 
1668787133.9019825 20.36640625 29.224930272611118 989.3098158922976 0 1 1 0 1 1 207 66 15 0 0 0 
1668787139.0339108 20.351171875 29.189683556406983 989.2655423386506 0 1 1 0 1 1 207 66 15 0 0 0 
1668787144.165347 20.351171875 29.08284319667491 989.2918858806274 0 1 1 0 1 1 207 64 8 0 0 0 
1668787149.297514 20.351171875 29.13038947465565 989.2753485468182 0 0 0 0 0 0 273 68 2 0 0 0 
1668787154.4284382 20.351171875 28.916426044109024 989.2753485468182 0 1 1 0 1 1 279 72 2 0 0 0 
1668787159.559535 20.351171875 29.142275941380333 989.2716926744863 0 1 1 0 1 1 279 72 2 0 0 0 
1668787164.690278 20.35625 29.141860743117874 989.3084233831759 0 1 1 0 1 1 279 72 2 0 0 0 
1668787169.8216074 20.351171875 29.147804166490943 989.2680366388068 0 1 1 0 1 1 264 69 2 0 0 0 
1668787174.953473 20.361328125 29.284500067410224 989.2761599966484 0 1 1 0 1 1 264 69 2 0 0 0 
1668787180.0874178 20.371484375 29.16535806973269 989.2775521510067 0 1 1 0 1 1 264 69 2 0 0 0 
1668787185.2189915 20.371484375 29.177383118950285 989.2570675516566 0 0 0 0 0 0 270 69 2 0 0 0 
1668787190.3503156 20.381640625 29.195075563006057 989.2954817305786 0 0 0 0 0 0 270 69 2 0 0 0 
1668787195.4789236 20.391796875 29.164805329303064 989.3167772045947 0 0 0 0 0 0 270 69 2 0 0 0 
1668787200.608583 20.396875 29.117254614375803 989.3077809195216 0 0 0 0 0 0 240 57 0 0 0 0 
1668787205.7372963 20.396875 29.057396928756678 989.2589771277858 0 0 0 0 0 0 240 57 0 0 0 0 
1668787210.867564 20.391796875 29.146697042229405 989.3060980291725 0 0 0 0 0 0 240 57 0 0 0 0 
1668787215.9946687 20.401953125 29.117115854377467 989.3041239637218 0 0 0 0 0 0 240 57 2 0 0 0 
1668787221.1202831 20.412109375 28.95620359375755 989.2805633173499 0 0 0 0 0 0 240 57 2 0 0 0 
1668787226.2479022 20.396875 29.063619897427706 989.2990752526315 0 0 0 0 0 0 240 57 2 0 0 0 
1668787231.377344 20.401953125 29.093200931563747 989.2802718429491 0 0 0 0 0 0 306 88 8 0 0 0 
1668787236.512257 20.40703125 29.140476044694434 989.2455140231712 0 0 0 0 0 0 306 88 8 0 0 0 
1668787241.641078 20.40703125 28.99809467889555 989.2839291231356 1 1 1 1 1 1 279 81 6 0 0 0 
1668787246.7725883 20.40703125 29.057396928756678 989.2758060148464 1 1 1 1 1 1 279 81 6 0 0 0 
1668787251.904304 20.401953125 29.200192320243723 989.2354166976465 1 1 1 1 1 1 279 81 6 0 0 0 
1668787257.039229 20.401953125 29.00403889678466 989.2508541864703 1 1 1 1 1 1 264 78 6 0 0 0 
1668787262.170012 20.401953125 29.099144984978516 989.2788804145619 0 0 0 0 0 0 264 78 6 0 0 0 
1668787267.3007603 20.38671875 29.004178968717337 989.2892691295281 0 0 0 0 0 0 264 78 6 0 0 0 
1668787272.4342246 20.401953125 29.075507959816857 989.2421482477167 0 0 0 0 0 0 264 81 4 0 0 0 
1668787277.56691 20.391796875 29.11131072875361 989.26402579317 0 0 0 0 0 0 264 81 4 0 0 0 
1668787282.702271 20.38671875 28.968794851223276 989.2707573479939 0 0 0 0 0 0 264 81 4 0 0 0 
1668787287.8338165 20.381640625 29.176830969652446 989.236291234225 0 0 0 0 0 0 243 72 6 0 0 0 
1668787292.9666705 20.371484375 29.064177337613696 989.2752877084772 0 0 0 0 0 0 243 72 6 0 0 0 
1668787298.1002715 20.3765625 29.070121100033344 989.2253851455637 0 0 0 0 0 0 243 72 6 0 0 0 
1668787303.2309382 20.371484375 29.10592231231869 989.2433138607377 0 0 0 0 0 0 234 70 6 0 0 0 
1668787308.361601 20.3765625 29.01676674902954 989.2685563700138 0 0 0 0 0 0 234 70 6 0 0 0 
1668787313.493573 20.361328125 28.987047714021646 989.2228924678685 1 1 1 1 1 1 228 69 6 0 0 0 
1668787318.6257393 20.361328125 29.13591730946705 989.2472616235382 1 1 1 1 1 1 228 69 6 0 0 0 
1668787323.756172 20.361328125 29.11214347208617 989.2122138719486 1 1 1 1 1 1 228 69 6 0 0 0 
1668787328.8865197 20.361328125 29.0527081591909 989.2408213363101 1 1 1 1 1 1 243 74 6 0 0 0 
1668787334.0168846 20.35625 29.201294514349428 989.2481339467105 1 1 1 1 1 1 243 74 6 0 0 0 
1668787339.1474113 20.361328125 29.070817314099163 989.2730849796509 1 1 1 1 1 1 243 74 6 0 0 0 
1668787344.2804968 20.35625 29.100534260074348 989.2209188212652 1 1 1 1 1 1 207 62 4 0 0 0 
1668787349.413903 20.36640625 29.213043545863872 989.237455751219 1 1 1 1 1 1 207 62 4 0 0 0 
1668787354.5467012 20.371484375 29.14752745042991 989.2267767952548 1 1 1 1 1 1 207 62 4 0 0 0 
1668787359.6754112 20.3765625 29.153194378029085 989.2231198646416 1 1 1 1 1 1 228 64 4 0 0 0 
1668787364.8025231 20.396875 29.218299097239413 989.2121480926256 1 1 1 1 1 1 228 64 4 0 0 0 
1668787369.9297116 20.391796875 29.016067236694692 989.2326341110634 1 1 1 1 1 1 228 64 4 0 0 0 
1668787375.0568707 20.391796875 29.188580440066517 989.2292683909573 1 1 1 1 1 1 243 66 6 0 0 0 
1668787380.184017 20.391796875 29.069842538566412 989.2343169712212 1 1 1 1 1 1 243 66 6 0 0 0 
1668787385.3182762 20.391796875 29.11131072875361 989.2292683909573 1 1 1 1 1 1 243 66 6 0 0 0 
1668787390.4512916 20.381640625 29.069842538566412 989.2598510949492 1 1 1 1 1 1 285 75 8 0 0 0 
1668787395.5802178 20.381640625 29.05201080959886 989.279463062212 0 0 0 0 0 0 258 72 8 0 0 0 
1668787400.7102225 20.38671875 28.92718611653353 989.2225369515845 0 0 0 0 0 0 225 65 8 0 0 0 
1668787405.8434167 20.391796875 29.28395289143905 989.228168362722 0 0 0 0 0 0 225 65 8 0 0 0 
1668787410.9754632 20.391796875 29.2004679337732 989.2020508568353 0 0 0 0 0 0 225 65 8 0 0 0 
1668787416.1094844 20.40703125 29.247605704227137 989.1869050078687 0 0 0 0 0 0 237 67 8 0 0 0 
1668787421.243399 20.412109375 29.19424844158294 989.2471969110034 0 0 0 0 0 0 237 67 8 0 0 0 
1668787426.376981 20.40703125 29.086978608928337 989.2185878273651 0 0 0 0 0 0 237 67 8 0 0 0 
1668787431.5101569 20.401953125 29.093200931563747 989.2182959607583 0 0 0 0 0 0 231 65 8 0 0 0 
1668787436.6457424 20.40703125 29.104811180038098 989.2208540919158 0 0 0 0 0 0 231 65 8 0 0 0 
1668787441.7786548 20.401953125 29.110894210825556 989.232050923031 0 1 1 0 1 1 231 65 8 0 0 0 
1668787446.9107063 20.396875 28.89690008652727 989.225902671131 0 1 1 0 1 1 225 63 10 0 0 0 
1668787452.0409427 20.401953125 29.22424279783647 989.2303680358282 0 1 1 0 1 1 225 63 10 0 0 0 
1668787457.1730826 20.391796875 29.069563933761987 989.209074076194 0 0 0 0 0 0 225 63 10 0 0 0 
1668787462.3021452 20.396875 28.99809467889555 989.244122689232 0 0 0 0 0 0 255 73 10 0 0 0 
1668787467.4358892 20.38671875 29.09361803328469 989.235999831449 0 0 0 0 0 0 255 73 10 0 0 0 
1668787472.5684433 20.38671875 29.194524192059443 989.2225369515845 0 0 0 0 0 0 255 73 10 0 0 0 
1668787477.7041445 20.381640625 28.98676725677942 989.2113400382347 0 0 0 0 0 0 222 56 6 0 0 0 
1668787482.8391266 20.38671875 29.016626868231754 989.2096572061704 0 0 0 0 0 0 222 56 6 0 0 0 
1668787487.9713607 20.38671875 29.070121100033344 989.2060000048556 0 0 0 0 0 0 207 51 8 0 0 0 
1668787493.1053166 20.381640625 29.218849372616607 989.1849978326483 0 0 0 0 0 0 207 51 8 0 0 0 
1668787498.2370105 20.381640625 29.08186945567749 989.2130228703688 0 0 0 0 0 0 207 51 8 0 0 0 
1668787503.3693607 20.391796875 29.12928096699396 989.21580551333 0 0 0 0 0 0 180 42 6 0 0 0 
1668787508.5017035 20.391796875 29.045787726748404 989.2020508568353 0 0 0 0 0 0 180 42 6 0 0 0 
1668787513.6321495 20.40703125 29.0875350834731 989.2567110204739 0 0 0 0 0 0 180 42 6 0 0 0 
1668787518.764192 20.432421875 29.1519490407343 989.207614336421 0 0 0 0 0 0 186 44 6 0 0 0 
1668787523.8981152 20.422265625 29.056978464412452 989.2137614912729 0 0 0 0 0 0 186 44 6 0 0 0 
1668787529.0289283 20.422265625 29.032921227332622 989.2168349863141 0 0 0 0 0 0 186 44 6 0 0 0 
1668787534.1617463 20.42734375 28.985504662870927 989.1837609001902 0 0 0 0 0 0 159 39 8 0 0 0 
1668787539.2936397 20.42734375 28.973474990962792 989.2370306076376 0 0 0 0 0 0 159 39 8 0 0 0 
1668787544.4258306 20.432421875 29.199365219642946 989.2215914081853 0 0 0 0 0 0 159 39 8 0 0 0 
1668787549.559257 20.432421875 29.026976649960417 989.2103955827595 0 0 0 0 0 0 165 41 6 0 0 0 
1668787554.6918542 20.42734375 29.104255353876177 989.2050542118582 0 0 0 0 0 0 165 41 6 0 0 0 
1668787559.823669 20.432421875 29.009282924616784 989.2586170245199 0 0 0 0 0 0 198 60 4 0 0 0 
1668787564.9543972 20.412109375 28.974036843355115 989.254444421298 0 0 0 0 0 0 198 60 4 0 0 0 
1668787570.0866888 20.432421875 29.19369681062347 989.2106879413078 0 0 0 0 0 0 198 60 4 0 0 0 
1668787575.216747 20.4171875 28.95592227833403 989.2123708819719 0 0 0 0 0 0 210 64 8 0 0 0 
1668787580.3490264 20.412109375 29.12858779759613 989.1829550712154 0 0 0 0 0 0 210 64 8 0 0 0 
1668787585.4800954 20.40703125 29.27151806236072 989.2317591648842 0 1 1 0 1 1 210 64 8 0 0 0 
1668787590.6148584 20.401953125 29.223967732090394 989.1888797714976 0 1 1 0 1 1 189 57 6 0 0 0 
1668787595.7470074 20.401953125 28.986346489655727 989.2118562812101 0 1 1 0 1 1 189 57 6 0 0 0 
1668787600.8780425 20.391796875 29.18885628415496 989.1953193677067 0 1 1 0 1 1 189 57 6 0 0 0 
1668787606.006165 20.396875 29.02243088972726 989.2275855310093 0 0 0 0 0 0 219 64 6 0 0 0 
1668787611.1368847 20.391796875 29.248017497432954 989.2289768245356 0 0 0 0 0 0 219 64 6 0 0 0 
1668787616.269909 20.381640625 29.182636677794417 989.2424398150973 0 0 0 0 0 0 219 64 6 0 0 0 
1668787621.4016247 20.38671875 29.135086209567334 989.2208540919158 0 1 1 0 1 1 219 64 4 0 0 0 
1668787626.533798 20.391796875 29.146973888299147 989.22729395103 0 1 1 0 1 1 219 64 4 0 0 0 
1668787631.6639254 20.396875 29.22424279783647 989.2253193746387 0 1 1 0 1 1 219 64 4 0 0 0 
1668787636.7937233 20.396875 29.164805329303064 989.2410484125518 1 1 1 1 1 1 246 73 4 0 0 0 
1668787641.9272327 20.38671875 29.16508172118585 989.2275855310093 0 1 1 0 1 1 231 67 6 2 0 0 
1668787647.0606937 20.38671875 29.14103005407283 989.2107569353731 0 1 1 0 1 1 210 58 6 2 0 0 
1668787652.1944838 20.38671875 29.30745352688197 989.2191712323173 0 1 1 0 1 1 210 58 6 2 0 0 
1668787657.328715 20.391796875 29.272065959430368 989.2228284628201 0 1 1 0 1 1 210 58 6 2 0 0 
1668787662.4628983 20.381640625 29.016626868231754 989.2127313872023 0 1 1 0 1 1 216 58 6 2 0 0 
1668787667.5958161 20.38671875 29.224380314458887 989.2346083875547 0 1 1 0 1 1 216 58 6 2 0 0 
1668787672.7300925 20.381640625 29.414435789538306 989.236291234225 0 1 1 0 1 1 216 58 6 2 0 0 
1668787677.8640163 20.381640625 29.087813255739654 989.224511309001 0 0 0 0 0 0 225 60 4 0 0 0 
1668787682.9982305 20.401953125 29.182636677794417 989.2505626868775 0 0 0 0 0 0 225 60 4 0 0 0 
1668787688.1313725 20.381640625 29.0875350834731 989.2460969942836 0 0 0 0 0 0 225 60 4 0 0 0 
1668787693.2657597 20.381640625 29.08186945567749 989.2309512509755 0 0 0 0 0 0 237 64 4 0 0 0 
1668787698.3986776 20.381640625 29.07592564533663 989.2474884377115 0 0 0 0 0 0 237 64 4 0 0 0 
1668787703.5328577 20.391796875 29.153332694669423 989.2248026972652 0 0 0 0 0 0 237 64 4 0 0 0 
1668787708.6667197 20.381640625 29.28395289143905 989.264608466017 0 1 1 0 1 1 201 57 6 0 0 0 
1668787713.801076 20.38671875 29.343386934760325 989.2416310273452 0 1 1 0 1 1 201 57 6 0 0 0 
1668787718.9351997 20.38671875 29.277872541027364 989.199560215253 0 1 1 0 1 1 201 57 6 0 0 0 
1668787724.0696044 20.381640625 29.20668709845542 989.2261941552517 0 0 0 0 0 0 231 62 8 0 0 0 
1668787729.2047467 20.381640625 29.152779363103846 989.2618250326689 0 0 0 0 0 0 231 62 8 0 0 0 
1668787734.3398921 20.3765625 29.069981824717065 989.2668735355727 0 0 0 0 0 0 225 60 6 0 0 0 
1668787739.473526 20.381640625 29.3732393541891 989.2264855299586 0 0 0 0 0 0 225 60 6 0 0 0 
1668787744.6065528 20.3765625 29.2007435039673 989.2177799246966 0 0 0 0 0 0 225 60 6 0 0 0 
1668787749.7398655 20.3765625 29.09389604692726 989.2528284375715 0 0 0 0 0 0 225 58 6 0 0 0 
1668787754.8736706 20.371484375 29.37891114178915 989.2433138607377 0 0 0 0 0 0 225 58 6 0 0 0 
1668787760.0078106 20.371484375 29.070121100033344 989.2399481940225 0 0 0 0 0 0 225 58 6 0 0 0 
1668787765.1403549 20.3765625 29.05837296635492 989.2183627002738 0 1 1 0 1 1 231 60 8 0 0 0 
1668787770.2736475 20.3765625 29.319477030515642 989.2287507567909 0 1 1 0 1 1 231 60 8 0 0 0 
1668787775.4070256 20.381640625 29.260041891348315 989.2466795277323 0 1 1 0 1 1 231 60 8 0 0 0 
1668787780.5403566 20.3765625 29.38499015350244 989.2130228703688 0 1 1 0 1 1 198 53 10 0 0 0 
1668787785.6742008 20.371484375 29.1831885965314 989.2144142329639 0 1 1 0 1 1 198 53 10 0 0 0 
1668787790.8081272 20.381640625 29.3312276508447 989.2278770015724 0 1 1 0 1 1 198 53 10 0 0 0 
1668787795.940942 20.381640625 29.260453143723215 989.2180713671908 0 1 1 0 1 1 207 60 10 2 0 0 
1668787801.070075 20.381640625 29.2007435039673 989.1827319026498 0 1 1 0 1 1 207 60 10 2 0 0 
1668787806.2031636 20.38671875 29.18885628415496 989.2180713671908 1 2 2 1 2 2 285 85 16 2 0 0 
1668787811.3358054 20.381640625 29.37310357096963 989.2531197047726 1 2 2 1 2 2 285 85 16 2 0 0 
1668787816.4692023 20.381640625 29.325556829690314 989.2332168614313 1 2 2 1 2 2 285 85 16 2 0 0 
1668787821.6000285 20.391796875 29.254372636923115 989.2261941552517 0 2 2 0 2 2 264 78 14 2 0 0 
1668787826.733966 20.381640625 29.337307371826544 989.2177799246966 0 2 2 0 2 2 264 78 14 2 0 0 
1668787831.8674576 20.38671875 29.34311465115102 989.2326341110634 0 2 2 0 2 2 264 78 14 2 0 0 
1668787837.0004606 20.381640625 29.158999795747548 989.2049001519393 1 2 2 1 2 2 279 83 14 2 0 0 
1668787842.1338668 20.381640625 29.31974984020348 989.256194159635 1 2 2 1 2 2 279 83 14 2 0 0 
1668787847.267563 20.38671875 29.26017898630688 989.2332168614313 1 2 2 1 2 2 279 83 14 2 0 0 
1668787852.400741 20.371484375 29.28395289143905 989.2228284628201 1 2 2 1 2 2 321 93 14 2 0 0 
1668787857.5346625 20.381640625 29.284226501091638 989.2065829702365 1 2 2 1 2 2 321 93 14 2 0 0 
1668787862.6684299 20.371484375 29.24856640336962 989.2119227034511 1 2 2 1 2 2 321 93 14 2 0 0 
1668787867.8002667 20.36640625 29.236679621903104 989.195094657102 1 2 2 1 2 2 279 84 14 2 0 0 
1668787872.934063 20.36640625 29.438479266104313 989.2113400382347 1 2 2 1 2 2 279 84 14 2 0 0 
1668787878.0679445 20.38671875 29.343386934760325 989.2026343141016 1 2 2 1 2 2 279 84 14 2 0 0 
1668787883.2002876 20.381640625 29.32582948077452 989.1695609838479 1 2 2 1 2 2 294 84 12 2 0 0 
1668787888.3340077 20.371484375 29.37891114178915 989.2208540919158 0 0 0 0 0 0 177 54 6 0 0 0 
1668787893.467516 20.381640625 29.34946633964682 989.2163885348469 0 0 0 0 0 0 204 63 6 0 0 0 
1668787898.6009548 20.38671875 29.307726632111983 989.2124397946222 0 0 0 0 0 0 204 63 6 0 0 0 
1668787903.734218 20.38671875 29.361352867474892 989.1967774614225 0 0 0 0 0 0 204 63 6 0 0 0 
1668787908.8672445 20.3765625 29.34946633964682 989.1900462445607 0 0 0 0 0 0 225 70 8 0 0 0 
1668787914.0000517 20.381640625 29.325556829690314 989.197877383678 0 0 0 0 0 0 225 70 8 0 0 0 
1668787919.133498 20.38671875 29.153056050554707 989.2346083875547 0 0 0 0 0 0 225 70 8 0 0 0 
1668787924.2661989 20.38671875 29.379182582128507 989.225902671131 0 0 0 0 0 0 225 70 8 0 0 0 
1668787929.3996894 20.391796875 29.343386934760325 989.2141226539411 0 0 0 0 0 0 225 70 8 0 0 0 
1668787934.5334644 20.38671875 29.265985451520272 989.2029258786126 0 0 0 0 0 0 225 70 8 0 0 0 
1668787939.6667888 20.381640625 29.236267547871115 989.194511720738 0 0 0 0 0 0 234 73 6 0 0 0 
1668787944.8006215 20.391796875 29.272339842963884 989.2278770015724 0 0 0 0 0 0 234 73 6 0 0 0 
1668787949.93496 20.381640625 29.17669290524314 989.2225369515845 0 0 0 0 0 0 234 73 6 0 0 0 
1668787955.0688124 20.38671875 29.212905935631316 989.2514368574034 0 0 0 0 0 0 234 71 6 0 0 0 
1668787960.2028415 20.38671875 29.372967776917022 989.2242198113229 0 0 0 0 0 0 234 71 6 0 0 0 
1668787965.3364348 20.3765625 29.16508172118585 989.2463883157147 0 0 0 0 0 0 234 71 6 0 0 0 
1668787970.469956 20.381640625 29.12361449927917 989.2326341110634 0 0 0 0 0 0 171 50 4 0 0 0 
1668787975.603621 20.3765625 29.40295539110146 989.228168362722 0 0 0 0 0 0 171 50 4 0 0 0 
1668787980.7372081 20.381640625 29.349602385900816 989.2217283380564 0 0 0 0 0 0 177 53 4 0 0 0 
1668787985.8708398 20.3765625 29.39093342935079 989.2318252530822 0 0 0 0 0 0 177 53 4 0 0 0 
1668787991.004144 20.371484375 29.26031607043185 989.2082657886035 0 0 0 0 0 0 177 53 4 0 0 0 
1668787996.1378868 20.3765625 29.28395289143905 989.2335080724978 0 0 0 0 0 0 177 55 4 0 0 0 
1668788001.2679915 20.36640625 29.33785212625009 989.2399481940225 0 0 0 0 0 0 177 55 4 0 0 0 
1668788006.4021132 20.371484375 29.230736215752504 989.2820190480593 0 0 0 0 0 0 177 55 4 0 0 0 
1668788011.5367289 20.381640625 29.34379527892483 989.2469706303395 0 1 1 0 1 1 219 69 11 0 0 0 
1668788016.670651 20.38671875 29.153609295448007 989.2166798814873 0 0 0 0 0 0 219 69 11 0 0 0 
1668788021.8048518 20.38671875 29.236404916715472 989.2365825275872 0 0 0 0 0 0 219 69 11 0 0 0 
1668788026.9387295 20.3765625 29.40309082115852 989.2385565311642 0 0 0 0 0 0 234 74 11 0 0 0 
1668788032.0743403 20.3765625 29.426592868588145 989.2351908919834 0 1 1 0 1 1 234 74 11 0 0 0 
1668788037.20859 20.3765625 29.248017497432954 989.269657050685 0 1 1 0 1 1 234 74 11 0 0 0 
1668788042.3441513 20.3765625 29.337443576682357 989.249754010104 0 1 1 0 1 1 228 74 9 0 0 0 
1668788047.4795356 20.381640625 29.45023071849752 989.2402393508594 0 1 1 0 1 1 228 74 9 0 0 0 
1668788052.614077 20.3765625 29.37931828604851 989.2635078669002 0 1 1 0 1 1 207 64 12 0 0 0 
1668788057.7484233 20.381640625 29.473868940818544 989.2719220391057 0 1 1 0 1 1 207 64 12 0 0 0 
1668788062.8823252 20.381640625 29.438479266104313 989.2719220391057 0 1 1 0 1 1 207 64 12 0 0 0 
1668788068.0158172 20.3765625 29.295839782332923 989.2573584635111 0 1 1 0 1 1 186 60 12 0 0 0 
1668788073.1475573 20.371484375 29.397147702798364 989.2752877084772 0 1 1 0 1 1 186 60 12 0 0 0 
1668788078.2783737 20.3765625 29.331772722473435 989.2441869216807 0 1 1 0 1 1 186 60 12 0 0 0 
1668788083.4110548 20.36640625 29.41538284142735 989.2744772025998 0 0 0 0 0 0 234 74 12 0 0 0 
1668788088.5461671 20.361328125 29.39161121012577 989.2977458485684 0 0 0 0 0 0 234 74 12 0 0 0 
1668788093.6757417 20.34609375 29.32015897348508 989.2747677600721 0 0 0 0 0 0 234 74 12 0 0 0 
1668788098.808306 20.351171875 29.463329684466494 989.2803968071573 0 0 0 0 0 0 249 79 12 0 0 0 
1668788103.9380066 20.351171875 29.320568009266502 989.2803968071573 1 1 1 1 1 1 249 79 12 0 0 0 
1668788109.0675998 20.351171875 29.457387079666265 989.2675152657231 1 1 1 1 1 1 249 79 12 0 0 0 
1668788114.1989515 20.341015625 29.421460904889493 989.2792943485779 1 1 1 1 1 1 264 84 10 0 0 0 
1668788119.328806 20.341015625 29.46927227898991 989.2823697357936 1 1 1 1 1 1 264 84 10 0 0 0 
1668788124.4583936 20.3357421875 29.487234396637028 989.2641498141079 1 1 1 1 1 1 264 84 10 0 0 0 
1668788129.5922327 20.3357421875 29.33259000491737 989.23948944403 1 1 1 1 1 1 270 86 10 0 0 0 
1668788134.722936 20.341015625 29.43955920360469 989.2212700140474 0 1 1 0 1 1 237 68 13 2 0 0 
1668788139.8502746 20.3306640625 29.392153239750638 989.2705905570597 0 1 1 0 1 1 246 73 13 2 0 0 
1668788144.9778643 20.3357421875 29.374460915673225 989.296701201972 0 1 1 0 1 1 246 73 13 2 0 0 
1668788150.1091368 20.3306640625 29.46981061849023 989.2579991215812 0 1 1 0 1 1 246 73 13 2 0 0 
1668788155.2413476 20.3306640625 29.434021560908864 989.2779016191854 0 0 0 0 0 0 216 66 13 2 0 0 
1668788160.3709292 20.3205078125 29.386075020472006 989.2616544321473 0 0 0 0 0 0 216 66 13 2 0 0 
1668788165.5021076 20.3306640625 29.469541470405556 989.2636269079075 0 0 0 0 0 0 216 66 13 2 0 0 
1668788170.6362798 20.3357421875 29.63605877356289 989.2633371171084 0 0 0 0 0 0 204 62 9 0 0 0 
1668788175.7671807 20.3255859375 29.499387841400843 989.2633371171084 0 1 1 0 1 1 204 62 9 0 0 0 
1668788180.8954594 20.3205078125 29.416194177703726 989.2650198021396 0 1 1 0 1 1 204 62 9 0 0 0 
1668788186.0260894 20.3205078125 29.600539073503015 989.2653095793814 0 1 1 0 1 1 225 69 11 0 0 0 
1668788191.1559618 20.3205078125 29.46386829781714 989.2855016425201 0 1 1 0 1 1 225 69 11 0 0 0 
1668788196.2886019 20.3154296875 29.52355891458366 989.2754056096927 0 1 1 0 1 1 225 69 11 0 0 0 
1668788201.4180284 20.3103515625 29.547193519938123 989.2743020285744 1 1 1 1 1 1 240 74 11 0 0 0 
1668788206.54763 20.3205078125 29.56501981416628 989.26728190523 1 1 1 1 1 1 240 74 11 0 0 0 
1668788211.678991 20.3154296875 29.6125561466468 989.2773778546178 1 1 1 1 1 1 240 74 11 0 0 0 
1668788216.8080251 20.3052734375 29.54759445834935 989.2639165893265 0 0 1 0 0 1 270 66 4 2 2 0 
1668788221.9390848 20.3205078125 29.69561118964775 989.3073763889447 0 0 1 0 0 1 270 66 4 2 2 0 
1668788227.0725036 20.3103515625 29.535576849352562 989.2372838611187 0 0 1 0 0 1 216 50 4 2 2 0 
1668788232.20326 20.3103515625 29.589054407299557 989.2274777640603 0 0 1 0 0 1 216 50 4 2 2 0 
1668788237.3361511 20.3103515625 29.66616602243182 989.2712261476644 0 0 1 0 0 1 216 50 4 2 2 0 
1668788242.4683568 20.3052734375 29.630647488071464 989.2995417075982 0 0 1 0 0 1 201 45 4 2 2 0 
1668788247.60027 20.3052734375 29.49979048785333 989.2832937708737 0 0 1 0 0 1 201 45 4 2 2 0 
1668788252.7311308 20.3001953125 29.684392755799987 989.2597371260117 0 0 1 0 0 1 201 45 4 2 2 0 
1668788257.8627615 20.3001953125 29.60107121521961 989.2563718921498 0 0 2 0 0 2 207 45 6 4 4 0 
1668788262.9974563 20.3001953125 29.62497623504908 989.2816111529293 0 0 2 0 0 2 207 45 6 4 4 0 
1668788268.1300747 20.3001953125 29.75529245928291 989.2832937708737 0 0 2 0 0 2 207 45 6 4 4 0 
1668788273.2602892 20.2951171875 29.65468462385805 989.2813219352058 0 0 3 0 0 3 201 48 8 6 4 0 
1668788278.3926785 20.2849609375 29.58351726165204 989.2936784934623 0 0 3 0 0 3 201 48 8 6 4 0 
1668788283.5251179 20.2951171875 29.63078016496955 989.3068504294337 0 0 3 0 0 3 201 48 8 6 4 0 
1668788288.656803 20.2900390625 29.488040543577522 989.2886306792518 0 1 3 0 1 3 216 53 6 6 4 0 
1668788293.7883854 20.2849609375 29.65508173434872 989.2751698444324 0 1 3 0 1 3 216 53 6 6 4 0 
1668788298.920063 20.2849609375 29.595400654930085 989.2835828656705 0 2 2 0 2 2 255 79 12 4 0 0 
1668788304.0499272 20.2900390625 29.761632696711313 989.2552678164893 0 2 2 0 2 2 255 79 12 4 0 0 
1668788309.1811638 20.2900390625 29.74367183133612 989.2855544420006 0 2 2 0 2 2 255 79 12 4 0 0 
1668788314.3120842 20.2900390625 29.731925232623663 989.3088219398674 0 2 2 0 2 2 270 84 12 4 0 0 
1668788319.4431531 20.2900390625 29.743939603280342 989.2844494938691 0 2 2 0 2 2 270 84 12 4 0 0 
1668788324.573841 20.2900390625 29.60134233615744 989.3074281300634 0 2 2 0 2 2 270 84 12 4 0 0 
1668788329.7063096 20.3001953125 29.625108958322407 989.2768524485404 0 2 2 0 2 2 270 79 10 4 0 0 
1668788334.835893 20.2951171875 29.619300099090292 989.2653633558106 0 2 2 0 2 2 270 79 10 4 0 0 
1668788339.9708433 20.2849609375 29.69640783847055 989.2889196240108 0 2 2 0 2 2 270 79 10 4 0 0 
1668788345.1002748 20.2900390625 29.749881027646563 989.3141584979971 0 2 2 0 2 2 261 74 8 4 0 0 
1668788350.235174 20.2849609375 29.660758583336495 989.3057455382545 0 2 2 0 2 2 261 74 8 4 0 0 
1668788355.369174 20.2900390625 29.81523601756159 989.3374262429668 0 2 2 0 2 2 261 74 8 4 0 0 
1668788360.5012605 20.2951171875 29.69640783847055 989.2987263083015 0 1 1 0 1 1 255 70 8 4 0 0 
1668788365.6309602 20.2951171875 29.850883669882162 989.3141584979971 0 1 1 0 1 1 255 70 8 4 0 0 
1668788370.7619472 20.3154296875 29.701684997500855 989.2877631887635 0 1 1 0 1 1 255 70 8 4 0 0 
1668788375.895837 20.3001953125 29.559211246417213 989.3079549374341 0 1 1 0 1 1 228 65 6 4 0 0 
1668788381.0273287 20.3103515625 29.54759445834935 989.3180508155435 0 0 0 0 0 0 201 61 4 0 0 0 
1668788386.1603868 20.3052734375 29.69019729384996 989.309637583611 1 1 1 1 1 1 228 70 4 0 0 0 
1668788391.2926962 20.2951171875 29.61863097744126 989.3267530102771 1 1 1 1 1 1 228 70 4 0 0 0 
1668788396.4273918 20.2951171875 29.565420136447106 989.3253592421979 1 1 1 1 1 1 228 70 4 0 0 0 
1668788401.5616446 20.3052734375 29.77932106062187 989.3135809058241 0 1 1 0 1 1 207 63 6 0 0 0 
1668788406.6925268 20.3103515625 29.731525635514718 989.3382425793106 0 1 1 0 1 1 207 63 6 0 0 0 
1668788411.822972 20.3052734375 29.606747113439635 989.3331946374254 0 1 1 0 1 1 207 63 6 0 0 0 
1668788416.9575205 20.3052734375 29.53571062157621 989.3337723417043 0 0 0 0 0 0 207 60 4 0 0 0 
1668788422.088122 20.2900390625 29.60728400711035 989.312475905909 0 0 0 0 0 0 207 60 4 0 0 0 
1668788427.2173727 20.2951171875 29.690466321634318 989.3135809058241 0 0 0 0 0 0 207 60 4 0 0 0 
1668788432.348508 20.2900390625 29.73786674599055 989.3320897216634 1 1 1 1 1 1 207 60 11 0 0 0 
1668788437.4802904 20.3001953125 29.577575549601345 989.317234968094 1 1 1 1 1 1 207 60 11 0 0 0 
1668788442.6119285 20.2951171875 29.68425562719909 989.3169461444386 1 1 1 1 1 1 207 60 11 0 0 0 
1668788447.7455292 20.2951171875 29.595400654930085 989.3054567290658 0 1 1 0 1 1 201 58 11 0 0 0 
1668788452.8764992 20.2900390625 29.56555868683003 989.2984373355182 0 1 1 0 1 1 201 58 11 0 0 0 
1668788458.0070016 20.3001953125 29.60134233615744 989.303485191658 0 1 1 0 1 1 201 58 11 0 0 0 
1668788463.1366167 20.2900390625 29.70802223215302 989.3169461444386 1 2 2 1 2 2 264 68 12 2 0 0 
1668788468.2702758 20.3001953125 29.767438025292993 989.2849763888879 1 2 2 1 2 2 264 68 12 2 0 0 
1668788473.402142 20.3001953125 29.737730257159587 989.3203113833326 1 2 2 1 2 2 279 70 14 2 0 0 
1668788478.5370905 20.3052734375 29.56555868683003 989.3048787825865 1 2 2 1 2 2 279 70 14 2 0 0 
1668788483.6699753 20.2849609375 29.648875416096246 989.3169461444386 1 2 2 1 2 2 279 70 14 2 0 0 
1668788488.7948704 20.2951171875 29.809294706214267 989.3004089133879 1 2 2 1 2 2 279 75 12 2 0 0 
1668788493.9264345 20.3001953125 29.50046650803967 989.3374262429668 1 2 2 1 2 2 279 75 12 2 0 0 
1668788499.057431 20.2849609375 29.720173803071006 989.3161297086373 1 2 2 1 2 2 279 75 12 2 0 0 
1668788504.1905594 20.2798828125 29.797673496490624 989.342762574191 0 1 1 0 1 1 264 71 16 2 0 0 
1668788509.3202486 20.2798828125 29.72650988220359 989.3208888670492 0 1 1 0 1 1 264 71 16 2 0 0 
1668788514.4553697 20.2849609375 29.75014356664429 989.351175541621 0 1 1 0 1 1 264 71 16 2 0 0 
1668788519.5863302 20.2798828125 29.77958799536098 989.3343496085079 1 2 2 1 2 2 264 71 14 2 0 0 
1668788524.7156205 20.2748046875 29.732582579811446 989.3178122873085 1 2 2 1 2 2 264 71 14 2 0 0 
1668788529.8499508 20.2748046875 29.756216028634448 989.3200717207038 1 2 2 1 2 2 264 71 14 2 0 0 
1668788534.9840417 20.2697265625 29.756216028634448 989.3618475003668 1 2 2 1 2 2 291 78 16 2 0 0 
1668788540.1124594 20.2595703125 29.732582579811446 989.3200717207038 1 2 2 1 2 2 291 78 16 2 0 0 
1668788545.2424004 20.2697265625 29.857215005310447 989.3601649334358 0 1 1 0 1 1 228 68 8 2 0 0 
1668788550.3726728 20.2697265625 29.69099409439584 989.2900743094272 0 1 1 0 1 1 228 68 8 2 0 0 
1668788555.5045407 20.2646484375 29.85140405001061 989.2984869945359 0 1 1 0 1 1 228 68 8 2 0 0 
1668788560.6342256 20.2595703125 29.762288332617548 989.311947294344 0 1 1 0 1 1 219 68 8 2 0 0 
1668788565.7664077 20.2697265625 29.774563402688557 989.3385797932127 0 1 1 0 1 1 219 68 8 2 0 0 
1668788570.8957675 20.2697265625 29.732451132037237 989.336897240817 0 1 1 0 1 1 219 68 8 2 0 0 
1668788576.0249262 20.2646484375 29.970221410809142 989.328196175024 0 1 1 0 1 1 207 64 4 2 0 0 
1668788581.156478 20.2646484375 29.76862249857201 989.3105529919027 0 1 1 0 1 1 207 64 4 2 0 0 
1668788586.2878914 20.2595703125 29.720700206774495 989.336897240817 0 1 1 0 1 1 207 64 4 2 0 0 
1668788591.418613 20.2646484375 29.7860527499394 989.3298787406274 0 0 0 0 0 0 228 68 4 0 0 0 
1668788596.5493693 20.2646484375 29.90461343453508 989.3419448982137 0 0 0 0 0 0 228 68 4 0 0 0 
1668788601.6783376 20.2798828125 29.89273138358038 989.3211774448603 0 0 0 0 0 0 228 68 4 0 0 0 
1668788606.8102868 20.2849609375 29.761763845555667 989.3410799809145 0 0 0 0 0 0 198 59 2 0 0 0 
1668788611.9428477 20.2900390625 29.886530952322698 989.3228600237408 0 0 0 0 0 0 198 59 2 0 0 0 
1668788617.0750554 20.2697265625 29.791470710525633 989.3528581353168 0 0 0 0 0 0 198 59 2 0 0 0 
1668788622.2100537 20.2798828125 29.72664139842972 989.3786731735211 0 0 0 0 0 0 183 54 2 0 0 0 
1668788627.3447585 20.2798828125 29.720437026586197 989.3298787406274 1 1 1 1 1 1 375 93 8 0 0 0 
1668788632.4759405 20.2798828125 29.845202768802654 989.3214659133098 1 2 2 1 2 2 390 96 8 0 0 0 
1668788637.6002612 20.2798828125 29.839261645722555 989.3116589632679 1 2 2 1 2 2 390 96 8 0 0 0 
1668788642.7339842 20.2900390625 29.690730229678763 989.336609003739 1 2 2 1 2 2 390 96 8 0 0 0 
1668788647.8661509 20.2798828125 29.845202768802654 989.3447335555496 0 1 1 0 1 1 264 68 8 0 0 0 
1668788652.9945533 20.2849609375 29.904483950102005 989.3060342380787 0 1 1 0 1 1 264 68 8 0 0 0 
1668788658.1217985 20.2748046875 29.797673496490624 989.3346380778626 0 1 1 0 1 1 264 68 8 0 0 0 
1668788663.2500408 20.2798828125 29.880719533314796 989.3326670155809 1 1 1 1 1 1 276 72 10 0 0 0 
1668788668.3847127 20.2798828125 29.904483950102005 989.319783348056 1 1 1 1 1 1 276 72 10 0 0 0 
1668788673.5157702 20.2748046875 29.86883726327593 989.3419448982137 1 1 1 1 1 1 276 72 10 0 0 0 
1668788678.6475408 20.2798828125 29.774170561825475 989.3301670319332 1 1 2 1 1 2 276 74 14 2 0 0 
1668788683.7834778 20.2748046875 29.72677290382416 989.3472806026194 1 1 2 1 1 2 276 74 14 2 0 0 
1668788688.9180257 20.2697265625 29.857215005310447 989.3641059983441 1 1 2 1 1 2 276 74 14 2 0 0 
1668788694.0547283 20.2697265625 29.79819625410238 989.3374733869073 1 1 2 1 1 2 288 81 12 2 0 0 
1668788699.185978 20.2494140625 29.833971878850363 989.3489631418774 1 1 2 1 1 2 288 81 12 2 0 0 
1668788704.320308 20.2595703125 29.8755572009324 989.3540107600708 1 1 2 1 1 2 288 81 12 2 0 0 
1668788709.455055 20.2595703125 29.988172154227247 989.3377612959243 0 0 0 0 0 0 183 47 0 0 0 0 
1668788714.5888615 20.2544921875 29.810208611659164 989.3643937998015 0 0 0 0 0 0 183 47 0 0 0 0 
1668788719.719931 20.2595703125 29.952914621231674 989.3444913432431 0 0 0 0 0 0 210 54 0 0 0 0 
1668788724.8502636 20.2494140625 29.887568253854987 989.3296118747874 0 0 0 0 0 0 210 54 0 0 0 0 
1668788729.9811 20.2544921875 29.91727130220549 989.3529039039639 0 0 0 0 0 0 210 54 0 0 0 0 
1668788735.1116252 20.2595703125 29.988557570445785 989.3276416210647 0 0 0 0 0 0 261 71 9 0 0 0 
1668788740.2416725 20.2494140625 29.941033555979846 989.3394438076493 0 0 0 0 0 0 261 71 9 0 0 0 
1668788745.372342 20.2544921875 29.869746301573993 989.3380242941206 0 0 0 0 0 0 261 71 9 0 0 0 
1668788750.50455 20.2494140625 29.958855138448754 989.3209116329081 0 0 0 0 0 0 288 78 9 0 0 0 
1668788755.6339407 20.2443359375 30.000566784865654 989.3511965884176 0 0 0 0 0 0 288 78 9 0 0 0 
1668788760.7677653 20.2646484375 29.929281584476534 989.3141816458697 0 0 0 0 0 0 288 78 9 0 0 0 
1668788765.9014497 20.2494140625 29.893638429576594 989.316152007488 0 0 0 0 0 0 282 76 9 0 0 0 
1668788771.0302873 20.2544921875 29.976676628464645 989.3209116329081 0 0 0 0 0 0 282 76 9 0 0 0 
1668788776.1622326 20.2494140625 29.834102119652947 989.3259591239207 0 0 0 0 0 0 282 76 9 0 0 0 
1668788781.2920883 20.2443359375 29.816279890012893 989.3461738552476 0 0 0 0 0 0 282 76 9 0 0 0 
1668788786.4250286 20.2392578125 29.857864948690544 989.3111045584037 None None None None None None None None None None None None 
1668788791.5591877 20.2595703125 29.83991266996618 989.3427840985049 0 1 1 0 1 1 318 68 10 0 0 0 
1668788796.6944008 20.2544921875 29.869746301573993 989.3355028297701 0 1 1 0 1 1 318 68 10 0 0 0 
1668788801.8279443 20.2494140625 29.875686962606885 989.2959622149243 0 1 1 0 1 1 333 73 10 0 0 0 
1668788806.962 20.2341796875 30.089798481316137 989.3024041712424 0 1 1 0 1 1 333 73 10 0 0 0 
1668788812.0960553 20.2544921875 29.869746301573993 989.3010096621219 0 1 1 0 1 1 333 73 10 0 0 0 
1668788817.2299886 20.2443359375 29.804659485817318 989.3057935864291 1 1 1 1 1 1 339 77 10 0 0 0 
1668788822.3638325 20.2494140625 29.96492436957289 989.3094220755153 1 1 1 1 1 1 339 77 10 0 0 0 
1668788827.4973388 20.2544921875 29.82842197271912 989.3007216751466 1 1 1 1 1 1 339 77 10 0 0 0 
1668788832.630214 20.2595703125 30.0775358909079 989.2740899510021 1 1 1 1 1 1 309 72 8 0 0 0 
1668788837.7634373 20.2798828125 29.910813244084956 989.2861320576553 1 1 1 1 1 1 309 72 8 0 0 0 
1668788842.8970058 20.2748046875 29.863415902073967 989.3234368241674 1 1 1 1 1 1 309 72 8 0 0 0 
1668788848.029414 20.2697265625 30.047450491662094 989.308005393236 1 1 1 1 1 1 339 82 12 0 0 0 
1668788853.1626012 20.2697265625 29.952270153444683 989.3133415146152 1 1 1 1 1 1 339 82 12 0 0 0 
1668788858.2970893 20.2697265625 30.041637732544935 989.3181007828722 1 1 1 1 1 1 339 82 12 0 0 0 
1668788863.429848 20.2697265625 29.88110877546655 989.2934393832609 1 1 1 1 1 1 318 77 12 0 0 0 
1668788868.56375 20.2697265625 29.982102920871956 989.3116589632679 0 1 1 0 1 1 246 71 10 2 0 0 
1668788873.6977282 20.2646484375 30.089034662207037 989.3032462075789 0 1 1 0 1 1 210 59 6 2 0 0 
1668788878.831155 20.2544921875 29.857475015155984 989.2856034671141 0 1 1 0 1 1 210 59 6 2 0 0 
1668788883.9652283 20.2595703125 29.774301519611335 989.2805559388576 0 1 1 0 1 1 210 59 6 2 0 0 
1668788889.0992928 20.2494140625 29.881368216079025 989.3071879437848 0 1 1 0 1 1 231 64 8 2 0 0 
1668788894.2334368 20.2595703125 30.041509854775956 989.3052171438809 0 1 1 0 1 1 231 64 8 2 0 0 
1668788899.3672686 20.2595703125 29.964280640367477 989.3220425221351 0 1 1 0 1 1 231 64 8 2 0 0 
1668788904.5004177 20.2646484375 30.023815965565092 989.2670717679056 0 1 1 0 1 1 258 66 4 0 0 0 
1668788909.6342103 20.2544921875 30.05945940706538 989.3125236284369 0 1 1 0 1 1 258 66 4 0 0 0 
1668788914.767313 20.2544921875 30.124804755932235 989.2755084112301 0 1 1 0 1 1 258 66 4 0 0 0 
1668788919.9010963 20.2595703125 30.10129730899622 989.2872859766726 0 1 1 0 1 1 249 63 4 0 0 0 
1668788925.0338254 20.2544921875 29.994369633226757 989.297092801109 0 1 1 0 1 1 249 63 4 0 0 0 
1668788930.167681 20.2443359375 30.22010193396734 989.3091586072934 0 1 1 0 1 1 249 63 4 0 0 0 
1668788935.301651 20.2494140625 29.923211881057913 989.3057935864291 0 1 1 0 1 1 240 63 4 0 0 0 
1668788940.4347417 20.2544921875 30.089289311897684 989.3256957118915 0 1 1 0 1 1 240 63 4 0 0 0 
1668788945.5690217 20.2544921875 29.982617104591494 989.2872617088959 0 1 1 0 1 1 240 63 4 0 0 0 
1668788950.702803 20.2494140625 29.970350109869234 989.2715664083371 1 1 1 1 1 1 267 74 4 0 0 0 
1668788955.8368993 20.2595703125 30.053902016854163 989.2872617088959 1 1 1 1 1 1 267 74 4 0 0 0 
1668788960.9671044 20.2544921875 30.202155493849297 989.277166737143 1 1 2 1 1 2 261 72 8 2 2 0 
1668788966.1002662 20.2595703125 30.000438471336693 989.2738259021606 1 1 2 1 1 2 261 72 8 2 2 0 
1668788971.232447 20.2494140625 30.053774308454877 989.2656775449459 1 1 2 1 1 2 261 72 8 2 2 0 
1668788976.366441 20.2595703125 30.226167781119997 989.2485882745049 0 1 2 0 1 2 252 69 4 2 2 0 
1668788981.4999967 20.2544921875 29.958726334995788 989.2987753247135 0 1 2 0 1 2 252 69 4 2 2 0 
1668788986.6335297 20.2646484375 30.05945940706538 989.2833441625978 0 1 2 0 1 2 252 69 4 2 2 0 
1668788991.7662346 20.2646484375 30.10698342042955 989.2564235864622 0 1 2 0 1 2 246 69 4 2 2 0 
1668788996.8995516 20.2697265625 30.053518859165163 989.3105529919027 0 1 2 0 1 2 246 69 4 2 2 0 
1668789002.0334535 20.2646484375 30.041509854775956 989.3018520690686 0 1 2 0 1 2 246 69 4 2 2 0 
1668789007.1668036 20.2595703125 29.964538164541853 989.2586592954627 1 1 2 1 1 2 261 74 4 2 2 0 
1668789012.3006349 20.2595703125 30.130745180553262 989.2421228172819 1 1 2 1 1 2 261 74 4 2 2 0 
1668789017.4335654 20.2544921875 30.17877331427567 989.2555826599842 1 1 2 1 1 2 261 74 4 2 2 0 
1668789022.5673134 20.2494140625 29.905390113682962 989.2822142227051 1 1 2 1 1 2 261 74 4 2 2 0 
1668789027.7007434 20.2443359375 30.048217185183557 989.287549804326 1 1 2 1 1 2 261 74 4 2 2 0 
1668789032.8340669 20.2494140625 30.024200149847815 989.2872617088959 1 1 1 1 1 1 303 90 4 2 0 0 
1668789037.9667416 20.2443359375 30.13112566918141 989.2729835765036 1 1 1 1 1 1 303 90 4 2 0 0 
1668789043.1000824 20.2443359375 29.929410708484415 989.2696186682383 1 1 1 1 1 1 303 90 4 2 0 0 
1668789048.234054 20.2392578125 29.970864797802488 989.3060571099483 1 1 1 1 1 1 303 90 4 2 0 0 
1668789053.3673 20.2392578125 29.935351129904188 989.3063449469092 1 1 1 1 1 1 303 90 4 2 0 0 
1668789058.5016432 20.2443359375 30.09573862538959 989.2760605134066 1 1 1 1 1 1 303 90 4 2 0 0 
1668789063.6350434 20.2392578125 30.072105458055795 989.285048552152 1 1 1 1 1 1 282 83 4 2 0 0 
1668789068.767902 20.2240234375 30.190905635437105 989.2945676645235 0 0 0 0 0 0 282 83 4 2 0 0 
1668789073.900383 20.2291015625 30.25636931993889 989.3200923215654 0 0 0 0 0 0 282 83 4 2 0 0 
1668789079.0343363 20.2240234375 30.08992574659517 989.2965379421867 0 0 0 0 0 0 276 78 4 2 0 0 
1668789084.1679196 20.2341796875 30.226670567896893 989.3069202928101 1 1 1 1 1 1 276 78 4 2 0 0 
1668789089.3012905 20.2189453125 30.16727229344184 989.3271096023601 1 1 1 1 1 1 276 78 4 2 0 0 
1668789094.4345412 20.2189453125 30.30995113809784 989.3327314331742 0 1 1 0 1 1 255 74 6 2 0 0 
1668789099.5682902 20.2189453125 30.203037324724168 989.3220622740293 0 1 1 0 1 1 255 74 6 2 0 0 
1668789104.7016718 20.2189453125 30.214916801663293 989.325714519334 0 1 1 0 1 1 255 74 6 2 0 0 
1668789109.8350608 20.2138671875 30.030780292122373 989.3159072768889 0 1 1 0 1 1 249 72 6 2 0 0 
1668789114.9678605 20.2138671875 30.19140993464266 989.3518117794424 1 1 1 1 1 1 288 83 13 0 0 0 
1668789120.102146 20.2189453125 30.215168382143105 989.3728225658681 0 0 0 0 0 0 318 95 11 0 0 0 
1668789125.2355158 20.2189453125 30.120006726360185 989.354315826768 0 0 0 0 0 0 318 95 11 0 0 0 
1668789130.368257 20.2189453125 30.155898413595988 989.356572160848 0 0 0 0 0 0 318 95 11 0 0 0 
1668789135.4996092 20.2138671875 30.203415089795293 989.32686286531 0 0 0 0 0 0 354 104 11 0 0 0 
1668789140.6311886 20.2037109375 30.2746888716138 989.3532073541891 1 1 1 1 1 1 354 104 11 0 0 0 
1668789145.7636495 20.2037109375 30.25080574526658 989.331336117718 1 1 1 1 1 1 354 104 11 0 0 0 
1668789150.8966022 20.2037109375 30.238926665309048 989.3302276155065 1 1 1 1 1 1 333 99 4 0 0 0 
1668789156.0297086 20.2037109375 30.13213982900025 989.3147992244236 1 1 1 1 1 1 333 99 4 0 0 0 
1668789161.1618903 20.2189453125 30.191535982369487 989.3016272477448 1 1 1 1 1 1 333 99 4 0 0 0 
1668789166.2945778 20.2189453125 30.214916801663293 989.3226369385645 1 1 1 1 1 1 333 99 4 0 0 0 
1668789171.4259503 20.2189453125 30.286317774984575 989.3184509910415 1 1 1 1 1 1 333 99 4 0 0 0 
1668789176.5585458 20.2138671875 30.203289178934693 989.2979753469579 1 1 1 1 1 1 333 99 4 0 0 0 
1668789181.6902692 20.2087890625 30.191535982369487 989.3360962652697 1 1 1 1 1 1 354 108 4 0 0 0 
1668789186.8199933 20.2087890625 30.14995878285306 989.3265759428069 1 1 1 1 1 1 354 108 4 0 0 0 
1668789191.9526205 20.1986328125 30.369966237252566 989.3383526646138 None None None None None None None None None None None None 
1668789197.083062 20.1935546875 30.29882085314301 989.3170555109168 1 1 1 1 1 1 267 70 12 0 0 0 
1668789202.2188332 20.1986328125 30.144019141839458 989.3504161225541 1 1 1 1 1 1 267 70 12 0 0 0 
1668789207.351859 20.2037109375 30.215545671639866 989.3187378720042 1 1 1 1 1 1 273 77 8 0 0 0 
1668789212.4844825 20.1986328125 30.180161463938347 989.3509892600073 1 1 1 1 1 1 273 77 8 0 0 0 
1668789217.6150072 20.1986328125 30.31069918025175 989.3459422136419 1 1 1 1 1 1 273 77 8 0 0 0 
1668789222.7454486 20.1935546875 30.322826453317354 989.3655575094424 0 1 1 0 1 1 261 75 10 2 0 0 
1668789227.8758364 20.1884765625 30.387907305137208 989.3708911003696 0 1 1 0 1 1 261 75 10 2 0 0 
1668789233.0062566 20.1884765625 30.19191406057106 989.3543539579337 0 1 1 0 1 1 261 75 10 2 0 0 
1668789238.1392765 20.1935546875 30.27518912205106 989.3442598649933 0 1 1 0 1 1 234 71 10 2 0 0 
1668789243.2730186 20.1884765625 30.215545671639866 989.3237849556858 0 1 1 0 1 1 234 71 10 2 0 0 
1668789248.4027264 20.1935546875 30.20391862493997 989.3375304710971 0 1 1 0 1 1 234 71 10 2 0 0 
1668789253.5373113 20.1986328125 30.405724318247056 989.3308010783188 0 1 1 0 1 1 219 66 12 2 0 0 
1668789258.666684 20.1986328125 30.453358894900926 989.3338791249355 0 1 1 0 1 1 219 66 12 2 0 0 
1668789263.7994003 20.1986328125 30.47686871567811 989.3223893389179 0 1 1 0 1 1 219 66 12 2 0 0 
1668789268.9313262 20.2037109375 30.286567691460835 989.2937894380198 0 1 1 0 1 1 249 76 10 2 0 0 
1668789274.0637648 20.1986328125 30.292507085978343 989.2828338632125 1 1 1 1 1 1 240 76 10 0 0 0 
1668789279.1959324 20.2087890625 30.345961174455773 989.3167686163974 1 1 1 1 1 1 255 78 12 0 0 0 
1668789284.3244765 20.2087890625 30.322079362255646 989.296005683747 1 1 1 1 1 1 255 78 12 0 0 0 
1668789289.4527674 20.1986328125 30.399290778304863 989.2881682581381 1 1 1 1 1 1 255 78 12 0 0 0 
1668789294.5814815 20.2037109375 30.185470297090284 989.2763916459003 1 1 1 1 1 1 285 85 12 0 0 0 
1668789299.7151937 20.2240234375 30.411169303633454 989.3212417048677 1 1 1 1 1 1 285 85 12 0 0 0 
1668789304.8485289 20.2087890625 30.345836905916336 989.3016272477448 1 1 1 1 1 1 285 85 12 0 0 0 
1668789309.9835355 20.2189453125 30.274438681418243 989.291245797928 1 1 1 1 1 1 258 76 10 0 0 0 
1668789315.1160548 20.2037109375 30.298446470225187 989.2680195771002 1 1 1 1 1 1 258 76 10 0 0 0 
1668789320.248634 20.1935546875 30.452866855637723 989.3100391185197 1 1 1 1 1 1 258 76 10 0 0 0 
1668789325.3828042 20.1986328125 30.32826770039221 989.2870600525076 1 1 1 1 1 1 270 78 8 0 0 0 
1668789330.5142128 20.1986328125 30.304884726050627 989.2971541311952 1 1 1 1 1 1 270 78 8 0 0 0 
1668789335.6425552 20.1986328125 30.322701965213646 989.2977276989983 1 1 1 1 1 1 270 78 8 0 0 0 
1668789340.7762923 20.1935546875 30.298945625790168 989.3173422961157 1 1 1 1 1 1 270 78 6 0 0 0 
1668789345.910553 20.1833984375 30.47723687532716 989.3156599486547 1 1 1 1 1 1 270 78 6 0 0 0 
1668789351.0383024 20.1884765625 30.40597138934448 989.3389262105034 1 1 1 1 1 1 270 78 6 0 0 0 
1668789356.1696062 20.1833984375 30.286942484954416 989.307534969618 0 1 1 0 1 1 204 53 6 0 0 0 
1668789361.2989259 20.1833984375 30.423911213510458 989.3310876457468 0 1 1 0 1 1 204 53 6 0 0 0 
1668789366.429984 20.1833984375 30.38233969173257 989.3033477071568 1 1 1 1 1 1 204 55 4 0 0 0 
1668789371.5621545 20.1935546875 30.465236551126328 989.2994100185776 1 1 1 1 1 1 204 55 4 0 0 0 
1668789376.6932516 20.1884765625 30.48899174034041 989.3176289719964 1 1 1 1 1 1 204 55 4 0 0 0 
1668789381.8249736 20.1884765625 30.578315317460813 989.3092173031731 1 1 1 1 1 1 225 62 4 0 0 0 
1668789386.9579628 20.1884765625 30.28719229313628 989.3414680307674 1 1 1 1 1 1 225 62 4 0 0 0 
1668789392.0913746 20.1833984375 30.47711416627282 989.3397857094415 1 1 1 1 1 1 225 62 4 0 0 0 
1668789397.2263165 20.1884765625 30.33470442455512 989.3291187302988 0 0 0 0 0 0 198 53 4 0 0 0 
1668789402.3602726 20.1884765625 30.465236551126328 989.3190246436466 0 0 0 0 0 0 198 53 4 0 0 0 
1668789407.48969 20.1935546875 30.465236551126328 989.3257540344687 0 0 0 0 0 0 198 53 4 0 0 0 
1668789412.6216135 20.1986328125 30.310449876184496 989.2915330051205 0 0 0 0 0 0 177 46 4 0 0 0 
1668789417.7535007 20.2087890625 30.41141632451315 989.2898506315943 0 0 0 0 0 0 177 46 4 0 0 0 
1668789422.884592 20.1986328125 30.542074381039725 989.3066743700002 0 0 0 0 0 0 177 46 4 0 0 0 
1668789428.0158637 20.2087890625 30.47080696643312 989.2749965064376 0 0 0 0 0 0 177 46 6 0 0 0 
1668789433.146927 20.1884765625 30.40584785921025 989.2820130141071 0 0 0 0 0 0 177 46 6 0 0 0 
1668789438.2789192 20.1884765625 30.476991446389807 989.3358481227978 0 0 0 0 0 0 180 55 8 0 0 0 
1668789443.4128685 20.1833984375 30.39396999759031 989.2716707778023 0 0 0 0 0 0 180 55 8 0 0 0 
1668789448.5478408 20.1833984375 30.40597138934448 989.2940763036925 0 0 0 0 0 0 180 55 8 0 0 0 
1668789453.6800573 20.1833984375 30.322950930591773 989.2688413171339 0 1 1 0 1 1 195 60 8 0 0 0 
1668789458.8129525 20.1833984375 30.530562926080574 989.2607166859284 0 1 1 0 1 1 195 60 8 0 0 0 
1668789463.9463613 20.1833984375 30.50099170869768 989.2839823071828 0 1 1 0 1 1 195 60 8 0 0 0 
1668789469.078194 20.1884765625 30.42972671565056 989.3296917829528 0 1 1 0 1 1 216 69 8 0 0 0 
1668789474.2104971 20.1884765625 30.495053015759282 989.2971541311952 0 1 1 0 1 1 216 69 8 0 0 0 
1668789479.3409538 20.1783203125 30.453481877644784 989.3243583083128 0 1 1 0 1 1 216 69 8 0 0 0 
1668789484.4747934 20.1884765625 30.52462421606973 989.3288320399962 0 1 1 0 1 1 201 67 8 0 0 0 
1668789489.6058745 20.1884765625 30.512746765238866 989.3005188246499 0 1 1 0 1 1 201 67 8 0 0 0 
1668789494.7367785 20.1986328125 30.435295925026377 989.2822999746755 0 1 1 0 1 1 201 67 8 0 0 0 
1668789499.8705626 20.1986328125 30.411786774615628 989.3120084280738 0 1 1 0 1 1 216 72 8 0 0 0 
1668789505.0046566 20.1884765625 30.61964234387601 989.2921070915369 0 1 1 0 1 1 216 72 8 0 0 0 
1668789510.13526 20.1986328125 30.476991446389807 989.2921070915369 0 1 1 0 1 1 216 72 8 0 0 0 
1668789515.2681925 20.1986328125 30.62570188815155 989.3078216175224 0 1 1 0 1 1 216 72 8 0 0 0 
1668789520.4011986 20.1935546875 30.405724318247056 989.3159466380921 1 1 1 1 1 1 312 95 6 0 0 0 
1668789525.5331311 20.1935546875 30.655394120504614 989.296045379489 1 1 1 1 1 1 312 93 8 0 0 0 
1668789530.6635692 20.1833984375 30.68520639972456 989.2708105952303 1 1 1 1 1 1 312 93 8 0 0 0 
1668789535.7940633 20.1783203125 30.494930511969613 989.3378169842988 1 1 1 1 1 1 312 93 8 0 0 0 
1668789540.9282107 20.1884765625 30.584010854040454 989.334452314883 1 1 1 1 1 1 297 91 10 0 0 0 
1668789546.0604615 20.1783203125 30.65551476617986 989.3064258497417 1 1 1 1 1 1 297 91 10 0 0 0 
1668789551.1939461 20.1783203125 30.4952979908528 989.311759171235 1 1 1 1 1 1 297 91 10 0 0 0 
1668789556.3271112 20.1783203125 30.542684217319874 989.3131550756494 1 1 1 1 1 1 282 86 12 0 0 0 
1668789561.454418 20.1783203125 30.73283222486982 989.2996966249516 1 1 1 1 1 1 282 86 12 0 0 0 
1668789566.588535 20.1783203125 30.71525759618833 989.3134414642604 1 1 1 1 1 1 282 86 12 0 0 0 
1668789571.7228093 20.1681640625 30.471543663777425 989.2811912625428 1 1 1 1 1 1 288 88 12 0 0 0 
1668789576.8555865 20.1681640625 30.417972455492816 989.3036340677986 1 1 1 1 1 1 288 88 12 0 0 0 
1668789581.9897807 20.1732421875 30.5607432618017 989.2898893682644 1 1 1 1 1 1 288 88 12 0 0 0 
1668789587.124008 20.1681640625 30.661814780241286 989.259608122104 1 2 2 1 2 2 288 88 14 0 0 0 
1668789592.258412 20.1630859375 30.54304998914693 989.2699885000799 1 2 2 1 2 2 288 88 14 0 0 0 
1668789597.3914714 20.1681640625 30.738890036441113 989.3005557882182 1 2 2 1 2 2 288 88 14 0 0 0 
1668789602.5252311 20.1681640625 30.61430935669381 989.2837331378273 1 1 1 1 1 1 198 61 4 0 0 0 
1668789607.6591392 20.1681640625 30.620126546893154 989.3089671160333 1 1 1 1 1 1 198 61 4 0 0 0 
1668789612.7933187 20.1681640625 30.632003080686047 989.3170923027104 1 1 1 1 1 1 219 68 4 0 0 0 
1668789617.9273984 20.1630859375 30.72725344595965 989.3120454640946 1 1 1 1 1 1 219 68 4 0 0 0 
1668789623.061276 20.1580078125 30.83389787066993 989.3355973830147 1 1 1 1 1 1 219 68 4 0 0 0 
1668789628.1948059 20.1630859375 30.62036858343306 989.2935403945489 1 1 1 1 1 1 240 75 6 0 0 0 
1668789633.3294992 20.1681640625 30.744828103096285 989.3005557882182 1 1 1 1 1 1 240 75 6 0 0 0 
1668789638.463684 20.1681640625 30.71513766713258 989.2733530555944 1 1 1 1 1 1 240 75 6 0 0 0 
1668789643.5980818 20.1732421875 30.519174351245084 989.2977276989983 1 1 1 1 1 1 213 71 6 0 0 0 
1668789648.7323632 20.1732421875 30.51892994517415 989.3226759741287 1 1 1 1 1 1 213 71 6 0 0 0 
1668789653.8664734 20.1783203125 30.596009399061213 989.2842691448786 1 1 1 1 1 1 213 71 6 0 0 0 
1668789659.0003235 20.1783203125 30.726774255378427 989.3041703027176 1 1 1 1 1 1 192 64 6 0 0 0 
1668789664.134634 20.1783203125 30.75052708982846 989.2882070762171 1 1 1 1 1 1 192 64 6 0 0 0 
1668789669.2680552 20.1783203125 30.637699662821984 989.3252175173932 1 1 1 1 1 1 192 64 6 0 0 0 
1668789674.4011545 20.1884765625 30.63757881190125 989.2772529775737 1 1 1 1 1 1 186 62 4 0 0 0 
1668789679.5355525 20.1783203125 30.756465272767834 989.2996966249516 1 1 1 1 1 1 186 62 4 0 0 0 
1668789684.6698527 20.1783203125 30.821784607330077 989.3263271413489 1 1 1 1 1 1 216 70 4 0 0 0 
1668789689.8037906 20.1783203125 30.703021256620318 989.3067122925785 1 1 1 1 1 1 216 70 4 0 0 0 
1668789694.9378126 20.1783203125 30.66145311342731 989.2797956170292 1 1 1 1 1 1 216 70 4 0 0 0 
1668789700.071806 20.1681640625 30.685446974449295 989.2683062224277 0 0 0 0 0 0 222 70 8 0 0 0 
1668789705.2060995 20.1783203125 30.750646630069365 989.2851290020952 0 0 0 0 0 0 222 70 8 0 0 0 
1668789710.3397071 20.1732421875 30.49517550872035 989.2868112804463 0 0 0 0 0 0 222 70 8 0 0 0 
1668789715.4726703 20.1732421875 30.79233226666149 989.2797956170292 0 0 0 0 0 0 234 74 8 0 0 0 
1668789720.606927 20.1783203125 30.53686766787748 989.2545612499447 1 1 1 1 1 1 234 74 8 0 0 0 
1668789725.741187 20.1783203125 30.613946047908573 989.2713841595879 1 1 1 1 1 1 234 74 8 0 0 0 
1668789730.8741548 20.1681640625 30.548744626034786 989.2814779087271 0 1 1 0 1 1 234 74 10 0 0 0 
1668789736.0085928 20.1783203125 30.661694235464573 989.2584991753401 0 1 1 0 1 1 234 74 10 0 0 0 
1668789741.1366847 20.1681640625 30.756584744597845 989.2649416673324 0 1 1 0 1 1 234 74 10 0 0 0 
1668789746.2701297 20.1681640625 30.905152021185966 989.321566609606 0 1 1 0 1 1 228 70 10 0 0 0 
1668789751.4046302 20.1681640625 30.73900969184923 989.294112950595 0 1 1 0 1 1 228 70 10 0 0 0 
1668789756.5375564 20.1681640625 30.5607432618017 989.2854154025522 0 1 1 0 1 1 228 70 10 0 0 0 
1668789761.6716635 20.1580078125 30.661814780241286 989.2837331378273 0 1 1 0 1 1 249 67 10 0 0 0 
1668789766.805946 20.1630859375 30.590799097525707 989.2663733899914 0 0 0 0 0 0 252 70 6 0 0 0 
1668789771.9396007 20.1529296875 30.798627122332075 989.3014139677566 0 0 0 0 0 0 258 70 6 0 0 0 
1668789777.0733857 20.1478515625 30.911325132639618 989.3151575005467 0 1 1 0 1 1 258 70 6 0 0 0 
1668789782.206943 20.1529296875 30.763119703540895 989.3000175978802 0 1 1 0 1 1 258 70 6 0 0 0 
1668789787.3402355 20.1580078125 30.709559509054955 989.2865599113716 0 1 1 0 1 1 252 73 6 0 0 0 
1668789792.4732056 20.1478515625 30.86429643026805 989.2464730579867 0 1 1 0 1 1 252 73 6 0 0 0 
1668789797.607463 20.1478515625 30.620610576660532 989.3140464536986 0 1 1 0 1 1 252 73 6 0 0 0 
1668789802.7403555 20.1478515625 30.71549742181663 989.3218863479921 1 1 1 1 1 1 246 76 6 0 0 0 
1668789807.8745716 20.142578125 30.94741966395812 989.2750703882037 1 1 1 1 1 1 246 76 6 0 0 0 
1668789813.0083442 20.1478515625 30.786870649688606 989.2983353868223 1 1 1 1 1 1 246 76 6 0 0 0 
1668789818.1421142 20.1478515625 30.66217634960376 989.3305829103723 1 1 1 1 1 1 261 79 6 0 0 0 
1668789823.275746 20.142578125 30.751483108583127 989.3238541157548 1 1 1 1 1 1 261 79 6 0 0 0 
1668789828.4092522 20.1375 30.83437204912772 989.3336618337115 1 1 1 1 1 1 261 79 6 0 0 0 
1668789833.5432186 20.1375 30.71015922570232 989.3056355318754 1 1 1 1 1 1 240 72 8 0 0 0 
1668789838.6771417 20.1375 30.73960780647525 989.3188075205253 1 1 1 1 1 1 240 72 8 0 0 0 
1668789843.8104362 20.1478515625 30.85835897942778 989.3022711636352 1 1 1 1 1 1 240 72 8 0 0 0 
1668789848.9443111 20.1529296875 30.691986038781014 989.2804027768844 1 1 1 1 1 1 204 66 4 0 0 0 
1668789854.0784924 20.1375 30.977222899612386 989.2605024364949 1 1 1 1 1 1 204 66 4 0 0 0 
1668789859.2103932 20.132421875 30.846484046945154 989.2739597887115 1 1 1 1 1 1 237 77 2 0 0 0 
1668789864.3441756 20.1375 30.905975973682107 989.2806884664964 1 1 1 1 1 1 237 77 2 0 0 0 
1668789869.4781094 20.1375 30.85847720169136 989.308714331952 1 1 1 1 1 1 237 77 2 0 0 0 
1668789874.6120067 20.1375 30.834609073393047 989.3022711636352 1 1 1 1 1 1 225 70 2 0 0 0 
1668789879.746951 20.12734375 30.846484046945154 989.2854493266254 1 1 1 1 1 1 225 70 2 0 0 0 
1668789884.8820174 20.1375 30.733670140020262 989.2655489430523 1 1 1 1 1 1 225 70 2 0 0 0 
1668789890.0164218 20.1375 31.048352313701784 989.2941458254189 0 1 1 0 1 1 225 67 4 0 0 0 
1668789895.1511502 20.1478515625 30.965465494785317 989.2708811119016 0 1 1 0 1 1 225 67 4 0 0 0 
1668789900.2869945 20.132421875 30.751602562203306 989.3109675303588 0 1 1 0 1 1 225 67 4 0 0 0 
1668789905.421253 20.1375 31.00097154637426 989.3132202374696 1 1 1 1 1 1 234 69 4 0 0 0 
1668789910.55611 20.12734375 30.816796536059634 989.2607881794954 1 1 1 1 1 1 234 69 4 0 0 0 
1668789915.69012 20.132421875 30.929842503841062 989.3176962142907 1 1 1 1 1 1 234 69 4 0 0 0 
1668789920.8218985 20.12734375 30.995267665553992 989.2748163645176 0 1 1 0 1 1 213 62 2 0 0 0 
1668789925.9593387 20.122265625 30.983276851654345 989.3196636539807 0 1 1 0 1 1 213 62 2 0 0 0 
1668789931.0930827 20.12734375 30.900156395714543 989.2896702311062 1 1 1 1 1 1 369 109 4 0 0 0 
1668789936.2265077 20.132421875 30.870470030915616 989.2725632675472 1 1 1 1 1 1 369 109 4 0 0 0 
1668789941.3597844 20.12734375 30.834727569284823 989.3095707094205 1 1 1 1 1 1 369 109 4 0 0 0 
1668789946.490352 20.1375 30.977222899612386 989.2893848278441 1 1 1 1 1 1 363 104 4 0 0 0 
1668789951.623682 20.132421875 30.93577969466568 989.3247101272037 1 1 1 1 1 1 363 104 4 0 0 0 
1668789956.7573738 20.12734375 30.906093637873635 989.3028420811107 1 1 1 1 1 1 363 104 4 0 0 0 
1668789961.8907852 20.122265625 30.870470030915616 989.3364852338357 1 1 1 1 1 1 327 92 4 0 0 0 
1668789967.02339 20.12734375 30.965231523645258 989.3244248993401 1 1 1 1 1 1 327 92 4 0 0 0 
1668789972.1565566 20.1375 30.858595413127773 989.3064916628261 1 1 1 1 1 1 327 92 4 0 0 0 
1668789977.2902582 20.132421875 30.834846054349338 989.3446109611941 1 1 1 1 1 1 357 101 4 0 0 0 
1668789982.4240448 20.132421875 31.0127293643801 989.2991923361675 1 1 1 1 1 1 357 101 4 0 0 0 
1668789987.5573437 20.12734375 30.82285269147876 989.3089999003952 1 1 1 1 1 1 357 101 4 0 0 0 
1668789992.6908207 20.1478515625 31.042415181149924 989.2801169779847 1 1 1 1 1 1 357 101 4 0 0 0 
1668789997.8241224 20.1478515625 30.965231523645258 989.3103965298731 1 1 1 1 1 1 357 101 4 0 0 0 
1668790002.9578495 20.1529296875 30.786751574046775 989.296938948462 1 1 1 1 1 1 357 101 4 0 0 0 
1668790008.091138 20.1478515625 30.905622916145642 989.2627228176921 1 1 1 1 1 1 336 96 4 0 0 0 
1668790013.224778 20.1630859375 30.97093491203036 989.3078569708705 0 1 1 0 1 1 258 73 13 2 0 0 
1668790018.3581746 20.1630859375 31.047888071942097 989.3089671160333 0 1 1 0 1 1 267 76 15 2 0 0 
1668790023.491519 20.1630859375 30.934958212103556 989.2758944509347 0 1 1 0 1 1 267 76 15 2 0 0 
1668790028.6240592 20.1580078125 30.863941903733835 989.305316346918 0 1 1 0 1 1 267 76 15 2 0 0 
1668790033.756917 20.1681640625 30.97058401436613 989.2750353334563 0 1 1 0 1 1 267 76 15 2 0 0 
1668790038.8902705 20.1580078125 30.970700991080935 989.3014139677566 0 1 1 0 1 1 267 76 15 2 0 0 
1668790044.0228262 20.1580078125 30.87593523457537 989.3300117980773 0 1 1 0 1 1 267 76 15 2 0 0 
1668790049.156151 20.1478515625 30.893630030011614 989.2946850694387 0 1 2 0 1 2 267 79 19 2 0 0 
1668790054.289542 20.1529296875 31.05999472237171 989.2798310697939 0 1 2 0 1 2 267 79 19 2 0 0 
1668790059.4234798 20.1529296875 31.10737696137192 989.2731022293336 0 1 2 0 1 2 267 79 19 2 0 0 
1668790064.5569415 20.1529296875 30.97058401436613 989.317378445595 1 1 1 1 1 1 288 83 19 0 0 0 
1668790069.6905293 20.1630859375 30.92913799798928 989.2719572867106 1 1 1 1 1 1 288 83 19 0 0 0 
1668790074.8238876 20.1529296875 30.923317899587506 989.2674832656694 1 1 1 1 1 1 288 83 19 0 0 0 
1668790079.9575386 20.1529296875 30.768818882909407 989.2957952021825 1 1 1 1 1 1 288 83 21 0 0 0 
1668790085.090927 20.1681640625 31.089449627470156 989.2677694873439 1 1 1 1 1 1 288 83 21 0 0 0 
1668790090.2242997 20.1529296875 31.036245665506488 989.2756081877437 1 1 1 1 1 1 288 83 21 0 0 0 
1668790095.3576734 20.1529296875 31.166978132325337 989.2798310697939 0 1 1 0 1 1 201 59 8 0 0 0 
1668790100.4909284 20.1529296875 31.054173460184916 989.2963672939135 0 1 1 0 1 1 201 59 8 0 0 0 
1668790105.6244278 20.1478515625 31.018550162070298 989.2697378095228 0 0 0 0 0 0 174 50 4 0 0 0 
1668790110.7575798 20.1478515625 30.976872304594664 989.2882421219407 0 0 0 0 0 0 174 50 4 0 0 0 
1668790115.8901381 20.1580078125 30.92937287658075 989.2526294802743 0 0 0 0 0 0 174 50 4 0 0 0 
1668790121.0226345 20.1580078125 30.964880485734586 989.2425361453717 0 0 0 0 0 0 174 52 4 0 0 0 
1668790126.1562796 20.1681640625 31.089449627470156 989.2955089923674 0 0 0 0 0 0 174 52 4 0 0 0 
1668790131.2900038 20.1580078125 31.1072615686718 989.3072848503306 0 0 0 0 0 0 174 52 4 0 0 0 
1668790136.423539 20.1630859375 30.86406009007238 989.2307605911635 0 0 0 0 0 0 195 57 4 0 0 0 
1668790141.556979 20.1630859375 31.030075822691114 989.2520566836128 0 0 0 0 0 0 195 57 4 0 0 0 
1668790146.6903512 20.1580078125 30.88757450175037 989.2750353334563 0 0 0 0 0 0 195 57 4 0 0 0 
1668790151.8238072 20.1630859375 30.964529350383188 989.2803686085877 0 1 1 0 1 1 222 66 4 0 0 0 
