timestamp temperature humidity pressure pm10_standard pm25_standard pm100_standard pm10_env pm25_env pm100_env particles_03um particles_05um particles_10um particles_25um particles_50um particles_100um
1651006460.8895032 20.2189453125 37.0387177396857 986.1056729119034 0 0 0 0 0 0 189 46 9 0 0 0 
1651006466.0232766 20.2392578125 36.890464227989355 986.0798113602099 0 0 0 0 0 0 189 46 9 0 0 0 
1651006471.1558707 20.2443359375 37.17492303908214 986.0794976327364 0 0 0 0 0 0 189 46 9 0 0 0 
1651006476.2886214 20.2443359375 36.943770820398896 986.0822345742473 0 0 0 0 0 0 96 32 6 0 0 0 
1651006481.4218698 20.2494140625 37.10976068087535 986.1094660835773 0 0 0 0 0 0 96 32 6 0 0 0 
1651006486.5557697 20.2494140625 36.96753226618521 986.0694036231948 0 0 0 0 0 0 96 32 8 0 0 0 
1651006491.6897635 20.2392578125 36.96160401718727 986.0694036231948 0 0 0 0 0 0 96 32 8 0 0 0 
1651006496.8225777 20.2494140625 36.91408018662399 986.0738227632091 0 0 0 0 0 0 96 32 8 0 0 0 
1651006501.9555862 20.2595703125 37.008886774055334 986.0435373590725 0 1 1 0 1 1 138 46 12 0 0 0 
1651006507.0894413 20.2697265625 37.07409829344159 986.0530027601916 0 1 1 0 1 1 138 46 12 0 0 0 
1651006512.223167 20.2748046875 37.0501963180871 986.0415405193963 0 1 1 0 1 1 138 46 12 0 0 0 
1651006517.3565292 20.2646484375 37.056124890128636 986.0479555533261 0 1 1 0 1 1 147 46 10 2 0 0 
1651006522.489889 20.2646484375 36.95533776819423 986.0055805522761 0 1 1 0 1 1 147 46 10 2 0 0 
1651006527.6199713 20.2748046875 37.11531706047624 986.0305018956274 0 1 1 0 1 1 147 46 10 2 0 0 
1651006532.752659 20.2849609375 36.92564526369087 986.0453288940128 0 1 1 0 1 1 153 48 12 2 0 0 
1651006537.8864832 20.2798828125 37.05010183356346 986.0722479874079 0 1 1 0 1 1 153 48 12 2 0 0 
1651006543.0204246 20.2798828125 36.99669512402981 985.6263038636223 0 1 1 0 1 1 153 48 12 2 0 0 
1651006548.1542075 20.2900390625 36.931525508717115 986.0453288940128 0 1 1 0 1 1 144 45 14 2 0 0 
1651006553.2881644 20.2798828125 37.085673929629024 986.0537411087769 0 1 1 0 1 1 144 45 14 2 0 0 
1651006558.421549 20.2849609375 36.86047658822455 986.0769806057501 1 1 1 1 1 1 249 70 6 2 0 0 
1651006563.5550625 20.2900390625 36.937405868995825 986.0618384896334 1 1 1 1 1 1 249 70 6 2 0 0 
1651006568.6883154 20.3001953125 37.02031347560616 986.0894957971285 1 1 1 1 1 1 249 70 6 2 0 0 
1651006573.821356 20.3052734375 36.86610732681808 986.0770879216933 1 1 1 1 1 1 240 70 4 2 0 0 
1651006578.955112 20.3154296875 36.84826973898097 986.0440683527186 1 1 1 1 1 1 240 70 4 2 0 0 
1651006584.0884285 20.3052734375 36.94906816112018 986.0787704472335 1 1 1 1 1 1 240 70 4 2 0 0 
1651006589.2223117 20.3205078125 36.81857260772231 986.1020106588487 0 1 1 0 1 1 267 79 6 2 0 0 
1651006594.3550043 20.3205078125 36.966662676149326 986.0720403454918 0 1 1 0 1 1 267 79 6 2 0 0 
1651006599.4875233 20.3154296875 36.960781565331885 986.0209329007937 0 1 1 0 1 1 267 79 6 2 0 0 
1651006604.6171813 20.3255859375 36.84214146798009 986.0293456532113 1 2 2 1 2 2 219 68 6 2 0 0 
1651006609.7496002 20.3306640625 36.854100004633246 986.0475379087776 1 2 2 1 2 2 219 68 6 2 0 0 
1651006614.882996 20.341015625 36.966662676149326 986.0219833232471 1 2 2 1 2 2 219 68 6 2 0 0 
1651006620.0163465 20.34609375 36.86581067351137 986.0236659007709 0 1 1 0 1 1 219 68 6 2 0 0 
1651006625.1497922 20.341015625 36.92500971521449 986.0146203397811 0 1 1 0 1 1 219 68 6 2 0 0 
1651006630.2821996 20.35625 36.91912883753631 986.0250322773785 0 1 1 0 1 1 219 68 6 2 0 0 
1651006635.4156964 20.35625 36.924960895243245 986.0624672418194 0 1 1 0 1 1 234 73 6 2 0 0 
1651006640.5487397 20.35625 36.830032569667516 986.0143038385869 0 1 3 0 1 3 243 75 17 4 2 2 
1651006645.6812048 20.361328125 37.06722637345643 986.0291309136474 0 1 3 0 1 3 222 65 19 4 2 2 
1651006650.8145812 20.361328125 36.806262079915214 986.0607845948424 0 1 3 0 1 3 222 65 19 4 2 2 
1651006655.948341 20.371484375 36.88330396093029 986.0321796069296 0 1 3 0 1 3 222 65 19 4 2 2 
1651006661.0817287 20.36640625 36.88325462057107 986.0450075217841 0 0 1 0 0 1 180 53 12 2 2 2 
1651006666.215062 20.3765625 36.835912751074034 986.022815806087 0 0 1 0 0 1 180 53 12 2 2 2 
1651006671.3474698 20.371484375 36.87732445278092 986.0147194114895 0 0 1 0 0 1 180 53 12 2 2 2 
1651006676.4813588 20.3765625 36.74685816100526 985.9911620080301 0 0 1 0 0 1 201 60 10 2 2 2 
1651006681.6112719 20.371484375 36.912905305348396 985.9807486761886 0 0 1 0 0 1 201 60 10 2 2 2 
1651006686.7447538 20.371484375 36.85943462926116 985.9669696799693 0 0 1 0 0 1 201 60 10 2 2 2 
1651006691.8771744 20.381640625 36.88320526940705 985.9417292280626 0 0 0 0 0 0 201 60 8 0 0 0 
1651006697.0072696 20.391796875 37.02538463843032 986.0299605454344 0 1 1 0 1 1 201 60 8 0 0 0 
1651006702.1400096 20.391796875 36.97794280051608 986.0178638211504 0 1 1 0 1 1 201 60 8 0 0 0 
1651006707.2723973 20.401953125 36.85923598264277 986.0040840343116 0 1 1 0 1 1 201 62 8 0 0 0 
1651006712.406137 20.401953125 36.91863957799762 986.0181813626638 0 1 1 0 1 1 201 62 8 0 0 0 
1651006717.5394495 20.40703125 36.79982858934549 986.020911704833 0 1 1 0 1 1 201 62 8 0 0 0 
1651006722.6714597 20.40703125 36.77610509943865 985.9973529680607 1 2 2 1 2 2 279 84 16 2 0 0 
1651006727.8038194 20.412109375 36.98961058725202 986.0088145065056 1 2 2 1 2 2 279 84 16 2 0 0 
1651006732.9364865 20.412109375 36.79982858934549 986.0064957140833 1 2 2 1 2 2 273 82 14 0 0 0 
1651006738.0702925 20.4171875 36.86506733847951 985.9745223840386 1 2 2 1 2 2 273 82 14 0 0 0 
1651006743.203862 20.42734375 36.86496804345929 985.9907137554359 1 2 2 1 2 2 273 82 14 0 0 0 
1651006748.3365588 20.42734375 36.6812094949924 986.0162744715159 1 1 1 1 1 1 246 75 12 0 0 0 
1651006753.470941 20.442578125 36.657120758643586 985.9981648656228 1 1 1 1 1 1 246 75 12 0 0 0 
1651006758.6032891 20.442578125 36.8352135191544 985.972929150378 1 1 1 1 1 1 246 75 12 0 0 0 
1651006763.7371442 20.44765625 36.870650827699734 985.9931236429054 1 1 1 1 1 1 255 75 12 0 0 0 
1651006768.8708656 20.442578125 36.81742028414252 986.0267811528262 1 1 1 1 1 1 255 75 12 0 0 0 
1651006774.0008285 20.44765625 36.60373615932102 986.0032208929449 1 1 1 1 1 1 255 75 12 0 0 0 
1651006779.13369 20.4578125 36.79354428433192 986.0116279806363 0 1 1 0 1 1 198 59 14 2 0 0 
1651006784.2685697 20.462890625 36.562107828380235 985.9796530897863 0 1 1 0 1 1 198 59 14 2 0 0 
1651006789.3983872 20.452734375 36.823050235596234 985.9931161986465 0 1 1 0 1 1 198 59 14 2 0 0 
1651006794.5333004 20.462890625 36.62142608176056 986.016039072727 0 1 1 0 1 1 210 61 12 2 0 0 
1651006799.6664398 20.462890625 36.65701654024111 986.0409640857474 0 1 1 0 1 1 210 61 12 2 0 0 
1651006804.798548 20.473046875 36.710195421781314 986.0025757391453 1 1 3 1 1 3 288 81 18 2 2 2 
1651006809.931875 20.478125 36.698434966804534 985.9887932403052 1 1 3 1 1 3 288 81 18 2 2 2 
1651006815.0642416 20.473046875 36.79329149735203 985.996569355834 1 1 3 1 1 3 288 81 18 2 2 2 
1651006820.198171 20.483203125 36.77549641030708 985.9898375288923 1 2 3 1 2 3 282 88 21 2 2 2 
1651006825.3305564 20.48828125 36.727939702166694 985.9989767311303 0 1 2 0 1 2 282 88 21 2 2 2 
1651006830.4639146 20.48828125 36.60919156206598 986.0141237131046 0 1 2 0 1 2 282 88 21 2 2 2 
1651006835.5961983 20.503515625 36.72185146728162 985.9969739880379 0 1 1 0 1 1 267 86 19 0 0 0 
1651006840.730114 20.493359375 36.680378114038334 986.016530632992 1 2 2 1 2 2 267 86 19 0 0 0 
1651006845.8637226 20.493359375 36.6862065278908 985.963313778658 1 2 2 1 2 2 267 86 19 0 0 0 
1651006850.9971292 20.4984375 36.64468033671758 986.0118013584266 1 2 2 1 2 2 267 86 19 0 0 0 
1651006856.130486 20.513671875 36.733664415026205 985.9993801984061 1 2 2 1 2 2 267 86 19 0 0 0 
1651006861.263767 20.503515625 36.78705375129875 985.9848729617208 1 2 2 1 2 2 267 86 19 0 0 0 
1651006866.3960903 20.503515625 36.72768081016591 985.9926479910625 1 2 2 1 2 2 282 91 19 0 0 0 
1651006871.529444 20.503515625 36.6625294815908 985.9993801984061 1 2 2 1 2 2 282 91 19 0 0 0 
1651006876.662886 20.503515625 36.680222295351335 985.9920074602603 1 2 2 1 2 2 282 91 19 0 0 0 
1651006881.7961605 20.50859375 36.48439475307506 986.0071551723637 1 2 2 1 2 2 246 82 19 0 0 0 
1651006886.9291737 20.513671875 36.709729050947125 985.9875988362891 0 0 0 0 0 0 114 36 4 2 0 0 
1651006892.0624561 20.523828125 36.76317224006649 985.9916870305665 0 0 0 0 0 0 123 39 2 2 0 0 
1651006897.1958282 20.523828125 36.55558716936701 985.9681237443269 0 0 0 0 0 0 123 39 2 2 0 0 
1651006902.3292012 20.523828125 36.66211202629276 985.9947327033208 0 0 0 0 0 0 123 39 2 2 0 0 
1651006907.4627106 20.5341796875 36.77483328240865 985.9910458425818 0 0 0 0 0 0 129 41 2 2 0 0 
1651006912.595048 20.5341796875 36.5789986975128 986.000182201195 0 0 0 0 0 0 129 41 2 2 0 0 
1651006917.7283792 20.5392578125 36.721387917291175 985.9728523304548 0 0 0 0 0 0 129 41 2 2 0 0 
1651006922.8611615 20.5392578125 36.69167208464239 985.9809471269857 0 0 0 0 0 0 150 45 2 0 0 0 
1651006927.9934886 20.5392578125 36.56707932954445 985.9924082173522 0 0 0 0 0 0 150 45 2 0 0 0 
1651006933.1277332 20.5341796875 36.584984816824736 986.0193383559335 0 0 0 0 0 0 150 45 2 0 0 0 
1651006938.2620435 20.5341796875 36.78066413235709 986.0375323483294 0 0 0 0 0 0 177 52 2 0 0 0 
1651006943.396353 20.5341796875 36.67397759653587 986.0304791026718 0 0 0 0 0 0 177 52 2 0 0 0 
1651006948.5281372 20.52890625 36.63239534925257 986.0008238837353 0 0 0 0 0 0 177 52 2 0 0 0 
1651006953.6604476 20.5341796875 36.54361477849222 986.0331238513343 0 0 0 0 0 0 177 52 4 0 0 0 
1651006958.7952113 20.52890625 36.590917740807676 986.0415394583304 0 0 0 0 0 0 177 52 4 0 0 0 
1651006963.9262693 20.5392578125 36.65612692702736 986.0429022418804 0 0 0 0 0 0 177 52 4 0 0 0 
1651006969.0579429 20.5341796875 36.739391465346564 986.0068348646736 0 1 1 0 1 1 207 59 10 0 0 0 
1651006974.1927617 20.5443359375 36.77493512041494 985.9957744836955 0 1 1 0 1 1 207 59 10 0 0 0 
1651006979.3229594 20.5341796875 36.703589588836216 986.007556418101 0 0 0 0 0 0 207 56 8 0 0 0 
1651006984.4562283 20.5341796875 36.70353782472886 986.0425817942831 0 0 0 0 0 0 207 56 8 0 0 0 
1651006989.590437 20.5443359375 36.72143946606715 986.0425817942831 0 0 0 0 0 0 207 56 8 0 0 0 
1651006994.722543 20.5443359375 36.77478234719773 986.0344865667544 0 1 1 0 1 1 240 65 12 0 0 0 
1651006999.8571784 20.5494140625 36.76291699033346 986.029437162518 0 1 1 0 1 1 240 65 12 0 0 0 
1651007004.991411 20.5392578125 36.816260303393406 985.9960952013239 0 1 1 0 1 1 240 65 12 0 0 0 
1651007010.125056 20.5494140625 36.71540352366934 986.0058732844049 0 1 1 0 1 1 219 61 12 0 0 0 
1651007015.2576106 20.5392578125 36.590811632637475 986.0405780748671 0 1 1 0 1 1 219 61 12 0 0 0 
1651007020.391055 20.5544921875 36.7093155267145 986.0456275619088 0 1 1 0 1 1 219 61 12 0 0 0 
1651007025.5249906 20.5544921875 36.5609859620438 986.0321622645296 0 1 1 0 1 1 204 56 14 0 0 0 
1651007030.6581056 20.5494140625 36.5848254338198 986.1136767012977 0 1 1 0 1 1 204 56 14 0 0 0 
1651007035.7887375 20.5544921875 36.76271259605292 986.0739209245877 0 1 1 0 1 1 204 56 14 0 0 0 
1651007040.9231317 20.5494140625 36.65607461750695 986.0570891561109 0 1 1 0 1 1 198 56 14 0 0 0 
1651007046.0598543 20.5494140625 36.73908343224946 986.0307997547035 0 1 1 0 1 1 198 56 14 0 0 0 
1651007051.1914084 20.5494140625 36.7449649848242 986.0287959408843 0 1 2 0 1 2 210 64 10 2 0 0 
1651007056.3211803 20.5494140625 36.71540352366934 986.05300105434 0 1 2 0 1 2 210 64 10 2 0 0 
1651007061.4525561 20.5494140625 36.679858340221905 986.0675086796977 0 1 2 0 1 2 210 64 10 2 0 0 
1651007066.5815957 20.5494140625 36.57301242074745 986.0436237463655 0 1 2 0 1 2 216 66 12 2 0 0 
1651007071.7134643 20.5494140625 36.65607461750695 986.0722377474253 0 1 2 0 1 2 216 66 12 2 0 0 
1651007076.84198 20.5544921875 36.73913479811226 986.0607760268114 0 1 2 0 1 2 216 66 12 2 0 0 
1651007081.9756434 20.5544921875 36.73913479811226 986.047310724396 0 1 2 0 1 2 222 66 12 2 0 0 
1651007087.109658 20.5443359375 36.721336357709816 986.0621386859195 0 1 2 0 1 2 222 66 12 2 0 0 
1651007092.2428894 20.5341796875 36.73918615316974 986.0338454264571 0 1 2 0 1 2 222 66 12 2 0 0 
1651007097.3731313 20.5443359375 36.79247881154479 986.0590928637645 0 0 0 0 0 0 222 68 10 2 0 0 
1651007102.504881 20.5443359375 36.525493582811094 986.0422612371443 0 0 0 0 0 0 222 68 10 2 0 0 
1651007107.6334324 20.5595703125 36.75105159232413 986.0422612371443 0 0 0 0 0 0 222 68 10 2 0 0 
1651007112.7656963 20.5443359375 36.709367255062524 986.0590928637645 0 1 1 0 1 1 195 61 10 2 0 0 
1651007117.8938227 20.5544921875 36.644261158712496 986.0442649430743 0 1 1 0 1 1 195 61 10 2 0 0 
1651007123.0266402 20.5544921875 36.53736003530673 986.0422612371443 0 1 1 0 1 1 195 61 10 2 0 0 
1651007128.1542897 20.5443359375 36.6797542557924 986.0489938869531 0 0 1 0 0 1 183 57 8 2 0 0 
1651007133.2878623 20.5392578125 36.614490973571506 986.0570891561109 0 1 1 0 1 1 180 58 14 0 0 0 
1651007138.4220295 20.5443359375 36.65607461750695 986.0375323483294 0 1 1 0 1 1 174 56 16 0 0 0 
1651007143.5550485 20.5341796875 36.881568707448466 986.0055525385737 0 1 1 0 1 1 174 56 16 0 0 0 
1651007148.6855721 20.5443359375 36.584931699962276 986.0368910431715 0 1 1 0 1 1 174 56 16 0 0 0 
1651007153.8187363 20.5443359375 36.7273206728703 986.0240671621967 0 1 1 0 1 1 183 59 14 0 0 0 
1651007158.952043 20.5443359375 36.59674468269448 985.9984990406662 0 1 1 0 1 1 183 59 14 0 0 0 
1651007164.0807025 20.5443359375 36.739032055581355 986.0284751657529 0 1 1 0 1 1 183 59 14 0 0 0 
1651007169.2147853 20.5544921875 36.65602229718094 985.9991407503188 0 1 1 0 1 1 192 62 12 0 0 0 
1651007174.3489325 20.5443359375 36.66200755441245 986.038574218865 0 1 1 0 1 1 192 62 12 0 0 0 
1651007179.4824903 20.5443359375 36.810327633936936 986.0355285884547 0 1 1 0 1 1 192 62 12 0 0 0 
1651007184.6145325 20.5443359375 36.84587335761442 986.0506770495801 0 1 1 0 1 1 207 65 12 0 0 0 
1651007189.7486668 20.5494140625 36.620529498647585 985.997136803361 0 1 1 0 1 1 207 65 12 0 0 0 
1651007194.883583 20.5494140625 36.733150560894074 986.0146887723935 0 1 1 0 1 1 207 65 12 0 0 0 
1651007200.0177603 20.5392578125 36.76291699033346 986.0287959408843 0 1 1 0 1 1 180 56 12 0 0 0 
1651007205.1481898 20.5443359375 36.74506759100674 986.0170138103286 0 1 1 0 1 1 180 56 12 0 0 0 
1651007210.2776227 20.5392578125 36.79851293749108 986.0061939206968 0 1 1 0 1 1 180 56 12 0 0 0 
1651007215.4097726 20.5443359375 36.72742362326722 986.0462685124206 0 0 0 0 0 0 147 39 2 0 0 0 
1651007220.5440228 20.5392578125 36.721284787323086 986.0092395518673 0 0 0 0 0 0 147 39 2 0 0 0 
1651007225.6776757 20.5392578125 36.91711411031869 986.054043375044 0 0 0 0 0 0 168 44 2 0 0 0 
1651007230.8067327 20.5544921875 36.66794048103144 986.054043375044 0 0 0 0 0 0 168 44 2 0 0 0 
1651007235.9400737 20.5443359375 36.92314506735057 986.0412191067153 0 0 0 0 0 0 168 44 2 0 0 0 
1651007241.070994 20.5341796875 36.87568599561911 986.0590928637645 0 0 0 0 0 0 189 51 6 0 0 0 
1651007246.20273 20.5341796875 36.733150560894074 986.0011445606957 0 0 0 0 0 0 189 51 6 0 0 0 
1651007251.3353617 20.5392578125 36.76879865971964 986.0493143898674 0 0 0 0 0 0 189 51 6 0 0 0 
1651007256.467 20.5443359375 36.96462246129793 986.0284751657529 0 0 0 0 0 0 195 53 6 0 0 0 
1651007261.6008084 20.5544921875 36.79841158003281 986.0476312408663 0 0 0 0 0 0 195 53 6 0 0 0 
1651007266.7293496 20.5544921875 36.804344338234095 986.038574218865 0 0 0 0 0 0 195 53 6 0 0 0 
1651007271.86069 20.5544921875 36.745016293318116 986.013326590806 0 1 1 0 1 1 246 63 6 0 0 0 
1651007276.9939492 20.5544921875 36.8399406714203 986.0307997547035 0 1 1 0 1 1 246 63 6 0 0 0 
1651007282.1279135 20.5544921875 36.7984622641645 986.0153306491006 0 1 1 0 1 1 246 63 6 0 0 0 
1651007287.2617862 20.5544921875 36.69755311674026 986.038574218865 0 1 1 0 1 1 240 61 6 0 0 0 
1651007292.3957012 20.5443359375 36.733150560894074 986.0170138103286 0 1 1 0 1 1 240 61 6 0 0 0 
1651007297.5296683 20.5544921875 36.644156256154794 986.0237464559407 0 1 2 0 1 2 216 58 10 2 2 2 
1651007302.6623163 20.5544921875 36.85783869318594 986.0146887723935 0 1 2 0 1 2 216 58 10 2 2 2 
1651007307.7961013 20.5544921875 36.928831482998056 986.0318415165104 0 1 2 0 1 2 216 58 10 2 2 2 
1651007312.9288054 20.5544921875 36.91706478957838 986.000182201195 0 0 2 0 0 2 189 49 8 2 2 2 
1651007318.06222 20.5494140625 36.76874763472535 985.9968158802075 0 0 2 0 0 2 189 49 8 2 2 2 
1651007323.1968637 20.5392578125 36.90524911086029 986.0193383559335 0 0 2 0 0 2 189 49 8 2 2 2 
1651007328.3303752 20.52890625 36.75703543620241 986.0227046245152 0 0 2 0 0 2 174 42 6 2 2 2 
1651007333.4638124 20.5392578125 36.96471995809569 986.029437162518 0 0 2 0 0 2 174 42 6 2 2 2 
1651007338.597563 20.5341796875 36.89353278566033 985.9997820218146 0 0 2 0 0 2 174 42 6 2 2 2 
1651007343.7309382 20.5443359375 36.79263103604063 986.0159720876317 0 0 2 0 0 2 180 47 6 2 2 2 
1651007348.863711 20.5341796875 37.04178986659114 986.0011445606957 0 0 2 0 0 2 180 47 6 2 2 2 
1651007353.9964702 20.5392578125 36.768951669871264 986.0028276806261 0 0 2 0 0 2 180 47 6 2 2 2 
1651007359.1299832 20.5392578125 36.76291699033346 985.9924082173522 0 0 2 0 0 2 180 47 4 2 2 2 
1651007364.2642362 20.523828125 36.97060348077618 985.974856110425 0 0 2 0 0 2 180 47 4 2 2 2 
1651007369.397977 20.5341796875 36.94697224053393 986.0112432813274 0 0 2 0 0 2 180 47 4 2 2 2 
1651007374.531553 20.52890625 36.88760045443306 986.0095601610473 0 0 0 0 0 0 186 44 4 0 0 0 
1651007379.6651473 20.52890625 36.941040070044856 985.9910458425818 0 0 0 0 0 0 201 50 2 0 0 0 
1651007384.797922 20.5392578125 36.810378170920174 985.9694861202936 0 0 0 0 0 0 213 52 0 0 0 0 
1651007389.9302852 20.523828125 36.792580305347144 985.9462435622361 0 0 0 0 0 0 213 52 0 0 0 0 
1651007395.0628743 20.52890625 37.047769787256016 985.9812678570814 0 0 0 0 0 0 213 52 0 0 0 0 
1651007400.1967134 20.52890625 36.905298557130756 985.971169225339 0 0 0 0 0 0 201 50 0 0 0 0 
1651007405.329335 20.523828125 36.917262007711464 985.9967363079729 0 0 0 0 0 0 201 50 0 0 0 0 
1651007410.4633238 20.52890625 36.94108906409519 986.0115637674148 0 0 0 0 0 0 201 50 0 0 0 0 
1651007415.5977058 20.52890625 36.82822626558181 986.0061939206968 0 0 0 0 0 0 201 55 0 0 0 0 
1651007420.7318926 20.52890625 37.006341623955855 986.0263913669962 0 0 0 0 0 0 201 55 0 0 0 0 
1651007425.8616674 20.523828125 36.88166811292 986.0533213110626 0 0 0 0 0 0 201 55 0 0 0 0 
1651007430.996602 20.5341796875 36.994284027646586 986.0361697016396 0 0 0 0 0 0 207 59 2 0 0 0 
1651007436.1279478 20.52890625 36.96462246129793 986.0482719451865 0 0 0 0 0 0 207 59 2 0 0 0 
1651007441.2584581 20.5392578125 36.941040070044856 986.032803431939 0 0 0 0 0 0 207 59 2 0 0 0 
1651007446.3938568 20.52890625 37.05972915634483 986.0334441611933 0 0 0 0 0 0 255 69 2 0 0 0 
1651007451.5279922 20.5341796875 36.87568599561911 986.0118841439682 0 0 0 0 0 0 255 69 2 0 0 0 
1651007456.660098 20.5341796875 36.893433652862136 986.0482719451865 0 0 0 0 0 0 255 69 2 0 0 0 
1651007461.7918997 20.5392578125 36.83410851434318 986.0311202971934 0 0 0 0 0 0 234 63 6 0 0 0 
1651007466.925385 20.52890625 36.88176747517229 986.0499550670752 0 0 0 0 0 0 234 63 6 0 0 0 
1651007472.0594625 20.52890625 37.124791864559995 986.0247082460867 0 0 0 0 0 0 150 47 4 0 0 0 
1651007477.1930606 20.523828125 36.95864128439832 986.0644627340239 0 0 0 0 0 0 150 47 4 0 0 0 
1651007482.3269606 20.5341796875 37.05963388399196 986.0348069725935 0 0 0 0 0 0 150 47 4 0 0 0 
1651007487.4573803 20.523828125 36.87583525971074 986.0017855860085 0 0 0 0 0 0 144 45 4 0 0 0 
1651007492.589953 20.52890625 36.92922482859318 986.0253488918312 0 0 0 0 0 0 144 45 4 0 0 0 
1651007497.722166 20.523828125 36.857938644009835 986.0502752413737 0 0 0 0 0 0 144 45 4 0 0 0 
1651007502.8567202 20.52890625 36.96481741167538 986.0303981734339 0 0 0 0 0 0 153 48 6 0 0 0 
1651007507.991321 20.50859375 37.0242336077349 986.0303981734339 0 0 0 0 0 0 153 48 6 0 0 0 
1651007513.1253746 20.513671875 36.923341883159395 985.9903243814873 0 0 0 0 0 0 153 48 6 0 0 0 
1651007518.2603471 20.513671875 36.78096923733985 985.9603495532614 0 0 0 0 0 0 168 50 6 0 0 0 
1651007523.3943424 20.51875 36.97677866145534 986.0054720929614 0 0 0 0 0 0 168 50 6 0 0 0 
1651007528.527416 20.523828125 36.8402918930539 985.9970566969986 0 0 0 0 0 0 168 50 6 0 0 0 
1651007533.6614642 20.50859375 37.10723111597514 986.0071551723637 0 1 1 0 1 1 204 59 6 0 0 0 
1651007538.79347 20.513671875 37.01241807653444 985.9933701229653 0 1 1 0 1 1 204 59 6 0 0 0 
1651007543.9260285 20.51875 36.92344022623582 985.9872785849834 0 2 2 0 2 2 225 73 12 4 0 0 
1651007549.0545473 20.513671875 37.06575614577498 985.9970566969986 0 2 2 0 2 2 225 73 12 4 0 0 
1651007554.1878543 20.513671875 36.88196607001914 985.9889616500607 0 2 2 0 2 2 225 73 12 4 0 0 
1651007559.318554 20.4984375 37.20222975647639 986.0071551723637 0 2 2 0 2 2 216 70 12 4 0 0 
1651007564.4487886 20.50859375 36.99471935548687 985.9842327334565 0 2 2 0 2 2 216 70 12 4 0 0 
1651007569.5813746 20.503515625 36.84642428974472 985.983189937521 0 2 2 0 2 2 216 70 12 4 0 0 
1651007574.7154245 20.493359375 37.10746632734656 985.9989767311303 0 2 2 0 2 2 195 63 10 4 0 0 
1651007579.8482633 20.4984375 37.09550916096388 985.9694055650675 0 2 2 0 2 2 195 63 10 4 0 0 
1651007584.9821882 20.503515625 37.142961371123604 985.9899220347393 0 2 2 0 2 2 195 63 10 4 0 0 
1651007590.116307 20.4984375 37.178550096799604 985.9828698645939 0 1 1 0 1 1 204 66 8 4 0 0 
1651007595.2514725 20.493359375 36.97692428697444 986.0259890994513 0 1 1 0 1 1 204 66 8 4 0 0 
1651007600.3865697 20.503515625 37.054083216169836 986.0283119085403 0 1 1 0 1 1 204 66 8 4 0 0 
1651007605.5216463 20.4984375 37.15496553389893 986.011481515949 0 1 1 0 1 1 225 73 8 4 0 0 
1651007610.655597 20.493359375 36.92951938399437 985.9781408653417 0 1 1 0 1 1 225 73 8 4 0 0 
1651007615.7893593 20.4984375 37.107515145064625 986.0151674092735 0 1 1 0 1 1 225 73 8 4 0 0 
1651007620.9237342 20.4984375 37.21423005071131 986.0121210913852 0 1 1 0 1 1 213 69 8 4 0 0 
1651007626.056718 20.4984375 36.852406167523895 985.9838297548205 0 0 0 0 0 0 183 53 6 2 0 0 
1651007631.1892338 20.503515625 37.172664949961835 985.9838297548205 0 0 0 0 0 0 177 51 8 2 0 0 
1651007636.3231235 20.493359375 37.03030921483995 985.9801438798511 0 0 0 0 0 0 177 51 8 2 0 0 
1651007641.4561105 20.493359375 37.24981721805846 986.002342726635 0 0 0 0 0 0 177 51 8 2 0 0 
1651007646.5898285 20.483203125 37.00672904090049 986.002342726635 0 0 0 0 0 0 204 60 6 2 0 0 
1651007651.7236888 20.493359375 36.977071680369065 986.0012988369751 0 0 0 0 0 0 204 60 6 2 0 0 
1651007656.857313 20.478125 37.04829658318479 986.0164455755751 0 0 0 0 0 0 204 60 6 2 0 0 
1651007661.991036 20.483203125 37.107515145064625 986.044417694047 0 0 0 0 0 0 177 51 4 2 0 0 
1651007667.1249962 20.493359375 37.18448151508362 986.0723903164729 0 0 0 0 0 0 177 51 4 2 0 0 
1651007672.2586231 20.48828125 37.19055289361099 986.064294490718 0 0 0 0 0 0 177 51 4 2 0 0 
1651007677.3921487 20.483203125 37.07187767911721 986.0306342253913 0 1 1 0 1 1 168 51 6 2 0 0 
1651007682.5259793 20.48828125 37.10163086698602 986.0080307200981 0 1 1 0 1 1 168 51 6 2 0 0 
1651007687.6597157 20.48828125 37.32108125691269 986.0164455755751 0 1 1 0 1 1 168 51 6 2 0 0 
1651007692.793445 20.483203125 37.077952985905185 986.0127602287569 0 1 1 0 1 1 180 54 6 2 0 0 
1651007697.926863 20.473046875 37.08383697512173 986.0086692817447 0 1 1 0 1 1 180 54 6 2 0 0 
1651007703.0606067 20.473046875 37.13740489641769 985.9952057335097 0 1 1 0 1 1 180 54 6 2 0 0 
1651007708.193637 20.473046875 37.22034582246371 986.0022566778571 0 0 1 0 0 1 195 65 10 2 0 0 
1651007713.3293421 20.462890625 37.09579381749293 985.9790149161455 0 1 2 0 1 2 195 65 10 2 0 0 
1651007718.4638734 20.46796875 37.19059893804539 985.9918398471501 0 1 2 0 1 2 216 72 12 2 0 0 
1651007723.5981288 20.46796875 37.20259883224776 986.003620450632 0 1 2 0 1 2 216 72 12 2 0 0 
1651007728.7298114 20.473046875 36.977217110160886 985.9907953259321 0 1 2 0 1 2 216 72 12 2 0 0 
1651007733.8629744 20.46796875 37.15519769273598 986.027500635329 0 2 2 0 2 2 231 75 16 4 0 0 
1651007738.996754 20.473046875 37.15519769273598 985.9507247357998 0 2 2 0 2 2 231 75 16 4 0 0 
1651007744.129171 20.462890625 37.17308277547762 985.9759682540872 0 2 2 0 2 2 231 75 16 4 0 0 
1651007749.2600768 20.478125 37.25000039335067 985.9901569040753 0 2 2 0 2 2 225 73 16 4 0 0 
1651007754.3934226 20.478125 37.16701323169044 985.9786956650782 0 2 2 0 2 2 225 73 16 4 0 0 
1651007759.5268798 20.462890625 37.16696694704129 985.9685980923688 0 2 2 0 2 2 225 73 16 4 0 0 
1651007764.6616933 20.462890625 37.131380567360225 985.9756490854073 0 2 2 0 2 2 204 66 14 4 0 0 
1651007769.7953987 20.462890625 37.14347541340786 986.0264553378606 0 2 2 0 2 2 204 66 14 4 0 0 
1651007774.9277282 20.452734375 37.214552063229554 985.9695557610779 0 2 2 0 2 2 204 66 14 4 0 0 
1651007780.0619698 20.4578125 37.303556776707104 986.0174030504522 0 2 2 0 2 2 219 71 16 4 0 0 
1651007785.1946406 20.4578125 37.16122125587041 986.0402371148984 None None None None None None None None None None None None 
1651007790.3270404 20.44765625 37.29174051969965 986.0318226615472 0 1 1 0 1 1 195 52 10 2 0 0 
1651007795.4632275 20.44765625 37.16719826224891 986.0405624881076 0 1 1 0 1 1 195 52 10 2 0 0 
1651007800.5962377 20.44765625 37.26204286157579 986.0651621447059 0 0 0 0 0 0 204 55 8 2 0 0 
1651007805.7306845 20.452734375 37.25611226114329 986.0183595398211 0 0 0 0 0 0 204 55 8 2 0 0 
1651007810.8641145 20.452734375 37.39255712138601 986.0254167221481 0 0 0 0 0 0 204 55 8 2 0 0 
1651007815.997471 20.44765625 37.22650466462759 986.0806332268742 0 1 1 0 1 1 225 62 10 2 0 0 
1651007821.1316168 20.452734375 37.26208801252982 986.0371967618494 0 1 1 0 1 1 225 62 10 2 0 0 
1651007826.2644813 20.4375 37.20287385964003 986.0621215683443 0 1 1 0 1 1 225 62 10 2 0 0 
1651007831.3975272 20.442578125 37.41627824288961 986.0839923005041 0 1 1 0 1 1 213 58 10 2 0 0 
1651007836.5315533 20.44765625 37.102007012457676 986.0856751932022 0 1 1 0 1 1 213 58 10 2 0 0 
1651007841.6648383 20.442578125 37.17326740376339 986.0610749028572 0 1 1 0 1 1 213 58 10 2 0 0 
1651007846.7981198 20.44765625 37.303556776707104 986.0419200057784 0 1 1 0 1 1 204 58 12 4 0 0 
1651007851.931466 20.442578125 37.0604916044529 986.0759026307048 0 1 1 0 1 1 204 58 12 4 0 0 
1651007857.0653484 20.432421875 37.256202688554296 986.057391123594 0 1 1 0 1 1 204 58 12 4 0 0 
1651007862.1995296 20.432421875 37.28594460903934 986.079904055126 0 1 1 0 1 1 183 53 10 2 0 0 
1651007867.3333259 20.442578125 37.19703508653306 986.1034637897226 0 1 1 0 1 1 162 45 14 0 0 0 
1651007872.4688134 20.4375 37.52318975562339 986.0916839207113 0 1 1 0 1 1 177 47 14 0 0 0 
1651007877.6021397 20.4375 37.27996940825834 986.1045113401537 0 1 1 0 1 1 177 47 14 0 0 0 
1651007882.7365146 20.4375 37.185036317081675 986.0913662228694 0 1 1 0 1 1 177 47 14 0 0 0 
1651007887.8701687 20.422265625 37.291874885453765 986.0418346871817 0 1 1 0 1 1 171 47 10 0 0 0 
1651007893.0039692 20.432421875 37.309665653010676 986.0552971612343 0 1 1 0 1 1 171 47 10 0 0 0 
1651007898.138484 20.422265625 37.07842567806227 986.0765383798737 0 1 1 0 1 1 171 47 10 0 0 0 
1651007903.2715464 20.422265625 37.404635117394164 986.0933667589317 0 1 1 0 1 1 186 49 12 0 0 0 
1651007908.405685 20.422265625 37.38680158643881 986.073172704901 0 1 1 0 1 1 186 49 12 0 0 0 
1651007913.5397224 20.422265625 37.30378003811416 986.0657116060014 0 1 1 0 1 1 186 49 12 0 0 0 
1651007918.6732235 20.4171875 37.315640382673315 986.070442449892 0 1 1 0 1 1 201 56 14 0 0 0 
1651007923.8075664 20.412109375 37.52323185405647 986.0811741312525 0 1 1 0 1 1 201 56 14 0 0 0 
1651007928.939679 20.422265625 37.35723926701879 986.0569799708055 0 1 1 0 1 1 201 56 14 0 0 0 
1651007934.0740793 20.422265625 37.39286238040129 986.0606632171153 1 1 1 1 1 1 222 63 14 0 0 0 
1651007939.2061598 20.422265625 37.35723926701879 986.076125781145 1 1 1 1 1 1 222 63 14 0 0 0 
1651007944.3382907 20.40703125 37.33356362734893 986.0713947583448 None None None None None None None None None None None None 
1651007949.4728208 20.401953125 37.29205388854525 986.0879052657078 0 0 2 0 0 2 183 53 10 4 2 0 
1651007954.6064553 20.401953125 37.404808854694565 986.0397396252424 0 0 2 0 0 2 183 53 10 4 2 0 
1651007959.7384956 20.40703125 37.26235869138085 986.0848569165746 0 0 0 0 0 0 174 48 8 2 2 0 
1651007964.8731823 20.40703125 37.582735603357 986.0845396983402 0 0 0 0 0 0 174 48 8 2 2 0 
1651007970.0053678 20.391796875 37.387107020004244 986.065932109834 0 0 0 0 0 0 174 48 8 2 2 0 
1651007975.136457 20.396875 37.227005110235424 986.0636153722266 0 0 0 0 0 0 189 51 8 2 2 0 
1651007980.2712233 20.396875 37.357459083549784 986.0434224727957 0 0 1 0 0 1 189 51 8 2 2 0 
1651007985.4035776 20.396875 37.458261019019176 986.0555187967369 0 0 1 0 0 1 189 51 8 2 2 0 
1651007990.5364819 20.391796875 37.36347640609144 986.0639324382797 0 0 1 0 0 1 189 53 10 2 2 0 
1651007995.669764 20.391796875 37.47016251105337 986.0689806240445 0 0 1 0 0 1 189 53 10 2 2 0 
1651008000.800375 20.3765625 37.529455492505676 986.0602498882889 0 0 1 0 0 1 189 53 10 2 2 0 
1651008005.9321644 20.38671875 37.57100143480582 986.0527873341061 0 0 1 0 0 1 204 57 10 2 2 0 
1651008011.0608087 20.38671875 37.43458622879295 986.0911728426676 0 0 1 0 0 1 204 57 10 2 2 0 
1651008016.1939697 20.3765625 37.351617452710066 986.0766617961115 0 0 1 0 0 1 204 57 10 2 2 0 
1651008021.3212078 20.3765625 37.38719418950976 986.0564695414636 0 0 2 0 0 2 225 64 10 2 2 0 
1651008026.450779 20.3765625 37.48214862421326 986.0914894729136 1 1 1 1 1 1 243 76 10 2 0 0 
1651008031.5800002 20.381640625 37.52953936944329 986.0749791078396 1 1 1 1 1 1 243 76 10 2 0 0 
1651008036.711189 20.361328125 37.38723775805795 986.120727896611 1 1 1 1 1 1 243 76 10 2 0 0 
1651008041.8420014 20.371484375 37.59480013543882 986.0991693547835 0 1 1 0 1 1 234 73 8 2 0 0 
1651008046.9736516 20.36640625 37.29241137616599 986.107266486296 0 1 1 0 1 1 234 73 8 2 0 0 
1651008052.1024323 20.371484375 37.5711257706324 986.124093249889 0 1 1 0 1 1 234 73 8 2 0 0 
1651008057.2361724 20.3765625 37.34568796060133 986.1621630392033 0 1 1 0 1 1 228 69 8 2 0 0 
1651008062.368031 20.371484375 37.476134412613405 986.1577467980464 0 1 1 0 1 1 228 69 8 2 0 0 
1651008067.498084 20.371484375 37.47621949452435 986.1745735826111 0 1 1 0 1 1 228 69 8 2 0 0 
1651008072.629708 20.371484375 37.44064450054806 986.1274586034465 0 1 1 0 1 1 234 69 8 2 0 0 
1651008077.758576 20.371484375 37.310199690273436 986.1305078577197 0 1 1 0 1 1 234 69 8 2 0 0 
1651008082.8917682 20.36640625 37.381352021662494 986.151016086178 0 1 1 0 1 1 234 69 8 2 0 0 
1651008088.019177 20.361328125 37.55926794560473 986.151016086178 0 1 1 0 1 1 246 71 8 2 0 0 
1651008093.1514492 20.371484375 37.6066579734092 986.1611121544001 0 1 1 0 1 1 246 71 8 2 0 0 
1651008098.2808647 20.371484375 37.5414393557997 986.1277746206694 0 1 1 0 1 1 246 71 8 2 0 0 
1651008103.4102416 20.12734375 37.5355940047313 986.1476507306633 1 1 1 1 1 1 246 71 8 0 0 0 
1651008108.5445197 20.35625 37.45263123256903 986.1179946312739 0 1 1 0 1 1 192 57 15 0 0 0 
1651008113.6771858 20.361328125 37.458517491355956 986.1126306538603 0 1 1 0 1 1 207 59 13 0 0 0 
1651008118.8090594 20.381640625 37.387324862745174 986.1301916487024 0 1 1 0 1 1 207 59 13 0 0 0 
1651008123.9395654 20.381640625 37.42869991476179 986.1234608328652 0 1 1 0 1 1 207 59 13 0 0 0 
1651008129.0738852 20.38671875 37.487992934289295 986.1116819078417 0 1 1 0 1 1 195 56 15 2 0 0 
1651008134.2044978 20.381640625 37.582942256355516 986.1503841029247 0 1 1 0 1 1 195 56 15 2 0 0 
1651008139.3333602 20.3765625 37.45241724591722 986.1749926704443 0 1 1 0 1 1 195 56 15 2 0 0 
1651008144.4655952 20.371484375 37.559143200933605 986.1439693843067 0 1 1 0 1 1 183 52 17 2 0 0 
1651008149.5967412 20.381640625 37.5058650401866 986.1554322180532 0 1 1 0 1 1 183 52 17 2 0 0 
1651008154.7282736 20.38671875 37.39308009846411 986.1315580479185 0 1 1 0 1 1 183 52 17 2 0 0 
1651008159.861435 20.391796875 37.57100143480582 986.1584815404564 0 1 1 0 1 1 198 54 19 2 0 0 
1651008164.9934497 20.38671875 37.404895658526826 986.133873238947 0 1 1 0 1 1 198 54 19 2 0 0 
1651008170.1261697 20.381640625 37.60064683960909 986.1601642593342 0 1 1 0 1 1 198 54 19 2 0 0 
1651008175.2592838 20.3765625 37.511751991791805 986.1531171460856 0 1 1 0 1 1 213 59 17 2 0 0 
1651008180.3886523 20.381640625 37.76084537984626 986.1672111557997 0 1 1 0 1 1 213 59 17 2 0 0 
1651008185.5204637 20.3765625 37.582942256355516 986.1964484129957 None None None None None None None None None None None None 
1651008190.651407 20.35625 37.594923588770776 986.1647932300399 0 1 1 0 1 1 237 69 16 0 0 0 
1651008195.7835972 20.36640625 37.636383747547654 986.1947657333158 0 1 1 0 1 1 237 69 16 0 0 0 
1651008200.915744 20.35625 37.63049575284422 986.2014964524544 1 1 1 1 1 1 258 76 16 0 0 0 
1651008206.049448 20.361328125 37.636343073407986 986.2143269410408 1 1 1 1 1 1 258 76 16 0 0 0 
1651008211.1797686 20.36640625 37.60674001387559 986.2119078727169 1 1 1 1 1 1 258 76 16 0 0 0 
1651008216.3123064 20.36640625 37.61266878116552 986.1869833120929 1 1 1 1 1 1 267 79 14 0 0 0 
1651008221.4435637 20.371484375 37.71341646423023 986.2082271727115 1 1 1 1 1 1 267 79 14 0 0 0 
1651008226.5773175 20.361328125 37.553380645767106 986.2048618124431 1 1 1 1 1 1 267 79 14 0 0 0 
1651008231.7095685 20.371484375 37.5355940047313 986.196763874451 0 1 1 0 1 1 231 68 12 0 0 0 
1651008236.8421504 20.361328125 37.48816250974779 986.2102252059632 0 1 1 0 1 1 231 68 12 0 0 0 
1651008241.9735827 20.371484375 37.4170572185416 986.1853006599433 0 1 1 0 1 1 231 68 12 0 0 0 
1651008247.1056259 20.36640625 37.45856019893561 986.1903486166021 0 1 1 0 1 1 237 70 12 0 0 0 
1651008252.237203 20.351171875 37.594964718276756 986.2081202987118 0 1 1 0 1 1 237 70 12 0 0 0 
1651008257.3719792 20.341015625 37.731400196471014 986.2030724619531 0 1 1 0 1 1 237 70 12 0 0 0 
1651008262.5027761 20.34609375 37.46457440148596 986.2111706083283 1 1 1 1 1 1 252 75 12 0 0 0 
1651008267.6345768 20.34609375 37.749185002404296 986.1677376222572 None None None None None None None None None None None None 
1651008272.7694724 20.3357421875 37.61880176891586 986.2050699341584 1 1 2 1 1 2 285 85 21 2 2 0 
1651008277.903146 20.341015625 37.75507398227309 986.23809263412 1 1 2 1 1 2 285 85 21 2 2 0 
1651008283.0351074 20.341015625 37.76104148830908 986.2033873355307 0 1 2 0 1 2 231 69 14 2 2 0 
1651008288.1688142 20.341015625 37.59521126846371 986.2006516115589 0 1 2 0 1 2 231 69 14 2 2 0 
1651008293.302485 20.3306640625 37.71369475595939 986.2255757110693 0 1 2 0 1 2 231 69 14 2 2 0 
1651008298.434767 20.3255859375 37.62485237935908 986.2104324403831 0 1 2 0 1 2 246 74 16 2 2 0 
1651008303.5661607 20.3205078125 37.678245831552765 986.1962330145309 0 1 2 0 1 2 246 74 16 2 2 0 
1651008308.69656 20.3255859375 37.630861850023905 986.194550470543 0 1 2 0 1 2 246 74 16 2 2 0 
1651008313.8256311 20.3052734375 37.71385354216228 986.2063282799256 0 1 4 0 1 4 252 76 14 4 4 2 
1651008318.954851 20.3103515625 37.74938152215329 986.1830871672304 0 1 4 0 1 4 252 76 14 4 4 2 
1651008324.0861206 20.3103515625 37.64872678087695 986.1999124698106 0 1 4 0 1 4 252 76 14 4 4 2 
1651008329.216898 20.3103515625 37.67828592071253 986.1878202952906 0 1 4 0 1 4 246 74 16 4 4 2 
1651008334.3505864 20.3103515625 37.65453360586562 986.1870808499923 0 1 4 0 1 4 246 74 16 4 4 2 
1651008339.4835284 20.3103515625 37.5122987961908 986.1766714955979 0 1 4 0 1 4 246 74 16 4 4 2 
1651008344.6177912 20.3154296875 37.713813861814444 986.1867665932997 0 2 4 0 2 4 294 88 20 6 4 2 
1651008349.7478344 20.3103515625 37.672438230026 986.1971758688799 1 1 1 1 1 1 222 62 12 0 0 0 
1651008354.882479 20.3154296875 37.737486257863104 986.2217853736137 1 1 1 1 1 1 243 69 14 0 0 0 
1651008360.0154982 20.3103515625 37.89172372631015 986.1918141430939 1 1 1 1 1 1 243 69 14 0 0 0 
1651008365.1498585 20.3154296875 37.65457396757141 986.2453408216883 1 1 1 1 1 1 243 69 14 0 0 0 
1651008370.284013 20.3103515625 37.53597001127769 986.1982299392378 1 1 1 1 1 1 237 66 16 0 0 0 
1651008375.4176738 20.3205078125 37.82644351717995 986.2315664544207 1 1 1 1 1 1 237 66 16 0 0 0 
1651008380.5513399 20.3154296875 37.85612032881785 986.2355596009943 1 1 1 1 1 1 237 66 16 0 0 0 
1651008385.685134 20.3205078125 37.79079903670005 986.190131626426 0 1 1 0 1 1 246 66 12 0 0 0 
1651008390.8182044 20.3154296875 37.79688193600729 986.203591761727 0 1 1 0 1 1 246 66 12 0 0 0 
1651008395.9519124 20.3205078125 37.731637214169275 986.2049600619475 0 1 1 0 1 1 246 66 12 0 0 0 
1651008401.084919 20.3154296875 37.74345360445257 986.1878202952906 0 1 1 0 1 1 225 59 12 0 0 0 
1651008406.218085 20.3103515625 37.78502652726651 986.2224134271066 0 1 1 0 1 1 225 59 12 0 0 0 
1651008411.3509521 20.2951171875 37.719860635127645 986.1753033311368 0 1 1 0 1 1 225 59 12 0 0 0 
1651008416.4838948 20.3103515625 37.68433541937681 986.2086393136182 0 1 1 0 1 1 210 59 12 0 0 0 
1651008421.617098 20.3052734375 37.75534863298969 986.2352456279788 0 1 1 0 1 1 210 59 12 0 0 0 
1651008426.7513459 20.3001953125 37.74946005444027 986.1762457293754 0 1 1 0 1 1 210 59 12 0 0 0 
1651008431.8856592 20.3052734375 37.868051412663135 986.2011688439908 0 1 1 0 1 1 207 60 6 0 0 0 
1651008437.0214217 20.3001953125 37.879830884504806 986.1988583722725 0 1 1 0 1 1 207 60 6 0 0 0 
1651008442.1555133 20.2900390625 37.725868921121744 986.2011688439908 0 0 0 0 0 0 264 76 6 0 0 0 
1651008447.2898338 20.2798828125 37.74957928042373 986.1924424657319 0 0 0 0 0 0 264 76 6 0 0 0 
1651008452.4230657 20.2900390625 37.90958251744319 986.1978038913558 0 0 0 0 0 0 264 76 6 0 0 0 
1651008457.5560813 20.2900390625 37.6903429723981 986.1728808059469 0 0 0 0 0 0 270 78 8 0 0 0 
1651008462.6890438 20.2798828125 37.88005874378973 986.1654101968012 0 0 0 0 0 0 270 78 8 0 0 0 
1651008467.823409 20.2798828125 37.82671346484666 986.1751910131749 0 0 0 0 0 0 270 78 8 0 0 0 
1651008472.9564645 20.2798828125 37.88009644043592 986.2186208708679 0 0 0 0 0 0 228 66 8 0 0 0 
1651008478.0907052 20.2798828125 37.63703462221137 986.2088397192404 1 1 1 1 1 1 228 66 8 0 0 0 
1651008483.2249022 20.2798828125 37.80893152026745 986.2314534302856 1 1 1 1 1 1 228 66 8 0 0 0 
1651008488.3592103 20.2798828125 37.67852776801052 986.2017963745986 0 1 1 0 1 1 219 66 8 2 0 0 
1651008493.4931734 20.2798828125 37.67256011450735 986.2290289562977 0 0 0 0 0 0 219 66 8 2 0 0 
1651008498.6269515 20.2697265625 37.690382860058804 986.2212433489337 0 0 0 0 0 0 219 66 8 2 0 0 
1651008503.760631 20.2748046875 37.78522211699287 986.2545785883564 0 1 1 0 1 1 375 108 15 2 0 0 
1651008508.8949351 20.2798828125 37.93336609623482 986.237127824836 None None None None None None None None None None None None 
1651008514.0287097 20.2798828125 37.70820509352993 986.2609952688857 1 1 2 1 1 2 300 86 14 2 2 0 
1651008519.1645846 20.2951171875 37.74954005250199 986.22398164609 1 1 2 1 1 2 300 86 14 2 2 0 
1651008524.297881 20.2900390625 37.80292698779815 986.262051371254 1 1 2 1 1 2 285 83 16 2 2 0 
1651008529.4291334 20.2849609375 37.631106988858456 986.2509006411325 1 1 2 1 1 2 285 83 16 2 2 0 
1651008534.5633602 20.2798828125 37.83864437948884 986.2394367721799 1 1 2 1 1 2 285 83 16 2 2 0 
1651008539.6965077 20.2748046875 37.891950697598745 986.2654163020904 1 1 2 1 1 2 312 92 16 2 2 0 
1651008544.8300319 20.2798828125 37.88598594563576 986.2609952688857 1 1 2 1 1 2 312 92 16 2 2 0 
1651008549.9627142 20.2849609375 37.82070937198294 986.2334494704304 1 1 2 1 1 2 312 92 16 2 2 0 
1651008555.0969582 20.2798828125 37.74373026571438 986.2637338366372 1 1 2 1 1 2 297 87 14 2 2 0 
1651008560.2307906 20.2697265625 37.690382860058804 986.2542655167707 1 1 2 1 1 2 297 87 14 2 2 0 
1651008565.3644872 20.2798828125 37.761551608585414 986.2859189258307 1 1 2 1 1 2 297 87 14 2 2 0 
1651008570.497852 20.2697265625 37.749736084092675 986.2209301156514 1 1 2 1 1 2 282 80 14 2 2 0 
1651008575.63214 20.2595703125 37.749736084092675 986.2161961211036 1 1 2 1 1 2 282 80 14 2 2 0 
1651008580.7651918 20.2748046875 37.909694650280144 986.2273465194917 1 1 2 1 1 2 282 80 14 2 2 0 
1651008585.8993564 20.2697265625 37.844533422377744 986.2125180018428 1 1 2 1 1 2 309 89 14 2 2 0 
1651008591.032314 20.2697265625 37.6904626029742 986.1970626689377 None None None None None None None None None None None None 
1651008596.1664891 20.2697265625 37.79130429277542 986.2714028351915 None None None None None None None None None None None None 
1651008601.3006375 20.2646484375 37.88020946556638 986.2380674462432 0 1 1 0 1 1 180 53 10 0 0 0 
1651008606.4344113 20.2748046875 37.87420705041671 986.2363850361979 0 1 1 0 1 1 180 53 10 0 0 0 
1651008611.5681114 20.2798828125 37.88598594563576 986.2145137119667 0 1 1 0 1 1 159 46 8 0 0 0 
1651008616.7023518 20.2798828125 37.6667127842686 986.2374411413749 0 1 1 0 1 1 159 46 8 0 0 0 
1651008621.8359342 20.2798828125 38.06379722361897 986.2323938301188 0 1 1 0 1 1 159 46 8 0 0 0 
1651008626.9724598 20.2748046875 37.7496577038618 986.2472225305645 0 1 1 0 1 1 201 58 8 0 0 0 
1651008632.106302 20.2798828125 37.803004184859766 986.2122045913845 0 1 1 0 1 1 201 58 8 0 0 0 
1651008637.240354 20.2748046875 37.76151254933472 986.2532091397969 0 0 0 0 0 0 201 58 8 0 0 0 
1651008642.3737936 20.2798828125 37.73772412132163 986.2290289562977 0 0 0 0 0 0 210 63 6 0 0 0 
1651008647.5075736 20.2798828125 37.92755036334715 986.2195609395872 0 0 0 0 0 0 210 63 6 0 0 0 
1651008652.6418512 20.2697265625 37.79715412929534 986.22398164609 0 1 1 0 1 1 210 63 6 0 0 0 
1651008657.7753844 20.2595703125 38.09353723782938 986.234389501379 0 1 1 0 1 1 219 66 2 0 0 0 
1651008662.9090316 20.2544921875 37.89799022275277 986.2033632865408 0 1 1 0 1 1 219 66 2 0 0 0 
1651008668.0427833 20.2595703125 37.83279366105604 986.2397498563587 None None None None None None None None None None None None 
1651008673.1759498 20.2494140625 37.77360072960198 986.2168237884467 0 0 2 0 0 2 168 51 10 2 2 2 
1651008678.311244 20.2494140625 37.738038645962945 986.2286003659674 0 0 2 0 0 2 168 51 10 2 2 2 
1651008683.445011 20.2544921875 38.15290661122219 986.2252342519873 0 0 2 0 0 2 168 51 12 2 2 2 
1651008688.5793157 20.2544921875 37.95733227042509 986.2016809050727 0 0 2 0 0 2 168 51 12 2 2 2 
1651008693.713013 20.2494140625 38.01067183644236 986.2036777901048 0 0 2 0 0 2 168 51 12 2 2 2 
1651008698.8461974 20.2595703125 38.09949900912952 986.2201871050669 0 0 2 0 0 2 189 56 12 2 2 2 
1651008703.9777582 20.2494140625 37.80916244342893 986.1986307288429 0 0 2 0 0 2 189 56 12 2 2 2 
1651008709.1113126 20.2544921875 37.8446476738218 986.2117766848432 0 0 2 0 0 2 189 56 12 2 2 2 
1651008714.245057 20.2443359375 38.05808408547934 986.2201871050669 0 1 1 0 1 1 210 63 12 0 0 0 
1651008719.378192 20.2392578125 37.998818671457535 986.1969483752285 0 1 1 0 1 1 210 63 12 0 0 0 
1651008724.5119212 20.2392578125 38.02252496033695 986.2053601439989 0 1 1 0 1 1 210 63 12 0 0 0 
1651008729.6456745 20.2341796875 38.06408159956447 986.2107199856945 0 1 1 0 1 1 225 68 16 0 0 0 
1651008734.7793515 20.2392578125 37.84479985785992 986.2390072365491 0 1 1 0 1 1 225 68 16 0 0 0 
1651008739.9129314 20.2341796875 38.08186058391805 986.195891715473 0 1 1 0 1 1 225 68 16 0 0 0 
1651008745.0464525 20.2291015625 38.0403761432838 986.246361538918 0 1 1 0 1 1 219 63 16 0 0 0 
1651008750.1796384 20.2341796875 37.82113117283475 986.2534030754189 None None None None None None None None None None None None 
1651008755.3131003 20.2240234375 37.8329463901294 986.195891715473 1 1 1 1 1 1 288 87 12 0 0 0 
1651008760.4465833 20.2291015625 37.84483787686576 986.2295382574488 1 1 1 1 1 1 288 87 12 0 0 0 
1651008765.5809824 20.2087890625 38.04044767422973 986.2527785221216 1 2 2 1 2 2 309 92 12 0 0 0 
1651008770.7152522 20.2138671875 37.951589564215524 986.2355220261919 1 2 2 1 2 2 309 92 12 0 0 0 
1651008775.8488343 20.2037109375 37.83317515969408 986.2506626151096 1 2 2 1 2 2 309 92 12 0 0 0 
1651008780.9826286 20.2037109375 38.076216860850025 986.2398223203429 1 1 1 1 1 1 273 83 12 0 0 0 
1651008786.1128323 20.1986328125 38.07022035756174 986.2347755802002 1 1 1 1 1 1 273 83 12 0 0 0 
1651008791.2465544 20.1986328125 37.84498984487444 986.2353989275649 1 1 1 1 1 1 273 83 12 0 0 0 
1651008796.380248 20.2037109375 38.23614221839088 986.2347755802002 1 1 1 1 1 1 252 76 10 0 0 0 
1651008801.5139513 20.2037109375 37.963625224641454 986.261691534894 1 1 1 1 1 1 252 76 10 0 0 0 
1651008806.6467967 20.1935546875 37.88662416146828 986.2330933336257 1 1 1 1 1 1 252 76 10 0 0 0 
1651008811.7807748 20.1884765625 38.08221303818631 986.2390748492326 1 1 1 1 1 1 264 76 10 0 0 0 
1651008816.9144046 20.1833984375 38.12369220717473 986.2353989275649 1 1 1 1 1 1 264 76 10 0 0 0 
1651008822.0481474 20.1884765625 38.218533465998895 986.2505389058973 1 1 1 1 1 1 264 76 10 0 0 0 
1651008827.1812987 20.1884765625 37.99329119149189 986.2471744657789 1 1 1 1 1 1 255 73 8 0 0 0 
1651008832.314985 20.1783203125 38.01114072407412 986.2276108763933 1 2 2 1 2 2 309 91 14 2 0 0 
1651008837.4491637 20.1833984375 38.11776664241413 986.2841833224529 1 2 2 1 2 2 309 91 14 2 0 0 
1651008842.5818527 20.1833984375 38.04073336598128 986.2373926431819 1 1 1 1 1 1 309 91 12 0 0 0 
1651008847.7168875 20.1833984375 37.898588111533876 986.2444328003066 1 1 1 1 1 1 309 91 12 0 0 0 
1651008852.851883 20.1884765625 38.16523932689328 986.2505389058973 1 1 1 1 1 1 309 91 12 0 0 0 
1651008857.9874337 20.1783203125 38.105985298377476 986.2380153072659 0 1 1 0 1 1 288 84 12 0 0 0 
1651008863.1225462 20.1833984375 38.070432388343754 986.2497905613245 0 1 1 0 1 1 288 84 12 0 0 0 
1651008868.257498 20.1783203125 38.02895352605331 986.2211935216919 0 1 1 0 1 1 288 84 12 0 0 0 
1651008873.3923912 20.1783203125 38.07039707688184 986.2104773558739 1 1 1 1 1 1 309 91 16 0 0 0 
1651008878.5273075 20.1783203125 38.005323182294724 986.2309752606171 1 1 1 1 1 1 309 91 16 0 0 0 
1651008883.6627345 20.1833984375 38.117836186234676 986.1945901997269 1 1 1 1 1 1 309 91 16 0 0 0 
1651008888.7933788 20.1783203125 38.04673024293617 986.1663050712051 1 1 1 1 1 1 294 87 18 0 0 0 
1651008893.928031 20.1833984375 38.212574446216415 986.1889204779067 1 1 1 1 1 1 294 87 18 0 0 0 
1651008899.063225 20.1783203125 38.206750269799294 986.1367726079876 1 1 1 1 1 1 294 87 18 0 0 0 
1651008904.1975136 20.1935546875 38.123761614759395 986.1421312230756 0 1 1 0 1 1 258 76 14 0 0 0 
1651008909.3324978 20.1783203125 38.088208889572265 986.1522242738802 0 1 1 0 1 1 258 76 14 0 0 0 
1651008914.468431 20.1783203125 38.16527353766609 986.1447488511357 1 2 2 1 2 2 288 86 18 4 0 0 
1651008919.60429 20.1783203125 38.05269129971397 986.1841856180207 1 2 2 1 2 2 288 86 18 4 0 0 
1651008924.739925 20.1783203125 38.25415163323896 986.1959608564301 1 2 2 1 2 2 288 86 18 4 0 0 
1651008929.875118 20.1732421875 38.3015523394614 986.1623173272 1 2 2 1 2 2 273 83 16 4 0 0 
1651008935.0084817 20.1783203125 38.005251093106594 986.1337203493262 1 2 2 1 2 2 273 83 16 4 0 0 
1651008940.14272 20.1783203125 38.09416939762671 986.155276683177 1 2 2 1 2 2 273 83 16 4 0 0 
1651008945.2770936 20.1884765625 38.09413436944325 986.1720985770486 0 1 2 0 1 2 252 78 14 4 0 0 
1651008950.4079466 20.1783203125 38.123796302350954 986.169980873965 0 1 2 0 1 2 252 78 14 4 0 0 
1651008955.5429158 20.1935546875 38.2007236145173 986.174839070827 0 1 2 0 1 2 252 78 14 4 0 0 
1651008960.6718156 20.1884765625 38.18887274173929 986.207112946218 0 0 1 0 0 1 240 71 16 4 0 0 
1651008965.8026514 20.1935546875 38.20661526913538 986.1970197189271 0 0 1 0 0 1 240 71 16 4 0 0 
1651008970.9343734 20.1935546875 37.999289330278685 986.2199472139014 0 0 1 0 0 1 240 71 16 4 0 0 
1651008976.0610669 20.1884765625 37.987401619440206 986.2387633667053 0 0 1 0 0 1 228 69 16 2 0 0 
1651008981.1915228 20.1986328125 38.147359915996226 986.2152122985915 0 1 2 0 1 2 228 69 16 2 0 0 
1651008986.325101 20.1935546875 38.01114072407412 986.2236233927745 0 1 2 0 1 2 228 69 16 2 0 0 
1651008991.4588912 20.1884765625 37.987292726739085 986.1846203483603 0 1 1 0 1 1 216 65 12 0 0 0 
1651008996.5916784 20.1986328125 38.04073336598128 986.1933434618903 1 2 2 1 2 2 303 93 25 2 0 0 
1651009001.723532 20.1884765625 38.16517087294653 986.1798857220969 1 2 2 1 2 2 276 84 25 2 0 0 
1651009006.8575187 20.1783203125 38.070432388343754 986.2236233927745 1 2 2 1 2 2 276 84 25 2 0 0 
1651009011.9906738 20.1986328125 37.89851352665427 986.2168945172883 1 2 2 1 2 2 276 84 25 2 0 0 
1651009017.1231637 20.1986328125 38.17698772094034 986.218576736055 1 2 2 1 2 2 255 81 27 2 0 0 
1651009022.2547593 20.1986328125 37.90440223087971 986.2101656429202 1 2 2 1 2 2 255 81 27 2 0 0 
1651009027.3836384 20.1884765625 38.11766224567926 986.1788273365534 1 2 2 1 2 2 255 81 27 2 0 0 
1651009032.516357 20.1884765625 37.922291283866954 986.2121595608068 1 2 2 1 2 2 234 74 27 2 0 0 
1651009037.6440818 20.1884765625 38.17109635554931 986.188608698106 1 2 2 1 2 2 234 74 27 2 0 0 
1651009042.775912 20.1884765625 38.07036175461922 986.2068012061552 1 2 2 1 2 2 234 74 27 2 0 0 
1651009047.9044654 20.1935546875 38.135612441001065 986.1832501566258 1 2 2 1 2 2 228 74 25 2 0 0 
1651009053.038046 20.1935546875 38.1354049060523 986.1512880398824 1 2 2 1 2 2 228 74 25 2 0 0 
1651009058.1648643 20.1935546875 38.02292033153115 986.1577046619622 1 2 2 1 2 2 228 74 25 2 0 0 
1651009063.2935884 20.02578125 38.10584562258773 986.1220652141901 0 1 2 0 1 2 222 72 23 4 0 0 
1651009068.4249053 20.1935546875 38.14143432419751 986.1529702559243 0 1 2 0 1 2 222 72 23 4 0 0 
1651009073.558544 20.1935546875 38.164999549072995 986.1274245361438 0 0 1 0 0 1 222 72 23 4 0 0 
1651009078.6905575 20.1986328125 38.022956209561805 986.141194745098 1 2 2 1 2 2 270 83 25 0 0 0 
1651009083.8211954 20.1884765625 38.00514287831748 986.1392001379387 1 2 2 1 2 2 270 83 25 0 0 0 
1651009088.9525635 20.1986328125 37.99914470659688 986.1465536201996 1 2 2 1 2 2 270 88 30 0 0 0 
1651009094.0816019 20.1986328125 37.95184665960846 986.1344658833058 1 2 2 1 2 2 270 88 30 0 0 0 
1651009099.215581 20.1884765625 38.09995489404759 986.1058682331599 1 2 2 1 2 2 270 88 30 0 0 0 
1651009104.3474941 20.1935546875 38.18294728994569 986.1392001379387 1 2 2 1 2 2 297 86 28 0 0 0 
1651009109.4773006 20.1986328125 38.105810676638846 986.1314138028425 1 2 2 1 2 2 297 86 28 0 0 0 
1651009114.6112669 20.2037109375 38.11755775173951 986.15340273736 1 2 2 1 2 2 297 86 28 0 0 0 
1651009119.744584 20.2087890625 38.15318229450201 986.1338409093993 1 2 2 1 2 2 318 90 30 0 0 0 
1651009124.8770711 20.2037109375 38.058368487953835 986.1153362470363 1 2 2 1 2 2 318 90 30 0 0 0 
1651009130.003472 20.2037109375 38.094029220089176 986.1220652141901 1 2 2 1 2 2 318 90 30 0 0 0 
1651009135.1336482 20.2037109375 37.981366721404534 986.1388876369655 1 2 2 1 2 2 303 85 28 0 0 0 
1651009140.2651045 20.1935546875 38.265869595278275 986.0853688433946 1 2 2 1 2 2 303 85 28 0 0 0 
1651009145.3938444 20.2037109375 38.3013563124785 986.1197573440385 1 2 2 1 2 2 303 85 28 0 0 0 
1651009150.526566 20.2037109375 38.12944439428367 986.0699157479878 0 2 2 0 2 2 288 80 28 0 0 0 
1651009155.6563175 20.1986328125 38.058368487953835 986.1187007304735 0 2 2 0 2 2 288 80 28 0 0 0 
1651009160.7897978 20.1986328125 37.98725640757007 986.106925039666 0 1 1 0 1 1 192 59 13 0 0 0 
1651009165.923682 20.2087890625 38.1175925938533 986.1102895224045 0 1 1 0 1 1 192 59 13 0 0 0 
1651009171.055563 20.2087890625 38.082142633737966 986.1231218821129 0 1 1 0 1 1 192 59 13 0 0 0 
1651009176.1865494 20.2189453125 38.004962304317154 986.0749624675891 0 1 1 0 1 1 192 62 15 2 0 0 
1651009181.3199956 20.2087890625 37.98725640757007 986.0998831529304 0 1 1 0 1 1 192 62 15 2 0 0 
1651009186.45372 20.2087890625 37.96940507690074 986.1079814629786 0 1 1 0 1 1 192 62 15 2 0 0 
1651009191.587328 20.2138671875 37.98718373682909 986.1015654075396 0 1 1 0 1 1 213 69 17 2 0 0 
1651009196.7191641 20.2138671875 38.06425898350682 986.0816914280356 0 1 1 0 1 1 213 69 17 2 0 0 
1651009201.8539195 20.2037109375 38.129479089361055 986.0965186439213 0 1 1 0 1 1 213 69 17 2 0 0 
1651009206.986318 20.2087890625 38.028702781085045 986.1191312782795 0 1 1 0 1 1 228 71 17 2 0 0 
1651009212.1197007 20.2291015625 38.046445268965996 986.1127152363189 0 1 1 0 1 1 228 71 17 2 0 0 
1651009217.2511687 20.2138671875 38.0523713656884 986.1043038259803 0 1 1 0 1 1 228 71 17 2 0 0 
1651009222.3844552 20.2189453125 38.05826191803148 986.1255473204145 1 2 2 1 2 2 264 80 19 2 0 0 
1651009227.5155473 20.2240234375 38.12934024424848 986.1019949885135 1 2 2 1 2 2 264 80 19 2 0 0 
1651009232.648013 20.2138671875 38.08203694606047 986.118818081331 1 2 2 1 2 2 264 80 19 2 0 0 
1651009237.7825153 20.2138671875 37.93377353953785 986.0781290386662 1 2 2 1 2 2 315 94 21 2 0 0 
1651009242.914594 20.2240234375 38.075969628221884 986.091587612972 1 2 2 1 2 2 285 85 10 2 0 0 
1651009248.0436356 20.2341796875 38.09963947582287 986.0895916447937 1 2 2 1 2 2 285 85 10 2 0 0 
1651009253.1722636 20.2443359375 38.081825279087575 986.1044190340548 1 2 2 1 2 2 285 85 10 2 0 0 
1651009258.3023481 20.2443359375 37.8802847616466 986.0825484933905 0 2 2 0 2 2 216 67 12 2 0 0 
1651009263.4335687 20.2443359375 38.105460623117885 986.1074700178438 0 2 2 0 2 2 216 67 12 2 0 0 
1651009268.564464 20.2494140625 37.981002362434594 986.1222952406706 0 2 2 0 2 2 216 67 12 2 0 0 
1651009273.6947663 20.2697265625 37.880247119007166 986.1004241544274 0 1 1 0 1 1 216 67 10 2 0 0 
1651009278.8265333 20.2697265625 37.93940431987873 986.1441663387236 0 1 1 0 1 1 216 67 10 2 0 0 
1651009283.961544 20.2697265625 37.97500252793792 986.0984276502828 0 1 1 0 1 1 216 67 10 2 0 0 
1651009289.0964358 20.2646484375 38.129096849482096 986.1219813170532 0 2 2 0 2 2 237 69 10 2 0 0 
1651009294.2255044 20.2595703125 38.10539048280668 986.0704553658503 0 2 2 0 2 2 237 69 10 2 0 0 
1651009299.357058 20.2595703125 38.06983062459559 986.1085220772214 0 2 2 0 2 2 237 69 10 2 0 0 
1651009304.49103 20.2697265625 38.028379617036464 986.1230355740171 0 2 2 0 2 2 216 65 12 4 0 0 
1651009309.624832 20.2646484375 37.96318554141291 986.1172480658738 0 2 2 0 2 2 216 65 12 4 0 0 
1651009314.7560103 20.2697265625 37.803042767188145 986.0900156297558 0 2 2 0 2 2 216 65 12 4 0 0 
1651009319.8900044 20.2849609375 38.05190769425327 986.104214434052 0 1 1 0 1 1 195 58 8 4 0 0 
1651009325.0238066 20.2798828125 38.01041860242334 986.0921227275278 0 1 2 0 1 2 249 67 10 6 0 0 
1651009330.1581147 20.2798828125 38.06968857949582 986.077609923664 0 1 1 0 1 1 219 62 10 4 0 0 
1651009335.2907763 20.2798828125 38.10539048280668 986.1034748634378 0 1 1 0 1 1 219 62 10 4 0 0 
1651009340.4253566 20.2798828125 38.01052719609409 986.1014782633074 0 1 1 0 1 1 219 62 10 4 0 0 
1651009345.5609503 20.2748046875 37.88020946556638 986.106525517546 0 1 1 0 1 1 252 71 10 4 0 0 
1651009350.6920612 20.2697265625 38.04016129122666 986.0698267876188 0 1 1 0 1 1 252 71 10 4 0 0 
1651009355.8238916 20.2646484375 38.01645403566761 986.0950628418624 0 1 1 0 1 1 252 71 10 4 0 0 
1651009360.9587934 20.2595703125 38.02238086496762 986.0432229077809 0 2 2 0 2 2 252 71 12 4 0 0 
1651009366.0911934 20.2646484375 38.02245293425402 986.0863365043655 0 2 2 0 2 2 252 71 12 4 0 0 
1651009371.225308 20.2798828125 38.06972410697182 986.07929235425 0 2 2 0 2 2 252 71 12 4 0 0 
1651009376.3592508 20.2798828125 38.087540007701946 986.0742450627015 0 2 2 0 2 2 267 76 14 4 0 0 
1651009381.4935002 20.2748046875 38.09350201523471 986.0378611414823 0 2 2 0 2 2 267 76 14 4 0 0 
1651009386.6243987 20.2748046875 38.12902721091573 986.0462731511775 0 2 2 0 2 2 267 76 14 4 0 0 
1651009391.759138 20.2697265625 37.99863716279142 986.0227195284331 0 2 2 0 2 2 240 69 14 4 0 0 
1651009396.8921242 20.2697265625 38.11720873657169 986.0011632191367 0 2 2 0 2 2 240 69 14 4 0 0 
1651009402.0225637 20.2798828125 37.95718517762484 986.0257695252035 0 2 2 0 2 2 240 69 14 4 0 0 
1651009407.1538382 20.2748046875 37.98681973506499 986.0429083470897 0 0 0 0 0 0 219 68 14 0 0 0 
1651009412.2894557 20.2697265625 38.040125444747645 986.0153600411087 0 1 1 0 1 1 219 68 14 0 0 0 
1651009417.4185388 20.2697265625 37.99870979866071 986.009260321586 0 1 1 0 1 1 213 64 14 0 0 0 
1651009422.5528133 20.2646484375 37.95718517762484 986.0139926231063 0 1 1 0 1 1 213 64 14 0 0 0 
1651009427.684024 20.2748046875 37.90973200628996 986.0506910437913 0 1 1 0 1 1 213 64 14 0 0 0 
1651009432.8153758 20.2748046875 38.200146959504714 986.0344963380933 0 0 0 0 0 0 246 73 14 0 0 0 
1651009437.9489365 20.2646484375 38.07572186636021 986.0425936769971 0 0 0 0 0 0 246 73 14 0 0 0 
1651009443.0828667 20.2697265625 38.081648592925205 986.0597323703238 0 0 0 0 0 0 246 73 14 0 0 0 
1651009448.2155886 20.2697265625 37.89202578597668 986.0799212074294 0 1 1 0 1 1 252 75 10 0 0 0 
1651009453.3494167 20.2748046875 37.97492934707992 986.0493233396711 0 1 1 0 1 1 252 75 10 0 0 0 
1651009458.4839702 20.2748046875 38.0282717012717 986.0422788975001 0 1 1 0 1 1 252 75 10 0 0 0 
1651009463.6136444 20.2798828125 37.99856448371834 986.0372316105639 0 0 0 0 0 0 288 84 12 0 0 0 
1651009468.7481973 20.2748046875 37.891950697598745 986.033866752956 0 0 0 0 0 0 288 84 12 0 0 0 
1651009473.8805537 20.2748046875 38.13491914577094 986.0574207620823 0 0 0 0 0 0 288 84 12 0 0 0 
1651009479.0113473 20.2900390625 37.98081977791184 986.0766657826772 0 0 0 0 0 0 300 88 14 0 0 0 
1651009484.1456952 20.2798828125 37.83856804319627 986.0470113368258 None None None None None None None None None None None None 
1651009489.279302 20.2849609375 37.95111069719892 986.0399665541253 0 0 0 0 0 0 258 76 6 2 0 0 
1651009494.4164956 20.3001953125 37.89776530157471 986.0551086620652 0 0 0 0 0 0 258 76 6 2 0 0 
1651009499.54979 20.2849609375 38.04587186889145 986.0346040241254 0 1 1 0 1 1 216 60 6 2 0 0 
1651009504.6858768 20.2900390625 37.96292834125854 985.8442758660657 0 1 1 0 1 1 216 60 6 2 0 0 
1651009509.820127 20.3001953125 37.838453457746205 986.0797158198718 0 1 1 0 1 1 216 60 6 2 0 0 
1651009514.9515047 20.3103515625 37.82055418702547 986.0541633359622 0 1 1 0 1 1 186 57 6 2 0 0 
1651009520.083594 20.3205078125 37.95092460997543 986.0471179650978 0 1 1 0 1 1 186 57 6 2 0 0 
1651009525.2155292 20.3255859375 37.915321671157436 986.0784551041762 0 1 1 0 1 1 186 57 6 2 0 0 
1651009530.3480952 20.3154296875 37.879830884504806 986.014834525838 0 1 1 0 1 1 186 54 6 2 0 0 
1651009535.4805412 20.3154296875 37.92132396135415 986.0319753716977 0 1 1 0 1 1 186 54 6 2 0 0 
1651009540.6125517 20.3205078125 38.10500258500808 986.0336578817958 0 1 1 0 1 1 186 54 6 2 0 0 
1651009545.7475266 20.3205078125 37.94507107739974 986.0387054125099 0 1 1 0 1 1 201 59 8 2 0 0 
1651009550.881796 20.3154296875 37.92128666557331 986.0403879228877 0 1 1 0 1 1 201 59 8 2 0 0 
1651009556.0132139 20.3103515625 37.99245377884332 986.03092378686 0 1 1 0 1 1 201 59 8 2 0 0 
1651009561.1492882 20.3001953125 38.02801813271639 986.0235628222549 0 1 1 0 1 1 192 57 10 2 0 0 
1651009566.28229 20.3052734375 37.915396409773294 986.0474333468536 0 0 0 0 0 0 162 45 2 0 0 0 
1651009571.4126177 20.3103515625 37.9272515026596 986.0205134016016 0 0 0 0 0 0 162 45 2 0 0 0 
1651009576.5461981 20.3103515625 38.016127183404286 986.0669927699195 0 0 0 0 0 0 162 45 2 0 0 0 
1651009581.6801825 20.3052734375 37.980598912015765 986.0339733719911 0 0 0 0 0 0 162 45 2 0 0 0 
1651009586.81078 20.3052734375 38.022200502736425 986.0326062697785 0 0 0 0 0 0 183 52 2 0 0 0 
1651009591.9445517 20.3205078125 37.92721427500501 986.0279789617219 0 0 0 0 0 0 183 52 2 0 0 0 
1651009597.077098 20.3154296875 37.915396409773294 985.9784510229645 0 0 0 0 0 0 183 52 2 0 0 0 
1651009602.2097108 20.3205078125 37.79083785292115 986.0111535948824 0 0 0 0 0 0 168 50 2 0 0 0 
1651009607.3419147 20.3205078125 37.82644351717995 986.0192503505198 0 0 0 0 0 0 168 50 2 0 0 0 
1651009612.4752276 20.3103515625 37.74353227300616 986.0232471413079 0 0 0 0 0 0 168 50 2 0 0 0 
1651009617.608922 20.3205078125 37.844264989321985 986.0131520029535 0 0 0 0 0 0 195 59 2 0 0 0 
1651009622.7424157 20.3205078125 37.814549405774315 985.9993758422538 0 0 0 0 0 0 195 59 2 0 0 0 
1651009627.875697 20.3205078125 37.92128666557331 986.0363916477627 0 0 0 0 0 0 195 59 2 0 0 0 
1651009633.0088649 20.3357421875 37.844112198739495 985.9875980930497 0 0 0 0 0 0 201 61 2 0 0 0 
1651009638.1421885 20.3205078125 38.03987283513756 986.0162012042005 0 0 0 0 0 0 201 61 2 0 0 0 
1651009643.2760832 20.3306640625 37.92706525637467 986.0001098217996 0 0 0 0 0 0 201 61 2 0 0 0 
1651009648.409339 20.3306640625 37.91528428564766 986.0125201501234 0 1 2 0 1 2 234 68 19 4 2 0 
1651009653.542663 20.3205078125 37.87382756859632 985.9973772033197 0 1 2 0 1 2 234 68 19 4 2 0 
1651009658.6754587 20.3205078125 37.879830884504806 986.0246138877949 0 1 2 0 1 2 204 61 12 4 2 0 
1651009663.8084638 20.3205078125 37.962779715806846 985.994012104799 0 0 1 0 0 1 204 61 12 4 2 0 
1651009668.9391546 20.3255859375 37.98645324695586 986.0327107546676 0 0 1 0 0 1 204 61 12 4 2 0 
1651009674.072435 20.3255859375 37.87382756859632 986.0226154511372 0 0 1 0 0 1 204 61 10 2 2 0 
1651009679.2062936 20.3306640625 37.86786186802514 986.0343933055007 0 0 2 0 0 2 204 61 10 2 2 0 
1651009684.3396487 20.3255859375 37.82043879273182 986.0239820058769 0 0 2 0 0 2 204 61 10 2 2 0 
1651009689.4735456 20.3255859375 37.962706045599376 986.0044234501039 0 0 2 0 0 2 219 64 8 2 2 0 
1651009694.6073773 20.3255859375 38.04565664541276 986.0340773911569 0 0 2 0 0 2 219 64 8 2 2 0 
1651009699.7406497 20.3255859375 37.986416678948686 985.9953784279153 0 0 2 0 0 2 219 64 8 2 2 0 
1651009704.8739746 20.3306640625 37.89157315904525 985.9956946540244 0 1 2 0 1 2 234 69 8 2 2 0 
1651009710.0072176 20.3306640625 37.77894306235459 985.9953784279153 0 1 2 0 1 2 234 69 8 2 2 0 
1651009715.1404388 20.3255859375 38.051655891540165 986.0010583781338 0 1 2 0 1 2 234 69 8 2 2 0 
1651009720.273349 20.3255859375 37.85015455089352 985.9771866163887 0 1 1 0 1 1 234 69 8 0 0 0 
1651009725.40716 20.3205078125 37.86786186802514 985.9960107707032 0 1 1 0 1 1 234 69 8 0 0 0 
1651009730.5404072 20.3306640625 37.77909880748337 986.0212488141474 0 0 0 0 0 0 171 49 4 0 0 0 
1651009735.6730068 20.3205078125 37.96863371935086 985.9859155577286 0 0 0 0 0 0 171 49 4 0 0 0 
1651009740.805701 20.3103515625 37.93906946304149 986.0050552196313 0 0 0 0 0 0 171 49 4 0 0 0 
1651009745.9394493 20.3255859375 37.82051573306248 986.0222994419082 0 0 0 0 0 0 171 47 4 0 0 0 
1651009751.0731378 20.3255859375 37.91524688933664 985.9741378124386 0 0 0 0 0 0 171 47 4 0 0 0 
1651009756.2070153 20.3154296875 37.950887644022316 986.0178837407796 0 0 0 0 0 0 171 47 4 0 0 0 
1651009761.3405933 20.3103515625 38.09318316718489 986.001690201881 0 0 0 0 0 0 171 47 6 0 0 0 
1651009766.474709 20.3205078125 38.10507296376303 985.9744539959038 0 0 0 0 0 0 171 47 6 0 0 0 
1651009771.6084976 20.3357421875 38.02794598282624 985.9539473999092 0 0 0 0 0 0 171 47 6 0 0 0 
1651009776.7424114 20.3205078125 38.00430860456927 985.9825504872963 0 0 0 0 0 0 171 50 8 0 0 0 
1651009781.8759773 20.3205078125 37.77894306235459 985.9357560258271 0 0 0 0 0 0 171 50 8 0 0 0 
1651009787.0095155 20.3306640625 37.78483215951089 985.9943282350326 0 0 0 0 0 0 171 50 8 0 0 0 
1651009792.1434112 20.3205078125 37.879755328361234 985.9923295556436 0 0 0 0 0 0 180 55 8 0 0 0 
1651009797.2768366 20.3255859375 37.761198180647604 985.9583620628915 0 0 0 0 0 0 180 55 8 0 0 0 
1651009802.4106288 20.3255859375 37.838222523037615 985.9569960395224 0 0 0 0 0 0 180 55 8 0 0 0 
1651009807.544686 20.3205078125 38.057583343028966 985.9388045971172 0 1 1 0 1 1 201 60 8 0 0 0 
1651009812.6778533 20.3205078125 38.04580017093505 985.9943282350326 1 1 1 1 1 1 219 67 4 0 0 0 
1651009817.8113437 20.3255859375 37.83833730416095 985.9859155577286 1 1 1 1 1 1 225 69 4 0 0 0 
1651009822.944189 20.3103515625 38.08136396993661 985.9758203472702 1 1 1 1 1 1 225 69 4 0 0 0 
1651009828.0780852 20.3103515625 37.832409608724525 985.9663575323824 1 1 1 1 1 1 225 69 4 0 0 0 
1651009833.2122622 20.3052734375 38.116927399023844 985.9518471685249 1 1 1 1 1 1 234 71 4 0 0 0 
1651009838.345902 20.3052734375 37.89768879755076 985.9993758422538 1 1 1 1 1 1 234 71 4 0 0 0 
1651009843.480044 20.3052734375 37.83244791562573 985.9821318126249 1 1 1 1 1 1 234 71 4 0 0 0 
1651009848.6137788 20.3001953125 37.76131558648299 985.9983251844105 0 0 0 0 0 0 192 57 4 0 0 0 
1651009853.7475834 20.3001953125 38.05769052984014 986.0111535948824 0 0 0 0 0 0 192 57 4 0 0 0 
1651009858.8817415 20.3103515625 37.962853342810014 986.0097869573946 0 0 0 0 0 0 192 57 4 0 0 0 
1651009864.0153646 20.3052734375 37.879830884504806 985.9714050547093 0 1 1 0 1 1 213 66 4 0 0 0 
1651009869.1488998 20.2900390625 37.96292834125854 985.9568946076356 0 1 1 0 1 1 213 66 4 0 0 0 
1651009874.282337 20.3052734375 37.838453457746205 985.9552121278622 0 1 1 0 1 1 213 66 4 0 0 0 
1651009879.4155374 20.3052734375 37.96289014010999 985.9383873339709 1 1 1 1 1 1 279 88 4 0 0 0 
1651009884.5481114 20.3052734375 37.91543376287937 985.9694064324926 1 1 1 1 1 1 279 88 4 0 0 0 
1651009889.681576 20.2951171875 37.88587299527243 985.9400698130455 1 1 1 1 1 1 279 88 4 0 0 0 
1651009894.81519 20.3001953125 37.891800391227136 985.9383873339709 0 0 0 0 0 0 183 49 8 0 0 0 
1651009899.9495 20.2951171875 37.99852812798037 985.9703544483395 0 0 0 0 0 0 183 49 8 0 0 0 
1651009905.082617 20.2900390625 37.986673831931675 985.9770843703689 0 0 0 0 0 0 192 49 10 0 0 0 
1651009910.2161689 20.2900390625 37.94518347211623 985.9622579015926 0 0 0 0 0 0 192 49 10 0 0 0 
1651009915.3522923 20.2849609375 37.87994558904303 985.9407017644894 0 0 0 0 0 0 192 49 10 0 0 0 
1651009920.4858596 20.2798828125 38.069653041219105 985.9471157062534 0 1 1 0 1 1 222 54 10 0 0 0 
1651009925.619607 20.2798828125 38.075650980050696 985.9595244032154 0 1 1 0 1 1 222 54 10 0 0 0 
1651009930.7531195 20.2900390625 37.99260098509325 985.9578419640363 0 1 1 0 1 1 222 54 10 0 0 0 
1651009935.8867092 20.2849609375 37.93336609623482 985.9645717211715 0 0 0 0 0 0 252 64 12 0 0 0 
1651009941.0203805 20.2951171875 37.986673831931675 985.9824475041838 0 0 0 0 0 0 252 64 12 0 0 0 
1651009946.15466 20.2900390625 38.04008958746783 985.9732993638129 0 0 0 0 0 0 252 64 12 0 0 0 
1651009951.2882414 20.2798828125 37.98074666849567 985.9813961189019 1 1 1 1 1 1 258 71 12 0 0 0 
1651009956.421189 20.2849609375 37.93929327374074 985.974666358971 1 1 1 1 1 1 258 71 12 0 0 0 
1651009961.5552688 20.3001953125 37.86812861106678 985.9830785590592 1 1 1 1 1 1 258 71 12 0 0 0 
1651009966.6889167 20.2900390625 37.90369260885296 985.9874949064042 1 1 1 1 1 1 252 71 10 0 0 0 
1651009971.8232358 20.2951171875 37.98671032391649 985.9911753559375 1 1 1 1 1 1 252 71 10 0 0 0 
1651009976.9575145 20.2849609375 38.00441896217722 985.9928578100688 0 0 0 0 0 0 219 61 4 0 0 0 
1651009982.090814 20.2900390625 38.0577989917571 985.9858124389275 0 0 0 0 0 0 219 61 4 0 0 0 
1651009987.2251015 20.2900390625 37.96292834125854 986.0110494584156 0 0 0 0 0 0 219 61 4 0 0 0 
1651009992.3587737 20.2900390625 37.90369260885296 986.0029525363257 0 0 0 0 0 0 213 59 6 0 0 0 
1651009997.4925885 20.2849609375 37.832679000835114 986.0029525363257 0 0 0 0 0 0 213 59 6 0 0 0 
1651010002.6262736 20.2849609375 38.14081119578714 985.9726683651031 0 0 0 0 0 0 213 59 6 0 0 0 
1651010007.7598302 20.2900390625 38.08739869363641 985.9656228346587 0 0 0 0 0 0 219 64 4 0 0 0 
1651010012.8929503 20.2798828125 37.998600828655356 985.962889281783 0 0 0 0 0 0 219 64 4 0 0 0 
1651010018.0236504 20.2849609375 37.98081977791184 985.9693034585874 0 0 0 0 0 0 219 64 4 0 0 0 
1651010023.1578734 20.2798828125 37.87413153166973 985.999902964477 1 1 1 1 1 1 246 73 6 0 0 0 
1651010028.292435 20.2798828125 37.81478192086246 985.9430157032054 1 1 1 1 1 1 246 73 6 0 0 0 
1651010033.426739 20.2798828125 37.8386062167433 986.0032678463991 1 1 1 1 1 1 246 73 6 0 0 0 
1651010038.5607164 20.2798828125 38.10528519133548 985.9665696594989 1 1 1 1 1 1 276 73 6 0 0 0 
1651010043.6951034 20.2849609375 38.176406250473676 985.974666358971 1 1 1 1 1 1 276 73 6 0 0 0 
1651010048.8288326 20.2798828125 37.96292834125854 985.9639403680907 1 1 1 1 1 1 276 73 6 0 0 0 
1651010053.9631019 20.2798828125 38.04001784050576 985.9460648917401 1 1 1 1 1 1 267 70 6 0 0 0 
1651010059.092038 20.2697265625 38.0104548111145 985.9615223819972 0 1 1 0 1 1 207 60 13 2 0 0 
1651010064.2256036 20.2748046875 37.94529434628146 985.9702498738676 0 1 1 0 1 1 201 63 15 2 0 0 
1651010069.3596246 20.2798828125 38.05790598290854 985.9551081639839 0 1 1 0 1 1 201 63 15 2 0 0 
1651010074.4883776 20.2748046875 37.980892844123964 985.9601553999829 0 1 1 0 1 1 201 63 15 2 0 0 
1651010079.617749 20.2697265625 38.01638178693311 985.9635202243315 0 1 1 0 1 1 207 65 15 2 0 0 
1651010084.7492871 20.2697265625 37.974892740449384 985.9867587757955 0 1 1 0 1 1 207 65 15 2 0 0 
1651010089.8795125 20.2697265625 38.03434217174401 985.9857067203656 0 1 1 0 1 1 207 65 15 2 0 0 
1651010095.0100672 20.2646484375 38.01052719609409 985.98265696997 0 2 2 0 2 2 228 70 17 2 0 0 
1651010100.1416242 20.2697265625 38.06986610886876 985.9890715197014 0 2 2 0 2 2 228 70 17 2 0 0 
1651010105.2748256 20.2595703125 37.945405123236505 985.9860217419168 0 2 2 0 2 2 228 70 17 2 0 0 
1651010110.4044352 20.2697265625 38.05865219918076 985.9678305609206 0 2 2 0 2 2 216 68 19 2 0 0 
1651010115.5365047 20.2544921875 37.96918557922572 985.954371589397 0 2 2 0 2 2 216 68 19 2 0 0 
1651010120.6682718 20.2443359375 38.09956926407741 985.9913837718483 0 2 2 0 2 2 216 68 19 2 0 0 
1651010125.7988665 20.2443359375 37.981002362434594 986.0149369964727 0 1 1 0 1 1 216 70 17 0 0 0 
1651010130.9302278 20.1833984375 37.921772097481806 985.9698312787788 0 1 1 0 1 1 216 70 17 0 0 0 
1651010136.0608153 20.2443359375 38.164827955189914 985.9617343446075 0 1 1 0 1 1 216 70 17 0 0 0 
1651010141.1946847 20.2443359375 38.070007937954415 985.998745626839 1 2 2 1 2 2 336 93 16 2 0 0 
1651010146.3284829 20.2443359375 38.09371318879335 986.0074715969296 1 2 2 1 2 2 336 93 16 2 0 0 
1651010151.4536116 20.2494140625 38.02845150687541 986.0303957133095 1 2 2 1 2 2 315 89 12 2 0 0 
