timestamp temperature humidity pressure pm10_standard pm25_standard pm100_standard pm10_env pm25_env pm100_env particles_03um particles_05um particles_10um particles_25um particles_50um particles_100um
1653120255.1245487 20.6966796875 29.216237670167583 980.5648276770662 0 1 1 0 1 1 330 100 22 2 0 0 
1653120260.2566385 20.6966796875 29.227994974212496 980.5792422912465 1 2 2 1 2 2 330 100 22 2 0 0 
1653120265.3869543 20.6966796875 29.156482740227876 980.6041245832338 1 2 2 1 2 2 330 100 22 2 0 0 
1653120270.521355 20.7068359375 29.26935364911925 980.5815057108828 1 2 2 1 2 2 309 91 24 2 0 0 
1653120275.654839 20.7017578125 29.46548963400551 980.5788746365341 1 2 2 1 2 2 309 91 24 2 0 0 
1653120280.7856278 20.7017578125 29.00750056143428 980.5936569602352 1 2 2 1 2 2 309 91 24 2 0 0 
1653120285.916485 20.7169921875 29.2869222118401 980.6134894970429 1 2 2 1 2 2 300 91 22 2 0 0 
1653120291.050821 20.7119140625 29.179997116908616 980.5670913334627 1 2 2 1 2 2 300 91 22 2 0 0 
1653120296.183599 20.7068359375 29.22177104015998 980.6114384265046 0 1 1 0 1 1 300 91 22 2 0 0 
1653120301.316513 20.7119140625 29.233666754161362 980.5704579911331 0 1 1 0 1 1 306 93 22 2 0 0 
1653120306.450403 20.7119140625 29.204065707220934 980.5741923444557 0 1 1 0 1 1 306 93 22 2 0 0 
1653120311.5845566 20.7017578125 29.037241964490715 980.5590425078612 0 1 1 0 1 1 306 93 22 2 0 0 
1653120316.7191086 20.7119140625 29.197564272412286 980.6054403660169 1 2 2 1 2 2 300 84 18 2 0 0 
1653120321.8502934 20.6966796875 29.25151024796148 980.5906579430346 1 2 2 1 2 2 300 84 18 2 0 0 
1653120326.9842484 20.6966796875 29.41818090635014 980.6306905328096 1 2 2 1 2 2 300 84 18 2 0 0 
1653120332.118191 20.6966796875 29.126743051323075 980.5927088191016 0 1 1 0 1 1 309 82 14 2 0 0 
1653120337.251696 20.7017578125 29.204065707220934 980.5919736168321 0 1 1 0 1 1 309 82 14 2 0 0 
1653120342.3849587 20.7068359375 29.227580850104292 980.5700901589593 0 1 1 0 1 1 309 82 14 2 0 0 
1653120347.5193543 20.7068359375 29.19203157501863 980.6033893513159 0 1 1 0 1 1 303 80 12 2 0 0 
1653120352.6525075 20.7119140625 29.156343877160396 980.5929213462799 1 2 2 1 2 2 303 80 12 2 0 0 
1653120357.786953 20.7169921875 29.280974315686123 980.57308892925 1 2 2 1 2 2 303 80 12 2 0 0 
1653120362.9210956 20.7169921875 29.298955214638163 980.5912379757704 1 2 2 1 2 2 312 83 14 2 0 0 
1653120368.055016 20.7169921875 29.262992902425776 980.6067560662783 0 1 1 0 1 1 312 83 14 2 0 0 
1653120373.1886744 20.7169921875 28.953682950453448 980.6043370651486 0 1 1 0 1 1 312 83 14 2 0 0 
1653120378.3226967 20.7169921875 29.23933875437442 980.5854517034672 0 1 1 0 1 1 348 95 12 2 0 0 
1653120383.4557374 20.72734375 29.215270346113748 980.5774029207023 0 1 1 0 1 1 348 95 12 2 0 0 
1653120388.5900445 20.732421875 29.190923567283768 980.5820849088648 1 2 2 1 2 2 348 95 12 2 0 0 
1653120393.7238483 20.732421875 29.018694746426448 980.583768306131 1 2 2 1 2 2 354 98 14 2 0 0 
1653120398.8578196 20.7375 29.04829758705454 980.5998659265753 1 2 2 1 2 2 354 98 14 2 0 0 
1653120403.9915764 20.74765625 28.982861867291756 980.5927638298884 0 1 1 0 1 1 354 98 14 2 0 0 
1653120409.125324 20.742578125 29.250407718128066 980.577981406088 0 1 1 0 1 1 354 96 10 0 0 0 
1653120414.2584941 20.742578125 28.994618564851876 980.6041794886139 0 1 1 0 1 1 354 96 10 0 0 0 
1653120419.392294 20.742578125 29.03017081877783 980.6210140163581 0 1 1 0 1 1 354 96 10 0 0 0 
1653120424.5254698 20.74765625 29.072092085383584 980.5721939051815 1 2 2 1 2 2 354 96 10 0 0 0 
1653120429.658571 20.752734375 29.131299152409163 980.5822946130093 1 2 2 1 2 2 354 96 10 0 0 0 
1653120434.7929094 20.752734375 29.148866929456943 980.5785589854434 1 2 2 1 2 2 354 96 10 0 0 0 
1653120439.9267786 20.752734375 29.16699079505084 980.5637766505826 0 1 1 0 1 1 342 92 12 0 0 0 
1653120445.0604343 20.752734375 29.10750451806698 980.5587262986633 0 1 1 0 1 1 342 92 12 0 0 0 
1653120450.1940427 20.752734375 28.994196103772442 980.560409749233 0 1 1 0 1 1 342 92 12 0 0 0 
1653120455.3282073 20.762890625 29.023519502520557 980.590920200024 0 1 1 0 1 1 357 99 12 0 0 0 
1653120460.4621398 20.778125 28.844897310459167 980.562669781444 0 1 1 0 1 1 357 99 12 0 0 0 
1653120465.5961604 20.76796875 29.07720148198844 980.6002831807896 0 1 1 0 1 1 357 99 12 0 0 0 
1653120470.7290788 20.783203125 29.07083251944262 980.5413595450226 0 1 1 0 1 1 357 103 14 0 0 0 
1653120475.8631535 20.762890625 29.154259631059215 980.5265774467398 1 2 2 1 2 2 357 103 14 0 0 0 
1653120480.997007 20.76796875 28.76174624318573 980.5319975277013 1 2 2 1 2 2 357 103 14 0 0 0 
1653120486.1290905 20.78828125 29.03485616773764 980.5473543338463 1 2 3 1 2 3 357 108 18 2 2 0 
1653120491.263549 20.778125 29.03499659539968 980.5565113288874 1 2 3 1 2 3 357 108 18 2 2 0 
1653120496.3986273 20.783203125 28.951987418513934 980.5308886099431 1 2 3 1 2 3 357 108 18 2 2 0 
1653120501.5332124 20.793359375 29.11842595241036 980.5675570422379 1 2 3 1 2 3 372 110 18 2 2 0 
1653120506.6665616 20.78828125 28.957654167762424 980.5271516355346 1 2 3 1 2 3 372 110 18 2 2 0 
1653120511.8010378 20.78828125 28.951704678168603 980.5823395318453 0 1 2 0 1 2 372 110 18 2 2 0 
1653120516.935205 20.7984375 29.076501848843012 980.5456707752687 0 1 2 0 1 2 384 112 18 2 2 0 
1653120522.0686398 20.803515625 28.8563689619816 980.5398802159325 0 1 2 0 1 2 384 112 18 2 2 0 
1653120527.202748 20.78828125 28.880309999829148 980.5688709449955 1 2 3 1 2 3 384 112 18 2 2 0 
1653120532.3367066 20.793359375 29.01119911071442 980.562136653251 1 2 3 1 2 3 363 105 20 2 2 0 
1653120537.4705832 20.793359375 28.951704678168603 980.5692406017255 1 2 3 1 2 3 363 105 20 2 2 0 
1653120542.600262 20.7984375 29.064603134302132 980.5752355256036 1 2 3 1 2 3 363 105 20 2 2 0 
1653120547.7348468 20.7984375 29.040805581646232 980.5432473869521 0 1 2 0 1 2 327 95 18 2 2 0 
1653120552.8679256 20.7984375 28.885833161174787 980.5398802159325 0 1 2 0 1 2 327 95 18 2 2 0 
1653120558.0012662 20.7984375 28.719522494364924 980.576549304102 0 1 2 0 1 2 327 95 18 2 2 0 
1653120563.1353376 20.803515625 28.84432685537641 980.5395101093059 1 2 3 1 2 3 327 97 22 2 2 0 
1653120568.2686062 20.803515625 28.86826839737169 980.5520352177336 1 2 3 1 2 3 327 97 22 2 2 0 
1653120573.4025164 20.80859375 28.862176260267788 980.5438204454267 1 2 3 1 2 3 327 97 22 2 2 0 
1653120578.5364609 20.803515625 28.731134529905297 980.5415638014073 1 2 3 1 2 3 327 97 18 2 2 0 
1653120583.6693609 20.80859375 28.939381065398322 980.5651340054048 0 1 2 0 1 2 327 97 18 2 2 0 
1653120588.8039446 20.80859375 28.981028858644134 980.5896483008459 0 1 2 0 1 2 327 97 18 2 2 0 
1653120593.9383037 20.80859375 28.87959885018325 980.5804901441728 0 1 2 0 1 2 327 97 18 2 2 0 
1653120599.0723984 20.80859375 28.808341653114944 980.5744957718566 0 1 2 0 1 2 327 97 18 2 2 0 
1653120604.206438 20.81875 28.938956365193793 980.5801199373872 0 1 2 0 1 2 327 97 18 2 2 0 
1653120609.3404777 20.81875 29.010354738656666 980.569647611033 0 1 2 0 1 2 306 90 18 2 2 0 
1653120614.4743512 20.813671875 28.73679682608374 980.5767526276107 0 1 2 0 1 2 306 90 18 2 2 0 
1653120619.6082947 20.81875 28.891498751089646 980.5619700929576 1 2 3 1 2 3 306 90 18 2 2 0 
1653120624.7421474 20.823828125 28.9981732947754 980.5952728348473 1 1 3 1 1 3 285 86 18 2 2 0 
1653120629.8751013 20.81875 28.671199256205846 980.5713312791601 1 1 3 1 1 3 285 86 18 2 2 0 
1653120635.008581 20.823828125 28.891214489334608 980.5595456037408 0 0 2 0 0 2 285 86 18 2 2 0 
1653120640.1429589 20.82890625 28.932864776904623 980.5528109336128 0 1 1 0 1 1 312 95 16 0 0 0 
1653120645.2762668 20.81875 28.760310300078157 980.6159891757093 0 1 1 0 1 1 312 95 16 0 0 0 
1653120650.4078982 20.82890625 28.867414098425098 980.5810018888142 1 2 2 1 2 2 312 95 16 0 0 0 
1653120655.543481 20.833984375 29.03968231815629 980.5810018888142 1 2 2 1 2 2 339 107 18 0 0 0 
1653120660.6778748 20.8390625 28.80167581396772 980.5591138438117 1 2 2 1 2 2 339 107 18 0 0 0 
1653120665.810267 20.8390625 28.6054534876076 980.5937303001716 1 2 2 1 2 2 339 107 18 0 0 0 
1653120670.9431896 20.833984375 28.718225489169736 980.5894203708117 0 2 2 0 2 2 447 135 23 0 0 0 
1653120676.0777006 20.844140625 28.920539299642122 980.5718418954878 0 2 2 0 2 2 447 135 23 0 0 0 
1653120681.2108328 20.84921875 28.741739937307905 980.5892502069132 0 2 2 0 2 2 447 135 23 0 0 0 
1653120686.3460891 20.844140625 28.759304495178313 980.5583721138709 1 3 3 1 3 3 441 133 21 0 0 0 
1653120691.4772332 20.8390625 28.72403196793595 980.6101969331427 1 3 3 1 3 3 441 133 21 0 0 0 
1653120696.608394 20.8390625 28.813576530567108 980.5826855850736 1 3 3 1 3 3 441 133 21 0 0 0 
1653120701.7429907 20.833984375 28.938531567474488 980.5869954051625 2 3 3 2 3 3 492 147 23 2 0 0 
1653120706.8766983 20.8390625 28.95014883157238 980.5967270302126 1 2 2 1 2 2 492 147 23 2 0 0 
1653120712.010526 20.844140625 28.68266638203198 980.6072000935502 1 2 2 1 2 2 492 147 23 2 0 0 
1653120717.1438107 20.8390625 28.765829809889738 980.580631254927 1 3 3 1 3 3 540 161 33 2 0 0 
1653120722.2760482 20.82890625 28.89107234220434 980.6143054644956 2 4 4 2 4 4 540 161 33 2 0 0 
1653120727.4111054 20.854296875 28.640286771787952 980.5946724514529 2 4 4 2 4 4 540 161 33 2 0 0 
1653120732.5453212 20.854296875 28.73593322630326 980.556317348307 2 4 4 2 4 4 549 166 33 2 0 0 
1653120737.676968 20.859375 28.622143136761412 980.5774638577303 2 4 4 2 4 4 549 166 33 2 0 0 
1653120742.8112087 20.84921875 28.688327945629023 980.6014074562935 1 3 3 1 3 3 549 166 33 2 0 0 
1653120747.9456282 20.854296875 28.68774980390246 980.6115099656548 1 3 3 1 3 3 561 170 33 2 0 0 
1653120753.0806887 20.854296875 28.6765711677912 980.5920465763143 1 3 3 1 3 3 561 170 33 2 0 0 
1653120758.211507 20.8390625 28.670765212244216 980.5856823845771 2 4 4 2 4 4 561 170 33 2 0 0 
1653120763.3431451 20.84921875 28.71793714659835 980.5731547108668 3 5 5 3 5 5 597 179 35 2 0 0 
1653120768.4769871 20.86953125 28.532874621691295 980.5780337441163 3 5 5 3 5 5 597 179 35 2 0 0 
1653120773.6092608 20.8796875 28.55623589269224 980.5554008031355 3 5 5 3 5 5 597 179 35 2 0 0 
1653120778.7415164 20.8796875 28.76481873040412 980.5873936019958 2 4 4 2 4 4 645 193 37 2 0 0 
1653120783.8718529 20.8796875 28.609653285479265 980.5664438850567 2 4 4 2 4 4 645 193 37 2 0 0 
1653120789.0022807 20.9 28.627798173711014 980.6075995932473 2 4 4 2 4 4 645 193 37 2 0 0 
1653120794.1326895 20.874609375 28.746821841466843 980.5789744419504 3 5 5 3 5 5 597 177 37 2 0 0 
1653120799.2631423 20.86953125 28.508770385206702 980.5873936019958 3 5 5 3 5 5 597 177 37 2 0 0 
1653120804.3973434 20.86953125 28.645651986572105 980.5692431418527 3 5 5 3 5 5 597 177 37 2 0 0 
1653120809.5302124 20.86953125 28.52692330494217 980.5810298685872 1 4 4 1 4 4 549 163 35 2 0 0 
1653120814.6633627 20.8796875 28.63374945496658 980.569614721712 1 4 4 1 4 4 549 163 35 2 0 0 
1653120819.7967758 20.8796875 28.699357316474195 980.5860813239523 1 4 4 1 4 4 549 163 35 2 0 0 
1653120824.9294007 20.86953125 28.603847391262537 980.588334050851 1 3 3 1 3 3 441 137 37 2 0 0 
1653120830.0632412 20.884765625 28.56828479455242 980.5600804288064 2 4 4 2 4 4 441 137 37 2 0 0 
1653120835.197241 20.8796875 28.693117173968304 980.5887057974288 2 4 4 2 4 4 441 137 37 2 0 0 
1653120840.3305492 20.86953125 28.639410428247 980.5890774342151 2 4 4 2 4 4 453 141 39 2 0 0 
1653120845.4645565 20.864453125 28.46145814081009 980.584198913986 2 4 4 2 4 4 453 141 39 2 0 0 
1653120850.5978837 20.859375 28.57453355049626 980.5784051464212 2 4 4 2 4 4 453 141 39 2 0 0 
1653120855.7316272 20.8796875 28.38363868329425 980.5799147549144 2 4 4 2 4 4 417 132 44 0 0 0 
1653120860.8644009 20.9 28.484082623870474 980.5589641684275 2 4 4 2 4 4 417 132 44 0 0 0 
1653120865.997209 20.9 28.615168384879997 980.5744912133877 1 3 3 1 3 3 417 132 44 0 0 0 
1653120871.1309903 20.905078125 28.466521100905926 980.5707513671051 1 2 2 1 2 2 363 116 30 0 0 0 
1653120876.2643104 20.894921875 28.52633191551788 980.6018049279909 1 2 2 1 2 2 363 116 30 0 0 0 
1653120881.3978407 20.9 28.32962608860013 980.5815986139617 2 3 3 2 3 3 363 116 30 0 0 0 
1653120886.530377 20.88984375 28.639120087228864 980.6102242284791 1 3 3 1 3 3 363 116 32 0 0 0 
1653120891.6634758 20.9 28.692972636181267 980.5664438850567 1 3 3 1 3 3 363 116 32 0 0 0 
1653120896.7961328 20.9 28.609216730226 980.5576524933255 1 3 3 1 3 3 363 116 32 0 0 0 
1653120901.9289217 20.905078125 28.56784686582802 980.5526008786723 0 2 2 0 2 2 372 119 32 0 0 0 
1653120907.0617135 20.905078125 28.591798876190495 980.5411860161528 0 2 2 0 2 2 372 119 32 0 0 0 
1653120912.1931334 20.9154296875 28.66249139314355 980.5851620530302 0 2 2 0 2 2 372 119 32 0 0 0 
1653120917.326087 20.9154296875 28.483788634127105 980.5952655353452 1 3 3 1 3 3 342 110 28 0 0 0 
1653120922.4603477 20.91015625 28.43661426343215 980.6188403372173 1 3 3 1 3 3 342 110 28 0 0 0 
1653120927.5939016 20.9 28.365486683447703 980.5441815223172 1 3 3 1 3 3 342 110 28 0 0 0 
1653120932.7272868 20.91015625 28.472178713917202 980.5808546829883 1 3 3 1 3 3 363 117 28 0 0 0 
1653120937.8603387 20.9 28.501938411525717 980.574119138786 1 3 3 1 3 3 363 117 28 0 0 0 
1653120942.9930081 20.9 28.45417543973771 980.568127743544 1 3 3 1 3 3 363 117 28 0 0 0 
1653120948.1256392 20.88984375 28.567554859162534 980.5943257747538 1 2 2 1 2 2 363 117 26 0 0 0 
1653120953.2596765 20.88984375 28.53228350890893 980.5684996527712 0 1 1 0 1 1 363 117 26 0 0 0 
1653120958.392954 20.88984375 28.597750356255762 980.5630761682926 0 1 1 0 1 1 363 117 26 0 0 0 
1653120963.5263453 20.91015625 28.55565137470264 980.5623319391281 0 1 1 0 1 1 354 114 26 0 0 0 
1653120968.659855 20.91015625 28.567700867913533 980.5535401658506 0 1 1 0 1 1 354 114 26 0 0 0 
1653120973.7934735 20.905078125 28.400606440192508 980.5569079632395 1 2 2 1 2 2 354 114 26 0 0 0 
1653120978.926764 20.9 28.478130674045484 980.5744912133877 1 2 2 1 2 2 348 112 26 0 0 0 
1653120984.060276 20.905078125 28.466521100905926 980.5623319391281 1 2 2 1 2 2 348 112 26 0 0 0 
1653120989.1930995 20.9 28.46042201538393 980.5647600266399 0 1 1 0 1 1 348 112 26 0 0 0 
1653120994.3264604 20.905078125 28.448665538820094 980.5782308959372 0 1 1 0 1 1 327 105 26 0 0 0 
1653120999.4585583 20.8796875 28.413397440972076 980.5563407356047 0 1 1 0 1 1 327 105 26 0 0 0 
1653121004.5937605 20.859375 28.586436008870887 980.5658755062728 1 2 2 1 2 2 327 105 26 0 0 0 
1653121009.7242255 20.8796875 28.467109685703363 980.5789744419504 1 2 2 1 2 2 384 117 21 0 0 0 
1653121014.8538759 20.884765625 28.467109685703363 980.5170448218405 1 2 2 1 2 2 384 117 21 0 0 0 
1653121019.9876647 20.894921875 28.359534733082544 980.5671876208274 1 2 2 1 2 2 384 117 21 0 0 0 
1653121025.1220121 20.8796875 28.591944578432607 980.5847689633001 2 3 3 2 3 3 426 128 21 0 0 0 
1653121030.2550764 20.9 28.44896026392098 980.5529730196808 2 3 3 2 3 3 426 128 21 0 0 0 
1653121035.389355 20.88984375 28.389294381882543 980.5368786679803 2 3 3 2 3 3 426 128 21 0 0 0 
1653121040.5230563 20.894921875 28.609798782224342 980.5731793194254 1 2 2 1 2 2 411 123 23 0 0 0 
1653121045.6573174 20.86953125 28.353879668063737 980.5974965963611 1 2 2 1 2 2 411 123 23 0 0 0 
1653121050.791368 20.8796875 28.681069995423393 980.5183565412974 1 2 2 1 2 2 411 123 23 0 0 0 
1653121055.925006 20.86953125 28.437056778370916 980.5574564185488 1 2 2 1 2 2 411 120 28 0 0 0 
1653121061.0584846 20.8796875 28.556381995098246 980.5941289312926 2 3 3 2 3 3 411 120 28 0 0 0 
1653121066.1913624 20.8796875 28.365931599613532 980.5638199582797 2 3 3 2 3 3 411 120 28 0 0 0 
1653121071.3239858 20.894921875 28.41934916160132 980.5772906101513 2 3 3 2 3 3 399 115 28 0 0 0 
1653121076.4582036 20.884765625 28.472767111392983 980.6085403682414 2 3 3 2 3 3 399 115 28 0 0 0 
1653121081.5922313 20.86953125 28.544625383007972 980.596184236573 2 3 3 2 3 3 399 115 28 0 0 0 
1653121086.726346 20.874609375 28.34242737623008 980.5958127637919 1 2 2 1 2 2 342 96 26 0 0 0 
1653121091.8556619 20.86953125 28.360282253602517 980.6188161530321 1 2 2 1 2 2 342 96 26 0 0 0 
1653121096.990411 20.859375 28.56902007078331 980.5855115496967 0 1 1 0 1 1 342 96 26 0 0 0 
1653121102.1248138 20.854296875 28.497753519647752 980.556317348307 0 1 1 0 1 1 333 93 26 0 0 0 
1653121107.2560997 20.854296875 28.354479036752473 980.561739558855 0 1 1 0 1 1 333 93 26 0 0 0 
1653121112.3904417 20.864453125 28.312669041248228 980.602919513054 1 2 2 1 2 2 333 93 26 0 0 0 
1653121117.5219254 20.86953125 28.45520653598557 980.596184236573 1 2 2 1 2 2 333 91 28 0 0 0 
1653121122.653012 20.86953125 28.449849844000394 980.5578280932864 1 2 2 1 2 2 333 91 28 0 0 0 
1653121127.785383 20.874609375 28.372481829068462 980.575408883989 1 2 2 1 2 2 333 91 28 0 0 0 
1653121132.9197085 20.874609375 28.562631050916075 980.5262076559051 1 2 2 1 2 2 312 84 19 0 0 0 
1653121138.0532367 20.86953125 28.491062706608318 980.5675593240277 1 2 2 1 2 2 312 84 19 0 0 0 
1653121143.18767 20.86953125 28.580333370367505 980.5396779695967 1 2 2 1 2 2 312 84 19 0 0 0 
1653121148.3212514 20.884765625 28.41324968364266 980.5516612065921 0 1 1 0 1 1 333 89 19 0 0 0 
1653121153.455577 20.8796875 28.25254748269609 980.5550288952677 0 1 1 0 1 1 333 89 19 0 0 0 
1653121158.5899286 20.874609375 28.514721872499695 980.5466096741037 0 1 1 0 1 1 333 89 19 0 0 0 
1653121163.7240407 20.88984375 28.57989588515293 980.5574564185488 1 2 2 1 2 2 270 75 17 0 0 0 
1653121168.8577235 20.8796875 28.419496839587275 980.5887057974288 1 2 2 1 2 2 270 75 17 0 0 0 
1653121173.9906607 20.86953125 28.258798616311335 980.5514644977527 1 2 2 1 2 2 270 75 17 0 0 0 
1653121179.1244059 20.884765625 28.484964333016023 980.5756067784222 0 1 1 0 1 1 213 59 19 0 0 0 
1653121184.2574751 20.905078125 28.484376570266413 980.5445537310966 0 1 1 0 1 1 213 59 19 0 0 0 
1653121189.3906991 20.905078125 28.38274992154732 980.5484884702927 0 1 1 0 1 1 213 59 19 0 0 0 
1653121194.52505 20.9154296875 28.478130674045484 980.573746954385 0 1 1 0 1 1 219 61 17 0 0 0 
1653121199.6594253 20.905078125 28.305966716180002 980.5505447429014 0 0 0 0 0 0 219 61 17 0 0 0 
1653121204.793774 20.894921875 28.41324968364266 980.5671876208274 0 0 0 0 0 0 219 61 17 0 0 0 
1653121209.9276397 20.8796875 28.53228350890893 980.5082535666777 0 0 0 0 0 0 225 66 14 0 0 0 
1653121215.0613346 20.8796875 28.520673349490814 980.5426738617806 0 0 0 0 0 0 225 66 14 0 0 0 
1653121220.1950183 20.874609375 28.300461839773117 980.5043184057133 0 1 1 0 1 1 225 66 14 0 0 0 
1653121225.3278453 20.864453125 28.425300871928453 980.5486654802806 1 1 1 1 1 1 237 73 18 0 0 0 
1653121230.4609478 20.86953125 28.437652317538554 980.5185321632761 1 1 1 1 1 1 237 73 18 0 0 0 
1653121235.595666 20.854296875 28.39018816412011 980.5290062129628 1 1 1 1 1 1 237 73 18 0 0 0 
1653121240.7256658 20.859375 28.42589692064623 980.5306899613374 1 1 1 1 1 1 225 71 16 0 0 0 
1653121245.8564346 20.844140625 28.283805610732426 980.5411637279892 1 1 1 1 1 1 225 71 16 0 0 0 
1653121250.98601 20.8390625 28.438831530425347 980.5722127069107 1 1 1 1 1 1 225 71 16 0 0 0 
1653121256.119649 20.82890625 28.40878133653336 980.5456442835371 1 1 1 1 1 1 246 78 16 0 0 0 
1653121261.2532716 20.81875 28.629401125978276 980.5578008624087 1 1 1 1 1 1 246 78 16 0 0 0 
1653121266.386132 20.823828125 28.34346689824497 980.4006480423394 1 1 1 1 1 1 246 78 16 0 0 0 
1653121271.5154822 20.82890625 28.41532297741378 980.5413958918623 0 1 1 0 1 1 276 90 14 0 0 0 
1653121276.6481194 20.82890625 28.516485642788638 980.5544946010398 0 1 1 0 1 1 276 90 14 0 0 0 
1653121281.7822192 20.823828125 28.385272757892952 980.5292395969856 0 1 1 0 1 1 276 90 14 0 0 0 
1653121286.916364 20.833984375 28.26639961611636 980.5173925219976 0 1 1 0 1 1 282 92 16 0 0 0 
1653121292.0499482 20.844140625 28.47409602483 980.5260101133422 1 2 2 1 2 2 282 92 16 0 0 0 
1653121297.1839545 20.86953125 28.473360990637516 980.5282631440141 1 2 2 1 2 2 282 92 16 0 0 0 
1653121302.315452 20.864453125 28.378137038262444 980.5177887121231 1 2 2 1 2 2 303 97 16 0 0 0 
1653121307.4492598 20.864453125 28.17562113111304 980.5443576650013 0 1 1 0 1 1 303 97 16 0 0 0 
1653121312.5831554 20.86953125 28.503264620927055 980.5396779695967 0 1 1 0 1 1 303 97 16 0 0 0 
1653121317.7171469 20.859375 28.461605306330828 980.5080578436857 0 1 1 0 1 1 288 92 16 0 0 0 
1653121322.8502955 20.84921875 28.35462742455447 980.4885962729759 0 1 1 0 1 1 288 92 16 0 0 0 
1653121327.9843135 20.86953125 28.288558113150536 980.5241520309756 1 2 2 1 2 2 288 92 16 0 0 0 
1653121333.117559 20.86953125 28.55057673998865 980.520412453359 1 2 2 1 2 2 315 99 18 0 0 0 
1653121338.251217 20.859375 28.43779975707904 980.5054337430695 1 2 2 1 2 2 315 99 18 0 0 0 
1653121343.3849525 20.8390625 28.266100926089212 980.5102867091337 1 2 2 1 2 2 315 99 18 0 0 0 
1653121348.5181665 20.823828125 28.415027734517057 980.5258109229247 1 2 2 1 2 2 309 97 20 0 0 0 
1653121353.6517732 20.81875 28.248994664484144 980.5131445439933 1 2 2 1 2 2 309 97 20 0 0 0 
1653121358.7847 20.80859375 28.480781512524228 980.5464468522218 1 2 2 1 2 2 309 97 20 0 0 0 
1653121363.918586 20.7984375 28.332455972607807 980.5011577693315 0 1 1 0 1 1 309 92 16 0 0 0 
1653121369.0525868 20.7984375 28.552627458622343 980.5526087955488 0 1 1 0 1 1 309 92 16 0 0 0 
1653121374.1853986 20.7984375 28.428109268472664 980.5166802132678 0 1 1 0 1 1 309 92 16 0 0 0 
1653121379.3169134 20.78828125 28.469908746333008 980.5237845201293 1 2 2 1 2 2 351 106 14 0 0 0 
1653121384.451275 20.778125 28.37470326274641 980.5329418897697 1 2 2 1 2 2 351 106 14 0 0 0 
1653121389.5853832 20.7578125 28.40475058139812 980.5464101390144 1 2 2 1 2 2 351 106 14 0 0 0 
1653121394.7192407 20.773046875 28.666695655171154 980.5518302102458 0 1 1 0 1 1 342 101 14 0 0 0 
1653121399.8502955 20.7578125 28.51199958375758 980.4981221247629 0 1 1 0 1 1 342 101 14 0 0 0 
1653121404.9842327 20.76796875 28.4166510340113 980.5262077668273 0 1 1 0 1 1 342 101 14 0 0 0 
1653121410.118152 20.762890625 28.625337585281322 980.5058006410469 0 1 1 0 1 1 351 99 18 0 0 0 
1653121415.251737 20.7578125 28.47079006051323 980.5087980923188 1 2 2 1 2 2 351 99 18 0 0 0 
1653121420.3855288 20.778125 28.291694227341196 980.5164763457469 1 2 2 1 2 2 351 99 18 0 0 0 
1653121425.5186737 20.773046875 28.428404063952534 980.5101119855336 1 2 2 1 2 2 351 99 20 0 0 0 
1653121430.6524806 20.762890625 28.417093524475657 980.5289999673419 1 2 2 1 2 2 351 99 20 0 0 0 
1653121435.7870247 20.76796875 28.529995680946772 980.5239494976412 1 2 2 1 2 2 351 99 20 0 0 0 
1653121440.9208398 20.773046875 28.630997179567903 980.5101119855336 1 2 2 1 2 2 393 111 20 0 0 0 
1653121446.0549674 20.762890625 28.613147802761308 980.510481581519 1 2 2 1 2 2 393 111 20 0 0 0 
1653121451.1882474 20.76796875 28.542041474499328 980.5061700582415 0 1 1 0 1 1 393 111 20 0 0 0 
1653121456.322661 20.762890625 28.33959414146992 980.5024336902432 0 1 1 0 1 1 393 113 20 0 0 0 
1653121461.4568303 20.7578125 28.2802405598145 980.511220444312 0 1 1 0 1 1 393 113 20 0 0 0 
1653121466.5907583 20.7578125 28.500539178427182 980.5260023517492 1 2 2 1 2 2 393 113 20 0 0 0 
1653121471.7243433 20.7578125 28.381097471307097 980.4876519813722 1 3 3 1 3 3 435 125 22 0 0 0 
1653121476.8585844 20.7578125 28.41143858530464 980.5233738528649 1 3 3 1 3 3 435 125 22 0 0 0 
1653121481.992093 20.752734375 28.548283188939706 980.5200069548747 1 3 3 1 3 3 435 125 22 0 0 0 
1653121487.1261182 20.74765625 28.667129482013575 980.5031724691236 0 1 2 0 1 2 423 123 20 2 2 0 
1653121492.2605765 20.742578125 28.702970530327487 980.5001748247793 0 1 2 0 1 2 423 123 20 2 2 0 
1653121497.390295 20.76796875 28.58383533922408 980.5462040725299 0 1 2 0 1 2 423 123 20 2 2 0 
1653121502.5235298 20.762890625 28.571790317157227 980.4822319912995 2 3 4 2 3 4 471 137 20 2 2 0 
1653121507.6574254 20.78828125 28.422158862391584 980.4925371689142 2 3 4 2 3 4 471 137 20 2 2 0 
1653121512.792095 20.80859375 28.57628320303171 980.5067806835303 2 3 4 2 3 4 471 137 20 2 2 0 
1653121517.9259157 20.783203125 28.309099190305183 980.4820658529621 2 3 4 2 3 4 456 137 20 2 2 0 
1653121523.06052 20.78828125 28.41011039982344 980.5069489473025 1 2 3 1 2 3 456 137 20 2 2 0 
1653121528.1940978 20.773046875 28.499953049050625 980.5076889345104 1 2 3 1 2 3 456 137 20 2 2 0 
1653121533.328655 20.7578125 28.50009959764992 980.5050614774824 0 1 2 0 1 2 408 119 18 2 2 0 
1653121538.462574 20.7578125 28.452940466213384 980.5134789912508 0 1 2 0 1 2 408 119 18 2 2 0 
1653121543.5959132 20.752734375 28.47688668395197 980.5344197341831 0 1 2 0 1 2 408 119 18 2 2 0 
1653121548.7302887 20.742578125 28.369937148152665 980.4934410872116 0 1 2 0 1 2 402 119 18 2 2 0 
1653121553.8643425 20.74765625 28.631867201605246 980.5069085634667 1 2 3 1 2 3 402 119 18 2 2 0 
1653121558.9981205 20.7220703125 28.60241084934812 980.5083842573335 1 2 3 1 2 3 402 119 18 2 2 0 
1653121564.131361 20.7119140625 28.465868392366993 980.5272699482614 1 2 3 1 2 3 372 114 14 2 2 0 
1653121569.265374 20.72734375 28.489519253143207 980.5218513043629 1 2 3 1 2 3 372 114 14 2 2 0 
1653121574.399255 20.76796875 28.393293400137722 980.5007502149463 0 1 2 0 1 2 372 114 14 2 2 0 
1653121579.531955 20.7375 28.274886719754797 980.4971771252111 0 1 2 0 1 2 384 114 12 2 2 0 
1653121584.6656847 20.7220703125 28.608505342584493 980.5298996283229 0 1 2 0 1 2 384 114 12 2 2 0 
1653121589.8002417 20.7119140625 28.596897596554747 980.5326884017662 0 1 2 0 1 2 384 114 12 2 2 0 
1653121594.9333715 20.6966796875 28.64448994809394 980.5566234215311 0 1 2 0 1 2 393 109 10 2 2 0 
1653121600.0675473 20.7119140625 28.44221790407494 980.5397900060442 0 1 2 0 1 2 393 109 10 2 2 0 
1653121605.201805 20.7068359375 28.496201090716088 980.5253762246117 0 1 2 0 1 2 393 109 10 2 2 0 
1653121610.3358319 20.6712890625 28.56208274212054 980.5466791103757 1 1 3 1 1 3 372 104 10 2 2 0 
1653121615.4697433 20.7017578125 28.466308881095287 980.5031248909058 1 1 3 1 1 3 372 104 10 2 2 0 
1653121620.6002617 20.6814453125 28.58021980994108 980.5083316338263 1 1 3 1 1 3 372 104 10 2 2 0 
1653121625.7333426 20.6814453125 28.36546735995794 980.5277953587492 0 1 2 0 1 2 393 111 8 2 2 0 
1653121630.868163 20.6763671875 28.59182627970895 980.5530446630189 0 1 2 0 1 2 393 111 8 2 2 0 
1653121636.0019302 20.7119140625 28.626932842760432 980.5149081753632 0 1 2 0 1 2 393 111 8 2 2 0 
1653121641.1363163 20.7068359375 28.49605462532911 980.529689960111 1 1 1 1 1 1 426 122 13 0 0 0 
1653121646.2671497 20.7068359375 28.63288173426734 980.5364233237866 1 1 1 1 1 1 426 122 13 0 0 0 
1653121651.39997 20.7017578125 28.507806511748242 980.5482067129129 1 1 1 1 1 1 426 122 13 0 0 0 
1653121656.5337725 20.7169921875 28.48966583038 980.5441036299137 1 1 1 1 1 1 540 148 16 0 0 0 
1653121661.6668997 20.7220703125 28.47196453922109 980.5285848295571 2 2 2 2 2 2 540 148 16 0 0 0 
1653121666.8009052 20.7169921875 28.448167251692304 980.5141715068074 2 2 2 2 2 2 540 148 16 0 0 0 
1653121671.934178 20.7169921875 28.620838903236535 980.5222198451303 2 2 2 2 2 2 519 141 16 0 0 0 
1653121677.0679245 20.7119140625 28.501710917015576 980.5353183558711 2 2 2 2 2 2 519 141 16 0 0 0 
1653121682.2010152 20.7169921875 28.501564487620687 980.517169742629 1 1 1 1 1 1 519 141 16 0 0 0 
1653121687.3344655 20.7169921875 28.519558620163465 980.5134343994447 1 1 1 1 1 1 534 145 16 0 0 0 
1653121692.468496 20.7119140625 28.459919007127983 980.5353183558711 1 1 1 1 1 1 534 145 16 0 0 0 
1653121697.6020448 20.7017578125 28.323525726602174 980.5169596581728 1 1 1 1 1 1 534 145 16 0 0 0 
1653121702.7347038 20.6865234375 28.57398018803383 980.5214300136005 1 1 1 1 1 1 549 150 16 0 0 0 
1653121707.8686662 20.6712890625 28.526974408794118 980.5659296908644 1 1 1 1 1 1 549 150 16 0 0 0 
1653121713.0022812 20.6763671875 28.56237406750657 980.5423642354267 1 1 1 1 1 1 549 150 16 0 0 0 
1653121718.135595 20.6763671875 28.478946095083092 980.4918668770983 3 3 3 3 3 3 591 162 18 0 0 0 
1653121723.2683284 20.6458984375 28.622439296189437 980.5404664265129 3 3 3 3 3 3 591 162 18 0 0 0 
1653121728.4025958 20.6255859375 28.492307997416884 980.529841812815 3 3 3 3 3 3 591 162 18 0 0 0 
1653121733.536874 20.6306640625 28.73602800785479 980.5395740548526 2 2 2 2 2 2 579 159 22 0 0 0 
1653121738.669993 20.6306640625 28.611122992322933 980.5665044752021 2 2 2 2 2 2 579 159 22 0 0 0 
1653121743.8042202 20.6001953125 28.71861601605239 980.5612368785821 2 2 2 2 2 2 579 159 22 0 0 0 
1653121748.9381201 20.5951171875 28.665953436437597 980.496476381877 2 2 2 2 2 2 549 159 24 2 0 0 
1653121754.071666 20.5646484375 28.743553710111353 980.5073056149118 2 2 2 2 2 2 549 159 24 2 0 0 
1653121759.204731 20.5646484375 28.725856296581753 980.5308672436063 2 2 2 2 2 2 549 159 24 2 0 0 
1653121764.3375473 20.5951171875 28.68945430149189 980.5189410365508 2 3 3 2 3 3 621 171 24 2 0 0 
1653121769.4713428 20.6001953125 28.6238879896365 980.5253072547425 3 4 4 3 4 4 621 171 24 2 0 0 
1653121774.605287 20.6001953125 28.737032793818138 980.5488700336055 3 4 4 3 4 4 621 171 24 2 0 0 
1653121779.7391324 20.6205078125 28.718472258885747 980.5618214234945 3 4 4 3 4 4 579 159 26 2 0 0 
1653121784.8730936 20.6001953125 28.588493028860995 980.5817998674704 3 4 4 3 4 4 579 159 26 2 0 0 
1653121790.00661 20.6103515625 28.689022100106694 980.5105258308707 3 4 4 3 4 4 579 159 26 2 0 0 
1653121795.1401064 20.6357421875 28.61678103407917 980.520692562848 2 3 3 2 3 3 567 148 21 2 0 0 
1653121800.2732036 20.6408203125 28.474170456042316 980.5092773533681 2 3 3 2 3 3 567 148 21 2 0 0 
1653121805.4062328 20.6357421875 28.694105368765737 980.5358410371399 1 2 2 1 2 2 567 148 21 2 0 0 
1653121810.5389364 20.6357421875 28.622874018004104 980.5079610411126 0 2 2 0 2 2 420 110 18 2 0 0 
1653121815.6717436 20.6357421875 28.61750575037972 980.5399406345116 0 2 2 0 2 2 420 110 18 2 0 0 
1653121820.8057687 20.6205078125 28.575580434263255 980.5234758719423 1 3 3 1 3 3 420 110 18 2 0 0 
1653121825.9383607 20.6052734375 28.74254970699635 980.5552364453463 2 3 3 2 3 3 456 122 20 2 0 0 
1653121831.0723336 20.5748046875 28.76110822929989 980.5183553835479 2 3 3 2 3 3 456 122 20 2 0 0 
1653121836.2059286 20.5544921875 28.65463657614601 980.514402905634 2 3 3 2 3 3 456 122 20 2 0 0 
1653121841.338631 20.5494140625 28.636795519496058 980.5190864275454 0 2 2 0 2 2 441 118 20 2 0 0 
1653121846.471479 20.5494140625 28.60154811957576 980.5100845756492 0 2 2 0 2 2 441 118 20 2 0 0 
1653121851.6052861 20.5544921875 28.5951660272605 980.508401643283 0 2 2 0 2 2 441 118 20 2 0 0 
1653121856.738853 20.5798828125 28.755304402268113 980.5301363893443 1 2 2 1 2 2 468 127 22 2 0 0 
1653121861.8727732 20.5646484375 28.53598596155969 980.5460140121495 1 2 2 1 2 2 468 127 22 2 0 0 
1653121867.0070477 20.5494140625 28.726287005020065 980.5446961918508 1 2 2 1 2 2 468 127 22 2 0 0 
1653121872.138343 20.5544921875 28.869005874928025 980.5703054556916 1 2 2 1 2 2 462 127 24 2 0 0 
1653121877.2714646 20.5544921875 28.74570335746143 980.5491568376574 2 3 3 2 3 3 462 127 24 2 0 0 
1653121882.404299 20.5392578125 28.661160801098166 980.5542055993444 2 3 3 2 3 3 462 127 24 2 0 0 
1653121887.5371773 20.5443359375 28.750360431648947 980.529326648494 1 3 4 1 3 4 432 120 22 4 0 0 
1653121892.6714735 20.5341796875 28.87495236592331 980.5360582733165 0 2 3 0 2 3 432 120 22 4 0 0 
1653121897.8055575 20.5595703125 28.886420156276984 980.5308672436063 0 2 3 0 2 3 432 120 22 4 0 0 
1653121902.9397988 20.5544921875 28.714106096310594 980.5409650886722 0 2 2 0 2 2 462 123 20 2 0 0 
1653121908.0737956 20.5494140625 28.827380149932395 980.5386944365753 0 2 2 0 2 2 462 123 20 2 0 0 
1653121913.2072103 20.5392578125 28.70916538774618 980.5158634022066 0 2 2 0 2 2 462 123 20 2 0 0 
1653121918.3405492 20.5392578125 28.56615735304321 980.5424251563871 0 1 2 0 1 2 390 111 20 2 0 0 
1653121923.4737372 20.523828125 28.756879661083328 980.5388348725822 0 1 2 0 1 2 390 111 20 2 0 0 
1653121928.607789 20.50859375 28.817054121986494 980.5550730077189 0 1 2 0 1 2 390 111 20 2 0 0 
1653121933.7406619 20.513671875 28.721488883859003 980.5648060407905 0 1 2 0 1 2 375 106 20 2 0 0 
1653121938.8746207 20.513671875 28.73918411869545 980.522370699089 0 1 2 0 1 2 375 106 20 2 0 0 
1653121944.0086823 20.513671875 28.804734751033845 980.530784957497 1 2 3 1 2 3 375 106 20 2 0 0 
1653121949.1421142 20.513671875 28.680009203404936 980.521052232155 1 2 3 1 2 3 366 108 20 2 0 0 
1653121954.276083 20.50859375 28.82894577209604 980.5146852103172 1 2 3 1 2 3 366 108 20 2 0 0 
1653121959.410099 20.513671875 28.65622428567593 980.5180508585621 1 2 3 1 2 3 366 108 20 2 0 0 
1653121964.5440307 20.513671875 28.668116765109655 980.5143208811766 0 1 2 0 1 2 393 115 18 2 0 0 
1653121969.676621 20.52890625 28.756450175071013 980.5448374256187 0 1 2 0 1 2 393 115 18 2 0 0 
1653121974.8105428 20.513671875 28.840126582045205 980.555663533663 0 1 2 0 1 2 393 115 18 2 0 0 
1653121979.9451754 20.51875 28.85230291292424 980.537516365482 0 1 2 0 1 2 387 113 18 4 0 0 
1653121985.0784447 20.5392578125 28.673054218893046 980.529326648494 0 1 2 0 1 2 387 113 18 4 0 0 
1653121990.2121227 20.5392578125 28.738180470487276 980.5740360573924 0 1 2 0 1 2 387 113 18 4 0 0 
1653121995.3447952 20.5443359375 28.636940116394612 980.5252309700919 0 2 2 0 2 2 393 117 20 4 0 0 
1653122000.4778488 20.5798828125 28.61257262226633 980.5449179322227 1 3 3 1 3 3 393 117 20 4 0 0 
1653122005.6118665 20.5849609375 28.57659809007719 980.5449179322227 1 3 3 1 3 3 393 117 20 4 0 0 
1653122010.7450297 20.5748046875 28.695977491875976 980.5297707977608 1 2 3 1 2 3 372 108 20 4 0 0 
1653122015.879147 20.5849609375 28.63607237246061 980.5297707977608 0 1 2 0 1 2 372 108 20 4 0 0 
1653122021.0133379 20.5951171875 28.50508142425329 980.5273562439799 0 1 2 0 1 2 372 108 20 4 0 0 
1653122026.1470187 20.5798828125 28.62461193000113 980.5536984112197 0 1 2 0 1 2 336 96 18 4 0 0 
1653122031.280479 20.5595703125 28.565284937338827 980.5275012958105 0 1 2 0 1 2 336 96 18 4 0 0 
1653122036.413789 20.5544921875 28.65463657614601 980.5413302700408 0 1 2 0 1 2 336 96 18 4 0 0 
1653122041.5466254 20.5798828125 28.713531162089662 980.5301363893443 0 1 1 0 1 1 351 101 16 2 0 0 
1653122046.6798372 20.52890625 28.69568959213129 980.5449179322227 0 1 1 0 1 1 351 101 16 2 0 0 
1653122051.8138206 20.6052734375 28.724850930972245 980.552821392754 0 1 1 0 1 1 351 101 16 2 0 0 
1653122056.9477541 20.6052734375 28.510882979520233 980.5357714531578 0 2 2 0 2 2 378 108 16 2 0 0 
1653122062.0816555 20.6052734375 28.46924861845411 980.5239901607985 0 2 2 0 2 2 378 108 16 2 0 0 
1653122067.2153037 20.6001953125 28.766482674536324 980.493695424757 0 2 2 0 2 2 378 108 16 2 0 0 
1653122072.3494573 20.5900390625 28.713531162089662 980.5058427089015 1 3 3 1 3 3 414 115 16 2 0 0 
1653122077.482961 20.5900390625 28.594295341423216 980.5108917908125 1 3 3 1 3 3 414 115 16 2 0 0 
1653122082.6167626 20.6103515625 28.71861601605239 980.4980121073025 1 3 3 1 3 3 414 115 16 2 0 0 
1653122087.7509434 20.6052734375 28.742980059060102 980.5313073601329 1 2 2 1 2 2 471 132 18 2 0 0 
1653122092.8844967 20.5951171875 28.62403279938189 980.517257995275 1 2 2 1 2 2 471 132 18 2 0 0 
1653122098.0173173 20.5900390625 28.659717409407644 980.538771698128 1 2 2 1 2 2 471 132 18 2 0 0 
1653122103.1507459 20.5951171875 28.529163807461106 980.5122088718668 1 2 2 1 2 2 480 134 18 2 0 0 
1653122108.2844627 20.5900390625 28.737319778000007 980.5088427899447 1 2 2 1 2 2 480 134 18 2 0 0 
1653122113.4175255 20.6001953125 28.67755957552407 980.5064274460606 1 2 2 1 2 2 480 134 18 2 0 0 
1653122118.550446 20.5951171875 28.766482674536324 980.4869632642703 1 2 2 1 2 2 432 120 16 2 0 0 
1653122123.683933 20.5951171875 28.81406119269224 980.5471869775175 2 3 3 2 3 3 432 120 16 2 0 0 
1653122128.8182209 20.5849609375 28.582690832170808 980.5331368271515 2 3 3 2 3 3 432 120 16 2 0 0 
1653122133.9525273 20.5697265625 28.63621702354006 980.5365028568222 2 2 2 2 2 2 411 113 14 0 0 0 
1653122139.0866582 20.5646484375 28.92209999552994 980.5271358963913 2 2 2 2 2 2 411 113 14 0 0 0 
1653122144.220793 20.5544921875 28.957779464434864 980.5308672436063 2 2 2 2 2 2 411 113 14 0 0 0 
1653122149.3545873 20.5544921875 28.73775017300457 980.5039396690747 1 2 2 1 2 2 390 104 12 0 0 0 
1653122154.487893 20.5595703125 28.696265348276917 980.4955248057059 1 2 2 1 2 2 390 104 12 0 0 0 
1653122159.6210976 20.5646484375 28.714106096310594 980.4857926005722 1 2 2 1 2 2 390 104 12 0 0 0 
1653122164.7543683 20.5595703125 28.8211486402301 980.5409650886722 1 2 2 1 2 2 369 99 10 0 0 0 
1653122169.8886132 20.5748046875 28.821006155770416 980.5181340866803 1 2 2 1 2 2 369 99 10 0 0 0 
1653122175.0230677 20.5646484375 28.85697081021836 980.5321848588471 1 2 2 1 2 2 369 99 10 0 0 0 
1653122180.1573381 20.5748046875 28.565139496793794 980.555016025012 1 2 2 1 2 2 390 102 8 0 0 0 
1653122185.2911365 20.5646484375 28.767341572324685 980.5355508341677 1 2 2 1 2 2 390 102 8 0 0 0 
1653122190.4247298 20.5646484375 28.541350235455774 980.5641616356886 1 2 2 1 2 2 390 102 8 0 0 0 
1653122195.5578384 20.5748046875 28.767341572324685 980.5153549864419 1 2 2 1 2 2 405 104 10 0 0 0 
1653122200.690931 20.5748046875 28.55962869151458 980.5237699217703 1 2 2 1 2 2 405 104 10 0 0 0 
1653122205.8250394 20.5748046875 28.553244886700146 980.5234043856124 1 2 2 1 2 2 405 104 10 0 0 0 
1653122210.9593444 20.5798828125 28.55309929831959 980.5071597490885 1 2 2 1 2 2 342 90 10 0 0 0 
1653122216.0930274 20.5849609375 28.69568959213129 980.5209899565228 1 2 2 1 2 2 342 90 10 0 0 0 
1653122221.2259495 20.5849609375 28.707583982391697 980.5425036217592 1 2 2 1 2 2 342 90 10 0 0 0 
1653122226.3600216 20.5951171875 28.624322386363968 980.489744383741 1 2 2 1 2 2 342 95 12 0 0 0 
1653122231.4939814 20.5798828125 28.57703406573671 980.4977935325038 1 2 2 1 2 2 342 95 12 0 0 0 
1653122236.62721 20.5697265625 28.707727800694244 980.4998423813646 1 2 2 1 2 2 342 95 12 0 0 0 
1653122241.7614808 20.5798828125 28.541204510075232 980.5275012958105 1 1 1 1 1 1 321 88 8 0 0 0 
1653122246.8957465 20.5849609375 28.618375052343694 980.5540637034318 1 1 1 1 1 1 321 88 8 0 0 0 
1653122252.029791 20.5697265625 28.642598009428138 980.5355508341677 1 1 1 1 1 1 321 88 8 0 0 0 
1653122257.1639109 20.5646484375 28.511613427310422 980.5675276136672 1 2 3 1 2 3 342 95 8 2 2 0 
1653122262.2978075 20.5646484375 28.553390464244178 980.5116233817747 1 2 3 1 2 3 342 95 8 2 2 0 
1653122267.4315047 20.5646484375 28.88656188737103 980.5136719995862 1 2 3 1 2 3 342 95 8 2 2 0 
1653122272.5652008 20.5646484375 28.53554867744636 980.5174034541021 1 2 3 1 2 3 363 100 10 2 2 0 
1653122277.6989431 20.5646484375 28.529309680679205 980.5228177050875 1 2 3 1 2 3 363 100 10 2 2 0 
1653122282.8326125 20.5798828125 28.743553710111353 980.558747417691 1 2 3 1 2 3 363 100 10 2 2 0 
1653122287.9667838 20.5646484375 28.559337705935228 980.5288188838067 2 2 3 2 2 3 390 107 14 2 2 0 
1653122293.1003253 20.5748046875 28.74950069109621 980.5553814133068 2 2 3 2 2 3 390 107 14 2 2 0 
1653122298.234023 20.5849609375 28.683939252997288 980.5415519018527 2 2 3 2 2 3 390 107 14 2 2 0 
1653122303.3678977 20.5849609375 28.695833547421604 980.5546505270788 2 2 4 2 2 4 405 114 16 4 4 0 
1653122308.5009506 20.5748046875 28.790843561941287 980.5381858717624 2 2 4 2 2 4 405 114 16 4 4 0 
1653122313.6351285 20.5798828125 28.56484858319429 980.5301363893443 2 2 4 2 2 4 405 114 16 4 4 0 
1653122318.7689466 20.5798828125 28.654058902143046 980.4998423813646 2 3 5 2 3 5 441 126 18 4 4 0 
1653122323.9026532 20.5849609375 28.55295369910251 980.5627001342795 2 3 5 2 3 5 441 126 18 4 4 0 
1653122329.037063 20.5900390625 28.689310245199458 980.5417718879429 2 3 5 2 3 5 441 126 18 4 4 0 
1653122334.1707704 20.6001953125 28.665376137021642 980.5354055868619 2 3 6 2 3 6 456 135 25 6 6 0 
1653122339.304457 20.6001953125 28.581964386019145 980.5468210964444 2 3 6 2 3 6 456 135 25 6 6 0 
1653122344.4383285 20.6001953125 28.635638354205152 980.5434549573735 2 3 6 2 3 6 456 135 25 6 6 0 
1653122349.572359 20.6001953125 28.57021432656824 980.540454753866 3 4 7 3 4 7 624 175 25 6 6 0 
1653122354.7062025 20.6052734375 28.82624069214187 980.5447720225999 3 4 7 3 4 7 624 175 25 6 6 0 
1653122359.841461 20.6052734375 28.84974464916705 980.5569195153365 3 4 7 3 4 7 624 175 25 6 6 0 
1653122364.9767594 20.6052734375 28.73674576629319 980.5531874389155 3 4 8 3 4 8 681 193 34 6 6 0 
1653122370.1100764 20.6103515625 28.492747077669268 980.5582366895444 3 4 8 3 4 8 681 193 34 6 6 0 
1653122375.240837 20.6103515625 28.748640560457737 980.5400888185821 3 4 8 3 4 8 681 193 34 6 6 0 
1653122380.3750288 20.6103515625 28.5404757206239 980.5350396109201 3 4 7 3 4 7 645 179 30 6 6 0 
1653122385.509176 20.5951171875 28.67146793533045 980.567017936747 3 4 7 3 4 7 645 179 30 6 6 0 
1653122390.6394517 20.5951171875 28.57659809007719 980.5273562439799 3 4 7 3 4 7 645 179 30 6 6 0 
1653122395.7733803 20.6154296875 28.599807569877093 980.5313073601329 3 4 7 3 4 7 639 176 32 6 6 0 
1653122400.9073 20.6154296875 28.66523178507749 980.5333565418393 3 4 7 3 4 7 639 176 32 6 6 0 
1653122406.0421145 20.6052734375 28.69482563283471 980.5228919483645 3 4 7 3 4 7 639 176 32 6 6 0 
1653122411.177079 20.6001953125 28.58210969692229 980.5569195153365 2 4 6 2 4 6 603 165 32 6 4 0 
1653122416.311491 20.6052734375 28.695401649042864 980.5245750305783 2 4 6 2 4 6 603 165 32 6 4 0 
1653122421.4450028 20.6001953125 28.79650498324961 980.5468210964444 2 4 6 2 4 6 603 165 32 6 4 0 
1653122426.5787215 20.6154296875 28.659284180596853 980.5313073601329 2 4 7 2 4 7 588 165 34 8 4 0 
1653122431.7118056 20.6052734375 28.605900314161214 980.5333565418393 2 4 7 2 4 7 588 165 34 8 4 0 
1653122436.8458264 20.6103515625 28.50464285254393 980.557504568885 2 4 7 2 4 7 588 165 34 8 4 0 
1653122441.9799137 20.6205078125 28.71861601605239 980.5591876796732 2 4 7 2 4 7 588 167 37 8 4 0 
1653122447.1139228 20.6408203125 28.511613427310422 980.5653475109222 2 4 7 2 4 7 588 167 37 8 4 0 
1653122452.2474048 20.6509765625 28.586749794914844 980.533366598572 2 4 7 2 4 7 588 167 37 8 4 0 
1653122457.380298 20.6662109375 28.479092711377515 980.5575134552051 2 4 6 2 4 6 609 165 35 6 2 0 
1653122462.513741 20.6865234375 28.621714543106663 980.5728766282299 2 4 6 2 4 6 609 165 35 6 2 0 
1653122467.648473 20.6865234375 28.579632342050356 980.5466791103757 2 4 6 2 4 6 609 165 35 6 2 0 
1653122472.7825887 20.6916015625 28.436857169531628 980.5560436130393 2 4 5 2 4 5 609 160 33 6 2 0 
1653122477.916214 20.6916015625 28.603427627721985 980.5240609034557 2 4 5 2 4 5 609 160 33 6 2 0 
1653122483.0497923 20.7017578125 28.466455688997584 980.5388427345526 2 4 5 2 4 5 609 160 33 6 2 0 
1653122488.1824005 20.6966796875 28.50229652622759 980.5580945257622 2 4 4 2 4 4 603 155 26 4 0 0 
1653122493.3164928 20.6966796875 28.579632342050356 980.5422093627376 2 4 4 2 4 4 603 155 26 4 0 0 
1653122498.4503431 20.6916015625 28.573683494899644 980.5294786452108 2 4 4 2 4 4 603 155 26 4 0 0 
1653122503.5840433 20.6814453125 28.591530005472414 980.5294786452108 1 3 3 1 3 3 405 108 24 4 0 0 
1653122508.7186122 20.6865234375 28.413361194438338 980.5449958367675 1 3 3 1 3 3 405 108 24 4 0 0 
1653122513.850296 20.6763671875 28.615911016921565 980.56014530176 1 3 3 1 3 3 405 108 24 4 0 0 
1653122518.984148 20.6763671875 28.61562092451215 980.5466791103757 1 2 2 1 2 2 327 85 15 4 0 0 
1653122524.117969 20.6865234375 28.76462039112511 980.5302139999886 1 2 2 1 2 2 327 85 15 4 0 0 
1653122529.2515426 20.6814453125 28.57398018803383 980.5668783991317 1 2 2 1 2 2 327 85 15 4 0 0 
1653122534.3844304 20.6763671875 28.479092711377515 980.5315296504211 1 2 2 1 2 2 327 85 17 4 0 0 
1653122539.5176194 20.6916015625 28.514638762878814 980.5524637146492 1 2 2 1 2 2 327 85 17 4 0 0 
1653122544.650697 20.6865234375 28.62127398389793 980.5221652845383 1 2 2 1 2 2 327 85 17 4 0 0 
1653122549.7828455 20.6916015625 28.472850585459252 980.5530446630189 1 2 2 1 2 2 312 83 15 4 0 0 
1653122554.9167 20.6966796875 28.490105497069532 980.569877541279 1 2 2 1 2 2 312 83 15 4 0 0 
1653122560.0506723 20.7017578125 28.62127398389793 980.5603580189613 1 2 2 1 2 2 312 83 15 4 0 0 
1653122565.184561 20.6966796875 28.561494356807216 980.5506259344247 1 2 2 1 2 2 306 83 13 2 0 0 
1653122570.3188035 20.6966796875 28.502150140179715 980.5607258227584 1 2 2 1 2 2 306 83 13 2 0 0 
1653122575.4527252 20.6865234375 28.56193145991991 980.5264798316961 1 2 2 1 2 2 306 83 13 2 0 0 
1653122580.58675 20.6916015625 28.561785769718853 980.5382627430346 1 1 1 1 1 1 306 78 9 0 0 0 
1653122585.7209148 20.6966796875 28.627367685420932 980.5674590830472 1 1 1 1 1 1 306 78 9 0 0 0 
1653122590.8502638 20.6916015625 28.424811694270645 980.552677010841 1 1 1 1 1 1 306 78 9 0 0 0 
1653122595.9829535 20.6966796875 28.490398554011875 980.5758756599826 0 1 1 0 1 1 279 69 6 0 0 0 
1653122601.1162076 20.6966796875 28.37721793983837 980.5839246246145 0 1 1 0 1 1 279 69 6 0 0 0 
1653122606.2500777 20.7119140625 28.57324677027526 980.5852402439192 0 1 1 0 1 1 279 69 6 0 0 0 
1653122611.3802862 20.7068359375 28.674090390321567 980.582821124272 1 1 1 1 1 1 279 78 10 0 0 0 
1653122616.513332 20.7068359375 28.501710917015576 980.5588857067878 1 1 1 1 1 1 279 78 10 0 0 0 
1653122621.644633 20.7220703125 28.531310950572106 980.5895546053308 1 1 1 1 1 1 279 78 10 0 0 0 
1653122626.7779748 20.7220703125 28.554962111915593 980.5817166365997 1 1 1 1 1 1 270 80 10 0 0 0 
1653122631.910239 20.72734375 28.41232355462101 980.5459963589597 1 1 1 1 1 1 270 80 10 0 0 0 
1653122637.0426402 20.732421875 28.417830791840696 980.5847151034396 1 1 1 1 1 1 270 80 10 0 0 0 
1653122642.1745965 20.7375 28.513170486392557 980.5753513204996 1 1 1 1 1 1 297 85 10 0 0 0 
1653122647.3071418 20.72734375 28.471817767311695 980.568986004237 1 1 1 1 1 1 297 85 10 0 0 0 
1653122652.44182 20.7220703125 28.50141804738904 980.5905018958958 1 1 1 1 1 1 297 85 10 0 0 0 
1653122657.5739505 20.72734375 28.644200366442842 980.5454186474416 1 2 2 1 2 2 375 111 14 0 0 0 
1653122662.7055967 20.7375 28.649715252796874 980.5749829940214 1 2 2 1 2 2 375 111 14 0 0 0 
1653122667.8401508 20.72734375 28.56671498212482 980.3657845669046 1 2 2 1 2 2 375 111 14 0 0 0 
1653122672.9700284 20.72734375 28.49502906419039 980.5618841471285 1 2 2 1 2 2 417 118 14 0 0 0 
1653122678.100271 20.72734375 28.572955566343378 980.5770347174858 1 2 2 1 2 2 417 118 14 0 0 0 
1653122683.232323 20.72734375 28.513170486392557 980.576087644333 1 2 2 1 2 2 417 118 14 0 0 0 
1653122688.364233 20.72734375 28.453822623336787 980.5656192381405 1 2 2 1 2 2 396 113 14 0 0 0 
1653122693.4951427 20.7169921875 28.418420410664822 980.582821124272 1 2 2 1 2 2 396 113 14 0 0 0 
1653122698.6291249 20.7220703125 28.394179732613832 980.5946047168595 1 2 2 1 2 2 396 113 14 0 0 0 
1653122703.7600758 20.732421875 28.525069335285373 980.5938686911983 1 2 2 1 2 2 390 108 14 0 0 0 
1653122708.8908193 20.72734375 28.364431400745705 980.6041794886139 1 2 2 1 2 2 390 108 14 0 0 0 
1653122714.0242496 20.72734375 28.644055559363036 980.5732995835517 1 2 2 1 2 2 390 108 14 0 0 0 
1653122719.1567442 20.74765625 28.46542780610655 980.5789277101201 1 2 2 1 2 2 396 110 14 0 0 0 
1653122724.2897887 20.7375 28.566423554501867 980.5792963250786 1 2 2 1 2 2 396 110 14 0 0 0 
1653122729.4252167 20.74765625 28.453528614310155 980.6045479002713 1 2 2 1 2 2 396 110 14 0 0 0 
1653122734.5569646 20.742578125 28.65537516657693 980.5923953233571 2 2 2 2 2 2 417 120 18 0 0 0 
1653122739.6918917 20.752734375 28.58383533922408 980.5937101726305 2 2 2 2 2 2 417 120 18 0 0 0 
1653122744.8201401 20.742578125 28.54857507090984 980.5587262986633 2 2 2 2 2 2 417 120 18 0 0 0 
1653122749.9543452 20.7375 28.381984755913493 980.583978064559 2 2 2 2 2 2 444 124 14 0 0 0 
1653122755.0849779 20.7375 28.57222736687555 980.5645140147442 2 2 2 2 2 2 444 124 14 0 0 0 
1653122760.2175834 20.7375 28.459478215355862 980.5914488019113 2 2 2 2 2 2 444 124 14 0 0 0 
1653122765.3502626 20.7375 28.584417459168023 980.6032327769307 2 3 3 2 3 3 444 124 12 2 0 0 
1653122770.4849393 20.7375 28.411733618425288 980.583978064559 2 3 3 2 3 3 444 124 12 2 0 0 
1653122775.619914 20.7578125 28.57788568037659 980.6122282980027 2 3 3 2 3 3 444 124 12 2 0 0 
1653122780.7484012 20.74765625 28.48254301696911 980.5705104541216 2 3 3 2 3 3 444 124 14 2 0 0 
1653122785.8806736 20.7578125 28.631287230258593 980.5946561307733 2 3 3 2 3 3 444 124 14 2 0 0 
1653122791.0144327 20.773046875 28.428993524867472 980.569403747624 2 3 3 2 3 3 444 124 14 2 0 0 
1653122796.1456726 20.76796875 28.48863956214947 980.571087239344 1 2 2 1 2 2 387 112 14 2 0 0 
1653122801.2780192 20.76796875 28.47615267926312 980.5912891454433 1 2 2 1 2 2 387 112 14 2 0 0 
1653122806.410425 20.76796875 28.416946038491314 980.5563049367 1 2 2 1 2 2 387 112 14 2 0 0 
1653122811.5402236 20.76796875 28.51214598451546 980.5845551756237 1 2 2 1 2 2 339 96 12 2 0 0 
1653122816.6691198 20.76796875 28.428993524867472 980.5838170666284 1 2 2 1 2 2 339 96 12 2 0 0 
1653122821.803706 20.76796875 28.517803218273794 980.5757686475232 1 2 2 1 2 2 339 96 12 2 0 0 
1653122826.937432 20.6306640625 28.4881995703556 980.5606171006918 1 2 2 1 2 2 333 101 14 2 0 0 
1653122832.067999 20.778125 28.518095893622327 980.5686653946657 1 2 2 1 2 2 333 101 14 2 0 0 
1653122837.2220945 20.76796875 28.595589205952084 980.5828716833437 1 2 2 1 2 2 333 101 14 2 0 0 
1653122842.3564858 20.76796875 28.48863956214947 980.5825026701569 1 2 2 1 2 2 363 106 14 2 0 0 
1653122847.4895868 20.762890625 28.559744969070394 980.5495710269732 1 2 2 1 2 2 363 106 14 2 0 0 
1653122852.6234515 20.778125 28.446843448233746 980.5720324323897 1 2 2 1 2 2 363 106 14 2 0 0 
1653122857.757081 20.7220703125 28.610977969729007 980.5602478015809 2 3 3 2 3 3 405 123 18 2 0 0 
1653122862.8902252 20.783203125 28.33305003473871 980.5722380912881 2 3 3 2 3 3 405 123 18 2 0 0 
1653122868.0245688 20.7984375 28.564674078498356 980.5887042231221 2 3 3 2 3 3 405 123 18 2 0 0 
1653122873.15834 20.80859375 28.487319294173687 980.5926456378754 2 3 3 2 3 3 399 121 18 2 0 0 
1653122878.2914486 20.803515625 28.505170552719843 980.565707593382 2 3 3 2 3 3 399 121 18 2 0 0 
1653122883.4260938 20.80859375 28.36830853530711 980.5832837067957 2 3 3 2 3 3 399 121 18 2 0 0 
1653122888.5600328 20.80859375 28.344505889225854 980.5398802159325 2 2 2 2 2 2 393 121 16 2 0 0 
1653122893.690308 20.803515625 28.45727279350851 980.5630805020742 2 2 2 2 2 2 393 121 16 2 0 0 
1653122898.8240175 20.803515625 28.558577843657392 980.5664477021611 2 2 2 2 2 2 393 121 16 2 0 0 
1653122903.9579072 20.80859375 28.368012282995533 980.5411937083342 2 3 3 2 3 3 387 121 20 2 0 0 
1653122909.0910208 20.81875 28.487025782085105 980.5821737856124 2 3 3 2 3 3 387 121 20 2 0 0 
1653122914.2245069 20.844140625 28.47424299915782 980.5738964163739 2 3 3 2 3 3 387 121 20 2 0 0 
1653122919.3587105 20.8390625 28.236044900958962 980.5849408688243 2 2 2 2 2 2 366 114 20 2 0 0 
1653122924.4917917 20.84921875 28.34897281589068 980.5987814721634 2 2 2 2 2 2 366 114 20 2 0 0 
1653122929.6257193 20.854296875 28.295857275220758 980.5896211985574 2 2 2 2 2 2 366 114 20 2 0 0 
1653122934.7586355 20.84921875 28.384384713906538 980.6030912076786 1 2 2 1 2 2 354 107 22 2 0 0 
1653122939.8894467 20.86953125 28.41964450673611 980.5770926614318 1 2 2 1 2 2 354 107 22 2 0 0 
1653122945.021432 20.86953125 28.503117934931776 980.5995518746735 1 2 2 1 2 2 354 107 22 2 0 0 
1653122950.1545124 20.86953125 28.419496839587275 980.5881365733122 2 3 3 2 3 3 375 114 26 4 0 0 
1653122955.2864823 20.86953125 28.312514425486363 980.5578280932864 2 3 3 2 3 3 375 114 26 4 0 0 
1653122960.4184976 20.86953125 28.336475729836486 980.5716699825737 2 3 3 2 3 3 375 114 26 4 0 0 
1653122965.551657 20.859375 28.4495552497771 980.6064587106592 1 3 3 1 3 3 375 111 28 4 0 0 
1653122970.683197 20.864453125 28.426044486360922 980.5740963300225 1 3 3 1 3 3 375 111 28 4 0 0 
1653122975.8152695 20.854296875 28.25345071448594 980.5710999433323 1 3 3 1 3 3 375 111 28 4 0 0 
1653122980.948815 20.859375 28.414141745735684 980.5939304397118 1 3 3 1 3 3 417 118 30 4 0 0 
1653122986.0808532 20.859375 28.425749344094445 980.5716699825737 1 3 3 1 3 3 417 118 30 4 0 0 
1653122991.213756 20.86953125 28.330220976046828 980.5918754774772 1 3 3 1 3 3 417 118 30 4 0 0 
1653122996.3436475 20.86953125 28.473208295712336 980.6251803019294 2 4 4 2 4 4 516 146 32 4 0 0 
1653123001.4763062 20.86953125 28.336321398654306 980.6087133975986 2 4 4 2 4 4 516 146 32 4 0 0 
1653123006.609681 20.86953125 28.247199797765873 980.6062871517145 2 4 4 2 4 4 516 146 32 4 0 0 
1653123011.7406986 20.859375 28.354330638113094 980.5834565200421 2 4 4 2 4 4 495 134 30 4 0 0 
1653123016.8719156 20.864453125 28.175777383284274 980.569986191787 2 4 4 2 4 4 495 134 30 4 0 0 
1653123022.00312 20.854296875 28.271156297399855 980.567930917441 2 4 4 2 4 4 495 134 30 4 0 0 
1653123027.13436 20.859375 28.426634640848786 980.5838277719035 2 4 4 2 4 4 522 141 32 4 0 0 
1653123032.266473 20.86953125 28.276505023117824 980.5750375643574 2 4 4 2 4 4 522 141 32 4 0 0 
1653123037.3996649 20.86953125 28.258798616311335 980.5729823304636 2 4 4 2 4 4 522 141 32 4 0 0 
1653123042.5315328 20.8796875 28.42544848140834 980.5501522307474 2 4 4 2 4 4 528 143 34 4 0 0 
1653123047.665852 20.86953125 28.25299627145206 980.5628795050486 2 4 4 2 4 4 528 143 34 4 0 0 
1653123052.796049 20.8796875 28.413846329444787 980.5817727287653 2 4 4 2 4 4 528 143 34 4 0 0 
1653123057.927981 20.86953125 28.27665434532047 980.5540887839494 2 4 4 2 4 4 534 141 32 4 0 0 
1653123063.0552895 20.86953125 28.42544848140834 980.5729823304636 2 4 4 2 4 4 534 141 32 4 0 0 
1653123068.189771 20.8796875 28.413692923119463 980.5769188784866 2 4 4 2 4 4 534 141 32 4 0 0 
1653123073.3162832 20.859375 28.330524073141508 980.5864527682711 1 3 3 1 3 3 528 139 30 2 0 0 
1653123078.4496472 20.86953125 28.30686629006437 980.5510928785837 1 3 3 1 3 3 528 139 30 2 0 0 
1653123083.5804548 20.86953125 28.336624334003087 980.5746661349444 1 3 3 1 3 3 528 139 30 2 0 0 
1653123088.7135012 20.864453125 28.35997985477376 980.5739229467632 2 4 4 2 4 4 576 149 26 2 0 0 
1653123093.8451648 20.8796875 28.336321398654306 980.5548320778563 2 4 4 2 4 4 576 149 26 2 0 0 
1653123098.9768043 20.86953125 28.496867379715106 980.5991804290004 2 4 4 2 4 4 576 149 26 2 0 0 
1653123104.108573 20.8796875 28.51486844358007 980.5843975054272 2 3 3 2 3 3 564 145 22 0 0 0 
1653123109.240326 20.86953125 28.401943273589563 980.5602548901536 2 3 3 2 3 3 564 145 22 0 0 0 
1653123114.3704944 20.864453125 28.241092517025578 980.5759784138522 2 3 3 2 3 3 564 145 22 0 0 0 
1653123119.503958 20.8796875 28.42544848140834 980.5810298685872 2 3 3 2 3 3 549 143 18 0 0 0 
1653123124.6346726 20.8796875 28.258649088572035 980.5510928785837 2 3 3 2 3 3 549 143 18 0 0 0 
1653123129.7664936 20.86953125 28.366233858790547 980.5548320778563 2 3 3 2 3 3 549 143 18 0 0 0 
1653123134.900977 20.8796875 28.1278537705631 980.6055442590127 2 2 2 2 2 2 519 136 16 0 0 0 
1653123140.0311947 20.9 28.245996594305474 980.6124766605946 2 2 2 2 2 2 519 136 16 0 0 0 
1653123145.1655557 20.9154296875 28.19822713225594 980.5855342523536 2 2 2 2 2 2 519 136 16 0 0 0 
1653123150.299509 20.9205078125 28.412067234869887 980.5709458022687 1 2 2 1 2 2 399 106 14 0 0 0 
1653123155.4332314 20.9408203125 28.119936421573716 980.5934032982445 1 2 2 1 2 2 399 106 14 0 0 0 
1653123160.5672936 20.9255859375 28.26310588871043 980.5715115420529 1 2 2 1 2 2 399 106 14 0 0 0 
1653123165.7006798 20.9205078125 28.412215078896526 980.5700068342845 1 2 2 1 2 2 384 106 16 0 0 0 
1653123170.8338425 20.9205078125 28.209831812876747 980.5810494438734 1 2 2 1 2 2 384 106 16 0 0 0 
1653123175.9675186 20.9154296875 28.424414987470072 980.554851621211 1 2 2 1 2 2 384 106 16 0 0 0 
1653123181.1008828 20.9 28.371290364955257 980.5724352529105 1 2 2 1 2 2 363 101 14 0 0 0 
1653123186.232322 20.9 28.424710325637943 980.5157330197741 1 2 2 1 2 2 363 101 14 0 0 0 
1653123191.36541 20.9 28.38319435118852 980.5445537310966 1 2 2 1 2 2 363 101 14 0 0 0 
1653123196.4989023 20.9255859375 28.471737302022838 980.5763701094615 1 1 1 1 1 1 357 96 12 0 0 0 
1653123201.6331646 20.9408203125 28.131993603182192 980.5715115420529 1 1 1 1 1 1 357 96 12 0 0 0 
1653123206.7673073 20.9611328125 28.39957049704911 980.5956526830727 1 1 1 1 1 1 357 96 12 0 0 0 
1653123211.9016678 20.9662109375 28.113378046556626 980.5468160599081 1 2 2 1 2 2 357 103 17 0 0 0 
1653123217.0354161 20.9662109375 28.19702451884569 980.6070678579808 1 2 2 1 2 2 357 103 17 0 0 0 
1653123222.1694932 20.9712890625 28.16070278693741 980.5877968638323 1 2 2 1 2 2 357 103 17 0 0 0 
1653123227.3035476 20.9560546875 28.268310893989206 980.5737603964393 1 2 2 1 2 2 348 98 17 0 0 0 
1653123232.4372542 20.9662109375 28.101319858183423 980.5851753887666 1 2 2 1 2 2 348 98 17 0 0 0 
1653123237.570945 20.9712890625 28.30998164650812 980.5939686606038 1 2 2 1 2 2 348 98 17 0 0 0 
1653123242.7044952 21.0017578125 28.398385911795177 980.5799397319184 1 2 2 1 2 2 321 95 19 0 0 0 
1653123247.83877 21.0017578125 28.24314987498519 980.5492517937616 1 2 2 1 2 2 321 95 19 0 0 0 
1653123252.9730396 21.0169921875 28.35597024824124 980.5780694002185 1 2 2 1 2 2 321 95 19 0 0 0 
1653123258.107306 21.0119140625 28.07629154047494 980.5535557113014 1 2 2 1 2 2 342 99 21 0 0 0 
1653123263.2416186 21.0169921875 28.106213001702233 980.5574847941948 1 2 2 1 2 2 342 99 21 0 0 0 
1653123268.3759544 21.0271484375 28.200721827581994 980.5950324325723 1 2 2 1 2 2 342 99 21 0 0 0 
1653123273.510583 21.0423828125 28.022247504050846 980.5536763949428 1 2 2 1 2 2 327 94 21 0 0 0 
1653123278.6443117 21.0271484375 28.2066758957186 980.5843667720042 1 2 2 1 2 2 327 94 21 0 0 0 
1653123283.7780545 21.0169921875 28.070337519623042 980.5675247858254 1 2 2 1 2 2 327 94 21 0 0 0 
1653123288.9110029 21.0373046875 28.21828346231157 980.5562949282767 1 3 3 1 3 3 327 98 28 2 0 0 
1653123294.0447824 21.0576171875 27.98606262563349 980.5845521140666 1 3 3 1 3 3 327 98 28 2 0 0 
1653123299.1786249 21.0373046875 28.176603953974606 980.5946576348715 1 3 3 1 3 3 327 98 28 2 0 0 
1653123304.3129783 21.0322265625 28.111258071196474 980.5802490841336 1 3 3 1 3 3 348 102 28 2 0 0 
1653123309.4468367 21.0322265625 28.12362069162288 980.5654658754928 1 3 3 1 3 3 348 102 28 2 0 0 
1653123314.5805688 21.0373046875 28.099046156574502 980.5546106898 1 3 3 1 3 3 348 102 28 2 0 0 
1653123319.7143698 21.0322265625 28.200721827581994 980.5654658754928 1 2 2 1 2 2 348 102 24 2 0 0 
1653123324.849414 21.0220703125 27.93888609727228 980.5979052245566 1 2 2 1 2 2 348 102 24 2 0 0 
1653123329.9831884 21.0220703125 28.218734254184646 980.5932269424488 1 2 2 1 2 2 348 102 24 2 0 0 
1653123335.1167583 21.0119140625 28.11201544911801 980.5713327166039 1 3 3 1 3 3 354 104 26 2 0 0 
1653123340.2510395 21.0119140625 28.183612773998227 980.5831219136649 1 3 3 1 3 3 354 104 26 2 0 0 
1653123345.3854518 20.9966796875 28.296881692818594 980.602769760956 1 3 3 1 3 3 354 104 26 2 0 0 
1653123350.5192873 21.0017578125 28.332900252830854 980.5896705874796 1 3 3 1 3 3 387 109 24 2 0 0 
1653123355.653063 20.9865234375 28.315040311210304 980.5688985642894 1 3 3 1 3 3 387 109 24 2 0 0 
1653123360.7873323 20.9865234375 28.15429666226201 980.6031435276846 1 3 3 1 3 3 387 109 24 2 0 0 
1653123365.9211128 21.0119140625 28.243299799858594 980.6067003180834 1 2 2 1 2 2 402 109 19 2 0 0 
1653123371.0554595 21.0119140625 28.058125294982514 980.613437007582 1 2 2 1 2 2 402 109 19 2 0 0 
1653123376.18927 21.0119140625 28.07629154047494 980.5743266352754 1 2 2 1 2 2 402 109 19 2 0 0 
1653123381.3230736 21.0322265625 28.254308069688868 980.5886702146968 1 3 3 1 3 3 417 114 21 2 0 0 
1653123386.4569004 21.0525390625 28.06927375719429 980.5875456589338 1 3 3 1 3 3 417 114 21 2 0 0 
1653123391.5907547 21.0677734375 28.146530340813698 980.5888548678188 1 3 3 1 3 3 417 114 21 2 0 0 
1653123396.7245448 21.0677734375 28.235239536377524 980.5796828844359 0 2 2 0 2 2 438 119 21 2 0 0 
1653123401.8586905 21.0626953125 27.9556763223719 980.6053226446681 0 2 2 0 2 2 438 119 21 2 0 0 
1653123406.992471 21.0626953125 27.991558501325642 980.6116847364793 0 2 2 0 2 2 438 119 21 2 0 0 
1653123412.1262467 21.0525390625 28.307296466691053 980.5854863068046 0 2 2 0 2 2 417 115 19 2 0 0 
1653123417.259267 21.0525390625 28.277525528943784 980.5892299259212 1 3 3 1 3 3 417 115 19 2 0 0 
1653123422.3932106 21.0626953125 27.997360419535056 980.5742544665746 1 3 3 1 3 3 417 115 19 2 0 0 
1653123427.527308 21.0779296875 27.90772302100612 980.5957752115226 2 3 3 2 3 3 438 122 23 4 0 0 
1653123432.6612566 21.0626953125 27.967586115970413 980.6079408942163 2 3 3 2 3 3 438 122 23 4 0 0 
1653123437.7959375 21.0576171875 28.18195534844447 980.5897887297173 2 3 3 2 3 3 438 122 23 4 0 0 
1653123442.9298751 21.0525390625 27.962090985323893 980.5798742743041 2 3 3 2 3 3 447 120 14 2 0 0 
1653123448.0642877 21.0525390625 28.06942575577133 980.5811836076921 2 3 3 2 3 3 447 120 14 2 0 0 
1653123453.1982138 21.0373046875 28.170800520181448 980.5882954726414 2 3 3 2 3 3 447 120 14 2 0 0 
1653123458.3323708 21.0423828125 27.956442879131355 980.5899797125192 2 4 4 2 4 4 495 134 21 2 0 0 
1653123463.4663649 21.0423828125 27.932317400331666 980.5828678608443 2 4 4 2 4 4 495 134 21 2 0 0 
1653123468.5998895 21.0322265625 28.194767749136428 980.5654658754928 2 4 4 2 4 4 495 134 21 2 0 0 
1653123473.734188 21.0322265625 28.23064218126619 980.6244133297305 3 4 4 3 4 4 594 160 23 2 0 0 
1653123478.8681817 21.0322265625 28.236446081767223 980.5688342991375 3 4 4 3 4 4 594 160 23 2 0 0 
1653123484.0017643 21.0271484375 28.087744334784418 980.5743266352754 3 4 4 3 4 4 594 160 23 2 0 0 
1653123489.1354325 21.0119140625 28.3501653566978 980.605016145884 3 4 4 3 4 4 582 156 21 2 0 0 
1653123494.2693415 21.0068359375 28.338555921231766 980.5805020064066 3 4 4 3 4 4 582 156 21 2 0 0 
1653123499.4040737 20.9966796875 28.213681977390053 980.5825601896743 3 4 4 3 4 4 582 156 21 2 0 0 
1653123504.538076 20.9916015625 28.17811101030549 980.5630987027145 2 4 4 2 4 4 570 151 23 2 0 0 
1653123509.672009 20.9865234375 28.17811101030549 980.6001489762089 2 4 4 2 4 4 570 151 23 2 0 0 
1653123514.8068638 20.9763671875 28.273815370219804 980.5924756305508 2 4 4 2 4 4 570 151 23 2 0 0 
1653123519.9406493 20.9560546875 28.321887483048375 980.5898542662901 3 4 4 3 4 4 618 170 23 2 0 0 
1653123525.074256 20.9814453125 28.220086044553312 980.5924756305508 3 4 4 3 4 4 618 170 23 2 0 0 
1653123530.208381 20.9712890625 28.19657335998898 980.5696456784999 3 4 4 3 4 4 618 170 23 2 0 0 
1653123535.3424976 20.9916015625 28.208179309503628 980.5718930210248 3 4 4 3 4 4 603 167 21 2 0 0 
1653123540.4764132 20.9916015625 28.237496187207924 980.5732033193964 3 4 4 3 4 4 603 167 21 2 0 0 
1653123545.6102896 21.0017578125 28.183612773998227 980.6003377395292 3 4 4 3 4 4 603 167 21 2 0 0 
1653123550.7438798 21.0169921875 28.189415978138115 980.5848060849537 2 4 4 2 4 4 588 162 21 2 0 0 
1653123555.8776956 21.0119140625 28.22528885292078 980.579753571297 2 4 4 2 4 4 588 162 21 2 0 0 
1653123561.0110898 21.0017578125 28.23734620465866 980.5690871477568 2 4 4 2 4 4 588 162 21 2 0 0 
1653123566.144702 20.9865234375 28.196122103589737 980.5529940885544 2 4 4 2 4 4 594 164 25 2 0 0 
1653123571.2789953 20.9712890625 28.125133480981802 980.5797499711343 2 4 4 2 4 4 594 164 25 2 0 0 
1653123576.4130304 20.9611328125 28.214583289431594 980.576008425338 2 4 4 2 4 4 594 164 25 2 0 0 
1653123581.5466194 20.9611328125 28.184967874020547 980.6100628641657 2 5 5 2 5 5 630 176 35 4 0 0 
1653123586.6809132 21.0017578125 28.189867602655276 980.6068853932136 2 5 5 2 5 5 630 176 35 4 0 0 
1653123591.814957 21.0119140625 28.183462153138507 980.6037060564688 2 5 5 2 5 5 630 176 35 4 0 0 
1653123596.949092 21.0017578125 28.2194853572136 980.6125007551344 2 5 6 2 5 6 651 185 44 4 0 0 
1653123602.0831623 20.9865234375 28.327095882457474 980.5557996816179 2 5 6 2 5 6 651 185 44 4 0 0 
1653123607.2173214 20.9712890625 28.27946963096097 980.5672144886532 2 5 6 2 5 6 651 185 44 4 0 0 
1653123612.3481717 20.9560546875 28.256105458821256 980.6201671668854 2 4 5 2 4 5 573 164 35 4 0 0 
1653123617.4789603 20.9560546875 28.214733470172238 980.6138040047358 2 4 5 2 4 5 573 164 35 4 0 0 
1653123622.610935 20.9408203125 28.36995555028029 980.5926576347056 2 4 5 2 4 5 573 164 35 4 0 0 
1653123627.746189 20.9306640625 28.292869102193084 980.581988189979 1 4 5 1 4 5 495 143 37 4 0 0 
1653123632.8781228 20.9255859375 28.340638384893783 980.5928370289319 1 4 5 1 4 5 495 143 37 4 0 0 
1653123638.0097077 20.9205078125 28.46593234271761 980.6302558001378 1 4 5 1 4 5 495 143 37 4 0 0 
1653123643.142549 20.9154296875 28.335280787259016 980.5787986530942 1 4 5 1 4 5 522 150 41 4 0 0 
1653123648.275979 20.9 28.204780407382792 980.57654703703 1 4 5 1 4 5 522 150 41 4 0 0 
1653123653.4082477 20.884765625 28.222936941323553 980.605172647976 1 4 5 1 4 5 522 150 41 4 0 0 
1653123658.539335 20.8796875 28.45520653598557 980.5527766821543 1 4 5 1 4 5 486 148 41 4 0 0 
1653123663.673921 20.859375 28.270851825829517 980.5396779695967 1 4 5 1 4 5 486 148 41 4 0 0 
1653123668.804567 20.859375 28.42589692064623 980.6060878545544 1 4 5 1 4 5 486 148 41 4 0 0 
1653123673.9344153 20.859375 28.3486759357813 980.5623099852503 1 4 5 1 4 5 417 124 43 4 0 0 
1653123679.0643039 20.859375 28.425749344094445 980.5858826782251 1 4 5 1 4 5 417 124 43 4 0 0 
1653123684.1965058 20.859375 28.444045869403062 980.5875664425344 1 4 5 1 4 5 417 124 43 4 0 0 
1653123689.3288941 20.8796875 28.3480763341886 980.5595118971371 1 4 5 1 4 5 438 127 45 4 0 0 
1653123694.4633398 20.88984375 28.383490583429612 980.5378183014893 1 4 5 1 4 5 438 127 45 4 0 0 
1653123699.5952938 20.894921875 28.41295413647239 980.5756067784222 1 4 5 1 4 5 438 127 45 4 0 0 
1653123704.7288659 20.86953125 28.282755477239647 980.5877651425475 1 5 5 1 5 5 465 141 47 4 0 0 
1653123709.862238 20.859375 28.539118467267734 980.532373709782 1 5 5 1 5 5 465 141 47 4 0 0 
1653123714.9927425 20.86953125 28.52081985206892 980.5776622320273 1 5 5 1 5 5 465 141 47 4 0 0 
1653123720.127676 20.864453125 28.402238963906775 980.5716699825737 2 5 6 2 5 6 507 153 45 4 0 0 
1653123725.257641 20.884765625 28.38319435118852 980.5604522960119 2 5 6 2 5 6 507 153 45 4 0 0 
1653123730.3890672 20.88984375 28.44896026392098 980.5744912133877 2 5 6 2 5 6 507 153 45 4 0 0 
1653123735.5238929 20.894921875 28.2940625990955 980.5825385692137 2 4 4 2 4 4 465 139 31 0 0 0 
1653123740.6553226 20.894921875 28.537942421995787 980.5774869107471 2 4 4 2 4 4 465 139 31 0 0 0 
1653123745.7890015 20.9154296875 28.341084350751835 980.5649550959632 2 4 4 2 4 4 465 139 31 0 0 0 
1653123750.9201994 20.9306640625 28.36444816642023 980.5655213045716 1 2 2 1 2 2 408 123 24 0 0 0 
1653123756.0517492 20.9205078125 28.304923403477094 980.5679504767711 1 2 2 1 2 2 408 123 24 0 0 0 
1653123761.1821618 20.9154296875 28.45417543973771 980.6012567346457 1 2 2 1 2 2 408 123 24 0 0 0 
1653123766.3138356 20.9 28.44300852629712 980.5567127397106 1 2 2 1 2 2 438 128 24 0 0 0 
1653123771.4488451 20.9 28.52023377673627 980.5698116021011 2 3 3 2 3 3 438 128 24 0 0 0 
1653123776.5826695 20.874609375 28.22339249109424 980.5931879888553 2 3 3 2 3 3 438 128 24 0 0 0 
1653123781.7134762 20.86953125 28.384384713906538 980.5875664425344 2 3 3 2 3 3 510 147 22 0 0 0 
1653123786.8456407 20.854296875 28.283358078501593 980.4936823796763 2 3 3 2 3 3 510 147 22 0 0 0 
1653123791.9785497 20.82890625 28.653058277960312 980.5443925975279 2 3 3 2 3 3 510 147 22 0 0 0 
1653123797.106401 20.81875 28.570041143000935 980.5864842954537 2 3 3 2 3 3 504 147 20 0 0 0 
1653123802.2387245 20.80859375 28.40356903389352 980.5767526276107 2 3 3 2 3 3 504 147 20 0 0 0 
1653123807.3710628 20.80859375 28.60632593380743 980.5310921152137 2 3 3 2 3 3 504 147 20 0 0 0 
1653123812.5066297 20.783203125 28.594716457913464 980.6008588460782 3 4 4 3 4 4 588 173 25 2 0 0 
1653123817.638478 20.778125 28.53550714640016 980.575030183533 3 4 4 3 4 4 588 173 25 2 0 0 
1653123822.768856 20.773046875 28.506049595852083 980.5686653946657 3 4 4 3 4 4 588 173 25 2 0 0 
1653123827.8992913 20.783203125 28.45220503726074 980.5598783927386 2 4 4 2 4 4 558 166 21 2 0 0 
1653123833.0324488 20.773046875 28.571498896495978 980.5660367643941 2 4 4 2 4 4 558 166 21 2 0 0 
1653123838.1667302 20.76796875 28.505756624821668 980.5353645352385 2 4 4 2 4 4 558 166 21 2 0 0 
1653123843.301001 20.78828125 28.49385634411031 980.5595088741626 2 3 3 2 3 3 552 163 19 2 0 0 
1653123848.435154 20.778125 28.595007417271855 980.5538830816979 2 3 3 2 3 3 552 163 19 2 0 0 
1653123853.5690467 20.76796875 28.76203330177887 980.5929726380732 2 3 3 2 3 3 552 163 19 2 0 0 
1653123858.7031605 20.74765625 28.69107175116417 980.5469421466344 2 3 3 2 3 3 540 156 17 2 0 0 
1653123863.836194 20.74765625 28.649860013052404 980.5426295133634 2 3 3 2 3 3 540 156 17 2 0 0 
1653123868.9696789 20.742578125 28.667707766098356 980.5813482546239 2 3 3 2 3 3 540 156 17 2 0 0 
1653123874.1035004 20.7169921875 28.459772087374205 980.5429982070656 2 3 3 2 3 3 498 144 15 2 0 0 
1653123879.2378407 20.72734375 28.75113964021984 980.537370156413 2 3 3 2 3 3 498 144 15 2 0 0 
1653123884.371407 20.6966796875 28.674523686595062 980.5042293556357 2 3 3 2 3 3 498 144 15 2 0 0 
1653123889.5056574 20.6865234375 28.859648782201837 980.5627768182759 2 3 4 2 3 4 525 153 17 4 2 0 
1653123894.6399808 20.6712890625 28.633611646172785 980.5470465973912 2 3 4 2 3 4 525 153 17 4 2 0 
1653123899.7737222 20.6611328125 28.830478137988226 980.5565644983762 2 3 4 2 3 4 525 153 17 4 2 0 
1653123904.9066715 20.6560546875 28.741258065674526 980.5643978280008 2 3 4 2 3 4 519 151 15 4 2 0 
1653123910.0410259 20.6763671875 28.645798093835914 980.5558302082832 2 3 4 2 3 4 519 151 15 4 2 0 
1653123915.1755424 20.6763671875 28.71689021488635 980.5504131177113 1 2 3 1 2 3 519 151 15 4 2 0 
1653123920.3113837 20.6712890625 28.818154191136667 980.5558302082832 1 3 4 1 3 4 510 151 19 6 2 0 
1653123925.4419212 20.6763671875 28.78232196081285 980.532264758723 1 3 4 1 3 4 510 151 19 6 2 0 
1653123930.5689936 20.6865234375 28.740540107910835 980.5567787534943 2 4 5 2 4 5 510 151 19 6 2 0 
1653123935.700791 20.6712890625 28.770998347065586 980.5524637146492 2 3 4 2 3 4 438 132 19 6 2 0 
1653123940.8355017 20.6865234375 28.758672139662984 980.5352637784746 2 3 4 2 3 4 438 132 19 6 2 0 
1653123945.9659932 20.6966796875 28.79364095453383 980.5785068721261 2 3 4 2 3 4 438 132 19 6 2 0 
