timestamp temperature humidity pressure pm10_standard pm25_standard pm100_standard pm10_env pm25_env pm100_env particles_03um particles_05um particles_10um particles_25um particles_50um particles_100um
1656228227.2311323 20.752734375 49.79367205642221 985.4884985652358 2 4 5 2 4 5 600 167 34 6 2 2 
1656228232.3647625 20.752734375 49.97124627991398 985.456180035608 2 4 6 2 4 6 690 188 34 6 2 2 
1656228237.4979424 20.752734375 49.73473968996614 985.4713329256248 2 4 6 2 4 6 690 188 34 6 2 2 
1656228242.6320765 20.74765625 49.75829358887256 985.489853132233 2 4 6 2 4 6 690 188 34 6 2 2 
1656228247.7625954 20.7375 49.92965987845847 985.4682948674213 3 5 6 3 5 6 741 195 36 6 2 2 
1656228252.8972542 20.74765625 49.79376997449968 985.4747002352873 3 5 6 3 5 6 741 195 36 6 2 2 
1656228258.0283973 20.7578125 49.62248922345519 985.4777382657426 3 5 6 3 5 6 741 195 36 6 2 2 
1656228263.1616008 20.74765625 49.97104639546852 985.4915367877991 3 6 7 3 6 7 789 207 36 8 2 2 
1656228268.2924278 20.762890625 49.794161539148945 985.4706741485458 4 4 4 4 4 4 636 205 26 0 0 0 
1656228273.4271922 20.773046875 49.711669659608475 985.4498104300358 3 4 4 3 4 4 657 210 28 0 0 0 
1656228278.5606983 20.76796875 49.7470520795477 985.4578991044219 3 4 4 3 4 4 657 210 28 0 0 0 
1656228283.692995 20.773046875 49.82392265805887 985.481471220051 3 4 4 3 4 4 657 210 28 0 0 0 
1656228288.8247092 20.778125 49.66426643349831 985.4781037741211 3 4 4 3 4 4 657 213 30 0 0 0 
1656228293.9586313 20.773046875 49.6699868847277 985.4801171880428 4 5 5 4 5 5 657 213 30 0 0 0 
1656228299.090689 20.773046875 49.687919681164736 985.4518239500171 4 5 5 4 5 5 657 213 30 0 0 0 
1656228304.2241335 20.76796875 49.675996577582815 985.4902194457511 4 6 6 4 6 6 699 225 37 2 0 0 
1656228309.356335 20.773046875 49.77060716772672 985.4683312239008 3 5 5 3 5 5 699 225 37 2 0 0 
1656228314.4882536 20.773046875 49.78844414575018 985.4979788023721 3 5 5 3 5 5 699 225 37 2 0 0 
1656228319.6200485 20.773046875 49.78243330615474 985.4935868655474 2 4 4 2 4 4 663 211 37 2 0 0 
1656228324.7493548 20.7578125 49.72301101272276 985.4804467693762 3 5 5 3 5 5 663 211 37 2 0 0 
1656228329.880796 20.762890625 49.65816049034592 985.464268919199 3 5 5 3 5 5 663 211 37 2 0 0 
1656228335.0148888 20.7578125 49.68782304550411 985.5006511246315 3 4 4 3 4 4 591 187 28 2 0 0 
1656228340.1442938 20.7578125 49.91813305066658 985.4511290735288 3 4 4 3 4 4 591 187 28 2 0 0 
1656228345.2769058 20.752734375 49.87073299199939 985.4730165804209 2 3 3 2 3 3 591 187 28 2 0 0 
1656228350.4112546 20.74765625 49.888371857500196 985.459876662973 4 5 5 4 5 5 807 235 24 2 0 0 
1656228355.5466714 20.7375 49.835257003507216 985.4484204838977 4 5 5 4 5 5 807 235 24 2 0 0 
1656228360.677719 20.742578125 49.846983857995205 985.4460781120796 4 6 6 4 6 6 822 245 29 2 0 0 
1656228365.809481 20.7375 49.92364806052004 985.4234954896671 3 5 5 3 5 5 822 245 29 2 0 0 
1656228370.941473 20.7375 49.78184677103787 985.4464075394951 3 5 5 3 5 5 822 245 29 2 0 0 
1656228376.0731356 20.7375 49.92374747770462 985.4534713642171 3 4 4 3 4 4 792 240 25 0 0 0 
1656228381.206637 20.7375 49.66950450598474 985.4645983071396 3 4 4 3 4 4 792 240 25 0 0 0 
1656228386.337831 20.74765625 49.711088124948006 985.4258742725814 3 4 4 3 4 4 792 240 25 0 0 0 
1656228391.4699097 20.7375 49.87634902506199 985.4197988406521 3 5 5 3 5 5 840 244 30 0 0 0 
1656228396.603048 20.732421875 49.775738650378536 985.4285463261674 3 5 5 3 5 5 840 244 30 0 0 0 
1656228401.7346096 20.742578125 49.91773571712032 985.4517877373739 4 6 6 4 6 6 840 244 30 0 0 0 
1656228406.8675663 20.72734375 49.876052332518185 985.4426733952515 4 6 6 4 6 6 840 244 30 0 0 0 
1656228411.9954708 20.72734375 49.8112136329066 985.4201282656833 4 6 6 4 6 6 840 244 30 0 0 0 
1656228417.1262689 20.72734375 49.86442541180138 985.4258375415656 3 5 5 3 5 5 840 244 30 0 0 0 
1656228422.259422 20.7220703125 49.99449513858139 985.4524459626456 3 5 5 3 5 5 834 240 35 0 0 0 
1656228427.3912084 20.7169921875 49.828852628893145 985.4760163652332 3 5 5 3 5 5 834 240 35 0 0 0 
1656228432.5255911 20.7169921875 49.88186555833265 985.4382804498766 3 4 4 3 4 4 660 194 33 0 0 0 
1656228437.6596026 20.7068359375 49.70439976675859 985.4527344888983 3 4 4 3 4 4 660 194 33 0 0 0 
1656228442.7935483 20.6966796875 49.9820699711968 985.4173806203215 3 4 4 3 4 4 660 194 33 0 0 0 
1656228447.927061 20.6966796875 49.91092934199566 985.4146707087135 3 4 6 3 4 6 675 191 36 2 2 2 
1656228453.0605392 20.7220703125 49.89950273073598 985.4298626587737 3 4 6 3 4 6 675 191 36 2 2 2 
1656228458.1935847 20.7169921875 49.89398715087023 985.4298626587737 3 4 6 3 4 6 675 191 36 2 2 2 
1656228463.3279917 20.732421875 49.734447965403504 985.4265333431255 3 4 6 3 4 6 654 184 31 2 2 2 
1656228468.462333 20.762890625 49.569461219687895 985.4680014380117 3 4 6 3 4 6 654 184 31 2 2 2 
1656228473.5967226 20.773046875 49.54571265626718 985.4666475150177 3 4 6 3 4 6 654 184 31 2 2 2 
1656228478.7305408 20.76796875 49.69964947223874 985.4285821235516 3 4 6 3 4 6 648 184 33 2 2 2 
1656228483.8643289 20.752734375 49.64614167686007 985.4006194873816 3 4 6 3 4 6 648 184 33 2 2 2 
1656228488.9982786 20.7578125 49.80588944957319 985.4336331642412 3 4 6 3 4 6 648 184 33 2 2 2 
1656228494.1319766 20.7578125 49.705272089655324 985.427557925488 3 5 7 3 5 7 663 186 40 6 2 2 
1656228499.2659876 20.752734375 49.705272089655324 985.4555210145086 3 5 7 3 5 7 663 186 40 6 2 2 
1656228504.3990915 20.762890625 49.54561761218619 985.4241906197449 3 5 7 3 5 7 663 186 40 6 2 2 
1656228509.5335512 20.762890625 49.52215399473219 985.4487862900896 3 5 7 3 5 7 663 186 45 6 2 2 
1656228514.6666627 20.7578125 49.687533073924286 985.4484565608342 2 4 4 2 4 4 636 172 23 2 0 0 
1656228519.8005571 20.7578125 49.711088124948006 985.4265333431255 2 4 5 2 4 5 606 170 25 4 2 0 
1656228524.9348025 20.752734375 49.81170423810584 985.4609015832629 2 4 5 2 4 5 606 170 25 4 2 0 
1656228530.0681775 20.752734375 49.57508842927268 985.4797512003059 2 4 5 2 4 5 606 170 25 4 2 0 
1656228535.202589 20.732421875 49.781748977503725 985.4470660653906 3 4 5 3 4 5 621 177 27 4 2 0 
1656228540.3362043 20.742578125 49.829147665489295 985.47334579093 3 4 5 3 4 5 621 177 27 4 2 0 
1656228545.469158 20.74765625 49.6755139143749 985.4467368572646 3 4 5 3 4 5 621 177 27 4 2 0 
1656228550.602057 20.7375 49.59845388544384 985.4666112263917 3 4 5 3 4 5 627 180 27 4 2 0 
1656228555.7363253 20.7375 49.90019690755655 985.4848021659544 3 4 5 3 4 5 627 180 27 4 2 0 
1656228560.8701594 20.72734375 49.5925409758185 985.4527749108222 3 4 5 3 4 5 627 180 27 4 2 0 
1656228566.0037708 20.7220703125 49.63364275614104 985.4780287107715 2 4 5 2 4 5 642 178 34 4 2 0 
1656228571.1370335 20.7017578125 49.7337668979398 985.4739636482129 2 4 5 2 4 5 642 178 34 4 2 0 
1656228576.267265 20.7017578125 49.8341742216214 985.479670790432 2 4 5 2 4 5 642 178 34 4 2 0 
1656228581.4002342 20.6966796875 49.92866454566339 985.5082906304403 3 5 6 3 5 6 654 187 32 4 2 0 
1656228586.531303 20.6763671875 49.963930820844546 985.4823382015056 3 5 6 3 5 6 654 187 32 4 2 0 
1656228591.6633136 20.6560546875 49.85141261254863 985.4614364167278 3 5 6 3 5 6 654 187 32 4 2 0 
1656228596.7909253 20.6662109375 49.92245038565537 985.4732204790371 3 5 5 3 5 5 765 202 36 4 0 0 
1656228601.9239163 20.6560546875 50.11130868068946 985.482292417635 3 5 5 3 5 5 765 202 36 4 0 0 
1656228607.0517597 20.6509765625 50.10519429947789 985.4870153717185 3 5 5 3 5 5 765 204 31 2 0 0 
1656228612.178927 20.6560546875 49.804217850016435 985.5116122700862 3 5 5 3 5 5 765 204 31 2 0 0 
1656228617.305807 20.6611328125 50.040376040667844 985.4469408030086 3 5 5 3 5 5 765 204 31 2 0 0 
1656228622.4333766 20.6865234375 49.88717932824652 985.4890721172914 3 4 4 3 4 4 723 190 31 2 0 0 
1656228627.56663 20.6763671875 49.94609639875909 985.4799542304675 3 4 4 3 4 4 723 190 31 2 0 0 
1656228632.6970458 20.6763671875 49.8987049209218 985.46952596987 3 4 4 3 4 4 723 190 31 2 0 0 
1656228637.831301 20.6966796875 49.79269228351372 985.4786433626609 3 4 4 3 4 4 699 183 24 2 0 0 
1656228642.9625773 20.6916015625 49.89910582141941 985.4587695050727 3 4 4 3 4 4 699 183 24 2 0 0 
1656228648.096464 20.6814453125 49.77485477305318 985.5059069116535 3 4 4 3 4 4 699 183 24 2 0 0 
1656228653.2273185 20.6814453125 49.81623793620478 985.4944502046149 3 4 4 3 4 4 711 183 24 0 0 0 
1656228658.3607638 20.6865234375 49.95801929623582 985.4658312971474 3 4 4 3 4 4 711 183 24 0 0 0 
1656228663.489886 20.6662109375 49.80431604377501 985.5244251935337 3 4 4 3 4 4 711 183 24 0 0 0 
1656228668.6177647 20.6662109375 49.8868819055801 985.4934217366869 3 4 4 3 4 4 747 194 24 0 0 0 
1656228673.7471037 20.6662109375 49.94599657061133 985.4705085426644 3 4 4 3 4 4 747 194 24 0 0 0 
1656228678.8810444 20.6458984375 50.0401741443344 985.5092270018706 3 5 7 3 5 7 765 218 25 8 2 2 
1656228684.0137832 20.6458984375 49.83929353661079 985.4910366156658 3 5 7 3 5 7 765 218 25 8 2 2 
1656228689.147759 20.6357421875 49.91003062233539 985.484645938545 2 4 6 2 4 6 765 218 25 8 2 2 
1656228694.2813241 20.6357421875 50.1169141684142 985.4843030252312 2 5 7 2 5 7 753 218 36 10 2 2 
1656228699.4150467 20.6357421875 49.850819911979386 985.4997962697719 2 5 7 2 5 7 753 218 36 10 2 2 
1656228704.5485039 20.6205078125 49.88628676956951 985.5172830854674 3 6 8 3 6 8 753 218 36 10 2 2 
1656228709.6802516 20.6255859375 49.92145432566289 985.5263523403016 3 6 7 3 6 7 759 216 32 8 2 2 
1656228714.8137913 20.6103515625 50.163483071106974 985.5196190717572 3 6 7 3 6 7 759 216 32 8 2 2 
1656228719.9472725 20.6306640625 49.939286678860235 985.4805762212438 3 6 7 3 6 7 759 216 32 8 2 2 
1656228725.080787 20.6154296875 50.08073894678952 985.4967052241159 3 6 8 3 6 8 753 218 44 6 2 2 
1656228730.2141967 20.6001953125 50.115997090941676 985.5057736790856 3 6 8 3 6 8 753 218 44 6 2 2 
1656228735.3479903 20.5951171875 50.086242877333156 985.5030587804391 3 6 8 3 6 8 753 218 44 6 2 2 
1656228740.4820213 20.5900390625 50.12180523643411 985.4946426068607 3 5 6 3 5 6 648 190 35 4 2 2 
1656228745.6159925 20.5951171875 49.9739493908872 985.4882354396548 3 5 6 3 5 6 648 190 35 4 2 2 
1656228750.749273 20.6052734375 50.04527656187901 985.4818818761657 3 5 6 3 5 6 648 190 35 4 2 2 
1656228755.8831782 20.6205078125 50.09867342178287 985.4977359567182 3 5 5 3 5 5 612 181 33 2 0 0 
1656228761.0167193 20.6103515625 50.12231522360287 985.5068049588031 3 4 4 3 4 4 657 197 17 2 0 0 
1656228766.150136 20.6001953125 50.09836827347351 985.5084882481626 3 4 4 3 4 4 642 190 17 2 0 0 
1656228771.2834148 20.5849609375 50.06270380529878 985.4960000292491 3 4 4 3 4 4 642 190 17 2 0 0 
1656228776.4139163 20.6052734375 49.90913485312203 985.4724345617705 3 4 4 3 4 4 642 190 17 2 0 0 
1656228781.5478342 20.6154296875 50.004003945133306 985.4869317006375 3 4 5 3 4 5 714 208 24 2 0 0 
1656228786.681282 20.6001953125 50.18691838537302 985.5111492655828 3 4 5 3 4 5 714 208 24 2 0 0 
1656228791.8151832 20.5798828125 49.94409779032102 985.4767786521546 3 4 5 3 4 5 714 208 24 2 0 0 
1656228796.9486394 20.5595703125 50.274945093216516 985.5110934398549 4 5 6 4 5 6 777 231 33 2 0 0 
1656228802.082241 20.5392578125 50.215230562713245 985.5339494084901 4 5 6 4 5 6 777 231 33 2 0 0 
1656228807.215793 20.51875 50.16764866907051 985.486762468713 4 5 6 4 5 6 777 231 33 2 0 0 
1656228812.3492577 20.50859375 50.208702236659256 985.5079320030111 4 5 5 4 5 5 762 221 33 2 0 0 
1656228817.482718 20.503515625 50.061080860494314 985.5483247804564 4 5 5 4 5 5 762 221 33 2 0 0 
1656228822.615516 20.4984375 50.26167322491497 985.4940805733361 4 5 5 4 5 5 762 221 33 2 0 0 
1656228827.7493935 20.493359375 50.23223380657355 985.5419163821343 4 5 6 4 5 6 762 223 33 2 0 0 
1656228832.8827035 20.503515625 50.23803890390379 985.5641190885101 4 5 6 4 5 6 762 223 33 2 0 0 
1656228838.0150692 20.4984375 50.332575200693725 985.4988057458435 4 5 6 4 5 6 762 223 33 2 0 0 
1656228843.1485167 20.4984375 50.273594305796095 985.5257336022846 4 5 5 4 5 5 768 222 29 0 0 0 
1656228848.281976 20.503515625 50.320967343098204 985.5287759621584 4 5 5 4 5 5 768 222 29 0 0 0 
1656228853.415398 20.4984375 50.22642855292201 985.5365435495402 4 5 5 4 5 5 732 212 31 0 0 0 
1656228858.5493205 20.513671875 50.19107884148098 985.5257973136451 4 5 5 4 5 5 732 212 31 0 0 0 
1656228863.682719 20.493359375 50.26188090776937 985.5469654406415 4 5 5 4 5 5 732 212 31 0 0 0 
1656228868.8161557 20.48828125 50.24974837313842 985.4795812984438 4 5 5 4 5 5 753 219 29 0 0 0 
1656228873.949585 20.483203125 50.350086674173575 985.5179657533138 4 5 5 4 5 5 753 219 29 0 0 0 
1656228879.083061 20.503515625 50.309150138307444 985.5237269466259 4 5 5 4 5 5 753 219 29 0 0 0 
1656228884.215633 20.523828125 50.285515605313414 985.5089667227935 3 6 6 3 6 6 744 216 36 2 0 0 
1656228889.3491595 20.5341796875 50.33953040784826 985.517767463733 3 6 6 3 6 6 744 216 36 2 0 0 
1656228894.48253 20.513671875 50.19097582783711 985.4995168461138 3 6 6 3 6 6 744 216 36 2 0 0 
1656228899.6157959 20.493359375 50.26167322491497 985.5213962576835 3 6 6 3 6 6 756 216 40 2 0 0 
1656228904.7488065 20.483203125 50.35588997494877 985.4832707614229 3 6 6 3 6 6 756 216 40 2 0 0 
1656228909.8826497 20.478125 50.19626195994231 985.5132402916818 3 6 6 3 6 6 756 216 40 2 0 0 
1656228915.0153677 20.473046875 50.37952265127568 985.5186124233305 3 6 6 3 6 6 777 220 38 2 0 0 
1656228920.1495376 20.473046875 50.33225713409087 985.4869600609463 3 6 6 3 6 6 777 220 38 2 0 0 
1656228925.283588 20.513671875 50.33890247141414 985.4944677528146 3 4 5 3 4 5 678 197 28 2 2 0 
1656228930.4170551 20.513671875 50.15562534032782 985.5544093341431 3 4 5 3 4 5 678 197 28 2 2 0 
1656228935.550953 20.503515625 50.29722865052933 985.5274165939068 3 4 5 3 4 5 678 197 28 2 2 0 
1656228940.6841626 20.493359375 50.16111956598533 985.5035308907896 3 4 5 3 4 5 672 190 19 2 2 0 
1656228945.8178904 20.4984375 50.3563137924726 985.5469654406415 3 4 5 3 4 5 672 190 19 2 2 0 
1656228950.951224 20.391796875 50.285515605313414 985.5264453543397 3 4 5 3 4 5 672 190 19 2 2 0 
1656228956.0846095 20.503515625 50.16723771823681 985.4981579014385 3 3 4 3 3 4 651 183 14 2 2 0 
1656228961.2178757 20.48828125 50.32054520781786 985.5156356540211 3 3 4 3 3 4 651 183 14 2 2 0 
1656228966.3505964 20.493359375 50.1375912039294 985.5169949268949 3 3 4 3 3 4 651 183 14 2 2 0 
1656228971.4834251 20.48828125 50.297016124190115 985.5213316817066 3 3 3 3 3 3 588 171 12 0 0 0 
1656228976.61663 20.473046875 50.462129533007364 985.5118806758276 3 3 3 3 3 3 588 171 12 0 0 0 
1656228981.749672 20.46796875 50.367601226006585 985.5142099258944 3 3 3 3 3 3 588 171 12 0 0 0 
1656228986.883049 20.46796875 50.25524160894858 985.5057953782934 2 2 2 2 2 2 624 183 14 0 0 0 
1656228992.0165708 20.473046875 50.29680756430841 985.5250209459233 2 2 2 2 2 2 624 183 14 0 0 0 
1656228997.150549 20.48828125 50.25534544236204 985.5112338973674 2 2 2 2 2 2 624 183 14 0 0 0 
1656229002.2839122 20.462890625 50.2435288281417 985.5233379951076 2 2 2 2 2 2 609 174 18 0 0 0 
1656229007.4173186 20.46796875 50.40895768423238 985.4903259053492 3 5 6 3 5 6 708 206 55 2 2 0 
1656229012.5508 20.478125 50.20237677153931 985.4533016323008 3 5 6 3 5 6 660 189 55 2 2 0 
1656229017.6842048 20.483203125 50.296911849631684 985.5065084907964 3 5 6 3 5 6 660 189 55 2 2 0 
1656229022.8179512 20.462890625 50.34375903134851 985.492332105768 3 5 6 3 5 6 660 189 55 2 2 0 
1656229027.9514177 20.462890625 50.243425129998805 985.4835942168231 3 5 6 3 5 6 624 180 53 2 2 0 
1656229033.0848284 20.46796875 50.39693068078782 985.4876065889941 3 5 6 3 5 6 624 180 53 2 2 0 
1656229038.2187467 20.46796875 50.373404136249135 985.5115573413553 3 5 6 3 5 6 624 180 53 2 2 0 
1656229043.3500931 20.478125 50.35588997494877 985.4762154006584 2 5 5 2 5 5 597 171 58 0 0 0 
1656229048.4822612 20.473046875 50.119554162475254 985.4560200198207 2 5 5 2 5 5 597 171 58 0 0 0 
1656229053.6157749 20.483203125 50.243736192132545 985.5283868477645 2 5 5 2 5 5 597 171 58 0 0 0 
1656229058.7492533 20.46796875 50.273070286570416 985.4664414094487 2 4 4 2 4 4 585 174 53 0 0 0 
1656229063.8817592 20.46796875 50.261253734047784 985.5024295597425 2 4 4 2 4 4 585 174 53 0 0 0 
1656229069.0159721 20.473046875 50.23150503628176 985.4606802776105 2 4 4 2 4 4 585 174 53 0 0 0 
1656229074.1491184 20.46796875 50.24943714039335 985.5108441066442 2 4 4 2 4 4 591 170 46 0 0 0 
1656229079.2819366 20.478125 50.462235722738335 985.4799048904686 2 4 4 2 4 4 591 170 46 0 0 0 
1656229084.4167736 20.478125 50.178433760560914 985.4748560845618 2 4 4 2 4 4 591 170 46 0 0 0 
1656229089.5511053 20.473046875 50.20807873868986 985.4795812984438 3 4 6 3 4 6 693 184 22 6 2 0 
1656229094.682976 20.483203125 50.40326066575821 985.4964107915663 3 4 6 3 4 6 699 189 29 6 2 0 
1656229099.8134036 20.473046875 50.31432338673459 985.5044355426992 3 4 6 3 4 6 699 189 29 6 2 0 
1656229104.943773 20.473046875 50.23741323382758 985.4909723791758 3 4 6 3 4 6 699 189 29 6 2 0 
1656229110.0741735 20.46796875 50.37920689018369 985.5192586552943 3 5 5 3 5 5 729 204 29 4 0 0 
1656229115.2046144 20.462890625 50.23730958179033 985.4576378337052 3 5 5 3 5 5 729 204 29 4 0 0 
1656229120.334987 20.4578125 50.28447004702905 985.4865814965596 3 5 5 3 5 5 729 204 29 4 0 0 
1656229125.4654055 20.452734375 50.33173351702163 985.4781554728148 3 5 5 3 5 5 708 202 31 4 0 0 
1656229130.5990326 20.452734375 50.320126919808814 985.5380934710869 3 5 5 3 5 5 708 202 31 4 0 0 
1656229135.7328515 20.452734375 50.30810186428139 985.4512415832204 3 5 5 3 5 5 708 202 31 4 0 0 
1656229140.8661044 20.452734375 50.44408765082679 985.4616616847102 3 5 6 3 5 6 738 209 31 4 0 0 
1656229145.9990423 20.432421875 50.50864528277873 985.4687158646769 3 5 6 3 5 6 738 209 31 4 0 0 
1656229151.132563 20.44765625 50.30778837645114 985.4781554728148 3 5 6 3 5 6 738 209 31 4 0 0 
1656229156.2667537 20.452734375 50.22528624586235 985.4630215509073 3 5 6 3 5 6 711 200 31 6 0 0 
1656229161.4012873 20.442578125 50.49102969586635 985.4949957661853 3 5 6 3 5 6 711 200 31 6 0 0 
1656229166.5347543 20.432421875 50.28415737079863 985.4683930418547 3 5 6 3 5 6 711 200 31 6 0 0 
1656229171.6685236 20.4375 50.24280271507674 985.4768072398587 2 4 4 2 4 4 693 198 27 4 0 0 
1656229176.802107 20.432421875 50.30789288315939 985.4626299873607 2 4 4 2 4 4 693 198 27 4 0 0 
1656229181.9359422 20.442578125 50.22507913697646 985.4613268014032 2 4 4 2 4 4 666 193 27 4 0 0 
1656229187.0701427 20.432421875 50.44967708567819 985.4986841628497 2 4 4 2 4 4 666 193 27 4 0 0 
1656229192.2044623 20.432421875 50.43754394564822 985.4757698278277 2 4 4 2 4 4 666 193 27 4 0 0 
1656229197.3383088 20.432421875 50.54988940967141 985.4609471889148 2 4 4 2 4 4 672 198 30 2 0 0 
1656229202.472668 20.432421875 50.44967708567819 985.4993292110138 2 4 4 2 4 4 672 198 30 2 0 0 
1656229207.6069512 20.442578125 50.43775596708862 985.4818557595001 2 4 4 2 4 4 672 198 30 2 0 0 
1656229212.7400186 20.442578125 50.4614921685682 985.4804956474856 2 4 4 2 4 4 714 205 34 2 0 0 
1656229217.8734312 20.452734375 50.37329893941735 985.4626864746407 2 4 4 2 4 4 714 205 34 2 0 0 
1656229223.0062504 20.462890625 50.42647012614513 985.4573144899463 2 4 4 2 4 4 714 205 34 2 0 0 
1656229228.140307 20.462890625 50.462129533007364 985.4340775176606 2 4 4 2 4 4 714 201 34 2 0 0 
1656229233.2744675 20.452734375 50.4853352498506 985.4573144899463 2 4 4 2 4 4 714 201 34 2 0 0 
1656229238.4081788 20.46796875 50.33774621707686 985.4573144899463 2 4 4 2 4 4 714 201 34 2 0 0 
1656229243.5414097 20.462890625 50.272862203170455 985.4741434310647 2 3 3 2 3 3 642 180 30 0 0 0 
1656229248.675683 20.452734375 50.520887725552065 985.4307117593444 2 3 3 2 3 3 642 180 30 0 0 0 
1656229253.8093343 20.452734375 50.28447004702905 985.4741434310647 3 5 5 3 5 5 756 209 32 0 0 0 
1656229258.9423654 20.462890625 50.41444300607962 985.4727837583996 3 5 5 3 5 5 756 209 32 0 0 0 
1656229264.0754116 20.4578125 50.40864087640421 985.4711008775984 3 5 5 3 5 5 756 209 32 0 0 0 
1656229269.2086792 20.46796875 50.14298339826725 985.4657289596314 4 6 6 4 6 6 792 223 32 2 0 0 
1656229274.3402898 20.462890625 50.261253734047784 985.4452106871717 4 6 6 4 6 6 792 223 32 2 0 0 
1656229279.4747295 20.4578125 50.4382858323107 985.4694179968669 4 6 6 4 6 6 792 223 32 2 0 0 
1656229284.608893 20.4578125 50.42625848286152 985.4559549535333 3 5 5 3 5 5 765 212 30 2 0 0 
1656229289.7426407 20.452734375 50.46170466643904 985.5094842301743 3 5 5 3 5 5 765 212 30 2 0 0 
1656229294.876073 20.4578125 50.219688610342686 985.4404855558204 3 5 5 3 5 5 765 212 30 2 0 0 
1656229300.0092785 20.452734375 50.37899632896578 985.4546072879243 3 5 5 3 5 5 678 193 32 2 0 0 
1656229305.1423633 20.452734375 50.49715047986433 985.4654055741429 3 5 5 3 5 5 678 193 32 2 0 0 
1656229310.276581 20.473046875 50.408746489778174 985.4852771388496 3 5 5 3 5 5 678 193 32 2 0 0 
1656229315.4107683 20.4578125 50.509179205575926 985.4859236940082 3 5 5 3 5 5 678 193 37 2 0 0 
1656229320.5446286 20.478125 50.30261148792536 985.4068277085461 3 5 5 3 5 5 678 193 37 2 0 0 
1656229325.6778338 20.473046875 50.44429967834826 985.4903259053492 3 5 5 3 5 5 678 193 37 2 0 0 
1656229330.8123276 20.473046875 50.225803829689056 985.4485765009676 3 6 6 3 6 6 678 196 41 2 0 0 
1656229335.946094 20.473046875 50.290586549028426 985.4573144899463 3 5 8 3 5 8 747 217 44 4 4 2 
1656229341.0790858 20.473046875 50.33785101888731 985.437766673174 3 5 6 3 5 6 726 212 35 2 2 0 
1656229346.2129772 20.46796875 50.308310802344096 985.4398382686746 3 5 6 3 5 6 726 212 35 2 2 0 
1656229351.346068 20.462890625 50.51508691984525 985.4435277803786 3 5 6 3 5 6 726 212 35 2 2 0 
1656229356.4793997 20.4578125 50.473732704027924 985.4371197698342 3 5 6 3 5 6 747 222 37 2 2 0 
1656229361.6135597 20.452734375 50.30810186428139 985.4576378337052 3 5 6 3 5 6 747 222 37 2 2 0 
1656229366.7467859 20.452734375 50.21357360819941 985.4293523449851 3 5 6 3 5 6 747 222 37 2 2 0 
1656229371.880424 20.4578125 50.37899632896578 985.4522658089742 3 5 5 3 5 5 747 218 30 0 0 0 
1656229377.0102894 20.452734375 50.35536500524976 985.4142188499382 3 5 5 3 5 5 747 218 30 0 0 0 
1656229382.1432657 20.462890625 50.40864087640421 985.4091579644637 3 5 5 3 5 5 747 218 30 0 0 0 
1656229387.2777271 20.473046875 50.508965668750044 985.4222973647776 3 5 5 3 5 5 726 216 32 0 0 0 
1656229392.4115286 20.4578125 50.49725711840927 985.4509063134369 3 5 5 3 5 5 726 216 32 0 0 0 
1656229397.5456102 20.452734375 50.41444300607962 985.4677351162056 3 5 5 3 5 5 726 216 32 0 0 0 
1656229402.6795955 20.473046875 50.36148300703726 985.4738201133528 3 4 4 3 4 4 675 199 27 0 0 0 
1656229407.8134162 20.4578125 50.260838065264615 985.4472171286316 3 4 4 3 4 4 675 199 27 0 0 0 
1656229412.947094 20.46796875 50.32603496311746 985.4751796077387 3 4 4 3 4 4 675 199 27 0 0 0 
1656229418.080228 20.462890625 50.225803829689056 985.4566674739067 4 6 6 4 6 6 771 220 38 2 0 0 
1656229423.2143853 20.462890625 50.21378038194943 985.4667650004026 4 6 6 4 6 6 771 220 38 2 0 0 
1656229428.347066 20.46796875 50.219792048706665 985.4421684489182 3 5 5 3 5 5 750 213 40 2 0 0 
1656229433.4813204 20.46796875 50.33204771955746 985.4421684489182 3 5 5 3 5 5 750 213 40 2 0 0 
1656229438.6156073 20.46796875 50.27887444345556 985.4553081293986 3 5 5 3 5 5 750 213 40 2 0 0 
1656229443.7496579 20.46796875 50.243425129998805 985.423332904316 3 5 5 3 5 5 723 201 38 0 0 0 
1656229448.8833017 20.473046875 50.20227356838098 985.4681243443316 3 5 5 3 5 5 723 201 38 0 0 0 
1656229454.0168486 20.473046875 50.338060590213935 985.4263749095237 3 5 5 3 5 5 723 201 38 0 0 0 
1656229459.1440191 20.462890625 50.2376205056071 985.4583503948145 4 5 5 4 5 5 792 225 36 0 0 0 
1656229464.2780533 20.483203125 50.35599493659445 985.4442393856489 4 5 5 4 5 5 792 225 36 0 0 0 
1656229469.4107013 20.473046875 50.21398711263921 985.4583503948145 4 5 5 4 5 5 792 225 36 0 0 0 
1656229474.5435963 20.473046875 50.08980716074352 985.4835942168231 3 5 5 3 5 5 750 216 34 0 0 0 
1656229479.6715271 20.478125 50.33215243220654 985.4849536970049 3 5 5 3 5 5 750 216 34 0 0 0 
1656229484.8011386 20.478125 50.23181572489594 985.4896789934782 3 5 5 3 5 5 750 216 34 0 0 0 
1656229489.9345822 20.473046875 50.16682264121786 985.4411973945992 3 4 4 3 4 4 702 202 27 0 0 0 
1656229495.0629263 20.483203125 50.04875165489031 985.4445632623366 3 4 4 3 4 4 702 202 27 0 0 0 
1656229500.1929965 20.493359375 50.202587113869896 985.4600969835742 4 6 6 4 6 6 741 218 27 8 0 0 
1656229505.3203049 20.50859375 50.27349032371714 985.4749198289271 4 6 6 4 6 6 741 218 27 8 0 0 
1656229510.4534433 20.493359375 50.09643341756049 985.457055102797 4 6 6 4 6 6 741 218 27 8 0 0 
1656229515.5848804 20.50859375 50.078909868731785 985.4271465689711 4 6 6 4 6 6 720 215 29 8 0 0 
1656229520.717977 20.513671875 50.244362010608405 985.4490259414465 4 6 6 4 6 6 720 215 29 8 0 0 
1656229525.849712 20.50859375 50.0668883744193 985.4523919997993 4 6 6 4 6 6 720 215 29 8 0 0 
1656229530.9817545 20.513671875 50.262088547564026 985.4817132548822 3 5 6 3 5 6 735 227 29 8 0 0 
1656229536.1137116 20.513671875 50.08492078723976 985.4702563903774 3 5 6 3 5 6 735 227 29 8 0 0 
1656229541.2479703 20.51875 50.22082981431261 985.4291542394744 3 5 6 3 5 6 735 227 29 8 0 0 
1656229546.380219 20.513671875 50.09663726961467 985.4887700230039 3 5 6 3 5 6 768 236 29 8 0 0 
1656229551.5104327 20.52890625 50.1026483601931 985.4487013523094 4 6 7 4 6 7 768 236 29 8 0 0 
1656229556.6404443 20.523828125 50.30956753912466 985.4820377919787 4 6 7 4 6 7 768 236 29 8 0 0 
1656229561.7735314 20.523828125 50.191387817821955 985.4769886194441 4 6 7 4 6 7 780 241 29 8 0 0 
1656229566.9063501 20.523828125 50.215024091212754 985.4820377919787 4 6 7 4 6 7 780 241 29 8 0 0 
1656229572.0365276 20.52890625 50.049465363635804 985.4732978998965 4 6 7 4 6 7 780 241 29 8 0 0 
1656229577.1685178 20.52890625 50.26239992651903 985.4780224389312 4 6 7 4 6 7 753 229 31 8 0 0 
1656229582.3000317 20.5341796875 50.10315808631581 985.4740065395517 3 5 5 3 5 5 696 193 36 4 0 0 
1656229587.433498 20.52890625 50.073508803435445 985.4793807538213 3 5 5 3 5 5 666 188 34 4 0 0 
1656229592.5674098 20.5341796875 50.168162115396484 985.482746950388 3 5 5 3 5 5 666 188 34 4 0 0 
1656229597.7003548 20.5341796875 50.07951994897125 985.4807389863485 3 5 5 3 5 5 666 188 34 4 0 0 
1656229602.833706 20.5443359375 50.115181178927024 985.487146513219 3 5 5 3 5 5 687 193 32 4 0 0 
1656229607.9677017 20.5544921875 50.06209552395973 985.494912107283 3 5 5 3 5 5 687 193 32 4 0 0 
1656229613.1011806 20.5544921875 49.92025763259135 985.4807961941433 3 5 5 3 5 5 687 193 32 4 0 0 
1656229618.2354639 20.5748046875 49.873274713748366 985.5009943554329 3 5 5 3 5 5 666 184 34 4 0 0 
1656229623.369856 20.5697265625 49.95010801525292 985.4706971172759 3 5 5 3 5 5 666 184 34 4 0 0 
1656229628.5030253 20.5646484375 49.932277510282546 985.5023522027371 3 5 5 3 5 5 666 184 34 4 0 0 
1656229633.6342177 20.5595703125 50.097655883965295 985.5141345635216 3 5 5 3 5 5 645 177 34 4 0 0 
1656229638.7672744 20.5646484375 49.96182813322288 985.4828047602347 3 5 5 3 5 5 645 177 34 4 0 0 
1656229643.9015155 20.5646484375 50.16276554864089 985.5161429830102 3 5 5 3 5 5 645 177 34 4 0 0 
1656229649.0357387 20.5646484375 50.091949542607665 985.4791130144904 3 5 5 3 5 5 681 188 34 4 0 0 
1656229654.1698759 20.5697265625 50.174893006311294 985.4818282724481 3 5 5 3 5 5 681 188 34 4 0 0 
1656229659.3039734 20.5748046875 49.879383574249665 985.5033844288337 3 5 5 3 5 5 681 188 34 4 0 0 
1656229664.4378462 20.5646484375 49.98556895262641 985.4949683230348 3 4 5 3 4 5 645 191 30 4 0 0 
1656229669.5717304 20.5849609375 50.103973088315556 985.4784618588492 3 4 5 3 4 5 645 191 30 4 0 0 
1656229674.7050643 20.5849609375 50.06260245198915 985.4966515440547 3 5 5 3 5 5 672 202 32 4 0 0 
1656229679.8379288 20.5951171875 49.96813937549717 985.4875837892899 3 5 5 3 5 5 672 202 32 4 0 0 
1656229684.9720504 20.5951171875 50.00370201142502 985.5094660168215 3 5 5 3 5 5 672 202 32 4 0 0 
1656229690.1062782 20.5900390625 49.873373923887385 985.4717290324907 3 4 5 3 4 5 645 191 32 4 0 0 
1656229695.2400587 20.5900390625 49.920756443105425 985.4929593723547 3 4 5 3 4 5 645 191 32 4 0 0 
1656229700.3742747 20.5798828125 49.87357231186775 985.4899186603948 3 4 5 3 4 5 645 191 32 4 0 0 
1656229705.5079038 20.5900390625 49.99168018829436 985.5050676502034 2 4 4 2 4 4 582 172 25 2 0 0 
1656229710.6415346 20.5849609375 50.009410893108125 985.5148414263873 2 4 4 2 4 4 582 172 25 2 0 0 
1656229715.774294 20.5697265625 49.956318636580946 985.5000179863043 2 4 4 2 4 4 582 172 25 2 0 0 
1656229720.9079702 20.5849609375 50.06260245198915 985.4690680675357 3 4 4 3 4 4 681 202 25 2 0 0 
1656229726.0417314 20.5900390625 50.103973088315556 985.4963258414365 3 4 4 3 4 4 681 202 25 2 0 0 
1656229731.1753259 20.5900390625 49.90893567487312 985.4781361166831 3 4 4 3 4 4 681 202 25 2 0 0 
1656229736.3074305 20.5849609375 49.968039104508506 985.5118005363817 3 4 4 3 4 4 696 200 25 2 0 0 
1656229741.441649 20.5951171875 49.938587451043695 985.4980090760822 3 4 4 3 4 4 696 200 25 2 0 0 
1656229746.5754473 20.6052734375 50.05689488050002 985.4892670371419 3 7 7 3 7 7 771 214 46 8 0 0 
1656229751.709193 20.5951171875 49.95641876150956 985.5010497740642 3 7 7 3 7 7 771 214 46 8 0 0 
1656229756.8426094 20.5951171875 49.95040825169025 985.4808507985819 3 7 7 3 7 7 771 214 46 8 0 0 
1656229761.9753404 20.6052734375 49.86224634876091 985.4953480761565 3 6 7 3 6 7 822 218 46 6 0 0 
1656229767.1088502 20.6001953125 50.07472711872782 985.4872577997511 3 6 7 3 6 7 822 218 46 6 0 0 
1656229772.242314 20.6001953125 49.9920822899991 985.4916553577167 3 6 7 3 6 7 822 218 46 6 0 0 
1656229777.3761911 20.6103515625 49.77338597180358 985.5378094457506 3 6 7 3 6 7 774 204 46 6 0 0 
1656229782.5089824 20.6103515625 49.83870145407931 985.4977359567182 3 6 7 3 6 7 774 204 46 6 0 0 
1656229787.6417747 20.6205078125 49.803333621717044 985.5007761735995 3 6 7 3 6 7 774 204 46 6 0 0 
1656229792.7756813 20.6255859375 49.980562284874374 985.4987663052766 3 6 7 3 6 7 774 197 46 6 0 0 
1656229797.9091375 20.6306640625 49.891999276386905 985.5051730849722 3 6 7 3 6 7 774 197 46 6 0 0 
1656229803.0425103 20.6357421875 49.93337578956621 985.4485929839511 3 6 7 3 6 7 774 197 46 6 0 0 
1656229808.1760244 20.6306640625 49.89791023771122 985.5004496485807 3 6 6 3 6 6 723 190 37 6 0 0 
1656229813.3100216 20.6306640625 49.98637261486675 985.4869829041086 3 6 6 3 6 6 723 190 37 6 0 0 
1656229818.443545 20.6357421875 49.957019285002026 985.4839428792702 3 6 6 3 6 6 723 190 37 6 0 0 
1656229823.5775616 20.6306640625 49.90392062947696 985.4671095919372 3 5 6 3 5 6 639 172 30 6 0 0 
1656229828.7131166 20.6255859375 49.95120840849936 985.5024595034173 2 4 4 2 4 4 618 170 32 0 0 0 
1656229833.8468382 20.6255859375 49.96293013313587 985.5075094932903 2 4 4 2 4 4 618 170 25 0 0 0 
1656229838.9808667 20.6306640625 49.90392062947696 985.4950729436022 2 4 4 2 4 4 618 170 25 0 0 0 
1656229844.1138315 20.6205078125 49.803333621717044 985.4940428550283 2 4 4 2 4 4 618 170 25 0 0 0 
1656229849.247654 20.6306640625 49.904020059442615 985.497409514174 2 4 4 2 4 4 582 158 25 0 0 0 
1656229854.3819108 20.6205078125 49.93327599982365 985.4940428550283 2 4 4 2 4 4 582 158 25 0 0 0 
1656229859.5149658 20.6255859375 49.75013311759051 985.5122330536667 2 4 4 2 4 4 582 158 25 0 0 0 
1656229864.6494544 20.6357421875 49.80353019225705 985.5051730849722 2 4 4 2 4 4 639 172 23 0 0 0 
1656229869.7838843 20.6154296875 49.88608830477255 985.4906761961626 2 4 4 2 4 4 639 172 23 0 0 0 
1656229874.9162695 20.6205078125 49.874266330673706 985.4744960611044 2 4 4 2 4 4 639 172 23 0 0 0 
1656229880.0502102 20.6205078125 50.0099145080103 985.5159261444777 2 3 3 2 3 3 531 146 16 0 0 0 
1656229885.1839497 20.6255859375 49.74422189901513 985.4990928438518 2 3 3 2 3 3 531 146 16 0 0 0 
1656229890.3183928 20.6255859375 49.74422189901513 985.5071830224957 2 3 3 2 3 3 531 146 16 0 0 0 
1656229895.452359 20.6255859375 49.898009610792904 985.5088663661495 2 3 3 2 3 3 558 151 19 0 0 0 
1656229900.5864842 20.6306640625 49.62609162753485 985.4825861147709 2 3 3 2 3 3 558 151 19 0 0 0 
1656229905.7203534 20.6306640625 49.82697802267661 985.5139163975302 2 3 3 2 3 3 558 151 19 0 0 0 
1656229910.8502686 20.6306640625 49.7324969097861 985.5186399440503 2 4 4 2 4 4 603 171 29 0 0 0 
1656229915.9842162 20.6306640625 49.96894115584317 985.5155997414638 2 4 4 2 4 4 603 171 29 0 0 0 
1656229921.1181467 20.6357421875 49.76205334094264 985.541865205703 2 4 4 2 4 4 633 180 27 2 0 0 
1656229926.2495465 20.6255859375 49.838898857987004 985.5007761735995 2 4 4 2 4 4 633 180 27 2 0 0 
1656229931.3820062 20.6306640625 49.92165362378745 985.5371568825934 2 4 4 2 4 4 633 180 27 2 0 0 
1656229936.5153978 20.6357421875 49.76215114724797 985.5267147319144 3 4 4 3 4 4 648 185 34 2 0 0 
1656229941.6498888 20.6357421875 49.76215114724797 985.5267147319144 3 4 4 3 4 4 648 185 34 2 0 0 
1656229946.7846992 20.6357421875 49.768160333458084 985.5401818194464 3 4 4 3 4 4 648 185 34 2 0 0 
1656229951.9190178 20.6408203125 49.76806247026367 985.4981128993556 3 4 4 3 4 4 648 187 34 2 0 0 
1656229957.0530677 20.6458984375 49.93377484087919 985.5182978044809 3 4 4 3 4 4 648 187 34 2 0 0 
1656229962.186982 20.6560546875 49.803923204144425 985.4809362304337 3 4 4 3 4 4 648 187 34 2 0 0 
1656229967.3214808 20.6611328125 49.697320006766766 985.4778965771471 3 5 5 3 5 5 696 203 32 2 0 0 
1656229972.4553764 20.6560546875 49.69741703655003 985.5021661970424 3 5 5 3 5 5 696 203 32 2 0 0 
1656229977.5893965 20.6509765625 49.857126528020814 985.4853319470323 3 5 5 3 5 5 696 203 32 2 0 0 
1656229982.7233634 20.6560546875 49.60311718706095 985.4971159213048 3 4 4 3 4 4 639 184 30 2 0 0 
1656229987.8570466 20.6712890625 49.87505884907067 985.5136230044122 3 4 4 3 4 4 639 184 30 2 0 0 
1656229992.9909956 20.6662109375 49.73909074028181 985.4978171362345 2 5 7 2 5 7 699 191 35 11 2 0 
1656229998.1248484 20.6763671875 49.83387490190716 985.5264360663032 2 5 7 2 5 7 699 191 35 11 2 0 
1656230003.2595663 20.6712890625 49.58557249639899 985.4735928863072 2 5 7 2 5 7 699 191 35 11 2 0 
1656230008.3934872 20.6763671875 49.56774042813685 985.475932085709 2 4 6 2 4 6 735 198 33 11 2 0 
1656230013.527321 20.6763671875 49.65060583364891 985.4655034169398 2 4 6 2 4 6 735 198 33 11 2 0 
1656230018.660345 20.6763671875 49.55029344237223 985.48939980771 2 4 6 2 4 6 735 198 33 11 2 0 
1656230023.79502 20.6865234375 49.68627541071309 985.4655034169398 3 5 8 3 5 8 735 205 40 11 2 0 
1656230028.929544 20.6865234375 49.53255626247044 985.473920808348 3 5 8 3 5 8 735 205 40 11 2 0 
1656230034.063994 20.6916015625 49.568030529638044 985.510301994108 3 5 8 3 5 8 735 205 40 11 2 0 
1656230039.1985242 20.6916015625 49.75150343390532 985.4779872710615 3 4 6 3 4 6 756 215 33 4 0 0 
1656230044.3313706 20.6865234375 49.7337668979398 985.484721348964 3 4 6 3 4 6 756 215 33 4 0 0 
1656230049.4629095 20.6916015625 49.60369613685256 985.4833658893237 3 4 6 3 4 6 756 215 33 4 0 0 
1656230054.5944932 20.7017578125 49.63325811093102 985.4665308329306 3 5 6 3 5 6 777 227 35 4 0 0 
1656230059.7292826 20.6966796875 49.45578824816029 985.4601249524428 3 5 6 3 5 6 777 227 35 4 0 0 
1656230064.8643074 20.6865234375 49.66252650221664 985.4564298024535 3 5 6 3 5 6 777 227 35 4 0 0 
1656230069.99634 20.6916015625 49.74539630731776 985.4449735321983 3 5 6 3 5 6 762 225 37 4 0 0 
1656230075.1281736 20.6865234375 49.72766014641166 985.4668589188151 1 2 3 1 2 3 546 153 14 2 2 2 
1656230080.2623725 20.6814453125 49.674254011149486 985.4988452743737 2 2 4 2 2 4 582 167 14 4 2 2 
1656230085.396897 20.6865234375 49.73357221033991 985.4904278099355 2 2 4 2 2 4 582 167 14 4 2 2 
1656230090.530439 20.6865234375 49.66252650221664 985.4857051592585 2 2 4 2 2 4 582 167 14 4 2 2 
1656230095.665028 20.6763671875 49.72154987211522 985.4803268549189 2 3 4 2 3 4 654 189 18 4 2 2 
1656230100.7989454 20.6814453125 49.55029344237223 985.4917834201447 2 3 4 2 3 4 654 189 18 4 2 2 
1656230105.9314055 20.6865234375 49.62715348481985 985.5022122606389 2 3 4 2 3 4 654 189 18 4 2 2 
1656230111.0635624 20.6865234375 49.57985520301749 985.4884164076065 2 3 4 2 3 4 633 184 16 4 2 2 
1656230116.19604 20.6916015625 49.698196615615764 985.4594685626023 2 3 4 2 3 4 633 184 16 4 2 2 
1656230121.3288126 20.6865234375 49.828163833359504 985.430150392128 2 3 4 2 3 4 633 184 16 4 2 2 
1656230126.4631112 20.6966796875 49.62143335217971 985.4631638224918 2 3 3 2 3 3 633 184 16 2 0 0 
1656230131.5945919 20.7068359375 49.67260855652387 985.3617432730487 2 3 3 2 3 3 633 184 16 2 0 0 
1656230136.728527 20.7068359375 49.66892529620273 985.4806978340074 2 3 3 2 3 3 633 184 16 2 0 0 
1656230141.8621438 20.6966796875 49.538753982914656 985.4608237354057 2 3 3 2 3 3 633 184 16 2 0 0 
1656230146.993557 20.7017578125 49.72804920791922 985.4520775521138 2 3 3 2 3 3 633 184 16 2 0 0 
1656230152.1260223 20.7068359375 49.67493436323547 985.4554446430516 2 3 3 2 3 3 633 184 16 2 0 0 
1656230157.2580013 20.7119140625 49.48582354603815 985.4638623716207 4 7 10 4 7 10 870 245 67 8 4 0 
1656230162.3927712 20.7119140625 49.686759342659506 985.4604952799832 4 7 10 4 7 10 870 245 67 8 4 0 
1656230167.5249152 20.7068359375 49.609896240377516 985.4604952799832 4 7 9 4 7 9 858 241 62 8 4 0 
1656230172.658753 20.7068359375 49.69257498441529 985.4854201123844 4 7 9 4 7 9 858 241 62 8 4 0 
1656230177.7912633 20.7068359375 49.68666257780289 985.4402927360359 4 7 9 4 7 9 858 241 62 8 4 0 
1656230182.9249926 20.7119140625 49.39112250417874 985.416723114167 3 7 10 3 7 10 813 232 65 10 6 0 
1656230188.0558922 20.7169921875 49.544952002152016 985.4116724826938 3 7 10 3 7 10 813 232 65 10 6 0 
1656230193.185492 20.7169921875 49.544952002152016 985.4329008834194 3 7 10 3 7 10 813 232 65 10 6 0 
1656230198.3203883 20.7169921875 49.5804285816938 985.4466982427292 3 7 10 3 7 10 768 232 67 12 6 0 
1656230203.452134 20.7119140625 49.468273277281085 985.4264955428224 3 7 10 3 7 10 768 232 67 12 6 0 
1656230208.5861554 20.7169921875 49.58615009043613 985.4588117342693 3 7 10 3 7 10 768 232 67 12 6 0 
1656230213.7196312 20.7169921875 49.450251930688204 985.4369256463577 3 7 10 3 7 10 732 227 60 12 6 0 
1656230218.8502653 20.7169921875 49.781455532304726 985.4312173117122 3 7 10 3 7 10 732 227 60 12 6 0 
1656230223.9837422 20.7169921875 49.5211110133607 985.4362680270435 3 7 10 3 7 10 732 227 60 12 6 0 
1656230229.116185 20.7169921875 49.53303139839827 985.427850168508 3 7 10 3 7 10 753 232 60 12 6 0 
1656230234.2508945 20.7220703125 49.556682304300466 985.4450146840187 3 7 10 3 7 10 753 232 60 12 6 0 
1656230239.3825715 20.7119140625 49.68104022019116 985.4163941966478 3 4 4 3 4 4 774 228 26 0 0 0 
1656230244.5138752 20.72734375 49.59225402585331 985.4079764100937 3 4 4 3 4 4 774 228 26 0 0 0 
1656230249.6462462 20.7119140625 49.657196816893915 985.4177487405748 3 4 4 3 4 4 774 228 26 0 0 0 
1656230254.7777665 20.72734375 49.716418703454025 985.4362680270435 3 5 5 3 5 5 753 223 28 0 0 0 
1656230259.9115572 20.7169921875 49.716418703454025 985.4490787633955 3 5 5 3 5 5 753 223 28 0 0 0 
1656230265.0447674 20.7220703125 49.43279471217128 985.4473951638755 3 5 5 3 5 5 753 223 28 0 0 0 
1656230270.1753135 20.7220703125 49.420968441443144 985.4204575810734 3 4 6 3 4 6 753 223 28 2 2 0 
1656230275.3073602 20.732421875 49.63974778404679 985.4369643884008 3 4 6 3 4 6 753 223 28 2 2 0 
1656230280.4391623 20.72734375 49.568793865797005 985.4086723942313 3 4 6 3 4 6 753 223 28 2 2 0 
1656230285.5713596 20.72734375 49.62782617799398 985.4025966033987 3 5 6 3 5 6 795 237 35 2 2 0 
1656230290.7031417 20.72734375 49.616000722043566 985.4406607664954 3 5 6 3 5 6 795 237 35 2 2 0 
1656230295.8347833 20.7169921875 49.5213007432381 985.4113435245054 3 5 6 3 5 6 795 237 35 2 2 0 
1656230300.969395 20.7220703125 49.66330229877628 985.3635081180214 4 5 6 4 5 6 846 251 31 2 2 0 
1656230306.1002665 20.7119140625 49.716321611073425 985.3628497442572 4 5 6 4 5 6 846 251 31 2 2 0 
1656230311.2339716 20.6560546875 49.596821716285625 985.4029257390008 4 5 6 4 5 6 846 251 31 2 2 0 
1656230316.3695908 20.7220703125 49.538944140314925 985.4093308858882 4 5 7 4 5 7 846 258 35 2 2 0 
1656230321.4992278 20.7119140625 49.598262460908906 985.3908116117361 2 3 4 2 3 4 657 191 27 2 0 0 
1656230326.6331363 20.7169921875 49.48582354603815 985.3978750685378 1 3 4 1 3 4 630 182 29 4 0 0 
1656230331.7676117 20.7119140625 49.47399773128374 985.3837479379681 1 3 4 1 3 4 630 182 29 4 0 0 
1656230336.8951352 20.7169921875 49.503562190962484 985.4022673581624 1 3 4 1 3 4 630 182 29 4 0 0 
1656230342.0266416 20.7169921875 49.509380327791014 985.3911408422338 1 3 4 1 3 4 666 191 29 4 0 0 
1656230347.1583831 20.7169921875 49.675030982007954 985.3894572858326 1 3 4 1 3 4 666 191 29 4 0 0 
1656230352.2894187 20.7169921875 49.39712893168558 985.3840773323259 1 3 4 1 3 4 666 191 29 4 0 0 
1656230357.4198284 20.7169921875 49.56841228385061 985.3857609020733 2 4 5 2 4 5 675 193 41 4 0 0 
1656230362.554819 20.7169921875 49.55076959326602 985.3756594846375 2 4 5 2 4 5 675 193 41 4 0 0 
1656230367.6851332 20.7119140625 49.45616481672178 985.3574697275078 2 4 5 2 4 5 675 193 41 4 0 0 
1656230372.8174484 20.7068359375 49.72233119391196 985.3443307899008 1 3 5 1 3 5 639 178 43 6 0 0 
1656230377.9508688 20.7169921875 49.63364275614104 985.3702792740547 1 3 5 1 3 5 639 178 43 6 0 0 
1656230383.085728 20.7169921875 49.48582354603815 985.3504059520697 1 3 5 1 3 5 639 178 43 6 0 0 
1656230388.2198577 20.72734375 49.533126393283666 985.3851020308343 1 3 4 1 3 4 597 164 43 6 0 0 
1656230393.3502705 20.72734375 49.55696806862853 985.3430121303146 1 3 4 1 3 4 597 164 43 6 0 0 
1656230398.4835358 20.72734375 49.55696806862853 985.392860841956 1 3 4 1 3 4 597 164 43 6 0 0 
1656230403.613398 20.72734375 49.498027567516644 985.3760246018693 2 5 5 2 5 5 657 173 39 2 0 0 
1656230408.746121 20.742578125 49.58672361669078 985.3575047458571 2 5 5 2 5 5 657 173 39 2 0 0 
1656230413.8767698 20.742578125 49.39158925081916 985.3726573546918 2 5 5 2 5 5 687 178 39 2 0 0 
1656230419.011372 20.732421875 49.43279471217128 985.3578346724812 2 5 5 2 5 5 687 178 39 2 0 0 
1656230424.1440437 20.742578125 49.37994891788462 985.3416917164884 2 5 5 2 5 5 687 178 39 2 0 0 
1656230429.2781546 20.752734375 49.59282782888454 985.3686301154015 2 5 5 2 5 5 651 171 41 2 0 0 
1656230434.4129193 20.7578125 49.4154296629994 985.3561839428879 2 5 5 2 5 5 651 171 41 2 0 0 
1656230439.5446713 20.783203125 49.34502416533937 985.361927060994 1 4 4 1 4 4 651 171 41 2 0 0 
1656230444.679014 20.773046875 49.427631237117396 985.3410605149702 1 3 3 1 3 3 600 159 41 0 0 0 
1656230449.8064923 20.778125 49.25039954785632 985.3666475065486 1 3 3 1 3 3 600 159 41 0 0 0 
1656230454.938352 20.783203125 49.35685205717628 985.3215178475853 1 3 3 1 3 3 600 159 41 0 0 0 
1656230460.0709102 20.78828125 49.36886581746892 985.3346566143744 2 5 5 2 5 5 642 171 41 0 0 0 
1656230465.2061336 20.783203125 49.34502416533937 985.3390456254691 2 5 5 2 5 5 642 171 41 0 0 0 
1656230470.3378353 20.76796875 49.220828814293164 985.336671297889 2 5 5 2 5 5 642 171 41 0 0 0 
1656230475.471135 20.78828125 49.29170605114277 985.3296054231829 1 3 3 1 3 3 585 152 34 0 0 0 
1656230480.600263 20.773046875 49.26222776920162 985.2898584717973 1 3 3 1 3 3 585 152 34 0 0 0 
1656230485.7314844 20.773046875 49.421717555251824 985.3060332059526 2 4 5 2 4 5 675 196 31 6 2 0 
1656230490.860944 20.773046875 49.362765987649034 985.2999606820506 2 4 5 2 4 5 675 196 31 6 2 0 
1656230495.9932127 20.76796875 49.36849395511184 985.3023063110342 3 5 6 3 5 6 675 196 31 6 2 0 
1656230501.1202912 20.76796875 49.309171001113135 985.2992697875663 4 6 7 4 6 7 753 212 36 6 2 0 
1656230506.251528 20.74765625 49.4272564956719 985.3026371100644 4 6 7 4 6 7 753 212 36 6 2 0 
1656230511.3830628 20.7578125 49.4154296629994 985.3097023910507 4 6 7 4 6 7 753 212 36 6 2 0 
1656230516.5107121 20.742578125 49.4626426283027 985.3097023910507 4 6 7 4 6 7 768 216 36 6 2 0 
1656230521.640245 20.7375 49.47428062135934 985.3019452286311 4 6 7 4 6 7 768 216 36 6 2 0 
1656230526.7715364 20.742578125 49.308616815718196 985.290820714416 4 6 7 4 6 7 768 216 36 6 2 0 
1656230531.9001613 20.7220703125 49.474092038742484 985.2978852822565 3 6 7 3 6 7 732 209 38 6 2 0 
1656230537.0316088 20.7169921875 49.539039202864984 985.2918111343054 3 6 7 3 6 7 732 209 38 6 2 0 
1656230542.1640043 20.7119140625 49.46198349880357 985.3019124494084 3 6 7 3 6 7 732 209 38 6 2 0 
1656230547.298462 20.7169921875 49.4799106438081 985.290457516283 3 6 8 3 6 8 774 221 41 8 2 0 
1656230552.4319558 20.7068359375 49.509475052015326 985.298545344094 3 6 8 3 6 8 774 221 41 8 2 0 
1656230557.5638769 20.7068359375 49.48572909247869 985.2938245937848 3 6 8 3 6 8 774 221 41 8 2 0 
1656230562.6946876 20.7169921875 49.4620776924613 985.3005587496281 3 5 6 3 5 6 702 207 37 4 2 0 
1656230567.8295417 20.7068359375 49.56850769548717 985.2742819437103 3 5 6 3 5 6 714 193 28 8 2 0 
1656230572.963117 20.7017578125 49.58023749853479 985.3022422887639 2 5 6 2 5 6 663 179 26 8 2 0 
1656230578.0973477 20.7068359375 49.52101613227187 985.3025720184886 2 5 6 2 5 6 663 179 26 8 2 0 
1656230583.2266972 20.6966796875 49.53265131118947 985.3096356873779 2 5 6 2 5 6 663 179 26 8 2 0 
1656230588.3592868 20.6966796875 49.68046000470502 985.2924708660618 2 4 4 2 4 4 654 176 24 6 0 0 
1656230593.4909074 20.7017578125 49.53865888806446 985.2978511027266 2 4 4 2 4 4 654 176 24 6 0 0 
1656230598.6254323 20.7017578125 49.55639644307242 985.2608138590019 2 4 4 2 4 4 654 176 24 6 0 0 
1656230603.7567108 20.6966796875 49.55630113446308 985.2877500328972 2 4 4 2 4 4 618 162 22 6 0 0 
1656230608.88815 20.6966796875 49.59759213589002 985.3018770649957 2 4 4 2 4 4 618 162 22 6 0 0 
1656230614.0194407 20.6814453125 49.60350442626175 985.2698908649916 2 4 4 2 4 4 618 162 22 6 0 0 
1656230619.1528525 20.6763671875 49.57975592505294 985.2958017344552 2 3 3 2 3 3 597 162 20 2 0 0 
1656230624.2828727 20.6763671875 49.71563792551792 985.3025355649476 2 3 3 2 3 3 597 162 20 2 0 0 
1656230629.4161222 20.6763671875 49.60340486723824 985.3143197710029 2 3 3 2 3 3 597 162 20 2 0 0 
1656230634.5482073 20.6763671875 49.49679399041653 985.309927349601 2 4 4 2 4 4 639 171 24 2 0 0 
1656230639.6775696 20.6763671875 49.668341982212944 985.2823340768293 2 4 4 2 4 4 639 171 24 2 0 0 
1656230644.8115222 20.6763671875 49.47323925326845 985.2826633250555 2 4 4 2 4 4 639 171 24 2 0 0 
1656230649.9433603 20.6916015625 49.52673882963826 985.3001935801552 2 4 4 2 4 4 570 162 16 4 0 0 
1656230655.0778718 20.6916015625 49.5268337999257 985.279991767527 2 4 4 2 4 4 549 158 16 4 0 0 
1656230660.2089584 20.7068359375 49.6982935480881 985.26787769595 2 4 4 2 4 4 549 158 16 4 0 0 
1656230665.3427494 20.72734375 49.46226604747604 985.2877838053163 2 4 4 2 4 4 549 158 16 4 0 0 
1656230670.4744008 20.7169921875 49.49173643797389 985.3015825004202 2 4 4 2 4 4 555 163 18 4 0 0 
1656230675.6103265 20.7169921875 49.26685539729238 985.3019124494084 2 4 4 2 4 4 555 163 18 4 0 0 
1656230680.7437863 20.7169921875 49.408861440219276 985.2918111343054 2 4 4 2 4 4 555 163 18 4 0 0 
1656230685.8757863 20.7068359375 49.5211110133607 985.2988752105623 2 4 4 2 4 4 588 175 16 4 0 0 
1656230691.0047305 20.7220703125 49.562690338247265 985.28979753815 2 4 4 2 4 4 588 175 16 4 0 0 
1656230696.1358078 20.7169921875 49.314345201879725 985.2732920631595 2 4 4 2 4 4 588 175 16 4 0 0 
1656230701.268261 20.7169921875 49.551055154602125 985.2490615003849 3 4 4 3 4 4 666 192 12 4 0 0 
1656230706.4017751 20.7169921875 49.28477909511254 985.2665578575695 3 4 4 3 4 4 666 192 12 4 0 0 
1656230711.5361207 20.7169921875 49.37920324906008 985.2652044439424 3 4 4 3 4 4 666 192 12 4 0 0 
1656230716.6706543 20.7017578125 49.349638385194744 985.2854069005552 3 4 4 3 4 4 666 187 12 2 0 0 
1656230721.805023 20.7017578125 49.59206267204364 985.2820398237533 3 4 4 3 4 4 666 187 12 2 0 0 
1656230726.9391644 20.7068359375 49.41449340908252 985.3076225956465 None None None None None None None None None None None None 
1656230732.073166 20.6966796875 49.580046372309354 985.2992049673998 3 4 5 3 4 5 561 165 26 4 2 0 
1656230737.2080016 20.6966796875 49.485445667199244 985.2624973693456 2 3 4 2 3 4 540 161 21 4 2 0 
1656230742.34097 20.7068359375 49.43213772495439 985.2786727472313 2 3 4 2 3 4 540 161 21 4 2 0 
1656230747.4741163 20.7068359375 49.562308940821694 985.272268568766 2 3 4 2 3 4 540 161 21 4 2 0 
1656230752.608578 20.7068359375 49.426694060494 985.2783427180868 2 3 4 2 3 4 603 182 21 4 2 0 
1656230757.741425 20.7220703125 49.44443301424742 985.26183736882 3 4 5 3 4 5 603 182 21 4 2 0 
1656230762.8749063 20.7169921875 49.5863413089207 985.2483690711294 3 4 5 3 4 5 603 182 21 4 2 0 
1656230768.008257 20.72734375 49.296605568702326 985.2749756147319 3 4 4 3 4 4 570 175 21 2 0 0 
1656230773.1429048 20.7068359375 49.50346753440403 985.2662276238972 3 4 4 3 4 4 570 175 21 2 0 0 
1656230778.2758694 20.7017578125 49.45015787236618 985.2551032194149 3 4 4 3 4 4 570 175 21 2 0 0 
1656230783.4073772 20.7017578125 49.34363253051481 985.2870904390613 3 4 4 3 4 4 576 175 19 2 0 0 
1656230788.542238 20.7017578125 49.53274634914176 985.2823697161543 3 4 4 3 4 4 576 175 19 2 0 0 
1656230793.6771777 20.7068359375 49.449969723421326 985.2756356176155 3 4 4 3 4 4 576 175 19 2 0 0 
1656230798.8129945 20.6966796875 49.45588240645104 985.281015987744 3 4 4 3 4 4 582 173 17 2 0 0 
1656230803.948072 20.7068359375 49.24884058609013 985.258106481884 3 4 4 3 4 4 582 173 17 2 0 0 
1656230809.082102 20.6916015625 49.52092124041628 985.244308744356 3 3 3 3 3 3 669 183 21 0 0 0 
1656230814.2161283 20.6865234375 49.485158509489295 985.2476757366012 3 3 3 3 3 3 669 183 21 0 0 0 
1656230819.348996 20.6916015625 49.28441041948594 985.2379046902483 3 3 3 3 3 3 669 183 21 0 0 0 
1656230824.4823077 20.6916015625 49.47924608352913 985.2264502312626 3 4 4 3 4 4 678 180 19 0 0 0 
1656230829.6169434 20.6916015625 49.4617950791874 985.2493592328287 3 4 4 3 4 4 678 180 19 0 0 0 
1656230834.751132 20.6865234375 49.5682214282776 985.2210698715826 3 4 4 3 4 4 678 180 19 0 0 0 
1656230839.8850896 20.6966796875 49.57394287147421 985.225790292011 2 4 4 2 4 4 612 168 19 2 0 0 
1656230845.018203 20.7068359375 49.438238271001126 985.2736221329731 2 4 4 2 4 4 612 168 19 2 0 0 
1656230850.152059 20.6966796875 49.43805037119555 985.2358912649678 2 4 4 2 4 4 612 168 19 2 0 0 
1656230855.286111 20.7068359375 49.4799106438081 985.271938595027 3 4 4 3 4 4 663 180 23 2 0 0 
1656230860.4206395 20.7169921875 49.332084742408405 985.2477084151782 3 4 4 3 4 4 663 180 23 2 0 0 
1656230865.5547438 20.7119140625 49.45015787236618 985.2416349239636 3 4 4 3 4 4 663 180 23 2 0 0 
1656230870.6889124 20.7119140625 49.443112695829036 985.108891807259 3 4 4 3 4 4 678 187 25 2 0 0 
1656230875.823168 20.7068359375 49.60388780437717 985.24331846065 3 4 4 3 4 4 678 187 25 2 0 0 
1656230880.9570308 20.7119140625 49.41477439831132 985.2746454488415 3 4 4 3 4 4 678 187 25 2 0 0 
1656230886.09041 20.7068359375 49.66892529620273 985.2551032194149 3 4 4 3 4 4 699 192 25 2 0 0 
1656230891.2256277 20.6916015625 49.31970287804328 985.2459922404436 4 5 5 4 5 5 795 214 32 0 0 0 
1656230896.3601134 20.6966796875 49.580046372309354 985.225790292011 4 4 4 4 4 4 786 209 27 0 0 0 
1656230901.493404 20.7017578125 49.479721861255925 985.2365843143241 3 3 3 3 3 3 786 209 27 0 0 0 
1656230906.6279507 20.7068359375 49.391029122549405 985.2551032194149 3 3 3 3 3 3 786 209 27 0 0 0 
1656230911.7612715 20.7017578125 49.361464361622374 985.2295197468392 2 3 3 2 3 3 786 204 29 0 0 0 
1656230916.8951542 20.7017578125 49.58023749853479 985.2601538313637 2 3 3 2 3 3 786 204 29 0 0 0 
1656230922.02822 20.6966796875 49.47362039378004 985.2382678508006 3 4 4 3 4 4 786 204 29 0 0 0 
1656230927.1620977 20.6966796875 49.34344679616244 985.2429551372127 3 5 5 3 5 5 834 223 43 0 0 0 
1656230932.2967753 20.6966796875 49.34935959680042 985.2725984328769 3 5 5 3 5 5 834 223 43 0 0 0 
1656230937.430875 20.6966796875 49.52073142440483 985.2614734481364 2 4 4 2 4 4 834 223 43 0 0 0 
1656230942.5648892 20.6916015625 49.4971762674854 985.2520662815471 2 4 4 2 4 4 690 194 39 0 0 0 
1656230947.6989996 20.6865234375 49.49688866585753 985.258436139131 2 4 4 2 4 4 690 194 39 0 0 0 
1656230952.8332098 20.6865234375 49.49708162475896 985.2698908649916 2 4 4 2 4 4 690 194 39 0 0 0 
1656230957.966854 20.6814453125 49.53236247596903 985.279991767527 1 4 4 1 4 4 639 180 39 0 0 0 
1656230963.1002638 20.6865234375 49.52063284910488 985.2631569313675 1 4 4 1 4 4 639 180 39 0 0 0 
1656230968.234579 20.6916015625 49.4556940791026 985.2604491427385 1 4 4 1 4 4 639 180 39 0 0 0 
1656230973.3681436 20.6763671875 49.47924608352913 985.236880765404 3 3 3 3 3 3 594 166 14 0 0 0 
1656230978.502435 20.6916015625 49.55029344237223 985.2597899649752 3 3 3 3 3 3 594 166 14 0 0 0 
1656230983.6358664 20.6865234375 49.34344679616244 985.244308744356 2 3 3 2 3 3 588 161 16 0 0 0 
1656230988.7690825 20.6966796875 49.396848583786586 985.2675479007964 2 3 3 2 3 3 588 161 16 0 0 0 
1656230993.902911 20.7068359375 49.50327818898673 985.2540798183273 2 3 3 2 3 3 588 161 16 0 0 0 
1656230999.0356398 20.6814453125 49.31388263857569 985.258106481884 3 3 3 3 3 3 633 170 16 0 0 0 
1656231004.1695728 20.6865234375 49.45559627676203 985.2978511027266 3 3 3 3 3 3 633 170 16 0 0 0 
1656231009.3040168 20.6814453125 49.66843860910497 985.2769543078638 3 3 3 3 3 3 633 170 16 0 0 0 
1656231014.4381926 20.6865234375 49.378733267432224 985.2803212485429 2 3 3 2 3 3 549 146 16 0 0 0 
1656231019.5725832 20.6662109375 49.284038024130936 985.2974851919732 2 3 3 2 3 3 549 146 16 0 0 0 
1656231024.7065182 20.6712890625 49.5439965527092 985.2439441461183 2 3 3 2 3 3 549 146 16 0 0 0 
1656231029.8405852 20.6763671875 49.57975592505294 985.270220427345 3 3 3 3 3 3 576 153 18 0 0 0 
1656231034.9733129 20.6662109375 49.36080917552159 985.2675123375849 3 3 3 3 3 3 576 153 18 0 0 0 
1656231040.1073313 20.6662109375 49.41974605325081 985.2880427534167 3 3 3 3 3 3 576 153 18 0 0 0 
1656231045.2418706 20.6865234375 49.34889115722272 985.2739167930871 3 4 4 3 4 4 597 165 27 2 0 0 
1656231050.3762937 20.6865234375 49.449875632798495 985.2715743485726 3 4 4 3 4 4 597 165 27 2 0 0 
1656231055.5102382 20.6966796875 49.3316211640071 985.2860665215039 2 3 4 2 3 4 621 177 23 2 2 0 
1656231060.6425114 20.6916015625 49.420499895385035 985.2911170558937 2 3 4 2 3 4 621 177 23 2 2 0 
1656231065.7743964 20.6916015625 49.31970287804328 985.2675479007964 2 3 4 2 3 4 621 177 23 2 2 0 
1656231070.9059165 20.7169921875 49.43232548942269 985.3170644267867 2 3 4 2 3 4 576 170 23 2 2 0 
1656231076.0411174 20.6865234375 49.396568138983945 985.2742819437103 2 3 4 2 3 4 576 170 23 2 2 0 
1656231081.173338 20.6865234375 49.43805037119555 985.2334775790627 2 3 4 2 3 4 576 170 23 2 2 0 
1656231086.3031137 20.6763671875 49.331339319486126 985.2877136554719 2 4 4 2 4 4 570 165 20 2 0 0 
1656231091.4370077 20.6763671875 49.43805037119555 985.2766247997353 2 4 4 2 4 4 570 165 20 2 0 0 
1656231096.5691178 20.6763671875 49.49688866585753 985.2890679050824 2 4 4 2 4 4 570 165 20 2 0 0 
1656231101.7018018 20.6763671875 49.4319463053127 985.2910805427659 3 4 4 3 4 4 582 170 23 2 0 0 
1656231106.836693 20.6662109375 49.343071624358124 985.2799546603019 3 4 4 3 4 4 582 170 23 2 0 0 
1656231111.9704854 20.6662109375 49.64440463018479 985.2951054081698 3 4 4 3 4 4 582 170 23 2 0 0 
1656231117.100265 20.6560546875 49.52025304315739 985.2850049089616 3 4 4 3 4 4 555 163 27 2 0 0 
1656231122.2334218 20.6763671875 49.496699304208704 985.3075859385515 3 4 4 3 4 4 555 163 27 2 0 0 
1656231127.3621159 20.6662109375 49.62085317667381 985.3028646504994 3 4 4 3 4 4 555 163 27 2 0 0 
1656231132.4959075 20.6662109375 49.36672167199174 985.2846758935148 3 4 4 3 4 4 582 172 34 2 0 0 
1656231137.6272473 20.6662109375 49.45521944813792 985.2600827811416 2 3 3 2 3 3 570 163 24 0 0 0 
1656231142.7594483 20.6509765625 49.33697335767682 985.2695250274201 2 3 3 2 3 3 555 158 22 0 0 0 
1656231147.8902278 20.6560546875 49.555534608744544 985.2870172176041 2 3 3 2 3 3 555 158 22 0 0 0 
1656231153.024364 20.6611328125 49.313323645583196 985.2735499971338 2 3 3 2 3 3 555 158 22 0 0 0 
1656231158.159884 20.6662109375 49.496699304208704 985.2947764740601 2 4 4 2 4 4 576 168 26 0 0 0 
1656231163.2945247 20.6662109375 49.42593993405489 985.2840175337877 2 4 4 2 4 4 576 168 26 0 0 0 
1656231168.425519 20.6611328125 49.473050432952085 985.2809798817233 2 4 4 2 4 4 576 168 26 0 0 0 
1656231173.558182 20.6662109375 49.4846857551133 985.2510073098898 2 4 4 2 4 4 582 175 28 0 0 0 
1656231178.6901205 20.6763671875 49.52044296766466 985.2675123375849 2 4 4 2 4 4 582 175 28 0 0 0 
1656231183.8250632 20.6763671875 49.461606616503595 985.2991686495614 2 4 4 2 4 4 582 175 28 0 0 0 
1656231188.9559808 20.6966796875 49.34363253051481 985.290457516283 3 5 5 3 5 5 708 210 33 0 0 0 
1656231194.0873036 20.6865234375 49.50308880050222 985.279991767527 3 5 5 3 5 5 708 210 33 0 0 0 
1656231199.2191465 20.6865234375 49.26057457056092 985.3045851506789 3 5 5 3 5 5 708 210 33 0 0 0 
1656231204.3502593 20.7119140625 49.349638385194744 985.2547730004814 3 4 4 3 4 4 693 206 29 0 0 0 
1656231209.4821465 20.7220703125 49.21372804821039 985.2813797100566 3 4 4 3 4 4 693 206 29 0 0 0 
1656231214.6158864 20.7220703125 49.3380906530473 985.2712783186539 3 4 4 3 4 4 693 206 29 0 0 0 
1656231219.7458737 20.7169921875 49.184252407069486 985.2581401021566 2 5 5 2 5 5 471 149 39 8 0 0 
1656231224.8760715 20.7119140625 49.33217742578696 985.2763290140402 2 5 5 2 5 5 471 149 39 8 0 0 
1656231230.0094883 20.7169921875 49.26112602440134 985.2493919792572 2 4 4 2 4 4 450 142 34 6 0 0 
1656231235.1415088 20.732421875 49.15477582101602 985.312707429024 2 4 4 2 4 4 450 142 34 6 0 0 
1656231240.2758677 20.7220703125 49.314160208859946 985.2628604944092 2 4 4 2 4 4 450 142 34 6 0 0 
1656231245.4043639 20.7068359375 49.42078105532092 985.2817098217216 1 3 3 1 3 3 450 142 29 4 0 0 
1656231250.5365214 20.7068359375 49.2609422495242 985.2567867566612 1 3 3 1 3 3 450 142 29 4 0 0 
1656231255.670483 20.7169921875 49.284502604543626 985.2466855342329 1 3 3 1 3 3 450 142 29 4 0 0 
1656231260.8029547 20.7119140625 49.28477909511254 985.2934946866475 1 3 3 1 3 3 492 153 27 4 0 0 
1656231265.9336135 20.72734375 49.474092038742484 985.2723011959085 2 4 4 2 4 4 492 153 27 4 0 0 
1656231271.0602689 20.7220703125 49.12520798611536 985.2628604944092 2 4 4 2 4 4 492 153 27 4 0 0 
1656231276.1940613 20.7119140625 49.24929942727993 985.282733067791 2 4 4 2 4 4 570 174 30 4 0 0 
1656231281.3284867 20.7169921875 49.18407039179926 985.2456622690584 2 4 4 2 4 4 570 174 30 4 0 0 
1656231286.4592783 20.7220703125 49.18443437926928 985.2588324604948 2 4 4 2 4 4 570 174 30 4 0 0 
1656231291.5918217 20.7220703125 49.25521273098778 985.2861002260713 3 5 5 3 5 5 621 191 32 4 0 0 
1656231296.7193751 20.7068359375 49.35564435415786 985.2429881468223 3 5 5 3 5 5 621 191 32 4 0 0 
1656231301.850276 20.7017578125 49.32007326398366 985.2699249602246 2 3 4 2 3 4 408 129 25 2 2 0 
1656231306.9856167 20.7068359375 49.266763426027175 985.2466855342329 2 3 4 2 3 4 408 129 25 2 2 0 
1656231312.117964 20.7017578125 49.34954546649716 985.2652044439424 2 3 4 2 3 4 408 129 25 2 2 0 
1656231317.2493436 20.7068359375 49.35573731899307 985.2574468385246 2 3 4 2 3 4 414 131 27 2 2 0 
1656231322.3838515 20.7119140625 49.30233406773104 985.2716085116571 2 3 4 2 3 4 414 131 27 2 2 0 
1656231327.5181713 20.7017578125 49.18998367338723 985.2523963083337 2 3 4 2 3 4 414 131 27 2 2 0 
1656231332.652515 20.7068359375 49.349452537032384 985.2551032194149 2 3 4 2 3 4 399 126 18 2 2 0 
1656231337.7835708 20.7068359375 49.408674260172994 985.271938595027 2 3 4 2 3 4 399 126 18 2 2 0 
1656231342.9143293 20.7068359375 49.31970287804328 985.2490292885559 2 3 4 2 3 4 399 126 18 2 2 0 
1656231348.044091 20.7017578125 49.391029122549405 985.2436486648465 2 3 4 2 3 4 414 131 16 4 2 0 
1656231353.1768627 20.7068359375 49.3258010020316 985.2271436668248 2 3 4 2 3 4 414 131 16 4 2 0 
1656231358.3087018 20.7119140625 49.32598630881354 985.2520662815471 1 2 3 1 2 3 414 131 16 4 2 0 
1656231363.440981 20.7068359375 49.21945849706518 985.2251299142636 1 2 5 1 2 5 471 147 20 6 4 0 
1656231368.5754933 20.7068359375 49.396848583786586 985.2466855342329 1 2 5 1 2 5 471 147 20 6 4 0 
1656231373.7076929 20.7068359375 49.391029122549405 985.2251299142636 2 3 6 2 3 6 471 147 20 6 4 0 
1656231378.8420043 20.7017578125 49.18989258192212 985.2385980956659 2 4 6 2 4 6 492 154 22 6 4 0 
1656231383.9758303 20.7017578125 49.40839340935076 985.2375747607055 4 5 6 4 5 6 765 217 28 2 2 2 
1656231389.10994 20.6966796875 49.29623635168006 985.2527262254937 4 5 6 4 5 6 765 224 26 2 2 2 
1656231394.244104 20.7017578125 49.438238271001126 985.2540798183273 4 5 6 4 5 6 765 224 26 2 2 2 
1656231399.3736188 20.7017578125 49.402761427126585 985.228827175769 4 5 6 4 5 6 765 224 26 2 2 2 
1656231404.5043106 20.7068359375 49.408580653999294 985.2406117403369 3 4 6 3 4 6 735 212 28 2 2 2 
1656231409.6332974 20.6916015625 49.30824714344241 985.2624973693456 2 3 5 2 3 5 735 212 28 2 2 2 
1656231414.767212 20.6916015625 49.49727089944502 985.2439787594146 2 3 5 2 3 5 735 212 28 2 2 2 
1656231419.9017065 20.6966796875 49.35536539504919 985.2207398064772 1 3 4 1 3 4 636 186 28 2 2 2 
1656231425.0332925 20.6966796875 49.39093573015299 985.2486992346568 1 3 4 1 3 4 636 186 28 2 2 2 
1656231430.1665316 20.7068359375 49.449969723421326 985.2396210464067 2 4 5 2 4 5 636 186 28 2 2 2 
1656231435.2973015 20.7169921875 49.355551378555475 985.1965100436538 2 4 5 2 4 5 609 176 28 2 2 2 
1656231440.4297206 20.6916015625 49.213271183487265 985.2254601579507 2 4 5 2 4 5 609 176 28 2 2 2 
1656231445.5616624 20.6966796875 49.31998068364947 985.2537498050971 2 4 5 2 4 5 609 176 28 2 2 2 
1656231450.693554 20.6966796875 49.34935959680042 985.2342077692999 2 4 6 2 4 6 618 176 30 2 2 2 
1656231455.8236544 20.6916015625 49.30806224270075 985.2224233015852 2 4 6 2 4 6 618 176 30 2 2 2 
1656231460.9553285 20.6865234375 49.25456627019605 985.2429551372127 2 4 6 2 4 6 618 176 30 2 2 2 
1656231466.0872984 20.6865234375 49.50900132322591 985.2362212080668 1 4 4 1 4 4 423 123 30 4 0 0 
1656231471.2203288 20.6865234375 49.18971036668909 985.2362212080668 1 4 4 1 4 4 423 123 30 4 0 0 
1656231476.3502717 20.6966796875 49.17224379774181 985.2170426146299 1 4 6 1 4 6 471 137 37 8 2 2 
1656231481.4843938 20.7068359375 49.27276853476673 985.2382678508006 1 4 6 1 4 6 471 137 37 8 2 2 
1656231486.6197033 20.6966796875 49.34954546649716 985.2389282309028 1 4 6 1 4 6 471 137 37 8 2 2 
1656231491.7489939 20.6865234375 49.355272387145284 985.2059185407663 2 4 7 2 4 7 519 151 35 8 2 2 
1656231496.8835957 20.6814453125 49.41420871865297 985.2294872800409 2 4 7 2 4 7 519 151 35 8 2 2 
1656231502.015141 20.6814453125 49.213271183487265 985.2230832950617 1 3 6 1 3 6 519 151 35 8 2 2 
1656231507.1459181 20.6763671875 49.18943345727894 985.2338434968311 1 3 6 1 3 6 528 153 37 8 2 2 
1656231512.2800486 20.6763671875 49.27230469055965 985.209945493815 1 3 6 1 3 6 528 153 37 8 2 2 
1656231517.4106448 20.6814453125 49.52626016171101 985.2335138554757 2 4 7 2 4 7 528 153 37 8 2 2 
1656231522.5423458 20.6712890625 49.343071624358124 985.2156553272057 2 4 6 2 4 6 522 151 37 8 2 2 
1656231527.671779 20.6611328125 49.260295160827305 985.2129475604321 2 4 6 2 4 6 522 151 37 8 2 2 
1656231532.8048213 20.6662109375 49.532172302335674 985.2341730285729 2 4 6 2 4 6 522 151 37 8 2 2 
1656231537.9382908 20.6662109375 49.37244761706637 985.2537153192435 2 5 7 2 5 7 543 161 37 6 2 2 
1656231543.0699565 20.6560546875 49.259927178719714 985.2395526936953 2 5 7 2 5 7 543 161 37 6 2 2 
1656231548.2036643 20.6662109375 49.31942141204983 985.2193517255054 1 2 2 1 2 2 489 141 12 0 0 0 
1656231553.3380919 20.6611328125 49.283853534746356 985.2594244531721 1 2 2 1 2 2 489 141 12 0 0 0 
1656231558.471591 20.6662109375 49.2245441638121 985.2405772627427 1 2 2 1 2 2 489 141 12 0 0 0 
1656231563.6002727 20.6611328125 49.39009111810891 985.2112641607072 1 2 3 1 2 3 474 148 14 2 2 2 
1656231568.732753 20.6611328125 49.41965222518792 985.2449321685027 1 2 3 1 2 3 474 148 14 2 2 2 
1656231573.86501 20.6611328125 49.30741119183056 985.2331483625906 1 2 3 1 2 3 474 148 14 2 2 2 
1656231579.001361 20.6662109375 49.46122593557219 985.2540447979247 1 2 3 1 2 3 468 146 10 2 2 2 
1656231584.1370828 20.6814453125 49.272212597368096 985.2682073814806 1 2 3 1 2 3 468 146 10 2 2 2 
1656231589.2725887 20.6966796875 49.17779321088082 985.2412716548213 1 2 3 1 2 3 468 146 10 2 2 2 
1656231594.4072652 20.6916015625 49.461700853228955 985.2025515791323 1 2 3 1 2 3 462 141 12 2 2 2 
1656231599.540999 20.6865234375 49.34889115722272 985.2399179788652 1 2 3 1 2 3 462 141 12 2 2 2 
1656231604.6743188 20.6814453125 49.213271183487265 985.2395881724998 1 2 3 1 2 3 462 141 12 2 2 2 
1656231609.8044329 20.6865234375 49.21308484600964 985.2278037982092 1 2 3 1 2 3 441 134 14 2 2 2 
1656231614.937998 20.6814453125 49.21317626243856 985.2237428500626 1 2 3 1 2 3 441 134 14 2 2 2 
1656231620.0717964 20.6763671875 49.3670047829414 985.248335323391 1 2 3 1 2 3 441 134 14 2 2 2 
1656231625.2051668 20.6712890625 49.254382479098126 985.2156553272057 1 1 3 1 1 3 441 134 12 2 2 2 
1656231630.3385282 20.6763671875 49.39037155495066 985.2183627642622 2 4 5 2 4 5 606 185 34 4 2 0 
1656231635.4693074 20.6662109375 49.461414485219485 985.2385642204729 2 4 5 2 4 5 615 190 34 4 2 0 
1656231640.600281 20.6712890625 49.16578190386978 985.2385642204729 2 4 5 2 4 5 615 190 34 4 2 0 
1656231645.73283 20.6662109375 49.343071624358124 985.2291227455421 2 4 5 2 4 5 615 190 34 4 2 0 
1656231650.865068 20.6611328125 49.42556441572934 985.2745753154886 3 4 6 3 4 6 624 195 34 2 2 0 
1656231655.9976437 20.6560546875 49.307318649523545 985.2395526936953 3 4 6 3 4 6 624 195 34 2 2 0 
1656231661.1278384 20.6611328125 49.28948907948484 985.229452208341 3 4 6 3 4 6 624 195 34 2 2 0 
1656231666.2624438 20.6560546875 49.34279281162659 985.1947596955656 3 5 6 3 5 6 666 207 36 2 2 0 
1656231671.395316 20.6560546875 49.34288575997098 985.2341730285729 3 5 6 3 5 6 666 207 36 2 2 0 
1656231676.5248797 20.6662109375 49.31932875593063 985.2207056085572 3 5 6 3 5 6 666 207 36 2 2 0 
1656231681.652384 20.6712890625 49.33697335767682 985.2207056085572 3 5 6 3 5 6 660 205 40 4 2 0 
1656231686.7875037 20.6662109375 49.33706622758167 985.2260853804493 3 5 6 3 5 6 660 205 40 4 2 0 
1656231691.9220073 20.6814453125 49.34907713541965 985.2351973104047 3 5 6 3 5 6 660 205 40 4 2 0 
1656231697.051821 20.6865234375 49.272212597368096 985.209945493815 3 5 6 3 5 6 687 210 40 4 2 0 
1656231702.1834512 20.6763671875 49.36090229457998 985.2365510415445 3 5 6 3 5 6 687 210 40 4 2 0 
1656231707.3152328 20.6916015625 49.05970988484552 985.2244368347559 3 5 6 3 5 6 687 210 40 4 2 0 
1656231712.4491975 20.6966796875 49.25493725554824 985.2136755977914 3 6 6 3 6 6 672 191 48 6 0 0 
1656231717.579744 20.6916015625 49.231101628347595 985.1917899951638 3 6 6 3 6 6 672 191 48 6 0 0 
1656231722.7133017 20.6916015625 49.14240545006349 985.2217628696127 3 5 6 3 5 6 693 198 46 6 0 0 
1656231727.8459017 20.7220703125 49.13694470091307 985.2086556564484 3 5 6 3 5 6 693 198 46 6 0 0 
1656231732.978809 20.7169921875 49.042416679219876 985.2005686493759 3 5 6 3 5 6 693 198 46 6 0 0 
1656231738.113214 20.7169921875 49.29069233705458 985.2190878365407 3 6 7 3 6 7 708 205 50 8 2 0 
1656231743.2473567 20.7119140625 49.24329443425094 985.2207713994301 3 6 7 3 6 7 708 205 50 8 2 0 
1656231748.3817282 20.7119140625 49.249115923106345 985.2113312755736 3 6 7 3 6 7 708 205 50 8 2 0 
1656231753.5156415 20.7169921875 49.24329443425094 985.2180654177008 3 5 7 3 5 7 657 189 43 8 2 0 
1656231758.649603 20.7068359375 49.16041716250904 985.1911288559098 3 5 7 3 5 7 657 189 43 8 2 0 
1656231763.783536 20.7017578125 49.24920768057686 985.192812390497 3 5 7 3 5 7 657 189 43 8 2 0 
1656231768.9173799 20.7017578125 49.290323390729675 985.1715879109274 3 4 6 3 4 6 621 179 41 6 2 0 
1656231774.052004 20.7017578125 49.26085034593451 985.1911288559098 3 4 6 3 4 6 621 179 41 6 2 0 
1656231779.18575 20.6966796875 49.18370623204744 985.1685514928399 3 4 6 3 4 6 621 179 41 6 2 0 
1656231784.319749 20.7017578125 49.18998367338723 985.148680231056 2 4 6 2 4 6 600 165 36 6 2 0 
1656231789.454216 20.7068359375 49.23119321509117 985.1981935648946 2 4 6 2 4 6 600 165 36 6 2 0 
1656231794.5880306 20.6966796875 49.29050788542681 985.1894453213927 2 5 6 2 5 6 564 166 32 8 0 0 
1656231799.7223067 20.7017578125 49.24902415486839 985.2086250730583 2 5 6 2 5 6 564 166 32 8 0 0 
1656231804.8560085 20.6865234375 49.225188621847174 985.1951243645649 2 5 6 2 5 6 564 166 32 8 0 0 
1656231809.9892685 20.6763671875 49.13621723052922 985.1830102401393 2 5 7 2 5 7 597 180 34 10 2 0 
1656231815.1230073 20.6865234375 49.331432089416694 985.1830102401393 2 5 7 2 5 7 597 180 34 10 2 0 
1656231820.257246 20.6916015625 49.17769871151916 985.1958176567042 2 5 7 2 5 7 597 180 34 10 2 0 
1656231825.391037 20.6865234375 49.42613123770435 985.184033295149 3 5 7 3 5 7 618 185 36 8 2 0 
1656231830.5241687 20.6865234375 49.118026473701356 985.0954400767151 3 5 7 3 5 7 618 185 36 8 2 0 
1656231835.6569026 20.6916015625 49.3316211640071 985.18033594488 3 5 7 3 5 7 618 185 36 8 2 0 
1656231840.7915692 20.6966796875 49.171880179421315 985.1924506959099 3 5 7 3 5 7 687 202 43 6 2 0 
1656231845.9256463 20.6814453125 49.231284791067246 985.1601340291962 3 5 7 3 5 7 687 202 43 6 2 0 
1656231851.0596728 20.6865234375 49.1186624331059 985.1527081011653 3 5 7 3 5 7 687 202 43 6 2 0 
1656231856.1931126 20.6865234375 49.15414102328548 985.1789828555321 3 5 7 3 5 7 687 202 43 6 2 0 
1656231861.3273027 20.6662109375 49.30168364475084 985.2082620399356 3 5 7 3 5 7 687 202 43 6 2 0 
1656231866.4612532 20.6763671875 49.24856162033357 985.1614555839865 3 5 7 3 5 7 687 202 43 6 2 0 
1656231871.59506 20.6662109375 49.46122593557219 985.1870370781094 3 5 7 3 5 7 657 195 41 6 2 0 
1656231876.728286 20.6763671875 49.331153747323256 985.1870370781094 2 4 4 2 4 4 468 141 25 4 0 0 
1656231881.862421 20.6662109375 49.18934230079409 985.1819868009563 2 4 4 2 4 4 468 141 25 4 0 0 
1656231886.997265 20.6712890625 49.14804313074265 985.2015282251169 2 4 4 2 4 4 468 141 25 4 0 0 
1656231892.1314034 20.6763671875 49.30768875414776 985.179643334689 2 4 4 2 4 4 468 141 25 4 0 0 
1656231897.2646127 20.6662109375 49.18333839598491 985.1665058992891 2 3 3 2 3 3 489 143 18 2 0 0 
1656231902.3984988 20.6814453125 49.195346319900224 985.1897440518788 2 3 3 2 3 3 489 143 18 2 0 0 
1656231907.5314703 20.6865234375 49.142130185782136 985.1874002552435 2 3 3 2 3 3 489 143 18 2 0 0 
1656231912.6653883 20.6865234375 49.13649228916624 985.1823498152066 2 3 3 2 3 3 489 143 20 2 0 0 
1656231917.7999372 20.6916015625 49.31388263857569 985.2042350599143 2 3 3 2 3 3 489 143 20 2 0 0 
