timestamp temperature humidity pressure pm10_standard pm25_standard pm100_standard pm10_env pm25_env pm100_env particles_03um particles_05um particles_10um particles_25um particles_50um particles_100um
1671014824.9377484 20.5900390625 31.121293099208646 992.5381772119232 0 0 0 0 0 0 24 6 4 0 0 0 
1671014830.0692701 20.5951171875 31.2816363676556 992.5583793809469 0 0 0 0 0 0 24 6 4 0 0 0 
1671014835.203774 20.5748046875 31.24038051065514 992.531712090942 0 0 0 0 0 0 24 6 4 0 0 0 
1671014840.337768 20.6154296875 31.055568980248484 992.5017456910814 0 0 0 0 0 0 24 6 4 0 0 0 
1671014845.4712615 20.5849609375 31.251922246736175 992.5092882708407 0 0 0 0 0 0 24 6 4 0 0 0 
1671014850.6002917 20.6154296875 31.144486107146975 992.516628202909 0 0 0 0 0 0 24 6 4 0 0 0 
1671014855.7341666 20.6205078125 30.995782643932216 992.5107679155345 0 0 0 0 0 0 12 4 2 0 0 0 
1671014860.8679488 20.6154296875 31.09087947598377 992.4908345881602 0 0 0 0 0 0 12 4 2 0 0 0 
1671014866.0012696 20.6154296875 31.096706561805103 992.5048431402163 0 0 0 0 0 0 12 4 2 0 0 0 
1671014871.1346161 20.6001953125 31.055452155209288 992.516628202909 0 0 0 0 0 0 6 2 2 0 0 0 
1671014876.268858 20.6052734375 31.168374795865358 992.5101635241518 0 0 0 0 0 0 6 2 2 0 0 0 
1671014881.4030926 20.6052734375 31.150776602671495 992.5149446223145 0 0 0 0 0 0 6 2 2 0 0 0 
1671014886.5378826 20.6001953125 30.99030933595572 992.5261235347086 0 0 0 0 0 0 12 4 2 0 0 0 
1671014891.6716192 20.5900390625 31.14483350432305 992.5140695616055 0 0 0 0 0 0 12 4 2 0 0 0 
1671014896.806673 20.6001953125 31.002196057372537 992.497234167028 0 0 0 0 0 0 12 4 2 0 0 0 
1671014901.941639 20.5951171875 31.103231527802393 992.4994564161166 0 0 0 0 0 0 18 6 2 0 0 0 
1671014907.074013 20.6052734375 31.10905849955294 992.5118470909758 0 0 0 0 0 0 18 6 2 0 0 0 
1671014912.2069993 20.6255859375 31.073165662112327 992.4992526225428 0 0 0 0 0 0 18 6 2 0 0 0 
1671014917.340704 20.6052734375 30.948469385160145 992.4913745013363 0 0 0 0 0 0 12 4 0 0 0 0 
1671014922.4755547 20.6255859375 31.102417431333844 992.5054469442927 0 0 0 0 0 0 12 4 0 0 0 0 
1671014927.6088817 20.6255859375 31.072932368302745 992.5225532649623 0 0 0 0 0 0 12 4 0 0 0 0 
1671014932.740134 20.6255859375 31.049274936082686 992.4978389726118 0 0 0 0 0 0 18 6 0 0 0 0 
1671014937.8702614 20.6255859375 30.989603773763363 992.5208696434056 0 0 0 0 0 0 0 0 0 0 0 0 
1671014943.0002928 20.6154296875 30.98972139452886 992.5191860219188 0 0 0 0 0 0 6 2 0 0 0 0 
1671014948.1341207 20.6357421875 31.14367513482262 992.5032227377837 0 0 0 0 0 0 6 2 0 0 0 0 
1671014953.2675292 20.6357421875 31.102417431333844 992.5251103432556 0 0 0 0 0 0 6 2 0 0 0 0 
1671014958.3979504 20.6255859375 30.965946460160428 992.5088142133384 0 0 0 0 0 0 12 4 0 0 0 0 
1671014963.5300357 20.6205078125 30.989839004467644 992.5096241282708 0 0 0 0 0 0 12 4 0 0 0 0 
1671014968.6624072 20.6154296875 31.055452155209288 992.4997924001116 0 0 0 0 0 0 12 4 0 0 0 0 
1671014973.7950335 20.6103515625 31.055452155209288 992.514674910317 0 0 0 0 0 0 12 4 0 0 0 0 
1671014978.9297388 20.6255859375 30.977716190351963 992.5478075967081 0 0 0 0 0 0 12 4 0 0 0 0 
1671014984.0612059 20.6357421875 30.95394090004865 992.4922480876457 0 0 0 0 0 0 12 4 0 0 0 0 
1671014989.1947496 20.6255859375 30.99531241282904 992.4956153284504 0 0 0 0 0 0 24 8 0 0 0 0 
1671014994.3287973 20.6357421875 31.066405028216874 992.4998554149145 0 0 0 0 0 0 24 8 0 0 0 0 
1671014999.4604683 20.6357421875 30.936109324275716 992.5085440227209 0 0 0 0 0 0 24 8 0 0 0 0 
1671015004.5955737 20.6306640625 30.86454394803058 992.5119113191681 0 0 0 0 0 0 36 12 4 0 0 0 
1671015009.7293854 20.6408203125 30.936109324275716 992.493931708013 0 0 0 0 0 0 36 12 4 0 0 0 
1671015014.8616543 20.6560546875 30.822456416173825 992.533031095217 0 0 0 0 0 0 36 12 4 0 0 0 
1671015019.9959016 20.6560546875 31.018853328939635 992.5147809316068 0 0 0 0 0 0 30 8 2 0 0 0 
1671015025.1283498 20.6611328125 30.85788469711064 992.5170654586947 0 0 0 0 0 0 30 8 2 0 0 0 
1671015030.2606163 20.6814453125 31.006260320669053 992.5350448624376 0 0 0 0 0 0 24 6 2 0 0 0 
1671015035.3942997 20.6763671875 30.946697241646195 992.5128846003001 0 0 0 0 0 0 24 6 2 0 0 0 
1671015040.5209725 20.6865234375 30.94039315338598 992.5437915233712 0 0 0 0 0 0 24 6 2 0 0 0 
1671015045.651243 20.6916015625 30.993896152866384 992.5395540369697 0 0 0 0 0 0 18 4 2 0 0 0 
1671015050.7837586 20.6966796875 30.8096045335099 992.5510694933671 0 0 0 0 0 0 18 4 2 0 0 0 
1671015055.9185658 20.6865234375 30.94051147337742 992.551611664109 0 0 0 0 0 0 18 4 2 0 0 0 
1671015061.0501528 20.6966796875 30.85110027785488 992.5106579940802 0 0 0 0 0 0 12 2 2 0 0 0 
1671015066.1820831 20.6916015625 30.8096045335099 992.5095170312835 0 0 0 0 0 0 12 2 2 0 0 0 
1671015071.3108935 20.6916015625 30.827678867317122 992.5345026395075 0 0 0 0 0 0 12 2 2 0 0 0 
1671015076.444457 20.6865234375 30.946933668197495 992.5454183610854 0 0 0 0 0 0 6 0 0 0 0 0 
1671015081.5779345 20.6560546875 31.071998760009052 992.5142396701929 0 0 0 0 0 0 6 0 0 0 0 0 
1671015086.7110364 20.6763671875 30.988544699671817 992.5314062348948 0 0 0 0 0 0 6 0 0 0 0 0 
1671015091.840026 20.6763671875 30.940629782541944 992.506420749792 0 0 0 0 0 0 12 2 2 0 0 0 
1671015096.9725356 20.6814453125 30.845756835661106 992.5182071466677 0 0 0 0 0 0 12 2 2 0 0 0 
1671015102.1058037 20.7017578125 30.714240536439306 992.5171217202874 0 0 0 0 0 0 36 8 4 0 0 0 
1671015107.240336 20.6966796875 30.91685095128118 992.5025104702055 0 0 0 0 0 0 36 8 4 0 0 0 
1671015112.3731017 20.6865234375 30.76216417242931 992.4940914824824 0 0 0 0 0 0 36 8 4 0 0 0 
1671015117.5085053 20.6814453125 30.845637454051644 992.5218457449439 0 0 0 0 0 0 42 10 4 0 0 0 
1671015122.6399438 20.6763671875 30.946933668197495 992.5252132606959 0 0 0 0 0 0 42 10 4 0 0 0 
1671015127.7709537 20.6662109375 30.952996260772178 992.5221166911148 0 0 0 0 0 0 42 10 4 0 0 0 
1671015132.903821 20.6763671875 30.9944890915709 992.5184782294718 0 0 0 0 0 0 42 10 4 0 0 0 
1671015138.0377662 20.6763671875 30.905322132406937 992.5066919275237 0 0 0 0 0 0 42 10 4 0 0 0 
1671015143.1701238 20.6763671875 30.857526995217082 992.5016406563099 0 0 0 0 0 0 42 10 4 0 0 0 
1671015148.3046067 20.6916015625 30.93468509016608 992.4893116230616 0 0 0 0 0 0 48 12 6 0 0 0 
1671015153.4343476 20.6814453125 30.940752630599405 992.5016406563099 0 0 0 0 0 0 48 12 6 0 0 0 
1671015158.5686488 20.6712890625 30.869535603186954 992.5184782294718 0 0 0 0 0 0 48 12 6 0 0 0 
1671015163.7012773 20.6712890625 30.893551842241674 992.5038664944867 0 0 0 0 0 0 69 16 6 0 0 0 
1671015168.835342 20.6712890625 30.92921861686316 992.5485150400916 0 0 0 0 0 0 69 16 6 0 0 0 
1671015173.9655068 20.6865234375 30.76871521330378 992.4903966574118 0 0 0 0 0 0 69 16 6 0 0 0 
1671015179.0992465 20.6916015625 30.78594434779806 992.4859440560042 0 0 0 0 0 0 63 14 6 0 0 0 
1671015184.2328687 20.6916015625 30.774174505307027 992.50419426796 0 0 0 0 0 0 30 6 4 2 0 0 
1671015189.3667293 20.6916015625 30.833623744964925 992.4921360703778 0 0 0 0 0 0 30 6 4 2 0 0 
1671015194.499859 20.7017578125 30.85680671004153 992.5084308955994 0 0 0 0 0 0 30 6 4 2 0 0 
1671015199.6336942 20.72734375 30.8032997327715 992.4775775974484 0 0 0 0 0 0 30 6 4 2 0 0 
1671015204.7662485 20.7220703125 30.713998621511834 992.519402301096 0 0 0 0 0 0 30 6 4 2 0 0 
1671015209.8989222 20.7220703125 30.909956705022793 992.495555758708 0 0 0 0 0 0 30 6 4 2 0 0 
1671015215.0327556 20.7119140625 30.92220299435757 992.4961001116847 0 0 0 0 0 0 30 6 4 2 0 0 
1671015220.1665666 20.7119140625 30.720185883308933 992.5062033048371 0 0 0 0 0 0 24 8 6 2 0 0 
1671015225.3000736 20.7119140625 30.76180302316907 992.4994678424555 0 0 0 0 0 0 24 8 6 2 0 0 
1671015230.434058 20.732421875 30.802939890226703 992.5037029487863 0 0 0 0 0 0 24 8 6 2 0 0 
1671015235.5672827 20.74765625 30.78462266756137 992.4711633508596 0 0 0 0 0 0 24 6 6 2 0 0 
1671015240.7004552 20.752734375 30.89735270238661 992.4658386547857 0 0 0 0 0 0 24 6 6 2 0 0 
1671015245.8331385 20.752734375 30.749068444895833 992.4759423290066 0 0 0 0 0 0 24 6 6 2 0 0 
1671015250.9671533 20.7578125 30.796153923382718 992.4537779336064 0 0 0 0 0 0 24 6 6 2 0 0 
1671015256.1018214 20.752734375 30.808165789366537 992.4638816862557 0 0 0 0 0 0 24 6 6 2 0 0 
1671015261.2354631 20.762890625 30.760357451642008 992.5029315907622 0 0 0 0 0 0 24 6 6 2 0 0 
1671015266.3693142 20.778125 30.67092180138621 992.4992901519003 0 0 0 0 0 0 48 14 4 0 0 0 
1671015271.50263 20.762890625 30.57019999315356 992.4883219626407 0 0 0 0 0 0 48 14 4 0 0 0 
1671015276.636593 20.752734375 30.784261981936822 992.488595110949 0 0 0 0 0 0 42 12 4 0 0 0 
1671015281.769276 20.74765625 30.820177329694662 992.4809941670617 0 0 0 0 0 0 42 12 4 0 0 0 
1671015286.9032028 20.742578125 30.79651419853786 992.4944657382887 0 0 0 0 0 0 42 12 4 0 0 0 
1671015292.0369542 20.7375 30.8147109797943 992.4880026757802 0 0 0 0 0 0 36 10 4 0 0 0 
1671015297.1703632 20.7220703125 30.660124004163933 992.4368922721427 0 0 0 0 0 0 36 10 4 0 0 0 
1671015302.3042026 20.7220703125 30.814830812142674 992.4657905473431 0 0 0 0 0 0 36 10 4 0 0 0 
1671015307.4384444 20.7169921875 30.755496296409405 992.4655181815198 0 0 0 0 0 0 36 12 4 0 0 0 
1671015312.571972 20.7220703125 30.719702283800117 992.4607389554906 0 0 0 0 0 0 36 12 4 0 0 0 
1671015317.70506 20.732421875 30.67225849477095 992.4921879739719 0 0 0 0 0 0 36 12 4 0 0 0 
1671015322.8378754 20.72734375 30.838732080318227 992.4635618150182 0 0 0 0 0 0 30 10 4 0 0 0 
1671015327.9721456 20.7220703125 30.761441776460252 992.4492243021871 0 0 0 0 0 0 30 10 4 0 0 0 
1671015333.1063612 20.6966796875 30.946101436626435 992.4798056481019 0 0 0 0 0 0 30 10 4 0 0 0 
1671015338.240632 20.6966796875 30.773934045265257 992.4851290489576 0 0 0 0 0 0 30 10 6 2 0 0 
1671015343.37432 20.6814453125 30.851219634780858 992.4469451835625 0 0 0 0 0 0 30 10 6 2 0 0 
1671015348.508185 20.7068359375 30.666920357166 992.512341805746 0 0 0 0 0 0 24 8 6 2 0 0 
1671015353.6414497 20.6865234375 30.892834231677273 992.4449893937062 0 0 0 0 0 0 24 8 6 2 0 0 
1671015358.7755516 20.6916015625 30.863109571075196 992.4884966973816 0 0 0 0 0 0 24 8 6 2 0 0 
1671015363.9090116 20.6865234375 30.952641842400343 992.4452613881872 0 0 0 0 0 0 24 8 6 2 0 0 
1671015369.0418172 20.7169921875 30.79128910663367 992.4657905473431 0 0 0 0 0 0 24 8 6 2 0 0 
1671015374.175956 20.7220703125 30.76156220285748 992.4587826716114 0 0 0 0 0 0 24 8 6 2 0 0 
1671015379.3095984 20.7068359375 30.684271048605964 992.4371648685067 0 0 0 0 0 0 18 6 4 2 0 0 
1671015384.443562 20.7119140625 30.642895571085017 992.4343420612912 0 0 0 0 0 0 18 6 4 2 0 0 
1671015389.5771952 20.7068359375 30.904605282609573 992.4668789153382 0 0 0 0 0 0 18 6 4 2 0 0 
1671015394.711111 20.7068359375 30.874761288784764 992.4548202257373 0 0 0 0 0 0 24 8 4 2 0 0 
1671015399.8453634 20.7017578125 30.68451364768372 992.469702624402 0 0 0 0 0 0 24 8 4 2 0 0 
1671015404.978994 20.6916015625 30.98771583832769 992.4452613881872 0 0 0 0 0 0 24 8 4 2 0 0 
1671015410.113171 20.7068359375 30.80365947786919 992.4649231642916 0 0 0 0 0 0 24 8 4 2 0 0 
1671015415.2475152 20.7068359375 30.660853508351504 992.4362981782645 0 0 0 0 0 0 24 8 4 2 0 0 
1671015420.380499 20.7068359375 30.94039315338598 992.443033467275 0 0 0 0 0 0 24 8 4 2 0 0 
1671015425.515124 20.7017578125 30.869173664655335 992.4635112958557 0 0 0 0 0 0 24 8 4 2 0 0 
1671015430.6466486 20.7017578125 30.583685182932157 992.4604155490845 0 0 0 0 0 0 90 21 2 2 0 0 
1671015435.7799888 20.6966796875 30.572039391391694 992.4517246298719 0 0 0 0 0 0 90 21 2 2 0 0 
1671015440.9110801 20.6865234375 30.690822658183357 992.4921360703778 0 0 0 0 0 0 90 21 2 2 0 0 
1671015446.0462651 20.7068359375 30.74384655786848 992.4646511134966 0 0 0 0 0 0 90 21 2 2 0 0 
1671015451.1768289 20.7119140625 30.524353360794567 992.4666069876288 0 0 0 0 0 0 90 23 2 2 0 0 
1671015456.3076868 20.6966796875 30.785824249186906 992.4584598671571 0 0 0 0 0 0 90 23 2 2 0 0 
1671015461.4397922 20.7017578125 30.702591957093308 992.439937967317 0 0 0 0 0 0 90 23 2 2 0 0 
1671015466.5721772 20.6966796875 30.577862229302884 992.4539521829196 0 0 0 0 0 0 84 21 2 2 0 0 
1671015471.7065647 20.6966796875 30.726493600582526 992.4385262073856 0 0 0 0 0 0 84 21 2 2 0 0 
1671015476.8403802 20.6814453125 30.56027611491267 992.4881706028183 0 0 0 0 0 0 84 21 2 2 0 0 
1671015481.9714258 20.6712890625 30.572534197718586 992.4631856853985 0 0 0 0 0 0 90 23 2 2 0 0 
1671015487.10026 20.6763671875 30.584179524097877 992.4544954886819 0 0 0 0 0 0 90 23 2 2 0 0 
1671015492.2308962 20.6662109375 30.845756835661106 992.462914264592 0 0 0 0 0 0 90 23 2 2 0 0 
1671015497.3643353 20.6865234375 30.7027130134889 992.4769817754647 0 0 0 0 0 0 102 25 2 2 0 0 
1671015502.4988887 20.7068359375 30.631248386677804 992.4629672766682 0 0 0 0 0 0 102 25 2 2 0 0 
1671015507.6312606 20.7119140625 30.761682618427088 992.4593274022154 0 0 0 0 0 0 102 25 2 2 0 0 
1671015512.7651443 20.72734375 30.67820411894534 992.443627778412 0 0 0 0 0 0 78 26 4 0 0 0 
1671015517.8980796 20.7169921875 30.50590020666181 992.4191875436911 0 0 0 0 0 0 78 26 4 0 0 0 
1671015523.0300188 20.7068359375 30.559780624770852 992.43684241236 0 0 0 0 0 0 78 26 4 0 0 0 
1671015528.1644087 20.6865234375 30.702591957093308 992.4842602725806 0 0 0 0 0 0 78 26 4 0 0 0 
1671015533.2983575 20.6966796875 30.678810931648535 992.4500408207256 0 0 0 0 0 0 78 26 4 0 0 0 
1671015538.4312553 20.6916015625 30.8988979317525 992.4351586174046 0 0 0 0 0 0 72 24 2 0 0 0 
1671015543.564574 20.6814453125 30.827803065108686 992.4286954588543 0 0 0 0 0 0 72 24 2 0 0 0 
1671015548.698458 20.6916015625 30.679053580934173 992.414953083397 0 0 0 0 0 0 72 24 2 0 0 0 
1671015553.8331776 20.6916015625 30.76228453386082 992.4738859190849 0 0 0 0 0 0 72 24 2 0 0 0 
1671015558.966767 20.6814453125 30.679179554826565 992.4292391714473 0 0 0 0 0 0 72 24 2 0 0 0 
1671015564.1002471 20.6865234375 30.572289172848954 992.4418937976465 0 0 0 0 0 0 72 24 2 0 0 0 
1671015569.233842 20.6865234375 30.7205484692488 992.4275554175249 0 0 0 0 0 0 78 26 2 0 0 0 
1671015574.3683107 20.6865234375 30.714724236360563 992.460687311996 0 0 0 0 0 0 78 26 2 0 0 0 
1671015579.5014498 20.6865234375 30.548508346842254 992.4573197473179 0 0 0 0 0 0 78 26 2 0 0 0 
1671015584.6346881 20.7017578125 30.482858352617086 992.4303792399689 0 0 0 0 0 0 78 26 2 0 0 0 
1671015589.76919 20.6966796875 30.70247088986986 992.4548202257373 0 0 0 0 0 0 78 26 2 0 0 0 
1671015594.9002974 20.6966796875 30.625181065599886 992.4848571608967 0 0 0 0 0 0 69 23 2 0 0 0 
1671015600.0340934 20.7068359375 30.85680671004153 992.4245114251902 0 0 0 0 0 0 69 23 2 0 0 0 
1671015605.1679082 20.7068359375 30.67262282012467 992.4545480935756 0 0 0 0 0 0 69 23 2 0 0 0 
1671015610.3024874 20.7017578125 30.60139923122692 992.404578000225 0 0 0 0 0 0 75 25 4 2 0 0 
1671015615.4363284 20.7017578125 30.464774291427794 992.4351586174046 0 0 0 0 0 0 75 25 4 2 0 0 
1671015620.5699744 20.6916015625 30.69664671617215 992.4332027331105 0 0 0 0 0 0 75 25 4 2 0 0 
1671015625.7027564 20.6966796875 30.565848811687133 992.4351586174046 0 0 0 0 0 0 69 23 4 2 0 0 
1671015630.836973 20.7068359375 30.65478650158237 992.4464011122 0 0 0 0 0 0 69 23 4 2 0 0 
1671015635.9711165 20.7169921875 30.725889578614062 992.452047162823 0 0 0 0 0 0 69 23 4 2 0 0 
1671015641.1002645 20.7068359375 30.547520898473483 992.4208713787 0 0 0 0 0 0 63 21 4 2 0 0 
1671015646.2345474 20.7169921875 30.499954352368643 992.4337971429145 0 0 0 0 0 0 63 21 4 2 0 0 
1671015651.3684247 20.7169921875 30.60685594941306 992.4205988657875 0 0 0 0 0 0 63 21 4 2 0 0 
1671015656.5018992 20.7169921875 30.642652014177035 992.4500906883914 0 0 0 0 0 0 69 23 4 2 0 0 
1671015661.6355035 20.7169921875 30.785463888388293 992.4309743902236 0 0 0 0 0 0 69 23 4 2 0 0 
1671015666.768186 20.7068359375 30.67250138916807 992.449768757405 0 0 0 0 0 0 69 23 4 2 0 0 
1671015671.9025922 20.7068359375 30.785584019482023 992.4694305047633 0 0 0 0 0 0 69 23 4 2 0 0 
1671015677.036433 20.7169921875 30.630882689537405 992.4228276036022 0 0 0 0 0 0 24 8 2 0 0 0 
1671015682.1702752 20.7169921875 30.5831953756914 992.4655181815198 0 0 0 0 0 0 18 6 2 0 0 0 
1671015687.3021936 20.7375 30.648110651322735 992.4545969182842 0 0 0 0 0 0 18 6 2 0 0 0 
1671015692.4360304 20.742578125 30.71958135685344 992.4809941670617 0 0 0 0 0 0 18 6 2 0 0 0 
1671015697.570003 20.742578125 30.57675940105085 992.4793102209734 0 0 0 0 0 0 18 6 2 0 0 0 
1671015702.704028 20.742578125 30.35080399470474 992.4745312152836 0 0 0 0 0 0 18 6 2 0 0 0 
1671015707.8377373 20.72734375 30.701986512697523 992.5135340869834 0 0 0 0 0 0 18 6 2 0 0 0 
1671015712.969223 20.7375 30.49970746798094 992.4582375028673 0 0 0 0 0 0 18 6 2 0 0 0 
1671015718.100268 20.74765625 30.540960218833074 992.4694794187525 0 0 0 0 0 0 18 6 2 0 0 0 
1671015723.2348616 20.7578125 30.64774531006481 992.4285185630058 0 0 0 0 0 0 18 6 2 0 0 0 
1671015728.3684783 20.7578125 30.320569716899882 992.4302025205558 0 0 0 0 0 0 18 6 2 0 0 0 
1671015733.50032 20.7578125 30.52287533874899 992.4388955358481 0 0 0 0 0 0 18 6 2 0 0 0 
1671015738.6340349 20.7578125 30.67711117391846 992.4683872700974 0 0 0 0 0 0 18 6 2 0 0 0 
1671015743.7671402 20.773046875 30.367767994291682 992.4712085654694 0 0 0 0 0 0 18 6 2 0 0 0 
1671015748.9030652 20.76796875 30.588039001892046 992.4434008881177 0 0 0 0 0 0 18 6 2 0 0 0 
1671015754.0380971 20.762890625 30.516559081961958 992.4299291167061 0 0 0 0 0 0 18 6 2 0 0 0 
1671015759.1712182 20.752734375 30.624205022694284 992.4419902253663 0 0 0 0 0 0 18 6 2 0 0 0 
1671015764.305694 20.752734375 30.34435649737255 992.4304758148544 0 0 0 0 0 0 18 6 2 0 0 0 
1671015769.4407413 20.752734375 30.51098272372144 992.4591028733716 0 0 0 0 0 0 12 4 2 0 0 0 
1671015774.572217 20.742578125 30.64192108357881 992.4641547093273 0 0 0 0 0 0 12 4 2 0 0 0 
1671015779.7060373 20.752734375 30.487321008713092 992.4537779336064 0 0 0 0 0 0 12 4 2 0 0 0 
1671015784.8400893 20.76796875 30.504912956606585 992.4616513253866 0 0 0 0 0 0 12 4 2 0 0 0 
1671015789.9737287 20.762890625 30.374089741299063 992.4838162292286 0 0 0 0 0 0 12 4 2 0 0 0 
1671015795.1069875 20.76796875 30.47518084526123 992.459967339384 0 0 0 0 0 0 12 4 2 0 0 0 
1671015800.2396083 20.7578125 30.564499167022777 992.4672496043655 0 0 0 0 0 0 12 4 2 0 0 0 
1671015805.3737967 20.752734375 30.54678339962673 992.4388955358481 0 0 0 0 0 0 12 4 2 0 0 0 
1671015810.506826 20.74765625 30.582460339980358 992.4759423290066 0 0 0 0 0 0 12 4 2 0 0 0 
1671015815.6404262 20.74765625 30.57675940105085 992.4543240329376 0 0 0 0 0 0 12 4 2 0 0 0 
1671015820.7738147 20.7578125 30.373964780951678 992.4481794393246 0 0 0 0 0 0 12 4 2 0 0 0 
1671015825.9077327 20.762890625 30.40357348057229 992.4414434979735 0 0 0 0 0 0 12 4 2 0 0 0 
1671015831.0410378 20.76796875 30.367893044725697 992.4515474104202 0 0 0 0 0 0 12 4 2 0 0 0 
1671015836.1748981 20.762890625 30.356124660198912 992.4551886917773 0 0 0 0 0 0 12 4 2 0 0 0 
1671015841.3088317 20.7578125 30.261102044984746 992.4282451455948 0 0 0 0 0 0 30 8 2 0 0 0 
1671015846.4422483 20.7578125 30.516929036383193 992.4332970591391 0 0 0 0 0 0 30 8 2 0 0 0 
1671015851.575872 20.76796875 30.308676264886394 992.4332970591391 0 0 0 0 0 0 30 8 2 0 0 0 
1671015856.7097278 20.762890625 30.368143113106147 992.4400329448449 0 0 0 0 0 0 30 8 2 0 0 0 
1671015861.8431554 20.752734375 30.39192956410066 992.4683872700974 0 0 0 0 0 0 30 8 2 0 0 0 
1671015866.9764838 20.762890625 30.356124660198912 992.4231932326803 0 0 0 0 0 0 30 8 2 0 0 0 
1671015872.1103787 20.76796875 30.23111460670939 992.469797958966 0 0 0 0 0 0 36 10 2 0 0 0 
1671015877.2437088 20.762890625 30.243261542634453 992.4602406086814 0 0 0 0 0 0 36 10 2 0 0 0 
1671015882.3772497 20.762890625 30.39192956410066 992.4397595128107 0 0 0 0 0 0 36 10 2 0 0 0 
1671015887.510698 20.783203125 30.254523468082084 992.4889123288065 0 0 0 0 0 0 36 10 2 0 0 0 
1671015892.642703 20.7984375 30.33765742973667 992.4751660997126 0 0 0 0 0 0 36 10 2 0 0 0 
1671015897.7739332 20.7984375 30.337281089559916 992.4128556302682 0 0 0 0 0 0 36 10 2 0 0 0 
1671015902.907405 20.80859375 30.188849680031822 992.4849966899392 0 0 0 0 0 0 30 8 2 0 0 0 
1671015908.0405366 20.7984375 30.414968799783264 992.4546832249493 0 0 0 0 0 0 30 8 2 0 0 0 
1671015913.1726265 20.78828125 30.355498669596184 992.4650616927522 0 0 0 0 0 0 30 8 2 0 0 0 
1671015918.3044574 20.78828125 30.254649840357793 992.458873166614 0 0 0 0 0 0 42 12 2 0 0 0 
1671015923.435962 20.778125 30.266417789753643 992.4672933685572 0 0 0 0 0 0 69 19 2 0 0 0 
1671015928.5675027 20.778125 30.29033227121057 992.4442643571393 0 0 0 0 0 0 63 17 2 0 0 0 
1671015933.7014165 20.78828125 30.248702732509017 992.461967457204 0 0 0 0 0 0 63 17 2 0 0 0 
1671015938.832592 20.803515625 30.30779604597098 992.4600094902172 0 0 0 0 0 0 63 17 2 0 0 0 
1671015943.9629924 20.803515625 30.08761370932933 992.4426203934894 0 0 0 0 0 0 69 19 2 0 0 0 
1671015949.092362 20.803515625 30.1531649670181 992.4614195485427 0 0 0 0 0 0 69 19 2 0 0 0 
1671015954.2211912 20.7984375 30.010422407738695 992.4616935576589 0 0 0 0 0 0 69 19 2 0 0 0 
1671015959.3542066 20.78828125 30.12355532250056 992.4602834033238 0 0 0 0 0 0 63 17 2 0 0 0 
1671015964.4846294 20.7984375 30.307921824018624 992.4773976131988 0 0 0 0 0 0 63 17 2 0 0 0 
1671015969.6150258 20.778125 30.194924174435048 992.4751660997126 0 0 0 0 0 0 63 17 2 0 0 0 
1671015974.745448 20.783203125 30.27223875733585 992.46392528757 0 0 0 0 0 0 51 15 2 0 0 0 
1671015979.875835 20.783203125 30.1532925243481 992.4571891264354 0 0 0 0 0 0 51 15 2 0 0 0 
1671015985.0062487 20.783203125 30.302100507631355 992.4692510353213 0 0 0 0 0 0 51 15 2 0 0 0 
1671015990.139122 20.778125 30.337782854803617 992.4796286342473 0 0 0 0 0 0 57 17 2 0 0 0 
1671015995.27057 20.778125 30.14760032361783 992.4712085654694 0 0 0 0 0 0 57 17 2 0 0 0 
1671016000.4029279 20.778125 30.153420070848043 992.4810392265407 0 0 0 0 0 0 57 17 2 0 0 0 
1671016005.5352175 20.76796875 30.159749781096934 992.4560524460788 0 0 0 0 0 0 30 10 4 0 0 0 
1671016010.6698298 20.778125 30.189231087678706 992.4526844203177 0 0 0 0 0 0 30 10 4 0 0 0 
1671016015.803486 20.778125 30.088255205934633 992.4627884984416 0 0 0 0 0 0 36 12 4 0 0 0 
1671016020.9359055 20.76796875 30.023221061131856 992.4580099610369 0 0 0 0 0 0 36 12 4 0 0 0 
1671016026.0658598 20.762890625 30.052957085030293 992.4787643093852 0 0 0 0 0 0 36 12 4 0 0 0 
1671016031.1998057 20.7578125 30.189866550492045 992.5124437869073 0 0 0 0 0 0 57 19 4 0 0 0 
1671016036.330265 20.7578125 30.231241220229546 992.4689335635253 0 0 0 0 0 0 57 19 4 0 0 0 
1671016041.4615278 20.752734375 29.987796277536262 992.4591028733716 0 0 0 0 0 0 57 19 4 0 0 0 
1671016046.5918727 20.7578125 30.23136782291996 992.4989719925388 0 0 0 0 0 0 69 21 4 0 0 0 
1671016051.7223208 20.7578125 30.130141776412685 992.4972880185577 0 0 0 0 0 0 69 21 4 0 0 0 
1671016056.8526945 20.762890625 30.260975784460346 992.4568726640086 0 0 0 0 0 0 69 21 4 0 0 0 
1671016061.9831405 20.76796875 30.177845574543237 992.5034779719468 0 0 0 0 0 0 81 23 4 0 0 0 
1671016067.1134727 20.7578125 30.02916828650393 992.4753963631726 0 0 0 0 0 0 81 23 4 0 0 0 
1671016072.2440336 20.778125 30.272491102121297 992.4782179595865 0 0 0 0 0 0 81 23 4 0 0 0 
1671016077.3782237 20.7984375 30.147089842209482 992.466745760404 0 0 0 0 0 0 81 23 4 0 0 0 
1671016082.5099797 20.793359375 30.06977066865268 992.4802183041378 0 0 0 0 0 0 81 23 4 0 0 0 
1671016087.6442852 20.78828125 30.343604519987448 992.4687036734248 0 0 0 0 0 0 66 22 4 0 0 0 
1671016092.775199 20.793359375 30.12355532250056 992.4583254228454 0 0 0 0 0 0 66 22 4 0 0 0 
1671016097.9069839 20.80859375 30.22428051762796 992.497921598083 0 0 0 0 0 0 66 22 4 0 0 0 
1671016103.039831 20.813671875 30.14075909517845 992.5086139319981 0 0 0 0 0 0 60 20 4 0 0 0 
1671016108.1709788 20.813671875 29.968139486550278 992.5035614389976 0 0 0 0 0 0 60 20 4 0 0 0 
1671016113.30079 20.823828125 30.09291994379339 992.501641612299 0 0 0 0 0 0 60 20 4 0 0 0 
1671016118.4338489 20.823828125 30.039516479233036 992.4833902040612 0 0 0 0 0 0 66 22 4 0 0 0 
1671016123.5677502 20.82890625 30.09279162626943 992.4968636261837 0 0 0 0 0 0 66 22 4 0 0 0 
1671016128.6991992 20.813671875 30.081409228067955 992.5111205469427 0 0 0 0 0 0 66 22 4 0 0 0 
1671016133.8328676 20.823828125 30.128863519764185 992.4940051360193 0 0 0 0 0 0 60 20 4 0 0 0 
1671016138.9651885 20.82890625 30.229847875872025 992.505245603261 0 0 0 0 0 0 60 20 4 0 0 0 
1671016144.0982006 20.813671875 30.09291994379339 992.5355605719757 0 0 0 0 0 0 60 20 4 0 0 0 
1671016149.2271929 20.81875 30.152654629397553 992.4923209993692 0 0 0 0 0 0 54 18 2 0 0 0 
1671016154.3620653 20.81875 30.10494408636531 992.4951406187299 0 0 0 0 0 0 54 18 2 0 0 0 
1671016159.4914086 20.823828125 30.104687735904847 992.525455579884 0 0 0 0 0 0 54 18 2 0 0 0 
1671016164.6231127 20.833984375 30.140375817623106 992.5050099960733 0 0 0 0 0 0 69 23 6 0 0 0 
1671016169.755005 20.82890625 30.021543242114387 992.50978798214 0 0 0 0 0 0 42 10 4 0 0 0 
1671016174.8870728 20.813671875 30.170370447315314 992.5105723562133 0 0 0 0 0 0 36 8 4 0 0 0 
1671016180.0208814 20.813671875 30.051412500493782 992.5072040544596 0 0 0 0 0 0 36 8 4 0 0 0 
1671016185.1541042 20.81875 29.986113401570265 992.5128046708011 0 0 0 0 0 0 36 8 4 0 0 0 
1671016190.2835891 20.813671875 29.950554872778888 992.5125306437895 0 0 0 0 0 0 24 6 4 0 0 0 
1671016195.4143994 20.80859375 30.122915716608865 992.5189931118222 0 0 0 0 0 0 24 6 4 0 0 0 
1671016200.5469656 20.80859375 30.069385024765406 992.4993316818945 0 0 0 0 0 0 24 6 4 0 0 0 
1671016205.6769936 20.81875 30.069513583558223 992.5043840522095 0 0 0 0 0 0 18 4 2 0 0 0 
1671016210.810302 20.813671875 30.117095914431847 992.5057940945293 0 0 0 0 0 0 18 4 2 0 0 0 
1671016215.9417467 20.813671875 30.033955361472707 992.4839003171693 0 0 0 0 0 0 18 4 2 0 0 0 
1671016221.0760386 20.80859375 30.128991394164707 992.5209513319397 0 0 0 0 0 0 30 8 2 0 0 0 
1671016226.207898 20.813671875 30.123171591456067 992.5158989188396 0 0 0 0 0 0 30 8 2 0 0 0 
1671016231.3411593 20.7984375 30.075589890484522 992.4993316818945 0 0 0 0 0 0 30 8 2 0 0 0 
1671016236.475206 20.80859375 30.129119257735077 992.5080262575528 0 0 0 0 0 0 30 8 2 0 0 0 
1671016241.6073363 20.82890625 29.94977514442621 992.5136664256288 0 0 0 0 0 0 30 8 2 0 0 0 
1671016246.7410302 20.82890625 30.062922501384634 992.5235361118382 0 0 0 0 0 0 30 8 2 0 0 0 
1671016251.8756669 20.84921875 29.9378782254349 992.5044606248666 0 0 0 0 0 0 72 15 4 0 0 0 
1671016257.0091627 20.8390625 30.009259121384417 992.5182090116605 0 0 0 0 0 0 72 15 4 0 0 0 
1671016262.1427906 20.82890625 29.938008344128512 992.5319570763498 0 0 0 0 0 0 57 10 2 0 0 0 
1671016267.2774227 20.82890625 29.997750678644962 992.5105723562133 0 0 0 0 0 0 57 10 2 0 0 0 
1671016272.4093595 20.844140625 29.94990512622884 992.4850356367191 0 0 0 0 0 0 57 10 2 0 0 0 
1671016277.541819 20.84921875 29.902187221261652 992.5044606248666 0 0 0 0 0 0 57 10 2 0 0 0 
1671016282.6711066 20.854296875 29.92519950428003 992.5070042657363 0 0 0 0 0 0 57 10 2 0 0 0 
1671016287.80277 20.864453125 29.913432138995258 992.5269404007151 0 0 0 0 0 0 57 10 2 0 0 0 
1671016292.9344904 20.854296875 29.794453014179947 992.5207532808143 0 0 0 0 0 0 30 6 2 0 0 0 
1671016298.0682921 20.84921875 29.97330941026981 992.497173831008 0 0 0 0 0 0 30 6 2 0 0 0 
1671016303.199399 20.859375 29.81282652164554 992.5193438714875 0 0 0 0 0 0 30 6 2 0 0 0 
1671016308.333064 20.8390625 29.961542166474203 992.4949048455902 0 0 0 0 0 0 36 8 2 0 0 0 
1671016313.461857 20.84921875 30.1160715209694 992.5008173097215 0 0 0 0 0 0 36 8 2 0 0 0 
1671016318.595069 20.854296875 30.014690438447758 992.5089635541959 0 0 0 0 0 0 36 8 2 0 0 0 
1671016323.7287056 20.844140625 30.039000723614574 992.4772380615439 0 0 0 0 0 0 36 8 2 0 0 0 
1671016328.8582103 20.844140625 29.824724010136627 992.5013669543697 0 0 0 0 0 0 36 8 2 0 0 0 
1671016333.9906318 20.8390625 29.973568858809156 992.4895775184318 0 0 0 0 0 0 75 23 10 0 0 0 
1671016339.1249063 20.833984375 29.925981265243706 992.512606938956 0 0 0 0 0 0 75 23 10 0 0 0 
1671016344.2535226 20.84921875 30.021026621869222 992.5058700075449 0 0 0 0 0 0 75 23 10 0 0 0 
1671016349.385959 20.854296875 29.85433645249123 992.5008173097215 0 0 0 0 0 0 81 23 8 0 0 0 
1671016354.5173285 20.8390625 30.032923389345722 992.4761038815606 0 0 0 0 0 0 81 23 8 0 0 0 
1671016359.6509738 20.8390625 29.884472314840128 992.4833902040612 0 0 0 0 0 0 81 23 8 0 0 0 
1671016364.7851524 20.82890625 30.0691278746886 992.4614573551614 0 0 0 0 0 0 75 21 6 0 0 0 
1671016369.9147067 20.81875 29.99800947132649 992.5001931106804 0 0 0 0 0 0 75 21 6 0 0 0 
1671016375.048619 20.823828125 29.890682103778417 992.5119822610152 0 0 0 0 0 0 75 21 6 0 0 0 
1671016380.1803143 20.823828125 29.819301199999998 992.4665098429116 0 0 0 0 0 0 81 21 8 0 0 0 
1671016385.3138719 20.82890625 29.991673030999223 992.4497066683568 0 0 0 0 0 0 81 21 8 0 0 0 
1671016390.4473183 20.833984375 29.90244826917504 992.533366869208 0 0 0 0 0 0 81 21 8 0 0 0 
1671016395.5804439 20.82890625 29.99762126605817 992.4884039637759 0 0 0 0 0 0 75 19 6 0 0 0 
1671016400.7126553 20.8390625 29.87852381564274 992.464589409263 0 0 0 0 0 0 75 19 6 0 0 0 
1671016405.844293 20.82890625 29.896369282335698 992.5111975017503 0 0 0 0 0 0 75 19 6 0 0 0 
1671016410.979393 20.84921875 29.836096176567782 992.5084133875541 0 0 0 0 0 0 75 21 6 0 0 0 
1671016416.1116896 20.84921875 29.652339809677127 992.5058700075449 0 0 0 0 0 0 57 15 2 0 0 0 
1671016421.2451656 20.8390625 29.884341580125408 992.5047353652677 0 0 0 0 0 0 57 15 2 0 0 0 
1671016426.3796585 20.82890625 29.73588918013785 992.4746945521852 0 0 0 0 0 0 57 15 2 0 0 0 
1671016431.5136406 20.82890625 29.807404238513907 992.4884427368321 0 0 0 0 0 0 57 15 2 0 0 0 
1671016436.6447394 20.8390625 29.97382826402538 992.473010361523 0 0 0 0 0 0 57 15 2 0 0 0 
1671016441.7782183 20.8390625 29.705614461267952 992.4938053392989 0 0 0 0 0 0 57 15 2 0 0 0 
1671016446.9085472 20.8390625 30.08051004724341 992.4738695986387 0 0 0 0 0 0 57 15 2 0 0 0 
1671016452.0414162 20.84921875 30.014690438447758 992.4519745965814 0 0 0 0 0 0 63 17 2 0 0 0 
1671016457.1736717 20.84921875 29.87813137366117 992.4587115190311 0 0 0 0 0 0 63 17 2 0 0 0 
1671016462.3031938 20.84921875 29.866364895398856 992.4873434519396 0 0 0 0 0 0 63 17 2 0 0 0 
1671016467.4350836 20.84921875 29.96762044566338 992.4822907564268 0 0 0 0 0 0 63 17 2 0 0 0 
1671016472.5670354 20.844140625 29.925850998827197 992.497448844856 0 0 0 0 0 0 63 17 2 0 0 0 
1671016477.700565 20.8390625 29.890290137470792 992.4758289106078 0 0 0 0 0 0 63 17 2 0 0 0 
1671016482.8347037 20.844140625 29.759419496578737 992.4558934346547 0 0 0 0 0 0 63 17 2 0 0 0 
1671016487.9681551 20.833984375 29.854729715855832 992.5044606248666 0 0 0 0 0 0 63 17 2 0 0 0 
1671016493.0993721 20.833984375 30.033052423768485 992.4761038815606 0 0 0 0 0 0 63 17 2 0 0 0 
1671016498.2333355 20.833984375 29.759419496578737 992.4895775184318 0 0 0 0 0 0 33 11 4 0 0 0 
1671016503.3661292 20.833984375 29.908266208632323 992.4864838887796 0 0 0 0 0 0 33 11 4 0 0 0 
1671016508.4996283 20.82890625 29.72967547385516 992.4946301334137 0 0 0 0 0 0 39 13 4 0 0 0 
1671016513.6335192 20.84921875 29.80687776194969 992.5089635541959 0 0 0 0 0 0 39 13 4 0 0 0 
1671016518.7662013 20.859375 29.818249168779918 992.4764122029578 0 0 0 0 0 0 39 13 4 0 0 0 
1671016523.8999097 20.8796875 29.675065025874407 992.4890598632869 0 0 0 0 0 0 33 11 2 0 0 0 
1671016529.033741 20.874609375 29.966706712590387 992.5061784818513 0 0 0 0 0 0 33 11 2 0 0 0 
1671016534.1670141 20.86953125 29.93696208361623 992.5008500591837 0 0 0 0 0 0 33 11 2 0 0 0 
1671016539.2974863 20.86953125 29.94278089270252 992.4943883794184 0 0 0 0 0 0 39 13 2 0 0 0 
1671016544.4294393 20.859375 29.829879286870828 992.4893354794261 0 0 0 0 0 0 39 13 2 0 0 0 
1671016549.5637488 20.86953125 29.687235220237618 992.4879266996556 0 0 0 0 0 0 39 13 2 0 0 0 
1671016554.6914656 20.8796875 29.978474765426643 992.4719408708676 0 0 0 0 0 0 24 6 0 0 0 0 
1671016559.8245015 20.86953125 29.711032390341906 992.4963481318331 0 0 0 0 0 0 24 6 0 0 0 0 
1671016564.9547555 20.859375 29.931148400202606 992.4396339254813 0 0 0 0 0 0 24 6 0 0 0 0 
1671016570.087357 20.854296875 29.80635111208224 992.5050448406168 0 0 0 0 0 0 30 6 0 0 0 0 
1671016575.2201197 20.86953125 29.949125072949894 992.5061784818513 0 0 0 0 0 0 30 6 0 0 0 0 
1671016580.3503072 20.8796875 29.859362641011828 992.4924284903359 0 0 1 0 0 1 36 12 2 2 2 0 
1671016585.484627 20.859375 29.776072518250793 992.5129156847819 0 0 1 0 0 1 36 12 2 2 2 0 
1671016590.618967 20.86953125 29.69913382589254 992.4910197793533 0 0 1 0 0 1 36 12 2 2 2 0 
1671016595.7532532 20.864453125 29.80621942253674 992.4983077475825 0 0 1 0 0 1 57 16 2 2 2 0 
1671016600.887069 20.86953125 29.877341162816673 992.4946638452576 0 0 1 0 0 1 57 16 2 2 2 0 
1671016606.0210056 20.86953125 29.704812263486872 992.5261147762296 0 0 1 0 0 1 57 16 2 2 2 0 
1671016611.1544929 20.864453125 29.59799436439851 992.4980324184785 0 0 1 0 0 1 57 16 2 2 2 0 
1671016616.288207 20.874609375 29.621251649211104 992.5106803946629 0 0 1 0 0 1 57 16 2 2 2 0 
1671016621.4217713 20.894921875 29.66276593016447 992.5067602569454 0 0 1 0 0 1 57 16 2 2 2 0 
1671016626.5556493 20.9154296875 29.668048868988087 992.5042478161927 0 0 1 0 0 1 63 18 4 2 2 0 
1671016631.6888475 20.9205078125 29.83451423756406 992.4907726542147 0 0 1 0 0 1 63 18 4 2 2 0 
1671016636.8231323 20.9154296875 29.787047432882197 992.5177229826523 0 0 1 0 0 1 63 18 4 2 2 0 
1671016641.9569445 20.9154296875 29.525245151929088 992.5126697947047 0 0 0 0 0 0 57 16 2 0 0 0 
1671016647.0907931 20.905078125 29.805292224322336 992.4775738519668 0 0 0 0 0 0 57 16 2 0 0 0 
1671016652.2246487 20.91015625 29.579334774724163 992.4930094059656 0 0 0 0 0 0 57 16 2 0 0 0 
1671016657.358575 20.884765625 29.829221989444996 992.5163146299182 0 0 0 0 0 0 57 16 2 0 0 0 
1671016662.4923337 20.905078125 29.52538016767834 992.5126697947047 0 0 0 0 0 0 24 8 2 0 0 0 
1671016667.6261916 20.9306640625 29.578393977544547 992.502865480402 0 0 0 0 0 0 24 8 2 0 0 0 
1671016672.7595658 20.9306640625 29.638164858191303 992.5317778231548 0 0 0 0 0 0 24 8 2 0 0 0 
1671016677.8933969 20.9205078125 29.816796429870635 992.5157624336503 0 0 0 0 0 0 24 8 2 0 0 0 
1671016683.0262403 20.9154296875 29.579066029691898 992.505932211755 0 0 0 0 0 0 36 12 2 0 0 0 
1671016688.160631 20.9154296875 29.70956593081239 992.4834821440094 0 0 0 0 0 0 36 12 2 0 0 0 
1671016693.294865 20.9205078125 29.513209410769168 992.5034187436328 0 0 0 0 0 0 36 12 2 0 0 0 
1671016698.4278433 20.9306640625 29.578393977544547 992.4728220822097 0 0 0 0 0 0 36 12 2 0 0 0 
1671016703.5623422 20.9205078125 29.727283257300424 992.4983654353059 0 0 0 0 0 0 36 12 2 0 0 0 
1671016708.6967041 20.9408203125 29.703216914662963 992.5112877979703 0 0 0 0 0 0 36 12 2 0 0 0 
1671016713.830766 20.9205078125 29.513074236429315 992.5000498713448 0 0 0 0 0 0 42 12 2 0 0 0 
1671016718.9644492 20.905078125 29.69779889635267 992.4590456669106 0 0 0 0 0 0 42 12 2 0 0 0 
1671016724.0982087 20.91015625 29.817059741788388 992.4991946299258 0 0 0 0 0 0 42 12 2 0 0 0 
1671016729.2321393 20.9 29.591100347834015 992.4927332824059 0 0 0 0 0 0 30 8 2 0 0 0 
1671016734.36461 20.894921875 29.668448954650053 992.4980625100194 0 0 0 0 0 0 30 8 2 0 0 0 
1671016739.4982336 20.884765625 29.64478318282885 992.5036673702006 0 0 0 0 0 0 30 8 2 0 0 0 
1671016744.6320875 20.91015625 29.674398775360686 992.4944176639158 0 0 0 0 0 0 57 15 2 0 0 0 
1671016749.7663367 20.9306640625 29.61436417092301 992.5031421668384 0 0 0 0 0 0 57 15 2 0 0 0 
1671016754.8993351 20.9255859375 29.45329761019722 992.4711376337291 0 0 0 0 0 0 72 20 2 0 0 0 
1671016760.0338442 20.9408203125 29.53065552782621 992.5112877979703 0 0 0 0 0 0 72 20 2 0 0 0 
1671016765.1680214 20.9306640625 29.41759336853864 992.5267244705697 0 0 0 0 0 0 72 20 2 0 0 0 
1671016770.301792 20.9205078125 29.45979146480296 992.4837586642748 0 0 0 0 0 0 78 24 2 0 0 0 
1671016775.435565 20.9205078125 29.418002210368964 992.5303697320211 0 0 0 0 0 0 78 24 2 0 0 0 
1671016780.5697868 20.9306640625 29.7037488709143 992.5188550174909 0 0 0 0 0 0 78 24 2 0 0 0 
1671016785.703 20.9306640625 29.53106046718027 992.4947199188323 0 0 0 0 0 0 78 24 2 0 0 0 
1671016790.8370042 20.9357421875 29.53092549822816 992.4857439188137 0 0 0 0 0 0 78 24 2 0 0 0 
1671016795.9710581 20.9611328125 29.518213804585738 992.5068111912682 0 0 0 0 0 0 78 24 2 0 0 0 
1671016801.1003084 20.9509765625 29.69713358168121 992.5070882756096 0 0 0 0 0 0 78 24 2 0 0 0 
1671016806.2320428 20.9509765625 29.41718442921095 992.4787289189716 0 0 0 0 0 0 78 24 2 0 0 0 
1671016811.3652236 20.9509765625 29.54837231159438 992.5023117785942 0 0 0 0 0 0 78 24 2 0 0 0 
1671016816.498859 20.9408203125 29.489136950745348 992.5065110665311 0 0 0 0 0 0 78 24 2 0 0 0 
1671016821.6327007 20.9255859375 29.42976712183085 992.5118409255784 0 0 0 0 0 0 78 24 2 0 0 0 
1671016826.765724 20.9154296875 29.53714568836676 992.4890882592825 0 0 0 0 0 0 30 10 4 0 0 0 
1671016831.8982022 20.905078125 29.674532047127418 992.4980625100194 0 0 0 0 0 0 30 10 4 0 0 0 
1671016837.0309422 20.9 29.698463940226556 992.4845875672767 0 0 0 0 0 0 30 10 4 0 0 0 
1671016842.1660392 20.874609375 29.7226604824319 992.4820468300258 0 0 0 0 0 0 30 10 4 0 0 0 
1671016847.2982674 20.86953125 29.502801563425518 992.4699505647333 0 0 0 0 0 0 30 10 4 0 0 0 
1671016852.4324882 20.859375 29.669653751627934 992.4800561161916 0 0 0 0 0 0 30 10 4 0 0 0 
1671016857.5665543 20.844140625 29.723461440129416 992.4873434519396 0 0 0 0 0 0 24 8 4 0 0 0 
1671016862.6995196 20.84921875 29.592179045535183 992.4929795587519 0 0 0 0 0 0 24 8 4 0 0 0 
1671016867.8338 20.854296875 29.58636384245751 992.4968987075565 0 0 0 0 0 0 24 8 4 0 0 0 
1671016872.9681644 20.859375 29.628009049415187 992.4663065709682 0 0 0 0 0 0 45 15 2 0 0 0 
1671016878.100306 20.854296875 29.485088005901147 992.4836998658512 0 0 0 0 0 0 45 15 2 0 0 0 
1671016883.2341855 20.84921875 29.545256785584588 992.4676828607912 0 0 0 0 0 0 45 15 2 0 0 0 
1671016888.3677433 20.8390625 29.73522689605473 992.4558934346547 0 0 0 0 0 0 57 19 4 0 0 0 
1671016893.5013874 20.82890625 29.801192388800743 992.4696419804089 0 0 0 0 0 0 57 19 4 0 0 0 
1671016898.635178 20.82890625 29.521460104809698 992.476614820302 0 0 0 0 0 0 57 19 4 0 0 0 
1671016903.7682066 20.82890625 29.723991793364494 992.445165201591 0 0 0 0 0 0 57 19 4 0 0 0 
1671016908.9003255 20.813671875 29.611232277238102 992.4482588191008 0 0 0 0 0 0 30 8 2 0 0 0 
1671016914.030922 20.81875 29.742102558979198 992.4737955008396 0 0 0 0 0 0 36 10 2 0 0 0 
1671016919.1646705 20.81875 29.73020546661964 992.4816673099422 0 0 0 0 0 0 36 10 2 0 0 0 
1671016924.2995896 20.813671875 29.79590239023012 992.5091623690194 0 0 0 0 0 0 36 10 2 0 0 0 
1671016929.4329858 20.80859375 29.60541741832495 992.4822161809393 0 0 0 0 0 0 36 10 2 0 0 0 
1671016934.564731 20.803515625 29.784269412973842 992.4583254228454 0 0 0 0 0 0 36 10 2 0 0 0 
1671016939.6969743 20.7984375 29.522539085283423 992.4529991442262 0 0 0 0 0 0 36 10 2 0 0 0 
1671016944.828478 20.80859375 29.56391061298908 992.4327901810062 0 0 0 0 0 0 24 6 0 0 0 0 
1671016949.9604158 20.793359375 29.748580087724687 992.4459885812892 0 0 0 0 0 0 24 6 0 0 0 0 
1671016955.0948386 20.762890625 29.54687171015321 992.4462219665376 0 0 0 0 0 0 24 6 0 0 0 0 
1671016960.2266169 20.78828125 29.522539085283423 992.4633776251706 0 0 0 0 0 0 30 8 2 0 0 0 
1671016965.358604 20.803515625 29.629345777162673 992.4678818088132 0 0 0 0 0 0 30 8 2 0 0 0 
1671016970.4904253 20.813671875 29.516185695218287 992.438977801403 0 0 0 0 0 0 30 8 2 0 0 0 
1671016975.6255553 20.803515625 29.61784978511812 992.4344742608897 0 0 0 0 0 0 18 4 2 0 0 0 
1671016980.756422 20.81875 29.74805108971044 992.4687430936199 0 0 0 0 0 0 18 4 2 0 0 0 
1671016985.8847466 20.813671875 29.61718103454794 992.4900881274094 0 0 0 0 0 0 18 4 2 0 0 0 
1671016991.0180662 20.80859375 29.724521973291022 992.456679561759 0 0 0 0 0 0 30 8 2 0 0 0 
1671016996.1488318 20.823828125 29.56959068769651 992.4754796367196 0 0 0 0 0 0 30 8 2 0 0 0 
1671017001.2817547 20.81875 29.700595368871944 992.4569541458902 0 0 0 0 0 0 24 6 2 0 0 0 
1671017006.41417 20.82890625 29.718043084528567 992.459536838747 0 0 0 0 0 0 24 6 2 0 0 0 
1671017011.5463395 20.813671875 29.69464682420369 992.4375681123146 0 0 0 0 0 0 24 6 2 0 0 0 
1671017016.6802938 20.803515625 29.71289039174458 992.4395265009596 0 0 0 0 0 0 24 6 4 0 0 0 
1671017021.8140733 20.7984375 29.766688819991295 992.4218242988533 0 0 0 0 0 0 24 6 4 0 0 0 
1671017026.948512 20.793359375 29.6715181583755 992.4201402602146 0 0 0 0 0 0 24 6 4 0 0 0 
1671017032.0801442 20.793359375 29.67759942417313 992.4268764151894 0 0 0 0 0 0 30 6 4 0 0 0 
1671017037.2114546 20.78828125 29.86754306349037 992.4296962882357 0 0 0 0 0 0 30 6 4 0 0 0 
1671017042.3431435 20.7984375 29.73681592292133 992.4549572883119 0 0 0 0 0 0 30 6 4 0 0 0 
1671017047.4754765 20.80859375 29.789954078793915 992.4538603774117 0 0 0 0 0 0 24 4 2 0 0 0 
1671017052.60564 20.80859375 29.55809633461849 992.4625553097848 0 0 0 0 0 0 24 4 2 0 0 0 
1671017057.7361026 20.803515625 29.504558069620906 992.457502985405 0 0 0 0 0 0 24 4 2 0 0 0 
1671017062.8672721 20.81875 29.70654390324141 992.445165201591 0 0 0 0 0 0 30 6 2 0 0 0 
1671017067.9995415 20.823828125 29.700196896223787 992.4884427368321 0 0 0 0 0 0 30 6 2 0 0 0 
1671017073.1314752 20.813671875 29.676934204780594 992.4434810669711 0 0 0 0 0 0 36 12 2 0 0 0 
1671017078.265632 20.80859375 29.78400575705915 992.4605968637446 0 0 0 0 0 0 36 12 2 0 0 0 
1671017083.4001303 20.803515625 29.61771605666851 992.457502985405 0 0 0 0 0 0 36 12 2 0 0 0 
1671017088.5349762 20.7984375 29.587973536307924 992.4673333511975 0 0 0 0 0 0 36 12 2 0 0 0 
1671017093.6649458 20.80859375 29.65922189257447 992.4459885812892 0 0 0 0 0 0 36 12 2 0 0 0 
1671017098.7992375 20.803515625 29.701126514089896 992.4412105811228 0 0 0 0 0 0 36 12 2 0 0 0 
1671017103.9280207 20.793359375 29.570262176638103 992.4698399546094 0 0 0 0 0 0 36 10 0 0 0 0 
1671017109.0620036 20.81875 29.534032225217857 992.4193533150793 0 0 0 0 0 0 36 10 0 0 0 0 
1671017114.1935112 20.82890625 29.61704725193726 992.4497066683568 0 0 0 0 0 0 36 10 0 0 0 0 
1671017119.3252957 20.81875 29.53998104795346 992.4580890303447 0 0 0 0 0 0 36 10 0 0 0 0 
1671017124.4585776 20.823828125 29.73588918013785 992.4797471245912 0 0 0 0 0 0 36 10 0 0 0 0 
1671017129.5917459 20.813671875 29.53998104795346 992.4168097226018 0 0 0 0 0 0 36 10 0 0 0 0 
1671017134.7265518 20.803515625 29.647458319577034 992.4358840187297 0 0 0 0 0 0 30 8 0 0 0 0 
1671017139.8618417 20.78828125 29.677466401958558 992.4532732211502 0 0 0 0 0 0 30 8 0 0 0 0 
1671017144.9939015 20.78828125 29.7727688257633 992.4251923763408 0 0 0 0 0 0 30 8 0 0 0 0 
1671017150.127249 20.778125 29.82048390652059 992.4072160999428 0 0 0 0 0 0 30 8 0 0 0 0 
1671017155.258223 20.773046875 29.588643781704807 992.4445379676032 0 0 0 0 0 0 39 13 2 0 0 0 
1671017160.3891363 20.783203125 29.64204364107218 992.4083519917035 0 0 0 0 0 0 45 15 2 0 0 0 
1671017165.5211213 20.773046875 29.77884867350217 992.4389385593629 0 0 0 0 0 0 45 15 2 0 0 0 
1671017170.6545293 20.773046875 29.64204364107218 992.4089001108987 0 0 0 0 0 0 45 15 2 0 0 0 
1671017175.7865922 20.778125 29.713155647207117 992.428560454108 0 0 0 0 0 0 51 17 2 0 0 0 
1671017180.9181485 20.778125 29.648258474062402 992.4223722010651 0 0 0 0 0 0 51 17 2 0 0 0 
1671017186.050065 20.778125 29.86224951351259 992.4341602836352 0 0 0 0 0 0 51 17 2 0 0 0 
1671017191.1832967 20.783203125 29.73126493222432 992.4136781800547 0 0 0 0 0 0 57 17 2 0 0 0 
1671017196.3155231 20.78828125 29.629746584259667 992.4468109748025 0 0 0 0 0 0 57 17 2 0 0 0 
1671017201.4489338 20.78828125 29.624466327312298 992.430518431177 0 0 0 0 0 0 57 17 2 0 0 0 
1671017206.5801096 20.7984375 29.415869977267267 992.4072160999428 0 0 0 0 0 0 57 17 2 0 0 0 
1671017211.7130365 20.783203125 29.65393994708858 992.4504529664208 0 0 0 0 0 0 57 17 2 0 0 0 
1671017216.844693 20.778125 29.58850975429008 992.4355705078785 0 0 0 0 0 0 57 17 2 0 0 0 
1671017221.9720204 20.778125 29.65393994708858 992.422098304741 0 0 0 0 0 0 57 17 4 0 0 0 
1671017227.1037004 20.762890625 29.6186519283395 992.3864196469999 0 0 0 0 0 0 57 17 4 0 0 0 
1671017232.2372682 20.773046875 29.565119519259802 992.4209619898735 0 0 0 0 0 0 57 17 4 0 0 0 
1671017237.3705153 20.778125 29.74897672250272 992.4507267417631 0 0 0 0 0 0 24 6 4 0 0 0 
1671017242.503523 20.76796875 29.79695565870955 992.424603649495 0 0 0 0 0 0 24 6 4 0 0 0 
1671017247.6363153 20.76796875 29.6186519283395 992.4260139839465 0 0 0 0 0 0 24 6 2 0 0 0 
1671017252.7689605 20.773046875 29.636362421280676 992.4658829813171 0 0 0 0 0 0 24 6 2 0 0 0 
1671017257.9028964 20.773046875 29.713553449162255 992.4021640674953 0 0 0 0 0 0 24 6 2 0 0 0 
1671017263.0368314 20.778125 29.636095472618273 992.4206881895491 0 0 0 0 0 0 30 8 2 0 0 0 
1671017268.1708605 20.778125 29.65393994708858 992.4322024566741 0 0 0 0 0 0 30 8 2 0 0 0 
1671017273.3044763 20.76796875 29.606622109134747 992.3670740922914 0 0 0 0 0 0 30 8 2 0 0 0 
1671017278.4378343 20.78828125 29.796429111121725 992.4232342356696 0 0 0 0 0 0 24 6 0 0 0 0 
1671017283.5710845 20.778125 29.451697143167117 992.3940180321234 0 0 0 0 0 0 24 6 0 0 0 0 
1671017288.7037792 20.762890625 29.571067605898815 992.3743581069826 0 0 0 0 0 0 24 6 0 0 0 0 
1671017293.8366475 20.778125 29.63014729386723 992.4338864822414 0 0 0 0 0 0 24 6 0 0 0 0 
1671017298.9705493 20.76796875 29.779112336341825 992.3889660420401 0 0 0 0 0 0 24 6 0 0 0 0 
1671017304.1040368 20.7578125 29.67231653991913 992.3676222321955 0 0 0 0 0 0 24 6 0 0 0 0 
1671017309.237694 20.7578125 29.64271058920062 992.4133629482044 0 0 0 0 0 0 24 8 0 0 0 0 
1671017314.371593 20.7578125 29.61918647384306 992.3847356912693 0 0 0 0 0 0 24 8 0 0 0 0 
1671017319.5052671 20.752734375 29.672582580444466 992.3917451208201 0 0 0 0 0 0 75 19 0 0 0 0 
1671017324.6389246 20.74765625 29.74990182454284 992.403532719433 0 0 0 0 0 0 75 19 0 0 0 0 
1671017329.7724786 20.7578125 29.67205045606586 992.3928817684216 0 0 0 0 0 0 75 19 0 0 0 0 
1671017334.9063303 20.742578125 29.67839732998935 992.417004264904 0 0 0 0 0 0 69 17 0 0 0 0 
1671017340.0402443 20.74765625 29.660953428707852 992.3883772361321 0 0 0 0 0 0 69 17 0 0 0 0 
1671017345.1736712 20.7220703125 29.59606479765522 992.3900167356883 0 0 0 0 0 0 69 17 0 0 0 0 
1671017350.306757 20.732421875 29.631081903826136 992.4127721079672 0 0 0 0 0 0 63 15 0 0 0 0 
1671017355.440801 20.7169921875 29.69730218629376 992.404625669093 0 0 0 0 0 0 63 15 0 0 0 0 
1671017360.574137 20.7119140625 29.822321928366186 992.3883328748167 0 0 0 0 0 0 63 15 0 0 0 0 
1671017365.7068393 20.7068359375 29.71501122228136 992.3967521798746 0 0 0 0 0 0 63 13 0 0 0 0 
1671017370.8407502 20.7119140625 29.73866781622481 992.395068318723 0 0 0 0 0 0 63 13 0 0 0 0 
1671017375.9746435 20.7169921875 29.7271702732983 992.4018037637493 0 0 0 0 0 0 63 13 0 0 0 0 
1671017381.1088343 20.7169921875 29.78664036653064 992.38355421341 0 0 0 0 0 0 57 13 0 0 0 0 
1671017386.2428317 20.7169921875 29.655937925361048 992.4054442311757 0 0 0 0 0 0 57 13 0 0 0 0 
1671017391.3763433 20.7017578125 29.673646309266697 992.4071280791859 0 0 0 0 0 0 57 13 0 0 0 0 
1671017396.5098956 20.6966796875 29.792718867529267 992.4043055707548 0 0 0 0 0 0 51 13 0 0 0 0 
1671017401.6430387 20.6865234375 29.834477827409764 992.4278790685757 0 0 0 0 0 0 54 14 4 0 0 0 
1671017406.7758465 20.6966796875 29.62646911490975 992.4362981782645 0 0 0 0 0 0 48 14 4 0 0 0 
1671017411.9087975 20.7017578125 29.78690358918431 992.3964313527417 0 0 0 0 0 0 48 14 4 0 0 0 
1671017417.0415554 20.6916015625 29.59065289304762 992.3964313527417 0 0 0 0 0 0 48 14 4 0 0 0 
1671017422.1755095 20.6865234375 29.85852623601506 992.3882847330981 0 0 0 0 0 0 60 18 6 0 0 0 
1671017427.3085692 20.6763671875 29.6386348616442 992.3938803537686 0 0 0 0 0 0 60 18 6 0 0 0 
1671017432.4420192 20.6611328125 29.788092612766278 992.4230475392079 0 0 0 0 0 0 60 18 6 0 0 0 
1671017437.5760906 20.6611328125 29.5144217637326 992.4124016353708 0 0 0 0 0 0 87 27 6 0 0 0 
1671017442.7103572 20.6662109375 29.78769805623901 992.4143572027389 0 0 0 0 0 0 87 27 6 0 0 0 
1671017447.8446903 20.6611328125 29.62159491535576 992.4098493647415 0 0 0 0 0 0 87 27 6 0 0 0 
1671017452.9756298 20.6509765625 29.698765886316647 992.4351050591381 0 0 0 0 0 0 81 25 6 0 0 0 
1671017458.1064405 20.6509765625 29.740258543290697 992.405612599999 0 0 0 0 0 0 81 25 6 0 0 0 
1671017463.239959 20.6611328125 29.64524764377578 992.3845936860879 0 0 0 0 0 0 81 25 6 0 0 0 
1671017468.3694196 20.6560546875 29.876893012577415 992.4112614550322 0 0 0 0 0 0 81 25 6 0 0 0 
1671017473.5009253 20.6662109375 29.841477124340948 992.4129451811333 0 0 0 0 0 0 81 25 6 0 0 0 
1671017478.632151 20.6560546875 29.829584747584367 992.425545478362 0 0 0 0 0 0 81 25 6 0 0 0 
1671017483.761935 20.6458984375 29.734840591305005 992.4087086224308 0 0 0 0 0 0 54 18 6 0 0 0 
1671017488.8978267 20.6611328125 29.918776569841402 992.4151719879139 0 0 0 0 0 0 54 18 6 0 0 0 
1671017494.028508 20.6712890625 29.90649397856251 992.3711239972432 0 0 0 0 0 0 48 16 4 0 0 0 
1671017499.1618245 20.6966796875 29.906233603007202 992.3787265842097 0 0 0 0 0 0 48 16 4 0 0 0 
1671017504.2921016 20.6763671875 29.63282132819404 992.4003433322048 0 0 0 0 0 0 48 16 4 0 0 0 
1671017509.4270358 20.6763671875 29.763648704000488 992.3686240743194 0 0 0 0 0 0 42 14 2 0 0 0 
1671017514.556897 20.6814453125 29.709726531989684 992.3851894380781 0 0 0 0 0 0 42 14 2 0 0 0 
1671017519.6908574 20.6763671875 29.822982894752794 992.3905128489324 0 0 0 0 0 0 42 14 2 0 0 0 
1671017524.82499 20.6763671875 29.722286949844573 992.4143572027389 0 0 0 0 0 0 36 12 2 0 0 0 
1671017529.9535708 20.6458984375 29.680926564759496 992.4272291643398 0 0 0 0 0 0 36 12 2 0 0 0 
1671017535.0874255 20.6611328125 29.633354587782865 992.4047982277515 0 0 0 0 0 0 36 12 2 0 0 0 
1671017540.2206957 20.6458984375 29.5978088713731 992.3820412052607 0 0 0 0 0 0 30 10 0 0 0 0 
1671017545.3502913 20.6458984375 29.692952059346297 992.3904175740108 0 0 0 0 0 0 30 10 0 0 0 0 
1671017550.4840772 20.6458984375 29.72876225731654 992.4137596784755 0 0 0 0 0 0 30 10 0 0 0 0 
1671017555.6149156 20.6458984375 29.80619374605631 992.3820412052607 0 0 0 0 0 0 30 10 0 0 0 0 
1671017560.747108 20.6458984375 29.705109672801704 992.4019738820175 0 0 0 0 0 0 30 10 0 0 0 0 
1671017565.8785658 20.6509765625 29.722816015453194 992.3921012308626 0 0 0 0 0 0 18 4 0 0 0 0 
1671017571.008017 20.6357421875 29.657672649571474 992.3707564119421 0 0 0 0 0 0 18 4 0 0 0 0 
1671017576.1395767 20.6357421875 29.639700746508336 992.3718973532569 0 0 0 0 0 0 18 4 0 0 0 0 
1671017581.272931 20.6458984375 29.87159950279832 992.3384959160524 0 0 0 0 0 0 18 4 0 0 0 0 
1671017586.403784 20.6509765625 29.942560664701148 992.345000469807 0 0 0 0 0 0 18 4 0 0 0 0 
1671017591.5371203 20.6560546875 29.76417593958381 992.4132167897515 0 0 0 0 0 0 18 4 0 0 0 0 
1671017596.6698194 20.6408203125 29.77025395967889 992.3885044045492 0 0 0 0 0 0 30 8 2 0 0 0 
1671017601.8040183 20.6408203125 29.65753966807736 992.3870502605167 0 0 0 0 0 0 30 8 2 0 0 0 
1671017606.938215 20.6458984375 29.77012224631389 992.3971942431609 0 0 0 0 0 0 30 8 2 0 0 0 
1671017612.0723302 20.6458984375 29.788355596293627 992.3702555130341 0 0 0 0 0 0 36 10 2 0 0 0 
1671017617.206177 20.6408203125 29.782146405361704 992.4118045898857 0 0 0 0 0 0 36 10 2 0 0 0 
1671017622.3400946 20.6560546875 29.84742329728205 992.3910567472795 0 0 0 0 0 0 36 10 2 0 0 0 
1671017627.4736612 20.6458984375 29.823769641078023 992.3635208333009 0 0 0 0 0 0 42 12 4 0 0 0 
1671017632.6073818 20.6408203125 29.81200856284972 992.3736228533203 0 0 0 0 0 0 42 12 4 0 0 0 
1671017637.7403705 20.6662109375 29.817429965650106 992.4126734630071 0 0 0 0 0 0 42 12 4 0 0 0 
1671017642.874149 20.6408203125 29.72876225731654 992.3767186154378 0 0 0 0 0 0 36 10 4 0 0 0 
1671017648.0075169 20.6560546875 29.84742329728205 992.4067534933683 0 0 0 0 0 0 45 13 6 0 0 0 
1671017653.1412094 20.6509765625 29.889176564086828 992.349507776848 0 0 0 0 0 0 45 11 6 0 0 0 
1671017658.2741754 20.6458984375 29.63348787559975 992.3932839057339 0 0 0 0 0 0 45 11 6 0 0 0 
1671017663.4074407 20.6458984375 29.94282011059946 992.3800859834055 0 0 0 0 0 0 45 11 6 0 0 0 
1671017668.542018 20.6357421875 29.74712871821231 992.3553323304237 0 0 0 0 0 0 24 4 4 0 0 0 
1671017673.6758265 20.6306640625 29.770780704823185 992.3662478837899 0 0 0 0 0 0 24 4 4 0 0 0 
1671017678.8097312 20.6001953125 29.90197974724258 992.388946896673 0 0 0 0 0 0 24 4 4 0 0 0 
1671017683.9426055 20.6052734375 29.717795690266325 992.3701569528956 0 0 0 0 0 0 24 4 4 0 0 0 
1671017689.0764496 20.5849609375 29.855460241210285 992.3737335147681 0 0 0 0 0 0 24 4 4 0 0 0 
1671017694.2066638 20.5849609375 30.027605496641915 992.4130572990716 0 0 0 0 0 0 24 4 4 0 0 0 
1671017699.3408048 20.5646484375 29.754524440407017 992.428748971433 0 0 0 0 0 0 18 2 2 0 0 0 
1671017704.4735382 20.5798828125 29.84951517373419 992.3838343941629 0 0 0 0 0 0 18 2 2 0 0 0 
1671017709.6073294 20.5849609375 29.74250219997093 992.3936653404526 0 0 0 0 0 0 18 2 2 0 0 0 
1671017714.74126 20.5798828125 29.808030542702696 992.3616789653842 0 0 0 0 0 0 18 2 2 0 0 0 
1671017719.8750353 20.5748046875 29.8493845126903 992.3720500351138 0 0 0 0 0 0 18 2 2 0 0 0 
1671017725.0083854 20.5798828125 29.778173561581884 992.3886148584997 0 0 0 0 0 0 18 2 2 0 0 0 
1671017730.142073 20.5900390625 29.914910350148762 992.3748767154502 0 0 0 0 0 0 45 15 6 0 0 0 
1671017735.2761967 20.5748046875 29.861144239271923 992.3785138964829 0 0 0 0 0 0 45 15 6 0 0 0 
1671017740.4100049 20.5798828125 29.682783941396046 992.3748767154502 0 0 0 0 0 0 45 15 6 0 0 0 
1671017745.5440805 20.5849609375 29.801691835462 992.3661888104001 0 0 0 0 0 0 45 15 6 0 0 0 
1671017750.6779873 20.5900390625 29.747788220814503 992.3639641917636 0 0 0 0 0 0 45 15 6 0 0 0 
1671017755.8117797 20.5697265625 29.813582398529217 992.3796569733662 0 0 0 0 0 0 45 15 6 0 0 0 
1671017760.9456642 20.5849609375 29.801691835462 992.3779734527506 0 0 0 0 0 0 45 15 6 0 0 0 
1671017766.0775614 20.5849609375 29.896685052599228 992.3462571085944 0 0 0 0 0 0 45 15 6 0 0 0 
1671017771.2119663 20.5951171875 29.819265603897243 992.3894878073834 0 0 0 0 0 0 30 10 4 0 0 0 
1671017776.3457556 20.5748046875 29.825603866114076 992.3412065918362 0 0 0 0 0 0 30 10 4 0 0 0 
1671017781.4799774 20.5798828125 29.777647566831455 992.3796569733662 0 0 0 0 0 0 30 10 4 0 0 0 
1671017786.6133149 20.5849609375 29.801691835462 992.356358144 0 0 0 0 0 0 30 10 4 0 0 0 
1671017791.7464883 20.5748046875 29.992193953760392 992.3700964300592 0 0 0 0 0 0 30 10 4 0 0 0 
1671017796.8817084 20.5595703125 29.849776463328237 992.3661259588869 0 0 0 0 0 0 30 10 4 0 0 0 
1671017802.0157356 20.5697265625 29.962728385232282 992.3521184498909 0 0 0 0 0 0 30 10 4 0 0 0 
1671017807.1495945 20.5900390625 29.890870055371117 992.3861207382616 0 0 0 0 0 0 30 10 4 0 0 0 
1671017812.282457 20.5798828125 29.825472920443815 992.3462571085944 0 0 0 0 0 0 57 15 2 0 0 0 
1671017817.4161086 20.5900390625 29.706565849430156 992.3709689306759 0 0 0 0 0 0 57 15 2 0 0 0 
1671017822.5502312 20.5849609375 29.730347592853807 992.3796569733662 0 0 0 0 0 0 57 15 2 0 0 0 
1671017827.6841207 20.5849609375 29.956395385275638 992.3928548767851 0 0 0 0 0 0 57 15 2 0 0 0 
1671017832.8179216 20.5646484375 29.754656174990444 992.3936653404526 0 0 0 0 0 0 57 15 2 0 0 0 
1671017837.9514635 20.5544921875 29.861796805854908 992.3422877969082 0 0 0 0 0 0 57 15 2 0 0 0 
1671017843.0855188 20.5544921875 29.64169741209222 992.3504349847062 0 0 0 0 0 0 57 15 2 0 0 0 
1671017848.21938 20.5494140625 29.998783361425193 992.3714459628126 0 0 0 0 0 0 57 15 2 0 0 0 
1671017853.3502572 20.5443359375 29.689789291068266 992.3531980160074 0 0 0 0 0 0 57 15 2 0 0 0 
1671017858.4838703 20.5494140625 29.743425148743036 992.3299000769125 0 0 0 0 0 0 63 17 2 0 0 0 
1671017863.6179807 20.52890625 29.80894814491713 992.3688875999059 0 0 0 0 0 0 63 17 2 0 0 0 
1671017868.7516222 20.51875 29.81515467448876 992.3708402478313 0 0 0 0 0 0 63 17 2 0 0 0 
1671017873.8802626 20.51875 29.761917335743135 992.3247833653094 0 0 0 0 0 0 78 22 2 0 0 0 
1671017879.0130923 20.52890625 29.92241253582376 992.3761594744167 0 0 0 0 0 0 78 22 2 0 0 0 
1671017884.1468694 20.513671875 30.094787917946814 992.4168287564617 0 0 0 0 0 0 78 22 2 0 0 0 
1671017889.281051 20.513671875 29.79163923475806 992.3665973907684 0 0 0 0 0 0 78 22 2 0 0 0 
1671017894.4145045 20.513671875 29.98198231426287 992.3545450110521 0 0 0 0 0 0 18 6 0 0 0 0 
1671017899.5487075 20.513671875 29.957818508724213 992.3295641453607 0 0 0 0 0 0 6 2 0 0 0 0 
1671017904.6828299 20.51875 29.874989430562835 992.3517164110202 0 0 0 0 0 0 6 2 0 0 0 0 
1671017909.8167927 20.51875 29.88067320024356 992.3593259014527 0 0 0 0 0 0 6 2 0 0 0 0 
1671017914.9503608 20.513671875 29.98198231426287 992.319464175215 0 0 0 0 0 0 6 2 0 0 0 0 
1671017920.084037 20.51875 29.862709944161093 992.330708843465 0 0 0 0 0 0 6 2 0 0 0 0 
1671017925.2177413 20.513671875 29.85108226142428 992.3562283542637 0 0 0 0 0 0 6 2 0 0 0 0 
1671017930.3541727 20.51875 29.779750506006636 992.344983147914 0 0 0 0 0 0 12 4 0 0 0 0 
1671017935.4888456 20.51875 29.839063070404297 992.347811638905 0 0 0 0 0 0 12 4 0 0 0 0 
1671017940.6220696 20.503515625 29.874859184115014 992.3533997269717 0 0 0 0 0 0 12 4 0 0 0 0 
1671017945.7551644 20.51875 29.75002850414323 992.2995336512155 0 0 0 0 0 0 6 2 0 0 0 0 
1671017950.888709 20.513671875 29.833118725001206 992.3511783248387 0 0 0 0 0 0 6 2 0 0 0 0 
1671017956.0216062 20.523828125 29.904450191022708 992.3340755551203 0 0 0 0 0 0 6 2 0 0 0 0 
1671017961.1552916 20.51875 29.85108226142428 992.3211475033978 0 0 0 0 0 0 6 2 0 0 0 0 
1671017966.2894046 20.51875 29.79771471998566 992.3447141052998 0 0 0 0 0 0 6 2 0 0 0 0 
1671017971.42329 20.50859375 30.112619360355787 992.3278808168283 0 0 0 0 0 0 6 2 0 0 0 0 
1671017976.5570128 20.503515625 29.90509965794578 992.3688183170215 0 0 0 0 0 0 24 6 2 0 0 0 
1671017981.6912606 20.493359375 30.000200499933896 992.3943363012327 0 0 0 0 0 0 24 6 2 0 0 0 
1671017986.8248951 20.483203125 29.929009686270298 992.3244445035936 0 0 0 0 0 0 24 6 2 0 0 0 
1671017991.9584167 20.493359375 30.083672096518804 992.334543986415 0 0 0 0 0 0 24 6 2 0 0 0 
1671017997.0919921 20.493359375 29.964801302458383 992.3244445035936 0 0 0 0 0 0 24 6 2 0 0 0 
1671018002.224847 20.48828125 29.994519386601848 992.3098325434248 0 0 0 0 0 0 18 4 0 0 0 0 
1671018007.3579457 20.483203125 29.875515315638967 992.3651106868846 0 0 0 0 0 0 18 4 0 0 0 0 
1671018012.4922318 20.478125 29.93534194357331 992.3339340607731 0 0 0 0 0 0 18 4 0 0 0 0 
1671018017.6262898 20.46796875 29.864018518416803 992.3454483423669 0 0 0 0 0 0 24 6 0 0 0 0 
1671018022.7600553 20.46796875 29.911827119628278 992.3325189382189 0 0 0 0 0 0 24 6 0 0 0 0 
1671018027.8943708 20.46796875 29.965059600363116 992.3608651583141 0 0 0 0 0 0 24 6 0 0 0 0 
1671018033.0277045 20.46796875 29.858335551430997 992.3642315467654 0 0 0 0 0 0 24 6 0 0 0 0 
1671018038.1617918 20.473046875 29.947229037138083 992.3875285413775 0 0 0 0 0 0 24 6 0 0 0 0 
1671018043.2947392 20.473046875 30.018550734758865 992.3322508677711 0 0 0 0 0 0 24 6 0 0 0 0 
1671018048.4287264 20.473046875 29.88184951352576 992.3853095124649 0 0 0 0 0 0 18 4 0 0 0 0 
1671018053.5627804 20.473046875 29.852261570100872 992.3022217202196 0 0 0 0 0 0 18 4 0 0 0 0 
1671018058.6964908 20.46796875 29.87616616670573 992.3524491884095 0 0 0 0 0 0 12 4 0 0 0 0 
1671018063.827983 20.46796875 29.923714021675966 992.3656468324376 0 0 0 0 0 0 12 4 0 0 0 0 
1671018068.9607852 20.473046875 29.947487702381594 992.351033915927 0 0 0 0 0 0 12 4 0 0 0 0 
1671018074.0959322 20.483203125 30.042196051117614 992.3465951056154 0 0 0 0 0 0 12 4 0 0 0 0 
1671018079.2275398 20.473046875 30.03638092779767 992.3538643786726 0 0 0 0 0 0 12 4 0 0 0 0 
1671018084.359998 20.483203125 29.810263120692962 992.3415454031015 0 0 0 0 0 0 12 4 0 0 0 0 
1671018089.4957948 20.478125 30.00653522354539 992.366793921965 0 0 0 0 0 0 18 6 0 0 0 0 
1671018094.6280503 20.473046875 29.88197960446127 992.3622804167265 0 0 0 0 0 0 18 6 0 0 0 0 
1671018099.7624888 20.46796875 30.05421102828992 992.3678657211857 0 0 0 0 0 0 18 6 0 0 0 0 
1671018104.8964944 20.46796875 29.816730422569858 992.2901710654488 0 0 0 0 0 0 18 6 0 0 0 0 
1671018110.027074 20.483203125 30.048011290204435 992.3651106868846 0 0 0 0 0 0 18 6 0 0 0 0 
1671018115.16113 20.46796875 29.99477700007915 992.3872606995878 0 0 0 0 0 0 18 6 0 0 0 0 
1671018120.2931643 20.462890625 29.98314791496568 992.3577666371914 0 0 0 0 0 0 18 6 0 0 0 0 
1671018125.4266975 20.46796875 30.006792541593835 992.3622804167265 0 0 0 0 0 0 18 6 0 0 0 0 
1671018130.5590503 20.462890625 29.911956846671774 992.3644993595746 0 0 0 0 0 0 18 6 0 0 0 0 
1671018135.6899426 20.452734375 29.918029882158894 992.3448368186213 0 0 0 0 0 0 18 6 0 0 0 0 
1671018140.822179 20.462890625 30.019064736680008 992.3462522282749 0 0 0 0 0 0 24 8 6 0 0 0 
1671018145.9555695 20.462890625 29.935471418498963 992.3513017278095 0 0 0 0 0 0 24 8 6 0 0 0 
1671018151.09022 20.462890625 29.888313182965852 992.3058562546554 0 0 0 0 0 0 24 8 6 0 0 0 
1671018156.2227101 20.4578125 30.001363951120755 992.3745984452471 0 0 0 0 0 0 24 8 6 0 0 0 
1671018161.350264 20.452734375 30.054723387640774 992.3395195632081 0 0 0 0 0 0 18 6 4 0 0 0 
1671018166.4839728 20.452734375 29.86466989148701 992.3885988144518 0 0 0 0 0 0 18 6 4 0 0 0 
1671018171.6172705 20.4375 29.924232317303296 992.345058613681 0 0 0 0 0 0 18 6 4 0 0 0 
1671018176.7490685 20.42734375 30.055363593145323 992.3983028959857 0 0 0 0 0 0 24 8 6 0 0 0 
1671018181.8834152 20.442578125 29.888573130464266 992.3736717508609 0 0 0 0 0 0 24 8 6 0 0 0 
1671018187.0174782 20.452734375 29.94774632430177 992.3352273724867 0 0 0 0 0 0 24 8 6 0 0 0 
1671018192.14901 20.452734375 29.959891134007083 992.3787211301081 0 0 0 0 0 0 30 10 8 0 0 0 
1671018197.2803984 20.4578125 29.929916489862066 992.3953314333902 0 0 0 0 0 0 30 10 8 0 0 0 
1671018202.413732 20.44765625 30.090381668449304 992.3599851964442 0 0 0 0 0 0 30 10 8 0 0 0 
1671018207.5450695 20.44765625 30.120223929640954 992.4037472086368 0 0 0 0 0 0 30 10 8 0 0 0 
1671018212.6786792 20.44765625 29.840896456335102 992.3902358472629 0 0 0 0 0 0 30 10 8 0 0 0 
1671018217.8094435 20.442578125 29.97759146189173 992.3734504259306 0 0 0 0 0 0 30 10 8 0 0 0 
1671018222.9393601 20.432421875 30.09063696187503 992.3907700782714 0 0 0 0 0 0 45 15 0 0 0 0 
1671018228.0657895 20.432421875 30.037535340533477 992.3845715269448 0 0 0 0 0 0 45 15 0 0 0 0 
1671018233.1915462 20.42734375 30.15044604438955 992.352859949106 0 0 0 0 0 0 24 8 0 0 0 0 
1671018238.3247721 20.42734375 30.10884779581623 992.3809384316011 0 0 0 0 0 0 24 8 0 0 0 0 
1671018243.4572225 20.4171875 30.073447348983716 992.3769563334278 0 0 0 0 0 0 24 8 0 0 0 0 
1671018248.58863 20.422265625 30.13856088191559 992.3730568080933 0 0 0 0 0 0 24 8 0 0 0 0 
1671018253.7220452 20.412109375 30.067376915213526 992.3766896975238 0 0 0 0 0 0 24 8 0 0 0 0 
1671018258.8519964 20.412109375 30.22807663748738 992.3469283049516 0 0 0 0 0 0 24 8 0 0 0 0 
1671018263.984566 20.422265625 29.847752735332115 992.378639378485 0 0 0 0 0 0 24 8 0 0 0 0 
1671018269.1187975 20.412109375 29.972551157200208 992.3298311002123 0 0 0 0 0 0 24 8 0 0 0 0 
1671018274.2529993 20.40703125 30.120860316887494 992.3601258867014 0 0 0 0 0 0 24 8 0 0 0 0 
1671018279.3873324 20.412109375 29.913123902669525 992.3918372275923 0 0 0 0 0 0 18 6 0 0 0 0 
1671018284.520616 20.40703125 30.150826752721294 992.3488779828499 0 0 0 0 0 0 18 6 0 0 0 0 
1671018289.6539502 20.401953125 29.996579081388624 992.3659745561771 0 0 0 0 0 0 18 6 0 0 0 0 
1671018294.783755 20.396875 30.008721046056877 992.356142908984 0 0 0 0 0 0 18 6 0 0 0 0 
1671018299.9166224 20.38671875 29.996836348285576 992.3712898206893 0 0 0 0 0 0 18 6 0 0 0 0 
1671018305.050668 20.38671875 30.198870618526925 992.3712898206893 0 0 0 0 0 0 66 16 6 0 0 0 
1671018310.1837506 20.381640625 30.234774240153403 992.3665070334356 0 0 0 0 0 0 66 16 6 0 0 0 
1671018315.3173525 20.381640625 30.104179271404217 992.3412623902789 0 0 0 0 0 0 66 16 6 0 0 0 
1671018320.4512596 20.381640625 30.06852727342803 992.3535754785339 0 0 0 0 0 0 60 18 6 0 0 0 
1671018325.5845196 20.3765625 29.97952444966586 992.3465775549423 0 0 0 0 0 0 60 18 6 0 0 0 
1671018330.7175882 20.401953125 30.050061129498253 992.3539270333079 0 0 0 0 0 0 60 18 6 0 0 0 
1671018335.8506467 20.396875 30.014278078905264 992.3471949661706 0 0 0 0 0 0 60 18 6 0 0 0 
1671018340.9848225 20.401953125 30.020477348443467 992.338779883822 0 0 0 0 0 0 60 18 6 0 0 0 
1671018346.118255 20.391796875 29.984951609397577 992.3457785149639 0 0 0 0 0 0 60 18 6 0 0 0 
1671018351.2523184 20.38671875 29.93741224267862 992.352776929374 0 0 0 0 0 0 60 18 6 0 0 0 
1671018356.3866508 20.38671875 29.985209106739863 992.3662408494915 0 0 0 0 0 0 60 18 6 0 0 0 
1671018361.5204349 20.391796875 30.282308400301257 992.3735049612719 0 0 0 0 0 0 60 18 6 0 0 0 
1671018366.654265 20.391796875 30.163345076390844 992.3530432217947 0 0 0 0 0 0 60 18 6 0 0 0 
1671018371.7886703 20.38671875 30.270299463633627 992.3378964390463 0 0 0 0 0 0 60 18 6 0 0 0 
1671018376.922748 20.3765625 30.187239422168602 992.3297479350742 0 0 0 0 0 0 60 18 6 0 0 0 
1671018382.0605557 20.36640625 30.29456732631866 992.3336462219272 0 0 0 0 0 0 54 16 6 0 0 0 
1671018387.197066 20.35625 30.140338603090157 992.3310781590656 0 0 0 0 0 0 75 18 4 0 0 0 
1671018392.331421 20.361328125 30.211511375585903 992.3324952404182 0 0 0 0 0 0 87 22 4 0 0 0 
1671018397.4649618 20.371484375 30.235151781852164 992.3302803527507 0 0 0 0 0 0 87 22 4 0 0 0 
1671018402.59927 20.3765625 30.145899675115714 992.3283312505513 0 0 0 0 0 0 87 22 4 0 0 0 
1671018407.7323515 20.3765625 30.06232954156633 992.3398457061562 0 0 0 0 0 0 87 22 4 0 0 0 
1671018412.865423 20.381640625 30.116063188501887 992.3213331277617 0 0 0 0 0 0 87 22 4 0 0 0 
1671018417.9985037 20.381640625 30.187239422168602 992.3078694396969 0 0 0 0 0 0 87 22 4 0 0 0 
1671018423.1321812 20.3765625 30.145772801372893 992.348526631679 0 0 0 0 0 0 75 18 2 0 0 0 
1671018428.2662396 20.3765625 30.282559010696108 992.3014040913731 0 0 0 0 0 0 75 18 2 0 0 0 
1671018433.3997014 20.3765625 30.026804554783133 992.3429453660001 0 0 0 0 0 0 75 18 2 0 0 0 
1671018438.5337198 20.381640625 30.08002836923405 992.3224831254685 0 0 0 0 0 0 75 18 2 0 0 0 
1671018443.6669316 20.381640625 30.03843261059958 992.3412623902789 0 0 0 0 0 0 75 18 2 0 0 0 
1671018448.8001413 20.381640625 30.068143918162928 992.3224831254685 0 0 0 0 0 0 75 18 2 0 0 0 
1671018453.9344614 20.391796875 30.21100691339062 992.2910398359074 0 0 0 0 0 0 75 18 2 0 0 0 
1671018459.0687897 20.401953125 30.050445165698918 992.3306314906603 0 0 0 0 0 0 75 18 2 0 0 0 
1671018464.202999 20.391796875 30.103924533315734 992.2820914221622 0 0 0 0 0 0 75 18 2 0 0 0 
1671018469.3370538 20.38671875 30.116063188501887 992.2977716765844 0 0 0 0 0 0 54 16 4 0 0 0 
1671018474.4643588 20.396875 30.24602907342535 992.2998034866423 0 0 0 0 0 0 54 16 4 0 0 0 
1671018479.5984967 20.401953125 30.103542344956534 992.2989212936462 0 0 0 0 0 0 54 16 2 0 0 0 
1671018484.730272 20.396875 30.091785246193247 992.2835074512633 0 0 0 0 0 0 54 16 2 0 0 0 
1671018489.861634 20.4171875 30.11529966552123 992.2930713742154 0 0 0 0 0 0 54 16 2 0 0 0 
1671018494.9945772 20.4171875 30.156388610205294 992.3009521321275 0 0 0 0 0 0 48 14 2 0 0 0 
1671018500.1275892 20.422265625 30.043734381833026 992.2737556816775 0 0 0 0 0 0 48 14 2 0 0 0 
1671018505.2609565 20.412109375 30.10316005912555 992.302635187598 0 0 0 0 0 0 48 14 2 0 0 0 
1671018510.3951237 20.422265625 30.281430922790552 992.2490451136515 0 0 0 0 0 0 48 14 2 0 0 0 
1671018515.529298 20.442578125 29.906662263649693 992.2392901509293 0 0 0 0 0 0 48 14 2 0 0 0 
