timestamp temperature humidity pressure pm10_standard pm25_standard pm100_standard pm10_env pm25_env pm100_env particles_03um particles_05um particles_10um particles_25um particles_50um particles_100um
1644069746.2632737 20.6357421875 23.557997787621105 992.7478910308791 3 5 5 3 5 5 828 243 45 2 0 0 
1644069751.416561 20.6306640625 23.581215035518508 992.6918377732312 3 6 6 3 6 6 879 260 50 0 0 0 
1644069756.5648327 20.6255859375 23.58778048390328 992.648825081105 3 6 6 3 6 6 879 260 50 0 0 0 
1644069761.7137718 20.6255859375 23.545881259181062 992.7055313355635 4 7 7 4 7 7 879 260 50 0 0 0 
1644069766.8632832 20.6154296875 23.790095435024636 992.7144865810235 4 7 7 4 7 7 948 281 52 0 0 0 
1644069772.0132816 20.6255859375 23.623721853857592 992.759944604841 4 7 7 4 7 7 948 281 52 0 0 0 
1644069777.1628072 20.6357421875 23.742445246804216 992.7697784156481 4 7 7 4 7 7 948 281 52 0 0 0 
1644069782.306895 20.6255859375 23.784139197512236 992.7195374700401 3 6 6 3 6 6 912 276 55 0 0 0 
1644069787.4540298 20.6205078125 23.504184427261073 992.7279556198005 3 6 6 3 6 6 912 276 55 0 0 0 
1644069792.6043267 20.391796875 23.74284745789563 992.7447919245684 3 6 6 3 6 6 912 276 55 0 0 0 
1644069797.7538168 20.6154296875 23.873880868555904 992.763579791845 3 6 6 3 6 6 921 274 53 0 0 0 
1644069802.9071805 20.6103515625 23.86236836623402 992.7674824932785 3 6 6 3 6 6 921 274 53 0 0 0 
1644069808.0607166 20.6001953125 23.755362614994016 992.7783861735446 3 6 6 3 6 6 921 274 53 0 0 0 
1644069813.2132766 20.6001953125 23.749205660338344 992.8168409040345 4 6 6 4 6 6 987 293 50 0 0 0 
1644069818.366244 20.5951171875 23.648355992152155 992.7550838178119 5 7 7 5 7 7 987 293 50 0 0 0 
1644069823.5229597 20.5849609375 23.767676048726944 992.7682848700613 5 7 7 5 7 7 987 293 50 0 0 0 
1644069828.676424 20.5951171875 23.731739924127528 992.7331978524696 4 7 7 4 7 7 987 286 55 0 0 0 
1644069833.8320074 20.5951171875 23.511363726096555 992.7598671190823 3 6 6 3 6 6 987 286 55 0 0 0 
1644069838.9855373 20.5951171875 23.636646119552253 992.7890215246047 3 6 6 3 6 6 987 286 55 0 0 0 
1644069844.1298354 20.5900390625 23.690451527465864 992.8185244700298 3 6 6 3 6 6 945 272 55 0 0 0 
1644069849.2775877 20.5798828125 23.76807755829638 992.7923885729215 4 7 7 4 7 7 945 272 55 0 0 0 
1644069854.428259 20.5798828125 23.595359227946304 992.7300982243526 4 7 7 4 7 7 945 272 55 0 0 0 
1644069859.5752697 20.5697265625 23.67298759388527 992.6717105155069 4 6 6 4 6 6 909 262 48 0 0 0 
1644069864.722154 20.5494140625 23.852055022594314 992.6484094118938 4 6 6 4 6 6 909 262 48 0 0 0 
1644069869.872287 20.5849609375 23.613429567167827 992.714946532424 3 5 5 3 5 5 909 262 48 0 0 0 
1644069875.02257 20.5748046875 23.631297083203716 992.7766205446793 3 5 5 3 5 5 993 285 46 0 0 0 
1644069880.1725163 20.5646484375 23.67298759388527 992.8114405982986 3 5 5 3 5 5 993 285 46 0 0 0 
1644069885.3172414 20.5748046875 23.708721916107024 992.7424172441623 3 5 5 3 5 5 993 285 46 0 0 0 
1644069890.4637861 20.5748046875 23.76867974122221 992.8299590791702 3 5 5 3 5 5 993 290 42 0 0 0 
1644069895.6203763 20.5595703125 23.58425870684299 992.8723125421177 3 5 5 3 5 5 993 290 42 0 0 0 
1644069900.7736971 20.5544921875 23.905851479167346 992.7575687020707 3 5 5 3 5 5 993 290 42 0 0 0 
1644069905.9265273 20.5646484375 23.691056421916958 992.76935317325 5 6 6 5 6 6 999 294 33 0 0 0 
1644069911.072647 20.5646484375 23.649568698753768 992.8078070029774 5 6 6 5 6 6 999 294 33 0 0 0 
1644069916.2223597 20.5646484375 23.720633274546156 992.7443677447659 5 6 6 5 6 6 999 294 33 0 0 0 
1644069921.3703346 20.5646484375 23.721438318066337 992.7154813329821 3 5 5 3 5 5 957 280 35 0 0 0 
1644069926.5165293 20.5697265625 23.56023271651 992.6770285400204 3 5 5 3 5 5 957 280 35 0 0 0 
1644069931.673218 20.5646484375 23.560435826715263 992.7258494523039 3 5 5 3 5 5 957 280 35 0 0 0 
1644069936.8282256 20.5443359375 23.6857057679077 992.7651028853174 3 6 6 3 6 6 951 275 37 2 0 0 
1644069941.9812331 20.5494140625 23.72103581802088 992.7482683364583 3 6 6 3 6 6 951 275 37 2 0 0 
1644069947.1345012 20.5494140625 23.905278136175692 992.7970885474201 3 6 6 3 6 6 951 275 37 2 0 0 
1644069952.2892375 20.5443359375 23.62039753233071 992.883210488412 3 6 6 3 6 6 951 273 35 2 0 0 
1644069957.438999 20.5595703125 23.697012068450892 992.768203199124 4 7 7 4 7 7 951 273 35 2 0 0 
1644069962.5920334 20.5697265625 23.590011634438156 992.7294834320921 4 7 7 4 7 7 951 273 35 2 0 0 
1644069967.7479732 20.5544921875 23.63765736818832 992.7230165262845 4 6 6 4 6 6 921 261 33 2 0 0 
1644069972.9028301 20.5443359375 23.632106248314983 992.7412677050977 4 6 6 4 6 6 921 261 33 2 0 0 
1644069978.0566356 20.5544921875 23.667637491131426 992.7042314300502 3 5 5 3 5 5 921 261 33 2 0 0 
1644069983.2101142 20.5697265625 23.750813347175782 992.7253150333913 3 6 6 3 6 6 948 275 33 2 0 0 
1644069988.3635888 20.5595703125 23.66147998817038 992.7292164139403 3 6 6 3 6 6 948 275 33 2 0 0 
1644069993.5209112 20.5646484375 23.673391236438153 992.7275329330872 3 6 6 3 6 6 948 275 33 2 0 0 
1644069998.6740098 20.5646484375 23.637455140176495 992.7342668569192 4 7 7 4 7 7 1089 317 35 2 0 0 
1644070003.8271236 20.5798828125 23.67298759388527 992.7525182154718 4 7 7 4 7 7 1089 317 35 2 0 0 
1644070008.9805279 20.5494140625 23.727192531186386 992.7519018686327 4 7 7 4 7 7 1089 317 35 2 0 0 
1644070014.1366456 20.5544921875 23.875676680806837 992.7011316368641 5 7 7 5 7 7 1110 329 44 2 0 0 
1644070019.2901406 20.5595703125 23.727192531186386 992.6070472743633 5 7 7 5 7 7 1110 329 44 2 0 0 
1644070024.4415882 20.5544921875 23.69781816761156 992.6710967756685 5 7 7 5 7 7 1110 329 44 2 0 0 
1644070029.59202 20.5494140625 23.727192531186386 992.7496850450574 4 7 7 4 7 7 1059 313 42 2 0 0 
1644070034.7462616 20.5494140625 23.745661719526666 992.7651028853174 4 7 7 4 7 7 1059 313 42 2 0 0 
1644070039.9001307 20.5392578125 23.447888079770465 992.7235501238232 4 7 7 4 7 7 1059 313 42 2 0 0 
1644070045.053803 20.5341796875 23.73990750469435 992.7560678818577 4 6 6 4 6 6 1029 298 37 2 0 0 
1644070050.207656 20.5341796875 23.698221152047378 992.7375504797799 4 6 6 4 6 6 1029 298 37 2 0 0 
1644070055.3602092 20.5341796875 23.8530536355156 992.6735813377179 4 6 6 4 6 6 1029 298 37 2 0 0 
1644070060.5134978 20.51875 23.693072031019813 992.6990989219105 4 6 6 4 6 6 930 265 41 2 0 0 
1644070065.666876 20.523828125 23.669252089728012 992.7395001732947 5 7 7 5 7 7 930 265 41 2 0 0 
1644070070.8214269 20.523828125 23.472935337999147 992.7138969129458 5 7 7 5 7 7 930 265 41 2 0 0 
1644070075.9740443 20.51875 23.752821978576176 992.7992155376764 5 7 7 5 7 7 945 272 39 2 0 0 
1644070081.1237688 20.513671875 23.77048570371634 992.8210990686265 4 6 6 4 6 6 945 272 39 2 0 0 
1644070086.2789366 20.513671875 23.69942984477694 992.8547660623984 4 6 6 4 6 6 945 272 39 2 0 0 
1644070091.4335775 20.513671875 23.66390258009672 992.863447681243 4 5 6 4 5 6 936 268 34 2 2 0 
1644070096.5879238 20.4984375 23.723249030834104 992.6047481656599 4 5 6 4 5 6 936 268 34 2 2 0 
1644070101.7430258 20.493359375 23.682379502584155 992.5802130342917 4 5 6 4 5 6 936 268 34 2 2 0 
1644070106.8881786 20.48828125 23.670672051370758 992.7079610405791 4 5 6 4 5 6 936 265 34 2 2 0 
1644070112.0360405 20.493359375 23.765534143472422 992.7169083386841 4 5 6 4 5 6 936 265 34 2 2 0 
1644070117.185237 20.493359375 23.646651894331598 992.7868100579819 5 6 7 5 6 7 936 265 34 2 2 0 
1644070122.3320496 20.4984375 23.521187636647966 992.734627999941 4 5 7 4 5 7 900 258 32 2 2 0 
1644070127.4853659 20.50859375 23.616263770214914 992.7141627670063 4 5 7 4 5 7 900 258 32 2 2 0 
1644070132.6377249 20.513671875 23.7345555010937 992.6743814770139 4 5 7 4 5 7 900 258 32 2 2 0 
1644070137.7840316 20.503515625 23.67561049416598 992.6951143132114 3 4 6 3 4 6 879 254 29 4 2 0 
1644070142.93269 20.48828125 23.533300905067986 992.7124794632093 3 4 6 3 4 6 879 254 29 4 2 0 
1644070148.0757854 20.483203125 23.711943246013835 992.7427789422567 3 4 6 3 4 6 879 254 29 4 2 0 
1644070153.2243981 20.493359375 23.593262391239158 992.7264770855585 3 4 5 3 4 5 780 226 29 4 2 0 
1644070158.3720975 20.483203125 23.75998873046534 992.7171736321023 3 4 5 3 4 5 780 226 29 4 2 0 
1644070163.5254707 20.483203125 23.61708093330434 992.7202748381457 3 4 5 3 4 5 780 226 29 4 2 0 
1644070168.6767397 20.493359375 23.664306193411832 992.7382600276782 2 4 5 2 4 5 831 229 24 4 2 0 
1644070173.8261807 20.4984375 23.62857797203636 992.752878773641 2 4 5 2 4 5 831 229 24 4 2 0 
1644070178.9782584 20.493359375 23.605171682838595 992.7618259221978 2 4 5 2 4 5 831 229 24 4 2 0 
1644070184.126413 20.493359375 23.521391086586668 992.7831782829 2 4 5 2 4 5 798 222 26 4 2 0 
1644070189.273927 20.493359375 23.52180577783502 992.7596119959626 2 4 5 2 4 5 798 222 26 4 2 0 
1644070194.4240139 20.493359375 23.65239682742229 992.7396778735886 2 4 5 2 4 5 798 222 26 4 2 0 
1644070199.5722861 20.48828125 23.51543616192015 992.7262115452606 2 3 5 2 3 5 792 213 24 4 2 0 
1644070204.7201874 20.48828125 23.640697256963367 992.7379945823028 2 3 5 2 3 5 792 213 24 4 2 0 
1644070209.870421 20.483203125 23.664919292068912 992.7306395231443 2 3 5 2 3 5 792 213 24 4 2 0 
1644070215.0189707 20.483203125 23.533918595785565 992.7270078379075 2 3 5 2 3 5 822 220 24 4 2 0 
1644070220.16653 20.483203125 23.831840086805148 992.7037077455358 2 3 5 2 3 5 822 220 24 4 2 0 
1644070225.3164449 20.483203125 23.670873750916055 992.6854576004672 3 4 6 3 4 6 822 220 24 4 2 0 
1644070230.4676874 20.483203125 23.628990142636393 992.7399433054036 3 4 6 3 4 6 786 211 29 4 2 0 
1644070235.6148207 20.478125 23.74252731938109 992.7957563844825 3 4 6 3 4 6 786 211 29 4 2 0 
1644070240.771609 20.493359375 23.634742609311473 992.8392568149826 3 4 6 3 4 6 786 211 29 4 2 0 
1644070245.926073 20.4984375 23.67621551826576 992.8168444308739 4 5 5 4 5 5 810 223 27 2 0 0 
1644070251.0760858 20.503515625 23.61666848263997 992.585124435313 4 5 5 4 5 5 810 223 27 2 0 0 
1644070256.227514 20.483203125 23.55157954671331 992.6641958769928 4 5 5 4 5 5 810 223 27 2 0 0 
1644070261.3800952 20.493359375 23.56944368463921 992.6664108803295 4 5 5 4 5 5 858 245 34 2 0 0 
1644070266.5324354 20.48828125 23.402503329633745 992.6964437822376 4 5 5 4 5 5 858 245 34 2 0 0 
1644070271.6847923 20.4984375 23.497782875028108 992.675446797367 4 5 5 4 5 5 858 245 34 2 0 0 
1644070276.8383143 20.503515625 23.509277639632398 992.6684473688423 4 6 6 4 6 6 867 250 36 2 0 0 
1644070281.9892898 20.4984375 23.634330556609907 992.6905965202112 4 6 6 4 6 6 867 250 36 2 0 0 
1644070287.1391413 20.503515625 23.503118958803118 992.7023796418955 4 6 6 4 6 6 867 250 36 2 0 0 
1644070292.284827 20.503515625 23.56903011369825 992.6451473686724 3 5 7 3 5 7 837 235 36 2 2 2 
1644070297.43242 20.4984375 23.694079428417364 992.6771300996255 3 5 7 3 5 7 837 235 36 2 2 2 
1644070302.5856736 20.493359375 23.509277639632398 992.6757128538935 3 5 7 3 5 7 837 235 36 2 2 2 
1644070307.7381592 20.493359375 23.580939767637105 992.7514609145468 3 5 6 3 5 6 795 223 34 2 2 2 
1644070312.8862998 20.483203125 23.724262336479928 992.7556230993786 3 5 6 3 5 6 795 223 34 2 2 2 
1644070318.0389097 20.483203125 23.593059787805785 992.7385253636378 3 5 6 3 5 6 795 223 34 2 2 2 
1644070323.1883302 20.483203125 23.616878604653845 992.7567760865039 3 5 6 3 5 6 729 211 39 2 2 2 
1644070328.331858 20.493359375 23.533715316236606 992.4772255412847 3 5 6 3 5 6 729 211 39 2 2 2 
1644070333.4820096 20.503515625 23.55691738087531 992.7194783827753 3 5 6 3 5 6 729 211 39 2 2 2 
1644070338.6319988 20.483203125 23.587307730014306 992.7228449638781 3 5 7 3 5 7 735 213 44 2 2 2 
1644070343.7748203 20.493359375 23.462053354014987 992.7590809106782 3 5 7 3 5 7 735 213 44 2 2 2 
1644070348.9211006 20.483203125 23.735970220816014 992.590398390958 3 5 7 3 5 7 735 213 44 2 2 2 
1644070354.066426 20.493359375 23.474167212891764 992.693963126057 3 5 7 3 5 7 756 232 46 2 2 2 
1644070359.2174182 20.503515625 23.438233467666397 992.7708642422792 3 5 7 3 5 7 756 232 46 2 2 2 
1644070364.3683865 20.50859375 23.437816793671214 992.703530965003 3 5 7 3 5 7 756 232 46 2 2 2 
1644070369.521479 20.503515625 23.563075271302964 992.727894836057 4 6 7 4 6 7 768 239 44 2 2 2 
1644070374.6735084 20.483203125 23.527346000969278 992.7057462487204 4 6 7 4 6 7 768 239 44 2 2 2 
1644070379.82669 20.4984375 23.503737759204153 992.7270078379075 4 6 7 4 6 7 768 239 44 2 2 2 
1644070384.979678 20.493359375 23.56903011369825 992.7247938083925 3 5 7 3 5 7 747 232 39 2 2 2 
1644070390.136029 20.483203125 23.41441341677926 992.770772363633 3 5 7 3 5 7 747 232 39 2 2 2 
1644070395.2886624 20.483203125 23.676828199480006 992.7272730499641 3 5 7 3 5 7 747 232 39 2 2 2 
1644070400.4422069 20.2951171875 23.55381275751918 992.6933428502866 3 5 7 3 5 7 717 217 37 2 2 2 
1644070405.5946252 20.46796875 23.65260652141617 992.7158460708733 3 5 7 3 5 7 717 217 37 2 2 2 
1644070410.7462132 20.493359375 23.539466848303597 992.6487802442331 3 5 7 3 5 7 717 217 37 2 2 2 
1644070415.9001992 20.483203125 23.533715316236606 992.6737634951784 3 5 6 3 5 6 696 210 34 2 2 2 
1644070421.053743 20.4984375 23.390380368341464 992.703530965003 3 5 6 3 5 6 696 210 34 2 2 2 
1644070426.20648 20.503515625 23.438021205420167 992.7441966373386 3 5 6 3 5 6 696 210 34 2 2 2 
1644070431.363638 20.493359375 23.46184137714582 992.764661913438 3 6 7 3 6 7 759 229 41 2 2 2 
1644070436.5168777 20.48828125 23.426111057853916 992.7517262514395 3 6 7 3 6 7 759 229 41 2 2 2 
1644070441.6706078 20.48828125 23.56903011369825 992.810905785885 3 6 7 3 6 7 759 229 41 2 2 2 
1644070446.8242555 20.493359375 23.497782875028108 992.7480943310662 4 6 6 4 6 6 783 241 39 0 0 0 
1644070451.97726 20.503515625 23.443771920730754 992.73409672669 4 6 6 4 6 6 783 241 39 0 0 0 
1644070457.1305003 20.503515625 23.681766964110196 992.7141627670063 4 6 6 4 6 6 783 241 39 0 0 0 
1644070462.2843513 20.50859375 23.44952275230297 992.7352483611306 4 6 6 4 6 6 840 253 39 0 0 0 
1644070467.4377828 20.513671875 23.526532410861268 992.7324134084935 4 6 6 4 6 6 840 253 39 0 0 0 
1644070472.5915213 20.513671875 23.461024764229787 992.7501325887538 4 6 6 4 6 6 840 253 39 0 0 0 
1644070477.7450013 20.513671875 23.5326909348705 992.7860142450872 4 6 6 4 6 6 897 269 34 0 0 0 
1644070482.8960485 20.452734375 23.41317732776329 992.7136309494608 4 6 6 4 6 6 897 269 34 0 0 0 
1644070488.048981 20.513671875 23.377444453721264 992.69458175963 4 6 6 4 6 6 897 269 34 0 0 0 
1644070493.2024598 20.523828125 23.59738604530683 992.6741148733507 4 6 6 4 6 6 891 264 29 2 0 0 
1644070498.3549452 20.5341796875 23.597588667324594 992.728866997155 4 6 6 4 6 6 891 264 29 2 0 0 
1644070503.5085576 20.52890625 23.531877489259713 992.7161991458438 4 6 6 4 6 6 891 264 29 2 0 0 
1644070508.6623535 20.5341796875 23.478482650054932 992.70751584596 4 6 7 4 6 7 918 271 31 2 0 0 
1644070513.8165271 20.523828125 23.389150437206048 992.7243496993044 4 6 7 4 6 7 918 271 31 2 0 0 
1644070518.9688845 20.523828125 23.317683000705014 992.7327666285996 4 6 7 4 6 7 918 271 31 2 0 0 
1644070524.118579 20.5392578125 23.388330265939757 992.6974155373103 4 6 6 4 6 6 906 260 29 2 0 0 
1644070529.2717557 20.5392578125 23.38812519597617 992.7560678818577 4 6 6 4 6 6 906 260 29 2 0 0 
1644070534.418402 20.5494140625 23.34622807156417 992.7822038200419 4 6 6 4 6 6 906 260 29 2 0 0 
1644070539.5658824 20.5544921875 23.608283972151945 992.6811974034758 4 6 7 4 6 7 927 267 29 2 0 0 
1644070544.7174878 20.5544921875 23.304741566633954 992.7095489006268 4 6 7 4 6 7 927 267 29 2 0 0 
1644070549.8660648 20.5443359375 23.31644773182663 992.6677299002923 4 6 7 4 6 7 927 267 29 2 0 0 
1644070555.015107 20.5443359375 23.518745390443268 992.6267920552581 4 6 7 4 6 7 942 274 33 2 0 0 
1644070560.1633477 20.5646484375 23.35177308996641 992.6718979406064 4 6 7 4 6 7 942 274 33 2 0 0 
1644070565.3141806 20.5798828125 23.399217139633528 992.7070638644108 4 6 7 4 6 7 942 274 33 2 0 0 
1644070570.4636118 20.5900390625 23.38689454815952 992.70121069362 4 6 6 4 6 6 900 257 31 2 0 0 
1644070575.612605 20.5951171875 23.350539773295708 992.6627574147075 4 6 6 4 6 6 900 257 31 2 0 0 
1644070580.757211 20.6001953125 23.410309967667907 992.693940775334 4 6 6 4 6 6 900 257 31 2 0 0 
1644070585.9067905 20.5951171875 23.35074535322162 992.6352846090707 4 5 5 4 5 5 807 228 26 2 0 0 
1644070591.0540752 20.5951171875 23.237362865935932 992.7767026227893 4 5 5 4 5 5 807 228 26 2 0 0 
1644070596.200181 20.5900390625 23.3501285808669 992.7747517768896 4 5 5 4 5 5 807 228 26 2 0 0 
1644070601.348621 20.5849609375 23.261603102165186 992.6793247573788 3 4 5 3 4 5 771 216 26 2 0 0 
1644070606.4918709 20.5849609375 23.422018011627976 992.6024191452971 3 4 5 3 4 5 771 216 26 2 0 0 
1644070611.6438243 20.5849609375 23.30329903962439 992.6557553008014 3 4 5 3 4 5 771 216 26 2 0 0 
1644070616.7937543 20.5900390625 23.279472851376624 992.7115794905428 3 4 5 3 4 5 765 216 26 2 0 0 
1644070621.9468212 20.5849609375 23.30309292090052 992.7721862872171 3 4 5 3 4 5 765 216 26 2 0 0 
1644070627.0996299 20.5849609375 23.29159221135803 992.7382484588071 3 4 5 3 4 5 765 216 26 2 0 0 
1644070632.2511613 20.5849609375 23.112476607046627 992.756767354097 3 4 5 3 4 5 774 209 26 4 0 0 
1644070637.4060256 20.5697265625 23.482194251254096 992.7643026851821 3 4 5 3 4 5 774 209 26 4 0 0 
1644070642.5590804 20.5748046875 23.232233834946385 992.7306327808176 3 4 5 3 4 5 774 209 26 4 0 0 
1644070647.7113383 20.5697265625 23.208407702557857 992.7017459300723 4 5 5 4 5 5 843 228 24 2 0 0 
1644070652.8664567 20.5646484375 23.208407702557857 992.7354160818679 4 5 5 4 5 5 843 228 24 2 0 0 
1644070658.0196779 20.5748046875 23.327536718471443 992.7199970957706 4 5 5 4 5 5 843 228 24 2 0 0 
1644070663.1721694 20.5595703125 23.21457136787907 992.7763539062264 3 4 4 3 4 4 831 214 20 2 0 0 
1644070668.3275356 20.5697265625 23.452617756333815 992.7643026851821 3 4 4 3 4 4 831 214 20 2 0 0 
1644070673.480868 20.5798828125 23.47007774826589 992.7368323114729 3 4 4 3 4 4 831 214 20 2 0 0 
1644070678.633701 20.5646484375 23.196079896202072 992.7250476597468 4 5 5 4 5 5 867 230 22 2 0 0 
1644070683.7900908 20.5798828125 23.208407702557857 992.6933283964955 4 5 5 4 5 5 867 230 22 2 0 0 
1644070688.9430704 20.5849609375 23.285635727860637 992.7104308516296 4 5 5 4 5 5 867 230 22 2 0 0 
1644070694.0961957 20.5748046875 23.31562400205835 992.7323162753713 4 5 5 4 5 5 861 230 20 2 0 0 
1644070699.2491477 20.5798828125 23.237983489516463 992.7575687020707 4 5 5 4 5 5 861 230 20 2 0 0 
1644070704.401318 20.5849609375 23.339449393733805 992.7575687020707 4 5 5 4 5 5 861 230 20 2 0 0 
1644070709.5520496 20.432421875 23.50622252658069 992.6772959785525 4 5 5 4 5 5 876 238 20 2 0 0 
1644070714.7053776 20.5646484375 23.327536718471443 992.7337325736137 4 5 5 4 5 5 876 238 20 2 0 0 
1644070719.8520262 20.5748046875 23.10714480355548 992.7289492863338 4 5 5 4 5 5 876 238 20 2 0 0 
1644070725.0087826 20.5646484375 23.179039852871504 992.7272657919202 4 5 5 4 5 5 912 245 20 2 0 0 
1644070730.1625314 20.5748046875 23.36306921086917 992.6748098287819 4 5 5 4 5 5 912 245 20 2 0 0 
1644070735.3156464 20.5798828125 23.33903801335143 992.7587181023437 4 5 5 4 5 5 912 245 20 2 0 0 
1644070740.460803 20.5900390625 23.38648424535007 992.7699684204671 4 5 5 4 5 5 948 257 18 2 0 0 
1644070745.6079257 20.6052734375 23.202036602730395 992.7144112940164 4 5 5 4 5 5 948 257 18 2 0 0 
1644070750.7575202 20.5748046875 23.327330896296118 992.7245125840683 4 5 5 4 5 5 948 257 18 2 0 0 
1644070755.906059 20.5900390625 23.33287576826413 992.689425957252 4 6 6 4 6 6 984 272 25 4 0 0 
1644070761.0521176 20.5900390625 23.208407702557857 992.6995271596435 4 6 6 4 6 6 984 272 25 4 0 0 
1644070766.205286 20.5849609375 23.154590488074838 992.6944765581329 4 6 6 4 6 6 984 272 25 4 0 0 
1644070771.3560944 20.5951171875 23.112476607046627 992.6874745328563 4 6 6 4 6 6 990 277 30 4 0 0 
1644070776.502832 20.5798828125 23.231613037812092 992.7043100064825 4 6 6 4 6 6 990 277 30 4 0 0 
1644070781.6520534 20.5595703125 23.207993298970568 992.7197295719812 4 6 6 4 6 6 990 277 30 4 0 0 
1644070786.8031685 20.5951171875 23.195872540694825 992.7160948421833 4 6 6 4 6 6 933 272 28 2 0 0 
1644070791.957096 20.5900390625 23.296517693111088 992.6874745328563 4 6 6 4 6 6 933 272 28 2 0 0 
1644070797.110324 20.5849609375 23.249689884583457 992.7127277459191 4 6 6 4 6 6 933 272 28 2 0 0 
1644070802.261032 20.5951171875 23.338626589532897 992.6285504302532 4 6 6 4 6 6 912 270 30 2 0 0 
1644070807.41358 20.5951171875 23.39839712708577 992.6487529700634 4 6 6 4 6 6 912 270 30 2 0 0 
1644070812.5665624 20.6052734375 23.314800098543767 992.6917209667134 4 6 6 4 6 6 912 270 30 2 0 0 
1644070817.7196345 20.6052734375 23.242492262570437 992.758528938054 4 6 7 4 6 7 861 263 37 4 0 0 
1644070822.8731892 20.6001953125 23.201829315935345 992.7074092644003 4 6 7 4 6 7 861 263 37 4 0 0 
1644070828.0267022 20.6052734375 23.21332850422965 992.6872065324798 4 6 7 4 6 7 861 263 37 4 0 0 
1644070833.1802373 20.6103515625 23.070151423310723 992.7309791310396 4 6 7 4 6 7 852 256 37 4 0 0 
1644070838.3335536 20.6052734375 23.26694007001624 992.670102684786 4 6 7 4 6 7 852 256 37 4 0 0 
1644070843.487024 20.6001953125 23.225656314013523 992.6148134924869 4 6 7 4 6 7 852 256 37 4 0 0 
1644070848.642646 20.6052734375 23.254819759778176 992.552252715738 4 6 7 4 6 7 858 256 37 4 0 0 
1644070853.7962978 20.6052734375 23.135471943259894 992.5772371509051 4 6 7 4 6 7 858 256 37 4 0 0 
1644070858.9496944 20.6001953125 23.267146622711465 992.6164970500873 4 6 7 4 6 7 858 256 37 4 0 0 
1644070864.1033306 20.6103515625 23.06994258135182 992.6760317486005 3 6 7 3 6 7 828 244 42 4 0 0 
1644070869.256529 20.6103515625 23.123557606426072 992.7018224954036 3 6 7 3 6 7 828 244 42 4 0 0 
1644070874.4099267 20.6001953125 23.063985304896896 992.6414819465016 3 6 7 3 6 7 828 244 42 4 0 0 
1644070879.5625932 20.6103515625 23.171422380614917 992.6709809057236 3 6 7 3 6 7 771 237 44 4 0 0 
1644070884.716075 20.6001953125 23.337803611587287 992.6364312300797 3 6 7 3 6 7 771 237 44 4 0 0 
1644070889.8685277 20.6001953125 23.27269036436973 992.626329799124 3 6 7 3 6 7 771 237 44 4 0 0 
1644070895.0219975 20.6103515625 23.12930661433074 992.6847182732957 3 6 7 3 6 7 786 237 42 4 0 0 
1644070900.1755116 20.6255859375 23.12930661433074 992.6404069477857 3 6 7 3 6 7 786 237 42 4 0 0 
1644070905.328819 20.6154296875 23.206749827577465 992.7077520633142 3 6 7 3 6 7 786 237 42 4 0 0 
1644070910.4852686 20.6154296875 23.295898967926423 992.7363737713099 4 6 6 4 6 6 792 234 37 2 0 0 
1644070915.6389117 20.6103515625 23.206542544336536 992.7313228801945 4 6 6 4 6 6 792 234 37 2 0 0 
1644070920.7923574 20.6154296875 23.099520300051328 992.6886219968021 4 6 6 4 6 6 792 234 37 2 0 0 
1644070925.9432197 20.6154296875 23.134847619854035 992.7128029514912 3 6 6 3 6 6 762 224 34 4 0 0 
1644070931.0981824 20.6103515625 23.27823432713887 992.713071282271 3 6 6 3 6 6 762 224 34 4 0 0 
1644070936.250369 20.6255859375 23.16484208767948 992.7113876663695 3 6 6 3 6 6 762 224 34 4 0 0 
1644070941.4035814 20.5849609375 23.134847619854035 992.6996023570184 3 6 6 3 6 6 768 224 34 4 0 0 
1644070946.5530944 20.6255859375 23.171007022159955 992.6923307995665 3 6 6 3 6 6 768 224 34 4 0 0 
1644070951.6983802 20.6154296875 23.062940588610516 992.7226363708376 3 6 6 3 6 6 768 224 34 4 0 0 
1644070956.8488007 20.6255859375 23.063567450963227 992.6892321453848 2 4 5 2 4 5 726 212 36 4 0 0 
1644070961.9992847 20.6255859375 22.985700449945654 992.7274188738874 2 4 5 2 4 5 726 212 36 4 0 0 
1644070967.1526754 20.6205078125 23.051443511620672 992.6788616640557 2 4 5 2 4 5 726 212 36 4 0 0 
1644070972.3026319 20.6357421875 23.003783115677845 992.7004803668601 3 5 5 3 5 5 705 207 31 2 0 0 
1644070977.459472 20.6306640625 23.01569827640381 992.6920620870873 3 5 5 3 5 5 705 207 31 2 0 0 
1644070982.612816 20.6255859375 23.06335850770595 992.7206842454514 3 5 5 3 5 5 705 207 31 2 0 0 
1644070987.766146 20.6205078125 23.22399982748037 992.704384804879 4 6 6 4 6 6 747 226 33 2 0 0 
1644070992.918835 20.6306640625 22.985490591617083 992.6884704064978 4 6 6 4 6 6 747 226 33 2 0 0 
1644070998.0723083 20.6458984375 23.021236960176406 992.693521456703 4 6 6 4 6 6 747 226 33 2 0 0 
1644071003.2244122 20.6611328125 23.1095590217002 992.6857097332955 4 6 6 4 6 6 732 219 33 2 0 0 
1644071008.3810108 20.6611328125 22.94273416693295 992.665774463148 3 5 5 3 5 5 732 219 33 2 0 0 
1644071013.5339565 20.6763671875 23.025519242967082 992.7258502569822 3 5 5 3 5 5 732 219 33 2 0 0 
1644071018.6866107 20.6763671875 23.051652592313815 992.6930499507487 3 4 4 3 4 4 738 223 26 2 0 0 
1644071023.8339972 20.6814453125 23.120424935462907 992.686314783046 3 4 4 3 4 4 738 223 26 2 0 0 
1644071028.9799476 20.6916015625 22.929756878906918 992.6141822202864 3 4 4 3 4 4 738 223 26 2 0 0 
1644071034.1295197 20.6865234375 22.965507942356247 992.6778958249923 3 4 4 3 4 4 738 216 26 2 0 0 
1644071039.2767537 20.6966796875 22.911459591599314 992.6992453355998 3 4 4 3 4 4 738 216 26 2 0 0 
1644071044.4264174 20.6916015625 22.893372385159722 992.7062505065302 3 4 4 3 4 4 738 216 26 2 0 0 
1644071049.5751488 20.6865234375 23.048507193949227 992.5956606971477 3 4 4 3 4 4 786 235 33 2 0 0 
1644071054.7267048 20.6865234375 22.989131869305528 992.6992453355998 3 4 4 3 4 4 786 235 33 2 0 0 
1644071059.8772097 20.6916015625 22.97700477643264 992.6605175063446 4 5 5 4 5 5 786 235 33 2 0 0 
1644071065.0271387 20.6916015625 23.01892427686936 992.6256983241042 4 5 5 4 5 5 786 240 33 2 0 0 
1644071070.172781 20.6865234375 22.92337699057287 992.7011990882851 4 5 5 4 5 5 786 240 33 2 0 0 
1644071075.3202589 20.6966796875 23.078299430446755 992.6526389613268 4 5 5 4 5 5 786 240 33 2 0 0 
1644071080.4669416 20.6865234375 22.959549457513575 992.6692067873581 3 4 4 3 4 4 780 238 31 0 0 0 
1644071085.6156251 20.6865234375 22.834207201845484 992.6638851422016 3 4 4 3 4 4 780 238 31 0 0 0 
1644071090.768662 20.7169921875 22.928914426888625 992.623802986705 3 4 4 3 4 4 780 238 31 0 0 0 
1644071095.916068 20.7169921875 23.030212817323786 992.6361320605253 3 4 4 3 4 4 753 229 29 0 0 0 
1644071101.0657685 20.72734375 23.08938113586288 992.6257579484374 3 4 4 3 4 4 753 229 29 0 0 0 
1644071106.216534 20.7068359375 23.095131068847053 992.5670939592756 3 4 4 3 4 4 753 229 29 0 0 0 
1644071111.3605406 20.7169921875 23.07746376357979 992.5831182601021 3 4 4 3 4 4 738 224 25 0 0 0 
1644071116.5085628 20.72734375 23.035543211422763 992.6420546656678 3 4 4 3 4 4 738 224 25 0 0 0 
1644071121.656552 20.7220703125 22.93424149120478 992.6324934318135 3 4 4 3 4 4 738 224 25 0 0 0 
1644071126.8035924 20.72734375 22.999580154754867 992.6603065419138 3 4 4 3 4 4 786 238 23 0 0 0 
1644071131.9525318 20.732421875 22.868480373954228 992.6639453524273 4 5 5 4 5 5 786 238 23 0 0 0 
1644071137.1025858 20.732421875 23.011078615720127 992.6648160099954 4 5 5 4 5 5 786 238 23 0 0 0 
1644071142.251985 20.742578125 22.963195316856652 992.6799714745459 4 4 4 4 4 4 717 214 21 0 0 0 
1644071147.3964183 20.74765625 22.9806527712176 992.6931719341796 4 4 4 4 4 4 717 214 21 0 0 0 
1644071152.5453565 20.74765625 22.85550431488045 992.7583048209676 4 4 4 4 4 4 717 214 21 0 0 0 
1644071157.6931326 20.74765625 23.010449353489296 992.7535236669438 4 5 5 4 5 5 768 228 28 0 0 0 
1644071162.8427796 20.7578125 22.950855931546997 992.7467877834113 4 5 5 4 5 5 768 228 28 0 0 0 
1644071167.9941003 20.7578125 22.918480016418645 992.6892615032134 4 5 5 4 5 5 768 228 28 0 0 0 
1644071173.146746 20.7578125 22.998320838229372 992.7010493784036 4 4 4 4 4 4 735 214 26 0 0 0 
1644071178.300175 20.7578125 22.78994854947271 992.6572658592709 4 4 4 4 4 4 735 214 26 0 0 0 
1644071183.4524076 20.76796875 22.71821860481014 992.90002941083 4 4 4 4 4 4 735 214 26 0 0 0 
1644071188.6091197 20.762890625 22.938515911829086 992.6373298329596 4 5 5 4 5 5 777 230 24 0 0 0 
1644071193.7623765 20.762890625 22.980442651815135 992.5960981520053 4 5 5 4 5 5 777 230 24 0 0 0 
1644071198.9176435 20.76796875 22.96214368901695 992.6210860513535 4 5 5 4 5 5 777 230 24 0 0 0 
1644071204.0687013 20.778125 22.884245774735057 992.6381983038431 4 5 5 4 5 5 735 216 24 0 0 0 
1644071209.2205303 20.76796875 22.72332605641523 992.606202184457 4 5 5 4 5 5 735 216 24 0 0 0 
1644071214.3741026 20.773046875 22.818686795641717 992.6999634010682 4 5 5 4 5 5 735 216 24 0 0 0 
1644071219.5276365 20.778125 22.86636617672979 992.7078400748519 4 5 5 4 5 5 756 221 20 0 0 0 
1644071224.6803482 20.783203125 22.72332605641523 992.7600460966645 4 5 5 4 5 5 756 221 20 0 0 0 
1644071229.8341243 20.793359375 22.8838232173101 992.7128922675712 4 5 5 4 5 5 756 221 20 0 0 0 
1644071234.9876132 20.793359375 22.81209050007356 992.7140324917877 4 5 5 4 5 5 798 235 20 0 0 0 
1644071240.1406019 20.793359375 22.919582959994205 992.7631427574067 4 5 5 4 5 5 798 235 20 0 0 0 
1644071245.2924745 20.7984375 22.871903220701185 992.6719302252058 4 5 5 4 5 5 798 235 20 0 0 0 
1644071250.443716 20.793359375 22.758235711100635 992.668562045769 4 5 5 4 5 5 819 242 22 0 0 0 
1644071255.5966969 20.7984375 22.853599860425767 992.6536777048573 4 5 5 4 5 5 819 242 22 0 0 0 
1644071260.7489722 20.78828125 22.69309832871486 992.7244089357722 4 5 5 4 5 5 819 242 22 0 0 0 
1644071265.9026017 20.7984375 22.877863224154446 992.7123484002847 4 5 5 4 5 5 870 254 22 0 0 0 
1644071271.0561566 20.7984375 22.912990141901332 992.6233643579785 4 5 5 4 5 5 870 254 22 0 0 0 
1644071276.210126 20.7984375 22.6871380060357 992.5966919944093 4 5 5 4 5 5 870 254 22 0 0 0 
1644071281.3635917 20.78828125 22.865943206950313 992.687631310274 5 6 6 5 6 6 900 264 24 0 0 0 
1644071286.5171692 20.78828125 22.93746269231853 992.6606863065163 5 6 6 5 6 6 900 264 24 0 0 0 
1644071291.6709554 20.778125 22.788674474886403 992.6744308873693 5 6 6 5 6 6 900 264 24 0 0 0 
1644071296.8245203 20.778125 22.854023148555743 992.6626425448723 5 6 6 5 6 6 957 276 31 2 0 0 
1644071301.9781044 20.773046875 22.81272682666859 992.6020168376348 5 6 6 5 6 6 957 276 31 2 0 0 
1644071307.131794 20.778125 22.81251472866505 992.6744308873693 5 6 6 5 6 6 957 276 31 2 0 0 
1644071312.2853866 20.783203125 22.8838232173101 992.6474861095583 5 6 6 5 6 6 951 273 28 2 0 0 
1644071317.4387295 20.6458984375 22.822933246651413 992.6373818224988 5 6 6 5 6 6 951 273 28 2 0 0 
1644071322.5895898 20.78828125 22.854446393240597 992.5997873260861 5 6 6 5 6 6 951 273 28 2 0 0 
1644071327.743166 20.778125 22.872114642295532 992.5262348311564 5 7 7 5 7 7 1020 292 32 2 0 0 
1644071332.8967464 20.778125 22.74099347305518 992.6960516276231 5 7 7 5 7 7 1020 292 32 2 0 0 
1644071338.0513477 20.783203125 22.81847476636628 992.6407499179054 5 7 7 5 7 7 1020 292 32 2 0 0 
1644071343.2048142 20.783203125 22.604121425412735 992.6710627891631 4 6 6 4 6 6 1035 297 32 2 0 0 
1644071348.3590224 20.78828125 22.77675428621284 992.6152166533088 4 6 6 4 6 6 1035 297 32 2 0 0 
1644071353.5122943 20.793359375 22.83614298373181 992.6741588061552 4 6 6 4 6 6 1035 297 32 2 0 0 
1644071358.6631703 20.783203125 22.639883247193247 992.6441180135918 4 6 6 4 6 6 1008 287 29 2 0 0 
1644071363.8141298 20.793359375 22.698845215490074 992.662098083015 5 7 7 5 7 7 1008 287 29 2 0 0 
1644071368.957705 20.783203125 22.76440872809099 992.5930510337796 5 7 7 5 7 7 1008 287 29 2 0 0 
1644071374.1087537 20.7984375 22.79442223872631 992.6284165808834 4 6 6 4 6 6 945 265 31 2 0 0 
1644071379.2576776 20.7984375 22.77632923287371 992.6169007136289 4 6 6 4 6 6 945 265 31 2 0 0 
1644071384.4005818 20.7984375 22.686497284232573 992.6483529750295 4 6 6 4 6 6 945 265 31 2 0 0 
1644071389.548521 20.803515625 22.662868925466487 992.6868147347122 4 6 6 4 6 6 945 265 33 2 0 0 
1644071394.6955445 20.6357421875 22.69841833169144 992.6632372858517 4 6 6 4 6 6 945 265 33 2 0 0 
1644071399.8433974 20.80859375 22.91019448104831 992.6584575091392 4 6 6 4 6 6 945 265 33 2 0 0 
1644071404.994548 20.80859375 22.74014167340045 992.5964191797929 4 6 6 4 6 6 960 265 31 2 0 0 
1644071410.1426184 20.813671875 22.638812682464366 992.6581849771666 4 6 6 4 6 6 960 265 31 2 0 0 
1644071415.2924638 20.80859375 22.889360736749275 992.6668779561558 4 6 6 4 6 6 960 265 31 2 0 0 
1644071420.4431174 20.80859375 22.686283688574107 992.6988756707782 4 6 6 4 6 6 960 267 35 2 0 0 
1644071425.5905583 20.813671875 22.53683474053047 992.625641128776 4 6 6 4 6 6 960 267 35 2 0 0 
1644071430.7434835 20.823828125 22.67350742133152 992.6253680104022 4 6 6 4 6 6 960 267 35 2 0 0 
1644071435.900271 20.823828125 22.78101446149964 992.6382948013006 4 6 6 4 6 6 945 264 40 2 0 0 
1644071441.054854 20.823828125 22.78080192209754 992.6585048442896 4 6 6 4 6 6 945 264 40 2 0 0 
1644071446.2028782 20.833984375 22.601975900244266 992.6313245897635 4 6 6 4 6 6 945 264 40 2 0 0 
1644071451.3540335 20.8390625 22.565994558842625 992.6108404519022 4 5 5 4 5 5 909 252 35 0 0 0 
1644071456.5041728 20.82890625 22.61964451350832 992.6543564003462 4 5 5 4 5 5 909 252 35 0 0 0 
1644071461.648261 20.82890625 22.625819905398675 992.5776647328189 4 5 5 4 5 5 909 252 35 0 0 0 
1644071466.7958024 20.833984375 22.726941920003913 992.5920401117287 4 6 6 4 6 6 885 248 35 0 0 0 
1644071471.9489753 20.833984375 22.631566612359155 992.5690093409934 4 6 6 4 6 6 885 248 35 0 0 0 
1644071477.0988622 20.82890625 22.59601487320691 992.6529457220221 4 6 6 4 6 6 885 248 35 0 0 0 
1644071482.2483933 20.8390625 22.726728740301702 992.5574940811814 4 5 5 4 5 5 837 234 35 0 0 0 
1644071487.3988008 20.833984375 22.56003340126998 992.6240403560738 4 5 5 4 5 5 837 234 35 0 0 0 
1644071492.5422077 20.844140625 22.607078677713314 992.6032814632023 4 5 5 4 5 5 837 234 35 0 0 0 
1644071497.6897657 20.844140625 22.690322055067295 992.635282232214 3 5 5 3 5 5 780 218 33 0 0 0 
1644071502.833629 20.859375 22.719701386990685 992.5898074627588 3 5 5 3 5 5 780 218 33 0 0 0 
1644071507.9844854 20.859375 22.696069694166088 992.6263127067972 3 5 5 3 5 5 780 218 33 0 0 0 
1644071513.1322176 20.864453125 22.642417851533843 992.65157689127 4 5 5 4 5 5 816 221 29 0 0 0 
1644071518.2766337 20.864453125 22.773139947970748 992.6339110793009 4 5 5 4 5 5 816 221 29 0 0 0 
1644071523.4220169 20.874609375 22.516356054351643 992.6560815119 4 5 5 4 5 5 816 221 29 0 0 0 
1644071528.5714777 20.9 22.748647605756172 992.6869866332567 4 5 5 4 5 5 873 228 29 0 0 0 
1644071533.7220342 20.88984375 22.5514811594691 992.5960311655704 4 5 5 4 5 5 873 228 29 0 0 0 
1644071538.8669314 20.88984375 22.581076073244493 992.5825562988342 4 5 5 4 5 5 873 228 29 0 0 0 
1644071544.0110335 20.88984375 22.54551915378582 992.6061373185635 4 5 5 4 5 5 867 223 32 0 0 0 
1644071549.162489 20.6255859375 22.480152529115923 992.6314027120746 4 5 5 4 5 5 867 223 32 0 0 0 
1644071554.3194182 20.884765625 22.79016548224614 992.6589015233363 4 5 5 4 5 5 867 223 32 0 0 0 
1644071559.4722407 20.884765625 22.718626504086284 992.7128002500199 4 6 6 4 6 6 879 233 36 0 0 0 
1644071564.6269588 20.9 22.534026098948136 992.6807978724041 4 6 6 4 6 6 879 233 36 0 0 0 
1644071569.780455 20.8796875 22.778667751700187 992.6187522068518 4 6 6 4 6 6 879 233 36 0 0 0 
1644071574.9334388 20.88984375 22.653476020413002 992.6100558642122 4 7 7 4 7 7 972 262 39 2 0 0 
1644071580.0860355 20.8796875 22.44459653055534 992.630267853949 4 7 7 4 7 7 972 262 39 2 0 0 
1644071585.2396042 20.8796875 22.44459653055534 992.5884344789681 4 7 7 4 7 7 972 262 39 2 0 0 
1644071590.3930128 20.88984375 22.51614037070751 992.5929375526099 4 7 7 4 7 7 966 250 36 4 0 0 
1644071595.5456696 20.8796875 22.65326191773424 992.5727254186128 4 7 7 4 7 7 966 250 36 4 0 0 
1644071600.693475 20.88984375 22.623238892148144 992.5839653753542 4 7 7 4 7 7 966 250 36 4 0 0 
1644071605.8423207 20.88984375 22.51614037070751 992.6078216776408 4 7 7 4 7 7 972 257 34 4 0 0 
1644071610.9928904 20.894921875 22.53977256821008 992.6429184275381 4 7 7 4 7 7 972 257 34 4 0 0 
1644071616.1430774 20.9 22.52741749616822 992.61400893011 4 7 7 4 7 7 972 257 34 4 0 0 
1644071621.293338 20.894921875 22.53955713779996 992.6229809124869 4 7 7 4 7 7 1002 269 32 4 0 0 
1644071626.4382474 20.9 22.611100649659974 992.6415088738903 4 7 7 4 7 7 1002 269 32 4 0 0 
1644071631.5900261 20.894921875 22.39603147032518 992.6249401187268 4 7 7 4 7 7 1002 269 32 4 0 0 
1644071636.7439122 20.894921875 22.50953111835877 992.6496559246781 5 7 7 5 7 7 1002 274 32 4 0 0 
1644071641.8964942 20.88984375 22.68881815867007 992.6148340424854 5 7 7 5 7 7 1002 274 32 4 0 0 
1644071647.049834 20.88984375 22.623238892148144 992.5993998829546 5 7 7 5 7 7 1002 274 32 4 0 0 
1644071652.2063458 20.88984375 22.49803864901878 992.6288581211877 5 8 8 5 8 8 1080 295 41 6 0 0 
1644071657.3589242 20.874609375 22.629415083644457 992.6718273744629 5 8 8 5 8 8 1080 295 41 6 0 0 
1644071662.510438 20.874609375 22.605568084720957 992.5918031142793 5 8 8 5 8 8 1080 295 41 6 0 0 
1644071667.664706 20.8796875 22.534241576372303 992.5802877757037 5 8 8 5 8 8 1056 297 43 6 0 0 
1644071672.8182144 20.884765625 22.527848642809996 992.564854039632 5 8 8 5 8 8 1056 297 43 6 0 0 
1644071677.970826 20.874609375 22.58789758613324 992.5965812099893 5 8 8 5 8 8 1056 297 43 6 0 0 
1644071683.1244135 20.884765625 22.50400066838171 992.5780535677497 5 8 8 5 8 8 1005 293 45 6 0 0 
1644071688.2772732 20.9 22.587038085849997 992.6328121839288 5 8 8 5 8 8 1005 293 45 6 0 0 
1644071693.4307482 20.894921875 22.563405139927912 992.5640283643895 5 8 8 5 8 8 1005 293 45 6 0 0 
1644071698.5835698 20.91015625 22.449692706056105 992.6190620899755 4 7 7 4 7 7 1026 300 42 6 0 0 
1644071703.7370028 20.9205078125 22.467579599178134 992.6190620899755 4 7 7 4 7 7 1026 300 42 6 0 0 
1644071708.891575 20.91015625 22.419664173622085 992.569939295014 4 7 7 4 7 7 1026 300 42 6 0 0 
1644071714.0452754 20.905078125 22.562759608389527 992.556464111188 4 7 7 4 7 7 969 285 42 6 0 0 
1644071719.1988854 20.91015625 22.3123387029033 992.61400893011 5 8 8 5 8 8 969 285 42 6 0 0 
1644071724.3516448 20.9205078125 22.490564528898343 992.6384492470207 5 8 8 5 8 8 969 285 42 6 0 0 
1644071729.5054286 20.9255859375 22.44286407111913 992.5713479879114 4 7 7 4 7 7 846 247 42 4 0 0 
1644071734.6591358 20.9205078125 22.580646120452254 992.5191312529496 4 7 7 4 7 7 846 247 42 4 0 0 
1644071739.8114176 20.9 22.568936908684016 992.4607300470202 4 7 7 4 7 7 846 247 42 4 0 0 
1644071744.9648426 20.9154296875 22.53251745282158 992.5427129958895 4 6 6 4 6 6 861 257 38 2 0 0 
1644071750.1183827 20.91015625 22.359821788088986 992.578085636034 4 6 6 4 6 6 861 257 38 2 0 0 
1644071755.2705364 20.91015625 22.431589019858396 992.5126697947047 4 6 6 4 6 6 861 257 38 2 0 0 
1644071760.4239168 20.9154296875 22.646229204662355 992.6086804734782 4 6 6 4 6 6 792 236 38 4 0 0 
1644071765.5765176 20.91015625 22.437768059126157 992.5971650684435 4 6 6 4 6 6 792 236 38 4 0 0 
1644071770.7300456 20.894921875 22.360474363960968 992.5940716067794 4 6 6 4 6 6 792 236 38 4 0 0 
1644071775.8871691 20.9 22.324699784743572 992.5738591464499 4 6 6 4 6 6 756 226 38 4 0 0 
1644071781.0427494 20.859375 22.39646566336536 992.5609350117709 4 6 6 4 6 6 756 226 38 4 0 0 
1644071786.191668 20.9 22.420314654540995 992.5255638118314 4 6 6 4 6 6 756 226 38 4 0 0 
1644071791.339785 20.8796875 22.58150598258653 992.5775032249637 4 6 6 4 6 6 834 233 36 4 0 0 
1644071796.4879227 20.8796875 22.420314654540995 992.5710410745683 4 6 6 4 6 6 834 233 36 4 0 0 
1644071801.6390517 20.8796875 22.46269893198861 992.5895688629103 4 6 6 4 6 6 834 233 36 4 0 0 
1644071806.7882206 20.8796875 22.50400066838171 992.5530638251103 4 6 6 4 6 6 777 221 34 6 0 0 
1644071811.9361339 20.884765625 22.623238892148144 992.6061373185635 4 6 6 4 6 6 777 221 34 6 0 0 
1644071817.0860934 20.8796875 22.527633074920505 992.6120149320283 4 6 6 4 6 6 777 221 34 6 0 0 
1644071822.2393641 20.894921875 22.41456929619165 992.551104285071 4 6 6 4 6 6 801 231 32 6 0 0 
1644071827.392981 20.874609375 22.49868631861743 992.5662632543722 4 6 6 4 6 6 801 231 32 6 0 0 
1644071832.545657 20.8796875 22.24209977315931 992.5920779031329 4 6 6 4 6 6 801 231 32 6 0 0 
1644071837.6981876 20.864453125 22.462482629671833 992.5516546233733 4 7 7 4 7 7 843 247 32 6 0 0 
1644071842.851897 20.86953125 22.34390158773413 992.5634447424704 4 7 7 4 7 7 843 247 32 6 0 0 
1644071848.0050926 20.864453125 22.51679568352361 992.6156581682841 4 7 7 4 7 7 843 247 32 6 0 0 
1644071853.1559355 20.864453125 22.570665742319505 992.6106052531679 4 6 6 4 6 6 822 240 28 6 0 0 
1644071858.3007638 20.864453125 22.427585466357026 992.4341602836352 4 6 6 4 6 6 822 240 28 6 0 0 
1644071863.4499302 20.86953125 22.540642465120104 992.5314429986175 3 5 5 3 5 5 822 240 28 6 0 0 
1644071868.5983415 20.86953125 22.52297297627249 992.5805625498792 3 6 6 3 6 6 843 247 31 8 0 0 
1644071873.7436535 20.86953125 22.672010681174335 992.5906682918077 3 6 6 3 6 6 843 247 31 8 0 0 
1644071878.8947525 20.86953125 22.546380535292723 992.6428813319257 4 7 7 4 7 7 843 247 31 8 0 0 
1644071884.0430627 20.854296875 22.469534016135764 992.6361441616777 4 7 7 4 7 7 888 259 31 8 0 0 
1644071889.1923523 20.859375 22.445470825338663 992.5654039417128 4 7 7 4 7 7 888 259 31 8 0 0 
1644071894.343128 20.859375 22.349863597325637 992.6145227594345 4 7 7 4 7 7 888 259 31 8 0 0 
1644071899.488235 20.859375 22.452298109612073 992.5782920789215 4 7 7 4 7 7 831 245 31 8 0 0 
1644071904.6369433 20.844140625 22.4763600471334 992.6018713859095 4 7 7 4 7 7 831 245 31 8 0 0 
1644071909.784842 20.854296875 22.422057127862093 992.6305034199856 4 7 7 4 7 7 831 245 31 8 0 0 
1644071914.9291947 20.84921875 22.481457317391428 992.6055138957408 5 7 7 5 7 7 885 264 33 6 0 0 
1644071920.0788198 20.844140625 22.53554249766896 992.5513443163098 5 7 7 5 7 7 885 264 33 6 0 0 
1644071925.2275503 20.8390625 22.469750194977106 992.5493854883134 5 7 7 5 7 7 885 264 33 6 0 0 
1644071930.3787196 20.844140625 22.535757898636064 992.5364608000407 5 7 7 5 7 7 906 271 35 8 0 0 
1644071935.5290189 20.84921875 22.398427339988356 992.5751978880143 5 7 7 5 7 7 906 271 35 8 0 0 
1644071940.682095 20.8390625 22.53554249766896 992.5263554788343 5 7 7 5 7 7 906 271 35 8 0 0 
1644071945.8351352 20.8390625 22.588979978574024 992.5378704417252 5 7 8 5 7 8 891 280 44 8 0 0 
1644071950.9890652 20.84921875 22.588765174527317 992.5361862077173 5 7 8 5 7 8 891 280 44 8 0 0 
1644071956.141975 20.84921875 22.33284859926233 992.5698709011801 5 7 8 5 7 8 891 280 44 8 0 0 
1644071961.2947497 20.854296875 22.649449683387395 992.5853032214027 5 7 7 5 7 7 927 290 39 4 0 0 
1644071966.4522693 20.84921875 22.541719234886216 992.5751978880143 5 7 7 5 7 7 927 290 39 4 0 0 
1644071971.6065862 20.844140625 22.577487036082754 992.5858512906692 5 7 7 5 7 7 927 290 39 4 0 0 
1644071976.7546268 20.844140625 22.386721144814583 992.5603141855166 5 7 8 5 7 8 969 297 41 4 0 0 
1644071981.9042413 20.833984375 22.470614801712014 992.5894935245648 5 7 8 5 7 8 969 297 41 4 0 0 
1644071987.0518024 20.82890625 22.488714625320164 992.6549033575346 5 7 8 5 7 8 969 297 41 4 0 0 
1644071992.1987503 20.82890625 22.506598231706697 992.7172187384115 5 7 8 5 7 8 1041 309 41 4 0 0 
1644071997.3461812 20.81875 22.400162892107943 992.5892196814447 5 7 8 5 7 8 1041 309 41 4 0 0 
1644072002.4959972 20.833984375 22.48275340259232 992.550483204436 5 7 8 5 7 8 1041 309 41 4 0 0 
1644072007.6475773 20.82890625 22.61411238734526 992.4397595128107 5 7 8 5 7 8 1062 309 45 4 0 0 
1644072012.8004932 20.82890625 22.673721197905518 992.5589041745484 5 7 8 5 7 8 1062 309 45 4 0 0 
1644072017.9572885 20.81875 22.471047039901222 992.55577056372 5 7 8 5 7 8 1062 309 45 4 0 0 
1644072023.1068027 20.81875 22.524912724525493 992.5916851814962 5 7 8 5 7 8 1086 309 42 4 0 0 
1644072028.254459 20.823828125 22.59665885102343 992.5928222414335 5 7 8 5 7 8 1086 309 42 4 0 0 
1644072033.4040222 20.813671875 22.554717687295227 992.6051583096985 5 7 8 5 7 8 1086 309 42 4 0 0 
1644072038.554598 20.80859375 22.489578189895873 992.5279617886762 5 7 8 5 7 8 1035 297 42 6 0 0 
1644072043.704254 20.7984375 22.37122616816083 992.5422555190218 5 7 8 5 7 8 1035 297 42 6 0 0 
1644072048.8549454 20.78828125 22.580280004949653 992.5461702404592 5 7 8 5 7 8 1035 297 42 6 0 0 
1644072054.007176 20.778125 22.621573776922702 992.5717040180343 4 7 7 4 7 7 1104 311 44 6 0 0 
1644072059.1608906 20.773046875 22.538341862947878 992.5296029173235 4 7 7 4 7 7 1104 311 44 6 0 0 
1644072064.316106 20.76796875 22.473207579065427 992.558231661047 4 7 7 4 7 7 1104 311 44 6 0 0 
1644072069.47326 20.762890625 22.414035493384343 992.5660585942493 4 6 7 4 6 7 1083 304 44 6 0 0 
1644072074.63047 20.762890625 22.592844593928795 992.5523140404995 5 7 8 5 7 8 1083 304 44 6 0 0 
1644072079.78433 20.76796875 22.61115376634768 992.487184176141 5 7 8 5 7 8 1083 304 44 6 0 0 
1644072084.9347792 20.7578125 22.676926543063512 992.5278721782141 6 8 8 6 8 8 1119 314 47 4 0 0 
1644072090.0882912 20.74765625 22.61711374174321 992.536564427243 6 8 8 6 8 8 1119 314 47 4 0 0 
1644072095.2416215 20.7578125 22.628819487266053 992.5649193513306 6 8 8 6 8 8 1119 314 47 4 0 0 
1644072100.3950078 20.742578125 22.70715191450985 992.4338437030419 5 7 7 5 7 7 1083 302 38 4 0 0 
1644072105.5482728 20.732421875 22.70140560587546 992.4680682635712 5 7 7 5 7 7 1083 302 38 4 0 0 
1644072110.7017987 20.7375 22.42725535974257 992.4282001171755 5 7 7 5 7 7 1083 302 38 4 0 0 
1644072115.8546097 20.732421875 22.53474935721826 992.4377577429741 5 7 7 5 7 7 1041 290 38 4 0 0 
1644072121.0081716 20.7375 22.59944829186665 992.518040998714 5 7 7 5 7 7 1041 290 38 4 0 0 
1644072126.1649127 20.7375 22.665648113520355 992.4950109675826 5 7 7 5 7 7 1041 290 38 4 0 0 
1644072131.318503 20.742578125 22.742483704271983 992.4947384077079 5 6 6 5 6 6 954 261 38 4 0 0 
1644072136.4719703 20.742578125 22.55858835764173 992.5199974124109 5 6 6 5 6 6 954 261 38 4 0 0 
1644072141.6258352 20.742578125 22.642023561982203 992.4661115547481 5 6 6 5 6 6 954 261 38 4 0 0 
1644072146.7796266 20.742578125 22.706725407139526 992.4321597589131 4 6 6 4 6 6 861 237 34 4 0 0 
1644072151.9332523 20.74765625 22.503656830743633 992.4894138985537 4 6 6 4 6 6 861 237 34 4 0 0 
1644072157.0869205 20.74765625 22.641167566413543 992.406900605381 4 6 6 4 6 6 861 237 34 4 0 0 
1644072162.2360313 20.74765625 22.557298525247628 992.47202841724 4 6 6 4 6 6 798 225 39 4 0 0 
1644072167.3894196 20.74765625 22.813787153764363 992.4989719925388 4 6 6 4 6 6 798 225 39 4 0 0 
1644072172.5428395 20.752734375 22.623073706842785 992.5028854725803 4 6 6 4 6 6 798 225 39 4 0 0 
1644072177.6962895 20.74765625 22.552198584820665 992.541616272857 4 6 6 4 6 6 810 237 37 2 0 0 
1644072182.8490586 20.74765625 22.670966739361152 992.4624707639387 4 6 6 4 6 6 810 237 37 2 0 0 
1644072188.0027242 20.74765625 22.59370291939205 992.4910978450621 4 6 6 4 6 6 810 237 37 2 0 0 
1644072193.157952 20.7375 22.570292988651417 992.4742583831281 5 5 5 5 5 5 852 246 34 0 0 0 
1644072198.3146887 20.7375 22.593917473601717 992.4933270480572 5 5 5 5 5 5 852 246 34 0 0 0 
1644072203.468116 20.72734375 22.398105477513706 992.4905040817089 5 5 5 5 5 5 852 246 34 0 0 0 
1644072208.6218913 20.7375 22.552198584820665 992.4498179814437 4 5 5 4 5 5 783 232 32 0 0 0 
1644072213.768082 20.7375 22.68352690602546 992.478171775476 4 5 5 4 5 5 783 232 32 0 0 0 
1644072218.9163842 20.7375 22.695446049553805 992.4495451649562 4 5 5 4 5 5 783 232 32 0 0 0 
1644072224.0655365 20.7375 22.60583706345336 992.3790940705638 4 5 5 4 5 5 798 239 28 0 0 0 
1644072229.2185621 20.7375 22.51069469725686 992.3709479099126 4 5 5 4 5 5 798 239 28 0 0 0 
1644072234.3669307 20.5494140625 22.612011180074433 992.3962062266734 4 5 5 4 5 5 798 239 28 0 0 0 
1644072239.5165293 20.5951171875 22.76206353399992 992.4071280791859 4 5 5 4 5 5 720 206 23 2 0 0 
1644072244.6660514 20.7169921875 22.64841093736592 992.4643789531744 4 5 5 4 5 5 720 206 23 2 0 0 
1644072249.8165116 20.7169921875 22.618185138066142 992.4657905473431 4 5 5 4 5 5 720 206 23 2 0 0 
1644072254.9660149 20.7068359375 22.708431175934365 992.4321132802235 3 4 4 3 4 4 699 202 21 2 0 0 
1644072260.1138992 20.7068359375 22.541569618637386 992.4377097326387 3 4 4 3 4 4 699 202 21 2 0 0 
1644072265.2666042 20.7119140625 22.476014655958384 992.5084308955994 3 4 4 3 4 4 699 202 21 2 0 0 
1644072270.4196193 20.7017578125 22.691193640624643 992.4988713143808 4 4 4 4 4 4 711 206 21 2 0 0 
1644072275.571937 20.7017578125 22.744824420868184 992.5224446772087 4 4 4 4 4 4 711 206 21 2 0 0 
1644072280.7241642 20.6865234375 22.792495525596824 992.5027818940898 4 4 4 4 4 4 711 206 21 2 0 0 
1644072285.8772483 20.6865234375 22.572225864499963 992.4469451835625 4 5 5 4 5 5 684 204 23 2 0 0 
1644072291.023741 20.6763671875 22.739299251378164 992.460687311996 4 5 5 4 5 5 684 204 23 2 0 0 
1644072296.1727529 20.6763671875 22.638426047138662 992.4348336268121 4 5 5 4 5 5 684 204 23 2 0 0 
1644072301.3222132 20.6712890625 22.691841850090835 992.4718756387454 3 4 4 3 4 4 642 190 23 2 0 0 
1644072306.469302 20.6662109375 22.537124331651135 992.4615019436377 3 4 4 3 4 4 642 190 23 2 0 0 
1644072311.6161034 20.6763671875 22.77526422427675 992.4615019436377 3 4 4 3 4 4 642 190 23 2 0 0 
1644072316.7649374 20.6814453125 22.781222888097 992.5583468094198 3 4 4 3 4 4 633 190 16 2 0 0 
1644072321.9147089 20.6916015625 22.650129906506166 992.4604155490845 3 4 4 3 4 4 633 190 16 2 0 0 
1644072327.0603604 20.6865234375 22.691406986456553 992.4660102722492 3 4 4 3 4 4 633 190 16 2 0 0 
1644072332.2082303 20.6814453125 22.513072826705635 992.4359741878371 3 4 4 3 4 4 606 181 21 4 0 0 
1644072337.358736 20.6763671875 22.691841850090835 992.462914264592 3 4 4 3 4 4 606 181 21 4 0 0 
1644072342.503347 20.6712890625 22.66247495826138 992.4157691420263 3 4 4 3 4 4 606 181 21 4 0 0 
1644072347.649257 20.6662109375 22.531595619382312 992.4446645298765 3 4 5 3 4 5 591 179 28 6 0 0 
1644072352.7992597 20.6662109375 22.525206287219056 992.4365173538924 3 4 5 3 4 5 591 179 28 6 0 0 
1644072357.9460127 20.6763671875 22.632253204869528 992.4884418202097 3 4 5 3 4 5 591 179 28 6 0 0 
1644072363.0949051 20.6560546875 22.603101495238036 992.4569933403495 3 5 6 3 5 6 639 195 35 6 0 0 
1644072368.2438087 20.6611328125 22.51967782932262 992.4637281984859 3 5 6 3 5 6 639 195 35 6 0 0 
1644072373.3911521 20.6458984375 22.668860801380426 992.4656829919201 3 5 6 3 5 6 639 195 35 6 0 0 
1644072378.5392 20.6408203125 22.645667827022642 992.4625865860388 3 5 6 3 5 6 654 197 39 6 0 0 
1644072383.686156 20.6458984375 22.66928787914247 992.4505296841062 3 5 6 3 5 6 654 197 39 6 0 0 
1644072388.8310409 20.51875 22.70503834487759 992.438743781947 3 5 6 3 5 6 654 197 39 6 0 0 
1644072393.981864 20.6560546875 22.609488725508996 992.4171270495218 3 6 7 3 6 7 717 225 41 6 2 0 
1644072399.1302562 20.6662109375 22.7341917518793 992.367756575732 3 6 7 3 6 7 717 225 41 6 2 0 
1644072404.273514 20.6611328125 22.645026401866044 992.3822706079703 3 6 7 3 6 7 717 225 41 6 2 0 
1644072409.4238412 20.6560546875 22.69269503623146 992.4538970853528 3 6 7 3 6 7 723 220 43 6 2 0 
1644072414.5773015 20.6509765625 22.609488725508996 992.4272291643398 3 6 7 3 6 7 723 220 43 6 2 0 
1644072419.7236454 20.6458984375 22.698653569215566 992.4474334015325 3 6 7 3 6 7 723 220 43 6 2 0 
1644072424.8727705 20.6458984375 22.585654189281342 992.4471622831393 3 5 7 3 5 7 711 213 41 6 2 0 
1644072430.0231094 20.6560546875 22.44264351406432 992.423861792454 3 5 7 3 5 7 711 213 41 6 2 0 
1644072435.1798303 20.6611328125 22.525851934343812 992.4572644868792 3 5 7 3 5 7 711 213 41 6 2 0 
1644072440.332677 20.6611328125 22.44177882347168 992.4047982277515 3 5 7 3 5 7 795 227 39 6 2 0 
1644072445.4873385 20.6763671875 22.58479609769273 992.372535774024 3 5 7 3 5 7 795 227 39 6 2 0 
1644072450.6386237 20.6814453125 22.644171016253026 992.4037108650026 3 5 7 3 5 7 795 227 39 6 2 0 
1644072455.7864754 20.6814453125 22.577970366584537 992.4455332731485 3 6 8 3 6 8 852 241 41 6 2 0 
1644072460.9363036 20.6966796875 22.53604044828178 992.4517246298719 3 6 8 3 6 8 852 241 41 6 2 0 
1644072466.0879438 20.6916015625 22.440256878602668 992.1963701090733 3 6 8 3 6 8 852 241 41 6 2 0 
1644072471.241121 20.6916015625 22.48240580704556 992.421960335096 4 6 8 4 6 8 909 256 43 8 2 0 
1644072476.3936498 20.6865234375 22.518377677218652 992.5213035240662 4 6 8 4 6 8 909 256 43 8 2 0 
1644072481.5461044 20.6763671875 22.590326048637486 992.4166368775127 4 6 8 4 6 8 909 256 43 8 2 0 
1644072486.6995733 20.6916015625 22.75652965816078 992.4472170549628 4 6 8 4 6 8 909 244 43 6 2 0 
1644072491.8521843 20.6916015625 22.679489059532834 992.4671507335247 4 6 8 4 6 8 909 244 43 6 2 0 
1644072497.0063367 20.6814453125 22.614804812482927 992.4056666228996 4 6 8 4 6 8 909 244 43 6 2 0 
1644072502.1599839 20.6662109375 22.709931349586725 992.3573822567487 3 5 6 3 5 6 903 242 36 4 2 0 
1644072507.312513 20.6611328125 22.728658936753646 992.349507776848 3 5 6 3 5 6 903 242 36 4 2 0 
1644072512.4649913 20.6509765625 22.543728366904368 992.4064819400115 3 5 6 3 5 6 903 242 36 4 2 0 
1644072517.6189682 20.6611328125 22.5858686850223 992.3848654157364 4 5 6 4 5 6 903 237 31 4 2 0 
1644072522.7718384 20.6611328125 22.729297442551015 992.3901880889878 4 5 6 4 5 6 903 237 31 4 2 0 
1644072527.9260669 20.6357421875 22.681631501599238 992.3923724666679 4 5 6 4 5 6 903 237 31 4 2 0 
1644072533.0797882 20.6458984375 22.69333481178604 992.3618371635425 3 5 6 3 5 6 873 230 29 4 2 0 
1644072538.233304 20.6306640625 22.40818910379417 992.3539201268815 3 5 6 3 5 6 873 230 29 4 2 0 
1644072543.3877614 20.6408203125 22.645881613683773 992.3558750702311 3 5 6 3 5 6 873 230 29 4 2 0 
1644072548.5414324 20.6255859375 22.568851580188174 992.3707564119421 3 5 5 3 5 5 852 218 27 2 0 0 
1644072553.6949918 20.6306640625 22.508836944787735 992.3412650870225 3 5 5 3 5 5 852 218 27 2 0 0 
1644072558.8481774 20.6255859375 22.53884474024037 992.4198524780326 3 5 5 3 5 5 852 218 27 2 0 0 
1644072564.004732 20.6154296875 22.44415630437101 992.4195816781819 3 5 5 3 5 5 846 225 29 2 0 0 
1644072569.1575136 20.6154296875 22.682271559205653 992.4568920760922 3 5 5 3 5 5 846 225 29 2 0 0 
1644072574.3103557 20.6205078125 22.444372373819483 992.4653101712826 3 5 5 3 5 5 846 225 29 2 0 0 
1644072579.463921 20.6154296875 22.706529888119725 992.3923140203171 3 5 6 3 5 6 867 232 31 4 2 0 
1644072584.6162934 20.6154296875 22.628862393641786 992.4055120337283 3 5 6 3 5 6 867 232 31 4 2 0 
1644072589.769819 20.6154296875 22.63524821872859 992.3867219592148 3 5 6 3 5 6 867 232 31 4 2 0 
1644072594.9232807 20.6103515625 22.55162103737382 992.3454451774321 4 5 6 4 5 6 840 232 29 4 2 0 
1644072600.076752 20.6103515625 22.510344213917413 992.3723819283487 4 5 6 4 5 6 840 232 29 4 2 0 
1644072605.2306437 20.6001953125 22.558223423703826 992.4040989552751 4 5 6 4 5 6 840 232 29 4 2 0 
1644072610.3866887 20.5849609375 22.540349527464915 992.4385802389843 4 5 6 4 5 6 834 237 29 4 2 0 
1644072615.540196 20.5900390625 22.588013044996163 992.4197914420723 4 5 6 4 5 6 834 237 29 4 2 0 
1644072620.6941075 20.4375 22.563381952801066 991.9702562548133 4 5 6 4 5 6 834 237 29 4 2 0 
1644072625.8477197 20.5646484375 22.648659851819243 992.385517874307 3 3 5 3 3 5 807 227 25 2 2 0 
1644072630.9972367 20.5646484375 22.577169687355955 992.3740035036551 3 3 5 3 3 5 807 227 25 2 2 0 
1644072636.144799 20.5646484375 22.618872463323168 992.3818808835422 3 3 5 3 3 5 807 227 25 2 2 0 
1644072641.2936735 20.5798828125 22.63035973541039 992.4138672745593 3 4 5 3 4 5 777 225 20 2 2 0 
1644072646.4459918 20.5849609375 22.576740735939126 992.3712393709877 3 4 5 3 4 5 777 225 20 2 2 0 
1644072651.5971022 20.5798828125 22.624402109954143 992.4020828117729 3 4 5 3 4 5 777 225 20 2 2 0 
1644072656.7490273 20.5849609375 22.690148599320217 992.3956187566397 4 4 6 4 4 6 828 241 20 2 2 0 
1644072661.8974926 20.5798828125 22.648446206366522 992.3771004742865 4 4 6 4 4 6 828 241 20 2 2 0 
1644072667.0433943 20.5595703125 22.517808565478294 992.4264604463133 4 4 6 4 4 6 828 241 20 2 2 0 
1644072672.1943934 20.5544921875 22.595042367352292 992.4096259024426 4 5 6 4 5 6 822 239 22 2 2 0 
1644072677.3440354 20.5748046875 22.434184914252967 992.41272324312 4 5 6 4 5 6 822 239 22 2 2 0 
1644072682.4942234 20.5646484375 22.738020474190662 992.4141370474567 4 5 6 4 5 6 822 239 22 2 2 0 
1644072687.6407304 20.5646484375 22.565898273999505 992.4107700848604 4 6 7 4 6 7 894 258 27 4 2 0 
1644072692.7896874 20.5392578125 22.464836893947894 992.4435642111712 4 6 7 4 6 7 894 258 27 4 2 0 
1644072697.9446647 20.5494140625 22.70929848494949 992.2291915092434 4 6 7 4 6 7 894 258 27 4 2 0 
1644072703.101664 20.5595703125 22.655257963639926 992.4550791869464 4 5 7 4 5 7 837 244 25 4 2 0 
1644072708.2551804 20.5443359375 22.745040332488273 992.4623510314113 4 5 7 4 5 7 837 244 25 4 2 0 
1644072713.4081898 20.5494140625 22.607599750527005 992.4000642031513 4 5 7 4 5 7 837 244 25 4 2 0 
1644072718.5540392 20.5443359375 22.61951436552566 992.4037003768224 4 5 7 4 5 7 843 239 25 4 2 0 
1644072723.7040927 20.5494140625 22.64930072300439 992.4014781861339 4 5 7 4 5 7 843 239 25 4 2 0 
1644072728.8520157 20.5443359375 22.69759748389673 992.3885496619681 4 5 7 4 5 7 843 239 25 4 2 0 
1644072734.0003076 20.5392578125 22.64994149643005 992.3820854001128 3 5 5 3 5 5 792 221 25 2 0 0 
1644072739.1526701 20.5341796875 22.530583692672522 992.4121174430783 3 5 5 3 5 5 792 221 25 2 0 0 
1644072744.3061702 20.5392578125 22.661642112200276 992.3935998996234 3 5 5 3 5 5 792 221 25 2 0 0 
1644072749.4629016 20.5392578125 22.745040332488273 992.4138008565393 3 5 5 3 5 5 741 207 27 2 0 0 
1644072754.6203682 20.5341796875 22.685470380865 992.4443711964377 3 5 5 3 5 5 741 207 27 2 0 0 
1644072759.773625 20.5341796875 22.48931310389662 992.4109722339344 3 5 5 3 5 5 741 207 27 2 0 0 
1644072764.9272952 20.5392578125 22.703341474357764 992.4311728737956 3 5 5 3 5 5 717 202 27 2 0 0 
1644072770.0796003 20.52890625 22.787374652402164 992.4025553036316 2 4 4 2 4 4 717 202 27 2 0 0 
1644072775.2330923 20.5341796875 22.746102626717526 992.4555457275418 2 4 4 2 4 4 717 202 27 2 0 0 
1644072780.3862922 20.523828125 22.543357505101987 992.4098266413265 2 4 4 2 4 4 732 204 31 2 0 0 
1644072785.5371253 20.52890625 22.763547907949118 992.4614738524713 3 5 5 3 5 5 732 204 31 2 0 0 
1644072790.6843548 20.523828125 22.67419615055837 992.4345396480849 3 5 5 3 5 5 732 204 31 2 0 0 
1644072795.8302283 20.523828125 22.685896705765465 992.4715741837324 3 5 5 3 5 5 720 201 29 2 0 0 
1644072800.9764917 20.523828125 22.722063432068097 992.3983119572846 3 5 5 3 5 5 720 201 29 2 0 0 
1644072806.1290698 20.523828125 22.674622685216935 992.4403956040173 3 5 5 3 5 5 720 201 29 2 0 0 
1644072811.2824624 20.513671875 22.889479609324418 992.4510321718138 3 5 5 3 5 5 720 199 25 2 0 0 
1644072816.435947 20.51875 22.591013324067823 992.4117787194832 3 5 5 3 5 5 720 199 25 2 0 0 
1644072821.590071 20.523828125 22.728020136877834 992.4723792047685 3 5 5 3 5 5 720 199 25 2 0 0 
1644072826.7449188 20.523828125 22.543572279177607 992.4603274441465 3 4 4 3 4 4 699 192 23 2 0 0 
1644072831.8990614 20.50859375 22.45464845324754 992.4120473291237 3 4 4 3 4 4 699 192 23 2 0 0 
1644072837.0521948 20.50859375 22.842040858780848 992.3935306814169 3 4 4 3 4 4 699 192 23 2 0 0 
1644072842.2056942 20.503515625 22.573785727674757 992.2911170833478 2 3 3 2 3 3 642 178 20 0 0 0 
1644072847.3566482 20.50859375 22.705257738495547 992.3533997269717 2 3 3 2 3 3 642 178 20 0 0 0 
1644072852.5022724 20.50859375 22.723126883669448 992.4313687101363 2 3 3 2 3 3 642 178 20 0 0 0 
1644072857.6518736 20.50859375 22.705044863705634 992.4156824663386 1 2 2 1 2 2 630 176 20 0 0 0 
1644072862.799304 20.50859375 22.603783457614306 992.3848451995622 1 2 2 1 2 2 630 176 20 0 0 0 
1644072867.951701 20.503515625 22.585913489184545 992.4168287564617 1 2 2 1 2 2 630 176 20 0 0 0 
1644072873.0857682 20.523828125 22.603141262664185 992.3764284782585 2 4 4 2 4 4 618 176 18 0 0 0 
1644072878.235505 20.51875 22.567828961657217 992.408412028514 2 4 4 2 4 4 618 176 18 0 0 0 
1644072883.3840306 20.513671875 22.59718441059841 992.409557799251 2 4 4 2 4 4 618 176 18 0 0 0 
1644072888.534384 20.523828125 22.69823650997595 992.3994575648788 3 4 5 3 4 5 639 187 20 2 2 2 
1644072893.6869073 20.513671875 22.608884086472223 992.3528616679104 3 4 5 3 4 5 639 187 20 2 2 2 
1644072898.8399053 20.51875 22.50208862315856 992.3985806754068 3 4 5 3 4 5 639 187 20 2 2 2 
1644072903.9931612 20.503515625 22.651863230150642 992.4498849272811 3 4 5 3 4 5 669 194 18 2 2 2 
1644072909.1471798 20.50859375 22.41294943530215 992.4173657849476 3 4 5 3 4 5 669 194 18 2 2 2 
1644072914.2998111 20.4984375 22.50804557104625 992.3200025578159 3 4 5 3 4 5 669 194 18 2 2 2 
1644072919.4526818 20.4984375 22.485079411572578 992.3522540594739 3 4 5 3 4 5 762 213 16 2 2 2 
1644072924.6042144 20.503515625 22.687175419779066 992.4086806652749 3 4 5 3 4 5 762 213 16 2 2 2 
1644072929.7565136 20.50859375 22.675688831777645 992.3750140421727 3 4 5 3 4 5 762 213 16 2 2 2 
1644072934.913604 20.513671875 22.651009234896318 992.3298333100164 3 4 5 3 4 5 762 211 12 2 2 2 
1644072940.0669048 20.513671875 22.66930588329311 992.3848451995622 3 4 5 3 4 5 762 211 12 2 2 2 
1644072945.2209044 20.513671875 22.812259583517946 992.3612783843181 3 4 5 3 4 5 762 211 12 2 2 2 
1644072950.3731678 20.50859375 22.57400012547616 992.4139991477996 4 5 6 4 5 6 825 230 21 2 2 2 
1644072955.5267727 20.503515625 22.740358516484463 992.3735995238435 4 5 6 4 5 6 825 230 21 2 2 2 
1644072960.6802611 20.513671875 22.716319497747925 992.3177808471024 4 5 6 4 5 6 825 230 21 2 2 2 
1644072965.833552 20.51875 22.54974391828433 992.395214012677 3 4 5 3 4 5 810 225 25 2 2 2 
1644072970.9858859 20.50859375 22.59165596401972 992.4695486965145 3 4 5 3 4 5 810 225 25 2 2 2 
1644072976.140697 20.50859375 22.53847458688898 992.4914318729802 3 4 5 3 4 5 810 225 25 2 2 2 
1644072981.293527 20.523828125 22.591227548247545 992.4336622176027 4 5 7 4 5 7 816 230 25 4 2 2 
1644072986.4469962 20.51875 22.73440196970586 992.3615474007652 4 5 7 4 5 7 816 230 25 4 2 2 
1644072991.6010637 20.513671875 22.681218917901457 992.3360282403399 4 5 7 4 5 7 816 230 25 4 2 2 
1644072996.751829 20.503515625 22.490605427667326 992.408949192602 2 4 6 2 4 6 795 218 25 4 2 2 
1644073001.903764 20.2291015625 22.57357131901086 992.3079502208317 2 4 6 2 4 6 795 218 25 4 2 2 
1644073007.0558693 20.50859375 22.44825976630151 992.348618685389 2 4 6 2 4 6 795 218 25 4 2 2 
1644073012.2086134 20.51875 22.591441761564845 992.3730617902266 3 5 7 3 5 7 879 246 27 6 4 2 
1644073017.3614366 20.50859375 22.651009234896318 992.3817473645552 4 6 8 4 6 8 879 246 27 6 4 2 
1644073022.5154552 20.50859375 22.502303856679816 992.339664118024 4 6 8 4 6 8 879 246 27 6 4 2 
1644073027.668715 20.523828125 22.603355338509925 992.3461282960429 4 6 8 4 6 8 900 253 27 6 4 2 
1644073032.8219495 20.513671875 22.65143625424777 992.2641840779204 3 5 7 3 5 7 900 253 27 6 4 2 
1644073037.9760602 20.513671875 22.68674922522248 992.2352978552484 3 5 7 3 5 7 900 253 27 6 4 2 
1644073043.1287272 20.513671875 22.538259787525977 992.3536685923532 3 5 6 3 5 6 930 260 23 4 2 0 
1644073048.2827005 20.503515625 22.693131911372298 992.3113168491677 3 5 6 3 5 6 930 260 23 4 2 0 
1644073053.4345703 20.50859375 22.585913489184545 992.4344671893773 3 5 6 3 5 6 930 260 23 4 2 0 
1644073058.5838315 20.523828125 22.5676144842565 992.5279297292388 3 5 7 3 5 7 978 272 32 4 2 0 
1644073063.7348201 20.51875 22.543357505101987 992.3927240766964 3 5 7 3 5 7 978 272 32 4 2 0 
1644073068.8916595 20.51875 22.49591635186226 992.3245141599732 3 5 7 3 5 7 978 272 32 4 2 0 
1644073074.0447404 20.523828125 22.543357505101987 992.3523231711009 3 5 6 3 5 6 885 249 39 4 2 0 
1644073079.19588 20.4984375 22.591013324067823 992.3781118223793 3 5 6 3 5 6 885 249 39 4 2 0 
1644073084.3500962 20.513671875 22.40655971396892 992.388211888573 3 5 6 3 5 6 885 249 39 4 2 0 
1644073089.5023575 20.52890625 22.442086704168972 992.4112411718911 3 5 6 3 5 6 876 254 43 4 2 0 
1644073094.6557662 20.51875 22.436129505663853 992.3795261898487 3 5 6 3 5 6 876 254 43 4 2 0 
1644073099.8080246 20.51875 22.423998918053 992.3057280883381 3 5 6 3 5 6 876 254 43 4 2 0 
1644073104.9556308 20.513671875 22.543572279177607 992.360740023111 4 6 7 4 6 7 825 242 38 4 2 0 
1644073110.1055958 20.513671875 22.35955254421189 992.4353455641013 4 6 7 4 6 7 825 242 38 4 2 0 
1644073115.2563057 20.513671875 22.53230302853896 992.476013995404 4 6 7 4 6 7 825 242 38 4 2 0 
1644073120.4072866 20.50859375 22.49039006752942 992.4647667048029 3 5 7 3 5 7 768 223 38 4 2 0 
1644073125.5585172 20.4984375 22.591870155612177 992.4877973396813 3 5 7 3 5 7 768 223 38 4 2 0 
1644073130.7091148 20.513671875 22.40677605821613 992.476013995404 3 5 7 3 5 7 768 223 38 4 2 0 
1644073135.8599882 20.503515625 22.460605414672713 992.393799330786 3 5 6 3 5 6 774 225 38 2 2 0 
1644073141.005828 20.503515625 22.562086720630273 992.3247833653094 3 5 6 3 5 6 774 225 38 2 2 0 
1644073146.151354 20.50859375 22.508475889747142 992.3724535300632 3 5 6 3 5 6 774 225 38 2 2 0 
1644073151.2979681 20.50859375 22.615268874315614 992.286804683151 3 5 6 3 5 6 801 237 36 2 2 0 
1644073156.4452276 20.51875 22.648049928270574 992.4025553036316 3 5 6 3 5 6 801 237 36 2 2 0 
1644073161.5983117 20.523828125 22.704193255926967 992.4179746631511 3 5 6 3 5 6 801 237 36 2 2 0 
1644073166.7528784 20.523828125 22.614840986703047 992.4067286831341 3 5 5 3 5 5 759 213 36 0 0 0 
1644073171.9076645 20.513671875 22.38208096351658 992.3966286123244 3 5 5 3 5 5 759 213 36 0 0 0 
1644073177.0604641 20.5341796875 22.65058217209627 992.4600590088799 3 5 5 3 5 5 759 213 36 0 0 0 
1644073182.2129977 20.51875 22.269541707950562 992.3966286123244 3 5 5 3 5 5 774 218 41 0 0 0 
1644073187.3684137 20.523828125 22.46591539533625 992.4535940001338 3 5 5 3 5 5 774 218 41 0 0 0 
1644073192.5154486 20.523828125 22.53144344750732 992.4617423836182 3 5 5 3 5 5 774 218 41 0 0 0 
1644073197.6637292 20.513671875 22.597612688898813 992.4620108053246 3 5 5 3 5 5 738 207 43 0 0 0 
1644073202.813601 20.513671875 22.44847562935117 992.4538623802036 3 5 5 3 5 5 738 207 43 0 0 0 
1644073207.9592228 20.503515625 22.63356653264304 992.3983119572846 3 5 5 3 5 5 738 207 43 0 0 0 
1644073213.105554 20.50859375 22.50804557104625 992.4139991477996 3 4 4 3 4 4 690 197 36 0 0 0 
1644073218.2548952 20.503515625 22.419122653754204 992.4594487729015 3 4 4 3 4 4 690 197 36 0 0 0 
1644073223.3984158 20.513671875 22.591227548247545 992.4939946809966 3 4 4 3 4 4 690 197 36 0 0 0 
1644073228.5460696 20.513671875 22.502303856679816 992.3410782678769 3 5 5 3 5 5 705 204 36 0 0 0 
1644073233.6995761 20.523828125 22.418257848436568 992.3727927592643 3 5 5 3 5 5 705 204 36 0 0 0 
1644073238.8448822 20.523828125 22.45378525428906 992.3492257610312 3 5 5 3 5 5 705 204 36 0 0 0 
1644073243.9938722 20.523828125 22.4842177177864 992.310508579408 3 5 5 3 5 5 705 206 36 0 0 0 
1644073249.1364958 20.513671875 22.44847562935117 992.3562283542637 3 5 5 3 5 5 705 206 36 0 0 0 
1644073254.2834885 20.513671875 22.484433157527302 992.3430307761379 3 5 5 3 5 5 705 206 36 0 0 0 
1644073259.434 20.51875 22.49613166498602 992.3346141313776 3 5 5 3 5 5 762 221 36 0 0 0 
1644073264.585775 20.50859375 22.436345517060477 992.3747451342076 3 5 5 3 5 5 762 221 36 0 0 0 
1644073269.7340539 20.513671875 22.621011757151013 992.3845762635214 3 5 5 3 5 5 762 221 36 0 0 0 
1644073274.8874865 20.513671875 22.55591539876829 992.3618163077776 4 5 5 4 5 5 783 233 36 0 0 0 
1644073280.0400577 20.523828125 22.46591539533625 992.3290254877422 4 5 5 4 5 5 783 233 36 0 0 0 
1644073285.1926973 20.52890625 22.328680914124117 992.4112411718911 4 5 5 4 5 5 783 233 36 0 0 0 
1644073290.3453069 20.5341796875 22.63249787178816 992.4076054616036 4 5 5 4 5 5 783 235 34 0 0 0 
1644073295.5022209 20.5341796875 22.483786805715845 992.3874048334931 4 5 5 4 5 5 783 235 34 0 0 0 
1644073300.6555755 20.5443359375 22.447396205472085 992.4073363870825 4 5 5 4 5 5 783 235 34 0 0 0 
1644073305.8067687 20.473046875 22.69142742231552 992.3464643726551 4 5 5 4 5 5 798 237 36 0 0 0 
1644073310.9568388 20.5494140625 22.399087327388326 992.340334195068 4 5 5 4 5 5 798 237 36 0 0 0 
1644073316.1109593 20.5697265625 22.493762623167054 992.3568987213725 4 5 5 4 5 5 798 237 36 0 0 0 
1644073321.2643905 20.5595703125 22.338641220264247 992.3841043016873 4 6 6 4 6 6 798 247 38 0 0 0 
1644073326.4178565 20.5798828125 22.4101371476391 992.443630808596 4 6 6 4 6 6 798 247 38 0 0 0 
1644073331.5713787 20.5798828125 22.552909802021592 992.4708367212608 4 6 6 4 6 6 798 247 38 0 0 0 
1644073336.7248907 20.5697265625 22.44566856238501 992.4927223684493 4 5 6 4 5 6 753 235 35 2 0 0 
1644073341.878051 20.5900390625 22.350123113555167 992.4253819533355 4 5 6 4 5 6 753 235 35 2 0 0 
1644073347.0316787 20.5646484375 22.37395572161086 992.350164805973 4 5 6 4 5 6 753 235 35 2 0 0 
1644073352.1851463 20.5798828125 22.32011466323377 992.3529911319182 3 4 5 3 4 5 816 254 35 2 0 0 
1644073357.3378763 20.5951171875 22.391396791121554 992.3605970976191 3 4 5 3 4 5 816 254 35 2 0 0 
1644073362.4903417 20.5951171875 22.23052061325529 992.3319768086898 3 4 5 3 4 5 816 254 35 2 0 0 
1644073367.6439393 20.6001953125 22.49842799128257 992.3718405274739 3 4 5 3 4 5 801 250 33 2 0 0 
1644073372.7990448 20.6052734375 22.277752476529063 992.4024153929283 4 5 6 4 5 6 801 250 33 2 0 0 
1644073377.952184 20.6154296875 22.509482982448787 992.4355460639318 4 5 6 4 5 6 801 250 33 2 0 0 
1644073383.1039362 20.5951171875 22.32133739015196 992.390900954992 4 5 6 4 5 6 786 243 33 2 0 0 
1644073388.254982 20.6001953125 22.46863725464037 992.3468578747322 4 5 6 4 5 6 786 243 33 2 0 0 
1644073393.408539 20.5951171875 22.164757048394875 992.3572300037547 4 5 6 4 5 6 786 243 33 2 0 0 
1644073398.5619004 20.6052734375 22.206248883198725 992.3372982674389 4 5 6 4 5 6 807 236 33 2 0 0 
1644073403.715477 20.6001953125 22.28414683925608 992.3788455274198 4 5 6 4 5 6 807 236 33 2 0 0 
1644073408.8660417 20.5951171875 22.409271459007414 992.3735241021219 4 5 6 4 5 6 807 236 33 2 0 0 
1644073414.0195854 20.6001953125 22.385005088468045 992.4144706375079 4 5 5 4 5 5 795 231 36 2 0 0 
1644073419.173175 20.6052734375 22.236042227145585 992.4389132457363 4 5 5 4 5 5 795 231 36 2 0 0 
1644073424.3264167 20.6052734375 22.218603560969118 992.4007318306515 4 5 5 4 5 5 795 231 36 2 0 0 
1644073429.4788523 20.6103515625 22.385005088468045 992.3701569528956 4 5 5 4 5 5 801 231 34 2 0 0 
1644073434.6325192 20.6052734375 22.24795949270064 992.3583719328074 4 5 5 4 5 5 801 231 34 2 0 0 
1644073439.786104 20.6052734375 22.20050904989073 992.3757490234725 4 5 5 4 5 5 801 231 34 2 0 0 
1644073444.9392576 20.6052734375 22.343296135510943 992.4344030894787 3 5 6 3 5 6 780 220 41 4 0 0 
1644073450.0932937 20.6154296875 22.170277309947135 992.3867219592148 3 5 6 3 5 6 780 220 41 4 0 0 
