timestamp temperature humidity pressure pm10_standard pm25_standard pm100_standard pm10_env pm25_env pm100_env particles_03um particles_05um particles_10um particles_25um particles_50um particles_100um
1668660817.6691566 20.122265625 21.959145395587434 996.4545500176973 2 3 3 2 3 3 471 129 12 4 0 0 
1668660822.8012633 20.122265625 21.86434606907126 996.4917909711093 1 2 2 1 2 2 471 129 12 4 0 0 
1668660827.935273 20.12734375 21.85794937299608 996.4550050044726 0 2 2 0 2 2 435 122 12 4 0 0 
1668660833.0707638 20.122265625 21.98273519878977 996.432906023803 0 2 2 0 2 2 435 122 12 4 0 0 
1668660838.2060728 20.12734375 21.82178750843623 996.4913363626704 0 2 2 0 2 2 435 122 12 4 0 0 
1668660843.3399968 20.122265625 21.703397061935636 996.4499577652151 0 1 1 0 1 1 420 113 12 4 0 0 
1668660848.47381 20.1171875 21.727208950369402 996.4879714519896 0 1 1 0 1 1 420 113 12 4 0 0 
1668660853.607074 20.122265625 21.726985409951215 996.4732842641644 1 2 2 1 2 2 315 88 12 0 0 0 
1668660858.7400715 20.10703125 21.929824561496183 996.4547775656713 0 1 1 0 1 1 315 88 12 0 0 0 
1668660863.8738425 20.1171875 21.798198188808847 996.4564599924577 0 1 1 0 1 1 315 88 12 0 0 0 
1668660869.0077984 20.1171875 21.691267103084975 996.4615072732362 0 1 1 0 1 1 279 83 14 0 0 0 
1668660874.1403143 20.112109375 21.79291356969188 996.4665545546434 0 1 1 0 1 1 279 83 14 0 0 0 
1668660879.2708306 20.1171875 21.953413697883523 996.4379533016478 1 2 2 1 2 2 279 83 14 0 0 0 
1668660884.405001 20.112109375 21.721032384473496 996.4528675774196 1 2 2 1 2 2 294 85 14 0 0 0 
1668660889.539676 20.122265625 21.816502069030545 996.4530951389545 1 2 2 1 2 2 294 85 14 0 0 0 
1668660894.6747837 20.10703125 21.715079348729112 996.458142419314 1 2 2 1 2 2 294 85 14 0 0 0 
1668660899.8087478 20.12734375 21.7212559936606 996.481241631466 1 2 2 1 2 2 279 87 18 0 0 0 
1668660904.9430048 20.122265625 21.816057040339217 996.4309958601668 1 2 2 1 2 2 279 87 18 0 0 0 
1668660910.0771275 20.12734375 21.726761858666716 996.4562324580448 1 2 2 1 2 2 279 87 18 0 0 0 
1668660915.2102509 20.122265625 21.679360918662947 996.4526399067095 1 1 1 1 1 1 270 82 14 0 0 0 
1668660920.3438098 20.132421875 21.82200997031555 996.4591419968397 1 1 1 1 1 1 270 82 14 0 0 0 
1668660925.4776602 20.132421875 21.88771321705217 996.4459100920534 1 1 1 1 1 1 270 82 14 0 0 0 
1668660930.6115527 20.12734375 21.905349911960094 996.469464448239 1 2 2 1 2 2 297 91 16 2 0 0 
1668660935.7458684 20.132421875 21.875807710229715 996.4706915321638 0 2 2 0 2 2 414 123 17 6 0 0 
1668660940.8786404 20.1375 21.965098010398748 996.4730568653614 1 2 2 1 2 2 435 132 19 6 0 0 
1668660946.0119915 20.132421875 21.822232421328994 996.429313420867 1 2 2 1 2 2 435 132 19 6 0 0 
1668660951.1448536 20.12734375 21.88749152244005 996.4629622201332 1 2 2 1 2 2 435 132 19 6 0 0 
1668660956.277862 20.12734375 21.839424176607096 996.4562324580448 1 2 2 1 2 2 420 132 17 4 0 0 
1668660961.411078 20.132421875 21.82200997031555 996.4595973389494 1 2 2 1 2 2 420 132 17 4 0 0 
1668660966.5435574 20.12734375 21.702949420078667 996.4641894000863 2 3 3 2 3 3 420 132 17 4 0 0 
1668660971.6774092 20.122265625 21.875585878092206 996.4646446608299 2 3 4 2 3 4 447 136 21 6 2 0 
1668660976.812035 20.1171875 21.86963304051794 996.4778767216235 2 3 4 2 3 4 447 136 21 6 2 0 
1668660981.9462397 20.1171875 21.762926475027317 996.4530951389545 2 3 4 2 3 4 447 136 21 6 2 0 
1668660987.0805538 20.1171875 21.71530302668537 996.4711469027764 2 3 4 2 3 4 447 134 19 6 2 0 
1668660992.2140722 20.1171875 21.88198222128337 996.4564599924577 2 3 4 2 3 4 447 134 19 6 2 0 
1668660997.3483863 20.1171875 21.751020674540378 996.4468203368284 2 3 4 2 3 4 447 134 19 6 2 0 
1668661002.4834082 20.1171875 21.887934900798715 996.4884261146725 2 2 3 2 2 3 438 129 15 4 2 0 
1668661007.6159208 20.112109375 21.88198222128337 996.4913363626704 2 2 3 2 2 3 438 129 15 4 2 0 
1668661012.7499244 20.1171875 21.929824561496183 996.4619619331813 2 2 3 2 2 3 438 129 15 4 2 0 
1668661017.8837206 20.10703125 21.90601434434103 996.4588243268452 0 1 1 0 1 1 333 95 16 0 0 0 
1668661023.013736 20.10703125 21.9119669140291 996.4716018366795 1 2 2 1 2 2 333 95 16 0 0 0 
1668661028.1483114 20.101953125 21.995301811712295 996.4489571763943 1 2 2 1 2 2 339 97 16 0 0 0 
1668661033.2803445 20.096875 21.984067084565776 996.4609607451594 1 2 2 1 2 2 339 97 16 0 0 0 
1668661038.4143813 20.10703125 21.739793567381046 996.4809222613428 1 2 2 1 2 2 339 97 16 0 0 0 
1668661043.5479765 20.10703125 21.799542946353284 996.4453652394124 1 2 2 1 2 2 375 109 20 0 0 0 
1668661048.6813536 20.10703125 21.602878243962568 996.4619619331813 1 2 2 1 2 2 375 109 20 0 0 0 
1668661053.814728 20.112109375 21.971941921936985 996.4451379375829 1 2 2 1 2 2 375 109 20 0 0 0 
1668661058.948177 20.12734375 21.894109174166324 996.4785587959864 2 3 3 2 3 3 444 133 24 2 0 0 
1668661064.0809298 20.10703125 21.828630004172965 996.498520684821 2 3 3 2 3 3 444 133 24 2 0 0 
1668661069.213761 20.112109375 21.834360415569318 996.4934733994324 2 3 3 2 3 3 444 133 24 2 0 0 
1668661074.3477533 20.112109375 21.798643630093956 996.4934733994324 2 3 4 2 3 4 435 133 26 2 0 0 
1668661079.4813256 20.122265625 21.81054926631811 996.5203922621025 2 3 4 2 3 4 435 133 26 2 0 0 
1668661084.6150608 20.122265625 21.739114832987738 996.4867436865587 2 3 4 2 3 4 435 133 26 2 0 0 
1668661089.749011 20.1171875 21.66767892129226 996.4901085428559 2 3 4 2 3 4 471 147 24 2 0 0 
1668661094.8816917 20.112109375 21.846265928596374 996.4703739335997 2 3 4 2 3 4 471 147 24 2 0 0 
1668661100.0148585 20.112109375 21.73933822500253 996.4970653560653 1 3 3 1 3 3 345 108 21 2 0 0 
1668661105.1475942 20.10703125 21.816502069030545 996.4922451428596 1 3 3 1 3 3 345 108 21 2 0 0 
1668661110.281343 20.1171875 21.89388757004764 996.4953829411634 1 3 3 1 3 3 345 108 21 2 0 0 
1668661115.4153562 20.1171875 21.69149105612021 996.4667818985182 1 2 2 1 2 2 324 104 19 2 0 0 
1668661120.5487764 20.1171875 21.75697357991706 996.5271219805638 1 2 2 1 2 2 324 104 19 2 0 0 
1668661125.68235 20.10703125 21.649819712373844 996.5035679708382 1 2 2 1 2 2 324 104 19 2 0 0 
1668661130.8155715 20.10703125 21.829305571385163 996.4910165039333 1 2 2 1 2 2 324 102 15 2 0 0 
1668661135.9487934 20.101953125 21.85861542308392 996.4956099453319 1 2 2 1 2 2 324 102 15 2 0 0 
1668661141.0814362 20.101953125 21.721703179435774 996.4989747480837 1 2 2 1 2 2 324 102 15 2 0 0 
1668661146.2161274 20.112109375 21.90601434434103 996.504021952735 1 2 2 1 2 2 297 93 15 2 0 0 
1668661151.350014 20.10703125 21.793136331935504 996.5223015879752 1 2 2 1 2 2 297 93 15 2 0 0 
1668661156.483885 20.101953125 21.87670346024015 996.4939275440609 1 2 2 1 2 2 297 93 15 2 0 0 
1668661161.6181297 20.096875 21.74574628434118 996.5073867561852 1 2 2 1 2 2 318 97 8 2 0 0 
1668661166.7503653 20.096875 21.811670550092998 996.5027931234669 1 2 2 1 2 2 318 97 8 2 0 0 
1668661171.877003 20.096875 21.805495491890603 996.5124339618842 1 2 2 1 2 2 318 97 8 2 0 0 
1668661177.0083325 20.096875 21.91859190666002 996.5244374420924 1 2 2 1 2 2 291 90 10 2 0 0 
1668661182.1401107 20.096875 21.823575452310028 996.522981622058 2 3 3 2 3 3 510 146 14 0 0 0 
1668661187.2702558 20.096875 21.889051680539332 996.5280287482772 2 3 3 2 3 3 510 144 12 0 0 0 
1668661192.4009514 20.096875 21.770003068978454 996.5347582508806 2 3 3 2 3 3 510 144 12 0 0 0 
1668661197.5323482 20.091796875 21.91286091012018 996.5436226154894 2 3 3 2 3 3 510 144 12 0 0 0 
1668661202.6627483 20.091796875 21.865686062221425 996.5116579967545 2 3 3 2 3 3 525 146 14 0 0 0 
1668661207.795045 20.08671875 21.966431076160784 996.5215257200538 2 3 3 2 3 3 525 146 14 0 0 0 
1668661212.9270337 20.08671875 21.88309934748103 996.4893341299936 2 3 3 2 3 3 525 146 14 0 0 0 
1668661218.0615823 20.096875 21.823575452310028 996.5347582508806 2 3 3 2 3 3 510 143 16 0 0 0 
1668661223.192108 20.10703125 21.8654641799009 996.5381230026015 2 3 3 2 3 3 510 143 16 0 0 0 
1668661228.3193045 20.096875 21.9245442468879 996.533075875125 2 3 3 2 3 3 510 143 16 0 0 0 
1668661233.4508004 20.08671875 21.752368622823422 996.4988782244004 2 2 2 2 2 2 501 141 14 0 0 0 
1668661238.580296 20.08671875 21.85928991259546 996.5063844678443 2 2 2 2 2 2 501 141 14 0 0 0 
1668661243.7146578 20.08671875 21.823353066909732 996.5333022534613 2 2 2 2 2 2 501 141 14 0 0 0 
1668661248.8472016 20.08671875 21.877368759817738 996.5633586494127 2 2 2 2 2 2 495 138 14 0 0 0 
1668661253.9799542 20.08671875 21.847829321649275 996.5520343614523 2 2 2 2 2 2 495 138 14 0 0 0 
1668661259.1116965 20.0765625 21.925429047420685 996.5671755085855 2 2 2 2 2 2 495 138 14 0 0 0 
1668661264.24107 20.08671875 21.728558559669736 996.5267991288018 2 3 3 2 3 3 462 129 16 0 0 0 
1668661269.3741548 20.08671875 21.853781578771425 996.5316198913363 2 3 3 2 3 3 462 129 16 0 0 0 
1668661274.505849 20.0765625 21.865686062221425 996.5501258785515 1 3 3 1 3 3 420 119 16 0 0 0 
1668661279.6331153 20.08671875 21.835480313466118 996.5381230026015 1 3 3 1 3 3 420 119 16 0 0 0 
1668661284.7666397 20.096875 22.001923735692436 996.5501258785515 1 3 3 1 3 3 420 119 16 0 0 0 
1668661289.9000027 20.08671875 21.835258065595124 996.5433964276774 1 2 2 1 2 2 387 110 14 0 0 0 
1668661295.036516 20.091796875 21.871194650568718 996.570088157883 1 2 2 1 2 2 387 110 14 0 0 0 
1668661300.1688042 20.096875 21.90668719540784 996.5515820122786 1 2 2 1 2 2 387 110 14 0 0 0 
1668661305.3009672 20.091796875 21.89478244309377 996.5511292264611 1 2 2 1 2 2 429 124 10 0 0 0 
1668661310.435231 20.096875 21.89478244309377 996.5410348060527 1 2 2 1 2 2 429 124 10 0 0 0 
1668661315.5693147 20.101953125 21.823353066909732 996.5429437245749 1 2 2 1 2 2 429 124 10 0 0 0 
1668661320.700222 20.096875 21.823130670643565 996.51625212141 1 2 2 1 2 2 387 115 10 0 0 0 
1668661325.834215 20.096875 21.912418191347694 996.5395789453131 1 2 2 1 2 2 387 115 10 0 0 0 
1668661330.9652154 20.10703125 21.67431300328283 996.5460820159427 1 2 2 1 2 2 387 115 10 0 0 0 
1668661336.098638 20.112109375 21.930045742180724 996.5547204541912 1 2 2 1 2 2 429 124 10 0 0 0 
1668661341.230533 20.101953125 21.912418191347694 996.5177078869216 1 2 2 1 2 2 429 124 10 0 0 0 
1668661346.3611147 20.10703125 21.88265594108901 996.5280287482772 1 1 1 1 1 1 477 129 10 0 0 0 
1668661351.4931011 20.091796875 21.930045742180724 996.522981622058 1 1 1 1 1 1 477 129 10 0 0 0 
1668661356.6264493 20.096875 21.73360880751192 996.5347582508806 1 1 1 1 1 1 477 129 10 0 0 0 
1668661361.7604089 20.096875 21.858845956099323 996.5177078869216 1 1 1 1 1 1 462 124 12 0 0 0 
1668661366.8945394 20.101953125 21.74596957457118 996.5313934994391 2 2 2 2 2 2 462 124 12 0 0 0 
1668661372.0284474 20.091796875 21.781685248148495 996.5463085041159 2 2 2 2 2 2 462 124 12 0 0 0 
1668661377.160534 20.091796875 21.853337528210982 996.5616762724698 2 2 2 2 2 2 474 124 10 0 0 0 
1668661382.294322 20.10703125 21.864798467745306 996.5141163639236 2 2 2 2 2 2 474 124 10 0 0 0 
1668661387.4263651 20.101953125 21.74001692637914 996.5313934994391 2 2 2 2 2 2 474 124 10 0 0 0 
1668661392.5531745 20.096875 21.865020382662845 996.5381230026015 2 3 3 2 3 3 495 133 12 2 0 0 
1668661397.68759 20.096875 21.751922212497746 996.5212992467912 2 3 3 2 3 3 495 133 12 2 0 0 
1668661402.818694 20.096875 21.835035806858315 996.5446261143104 2 3 3 2 3 3 495 133 12 2 0 0 
1668661407.947078 20.101953125 21.781462370522142 996.5398053785667 2 3 3 2 3 3 495 133 14 2 0 0 
1668661413.077823 20.08671875 21.823130670643565 996.5765915325584 2 3 3 2 3 3 495 133 14 2 0 0 
1668661418.2124593 20.10703125 21.97811484699261 996.5698619687265 2 3 3 2 3 3 495 133 14 2 0 0 
1668661423.3447373 20.101953125 21.858845956099323 996.5326227909666 2 3 3 2 3 3 474 129 12 2 0 0 
1668661428.472078 20.10703125 22.043140724094282 996.5494468228851 1 2 2 1 2 2 414 114 14 2 0 0 
1668661433.6002593 20.112109375 21.877147004157493 996.5196168715943 1 2 2 1 2 2 414 114 14 2 0 0 
1668661438.7324014 20.101953125 21.811670550092998 996.5398053785667 1 2 2 1 2 2 420 114 12 2 0 0 
1668661443.864384 20.096875 21.78808340960395 996.4946079422592 1 2 2 1 2 2 420 114 12 2 0 0 
1668661448.9983902 20.091796875 21.871416474991822 996.4981992174615 1 2 2 1 2 2 420 114 12 2 0 0 
1668661454.130069 20.096875 21.80571808358663 996.5667234035083 1 2 3 1 2 3 450 121 14 2 0 0 
1668661459.2591279 20.096875 21.775278182400932 996.5297111238232 1 2 3 1 2 3 450 121 14 2 0 0 
1668661464.3897908 20.08671875 22.002364369946996 996.5568553305432 1 2 3 1 2 3 450 121 14 2 0 0 
1668661469.523009 20.096875 21.793590390550495 996.5364406267062 1 2 3 1 2 3 444 121 16 2 0 0 
1668661474.652666 20.091796875 21.954305794045236 996.5717705351751 1 2 3 1 2 3 444 121 16 2 0 0 
1668661479.784455 20.091796875 21.853337528210982 996.5785000450426 1 2 3 1 2 3 444 121 16 2 0 0 
1668661484.9153905 20.08671875 21.75854423304535 996.5488957008315 2 2 3 2 2 3 465 128 18 2 0 0 
1668661490.0498857 20.08671875 21.889716502348385 996.5385755687498 2 2 3 2 2 3 465 128 18 2 0 0 
1668661495.1828213 20.091796875 21.900956315860228 996.570088157883 2 2 3 2 2 3 465 128 18 2 0 0 
1668661500.317049 20.08671875 21.74046361177658 996.5621284589126 2 3 4 2 3 4 474 133 22 2 0 0 
1668661505.444259 20.071484375 21.728782023605827 996.5385755687498 2 3 4 2 3 4 474 133 22 2 0 0 
1668661510.574389 20.081640625 21.91330358543086 996.572222558887 1 3 3 1 3 3 405 110 20 4 0 0 
1668661515.7092767 20.081640625 21.877147004157493 996.545531029638 1 3 3 1 3 3 405 110 20 4 0 0 
1668661520.8410006 20.096875 21.82379782684447 996.5333022534613 1 3 3 1 3 3 405 110 20 4 0 0 
1668661525.9770772 20.08671875 21.871194650568718 996.5585376937156 1 3 3 1 3 3 399 108 18 4 0 0 
1668661531.1118586 20.08671875 21.81784544963355 996.5433964276774 1 3 3 1 3 3 399 108 18 4 0 0 
1668661536.243763 20.081640625 21.942843215412832 996.5335285226388 1 3 3 1 3 3 399 108 18 4 0 0 
1668661541.3776681 20.081640625 21.936669975457253 996.533075875125 1 2 2 1 2 2 351 92 16 0 0 0 
1668661546.5076663 20.096875 21.90713002997233 996.5366669779205 1 2 2 1 2 2 351 92 16 0 0 0 
1668661551.6385574 20.08671875 21.7464161224325 996.5486696628576 1 2 2 1 2 2 351 92 16 0 0 0 
1668661556.7674048 20.08671875 21.919255729640604 996.5657190609897 1 2 2 1 2 2 336 92 12 0 0 0 
1668661561.9002244 20.08671875 21.871860091241103 996.5337546826605 1 2 2 1 2 2 336 92 12 0 0 0 
1668661567.0297832 20.08671875 21.794481242265245 996.5373453766225 1 2 2 1 2 2 336 92 12 0 0 0 
1668661572.1618714 20.081640625 21.89566861885509 996.5839990120352 1 2 3 1 2 3 345 95 16 2 2 0 
1668661577.293921 20.0765625 21.788528951261558 996.5472133651998 1 2 3 1 2 3 345 95 16 2 2 0 
1668661582.425877 20.06640625 21.73495787032459 996.528933769411 1 2 3 1 2 3 345 95 16 2 2 0 
1668661587.55734 20.0765625 21.806385793479038 996.5224305215419 1 2 3 1 2 3 330 95 18 2 2 0 
1668661592.6890883 20.071484375 21.842099200771724 996.5558509186338 1 2 3 1 2 3 504 154 20 2 2 0 
1668661597.8213692 20.081640625 21.705195799434442 996.5469873136651 1 2 3 1 2 3 483 147 20 2 2 0 
1668661602.9549317 20.06640625 21.866129794265476 996.5537167108545 1 2 3 1 2 3 483 147 20 2 2 0 
1668661608.08385 20.0765625 21.88376437557715 996.5859071023988 2 3 4 2 3 4 483 147 20 2 2 0 
1668661613.214962 20.081640625 21.752591811686973 996.549121629652 2 3 4 2 3 4 483 145 22 2 2 0 
1668661618.3443396 20.06640625 22.038516335657466 996.5709918229285 2 3 4 2 3 4 483 145 22 2 2 0 
1668661623.4774902 20.08671875 21.94901629671784 996.5726741459771 2 3 4 2 3 4 483 145 22 2 2 0 
1668661628.609181 20.0765625 21.836146991884267 996.5642625314325 2 3 4 2 3 4 462 138 24 2 2 0 
1668661633.7411945 20.071484375 21.978997172173464 996.5560766840603 2 3 4 2 3 4 462 138 24 2 2 0 
1668661638.872224 20.06640625 21.907572821074915 996.5592155635437 2 3 4 2 3 4 462 138 24 2 2 0 
1668661644.0045466 20.06640625 22.020880767217424 996.5443005240012 2 3 4 2 3 4 456 133 22 2 2 0 
1668661649.137128 20.0765625 21.95518921937307 996.5806343107865 2 3 4 2 3 4 456 133 22 2 2 0 
1668661654.2711017 20.06640625 21.693290899226685 996.5209741552043 2 3 4 2 3 4 456 133 22 2 2 0 
1668661659.405624 20.071484375 21.740910253709032 996.5257951365364 2 3 5 2 3 5 477 142 33 2 2 0 
1668661664.54004 20.06640625 21.741356852176512 996.5510297579016 2 3 5 2 3 5 477 142 33 2 2 0 
1668661669.674092 20.061328125 21.860399613686123 996.5945443519645 2 3 5 2 3 5 477 142 33 2 2 0 
1668661674.8078127 20.06640625 21.747309087760534 996.5644882290549 0 1 1 0 1 1 369 102 16 2 0 0 
1668661679.9424427 20.061328125 21.908679608685652 996.5511662013828 1 2 2 1 2 2 369 102 16 2 0 0 
1668661685.0764043 20.051171875 21.664425198565755 996.547801639606 1 2 2 1 2 2 396 111 16 2 0 0 
1668661690.2096384 20.041015625 21.979879323512044 996.5532993002794 1 2 2 1 2 2 396 111 16 2 0 0 
1668661695.3436534 20.05625 21.76583472392239 996.5247009939583 1 2 2 1 2 2 396 111 16 2 0 0 
1668661700.4773476 20.05625 21.85489151502244 996.5799902343136 0 1 1 0 1 1 384 106 16 2 0 0 
1668661705.6105814 20.04609375 21.909122247671704 996.5263832467125 0 1 1 0 1 1 384 106 16 2 0 0 
1668661710.7443433 20.041015625 21.932486514731973 996.5400666249906 0 1 1 0 1 1 384 106 16 2 0 0 
1668661715.8783255 20.04609375 21.902506451963003 996.5598030163258 0 1 1 0 1 1 342 97 12 2 0 0 
1668661721.0117297 20.04609375 22.028152385408767 996.5648498198799 0 1 1 0 1 1 342 97 12 2 0 0 
1668661726.1455078 20.061328125 21.83108380022612 996.5499347926058 0 1 1 0 1 1 342 97 12 2 0 0 
1668661731.2795691 20.051171875 21.8551134696755 996.556438480972 0 0 0 0 0 0 327 94 10 0 0 0 
1668661736.4138296 20.04609375 21.867017127965646 996.578307965764 0 0 0 0 0 0 327 94 10 0 0 0 
1668661741.548568 20.04609375 21.81962460485705 996.5513916784654 0 0 0 0 0 0 327 94 10 0 0 0 
1668661746.6827033 20.05625 21.807498425980953 996.5518423052121 0 0 0 0 0 0 336 97 10 0 0 0 
1668661751.8171108 20.051171875 21.944610818537008 996.5579846356374 1 1 1 1 1 1 336 97 10 0 0 0 
1668661756.951161 20.051171875 21.932265453984336 996.5718040974767 1 2 2 1 2 2 444 125 20 0 0 0 
1668661762.0849066 20.061328125 21.878920745202397 996.5367021455558 1 2 2 1 2 2 444 125 20 0 0 0 
1668661767.2179704 20.05625 21.938217223597846 996.5434311047046 1 2 2 1 2 2 444 125 20 0 0 0 
1668661772.3503165 20.051171875 21.825131845868075 996.5833547716227 1 3 3 1 3 3 450 125 22 2 0 0 
1668661777.484045 20.041015625 21.688681812263496 996.5432057780968 1 3 3 1 3 3 450 125 22 2 0 0 
1668661782.6179416 20.04609375 22.081495288003477 996.5434311047046 1 3 3 1 3 3 450 125 22 2 0 0 
1668661787.751525 20.051171875 21.979879323512044 996.5614852841072 2 3 3 2 3 3 471 132 22 2 0 0 
1668661792.885463 20.041015625 21.74224991871663 996.5587963623017 2 3 3 2 3 3 471 132 22 2 0 0 
1668661798.018502 20.0359375 21.825576431949134 996.508554976998 2 3 3 2 3 3 471 132 22 2 0 0 
1668661803.1523445 20.04609375 21.801991613804216 996.5499347926058 1 2 2 1 2 2 429 118 20 2 0 0 
1668661808.2862048 20.04609375 21.93270756461426 996.576625697284 1 2 2 1 2 2 429 118 20 2 0 0 
1668661813.420515 20.04609375 21.801769062002116 996.6119533500276 1 2 2 1 2 2 429 118 20 2 0 0 
1668661818.551148 20.04609375 21.795371920124087 996.5665320878709 1 2 2 1 2 2 399 108 16 2 0 0 
1668661823.6854033 20.04609375 21.79581719385758 996.5903089031241 1 2 2 1 2 2 399 108 16 2 0 0 
1668661828.8191206 20.04609375 21.956293256564706 996.5751686069659 1 2 2 1 2 2 399 108 16 2 0 0 
1668661833.9532528 20.041015625 21.938659196707192 996.5718040974767 1 2 2 1 2 2 399 108 18 2 0 0 
1668661839.0873444 20.041015625 21.777961527845285 996.5787581585677 1 2 2 1 2 2 396 114 12 2 0 0 
1668661844.221327 20.041015625 21.873190679213728 996.5417488648128 1 2 2 1 2 2 381 114 14 2 0 0 
1668661849.3502872 20.041015625 21.84916162513541 996.5854871246997 1 2 2 1 2 2 381 114 14 2 0 0 
1668661854.4841375 20.0359375 21.8674607296218 996.5636179888554 1 2 2 1 2 2 381 114 14 2 0 0 
1668661859.6181118 20.0359375 21.837480055343963 996.5734863521863 1 3 3 1 3 3 393 116 21 2 0 0 
1668661864.7516522 20.0359375 21.777961527845285 996.5436563221774 1 3 3 1 3 3 393 116 21 2 0 0 
1668661869.885564 20.0359375 22.016469621896793 996.5626106256464 1 3 3 1 3 3 393 116 21 2 0 0 
1668661875.0188332 20.02578125 21.903170633024637 996.5287415180954 1 3 3 1 3 3 387 118 21 2 0 0 
1668661880.1523886 20.02578125 21.808165875090936 996.5640679892122 1 3 3 1 3 3 387 118 21 2 0 0 
1668661885.2861137 20.030859375 21.83770219455697 996.592440916162 1 3 3 1 3 3 387 118 21 2 0 0 
1668661890.4201162 20.041015625 22.04071451231562 996.6111699986051 1 3 3 1 3 3 429 123 19 2 0 0 
1668661895.554347 20.02578125 22.10000669262294 996.5642928256945 1 3 3 1 3 3 429 123 19 2 0 0 
1668661900.6879714 20.020703125 21.79120128846195 996.5642928256945 1 3 3 1 3 3 429 123 19 2 0 0 
1668661905.8220935 20.020703125 21.921910043675783 996.585936772479 2 3 3 2 3 3 483 134 21 2 0 0 
1668661910.9564674 20.015625 21.981643104662904 996.5777504285923 2 3 3 2 3 3 483 134 21 2 0 0 
1668661916.0902934 20.020703125 21.86856954361335 996.556331307344 2 3 3 2 3 3 483 134 21 2 0 0 
1668661921.2242007 20.00546875 21.96378963077795 996.5712462996972 1 2 2 1 2 2 342 102 19 0 0 0 
1668661926.358212 20.010546875 21.785249812387644 996.5716953185512 1 2 2 1 2 2 342 102 19 0 0 0 
1668661931.4869204 20.010546875 21.952108031091488 996.5767417979068 1 2 2 1 2 2 306 92 15 0 0 0 
1668661936.6206987 20.015625 21.86901299315048 996.5714708636852 1 2 2 1 2 2 306 92 15 0 0 0 
1668661941.7538946 20.010546875 21.92213116588694 996.5950212959027 1 2 2 1 2 2 306 92 15 0 0 0 
1668661946.887635 20.000390625 21.85115934692753 996.5596956527088 1 2 2 1 2 2 354 103 17 0 0 0 
1668661952.020765 20.00546875 22.006108006409 996.5601446431688 1 2 2 1 2 2 354 103 17 0 0 0 
1668661957.154532 20.00546875 21.768063987605238 996.5788724317233 1 2 2 1 2 2 354 103 17 0 0 0 
1668661962.2891061 20.000390625 21.970402450209527 996.5683309993299 1 2 2 1 2 2 342 96 17 0 0 0 
1668661967.4230468 20.000390625 21.839478917092865 996.5570047107199 1 2 2 1 2 2 342 96 17 0 0 0 
1668661972.5569084 20.00546875 21.88686654702239 996.5675457308439 1 2 2 1 2 2 342 96 17 0 0 0 
1668661977.691355 20.000390625 22.03608212673889 996.5692278361078 1 3 3 1 3 3 393 113 22 2 0 0 
1668661982.8244874 19.9953125 21.923236613961873 996.5752839566771 1 3 3 1 3 3 393 113 22 2 0 0 
1668661987.9588118 19.9953125 21.798265422474522 996.5839188305536 1 3 3 1 3 3 393 113 22 2 0 0 
1668661993.0921123 19.98515625 21.88730954052273 996.5629472876773 1 2 2 1 2 2 378 110 17 2 0 0 
1668661998.2260847 19.98515625 21.827576531454838 996.5654153712478 1 2 2 1 2 2 378 110 17 2 0 0 
1668662003.3594124 20.000390625 21.83374983958936 996.515624872642 1 2 2 1 2 2 357 95 14 2 0 0 
1668662008.4925494 19.9953125 21.923015546077657 996.5610413147033 1 2 2 1 2 2 357 95 14 2 0 0 
1668662013.625692 19.9953125 22.024180555838967 996.5502761835545 1 2 2 1 2 2 357 95 14 2 0 0 
1668662018.75854 20.00546875 21.994206195386475 996.5637332390027 1 2 2 1 2 2 357 99 14 2 0 0 
1668662023.8919241 19.990234375 22.065835874425474 996.5423141602635 1 2 2 1 2 2 357 99 14 2 0 0 
1668662029.0259354 19.9953125 21.964672085694044 996.5822366975403 1 2 2 1 2 2 357 99 14 2 0 0 
1668662034.159301 19.990234375 21.935138396206817 996.554088891246 1 2 2 1 2 2 369 102 14 2 0 0 
1668662039.2931442 19.98515625 21.91750683322811 996.5709099414415 1 2 2 1 2 2 369 102 14 2 0 0 
1668662044.4267375 19.990234375 21.845652067177614 996.5528548215417 1 2 2 1 2 2 369 102 14 2 0 0 
1668662049.5599222 19.9953125 22.096027502582583 996.5579010542953 1 2 2 1 2 2 375 109 14 4 0 0 
1668662054.6932995 19.98515625 21.94704013740968 996.5494906667217 1 2 2 1 2 2 375 109 14 4 0 0 
1668662059.8214736 19.98515625 21.947260919388253 996.5562189766408 1 2 2 1 2 2 375 109 14 4 0 0 
1668662064.9521744 19.98515625 21.941530962549777 996.5391741325423 1 2 2 1 2 2 396 116 14 4 0 0 
1668662070.081254 19.980078125 21.935359315705046 996.5894131047208 1 2 2 1 2 2 396 116 14 4 0 0 
1668662075.2152894 19.98515625 22.102197015970937 996.5377161270512 1 2 2 1 2 2 396 116 14 4 0 0 
1668662080.348858 19.990234375 21.941972609699867 996.5627234061276 1 2 2 1 2 2 396 113 14 4 0 0 
1668662085.4804974 19.975 21.935580224337954 996.5766275770634 1 2 2 1 2 2 417 111 14 0 0 0 
1668662090.6120543 19.980078125 21.977235176359716 996.5946831564532 1 2 2 1 2 2 426 116 16 0 0 0 
1668662095.7407186 19.98515625 21.947260919388253 996.5896368784105 1 2 2 1 2 2 426 116 16 0 0 0 
1668662100.87446 19.98515625 21.834416104949614 996.5940116300995 1 2 2 1 2 2 426 116 16 0 0 0 
1668662106.0050995 19.98515625 22.000817628078636 996.5480324839052 1 2 2 1 2 2 414 109 18 0 0 0 
1668662111.1386328 19.98515625 21.94704013740968 996.5360340502345 1 2 2 1 2 2 414 109 18 0 0 0 
1668662116.2689705 19.98515625 21.869678085963915 996.593787569757 1 2 2 1 2 2 414 109 18 0 0 0 
1668662121.401203 19.9953125 21.964672085694044 996.5673216717594 1 2 4 1 2 4 426 120 20 2 2 2 
1668662126.5307302 19.990234375 21.821847570958077 996.5439962644803 1 2 4 1 2 4 426 120 20 2 2 2 
1668662131.6629393 20.000390625 21.905162589473594 996.5408562230588 1 2 4 1 2 4 426 120 20 2 2 2 
1668662136.7924094 19.990234375 21.875407456585044 996.5507246820448 1 3 4 1 3 4 456 129 25 2 2 2 
1668662141.9246604 19.98515625 21.827798710404092 996.5459024950273 1 3 4 1 3 4 456 129 25 2 2 2 
1668662147.0557764 19.990234375 22.041813193212796 996.5639574343201 1 3 4 1 3 4 456 129 25 2 2 2 
1668662152.1894248 19.9953125 21.959162482030322 996.5841428631451 1 3 4 1 3 4 456 132 23 2 2 2 
1668662157.3206825 19.990234375 21.958721182245398 996.5641815205255 1 3 4 1 3 4 456 132 23 2 2 2 
1668662162.453674 19.9953125 21.964672085694044 996.572143900927 1 3 4 1 3 4 456 132 23 2 2 2 
1668662167.5846646 20.000390625 21.923236613961873 996.5488183692994 2 2 2 2 2 2 543 164 10 0 0 0 
1668662172.7140257 19.9953125 21.86372708710599 996.5124849821345 2 2 2 2 2 2 543 164 10 0 0 0 
1668662177.845942 19.9953125 21.798265422474522 996.5553225788238 2 2 2 2 2 2 507 155 10 0 0 0 
1668662182.9791803 19.990234375 21.86350533160434 996.572592046845 2 2 2 2 2 2 507 155 10 0 0 0 
1668662188.111487 19.9953125 21.940868410334925 996.5656395530049 2 2 2 2 2 2 507 155 10 0 0 0 
1668662193.2398486 19.9953125 21.887088049205335 996.590647363305 2 2 2 2 2 2 513 157 12 0 0 0 
1668662198.3736858 19.990234375 21.964672085694044 996.5841428631451 2 2 2 2 2 2 513 157 12 0 0 0 
1668662203.5057812 19.9953125 21.93491746584326 996.5442204043014 2 2 2 2 2 2 513 157 12 0 0 0 
1668662208.6353297 19.9953125 21.89370337961489 996.5675457308439 2 2 2 2 2 2 540 164 12 0 0 0 
1668662213.7677748 19.990234375 21.875407456585044 996.5694517725226 2 2 2 2 2 2 540 164 12 0 0 0 
1668662218.9017994 19.9953125 21.88730954052273 996.5608173104864 2 2 2 2 2 2 540 164 12 0 0 0 
1668662224.0359428 19.98515625 22.000817628078636 996.5709099414415 3 4 4 3 4 4 561 171 14 2 0 0 
1668662229.1687868 19.980078125 21.98340619044625 996.5833558372094 3 4 4 3 4 4 561 171 14 2 0 0 
1668662234.300191 19.98515625 21.91750683322811 996.5629472876773 3 4 4 3 4 4 561 171 14 2 0 0 
1668662239.4276078 19.98515625 21.864392288417015 996.5547607393034 2 4 4 2 4 4 618 190 21 2 0 0 
1668662244.559477 19.98515625 22.102415988550653 996.5732634474093 2 4 4 2 4 4 618 190 21 2 0 0 
1668662249.6931682 19.969921875 21.995747742696707 996.5402933984976 1 2 3 1 2 3 417 130 22 4 2 0 
1668662254.8280628 19.975 21.834860227527503 996.5602542034148 1 2 3 1 2 3 417 130 22 4 2 0 
1668662259.9578826 19.975 21.888416834126524 996.5602542034148 1 2 3 1 2 3 417 130 22 4 2 0 
1668662265.0875099 19.96484375 21.924783784920812 996.5386113758525 1 2 2 1 2 2 369 116 17 2 0 0 
1668662270.216633 19.969921875 22.04335089014576 996.5373763502217 1 2 2 1 2 2 369 116 17 2 0 0 
1668662275.3434975 19.959765625 22.013598999935155 996.5522909899432 1 2 2 1 2 2 369 116 17 2 0 0 
1668662280.4778411 19.96484375 21.852934360762795 996.5487035127699 1 2 2 1 2 2 390 121 17 2 0 0 
1668662285.6069665 19.975 22.031010602158993 996.5852613894795 1 2 2 1 2 2 390 121 17 2 0 0 
1668662290.7358315 19.975 21.97194592274801 996.5600306220499 1 2 2 1 2 2 390 121 17 2 0 0 
1668662295.8651683 19.969921875 21.84058901554019 996.5682172534516 1 2 2 1 2 2 438 135 19 2 0 0 
1668662300.9980984 19.975 21.91794905219087 996.5516203697309 1 2 2 1 2 2 438 135 19 2 0 0 
1668662306.1314192 19.980078125 21.894367516895198 996.591542622044 1 2 2 1 2 2 438 135 19 2 0 0 
1668662311.2633698 19.96484375 21.977455592813005 996.5583485714465 1 2 2 1 2 2 444 137 16 2 0 0 
1668662316.3951917 19.980078125 21.935801122105538 996.554984470449 1 2 2 1 2 2 444 137 16 2 0 0 
1668662321.526598 19.975 21.763004353074223 996.5463504202302 1 2 2 1 2 2 444 137 16 2 0 0 
1668662326.6570947 19.980078125 21.804883798430588 996.5595831320193 1 2 2 1 2 2 453 140 20 2 0 0 
1668662331.7873223 19.975 21.78725365734385 996.5898605429934 2 3 5 2 3 5 459 139 30 2 2 0 
1668662336.9193904 19.980078125 21.828687317542904 996.5648531244957 2 3 4 2 3 4 444 132 26 2 2 0 
1668662342.052458 19.975 21.94175179155747 996.5533024200549 2 3 4 2 3 4 444 132 26 2 2 0 
1668662347.1857712 19.980078125 21.91750683322811 996.6115040878014 2 3 4 2 3 4 444 132 26 2 2 0 
1668662352.3153367 19.980078125 21.91199834169969 996.5843667866251 1 2 4 1 2 4 423 123 19 2 2 0 
1668662357.4425783 19.980078125 21.828687317542904 996.5696755998305 1 2 4 1 2 4 423 123 19 2 2 0 
1668662362.569676 19.975 21.888195397136847 996.5566665209128 1 2 4 1 2 4 423 123 19 2 2 0 
1668662367.6968477 19.975 21.870786356673758 996.5718049782288 1 2 4 1 2 4 417 118 15 2 2 0 
1668662372.828524 19.980078125 22.013159024715307 996.592777317134 1 2 4 1 2 4 417 118 15 2 2 0 
1668662377.9620242 19.980078125 22.01910956078968 996.581450148787 1 2 4 1 2 4 417 118 15 2 2 0 
1668662383.0952744 19.98515625 21.82846518205693 996.5812264164019 1 2 4 1 2 4 429 123 17 2 2 0 
1668662388.2284706 19.98515625 21.92940849847302 996.5877309986192 1 2 4 1 2 4 429 123 17 2 2 0 
1668662393.3626337 19.98515625 22.048642495894427 996.5559950408497 1 2 4 1 2 4 429 123 17 2 2 0 
1668662398.4956129 19.980078125 21.73302577379695 996.5562189766408 2 3 4 2 3 4 441 127 17 2 2 0 
1668662403.6297612 19.98515625 22.02462034295143 996.5559950408497 2 3 4 2 3 4 441 127 17 2 2 0 
1668662408.7635999 19.98515625 21.745374282462947 996.5646293656107 2 3 4 2 3 4 441 127 17 2 2 0 
1668662413.8976552 19.975 22.006988405716687 996.5877309986192 1 1 1 1 1 1 411 121 14 0 0 0 
1668662419.032946 19.969921875 22.018889625639137 996.5266134758177 1 1 1 1 1 1 411 121 14 0 0 0 
1668662424.1679423 19.975 21.935580224337954 996.5530786753493 1 1 1 1 1 1 411 119 14 0 0 0 
1668662429.300048 19.969921875 21.75132528022887 996.5280716725232 1 1 1 1 1 1 411 119 14 0 0 0 
1668662434.4319317 19.98515625 21.983185842751205 996.572592046845 1 1 1 1 1 1 411 119 14 0 0 0 
1668662439.5623198 19.980078125 22.00125792178712 996.5713576780435 1 2 3 1 2 3 420 121 21 4 2 0 
1668662444.6961753 19.980078125 22.000817628078636 996.5564428033276 1 2 3 1 2 3 420 121 21 4 2 0 
1668662449.8256657 19.98515625 21.870121426844726 996.5526308586298 1 2 3 1 2 3 420 121 21 4 2 0 
1668662454.9588294 19.98515625 22.006548227792837 996.572592046845 0 2 4 0 2 4 426 116 25 6 2 0 
1668662460.0885658 19.98515625 22.024180555838967 996.5608173104864 0 2 4 0 2 4 426 116 25 6 2 0 
1668662465.2197018 19.980078125 21.923457670980707 996.5312118502964 0 2 4 0 2 4 426 116 25 6 2 0 
1668662470.350283 19.980078125 21.899654258408624 996.5656395530049 0 2 3 0 2 3 396 109 23 6 2 0 
1668662475.4857426 19.990234375 21.952770268535996 996.5843667866251 0 2 3 0 2 3 396 109 23 6 2 0 
1668662480.617718 19.990234375 21.804438966474898 996.5624994154709 0 2 3 0 2 3 396 109 23 6 2 0 
1668662485.7524664 19.975 21.92940849847302 996.5595831320193 0 2 3 0 2 3 396 111 21 6 2 0 
1668662490.8815496 19.98515625 21.905605126942067 996.5742741523184 0 2 3 0 2 3 396 111 21 6 2 0 
1668662496.0106192 19.980078125 22.0127190060356 996.5293057436668 2 3 3 2 3 3 450 126 24 4 0 0 
1668662501.141479 19.975 21.846539849149114 996.5513966114647 2 3 3 2 3 3 450 126 24 4 0 0 
1668662506.275691 19.98515625 22.001037780365387 996.5715813826869 2 3 3 2 3 3 450 126 24 4 0 0 
1668662511.406453 19.975 21.792981977315556 996.5600306220499 2 3 3 2 3 3 429 122 22 4 0 0 
1668662516.540344 19.969921875 21.9360220090078 996.5530786753493 2 3 3 2 3 3 429 122 22 4 0 0 
1668662521.6710744 19.969921875 21.912219503643772 996.5230255249021 2 3 3 2 3 3 429 122 22 4 0 0 
1668662526.8038085 19.975 22.025279942133285 996.5696755998305 1 3 3 1 3 3 429 119 22 4 0 0 
1668662531.9366314 19.975 21.852490672498227 996.5768511319242 1 3 3 1 3 3 429 119 22 4 0 0 
1668662537.0661542 19.980078125 21.935801122105538 996.5785331832955 1 3 3 1 3 3 429 119 22 4 0 0 
1668662542.1982846 19.969921875 21.941530962549777 996.5768511319242 1 2 3 1 2 3 402 110 18 4 0 0 
1668662547.3302271 19.969921875 21.912219503643772 996.5383877273001 1 2 3 1 2 3 402 110 18 4 0 0 
1668662552.4624321 19.975 22.019329485075286 996.5579010542953 1 2 3 1 2 3 402 110 18 4 0 0 
1668662557.5907888 19.969921875 21.864614000456054 996.5494906667217 1 2 2 1 2 2 375 105 20 2 0 0 
1668662562.724506 19.980078125 21.876293863296556 996.5367056911647 1 2 2 1 2 2 375 105 20 2 0 0 
1668662567.8502657 19.980078125 21.905605126942067 996.5480324839052 1 2 2 1 2 2 375 105 20 2 0 0 
1668662572.9818707 19.975 22.006988405716687 996.5432101191573 1 2 2 1 2 2 327 94 18 2 0 0 
1668662578.1124635 19.98515625 21.840145008758554 996.554088891246 1 1 1 1 1 1 345 102 8 0 0 0 
1668662583.2435236 19.9953125 21.970843496689177 996.572592046845 1 2 2 1 2 2 336 104 10 0 0 0 
1668662588.3754616 19.990234375 21.88730954052273 996.5591352055715 1 2 2 1 2 2 336 104 10 0 0 0 
1668662593.5039616 19.98515625 21.900096889937892 996.5764039131011 1 2 2 1 2 2 336 104 10 0 0 0 
1668662598.6361237 19.990234375 21.857110572596408 996.5538647236779 1 1 1 1 1 1 324 97 8 0 0 0 
1668662603.7674918 19.9953125 21.86923470162059 996.597599821281 1 1 1 1 1 1 324 97 8 0 0 0 
1668662608.8960662 19.9953125 21.791646525871293 996.5769661029716 1 1 1 1 1 1 324 97 8 0 0 0 
1668662614.0292263 19.9953125 21.67901714602708 996.5925534614564 1 2 2 1 2 2 345 108 8 0 0 0 
1668662619.1599388 19.9953125 21.899654258408624 996.5877309986192 1 2 2 1 2 2 345 108 8 0 0 0 
1668662624.2919478 20.00546875 21.94659854085672 996.5774143857531 1 2 2 1 2 2 345 108 8 0 0 0 
1668662629.4186466 19.9953125 21.822069807805963 996.5940116300995 1 2 2 1 2 2 339 104 6 0 0 0 
1668662634.5456557 19.990234375 21.89876886496419 996.5420898977724 1 2 2 1 2 2 339 104 6 0 0 0 
1668662639.6747198 19.98515625 22.04820328056014 996.5557709959514 1 2 2 1 2 2 339 104 6 0 0 0 
1668662644.8039527 19.9953125 21.94131012267679 996.5593592233489 1 1 1 1 1 1 312 95 8 0 0 0 
1668662649.9358768 19.98515625 22.05437350568604 996.5494906667217 1 1 1 1 1 1 312 95 8 0 0 0 
1668662655.067608 19.98515625 21.869899761837136 996.514615280263 1 1 1 1 1 1 312 95 8 0 0 0 
1668662660.2006657 19.990234375 21.94748169050155 996.5810025749103 1 2 2 1 2 2 438 118 18 2 0 0 
1668662665.3346224 19.975 21.887973949281633 996.554984470449 1 2 2 1 2 2 438 118 18 2 0 0 
1668662670.4625006 19.98515625 21.744704955238387 996.592777317134 1 2 2 1 2 2 372 99 20 2 0 0 
1668662675.5925233 19.980078125 21.99508714475404 996.5448921691324 1 2 2 1 2 2 372 99 20 2 0 0 
1668662680.7260191 19.98515625 22.013159024715307 996.5978236362772 1 2 2 1 2 2 372 99 20 2 0 0 
1668662685.8554752 19.98515625 22.0127190060356 996.5528548215417 1 2 2 1 2 2 372 97 18 2 0 0 
1668662690.9863691 19.98515625 21.88202311872938 996.5141670579735 1 2 2 1 2 2 372 97 18 2 0 0 
1668662696.1152084 19.98515625 21.989356777819687 996.5793204691576 1 2 2 1 2 2 372 97 18 2 0 0 
1668662701.2404335 19.98515625 21.99508714475404 996.6014115281547 1 2 2 1 2 2 363 90 16 2 0 0 
1668662706.37193 20.000390625 22.090076962378212 996.5679935216876 1 2 2 1 2 2 363 90 16 2 0 0 
1668662711.5036533 19.98515625 21.756384359842038 996.5624994154709 1 2 2 1 2 2 363 90 16 2 0 0 
1668662716.6345167 19.98515625 21.994646691800362 996.5677696808192 1 2 2 1 2 2 390 102 19 2 0 0 
1668662721.7663133 19.9953125 21.994426449025944 996.5790965049963 1 2 2 1 2 2 390 102 19 2 0 0 
1668662726.900769 19.9953125 21.726404596381546 996.5908713416545 1 2 2 1 2 2 390 102 19 2 0 0 
1668662732.0340817 19.98515625 22.024400454827656 996.5273995008814 1 3 3 1 3 3 405 106 19 4 0 0 
1668662737.1672595 19.9953125 21.780412025740485 996.5822366975403 1 3 3 1 3 3 405 106 19 4 0 0 
1668662742.302036 19.9953125 21.96489267226008 996.5774143857531 2 3 3 2 3 3 528 153 19 2 0 0 
1668662747.436042 19.980078125 21.923457670980707 996.5293057436668 2 3 3 2 3 3 528 153 19 2 0 0 
1668662752.5701487 20.000390625 21.976794310857752 996.5870589822049 2 3 3 2 3 3 528 153 19 2 0 0 
1668662757.7020094 19.990234375 21.92279446732806 996.5589110786848 2 4 4 2 4 4 522 156 23 2 0 0 
1668662762.836195 19.9953125 21.82162532324434 996.5856009636367 2 4 4 2 4 4 522 156 23 2 0 0 
1668662767.9692352 20.000390625 21.994426449025944 996.5858249826679 2 4 4 2 4 4 522 156 23 2 0 0 
1668662773.100295 19.9953125 21.958279838999594 996.572368028442 2 3 3 2 3 3 474 140 21 2 0 0 
1668662778.2342546 20.000390625 21.875629074561324 996.5889652300124 2 3 3 2 3 3 474 140 21 2 0 0 
1668662783.3681676 19.9953125 21.727074607715277 996.5670975035629 2 3 3 2 3 3 474 140 21 2 0 0 
1668662788.5016775 19.990234375 21.827576531454838 996.5425383136452 2 3 3 2 3 3 465 140 25 2 0 0 
1668662793.635486 20.00546875 22.000157106028233 996.5687796359477 2 3 3 2 3 3 465 140 25 2 0 0 
1668662798.7684336 19.98515625 21.756384359842038 996.5418655261687 2 3 3 2 3 3 465 140 25 2 0 0 
1668662803.9024184 19.990234375 21.7506561593067 996.5870589822049 2 3 3 2 3 3 438 133 23 2 0 0 
1668662809.0353339 19.9953125 21.86350533160434 996.5360340502345 2 3 3 2 3 3 438 133 23 2 0 0 
1668662814.169853 19.990234375 22.030351176651557 996.5225774382161 2 3 3 2 3 3 438 133 23 2 0 0 
1668662819.303919 19.990234375 21.708997515357584 996.5595831320193 2 3 3 2 3 3 486 144 25 2 0 0 
1668662824.4368932 19.98515625 21.99486692370973 996.5559950408497 1 2 2 1 2 2 495 143 23 2 0 0 
1668662829.5709798 19.990234375 21.756830335520807 996.5446683566249 1 3 3 1 3 3 501 148 25 2 0 0 
1668662834.7049313 19.990234375 21.940868410334925 996.572592046845 1 3 3 1 3 3 501 148 25 2 0 0 
1668662839.8369336 19.980078125 21.709221047908557 996.5408562230588 1 3 3 1 3 3 501 148 25 2 0 0 
1668662844.970863 19.9953125 22.006548227792837 996.5093450370426 1 3 3 1 3 3 501 148 30 2 0 0 
1668662850.1002636 19.9953125 21.863948831741986 996.554088891246 1 3 3 1 3 3 501 148 30 2 0 0 
1668662855.2348378 19.9953125 21.79848792351663 996.5887411289882 1 3 3 1 3 3 501 148 30 2 0 0 
1668662860.3689976 19.9953125 22.053934406133106 996.5755081661855 1 2 2 1 2 2 465 139 28 2 0 0 
1668662865.502527 20.000390625 21.880915372659643 996.5456783687665 1 2 2 1 2 2 465 139 28 2 0 0 
1668662870.6362684 20.00546875 21.768286854209933 996.5704617684024 1 2 2 1 2 2 465 139 28 2 0 0 
1668662875.7704792 20.00546875 22.065835874425474 996.5502761835545 2 3 3 2 3 3 459 134 28 2 0 0 
1668662880.9042618 20.000390625 21.809500479931046 996.5300906087613 2 3 3 2 3 3 459 134 28 2 0 0 
1668662886.036338 20.00546875 21.85115934692753 996.5303150752881 2 3 3 2 3 3 459 134 28 2 0 0 
1668662891.1693077 19.9953125 21.85115934692753 996.5586868426858 2 3 3 2 3 3 438 129 28 2 0 0 
1668662896.3032959 20.00546875 21.970402450209527 996.5574531007265 2 3 3 2 3 3 438 129 28 2 0 0 
1668662901.4367616 20.00546875 21.684520862140882 996.5586868426858 2 3 3 2 3 3 438 129 28 2 0 0 
1668662906.5697627 19.9953125 22.018009776387565 996.5519583152411 2 3 3 2 3 3 537 162 16 2 0 0 
1668662911.7036285 20.00546875 21.93469652461437 996.5603689747217 1 2 2 1 2 2 537 162 16 2 0 0 
1668662916.837924 20.00546875 21.69069614658259 996.5685553721974 1 2 2 1 2 2 495 148 14 2 0 0 
1668662921.9714296 20.00546875 21.81522943921829 996.5536404469976 1 2 2 1 2 2 495 148 14 2 0 0 
1668662927.1053698 20.010546875 21.910671141861087 996.5529669622586 1 2 2 1 2 2 495 148 14 2 0 0 
1668662932.2397413 20.015625 21.803326696431878 996.5746106734404 2 3 3 2 3 3 543 162 14 2 0 0 
1668662937.3737767 20.02578125 21.672617805390743 996.5577888075189 2 3 3 2 3 3 543 162 14 2 0 0 
1668662942.5067189 20.015625 21.999496486192573 996.5498272486053 2 3 3 2 3 3 543 162 14 2 0 0 
1668662947.6406257 20.020703125 22.005667741565162 996.581339421764 1 2 2 1 2 2 522 157 14 2 0 0 
1668662952.7734728 20.015625 21.946156900842656 996.5748352103069 1 2 2 1 2 2 522 157 14 2 0 0 
1668662957.9071639 20.020703125 21.743142811397068 996.5743860274489 1 2 2 1 2 2 522 157 14 2 0 0 
1668662963.0416887 20.020703125 21.82668770699954 996.5561066213107 2 3 3 2 3 3 579 173 14 2 0 0 
1668662968.1743908 20.020703125 21.731462743268107 996.5607035620649 2 3 3 2 3 3 579 173 14 2 0 0 
1668662973.308444 20.02578125 21.98759424210116 996.586161432673 2 3 3 2 3 3 579 173 14 2 0 0 
1668662978.442127 20.02578125 21.755046172017977 996.5411917566585 2 3 3 2 3 3 600 178 14 2 0 0 
1668662983.5750618 20.020703125 21.92808240594218 996.5741612723306 3 4 4 3 4 4 600 178 14 2 0 0 
1668662988.709913 20.015625 21.886423510059835 996.5926656312431 0 2 3 0 2 3 366 104 26 2 2 0 
1668662993.8456373 20.02578125 21.689577180625562 996.5695641129307 0 2 3 0 2 3 366 104 26 2 2 0 
1668662998.9795697 20.020703125 21.77907555351572 996.5376025776307 0 2 3 0 2 3 366 104 26 2 2 0 
1668663004.1134996 20.02578125 21.885980429635055 996.5760682279856 0 1 2 0 1 2 360 97 22 2 2 0 
1668663009.2473433 20.020703125 21.903613366071635 996.5539747086078 0 1 2 0 1 2 360 97 22 2 2 0 
1668663014.3803306 20.020703125 21.832861333654527 996.5506102822984 0 1 2 0 1 2 360 97 22 2 2 0 
1668663019.5101285 20.030859375 21.761220826637373 996.5674324166389 0 1 2 0 1 2 324 90 22 2 2 0 
1668663024.64452 20.030859375 21.825798708690893 996.5638430436001 0 1 2 0 1 2 324 90 22 2 2 0 
1668663029.7771528 20.04609375 21.861730896427243 996.5955805759929 0 1 2 0 1 2 324 90 22 2 2 0 
1668663034.9103155 20.051171875 21.902949250202912 996.6069065406072 0 1 1 0 1 1 318 88 19 0 0 0 
1668663040.044093 20.0359375 21.777515841514667 996.5530739458977 0 1 1 0 1 1 318 88 19 0 0 0 
1668663045.1771715 20.05625 21.979879323512044 996.5713535779096 0 1 1 0 1 1 318 88 19 0 0 0 
1668663050.311552 20.051171875 21.717994912350253 996.5451133446666 0 1 1 0 1 1 333 93 19 0 0 0 
1668663055.4454815 20.051171875 21.884872538425746 996.5751686069659 0 1 1 0 1 1 333 93 19 0 0 0 
1668663060.5785186 20.051171875 21.95607247085687 996.5362512747164 0 1 1 0 1 1 333 93 19 0 0 0 
1668663065.7096114 20.061328125 21.932265453984336 996.5781721846657 0 1 1 0 1 1 354 103 19 0 0 0 
1668663070.8444278 20.071484375 21.675657533061088 996.5726741459771 1 4 6 1 4 6 438 132 23 12 4 2 
1668663075.9780898 20.06640625 21.765611737790465 996.5529377499515 1 3 5 1 3 5 405 121 16 10 2 2 
1668663081.1120284 20.061328125 21.949678990503433 996.5461193588224 1 3 5 1 3 5 405 121 16 10 2 2 
1668663086.2460012 20.05625 21.694186253304103 996.5849013699101 1 3 5 1 3 5 405 121 16 10 2 2 
1668663091.381597 20.05625 21.7534844584793 996.5394793911958 0 2 2 0 2 2 390 117 16 8 0 0 
1668663096.512722 20.061328125 21.89611164154258 996.5394793911958 0 2 2 0 2 2 390 117 16 8 0 0 
1668663101.6444535 20.05625 21.75943660476777 996.5411616857957 0 2 2 0 2 2 390 117 16 8 0 0 
1668663106.7759264 20.061328125 21.813227906361234 996.5529377499515 1 3 3 1 3 3 447 131 23 8 0 0 
1668663111.9078634 20.06640625 21.967975917711627 996.5630315219515 2 4 4 2 4 4 447 131 23 8 0 0 
1668663117.0380967 20.06640625 21.932265453984336 996.5529377499515 2 4 4 2 4 4 447 131 23 8 0 0 
1668663122.1697924 20.051171875 21.902506451963003 996.5696712961483 2 4 4 2 4 4 474 138 28 6 0 0 
1668663127.2996075 20.05625 21.812783001757005 996.5628059199163 2 4 4 2 4 4 474 138 28 6 0 0 
1668663132.434569 20.061328125 21.729452350216306 996.5344325078145 2 4 4 2 4 4 474 138 28 6 0 0 
1668663137.5636666 20.071484375 21.85444757311918 996.5642625314325 2 4 4 2 4 4 486 141 28 4 0 0 
1668663142.6985378 20.06640625 22.026832589147627 996.5322984120861 2 4 4 2 4 4 486 141 28 4 0 0 
1668663147.8293235 20.071484375 21.776847230523227 996.5575332410539 1 3 3 1 3 3 486 141 28 4 0 0 
1668663152.960113 20.06640625 21.81873511417234 996.5726741459771 1 2 2 1 2 2 483 152 21 2 0 0 
1668663158.089186 20.06640625 22.002804960741408 996.5440746636488 1 2 2 1 2 2 483 152 21 2 0 0 
1668663163.222469 20.0765625 21.848273466274293 996.54575698558 1 3 3 1 3 3 513 157 23 2 0 0 
1668663168.3565311 20.0765625 21.973045199370162 996.54575698558 2 4 4 2 4 4 513 157 23 2 0 0 
1668663173.4881043 20.071484375 21.770672016663323 996.5320723476573 2 4 4 2 4 4 513 157 23 2 0 0 
1668663178.6217074 20.08671875 21.764719684601523 996.5436226154894 2 3 3 2 3 3 477 145 23 2 0 0 
1668663183.752857 20.081640625 21.80021089514058 996.5133403444804 1 2 2 1 2 2 477 145 23 2 0 0 
1668663188.886293 20.081640625 21.88883005153853 996.5318461740748 1 2 2 1 2 2 477 145 23 2 0 0 
1668663194.0170245 20.091796875 21.75214542309368 996.5782739236909 1 2 2 1 2 2 384 121 21 2 0 0 
1668663199.1458886 20.091796875 21.840988359567127 996.5147962739289 1 2 2 1 2 2 384 121 21 2 0 0 
1668663204.2774684 20.096875 21.960699669555584 996.5280287482772 1 2 2 1 2 2 384 121 21 2 0 0 
1668663209.4081898 20.096875 21.68093794064236 996.5232080817597 1 2 2 1 2 2 399 128 25 2 0 0 
1668663214.5403574 20.081640625 21.668584347367887 996.5431701307066 1 2 2 1 2 2 399 128 25 2 0 0 
1668663219.6748574 20.091796875 21.70430082165201 996.5431701307066 2 3 3 2 3 3 399 128 25 2 0 0 
1668663224.8065403 20.096875 21.805495491890603 996.5364406267062 2 3 3 2 3 3 390 121 22 2 0 0 
1668663229.9382138 20.096875 21.847163023218627 996.5448525068812 2 3 3 2 3 3 390 121 22 2 0 0 
1668663235.069594 20.101953125 21.71598259688342 996.5448525068812 1 3 3 1 3 3 405 121 27 2 0 0 
1668663240.2021272 20.096875 21.811670550092998 996.5364406267062 1 3 3 1 3 3 405 121 27 2 0 0 
1668663245.3363461 20.101953125 21.799089027915123 996.522981622058 1 3 3 1 3 3 405 121 27 2 0 0 
1668663250.4680045 20.112109375 21.709797510295815 996.51625212141 2 3 3 2 3 3 411 125 25 2 0 0 
1668663255.6002724 20.101953125 21.888378235695093 996.5583115187932 2 3 3 2 3 3 411 125 25 2 0 0 
1668663260.7310603 20.10703125 21.822899709174074 996.5626795917196 2 3 3 2 3 3 411 125 25 2 0 0 
1668663265.8607035 20.112109375 21.834804988207832 996.5191635704608 1 3 3 1 3 3 384 116 21 2 0 0 
1668663270.9923067 20.112109375 21.858171400557737 996.5540408655855 1 3 3 1 3 3 384 116 21 2 0 0 
1668663276.126144 20.1171875 21.644091114539325 996.5239840039947 1 3 3 1 3 3 384 116 21 2 0 0 
1668663281.2573583 20.1171875 21.751467172631497 996.5492202526679 1 3 3 1 3 3 372 112 21 2 0 0 
1668663286.3869753 20.1171875 21.644091114539325 996.543946281607 1 3 3 1 3 3 372 112 21 2 0 0 
1668663291.517656 20.10703125 21.73933822500253 996.5422638511883 1 3 3 1 3 3 372 112 21 2 0 0 
1668663296.6486173 20.10703125 21.721479591981357 996.555723296493 1 3 3 1 3 3 393 116 21 2 0 0 
1668663301.7755327 20.10703125 21.810771833130268 996.5609971740937 1 3 3 1 3 3 393 116 21 2 0 0 
1668663306.9041963 20.112109375 21.858171400557737 996.5689561204438 1 3 3 1 3 3 393 116 21 2 0 0 
1668663312.0353203 20.1171875 21.72765599860682 996.5256664200839 2 3 3 2 3 3 429 128 21 2 0 0 
1668663317.1698134 20.1171875 21.780785098759548 996.5138895089258 2 2 2 2 2 2 459 133 15 0 0 0 
1668663322.3046677 20.1171875 21.602644640164712 996.5372165603517 2 2 2 2 2 2 447 131 19 0 0 0 
1668663327.438235 20.12734375 21.864124121138783 996.5456287120955 2 2 2 2 2 2 447 131 19 0 0 0 
1668663332.571901 20.122265625 21.822677290758254 996.5740034559452 2 2 2 2 2 2 447 131 19 0 0 0 
1668663337.7066584 20.1171875 21.86963304051794 996.5302599024852 2 3 3 2 3 3 453 136 17 0 0 0 
1668663342.8363621 20.12734375 21.792468012606594 996.5672736754163 2 3 3 2 3 3 453 136 17 0 0 0 
1668663347.9661562 20.1171875 21.851774466193763 996.5451749715631 2 3 3 2 3 3 453 136 17 0 0 0 
1668663353.1002636 20.122265625 21.786737952804106 996.5201652430078 2 3 3 2 3 3 489 150 26 0 0 0 
1668663358.2347858 20.12734375 21.798198188808847 996.5367626842088 2 3 3 2 3 3 489 150 26 0 0 0 
1668663363.3685644 20.1375 21.91681271943713 996.55336029444 2 3 3 2 3 3 489 150 26 0 0 0 
1668663368.5021396 20.1171875 21.708902545126023 996.5418100564118 2 3 3 2 3 3 510 152 26 0 0 0 
1668663373.6360605 20.132421875 21.649370832642127 996.5497682489433 2 3 3 2 3 3 510 152 26 0 0 0 
1668663378.7668715 20.132421875 21.738668016359366 996.5485398869938 2 3 3 2 3 3 510 152 26 0 0 0 
1668663383.9002728 20.1375 21.726761858666716 996.5468574292436 2 3 3 2 3 3 510 150 26 0 0 0 
1668663389.029331 20.1375 21.780339244876412 996.5586346349623 2 3 3 2 3 3 510 150 26 0 0 0 
1668663394.1589305 20.132421875 21.81010410009599 996.5535872606638 2 3 3 2 3 3 510 150 26 0 0 0 
1668663399.291887 20.132421875 21.8158345096947 996.5497682489433 2 3 3 2 3 3 480 141 35 0 0 0 
1668663404.4210436 20.1478515625 21.779893347529 996.539446047264 2 3 3 2 3 3 480 141 35 0 0 0 
1668663409.5526466 20.1478515625 21.71440824966211 996.5115258326232 2 3 3 2 3 3 453 131 26 0 0 0 
1668663414.686181 20.1478515625 21.785846476639964 996.5396733403369 2 3 3 2 3 3 453 131 26 0 0 0 
1668663419.813167 20.1478515625 21.797529945386273 996.527213458583 2 3 3 2 3 3 453 131 26 0 0 0 
1668663424.945949 20.1478515625 21.6308370986441 996.556043765304 2 3 3 2 3 3 453 138 30 0 0 0 
1668663430.0769334 20.1478515625 21.82112005760298 996.5358536217855 2 3 3 2 3 3 453 138 30 0 0 0 
1668663435.211335 20.1529296875 21.7260911396153 996.5377635491797 2 3 3 2 3 3 453 138 30 0 0 0 
1668663440.3421497 20.1478515625 21.803483112461098 996.5392186450067 2 3 3 2 3 3 441 134 32 2 0 0 
1668663445.4713063 20.142578125 21.64869743154447 996.5630010277799 2 3 3 2 3 3 441 134 32 2 0 0 
1668663450.6058247 20.142578125 21.672735267811728 996.5526787406859 2 3 3 2 3 3 441 134 32 2 0 0 
1668663455.735106 20.142578125 21.547261998673434 996.556043765304 2 3 3 2 3 3 447 137 29 2 0 0 
1668663460.8659976 20.1529296875 21.59489104789454 996.5444935419363 2 3 3 2 3 3 447 137 29 2 0 0 
1668663465.9994435 20.1478515625 21.70205400596756 996.5610913027555 2 3 3 2 3 3 447 137 29 2 0 0 
1668663471.1289306 20.1478515625 21.744174357248486 996.5529060344538 2 3 3 2 3 3 441 137 29 2 0 0 
1668663476.2617328 20.1529296875 21.70205400596756 996.556043765304 2 3 3 2 3 3 441 137 29 2 0 0 
1668663481.390316 20.1529296875 21.827073252372433 996.5558163894723 2 4 4 2 4 4 522 153 24 4 0 0 
1668663486.5224512 20.1478515625 21.731820903920397 996.5375361333612 2 4 4 2 4 4 522 153 24 4 0 0 
1668663491.6542678 20.1529296875 21.74945758893589 996.5447207943257 2 4 4 2 4 4 522 153 24 4 0 0 
1668663496.7895436 20.1478515625 21.660379917584322 996.5871023852977 2 4 4 2 4 4 510 151 26 4 0 0 
1668663501.9234073 20.1580078125 21.64869743154447 996.556043765304 2 4 4 2 4 4 510 151 26 4 0 0 
1668663507.0567641 20.1529296875 21.767540842625102 996.5480857640009 2 4 4 2 4 4 510 151 26 4 0 0 
1668663512.1904619 20.142578125 21.75608072841146 996.5509962284814 2 4 4 2 4 4 462 140 22 4 0 0 
1668663517.3226361 20.1580078125 21.654426435315358 996.5591814414926 2 4 4 2 4 4 462 140 22 4 0 0 
1668663522.454571 20.1529296875 21.684193743981783 996.5526787406859 2 4 4 2 4 4 462 140 22 4 0 0 
1668663527.5852163 20.1478515625 21.826628368351013 996.5656841427175 2 3 3 2 3 3 441 137 18 2 0 0 
1668663532.717121 20.1580078125 21.683969656977126 996.5642290200466 2 3 3 2 3 3 441 137 18 2 0 0 
1668663537.8502657 20.1529296875 21.648023932646662 996.5656841427175 2 3 3 2 3 3 441 137 18 2 0 0 
1668663542.9814684 20.1580078125 21.785400673361615 996.5524513377318 1 3 3 1 3 3 399 123 16 2 0 0 
1668663548.1157398 20.1580078125 21.7132895338895 996.5959698726051 1 3 3 1 3 3 399 123 16 2 0 0 
1668663553.2418559 20.1529296875 21.648023932646662 996.577234505957 1 3 3 1 3 3 399 123 16 2 0 0 
1668663558.371993 20.1580078125 21.7132895338895 996.5736418439229 2 3 3 2 3 3 426 134 16 2 0 0 
1668663563.5013664 20.1630859375 21.71901941280384 996.5637740764257 1 3 3 1 3 3 444 120 16 4 0 0 
1668663568.6332958 20.1580078125 21.761364352170684 996.5623190630162 1 3 3 1 3 3 444 125 18 6 0 0 
1668663573.7675138 20.1732421875 21.528271451521597 996.5818270861362 1 3 3 1 3 3 444 125 18 6 0 0 
1668663578.8989472 20.1681640625 21.743280781739855 996.5534510402437 0 2 2 0 2 2 444 125 18 6 0 0 
1668663584.029092 20.1681640625 21.736880315195172 996.5883297613316 0 1 2 0 1 2 402 116 14 4 0 0 
1668663589.1619673 20.1732421875 21.772601842720704 996.6053832312251 0 1 2 0 1 2 402 116 14 4 0 0 
1668663594.2940297 20.1783203125 21.676670984158815 996.5428997179129 1 2 3 1 2 3 402 116 14 4 0 0 
1668663599.4269671 20.1732421875 21.659033582050725 996.586191510342 1 3 5 1 3 5 486 138 23 6 2 0 
1668663604.5586703 20.1681640625 21.772601842720704 996.5914672191049 1 3 5 1 3 5 486 138 23 6 2 0 
1668663609.6913822 20.1783203125 21.74216356786345 996.5614082479726 1 3 5 1 3 5 486 138 23 6 2 0 
1668663614.823281 20.1783203125 21.581632147355993 996.5864193928844 2 3 5 2 3 5 513 145 27 6 2 0 
1668663619.9558344 20.1783203125 21.71901941280384 996.5412171246902 2 3 5 2 3 5 513 145 27 6 2 0 
1668663625.088083 20.1732421875 21.581181493806557 996.579688958902 2 3 5 2 3 5 513 145 27 6 2 0 
1668663630.222458 20.1833984375 21.855506352680525 996.5760957784192 1 2 4 1 2 4 528 148 25 4 2 0 
1668663635.3502686 20.1833984375 21.77148623937759 996.5720459066538 1 2 4 1 2 4 528 148 25 4 2 0 
1668663640.4817822 20.1986328125 21.854395454271533 996.5859635185935 1 2 4 1 2 4 528 148 25 4 2 0 
1668663645.612155 20.1935546875 21.63499323845976 996.569365291868 2 3 3 2 3 3 537 161 21 0 0 0 
1668663650.7436035 20.1783203125 21.700038688530764 996.5491738389211 2 3 3 2 3 3 537 161 21 0 0 0 
1668663655.8748524 20.1935546875 21.736433281241364 996.5689089279331 2 3 3 2 3 3 552 165 19 0 0 0 
1668663661.0078986 20.1884765625 21.700262656156205 996.5705915765891 2 3 3 2 3 3 552 165 19 0 0 0 
1668663666.1377037 20.1833984375 21.741940092489404 996.5722742253148 2 3 3 2 3 3 552 165 19 0 0 0 
1668663671.2642598 20.1986328125 21.56882217951975 996.5891007164148 3 3 3 3 3 3 546 172 19 0 0 0 
1668663676.3913295 20.1935546875 21.592639372977647 996.5655436308309 3 3 3 3 3 3 546 172 19 0 0 0 
1668663681.524384 20.1986328125 21.687682376678257 996.5920095944126 3 3 3 3 3 3 546 172 19 0 0 0 
1668663686.6562288 20.1986328125 21.639823901913154 996.5884158396312 3 3 3 3 3 3 552 172 24 0 0 0 
1668663691.788367 20.1986328125 21.70532094582125 996.584821921664 3 3 3 3 3 3 552 172 24 0 0 0 
1668663696.9209685 20.2037109375 21.61005210749175 996.5968292912236 3 3 3 3 3 3 552 172 24 0 0 0 
1668663702.05293 20.1986328125 21.587135649486445 996.5838245446205 1 2 2 1 2 2 504 156 22 0 0 0 
1668663707.1856146 20.1986328125 21.657686855317955 996.5953749479964 1 2 2 1 2 2 504 156 22 0 0 0 
1668663712.3128097 20.1986328125 21.765309111257377 996.5886442411082 1 2 2 1 2 2 504 156 22 0 0 0 
1668663717.4404655 20.1986328125 21.633869563570215 996.5686805821493 1 2 2 1 2 2 462 142 19 0 0 0 
1668663722.572354 20.1986328125 21.87247908727494 996.5684521271512 2 3 3 2 3 3 462 142 19 0 0 0 
1668663727.705312 20.1935546875 21.72385470313244 996.5787765565012 2 4 4 2 4 4 555 160 31 2 0 0 
1668663732.832507 20.1986328125 21.586910375185948 996.5735001546973 2 4 4 2 4 4 489 143 28 2 0 0 
1668663737.96569 20.1935546875 21.700262656156205 996.5655436308309 2 4 4 2 4 4 489 143 28 2 0 0 
1668663743.0961227 20.1986328125 21.771709381778454 996.5823701191365 2 4 4 2 4 4 489 143 28 2 0 0 
1668663748.2242918 20.1783203125 21.66981978364663 996.5653152579242 2 3 3 2 3 3 519 153 24 2 0 0 
1668663753.358435 20.1884765625 21.640722588467717 996.5674545294806 2 3 3 2 3 3 519 153 24 2 0 0 
1668663758.4925513 20.1935546875 21.634768525215375 996.5621783340083 2 3 3 2 3 3 519 153 24 2 0 0 
1668663763.6245816 20.1884765625 21.652855191090588 996.5609521852508 3 4 4 3 4 4 546 158 26 2 0 0 
1668663768.753814 20.1884765625 21.7187956949532 996.562406624826 3 4 4 3 4 4 546 158 26 2 0 0 
1668663773.8870895 20.1783203125 21.724302077359717 996.559269564137 3 4 4 3 4 4 546 158 26 2 0 0 
1668663779.0184824 20.1935546875 21.753847839014202 996.5660000490117 3 4 4 3 4 4 600 174 33 2 0 0 
1668663784.1524339 20.1783203125 21.652855191090588 996.5487171495122 3 4 4 3 4 4 600 174 33 2 0 0 
1668663789.2860243 20.1783203125 21.712394365676435 996.5640892596412 3 4 4 3 4 4 600 174 33 2 0 0 
1668663794.4191012 20.1884765625 21.664763108163683 996.5674545294806 3 4 4 3 4 4 606 176 31 2 0 0 
1668663799.55149 20.1935546875 21.63499323845976 996.578006350581 3 4 4 3 4 4 606 176 31 2 0 0 
1668663804.6850884 20.1833984375 21.51523289343287 996.5436692064791 3 4 4 3 4 4 606 176 31 2 0 0 
1668663809.818616 20.1935546875 21.658584716606395 996.5537650931743 2 4 5 2 4 5 603 178 38 6 2 2 
1668663814.951987 20.1884765625 21.789793757349155 996.6095204260545 3 5 6 3 5 6 603 178 38 6 2 2 
1668663820.0854003 20.1935546875 21.87292304492233 996.5756395229758 3 5 6 3 5 6 603 178 40 6 2 2 
1668663825.2188015 20.1884765625 21.664763108163683 996.5590413554058 3 5 6 3 5 6 603 178 40 6 2 2 
1668663830.352106 20.1935546875 21.759801696872014 996.5621783340083 3 5 6 3 5 6 603 178 40 6 2 2 
1668663835.4855125 20.1935546875 21.599494170939757 996.5340302558131 2 4 6 2 4 6 561 169 35 6 2 2 
1668663840.6193426 20.1884765625 21.741940092489404 996.545580280519 2 4 6 2 4 6 561 169 35 6 2 2 
1668663845.7523205 20.1935546875 21.56354450368228 996.535712875879 2 4 6 2 4 6 561 169 35 6 2 2 
1668663850.8866248 20.1833984375 21.771932513313196 996.5571303892984 2 4 7 2 4 7 546 162 35 8 4 4 
1668663856.0193136 20.1783203125 21.8078776170291 996.5556760862648 2 4 7 2 4 7 546 162 35 8 4 4 
1668663861.152731 20.1884765625 21.724749408121625 996.5277563814241 2 4 7 2 4 7 546 162 35 8 4 4 
1668663866.2860982 20.1833984375 21.748340773231867 996.572730535004 2 4 7 2 4 7 525 153 31 8 4 4 
1668663871.4195151 20.1884765625 21.581632147355993 996.5542217012147 1 3 6 1 3 6 525 153 31 8 4 4 
1668663876.5528867 20.1783203125 21.629488765144565 996.5328041596248 1 3 6 1 3 6 525 153 31 8 4 4 
1668663881.6861887 20.1884765625 21.694756735793067 996.5361693454414 1 3 7 1 3 7 561 165 36 12 4 4 
1668663886.819578 20.1783203125 21.623310058615203 996.559269564137 2 4 8 2 4 8 561 165 36 12 4 4 
1668663891.952971 20.1732421875 21.68947508760959 996.569365291868 2 4 5 2 4 5 504 146 25 4 2 0 
1668663897.0863912 20.1833984375 21.730255917797116 996.5832819762144 2 4 5 2 4 5 504 146 25 4 2 0 
1668663902.2197337 20.1783203125 21.6771194152417 996.5517684737246 2 4 5 2 4 5 504 146 25 4 2 0 
1668663907.3536649 20.1732421875 21.65925799847292 996.5546778724273 2 3 3 2 3 3 504 139 25 0 0 0 
1668663912.487011 20.1732421875 21.629488765144565 996.5746411341487 2 3 3 2 3 3 504 139 25 0 0 0 
1668663917.619696 20.1783203125 21.760248224145354 996.571047913401 2 3 3 2 3 3 504 139 25 0 0 0 
1668663922.7536113 20.1783203125 21.783617025605988 996.5508564596156 2 3 3 2 3 3 447 127 21 0 0 0 
1668663927.887264 20.1783203125 21.813608605624225 996.5811436440663 2 3 3 2 3 3 447 127 21 0 0 0 
1668663933.0206945 20.1884765625 21.593089794896606 996.5590413554058 2 3 3 2 3 3 447 127 21 0 0 0 
1668663938.1502814 20.1833984375 21.623310058615203 996.5527672341502 2 3 3 2 3 3 489 134 23 0 0 0 
1668663943.2836337 20.1783203125 21.73620974796503 996.5744131566768 2 3 3 2 3 3 489 134 23 0 0 0 
1668663948.4161615 20.1884765625 21.712394365676435 996.5811436440663 2 3 3 2 3 3 489 134 23 0 0 0 
1668663953.549824 20.1783203125 21.64117186654461 996.5712759179958 2 3 3 2 3 3 501 141 23 0 0 0 
1668663958.6832442 20.1833984375 21.694308695601126 996.5657718945258 2 3 3 2 3 3 501 141 23 0 0 0 
1668663963.8166685 20.1884765625 21.676670984158815 996.5977419706122 2 3 3 2 3 3 501 141 23 0 0 0 
1668663968.9500031 20.1783203125 21.789793757349155 996.560723990081 2 3 5 2 3 5 507 148 23 4 2 2 
1668663974.083534 20.1783203125 21.801701202025672 996.5674545294806 3 5 9 3 5 9 750 217 46 8 6 2 
1668663979.2125602 20.1884765625 21.783840019606657 996.5645454865283 3 5 8 3 5 8 729 208 44 6 4 0 
1668663984.3460078 20.1833984375 21.795970330423692 996.5660000490117 3 5 8 3 5 8 729 208 44 6 4 0 
1668663989.4794142 20.1884765625 21.653079687151273 996.5825982472168 3 5 8 3 5 8 729 208 44 6 4 0 
1668663994.6121757 20.1833984375 21.760248224145354 996.5544498414232 2 3 8 2 3 8 687 191 42 8 6 2 
1668663999.7453623 20.1884765625 21.735762648813505 996.5672262793471 2 3 8 2 3 8 687 191 42 8 6 2 
1668664004.8787832 20.1935546875 21.63454380110423 996.5840527683511 2 3 8 2 3 8 687 191 42 8 6 2 
1668664010.0114634 20.1986328125 21.700038688530764 996.6001946723497 2 3 8 2 3 8 717 203 37 8 6 2 
1668664015.1448834 20.2037109375 21.78912494904906 996.5619499339788 3 4 9 3 4 9 717 203 37 8 6 2 
1668664020.2772667 20.1986328125 21.651957098181096 996.5720459066538 3 4 9 3 4 9 717 203 37 8 6 2 
1668664025.4101608 20.2087890625 21.71194671637153 996.6054710104248 2 4 7 2 4 7 651 181 32 6 4 2 
1668664030.5435686 20.1884765625 21.593089794896606 996.5602672721107 1 3 6 1 3 6 651 181 32 6 4 2 
1668664035.6773117 20.1986328125 21.73509191858902 996.5804592191379 1 3 6 1 3 6 651 181 32 6 4 2 
1668664040.811254 20.1935546875 21.72936140095351 996.5756395229758 2 2 6 2 2 6 642 179 28 6 4 2 
1668664045.9445515 20.1986328125 21.61072717030479 996.6023338397707 2 2 6 2 2 6 642 179 28 6 4 2 
1668664051.078159 20.1986328125 21.681952384941464 996.5956031860107 2 2 6 2 2 6 642 179 28 6 4 2 
1668664056.211662 20.1935546875 21.629039233710504 996.569365291868 1 1 2 1 1 2 486 134 16 2 0 0 
1668664061.3450658 20.1884765625 21.522091401241884 996.6196162477297 1 1 2 1 1 2 486 134 16 2 0 0 
1668664066.47789 20.1833984375 21.664538738779832 996.597969867431 2 2 3 2 2 3 501 137 18 2 0 0 
1668664071.6112843 20.1884765625 21.593314989555655 996.5874180669904 2 2 3 2 2 3 501 137 18 2 0 0 
1668664076.7450733 20.1833984375 21.718571966236194 996.5664560303651 2 2 3 2 2 3 501 137 18 2 0 0 
1668664081.8783126 20.1732421875 21.77215563398182 996.5546778724273 1 2 3 1 2 3 465 125 16 2 0 0 
1668664087.0108845 20.1833984375 21.593314989555655 996.5561324487661 1 2 3 1 2 3 465 125 16 2 0 0 
1668664092.1440177 20.1783203125 21.671165619921126 996.5767793425414 1 2 3 1 2 3 465 125 16 2 0 0 
1668664097.2764552 20.1783203125 21.760248224145354 996.5828262660884 1 2 3 1 2 3 471 125 14 2 0 0 
1668664102.4097424 20.1884765625 21.68835472477632 996.5823701191365 0 1 2 0 1 2 471 125 14 2 0 0 
1668664107.5435658 20.1884765625 21.706216606441554 996.5845088881803 0 1 2 0 1 2 471 125 14 2 0 0 
1668664112.6771448 20.1884765625 21.801701202025672 996.5948324369343 1 2 2 1 2 2 492 134 17 4 0 0 
1668664117.810437 20.1884765625 21.66498746668092 996.6340765342976 1 2 2 1 2 2 492 134 17 4 0 0 
1668664122.9431798 20.1884765625 21.843154628560054 996.5811436440663 1 2 2 1 2 2 492 134 17 4 0 0 
1668664128.0765202 20.1884765625 21.759801696872014 996.6044725161602 1 3 3 1 3 3 501 144 17 6 0 0 
1668664133.210232 20.1884765625 21.67622250960968 996.6143404661648 1 3 3 1 3 3 501 144 17 6 0 0 
1668664138.3436396 20.1884765625 21.866747340035054 996.6280294343804 2 4 4 2 4 4 549 165 28 2 0 0 
1668664143.4770553 20.1884765625 21.747893970886665 996.6280294343804 2 4 4 2 4 4 549 165 28 2 0 0 
1668664148.6104248 20.1783203125 21.6288144516933 996.6131134744326 2 4 4 2 4 4 549 165 28 2 0 0 
1668664153.7436316 20.1783203125 21.748117377492385 996.673687959029 2 4 4 2 4 4 570 174 26 2 0 0 
1668664158.8751853 20.1783203125 21.795970330423692 996.6284846306002 1 3 3 1 3 3 570 174 26 2 0 0 
1668664164.0069833 20.1783203125 21.57567811895623 996.6015628734319 1 3 3 1 3 3 570 174 26 2 0 0 
1668664169.1396556 20.1783203125 21.831692067008852 996.6366702076833 2 4 4 2 4 4 591 184 28 2 0 0 
1668664174.2709036 20.1783203125 21.71834822665282 996.6284846306002 3 5 5 3 5 5 591 184 28 2 0 0 
1668664179.4032826 20.1783203125 21.665211814331535 996.6063829817332 3 5 5 3 5 5 591 184 28 2 0 0 
1668664184.5361536 20.1732421875 21.641396489282965 996.6604542404672 3 5 5 3 5 5 657 206 23 4 0 0 
1668664189.6684556 20.1783203125 21.724749408121625 996.6501312042602 3 5 5 3 5 5 657 206 23 4 0 0 
1668664194.8001058 20.1833984375 21.760248224145354 996.6278016724592 3 5 5 3 5 5 657 206 23 4 0 0 
1668664199.9302673 20.1833984375 21.748117377492385 996.6282570870931 3 6 6 3 6 6 636 201 25 6 0 0 
1668664205.0621996 20.1783203125 21.659033582050725 996.6775074020761 3 6 6 3 6 6 636 201 25 6 0 0 
1668664210.1925886 20.1783203125 21.67689520513354 996.6551790791293 3 6 6 3 6 6 636 201 25 6 0 0 
1668664215.3230069 20.1833984375 21.83213690042727 996.6215265918786 3 6 6 3 6 6 741 227 29 6 0 0 
1668664220.4534225 20.1783203125 21.814053873365683 996.6291666059118 2 4 4 2 4 4 564 167 18 2 0 0 
1668664225.5896463 20.1732421875 21.73665680365141 996.6690944087168 2 4 4 2 4 4 543 162 18 2 0 0 
1668664230.7224824 20.1732421875 21.760248224145354 996.6402629049854 1 3 3 1 3 3 543 162 18 2 0 0 
1668664235.8550203 20.1732421875 21.796415989028727 996.6640466135395 1 3 3 1 3 3 543 162 18 2 0 0 
1668664240.9854262 20.1783203125 21.64162110115459 996.6755977486805 2 3 3 2 3 3 615 184 21 2 0 0 
1668664246.1159132 20.1681640625 21.606123231792946 996.6741422045228 2 3 3 2 3 3 615 184 21 2 0 0 
1668664251.2462394 20.1732421875 21.87954234607494 996.6342143153196 2 3 3 2 3 3 615 184 21 2 0 0 
1668664256.3766217 20.1681640625 21.819784862557484 996.6527225885271 1 3 3 1 3 3 588 175 19 2 0 0 
1668664261.5066154 20.1630859375 21.7132895338895 996.6493574473153 1 3 3 1 3 3 588 175 19 2 0 0 
1668664266.6396394 20.1681640625 21.689026975075798 996.6188438917094 1 3 3 1 3 3 588 175 19 2 0 0 
1668664271.7724292 20.1732421875 21.749010895252955 996.6222090575291 2 3 3 2 3 3 609 182 15 2 0 0 
1668664276.9068034 20.1783203125 21.6771194152417 996.6873760367588 2 3 3 2 3 3 609 182 15 2 0 0 
1668664282.041132 20.1783203125 21.677343614483306 996.6842377980211 2 3 3 2 3 3 609 182 15 2 0 0 
1668664287.1750307 20.1783203125 21.868079429975495 996.6724596058509 2 3 3 2 3 3 624 189 17 2 0 0 
1668664292.3092573 20.1681640625 21.897180957239637 996.6741422045228 2 3 3 2 3 3 624 189 17 2 0 0 
1668664297.4431777 20.1681640625 21.6418457021595 996.6539510250711 None None None None None None None None None None None None 
1668664302.5763578 20.1783203125 21.772601842720704 996.6524955624814 3 4 8 3 4 8 558 176 23 8 6 4 
1668664307.7112048 20.1732421875 21.725196695418177 996.6592258999891 3 4 8 3 4 8 558 176 23 8 6 4 
1668664312.8455079 20.1783203125 21.78428597500981 996.6739151363773 3 4 8 3 4 8 573 183 28 8 6 4 
1668664317.9783385 20.1681640625 21.65397756272732 996.6354424527449 3 4 8 3 4 8 573 183 28 8 6 4 
1668664323.112667 20.1732421875 21.57040039175869 996.6371250498798 3 4 8 3 4 8 573 183 28 8 6 4 
1668664328.2464743 20.1783203125 21.879764207240132 996.6308491756444 3 4 8 3 4 8 639 200 26 6 6 4 
1668664333.3799698 20.1681640625 21.731150260779692 996.6695482987785 3 4 8 3 4 8 639 200 26 6 6 4 
1668664338.5131168 20.1681640625 21.855728499765114 996.6625910691622 3 4 8 3 4 8 639 200 26 6 6 4 
1668664343.6461613 20.1732421875 21.52276936334103 996.6810995046087 4 5 9 4 5 9 702 221 30 8 6 4 
1668664348.7800145 20.1580078125 21.64251943997391 996.6512669482981 4 5 9 4 5 9 702 221 30 8 6 4 
1668664353.9142814 20.1580078125 21.749010895252955 996.6500379516597 4 5 9 4 5 9 702 221 30 8 6 4 
1668664359.048542 20.1529296875 21.70755977137925 996.6911950184153 4 5 10 4 5 10 717 226 32 8 6 4 
1668664364.1815517 20.1630859375 21.582758591057072 996.6411716072878 4 5 10 4 5 10 717 226 32 8 6 4 
1668664369.3153963 20.1580078125 21.636116641680406 996.6678657274392 4 5 10 4 5 10 717 226 32 8 6 4 
1668664374.449619 20.1580078125 21.797084395441253 996.6579971770356 4 5 10 4 5 10 723 228 34 8 6 4 
1668664379.582842 20.1681640625 21.612301936528162 996.6500379516597 2 3 3 2 3 3 426 116 27 4 0 0 
1668664384.7170424 20.1478515625 21.653753110133305 996.6298475984631 2 3 3 2 3 3 519 132 22 2 0 0 
1668664389.8512893 20.1630859375 21.66015555549531 996.6384869557374 2 3 3 2 3 3 519 132 22 2 0 0 
1668664394.9842193 20.1580078125 21.71946681590603 996.6666366636967 2 3 3 2 3 3 519 132 22 2 0 0 
1668664400.1178665 20.1580078125 21.624434095230324 996.6729134416672 2 2 2 2 2 2 498 125 20 0 0 0 
1668664405.2514136 20.1529296875 21.582758591057072 996.6779611565241 2 2 2 2 2 2 498 125 20 0 0 0 
1668664410.384949 20.1580078125 21.60061958302549 996.6454435674058 2 2 2 2 2 2 498 125 20 0 0 0 
1668664415.5185926 20.1630859375 21.68969912757674 996.6632715756122 2 3 3 2 3 3 540 146 25 2 0 0 
1668664420.651354 20.1529296875 21.70823120715147 996.6563146197464 2 3 3 2 3 3 540 146 25 2 0 0 
1668664425.7842438 20.1580078125 21.60634823456932 996.6815529864189 2 3 3 2 3 3 540 146 25 2 0 0 
1668664430.9185638 20.1529296875 21.678016147008787 996.6567680716272 2 4 4 2 4 4 561 158 29 2 0 0 
1668664436.0523617 20.1478515625 21.59489104789454 996.6836885626747 2 4 4 2 4 4 561 158 29 2 0 0 
1668664441.1862667 20.1580078125 21.624434095230324 996.6031541393 2 4 4 2 4 4 561 158 29 2 0 0 
1668664446.3205085 20.1529296875 21.571527360203483 996.645217019504 2 4 4 2 4 4 582 165 31 2 0 0 
1668664451.4542766 20.1478515625 21.83324879382116 996.6586771503903 2 4 4 2 4 4 582 165 31 2 0 0 
1668664456.5877173 20.1529296875 21.77944740671728 996.6204326795995 2 4 4 2 4 4 582 165 31 2 0 0 
1668664461.720733 20.1478515625 21.89895397894841 996.675502320285 2 2 2 2 2 2 540 134 12 0 0 0 
1668664466.8541555 20.1478515625 21.719690501157586 996.6488085725857 2 2 2 2 2 2 540 134 12 0 0 0 
1668664471.9884896 20.142578125 21.630612403561106 996.6553121172495 2 2 2 2 2 2 561 146 14 0 0 0 
1668664477.1227798 20.142578125 21.86279220536453 996.6237976555614 2 2 2 2 2 2 561 146 14 0 0 0 
1668664482.2566402 20.1478515625 21.77944740671728 996.6622685960996 2 2 2 2 2 2 561 146 14 0 0 0 
1668664487.390971 20.1478515625 21.64869743154447 996.6134760321322 2 2 2 2 2 2 567 148 16 0 0 0 
1668664492.5253115 20.1375 21.7620338985919 996.6502645680624 2 2 2 2 2 2 567 148 16 0 0 0 
1668664497.6582708 20.1478515625 21.850885928771856 996.6168410346577 2 2 2 2 2 2 567 148 16 0 0 0 
1668664502.792417 20.1478515625 21.79775270405979 996.6473524951184 2 3 3 2 3 3 591 157 21 0 0 0 
1668664507.9267082 20.1478515625 21.64251943997391 996.612020240917 2 3 3 2 3 3 591 157 21 0 0 0 
