timestamp temperature humidity pressure pm10_standard pm25_standard pm100_standard pm10_env pm25_env pm100_env particles_03um particles_05um particles_10um particles_25um particles_50um particles_100um
1664924635.096196 20.351171875 59.8138524321815 986.2259993429533 1 2 2 1 2 2 426 118 22 0 0 0 
1664924640.2291248 20.35625 59.884959492919 986.2279968723512 1 2 2 1 2 2 426 118 22 0 0 0 
1664924645.3593147 20.361328125 59.82584585740875 986.2397752613263 1 2 2 1 2 2 426 118 22 0 0 0 
1664924650.4927568 20.351171875 59.8439432672326 986.2458761813726 2 2 2 2 2 2 384 113 22 0 0 0 
1664924655.6225057 20.351171875 59.767158276790575 986.2431405159482 0 1 1 0 1 1 405 113 23 2 0 0 
1664924660.7512033 20.35625 59.79886377303365 986.15953175536 0 1 1 0 1 1 399 113 23 2 0 0 
1664924665.883964 20.35625 59.7438101292741 986.2509241455809 0 1 1 0 1 1 399 113 23 2 0 0 
1664924671.0158362 20.371484375 59.77326136053582 986.2509241455809 0 1 1 0 1 1 399 113 23 2 0 0 
1664924676.1501224 20.351171875 59.82038279611114 986.1926617259768 0 1 1 0 1 1 399 111 19 2 0 0 
1664924681.2838335 20.361328125 59.81470603796482 986.2421958862351 0 1 1 0 1 1 399 111 19 2 0 0 
1664924686.4175615 20.36640625 59.91462369393221 986.2519768816454 0 1 1 0 1 1 399 111 19 2 0 0 
1664924691.5518417 20.36640625 59.77915157595489 986.2304172116201 0 1 2 0 1 2 372 106 21 4 2 0 
1664924696.6848795 20.361328125 59.89106371614313 986.2004445318074 0 1 2 0 1 2 372 106 21 4 2 0 
1664924701.8192334 20.361328125 59.73181711030532 986.2111706083283 0 1 2 0 1 2 372 106 21 4 2 0 
1664924706.9531124 20.35625 59.77262255239374 986.2357802548431 0 1 2 0 1 2 366 106 19 4 2 0 
1664924712.0874145 20.35625 59.82584585740875 986.2067525328562 0 1 2 0 1 2 366 106 19 4 2 0 
1664924717.216184 20.351171875 59.89106371614313 986.2276819832254 0 1 2 0 1 2 366 106 19 4 2 0 
1664924722.3485253 20.341015625 59.772835499186094 986.1960269766843 1 2 3 1 2 3 324 94 12 4 2 0 
1664924727.479061 20.34609375 59.8134255648203 986.2020195146708 1 2 3 1 2 3 324 94 12 4 2 0 
1664924732.612863 20.341015625 59.99622033361925 986.2174773284806 1 2 3 1 2 3 324 94 12 4 2 0 
1664924737.7433257 20.341015625 59.76651963817529 986.2387219213928 1 2 2 1 2 2 381 113 15 0 0 0 
1664924742.874289 20.341015625 59.8016459195614 986.2319915217091 1 2 2 1 2 2 381 113 15 0 0 0 
1664924748.006576 20.341015625 59.848764253959104 986.2309379070506 1 2 2 1 2 2 369 106 17 2 0 0 
1664924753.140792 20.34609375 59.73139216903052 986.214850748702 1 2 2 1 2 2 369 106 17 2 0 0 
1664924758.275192 20.351171875 59.74906239499135 986.2151655273931 1 2 2 1 2 2 369 106 17 2 0 0 
1664924763.409531 20.351171875 59.784402569432636 986.2098029111045 1 2 2 1 2 2 369 106 15 2 0 0 
1664924768.5434434 20.35625 59.90830476000091 986.2509241455809 1 2 2 1 2 2 369 106 15 2 0 0 
1664924773.6772766 20.341015625 59.90809026643343 986.2071751433423 1 2 2 1 2 2 369 106 15 2 0 0 
1664924778.8111522 20.34609375 59.99622033361925 986.1795158987308 1 2 2 1 2 2 357 102 15 2 0 0 
1664924783.9447434 20.34609375 59.91440915460597 986.2155884093337 1 2 2 1 2 2 357 102 15 2 0 0 
1664924789.0777822 20.34609375 59.684059165574254 986.1862463439678 1 2 2 1 2 2 357 102 15 2 0 0 
1664924794.2106895 20.34609375 59.82563230534169 986.2098029111045 0 1 1 0 1 1 336 97 17 2 0 0 
1664924799.3443987 20.35625 59.85529569671632 986.2027574789381 0 1 1 0 1 1 336 97 17 2 0 0 
1664924804.477895 20.34609375 59.89631068103065 986.2226340626189 0 1 1 0 1 1 336 97 17 2 0 0 
1664924809.6118207 20.341015625 59.843088273438205 986.2010748532699 0 1 1 0 1 1 309 90 10 2 0 0 
1664924814.7462227 20.341015625 59.684059165574254 986.2027574789381 1 2 2 1 2 2 309 90 10 2 0 0 
1664924819.8799453 20.341015625 59.70719503844143 986.2084351316237 1 2 2 1 2 2 459 128 24 2 0 0 
1664924825.0138474 20.341015625 59.895881930655804 986.1925533958857 1 2 2 1 2 2 459 128 24 2 0 0 
1664924830.1467772 20.3306640625 59.719187251772375 986.1851936684881 1 2 2 1 2 2 459 128 24 2 0 0 
1664924835.2798066 20.3205078125 59.76020399292372 986.1821433310178 0 2 2 0 2 2 417 112 22 2 0 0 
1664924840.4137619 20.3357421875 60.054683026887226 986.2000221384848 0 2 2 0 2 2 417 112 22 2 0 0 
1664924845.5464077 20.3357421875 59.9076612470642 986.2023341829365 0 2 2 0 2 2 417 112 22 2 0 0 
1664924850.6802542 20.3255859375 59.83655728366504 986.2006516115589 1 2 2 1 2 2 381 105 22 2 0 0 
1664924855.8142257 20.3357421875 59.8249915846711 986.1818285000903 1 2 2 1 2 2 381 105 22 2 0 0 
1664924860.947825 20.3357421875 59.895667539351194 986.1952891753589 1 2 2 1 2 2 381 105 22 2 0 0 
1664924866.0819638 20.3306640625 59.9720162107517 986.1737304790223 1 3 3 1 3 3 408 116 22 2 0 0 
1664924871.2161183 20.3357421875 59.85465399951421 986.2157947564739 1 3 3 1 3 3 408 116 22 2 0 0 
1664924876.3498716 20.3255859375 59.889777932981076 986.2006516115589 1 3 3 1 3 3 408 116 22 2 0 0 
1664924881.4834163 20.3306640625 59.71897487803856 986.1622673733233 1 3 3 1 3 3 393 116 20 2 0 0 
1664924886.6173193 20.341015625 59.790292562536514 986.1899265490248 1 3 3 1 3 3 393 116 20 2 0 0 
1664924891.7509267 20.34609375 59.70719503844143 986.1468093643794 1 3 3 1 3 3 393 116 20 2 0 0 
1664924896.884734 20.34609375 59.95520819696258 986.2030724619531 1 2 2 1 2 2 393 112 18 2 0 0 
1664924902.0176136 20.351171875 59.83130859644271 986.1694202329722 1 3 3 1 3 3 360 111 15 2 0 0 
1664924907.1510959 20.341015625 59.77262255239374 986.1512268127389 1 2 2 1 2 2 390 122 22 2 0 0 
1664924912.2837217 20.34609375 59.58981615902339 986.1792007259425 1 2 2 1 2 2 390 122 22 2 0 0 
1664924917.41694 20.34609375 59.89652504010089 986.1576419594344 1 2 2 1 2 2 390 122 22 2 0 0 
1664924922.5509794 20.34609375 59.86139957857403 986.1626897905312 2 3 3 2 3 3 444 136 24 2 0 0 
1664924927.6853747 20.341015625 59.9432138681944 986.1761506765317 2 3 3 2 3 3 444 136 24 2 0 0 
1664924932.819572 20.35625 60.03787896569755 986.1354525067276 2 3 3 2 3 3 444 136 24 2 0 0 
1664924937.950321 20.341015625 59.87253728608268 986.1761506765317 2 3 3 2 3 3 444 134 24 2 0 0 
1664924943.0843027 20.351171875 59.94953345591645 986.1539613629362 2 3 3 2 3 3 444 134 24 2 0 0 
1664924948.2173574 20.3306640625 59.90220047887057 986.1610071800958 2 3 3 2 3 3 444 134 24 2 0 0 
1664924953.3503046 20.341015625 59.814065849744715 986.1464942487939 2 3 3 2 3 3 438 134 22 2 0 0 
1664924958.4842575 20.341015625 59.91965517191952 986.1495442163479 2 3 3 2 3 3 438 134 22 2 0 0 
1664924963.618148 20.3306640625 59.73117968227553 986.1182056996768 2 3 3 2 3 3 438 134 22 2 0 0 
1664924968.751498 20.3306640625 59.95413287805755 986.1616374955752 2 2 2 2 2 2 411 125 15 2 0 0 
1664924973.8851469 20.3255859375 60.04857754753965 986.1182056996768 2 2 2 2 2 2 411 125 15 2 0 0 
1664924979.0190716 20.3306640625 59.936894496204495 986.1916091470932 1 1 1 1 1 1 411 125 15 2 0 0 
1664924984.1519787 20.3357421875 59.79554283347652 986.1484919335203 1 2 2 1 2 2 378 115 14 0 0 0 
1664924989.2864256 20.3306640625 59.75431415019772 986.1683678292952 1 2 2 1 2 2 378 115 14 0 0 0 
1664924994.4201016 20.3255859375 59.930575339948014 986.1370290384866 1 2 2 1 2 2 378 115 12 0 0 0 
1664924999.5547788 20.3255859375 59.87189491916037 986.1709948620523 1 2 2 1 2 2 378 115 12 0 0 0 
1664925004.6885676 20.3205078125 59.95370267528269 986.1508043513921 1 2 2 1 2 2 378 115 12 0 0 0 
1664925009.8227296 20.3205078125 59.69477877914311 986.1060058821369 2 2 2 2 2 2 393 122 14 0 0 0 
1664925014.956585 20.3103515625 60.077374228696016 986.1567958084258 2 2 2 2 2 2 393 122 14 0 0 0 
1664925020.0904825 20.3001953125 59.87125245553455 986.1413386734562 2 2 2 2 2 2 393 122 14 0 0 0 
1664925025.2235048 20.3001953125 59.98314869425418 986.1850840768413 1 2 2 1 2 2 366 111 14 0 0 0 
1664925030.3578463 20.3103515625 59.85358428928016 986.1528016401988 1 2 2 1 2 2 366 111 14 0 0 0 
1664925035.4916346 20.3103515625 59.78269753221732 986.161843313781 1 2 2 1 2 2 366 111 14 0 0 0 
1664925040.6256049 20.3001953125 59.835702258018074 986.1413386734562 2 2 2 2 2 2 402 120 14 0 0 0 
1664925045.7589886 20.3001953125 59.723802416298284 986.1419678093941 2 2 2 2 2 2 402 120 14 0 0 0 
1664925050.8931103 20.3052734375 60.030045798599986 986.1719383263786 2 2 2 2 2 2 402 120 14 0 0 0 
1664925056.027027 20.3001953125 59.947159985449375 986.1338698444056 1 2 2 1 2 2 366 108 12 0 0 0 
1664925061.1612082 20.2951171875 60.047496634178216 986.1419678093941 1 2 2 1 2 2 366 108 12 0 0 0 
1664925066.2928338 20.3052734375 60.04771283833958 986.1396561588849 2 2 3 2 2 3 408 125 14 2 2 0 
1664925071.4267712 20.3052734375 59.788152283667344 986.1396561588849 2 2 3 2 2 3 408 125 14 2 2 0 
1664925076.561398 20.3052734375 60.100496593364156 986.129875790488 2 2 3 2 2 3 408 125 14 2 2 0 
1664925081.6951268 20.3052734375 60.04727210309983 986.1251429379262 2 2 3 2 2 3 402 125 14 2 2 0 
1664925086.8292406 20.3001953125 60.18860180228664 986.112312232037 2 2 3 2 2 3 402 125 14 2 2 0 
1664925091.9631124 20.3001953125 59.94127094488015 986.1055823960824 2 2 3 2 2 3 402 125 14 2 2 0 
1664925097.0977755 20.2900390625 60.00038486065128 986.1486977599383 1 2 3 1 2 3 375 116 10 2 2 0 
1664925102.2313669 20.2900390625 59.75892670016215 986.112312232037 1 2 3 1 2 3 375 116 10 2 2 0 
1664925107.3653247 20.2900390625 59.82348797581272 986.1506945838187 1 2 3 1 2 3 375 116 10 2 2 0 
1664925112.4996166 20.2849609375 60.0112912535365 986.1257719073006 1 2 3 1 2 3 363 109 12 2 2 0 
1664925117.6310298 20.2798828125 59.893943772761645 986.1106297729435 1 2 3 1 2 3 363 109 12 2 2 0 
1664925122.7631414 20.2900390625 59.88805470696914 986.0904402692729 1 2 3 1 2 3 363 109 12 2 2 0 
1664925127.896253 20.2849609375 60.040950908813684 986.1116830457836 1 2 3 1 2 3 378 109 12 2 2 0 
1664925133.027333 20.2900390625 59.91771467985647 986.0746683654553 1 2 3 1 2 3 378 109 12 2 2 0 
1664925138.1595879 20.2849609375 59.91161090849245 986.0988525612461 1 2 3 1 2 3 378 109 12 2 2 0 
1664925143.2905295 20.2951171875 59.876276544560824 986.1005350198502 1 2 3 1 2 3 357 104 12 2 2 0 
1664925148.426081 20.2900390625 59.95370267528269 986.0743533099975 1 3 3 1 3 3 501 128 24 2 0 0 
1664925153.5571108 20.3001953125 60.01216286568257 986.0830807898324 1 3 3 1 3 3 474 128 28 2 0 0 
1664925158.690421 20.3103515625 59.90615934081153 986.0979082924252 1 3 3 1 3 3 474 128 28 2 0 0 
1664925163.8216903 20.3103515625 59.87125245553455 986.0874982418416 1 3 3 1 3 3 474 128 28 2 0 0 
1664925168.9549532 20.3154296875 59.77113162398721 986.0925457792652 2 3 3 2 3 3 489 131 30 2 0 0 
1664925174.088276 20.3103515625 59.85358428928016 986.0975933173178 2 3 3 2 3 3 489 131 30 2 0 0 
1664925179.2203994 20.3052734375 59.90637393108195 986.0911782960482 2 3 3 2 3 3 489 131 30 2 0 0 
1664925184.3502927 20.3001953125 59.91793767464046 986.1366057932951 1 2 2 1 2 2 417 110 23 0 0 0 
1664925189.484501 20.2951171875 59.90637393108195 986.0827658021492 1 2 2 1 2 2 417 110 23 0 0 0 
1664925194.615694 20.3052734375 59.84726705517126 986.1261960448309 1 2 2 1 2 2 417 110 23 0 0 0 
1664925199.7473018 20.2900390625 59.95304901574391 986.0769806057501 1 2 2 1 2 2 429 110 19 0 0 0 
1664925204.8828304 20.3001953125 59.95304901574391 986.0968554422973 1 2 2 1 2 2 429 110 19 0 0 0 
1664925210.0172126 20.2951171875 59.794263119588805 986.0531111925068 1 2 2 1 2 2 429 110 19 0 0 0 
1664925215.1482108 20.2951171875 59.96482704550894 986.1093709085534 1 2 2 1 2 2 435 115 21 0 0 0 
1664925220.2780664 20.3103515625 59.79447643209918 986.1066355873834 1 2 2 1 2 2 435 115 21 0 0 0 
1664925225.4051695 20.3154296875 59.87714182373522 986.1194659894812 1 2 2 1 2 2 435 115 21 0 0 0 
1664925230.53748 20.3103515625 59.788800221808344 986.1127359352498 1 3 3 1 3 3 399 120 19 6 0 0 
1664925235.6733887 20.3103515625 59.88849176300617 986.1096857887761 1 3 3 1 3 3 399 120 19 6 0 0 
1664925240.8057473 20.3103515625 59.97725951101068 986.0925457792652 1 3 3 1 3 3 384 115 21 6 0 0 
1664925245.936804 20.3052734375 59.889134896345254 986.098223158114 1 3 3 1 3 3 384 115 21 6 0 0 
1664925251.0653389 20.3103515625 59.670795933444765 986.0662559428254 1 3 3 1 3 3 384 115 21 6 0 0 
1664925256.198826 20.3052734375 59.98903786722228 986.1261960448309 1 3 3 1 3 3 363 113 21 6 0 0 
1664925261.3309567 20.2849609375 60.011722930977974 986.1060058821369 1 3 3 1 3 3 363 113 21 6 0 0 
1664925266.461351 20.2849609375 59.97617418515965 986.1200954778485 1 3 3 1 3 3 363 113 21 6 0 0 
1664925271.5955105 20.2951171875 59.95304901574391 986.0830807898324 0 1 1 0 1 1 363 116 14 2 0 0 
1664925276.7282157 20.2900390625 59.91161090849245 986.0817131966387 0 1 1 0 1 1 363 116 14 2 0 0 
1664925281.858027 20.2900390625 59.97638961503978 986.0985379143865 0 1 1 0 1 1 363 116 14 2 0 0 
1664925286.9894361 20.2849609375 59.8706016566244 986.1066355873834 2 2 2 2 2 2 399 123 12 2 0 0 
1664925292.1231062 20.3001953125 59.94105592922155 986.0830807898324 2 2 2 2 2 2 399 123 12 2 0 0 
1664925297.254171 20.2849609375 59.770484298886466 986.0645734585092 2 2 2 2 2 2 399 123 12 2 0 0 
1664925302.3875248 20.3001953125 59.87082409272649 986.0729858807895 1 2 2 1 2 2 399 123 12 2 0 0 
1664925307.5173066 20.3052734375 59.870387447945 986.0858157295069 1 2 2 1 2 2 399 123 12 2 0 0 
1664925312.6491563 20.3001953125 60.018051852785824 986.0561610379759 0 1 1 0 1 1 408 110 12 0 0 0 
1664925317.7790148 20.3154296875 59.83002659041871 986.0959108045638 0 1 1 0 1 1 408 110 12 0 0 0 
1664925322.9131858 20.3052734375 59.77091859123481 986.0585801453632 1 2 2 1 2 2 408 110 12 0 0 0 
1664925328.0474885 20.3103515625 59.94170921275513 986.0874982418416 1 1 1 1 1 1 381 101 12 0 0 0 
1664925333.1797898 20.2951171875 59.89459542165626 986.0693058155451 1 1 1 1 1 1 381 101 12 0 0 0 
1664925338.3149471 20.3001953125 59.876713326427975 986.081083303579 1 1 1 1 1 1 381 101 12 0 0 0 
1664925343.4462185 20.2900390625 59.8175987194752 986.0985379143865 1 1 1 1 1 1 360 94 12 0 0 0 
1664925348.5794911 20.2951171875 59.905721873523284 986.0450139228096 1 1 1 1 1 1 360 94 12 0 0 0 
1664925353.7117784 20.2900390625 60.07061096891933 986.0702507756661 1 1 1 1 1 1 360 94 12 0 0 0 
1664925358.8468518 20.2900390625 60.01761178100711 986.0699358983736 1 1 1 1 1 1 351 92 12 0 0 0 
1664925363.9788446 20.2798828125 59.96439646547601 986.0490086143934 1 1 1 1 1 1 351 92 12 0 0 0 
1664925369.1107285 20.2798828125 60.02306867434526 986.0924373191953 1 1 1 1 1 1 351 92 12 0 0 0 
1664925374.2452185 20.2798828125 59.94062586567016 986.0971701027115 1 2 2 1 2 2 378 104 19 0 0 0 
1664925379.378818 20.2798828125 59.72904604683146 986.0719332330823 1 2 2 1 2 2 378 104 19 0 0 0 
1664925384.512394 20.2798828125 59.95872281836567 986.0938051858524 1 2 2 1 2 2 378 104 19 0 0 0 
1664925389.6435788 20.2697265625 60.028957369338684 986.0893869392339 1 2 2 1 2 2 366 107 19 0 0 0 
1664925394.7763774 20.2697265625 59.869744757437665 986.0537411087769 0 0 0 0 0 0 357 97 12 0 0 0 
1664925399.9031582 20.2748046875 59.91118151741531 986.0691977717819 0 1 1 0 1 1 393 109 15 0 0 0 
1664925405.036987 20.2748046875 59.8461890752315 986.0759274931478 0 1 1 0 1 1 393 109 15 0 0 0 
1664925410.172214 20.2748046875 59.92884815719013 986.0479555533261 0 1 1 0 1 1 393 109 15 0 0 0 
1664925415.306433 20.2798828125 59.90529261694241 986.0389140394727 1 2 2 1 2 2 387 109 15 0 0 0 
1664925420.435976 20.2748046875 60.00540252772116 986.0416490102834 1 2 2 1 2 2 387 109 15 0 0 0 
1664925425.5643976 20.2798828125 59.98795186374645 986.0803455212116 1 2 2 1 2 2 387 109 15 0 0 0 
1664925430.6989765 20.2748046875 59.75260335799487 986.0624680515342 1 2 2 1 2 2 438 119 17 0 0 0 
1664925435.8314216 20.2951171875 59.93560509832193 986.0931757013911 1 2 2 1 2 2 438 119 17 0 0 0 
1664925440.9664512 20.2849609375 59.88216563090221 986.0837104369524 1 2 2 1 2 2 438 119 17 0 0 0 
1664925446.0994148 20.2849609375 59.981632003105304 986.0742450627015 1 2 2 1 2 2 381 103 17 0 0 0 
1664925451.2306747 20.2748046875 59.88152253689832 986.0927518014545 1 2 2 1 2 2 381 103 17 0 0 0 
1664925456.3619545 20.2798828125 60.03419765038926 986.0574207620823 1 2 2 1 2 2 381 103 17 0 0 0 
1664925461.4959466 20.2748046875 59.85164990063111 986.0897013391966 1 3 3 1 3 3 438 115 19 2 0 0 
1664925466.6286285 20.2697265625 60.06974488134538 986.0731915939427 1 3 3 1 3 3 438 115 19 2 0 0 
1664925471.760499 20.2646484375 59.9633198273616 986.088647420573 1 3 3 1 3 3 438 115 19 2 0 0 
1664925476.8929744 20.2595703125 60.010211871902115 986.0384931759257 2 3 3 2 3 3 474 139 14 0 0 0 
1664925482.0239773 20.2494140625 60.121654939324166 986.0421721416517 2 3 3 2 3 3 474 139 14 0 0 0 
1664925487.1577528 20.2544921875 59.99843508243951 986.040175536526 2 3 3 2 3 3 525 151 10 0 0 0 
1664925492.289705 20.2341796875 60.07433350251884 986.0455368360925 2 3 3 2 3 3 525 151 10 0 0 0 
1664925497.4202807 20.2494140625 60.010211871902115 986.0152545961868 2 3 3 2 3 3 525 151 10 0 0 0 
1664925502.5520165 20.2544921875 59.85100765420064 986.0569963602253 2 3 3 2 3 3 519 151 10 0 0 0 
1664925507.6831787 20.2646484375 59.92841831964802 986.0519520626857 2 3 3 2 3 3 519 151 10 0 0 0 
1664925512.817187 20.2494140625 59.951542739042154 986.0620434868106 2 3 3 2 3 3 519 151 10 0 0 0 
1664925517.9504752 20.2544921875 60.1336483597484 986.0698267876188 2 3 3 2 3 3 510 151 12 0 0 0 
1664925523.0861628 20.2544921875 59.89287122320824 986.0788698496224 2 3 3 2 3 3 510 151 12 0 0 0 
1664925528.218824 20.2595703125 60.010211871902115 986.090329810914 2 3 3 2 3 3 510 151 12 0 0 0 
1664925533.3487048 20.2595703125 59.86299905019132 986.0755024941127 2 3 3 2 3 3 480 139 10 0 0 0 
1664925538.479556 20.2595703125 60.074983479441705 986.083286014592 2 3 3 2 3 3 480 139 10 0 0 0 
1664925543.6087484 20.2697265625 60.06385639275325 986.0731915939427 2 3 3 2 3 3 480 139 10 0 0 0 
1664925548.7435484 20.2697265625 59.999082340188814 986.0799212074294 2 3 3 2 3 3 459 134 12 0 0 0 
1664925553.8721435 20.2697265625 59.94608446347549 986.045643755807 2 3 3 2 3 3 459 134 12 0 0 0 
1664925559.0020068 20.2646484375 59.86931624337518 986.0742450627015 2 3 3 2 3 3 486 141 21 0 0 0 
1664925564.1354167 20.2697265625 60.0165321705995 986.0546851626199 2 3 3 2 3 3 486 141 21 0 0 0 
1664925569.264727 20.2798828125 59.95218835066831 986.0415405193963 2 3 3 2 3 3 486 141 21 0 0 0 
1664925574.4002411 20.2748046875 59.93452203592127 986.0742450627015 2 2 2 2 2 2 453 125 19 0 0 0 
1664925579.529279 20.2798828125 59.80517973698534 986.054055902797 2 2 2 2 2 2 453 125 19 0 0 0 
1664925584.6614318 20.2697265625 59.999082340188814 986.083286014592 2 2 2 2 2 2 453 125 19 0 0 0 
1664925589.7945428 20.2595703125 60.02220465257708 986.083286014592 2 2 2 2 2 2 483 128 21 0 0 0 
1664925594.9279487 20.2544921875 59.951973157537644 986.0634115738435 2 2 2 2 2 2 483 128 21 0 0 0 
1664925600.0607388 20.2646484375 60.2047410822347 986.0378611414823 2 2 2 2 2 2 483 128 21 0 0 0 
1664925605.1943033 20.2748046875 59.92820338475983 986.0418578971965 2 3 3 2 3 3 504 137 26 0 0 0 
1664925610.3270454 20.2646484375 60.063639911240216 986.0536316095179 2 3 3 2 3 3 504 137 26 0 0 0 
1664925615.4609418 20.2595703125 60.01085953311659 986.070141131434 2 3 3 2 3 3 504 137 26 0 0 0 
1664925620.5946567 20.2697265625 59.9812009336418 986.0681443845615 2 3 3 2 3 3 540 144 26 0 0 0 
1664925625.7282395 20.2697265625 60.19318280782452 986.0546851626199 2 3 3 2 3 3 540 144 26 0 0 0 
1664925630.8617322 20.2646484375 59.975096874588935 986.0553139848366 2 3 3 2 3 3 540 144 26 0 0 0 
1664925635.9947762 20.2595703125 60.00475513270666 986.0684587419316 2 3 3 2 3 3 525 139 26 0 0 0 
1664925641.1276011 20.2646484375 60.06909520284753 986.0735059106486 0 1 2 0 1 2 402 123 8 2 0 0 
1664925646.262992 20.2595703125 60.06931177309133 986.0670906140248 1 2 3 1 2 3 402 123 8 2 0 0 
1664925651.3972578 20.2595703125 59.90464865148516 986.0449052962349 1 2 3 1 2 3 402 123 8 2 0 0 
1664925656.53107 20.2646484375 59.93976560963058 986.0381757428374 2 3 3 2 3 3 465 137 12 2 0 0 
1664925661.6643631 20.2646484375 59.951542739042154 986.0469021089416 2 3 3 2 3 3 465 137 12 2 0 0 
1664925666.7903585 20.2595703125 59.768992615435955 986.0368108153951 2 3 3 2 3 3 465 137 12 2 0 0 
1664925671.9225192 20.2595703125 60.09286508679574 986.0715091907458 2 3 3 2 3 3 474 140 12 2 0 0 
1664925677.054258 20.2646484375 60.01085953311659 986.064465084776 2 3 3 2 3 3 474 140 12 2 0 0 
1664925682.1898866 20.2544921875 59.91642603866903 986.0381757428374 1 2 2 1 2 2 474 140 12 2 0 0 
1664925687.3219602 20.2646484375 59.99886659835035 986.0216664917382 1 2 2 1 2 2 447 131 12 2 0 0 
1664925692.4520001 20.2595703125 59.92209983846549 986.0412259451507 1 2 2 1 2 2 447 131 12 2 0 0 
1664925697.5796177 20.2697265625 59.8224195149914 986.035549181725 2 3 3 2 3 3 447 131 12 2 0 0 
1664925702.7109015 20.2748046875 59.90529261694241 986.0136776131782 1 2 2 1 2 2 420 120 12 0 0 0 
1664925707.8421228 20.2646484375 60.06974488134538 986.0277667321539 1 2 2 1 2 2 420 120 12 0 0 0 
1664925712.971811 20.2697265625 60.01085953311659 986.0425936769971 1 2 2 1 2 2 420 120 12 0 0 0 
1664925718.1045456 20.2697265625 59.95807710170319 985.993803656049 None None None None None None None None None None None None 
1664925723.235729 20.2697265625 59.740186471103726 986.0176723253414 1 2 2 1 2 2 462 127 14 0 0 0 
1664925728.3689497 20.2646484375 59.92777348274919 986.0244019296036 1 2 2 1 2 2 462 127 14 0 0 0 
1664925733.499723 20.2646484375 60.03965366578475 986.0597323703238 1 2 2 1 2 2 462 127 14 0 0 0 
1664925738.6288412 20.2595703125 59.93976560963058 986.039858131082 1 2 2 1 2 2 432 120 10 0 0 0 
1664925743.7561426 20.2494140625 59.998650845767244 986.0435373590725 1 2 2 1 2 2 432 120 10 0 0 0 
1664925748.8857086 20.2595703125 59.986442612302646 986.0533172395543 1 2 2 1 2 2 432 120 10 0 0 0 
1664925754.015128 20.2544921875 60.03376532755381 986.0267166536795 2 2 2 2 2 2 441 123 8 0 0 0 
1664925759.1466742 20.2494140625 59.99800352355012 986.0368108153951 2 2 2 2 2 2 441 123 8 0 0 0 
1664925764.2785797 20.2494140625 59.90400458932474 986.0424862767154 2 2 2 2 2 2 441 123 8 0 0 0 
1664925769.4101582 20.2494140625 60.19231085727532 986.054262613599 2 2 2 2 2 2 453 125 10 0 0 0 
1664925774.5441957 20.2494140625 60.11598400904931 986.0438544888373 2 2 2 2 2 2 453 125 10 0 0 0 
1664925779.677218 20.2494140625 60.07433350251884 986.0956910134515 2 2 2 2 2 2 453 125 10 0 0 0 
1664925784.8085382 20.2494140625 59.944793482530905 986.0158831906729 1 1 1 1 1 1 309 87 12 0 0 0 
1664925789.941278 20.2341796875 59.862356335791105 986.0246088515516 1 1 1 1 1 1 309 87 12 0 0 0 
1664925795.0748308 20.2443359375 59.915351875531485 986.0478472628288 None None None None None None None None None None None None 
1664925800.2092588 20.2291015625 60.197544506231196 986.0145150185003 1 2 2 1 2 2 426 127 8 0 0 0 
1664925805.345676 20.2291015625 60.07390013084769 986.069717431996 1 2 2 1 2 2 411 125 6 0 0 0 
1664925810.4794624 20.2291015625 60.032900552947936 986.0966345794898 1 2 2 1 2 2 411 125 6 0 0 0 
1664925815.613031 20.2189453125 59.92059538891291 986.0565726728087 1 2 2 1 2 2 411 125 6 0 0 0 
1664925820.74633 20.2341796875 60.02090829758686 986.0195619347115 2 2 2 2 2 2 477 144 8 0 0 0 
1664925825.8800838 20.2291015625 60.185769046593435 986.0151429837825 2 2 2 2 2 2 477 144 8 0 0 0 
1664925831.0128467 20.2291015625 60.02722861594186 986.032078060006 2 2 2 2 2 2 477 144 8 0 0 0 
1664925836.1457906 20.2291015625 59.99778772798845 986.0209301477573 2 2 2 2 2 2 465 142 6 0 0 0 
1664925841.2803862 20.2494140625 60.06887862185921 986.0391216096631 2 2 2 2 2 2 465 142 6 0 0 0 
1664925846.4140742 20.2494140625 60.12754298898453 986.0404897945361 2 2 2 2 2 2 465 142 6 0 0 0 
1664925851.5484364 20.2494140625 59.927343537759505 986.0222982785949 2 2 2 2 2 2 399 123 6 0 0 0 
1664925856.6822953 20.2341796875 60.04489302544887 986.0270310201264 2 2 2 2 2 2 399 123 6 0 0 0 
1664925861.8166373 20.2494140625 60.00956411398607 986.0573132688369 2 2 2 2 2 2 399 123 6 0 0 0 
1664925866.949342 20.2341796875 59.88569548310941 986.031024063813 2 2 2 2 2 2 420 127 8 0 0 0 
1664925872.0832207 20.2341796875 60.09178078330959 986.0421721416517 2 2 2 2 2 2 420 127 8 0 0 0 
1664925877.2176666 20.2341796875 60.121220513296045 986.0259771054707 1 3 3 1 3 3 393 113 14 2 0 0 
1664925882.350304 20.2291015625 59.99757192168214 986.0239806113875 1 3 3 1 3 3 393 113 14 2 0 0 
1664925887.4843698 20.2291015625 60.13844935558552 986.0596235062976 1 3 3 1 3 3 393 113 14 2 0 0 
1664925892.618182 20.2291015625 59.89747212494904 986.0528942238961 1 3 3 1 3 3 378 106 14 2 0 0 
1664925897.751762 20.2291015625 60.097451789679425 986.0444826224666 1 3 3 1 3 3 378 106 14 2 0 0 
1664925902.885532 20.2291015625 60.06844542764902 986.0175655096311 1 3 3 1 3 3 378 106 14 2 0 0 
1664925908.0192425 20.2291015625 59.98579562908541 986.054262613599 1 2 2 1 2 2 345 99 10 2 0 0 
1664925913.1521933 20.2240234375 59.96202750704926 986.0431142186785 1 2 2 1 2 2 345 99 10 2 0 0 
1664925918.2869143 20.2291015625 60.162653392915864 986.0181936394608 1 2 2 1 2 2 345 99 10 2 0 0 
1664925923.4207637 20.2494140625 60.08043830407659 986.0388074474903 1 2 2 1 2 2 345 92 10 2 0 0 
1664925928.5552194 20.2544921875 60.01631621628417 986.0300813739718 1 2 2 1 2 2 345 92 10 2 0 0 
1664925933.689639 20.2595703125 59.92777348274919 986.0401726094833 1 2 2 1 2 2 345 92 10 2 0 0 
1664925938.8236282 20.2443359375 59.927988439126885 986.0216695737648 1 2 2 1 2 2 381 106 14 2 0 0 
1664925943.95694 20.2544921875 59.92755851562673 986.003163619459 1 2 2 1 2 2 381 106 14 2 0 0 
1664925949.090809 20.2494140625 59.83901647537605 986.0256629442497 1 2 2 1 2 2 381 106 14 2 0 0 
1664925954.2249188 20.2443359375 60.03311676271628 986.0452226187467 1 2 2 1 2 2 381 103 14 2 0 0 
1664925959.3589354 20.2494140625 59.939335417142374 986.0435373590725 1 2 2 1 2 2 363 112 10 0 0 0 
1664925964.4928558 20.2494140625 60.11598400904931 986.0074715969296 1 1 1 1 1 1 336 103 6 0 0 0 
1664925969.6258965 20.2595703125 60.098319565897214 986.0589956166515 1 1 1 1 1 1 336 103 6 0 0 0 
1664925974.7566001 20.2341796875 59.99821930836713 986.0351284549346 1 1 1 1 1 1 336 103 6 0 0 0 
1664925979.8902903 20.2443359375 59.809787240507546 986.0371251005143 1 2 2 1 2 2 351 108 6 0 0 0 
1664925985.024699 20.2595703125 59.90464865148516 986.0452197339722 1 2 2 1 2 2 351 108 6 0 0 0 
1664925990.1579127 20.2595703125 59.99843508243951 986.002845605844 1 2 2 1 2 2 351 108 6 0 0 0 
1664925995.2919583 20.2544921875 59.96353517647387 986.0210371273326 1 1 1 1 1 1 339 104 6 0 0 0 
1664926000.42582 20.2595703125 60.12841198106494 986.0072629663024 1 1 1 1 1 1 339 104 6 0 0 0 
1664926005.5602963 20.2595703125 60.07563335966399 985.9823419213093 1 1 1 1 1 1 339 104 6 0 0 0 
1664926010.6941068 20.2646484375 59.96375051484144 985.9944336730068 1 1 1 1 1 1 375 109 4 0 0 0 
1664926015.8284197 20.2646484375 59.88719695781137 986.0277667321539 1 1 1 1 1 1 375 109 4 0 0 0 
1664926020.9602666 20.2646484375 59.91642603866903 985.9994808324996 1 1 1 1 1 1 375 109 4 0 0 0 
1664926026.1002662 20.2595703125 59.86321326683497 986.001478009296 1 2 2 1 2 2 375 109 6 0 0 0 
1664926031.2332969 20.2544921875 59.99254667229902 986.0247166393966 1 2 2 1 2 2 375 109 6 0 0 0 
1664926036.3679109 20.2494140625 59.91599640564836 986.016619370184 1 2 2 1 2 2 375 109 6 0 0 0 
1664926041.5014586 20.2494140625 60.01588427541969 985.9877041279951 1 1 1 1 1 1 303 95 10 0 0 0 
1664926046.6351347 20.2595703125 59.857110403776566 985.9964308902577 1 1 1 1 1 1 303 95 10 0 0 0 
1664926051.7680712 20.2595703125 59.85753869181907 985.9897047489109 1 1 1 1 1 1 303 95 10 0 0 0 
1664926056.9019508 20.2595703125 59.95132751367733 985.9913871074849 1 1 1 1 1 1 303 95 10 0 0 0 
1664926062.0347583 20.2544921875 59.909893086309076 986.0199841178169 1 1 1 1 1 1 303 95 10 0 0 0 
1664926067.16776 20.2544921875 59.857110403776566 985.9947518248424 1 1 1 1 1 1 303 95 6 0 0 0 
1664926072.3024342 20.2595703125 60.05121393216572 985.9933841036685 1 1 1 1 1 1 303 95 6 0 0 0 
1664926077.4364588 20.2595703125 59.99821930836713 985.9863366540678 1 1 1 1 1 1 303 95 6 0 0 0 
1664926082.570792 20.2443359375 59.9450086728835 985.9981165424792 1 1 1 1 1 1 303 95 6 0 0 0 
1664926087.7037563 20.2595703125 59.88023605878001 985.9984311393553 1 1 1 1 1 1 303 95 6 0 0 0 
1664926092.8376994 20.2494140625 60.03333296174004 986.0283959881216 1 1 1 1 1 1 303 95 6 0 0 0 
1664926097.9716318 20.2494140625 60.092431397634726 986.0334460945437 1 1 1 1 1 1 270 84 8 0 0 0 
1664926103.1054466 20.2494140625 60.02220465257708 986.0135722501892 1 1 1 1 1 1 270 84 8 0 0 0 
1664926108.2394402 20.2494140625 59.95700069237166 986.003478175671 1 1 1 1 1 1 270 84 8 0 0 0 
1664926113.3733733 20.2443359375 59.974450359310396 985.9866547237309 1 1 1 1 1 1 279 89 8 0 0 0 
1664926118.5068045 20.2291015625 60.00324416827752 985.9973776867434 1 1 1 1 1 1 279 89 8 0 0 0 
1664926123.6407366 20.2392578125 60.215425923581904 986.0222982785949 0 0 0 0 0 0 405 102 8 0 0 0 
1664926128.7746763 20.2341796875 60.021340458895345 985.9889660968435 0 0 0 0 0 0 405 102 8 0 0 0 
1664926133.9095173 20.2189453125 60.0444603261967 985.9771898739183 0 0 0 0 0 0 405 102 8 0 0 0 
1664926139.041985 20.2291015625 59.80914630964642 985.9606812847113 0 0 0 0 0 0 405 109 8 0 0 0 
1664926144.175873 20.2291015625 60.032684332435004 985.9976919690051 1 1 1 1 1 1 405 109 8 0 0 0 
1664926149.3084188 20.2240234375 59.9208103425119 985.9879123968661 1 1 1 1 1 1 405 109 8 0 0 0 
1664926154.4403682 20.2291015625 59.996924438295316 986.0080998894139 1 1 1 1 1 1 390 106 8 0 0 0 
1664926159.5746992 20.2189453125 60.07978806096304 985.9845478157532 1 1 1 1 1 1 390 106 8 0 0 0 
1664926164.7089655 20.2087890625 60.04381119673417 985.9912769782588 1 1 1 1 1 1 390 106 8 0 0 0 
1664926169.83827 20.2087890625 60.02047609329992 985.9882265416885 1 2 2 1 2 2 417 116 10 0 0 0 
1664926174.968131 20.2138671875 60.01458819495548 986.028287392023 1 2 2 1 2 2 417 116 10 0 0 0 
1664926180.0997663 20.2189453125 60.06822881442713 985.9727717840585 1 2 2 1 2 2 417 116 10 0 0 0 
1664926185.233863 20.1986328125 60.06692890946068 985.9854900034105 2 2 2 2 2 2 453 123 12 0 0 0 
1664926190.365232 20.2037109375 60.02025997503954 985.9841216109767 2 2 2 2 2 2 453 123 12 0 0 0 
1664926195.499006 20.1986328125 59.93761421739966 985.9915910959721 2 2 2 2 2 2 453 123 12 0 0 0 
1664926200.6297524 20.2240234375 59.96834658323289 985.9758220151074 1 2 2 1 2 2 447 121 14 0 0 0 
1664926205.763007 20.2392578125 59.99757192168214 985.9670959712788 1 2 2 1 2 2 387 111 15 0 0 0 
1664926210.8926356 20.2443359375 60.04510935895811 985.9620490209023 1 2 2 1 2 2 402 115 15 0 0 0 
1664926216.020297 20.2392578125 59.921240217475535 985.9634166748845 1 2 2 1 2 2 402 115 15 0 0 0 
1664926221.1502538 20.2494140625 60.03311676271628 985.9300850164557 1 2 2 1 2 2 402 115 15 0 0 0 
1664926226.2810557 20.2443359375 59.93890518167519 985.9701459966905 1 2 2 1 2 2 402 112 13 0 0 0 
1664926231.4109335 20.2291015625 59.99211524789867 985.9707751043466 1 2 2 1 2 2 402 112 13 0 0 0 
1664926236.5454407 20.2291015625 60.009132221652244 985.9657281942144 1 2 2 1 2 2 402 112 13 0 0 0 
1664926241.674692 20.2443359375 60.05034830767013 985.9536374383391 1 2 2 1 2 2 375 101 13 0 0 0 
1664926246.807953 20.2291015625 60.01502026475536 985.972142922284 1 2 2 1 2 2 375 101 13 0 0 0 
1664926251.9418585 20.2240234375 60.07390013084769 985.9758220151074 1 2 2 1 2 2 375 101 13 0 0 0 
1664926257.0735211 20.2189453125 60.020692200815695 985.9360759860333 1 2 2 1 2 2 381 98 15 0 0 0 
1664926262.205318 20.2189453125 59.996924438295316 985.9680392218565 1 2 2 1 2 2 381 98 15 0 0 0 
1664926267.3374145 20.2087890625 59.99103649886631 985.9559488875769 1 2 2 1 2 2 381 98 15 0 0 0 
1664926272.4703603 20.2087890625 60.008268308049026 985.9403834934195 1 2 2 1 2 2 366 94 19 0 0 0 
1664926277.6002653 20.2087890625 60.09091314711992 985.9700356826667 1 2 2 1 2 2 366 94 19 0 0 0 
1664926282.730236 20.2037109375 60.07892091972185 985.9653030105623 1 2 2 1 2 2 366 94 19 0 0 0 
1664926287.8584578 20.2037109375 59.984932834370404 985.9484805242078 1 3 3 1 3 3 420 125 12 4 0 0 
1664926292.991717 20.2037109375 60.0673622540943 985.9737142563597 1 3 3 1 3 3 420 125 12 4 0 0 
1664926298.124862 20.1986328125 60.23177794427685 985.9639347816197 1 3 3 1 3 3 435 129 14 4 0 0 
1664926303.257198 20.1986328125 60.03181934293737 985.9440620356113 1 3 3 1 3 3 435 129 14 4 0 0 
1664926308.3871694 20.1935546875 60.09047926455813 985.9322864905487 1 3 3 1 3 3 435 129 14 4 0 0 
1664926313.5195723 20.1935546875 60.148266176971276 985.9281817997087 1 3 3 1 3 3 429 127 14 2 0 0 
1664926318.6516833 20.1884765625 60.04294554036005 985.9726598021585 1 3 3 1 3 3 429 127 14 2 0 0 
1664926323.7834172 20.1884765625 60.148701511764514 985.946685779603 1 3 3 1 3 3 429 127 14 2 0 0 
1664926328.9177718 20.1783203125 60.113160485430235 985.9777064689396 1 3 3 1 3 3 408 124 19 2 0 0 
1664926334.04904 20.1783203125 60.10138594850436 985.9615117961625 1 3 3 1 3 3 408 124 19 2 0 0 
1664926339.1851642 20.1732421875 59.91887537330862 985.9702363116949 1 3 3 1 3 3 408 124 19 2 0 0 
1664926344.316011 20.1783203125 59.97186333117407 985.9332283388413 2 3 3 2 3 3 429 128 21 2 0 0 
1664926349.4467661 20.1783203125 60.03640886594175 985.9517323210414 2 3 3 2 3 3 429 128 21 2 0 0 
1664926354.5791156 20.1833984375 60.05407079309274 985.9595158690787 2 3 3 2 3 3 429 128 21 2 0 0 
1664926359.7117617 20.1935546875 60.131039674106795 985.9511048297412 1 3 3 1 3 3 408 124 19 2 0 0 
1664926364.8433998 20.1833984375 59.931080884301224 985.9180887233292 1 3 3 1 3 3 408 124 19 2 0 0 
1664926369.9784024 20.1833984375 60.31898860956225 985.9469994018712 1 2 2 1 2 2 282 89 14 2 0 0 
1664926375.1104338 20.1783203125 60.12450016290492 985.9156656764134 1 2 2 1 2 2 282 89 14 2 0 0 
1664926380.2403057 20.1783203125 60.054287390021194 985.9497364359701 1 2 2 1 2 2 282 89 14 2 0 0 
1664926385.3722394 20.1783203125 60.154153301175015 985.9304913856109 1 2 2 1 2 2 270 84 12 2 0 0 
1664926390.5010784 20.1732421875 60.08896033713998 985.9052591049575 1 2 2 1 2 2 270 84 12 2 0 0 
1664926395.6339831 20.1732421875 60.06562861769078 985.9304913856109 1 2 2 1 2 2 270 84 12 2 0 0 
1664926400.7663147 20.1681640625 60.129952265117815 985.8907473635419 1 2 2 1 2 2 285 87 14 2 0 0 
1664926405.900599 20.1681640625 60.12428273760163 985.9223942305106 1 2 2 1 2 2 285 87 14 2 0 0 
1664926411.0291495 20.1732421875 60.14804849345804 985.9119877115949 1 2 2 1 2 2 285 87 14 2 0 0 
1664926416.1589646 20.1783203125 60.030521536352914 985.9537280697115 1 2 2 1 2 2 321 94 14 2 0 0 
1664926421.2902856 20.1732421875 60.08896033713998 985.9170341673063 1 2 2 1 2 2 321 94 14 2 0 0 
1664926426.4237523 20.1783203125 60.11272593601425 985.9237627758997 1 2 2 1 2 2 321 94 14 2 0 0 
1664926431.557525 20.1681640625 60.18293447510861 985.9203984714632 1 2 2 1 2 2 348 106 16 2 0 0 
1664926436.687177 20.1783203125 60.19514466165137 985.9422664552952 1 2 2 1 2 2 348 106 16 2 0 0 
1664926441.8224137 20.1681640625 60.159169078687086 985.9268134050566 1 2 2 1 2 2 348 106 16 2 0 0 
1664926446.9546778 20.1681640625 60.218473998193524 985.9506772214512 1 2 2 1 2 2 375 111 16 2 0 0 
1664926452.0863338 20.1580078125 60.023552731745724 985.9328004799355 2 2 2 2 2 2 426 121 14 0 0 0 
1664926457.2208104 20.1580078125 60.11774355787083 985.9078821150032 1 2 2 1 2 2 306 95 14 0 0 0 
1664926462.3503232 20.1630859375 60.235697129055694 985.917661353004 1 2 2 1 2 2 306 95 14 0 0 0 
1664926467.484168 20.1630859375 60.159169078687086 985.8970474992001 1 2 2 1 2 2 306 95 14 0 0 0 
1664926472.6179662 20.1580078125 60.27057889477201 985.9324870637521 1 1 1 1 1 1 264 81 12 0 0 0 
1664926477.7488115 20.1630859375 60.11207403130671 985.9042043560376 1 1 1 1 1 1 264 81 12 0 0 0 
1664926482.8797703 20.1681640625 60.12450016290492 985.9184025760197 1 1 1 1 1 1 264 81 12 0 0 0 
1664926488.0147083 20.1783203125 60.14804849345804 985.8954800208284 1 1 1 1 1 1 231 70 8 0 0 0 
1664926493.146594 20.1732421875 60.03640886594175 985.9136698634287 1 1 1 1 1 1 231 70 8 0 0 0 
1664926498.279108 20.1783203125 60.10683880716538 985.9430076602542 1 1 1 1 1 1 231 70 8 0 0 0 
1664926503.4107523 20.1884765625 59.99562918141595 985.9264996201373 0 0 0 0 0 0 258 77 8 0 0 0 
1664926508.545307 20.1884765625 60.107490413453654 985.945430196881 0 0 0 0 0 0 258 77 8 0 0 0 
1664926513.6779222 20.1986328125 60.06039139920049 985.9292361356377 0 0 0 0 0 0 258 77 8 0 0 0 
1664926518.8128552 20.1935546875 60.17203255389019 985.9292361356377 0 0 0 0 0 0 285 86 10 0 0 0 
1664926523.9449227 20.1884765625 60.042729099405065 985.9225073090581 1 1 1 1 1 1 285 86 10 0 0 0 
1664926529.0800362 20.1884765625 60.03095418152615 985.9144103759332 1 1 1 1 1 1 285 86 10 0 0 0 
1664926534.214869 20.1884765625 60.04818349431167 985.9376471704339 0 1 1 0 1 1 252 64 4 0 0 0 
1664926539.3446283 20.1884765625 60.013507832424835 985.9393293776028 0 1 1 0 1 1 252 64 4 0 0 0 
1664926544.4733834 20.1833984375 60.04840002399809 985.9147243650951 0 1 1 0 1 1 252 69 6 0 0 0 
1664926549.600257 20.1783203125 60.05407079309274 985.9096778282677 0 1 1 0 1 1 252 69 6 0 0 0 
1664926554.7313116 20.1783203125 59.9125577942331 985.9002126507132 0 1 1 0 1 1 252 69 6 0 0 0 
1664926559.8623016 20.1783203125 60.012643348996924 985.9035769534729 1 1 1 1 1 1 309 83 6 0 0 0 
1664926564.992983 20.1732421875 60.201031636464954 985.9184025760197 1 1 1 1 1 1 309 83 6 0 0 0 
1664926570.1254325 20.1681640625 60.1358392184132 985.8907473635419 1 1 1 1 1 1 309 83 6 0 0 0 
1664926575.2524557 20.1783203125 60.12450016290492 985.8786586488593 1 1 1 1 1 1 273 76 8 0 0 0 
1664926580.3844068 20.1732421875 60.17137869649864 985.9147243650951 1 1 1 1 1 1 273 76 8 0 0 0 
1664926585.5159037 20.1580078125 60.17094273784907 985.9112463369967 1 1 1 1 1 1 273 76 8 0 0 0 
1664926590.650141 20.1732421875 60.147613094198334 985.8974758592308 1 1 1 1 1 1 285 83 8 0 0 0 
1664926595.7842994 20.1580078125 60.11796094816835 985.9243898531639 1 1 1 1 1 1 285 83 8 0 0 0 
1664926600.915678 20.1681640625 60.041863228139256 985.944888572302 1 1 1 1 1 1 285 83 8 0 0 0 
1664926606.049161 20.1630859375 60.159169078687086 985.9129284480986 1 2 2 1 2 2 276 83 12 2 0 0 
1664926611.1819887 20.1529296875 60.17116072254604 985.9126149786175 1 2 2 1 2 2 276 83 12 2 0 0 
1664926616.3141794 20.1529296875 60.20560824008268 985.9004116388911 1 2 3 1 2 3 333 96 26 2 2 0 
1664926621.4474704 20.1478515625 60.176175331759346 985.8600419810401 1 2 3 1 2 3 333 96 26 2 2 0 
1664926626.5781488 20.1478515625 60.24703277148878 985.9068267234576 1 2 3 1 2 3 333 96 26 2 2 0 
1664926631.7098975 20.1478515625 60.335329886704145 985.8927431194899 1 2 3 1 2 3 333 96 26 2 2 0 
1664926636.8402042 20.1478515625 60.041213711871656 985.8768626669214 1 2 3 1 2 3 333 96 26 2 2 0 
1664926641.973747 20.1529296875 60.276465399923225 985.8563642424265 1 2 3 1 2 3 333 96 26 2 2 0 
1664926647.106354 20.1630859375 60.18816674453191 985.8664567336033 1 2 3 1 2 3 339 98 24 2 2 0 
1664926652.2408528 20.1580078125 60.15306443997477 985.8805401081119 1 2 3 1 2 3 339 98 24 2 2 0 
1664926657.372753 20.1580078125 60.21193175536861 985.8617240493138 1 2 3 1 2 3 339 98 24 2 2 0 
1664926662.5077188 20.1478515625 60.28845773030333 985.8462717537649 1 2 3 1 2 3 348 100 24 2 2 0 
1664926667.6390736 20.1478515625 60.05865787094727 985.9014671268637 1 2 3 1 2 3 348 100 24 2 2 0 
1664926672.7735276 20.1375 60.276465399923225 985.8906324425079 1 2 3 1 2 3 348 100 24 2 2 0 
1664926677.9044483 20.1478515625 60.335329886704145 985.9196568932034 1 2 4 1 2 4 342 105 26 2 2 0 
1664926683.0351894 20.1529296875 60.17028871929187 985.88359094323 1 2 4 1 2 4 342 105 26 2 2 0 
1664926688.167173 20.1478515625 60.035110269095135 985.8785447358938 1 2 4 1 2 4 342 105 26 2 2 0 
1664926693.3004432 20.1529296875 60.129299690791086 985.8701343917306 1 2 3 1 2 3 312 95 26 2 2 0 
1664926698.4322188 20.1529296875 60.15873334600949 985.8941116112468 1 1 1 1 1 1 294 87 6 0 0 0 
1664926703.5671296 20.1630859375 60.11796094816835 985.8546821608084 1 1 1 1 1 1 315 96 8 0 0 0 
1664926708.7020128 20.1478515625 60.15306443997477 985.8910610092266 1 1 1 1 1 1 315 96 8 0 0 0 
1664926713.8337727 20.1630859375 60.10008297819984 985.8465854373645 1 1 1 1 1 1 315 96 8 0 0 0 
1664926718.967495 20.1478515625 60.16462004624966 985.8499495728641 1 2 2 1 2 2 342 103 8 0 0 0 
1664926724.0960968 20.1529296875 60.17028871929187 985.851631640719 1 2 2 1 2 2 342 103 8 0 0 0 
1664926729.2298148 20.1478515625 60.146959914725656 985.8526863405302 1 2 2 1 2 2 342 103 8 0 0 0 
1664926734.3603394 20.1478515625 59.970137786173375 985.8654016112331 1 2 2 1 2 2 369 112 8 0 0 0 
1664926739.493827 20.142578125 60.20560824008268 985.8213544300228 1 2 2 1 2 2 369 112 8 0 0 0 
1664926744.6274662 20.1580078125 60.12951722631111 985.8150518640629 1 2 2 1 2 2 369 112 8 0 0 0 
1664926749.7595217 20.1681640625 60.17116072254604 985.8563642424265 2 2 2 2 2 2 405 124 8 0 0 0 
1664926754.894593 20.1630859375 60.018314427188095 985.8301909526413 2 2 2 2 2 2 405 124 8 0 0 0 
1664926760.0266001 20.1732421875 60.23591585334707 985.8547945908077 2 2 2 2 2 2 405 124 8 0 0 0 
1664926765.1588264 20.1783203125 60.14216142622329 985.8349231144339 2 3 3 2 3 3 426 128 10 2 0 0 
1664926770.2904623 20.1681640625 60.07740300888576 985.8349231144339 2 3 3 2 3 3 426 128 10 2 0 0 
1664926775.4221272 20.1732421875 60.10073451170233 985.849748142851 2 3 3 2 3 3 426 128 10 2 0 0 
1664926780.5564208 20.1732421875 60.14172616144004 985.8382873846363 1 1 1 1 1 1 261 87 10 0 0 0 
1664926785.6898773 20.1681640625 60.06541186478988 985.8399695198422 1 1 1 1 1 1 261 87 10 0 0 0 
1664926790.819229 20.1732421875 60.11250864518954 985.8763484570342 1 1 1 1 1 1 294 98 14 0 0 0 
1664926795.951351 20.1884765625 60.012859485970864 985.8463838445625 1 1 1 1 1 1 294 98 14 0 0 0 
1664926801.080555 20.1783203125 59.93589232999237 985.8723555827287 1 1 1 1 1 1 294 98 14 0 0 0 
1664926806.2119713 20.1783203125 60.089394370124836 985.8443873558082 1 2 2 1 2 2 321 102 14 0 0 0 
1664926811.344283 20.1935546875 59.84212156734341 985.8569013084915 1 2 2 1 2 2 321 102 14 0 0 0 
1664926816.4773724 20.1935546875 59.97186333117407 985.8440729067318 1 2 2 1 2 2 321 102 14 0 0 0 
1664926821.6102374 20.1783203125 60.16025822235412 985.8194694683142 1 2 2 1 2 2 321 99 16 2 0 0 
1664926826.7428088 20.1833984375 60.07173262782044 985.8491194353848 1 2 2 1 2 2 321 99 16 2 0 0 
1664926831.8773828 20.1732421875 60.00108473436989 985.8488049176071 1 2 2 1 2 2 321 99 16 2 0 0 
1664926837.0117803 20.1783203125 60.030521536352914 985.7847737038815 1 2 2 1 2 2 315 97 16 2 0 0 
1664926842.1457744 20.1783203125 59.92978974328899 985.7942372568243 1 2 2 1 2 2 315 97 16 2 0 0 
1664926847.2797227 20.1833984375 60.17137869649864 985.8214660364196 1 2 2 1 2 2 315 97 16 2 0 0 
1664926852.4136932 20.1732421875 59.91212777439972 985.8413373976535 1 2 2 1 2 2 321 99 16 2 0 0 
1664926857.5475914 20.1681640625 60.05974140668977 985.7995982941824 1 2 2 1 2 2 321 99 16 2 0 0 
1664926862.6806874 20.1630859375 59.93567704571498 985.8228337643671 1 2 2 1 2 2 393 111 10 2 0 0 
1664926867.814867 20.1630859375 60.08896033713998 985.830930057574 1 2 2 1 2 2 393 111 10 2 0 0 
1664926872.948078 20.1681640625 60.05930802462647 985.8100055024607 1 2 2 1 2 2 393 111 10 2 0 0 
1664926878.08211 20.1580078125 60.15960476838709 985.7948664214272 1 2 2 1 2 2 405 116 8 2 0 0 
1664926883.2163038 20.1630859375 60.10618710417677 985.8133697434589 1 2 2 1 2 2 405 116 8 2 0 0 
1664926888.3502963 20.1681640625 60.094413219111935 985.799487569707 1 2 2 1 2 2 405 116 8 2 0 0 
1664926893.4845362 20.1529296875 60.11185670824858 985.8220945485799 1 2 2 1 2 2 405 116 8 2 0 0 
1664926898.6183953 20.1580078125 60.17028871929187 985.8028517012949 1 2 2 1 2 2 405 116 8 2 0 0 
1664926903.752027 20.1580078125 60.30567820834013 985.8234624681301 1 2 2 1 2 2 405 116 8 2 0 0 
1664926908.8859632 20.142578125 59.96425081433977 985.7991735065953 2 2 2 2 2 2 426 123 6 0 0 0 
1664926914.0189092 20.142578125 60.13475120461974 985.7856046279906 2 2 2 2 2 2 426 123 6 0 0 0 
1664926919.1516588 20.1375 60.06411112174875 985.811889639925 2 2 2 2 2 2 426 123 6 0 0 0 
1664926924.2858725 20.12734375 60.281474652769944 985.7990607172634 2 2 2 2 2 2 426 120 6 0 0 0 
1664926929.4208386 20.12734375 60.240270855498366 985.8071572037948 2 2 2 2 2 2 426 120 6 0 0 0 
1664926934.5571423 20.132421875 60.23983311128274 985.8071572037948 2 2 2 2 2 2 426 120 6 0 0 0 
1664926939.6912072 20.112109375 60.08678952754447 985.7980056835751 2 2 2 2 2 2 456 130 8 0 0 0 
1664926944.8253293 20.1171875 60.20451597717476 985.7845498117226 1 2 2 1 2 2 348 95 17 0 0 0 
1664926949.959027 20.1171875 60.010697632722334 985.8094662357981 1 2 2 1 2 2 333 91 17 0 0 0 
1664926955.0929034 20.122265625 60.21694418966678 985.8206134087633 1 2 2 1 2 2 333 91 17 0 0 0 
1664926960.2267563 20.12734375 60.12254294837476 985.7909642586831 1 2 2 1 2 2 333 91 17 0 0 0 
1664926965.360948 20.12734375 60.2106207331646 985.7842362691003 1 2 2 1 2 2 354 98 15 0 0 0 
1664926970.4943106 20.12734375 59.99849199538536 985.7960102516035 1 2 2 1 2 2 354 98 15 0 0 0 
1664926975.6266577 20.12734375 60.098996874139026 985.7940146832622 1 2 2 1 2 2 354 98 15 0 0 0 
1664926980.7596238 20.1375 60.12254294837476 985.7667886157126 1 1 1 1 1 1 327 91 10 0 0 0 
1664926985.893306 20.1375 60.14020239624915 985.7956966945261 1 1 1 1 1 1 327 91 10 0 0 0 
1664926991.0260863 20.1375 60.13475120461974 985.8186177969043 1 1 1 1 1 1 327 91 10 0 0 0 
1664926996.1597636 20.132421875 60.116656445216165 985.807470775329 1 2 2 1 2 2 333 93 8 0 0 0 
1664927001.293375 20.122265625 60.22849824959013 985.7990607172634 1 2 2 1 2 2 333 93 8 0 0 0 
1664927006.42313 20.12734375 60.05212093723079 985.7984333293192 1 2 2 1 2 2 333 93 8 0 0 0 
1664927011.557392 20.1375 60.1872938055041 985.800429102987 0 0 0 0 0 0 312 84 6 0 0 0 
1664927016.6912582 20.12734375 60.30479984761238 985.8189313828975 0 0 0 0 0 0 312 84 6 0 0 0 
1664927021.8253639 20.12734375 60.05233763086044 985.792018978549 0 0 0 0 0 0 312 84 6 0 0 0 
1664927026.9592323 20.1375 60.122760459633746 985.805788763576 2 2 5 2 2 5 432 125 18 4 4 2 
1664927032.093149 20.132421875 60.21672560261432 985.7869729047244 2 2 5 2 2 5 432 125 18 4 4 2 
1664927037.2278357 20.12734375 60.19318018545993 985.7970650530023 2 2 5 2 2 5 474 139 18 4 4 2 
1664927042.3605525 20.122265625 60.245719264368255 985.755642325842 2 2 5 2 2 5 474 139 18 4 4 2 
1664927047.4935048 20.1171875 60.240270855498366 985.8256594867789 2 2 5 2 2 5 474 139 18 4 4 2 
1664927052.628078 20.122265625 60.05168751773771 985.7946417151928 2 2 5 2 2 5 489 144 18 4 4 2 
1664927057.7610345 20.122265625 60.31046627072488 985.8175628473126 2 2 5 2 2 5 489 144 18 4 4 2 
1664927062.894627 20.1171875 60.32790443287969 985.8353223808969 2 2 5 2 2 5 489 144 18 4 4 2 
1664927068.0288944 20.10703125 60.40442074627841 985.7868585256111 2 3 5 2 3 5 489 141 22 4 4 2 
1664927073.162844 20.112109375 60.25116735105865 985.8030516366721 2 3 5 2 3 5 489 141 22 4 4 2 
1664927078.297334 20.112109375 60.221737206642416 985.7966370377652 2 3 5 2 3 5 489 141 22 4 4 2 
1664927083.4309907 20.1171875 60.31046627072488 985.8064156057527 2 3 6 2 3 6 468 137 20 6 4 2 
1664927088.5652921 20.10703125 60.0924587402623 985.8043041175267 2 3 6 2 3 6 468 137 20 6 4 2 
1664927093.6990578 20.101953125 60.14521763004376 985.8026221873064 2 3 6 2 3 6 468 137 20 6 4 2 
1664927098.8303094 20.096875 60.15654565392885 985.8026221873064 2 3 5 2 3 5 495 146 23 6 4 0 
1664927103.9642808 20.096875 60.29780742737368 985.7905356130602 2 3 5 2 3 5 495 146 23 6 4 0 
1664927109.0981412 20.096875 60.09224152222308 985.8107189370929 1 2 2 1 2 2 348 104 14 4 0 0 
1664927114.2328806 20.096875 60.403970680444445 985.7773932423817 1 2 2 1 2 2 348 104 14 4 0 0 
1664927119.3668027 20.10703125 60.23350929520677 985.7838078406178 1 2 2 1 2 2 381 115 14 4 0 0 
1664927124.5003192 20.10703125 60.32179865053044 985.8107189370929 1 2 2 1 2 2 381 115 14 4 0 0 
1664927129.6344428 20.10703125 60.42207811067421 985.8114615598976 1 2 2 1 2 2 381 115 14 4 0 0 
1664927134.7683876 20.10703125 60.23983311128274 985.7932730966304 1 2 2 1 2 2 354 106 10 4 0 0 
1664927139.900794 20.10703125 60.01004886722696 985.7919043959186 1 2 2 1 2 2 354 106 10 4 0 0 
1664927145.0347624 20.10703125 60.07479965114684 985.7925306074507 1 2 2 1 2 2 354 106 10 4 0 0 
1664927150.169516 20.10703125 60.26271172815318 985.8154517989984 1 2 2 1 2 2 354 106 12 4 0 0 
1664927155.3039193 20.101953125 60.39808500882128 985.7969502668547 1 2 2 1 2 2 354 106 12 4 0 0 
1664927160.437697 20.10703125 60.22195590390719 985.7734028745311 1 2 2 1 2 2 354 106 12 4 0 0 
1664927165.571279 20.1171875 60.27471128180449 985.7862317954598 1 3 3 1 3 3 354 104 14 6 0 0 
1664927170.7052991 20.1171875 60.245719264368255 985.7986322239731 1 3 3 1 3 3 354 104 14 6 0 0 
1664927175.8397543 20.1171875 60.25093988188717 985.7879137792667 1 3 3 1 3 3 354 104 14 6 0 0 
1664927180.9714532 20.122265625 60.13998467252985 985.7596337006487 1 2 2 1 2 2 324 93 14 4 0 0 
1664927186.1002624 20.1171875 60.23983311128274 985.7744579107672 None None None None None None None None None None None None 
1664927191.2326727 20.122265625 60.192743517007365 985.7963236993488 2 3 3 2 3 3 504 154 20 0 0 0 
1664927196.367875 20.1171875 60.15742589011101 985.7996876678708 2 3 3 2 3 3 504 154 20 0 0 0 
1664927201.499795 20.122265625 60.14608885834016 985.8407977245981 2 3 3 2 3 3 468 142 18 0 0 0 
1664927206.634194 20.12734375 60.15829757035429 985.820926871866 2 3 3 2 3 3 468 142 18 0 0 0 
1664927211.7667203 20.12734375 60.234165758176395 985.7973787058597 2 3 3 2 3 3 468 142 18 0 0 0 
1664927216.8963969 20.132421875 60.12254294837476 985.7738305535441 2 3 3 2 3 3 483 147 18 0 0 0 
1664927222.030765 20.142578125 60.15175745196891 985.7667886157126 2 3 3 2 3 3 483 147 18 0 0 0 
1664927227.1605487 20.142578125 60.02290372396072 985.7883410992987 2 3 3 2 3 3 483 147 18 0 0 0 
1664927232.291019 20.1478515625 59.958148225252955 985.7547003507254 2 3 3 2 3 3 447 137 18 0 0 0 
1664927237.4222183 20.1478515625 60.15873334600949 985.7661604940436 2 3 3 2 3 3 447 137 18 0 0 0 
1664927242.5491357 20.142578125 60.11709132251146 985.7782488717929 2 3 3 2 3 3 447 137 18 0 0 0 
1664927247.6821995 20.1478515625 60.08765798031697 985.7799309095359 2 3 3 2 3 3 432 132 18 0 0 0 
1664927252.811607 20.132421875 60.005243256612474 985.8051614840633 2 3 3 2 3 3 432 132 18 0 0 0 
1664927257.9437528 20.12734375 60.21105778354321 985.7967512908077 2 3 3 2 3 3 432 132 18 0 0 0 
1664927263.073032 20.132421875 60.01680062160418 985.7973787058597 2 2 2 2 2 2 390 120 14 0 0 0 
1664927268.2078424 20.12734375 60.04645087001523 985.7704665329024 1 2 3 1 2 3 393 121 19 2 0 0 
1664927273.3397043 20.1375 60.13431592389125 985.7872866389052 2 2 3 2 2 3 414 130 12 2 0 0 
1664927278.4709504 20.142578125 60.11709132251146 985.7886549292629 2 2 3 2 2 3 414 130 12 2 0 0 
1664927283.6002634 20.1375 60.27558842681755 985.7892822611826 2 2 3 2 2 3 414 130 12 2 0 0 
1664927288.7311904 20.1375 60.14020239624915 985.7987470779597 1 2 3 1 2 3 393 123 12 2 0 0 
1664927293.8632817 20.1375 60.02290372396072 985.8021111280841 1 2 3 1 2 3 393 123 12 2 0 0 
1664927298.996448 20.12734375 59.998924225996205 985.7886549292629 1 2 3 1 2 3 393 123 12 2 0 0 
1664927304.1302373 20.122265625 60.19296185660583 985.7993742472331 1 2 3 1 2 3 399 125 12 2 0 0 
1664927309.2651732 20.122265625 60.0758845715676 985.7808722747282 1 2 3 1 2 3 399 125 12 2 0 0 
1664927314.3966553 20.1171875 60.16963460403521 985.7943282538935 1 2 3 1 2 3 399 125 12 2 0 0 
1664927319.5253038 20.1171875 60.16331218692646 985.7842362691003 1 2 3 1 2 3 393 123 12 2 0 0 
1664927324.656418 20.112109375 60.122325426371305 985.7879137792667 1 2 3 1 2 3 393 123 12 2 0 0 
1664927329.7878618 20.12734375 60.16331218692646 985.7929597311064 1 2 3 1 2 3 393 123 12 2 0 0 
1664927334.9186573 20.12734375 59.99303750723279 985.7856046279906 1 2 3 1 2 3 393 121 12 2 0 0 
1664927340.0495288 20.1171875 60.17552101479174 985.7993742472331 1 2 3 1 2 3 393 121 12 2 0 0 
1664927345.1819859 20.132421875 60.02835766580979 985.7940146832622 1 2 3 1 2 3 393 121 12 2 0 0 
1664927350.3134997 20.132421875 60.06367745477854 985.7984333293192 1 2 2 1 2 2 426 123 14 2 0 0 
1664927355.4460294 20.142578125 60.128864587517675 985.7735167109322 1 2 2 1 2 2 426 123 14 2 0 0 
1664927360.5796592 20.1375 60.05822438143828 985.8045337671934 1 2 2 1 2 2 432 127 12 0 0 0 
1664927365.7116296 20.1478515625 60.005459401555356 985.7530183140304 1 2 2 1 2 2 432 127 12 0 0 0 
1664927370.8423197 20.142578125 60.15829757035429 985.8048476802994 1 2 2 1 2 2 432 127 12 0 0 0 
1664927375.9762118 20.1478515625 59.91693953377658 985.7779348511663 1 2 2 1 2 2 420 125 12 0 0 0 
1664927381.1002614 20.1375 60.01113008932925 985.7647925723636 1 2 2 1 2 2 420 125 12 0 0 0 
1664927386.2333553 20.12734375 59.86417072222504 985.7600605216106 1 2 2 1 2 2 420 125 12 0 0 0 
1664927391.3633933 20.1375 60.034677317522714 985.7816129473488 1 2 2 1 2 2 447 129 14 0 0 0 
1664927396.491078 20.132421875 60.0758845715676 985.7570104531295 1 2 2 1 2 2 447 129 14 0 0 0 
1664927401.6231635 20.132421875 60.08155425124016 985.7536464338847 1 2 2 1 2 2 447 129 14 0 0 0 
1664927406.7527328 20.132421875 60.028790525875394 985.7816129473488 1 2 2 1 2 2 447 129 14 0 0 0 
1664927411.8872783 20.132421875 60.09311032991285 985.8051614840633 1 2 2 1 2 2 447 129 14 0 0 0 
1664927417.0184941 20.1171875 60.0399143892322 985.7687845226864 1 2 2 1 2 2 447 129 14 0 0 0 
1664927422.1497846 20.12734375 60.03969779785282 985.7845498117226 2 2 2 2 2 2 489 141 16 0 0 0 
1664927427.2822323 20.122265625 59.98104813070504 985.7876002637521 2 2 2 2 2 2 489 141 16 0 0 0 
1664927432.41388 20.1171875 60.22806077431244 985.7761398940851 1 2 3 1 2 3 426 113 16 4 2 2 
1664927437.5447435 20.1171875 60.227842020557155 985.779817334885 1 2 3 1 2 3 426 113 16 4 2 2 
1664927442.6767173 20.122265625 60.16919847347549 985.7532194062928 1 2 3 1 2 3 426 113 16 4 2 2 
1664927447.8088017 20.112109375 60.13388060018495 985.7969502668547 1 2 2 1 2 2 438 120 12 2 0 0 
1664927452.9435 20.10703125 60.13321916077141 985.7686703567081 1 2 2 1 2 2 438 120 12 2 0 0 
1664927458.072437 20.10703125 60.162431679208645 985.7952683098061 0 1 1 0 1 1 438 120 12 2 0 0 
1664927463.20432 20.101953125 60.150659618383585 985.7740293842456 0 1 1 0 1 1 450 127 14 2 0 0 
1664927468.3341928 20.101953125 60.18642069456651 985.7838078406178 0 1 1 0 1 1 450 127 14 2 0 0 
1664927473.4682546 20.096875 60.10945708213351 985.8026221873064 0 1 1 0 1 1 450 127 14 2 0 0 
1664927478.6002116 20.096875 60.09746751860391 985.776766786882 0 1 1 0 1 1 459 125 14 2 0 0 
1664927483.7303724 20.091796875 60.03903962735498 985.776024390602 0 1 1 0 1 1 459 125 14 2 0 0 
1664927488.86192 20.08671875 60.209082310264314 985.7592052389514 0 1 1 0 1 1 459 125 14 2 0 0 
1664927493.9966571 20.10703125 60.21562409671216 985.7524775802468 1 2 2 1 2 2 411 116 14 2 0 0 
1664927499.130785 20.096875 60.17965316418906 985.770665526389 1 2 2 1 2 2 411 116 14 2 0 0 
1664927504.2647724 20.091796875 60.05648165355516 985.7521643131718 1 2 2 1 2 2 411 116 14 2 0 0 
1664927509.3955264 20.10703125 60.06236785334797 985.7376536319878 1 2 2 1 2 2 417 111 14 2 0 0 
1664927514.529049 20.096875 60.256387554265075 985.7723474552824 1 2 2 1 2 2 258 81 14 2 0 0 
1664927519.6625957 20.08671875 60.121229286675174 985.7757113132787 1 2 2 1 2 2 264 83 12 2 0 0 
1664927524.7949831 20.096875 60.215186782104624 985.7387088906855 1 2 2 1 2 2 264 83 12 2 0 0 
1664927529.9247577 20.101953125 60.15654565392885 985.7804439548156 0 1 1 0 1 1 264 83 12 2 0 0 
1664927535.054265 20.091796875 60.11490813950349 985.7309260311297 0 1 1 0 1 1 258 78 19 2 0 0 
1664927540.1865807 20.081640625 60.23262544235452 985.7329211423262 0 1 1 0 1 1 258 78 19 2 0 0 
1664927545.318266 20.081640625 60.20297795188538 985.7494269361785 0 1 1 0 1 1 258 78 19 2 0 0 
1664927550.452068 20.08671875 60.438620842281175 985.739961736809 1 2 2 1 2 2 285 83 19 2 0 0 
1664927555.5850363 20.08671875 60.23873014207344 985.7662459481019 1 2 2 1 2 2 285 83 19 2 0 0 
1664927560.71686 20.091796875 60.08547817222823 985.7763373586081 1 2 2 1 2 2 285 83 19 2 0 0 
1664927565.8502607 20.091796875 60.28559688905496 985.7659328987735 1 2 2 1 2 2 291 80 17 2 0 0 
1664927570.9840393 20.081640625 60.173549090666015 985.7982020899975 1 2 2 1 2 2 291 80 17 2 0 0 
1664927576.118843 20.081640625 60.108804692684146 985.7914744790821 1 2 2 1 2 2 291 80 17 2 0 0 
1664927581.2533305 20.08671875 60.167663287627846 985.76225588297 1 1 1 1 1 1 282 77 15 0 0 0 
1664927586.382373 20.0765625 60.220635145439836 985.7315523710979 1 1 1 1 1 1 282 77 15 0 0 0 
1664927591.5167117 20.0765625 60.19142485341416 985.7527907380044 1 1 1 1 1 1 282 77 15 0 0 0 
1664927596.6462505 20.081640625 60.079157861844536 985.7346030289523 0 1 1 0 1 1 357 99 14 0 0 0 
1664927601.777396 20.071484375 60.17877997672414 985.7265067525092 0 1 1 0 1 1 357 99 14 0 0 0 
1664927606.9049575 20.06640625 60.367113471334676 985.7665588881159 0 1 1 0 1 1 378 106 10 0 0 0 
1664927612.0383687 20.061328125 60.20232223833763 985.7618260958293 0 1 1 0 1 1 378 106 10 0 0 0 
1664927617.1691651 20.061328125 60.184665557523594 985.7355419656873 0 1 1 0 1 1 378 106 10 0 0 0 
1664927622.299099 20.061328125 60.13736277066833 985.7321782738265 0 1 1 0 1 1 372 104 8 0 0 0 
1664927627.4333634 20.05625 60.17834331852531 985.7745378139448 0 1 1 0 1 1 372 104 8 0 0 0 
1664927632.5631018 20.061328125 60.30760094246376 985.7540422759146 0 1 1 0 1 1 372 104 8 0 0 0 
1664927637.6969178 20.05625 60.431629467979334 985.7355433238304 1 2 2 1 2 2 351 97 8 0 0 0 
1664927642.8284578 20.05625 60.331581669895364 985.7190377931371 1 2 2 1 2 2 351 97 8 0 0 0 
1664927647.9621198 20.05625 60.04929460232968 985.7523604291808 1 2 2 1 2 2 351 97 8 0 0 0 
1664927653.0956132 20.05625 60.148915932937925 985.7405875040022 1 2 2 1 2 2 372 109 10 0 0 0 
1664927658.2307935 20.05625 60.30826038331512 985.7658152050042 1 2 2 1 2 2 372 109 10 0 0 0 
1664927663.362976 20.061328125 60.17289438566062 985.7520476951129 1 2 2 1 2 2 372 109 10 0 0 0 
1664927668.4898007 20.051171875 60.343572359295536 985.7574059695909 1 1 1 1 1 1 360 102 8 0 0 0 
1664927673.6243503 20.06640625 60.208426427243246 985.7281886253021 1 1 1 1 1 1 360 102 8 0 0 0 
1664927678.7559443 20.061328125 60.367333935764776 985.7604569972465 0 0 0 0 0 0 318 84 10 2 0 0 
1664927683.8866346 20.0765625 60.25551091355808 985.724511710244 0 0 0 0 0 0 318 84 10 2 0 0 
1664927689.018699 20.0765625 60.10270135933424 985.7197792620354 0 0 0 0 0 0 318 84 10 2 0 0 
1664927694.1504042 20.071484375 60.21453072961087 985.7450073570737 1 2 2 1 2 2 366 98 14 2 0 0 
1664927699.2843952 20.06640625 60.049511436052406 985.7268197991881 1 2 2 1 2 2 366 98 14 2 0 0 
1664927704.415599 20.06640625 60.214312023957625 985.7304964280011 1 2 2 1 2 2 366 98 14 2 0 0 
1664927709.545633 20.061328125 60.290604256760155 985.7321782738265 1 2 2 1 2 2 387 105 16 2 0 0 
1664927714.6774783 20.06640625 60.23174983441322 985.7355433238304 1 2 2 1 2 2 387 105 16 2 0 0 
1664927719.8108568 20.06640625 60.102483931190385 985.7315523710979 1 2 2 1 2 2 387 105 16 2 0 0 
1664927724.941306 20.071484375 60.14346627638219 985.7362849156482 1 2 2 1 2 2 402 119 21 0 0 0 
1664927730.0698922 20.06640625 60.143902084756874 985.7298704981652 1 2 2 1 2 2 402 119 21 0 0 0 
1664927735.1996918 20.0765625 60.16722696284239 985.7100012106345 1 2 2 1 2 2 402 119 21 0 0 0 
1664927740.3312926 20.071484375 60.267281932493866 985.7615132244665 2 2 2 2 2 2 417 121 23 0 0 0 
1664927745.4661107 20.06640625 60.220416383295934 985.7503658348957 2 2 2 2 2 2 417 121 23 0 0 0 
1664927750.6004014 20.06640625 60.3084801754439 985.7298704981652 2 2 2 2 2 2 417 121 23 0 0 0 
1664927755.7348878 20.08671875 60.11447304649192 985.7174708327657 2 2 2 2 2 2 423 125 21 0 0 0 
1664927760.86575 20.06640625 60.17899828970696 985.7217742218886 1 2 2 1 2 2 321 95 10 2 0 0 
1664927765.9966464 20.061328125 60.108804692684146 985.7220871999207 1 2 2 1 2 2 330 95 10 2 0 0 
1664927771.1306674 20.061328125 60.28449932676787 985.7019050596512 1 2 2 1 2 2 330 95 10 2 0 0 
1664927776.261766 20.05625 60.402424831471684 985.7587751366802 1 2 2 1 2 2 330 95 10 2 0 0 
1664927781.392705 20.061328125 60.17877997672414 985.7304964280011 1 2 2 1 2 2 345 100 10 2 0 0 
1664927786.5175896 20.06640625 60.11992360420643 985.7385928153308 1 2 2 1 2 2 345 100 10 2 0 0 
1664927791.6505191 20.061328125 60.20210364566634 985.7389056578272 1 2 2 1 2 2 345 100 10 2 0 0 
1664927796.7803202 20.05625 60.28406022664352 985.7321796601462 1 2 2 1 2 2 366 105 10 2 0 0 
1664927801.9146328 20.061328125 60.36667251024224 985.7187250082029 1 2 2 1 2 2 366 105 10 2 0 0 
1664927807.0469916 20.05625 60.249187138341775 985.6931826290648 1 2 2 1 2 2 366 105 10 2 0 0 
1664927812.1786702 20.071484375 60.132130500244486 985.6976015393135 1 2 2 1 2 2 324 95 10 2 0 0 
1664927817.3098185 20.08671875 60.15567362821116 985.7275622311197 1 2 2 1 2 2 324 95 10 2 0 0 
1664927822.4415495 20.071484375 60.34989816744166 985.7359717316684 1 2 2 1 2 2 324 95 10 2 0 0 
1664927827.5761614 20.0765625 60.17943488343942 985.6915007712919 1 2 2 1 2 2 357 106 12 2 0 0 
1664927832.70942 20.081640625 60.132130500244486 985.7241984313888 1 2 2 1 2 2 357 106 12 2 0 0 
1664927837.8415234 20.061328125 60.28493838391535 985.7231430071326 1 2 2 1 2 2 357 106 12 2 0 0 
1664927842.973799 20.06640625 60.20232223833763 985.7083193521632 0 1 1 0 1 1 354 107 12 2 0 0 
1664927848.1002626 20.06640625 60.190988012225326 985.7124251345315 0 1 1 0 1 1 354 107 12 2 0 0 
1664927853.2312076 20.061328125 60.15567362821116 985.7349161171728 1 2 2 1 2 2 396 124 14 2 0 0 
1664927858.365059 20.06640625 60.08460928802108 985.6934958375069 2 3 3 2 3 3 396 124 14 2 0 0 
1664927863.4979112 20.051171875 60.184665557523594 985.7190377931371 2 3 3 2 3 3 396 124 14 2 0 0 
1664927868.63005 20.05625 60.025534697755546 985.7069505937757 1 2 2 1 2 2 318 96 14 2 0 0 
1664927873.7621276 20.06640625 60.23174983441322 985.6982282028023 1 2 2 1 2 2 318 96 14 2 0 0 
1664927878.894781 20.05625 60.33180174169162 985.7015919189768 1 2 2 1 2 2 318 96 14 2 0 0 
1664927884.0289745 20.06640625 60.33202180274376 985.746689230635 1 3 3 1 3 3 360 110 16 4 0 0 
1664927889.160907 20.071484375 60.11447304649192 985.7295573692837 1 3 3 1 3 3 360 110 16 4 0 0 
1664927894.2950473 20.06640625 60.18553901393411 985.7012786689943 0 2 2 0 2 2 360 110 16 4 0 0 
1664927899.4292471 20.071484375 60.17267612917002 985.6931826290648 0 2 2 0 2 2 360 108 16 4 0 0 
1664927904.563112 20.06640625 60.11992360420643 985.7234560809186 0 2 2 0 2 2 360 108 16 4 0 0 
1664927909.6969967 20.061328125 60.196436688330344 985.6797277688374 0 2 2 0 2 2 360 108 16 4 0 0 
1664927914.8302855 20.06640625 60.23153090556714 985.6901338876636 0 2 2 0 2 2 360 104 14 4 0 0 
1664927919.9637415 20.05625 60.07240352957125 985.7052703607291 0 2 2 0 2 2 360 104 14 4 0 0 
1664927925.0969083 20.051171875 60.2722898071533 985.6887650865689 1 2 2 1 2 2 396 114 8 0 0 0 
1664927930.2310915 20.061328125 60.21387458041813 985.7005378031012 1 2 2 1 2 2 396 114 8 0 0 0 
1664927935.365005 20.05625 60.16112317274142 985.7456330429454 1 2 2 1 2 2 396 114 8 0 0 0 
1664927940.4991124 20.05625 60.23741632675584 985.6934958375069 2 2 2 2 2 2 417 126 10 0 0 0 
1664927945.633054 20.06640625 60.272509228122665 985.6901338876636 2 2 2 2 2 2 417 126 10 0 0 0 
1664927950.7663374 20.06640625 60.23763532283617 985.6746821974044 2 2 2 2 2 2 417 126 10 0 0 0 
1664927955.9002397 20.06640625 60.09092963111845 985.6814096261214 1 2 2 1 2 2 402 123 10 0 0 0 
1664927961.0330796 20.071484375 60.09681550035861 985.6589181999246 1 2 2 1 2 2 402 123 10 0 0 0 
1664927966.1632652 20.0765625 60.008959056307525 985.7080061563952 1 2 2 1 2 2 402 123 10 0 0 0 
1664927971.2976947 20.06640625 60.26095790887242 985.7002232150825 1 2 2 1 2 2 381 118 8 0 0 0 
1664927976.430994 20.05625 60.3494576527014 985.689818913589 1 2 2 1 2 2 381 118 8 0 0 0 
1664927981.5653944 20.06640625 60.13169496082242 985.6931826290648 1 2 2 1 2 2 381 118 8 0 0 0 
1664927986.6993968 20.061328125 60.219760032398284 985.7032737771686 1 1 1 1 1 1 351 107 8 0 0 0 
1664927991.8333113 20.05625 59.978880149234236 985.6780459116234 1 1 1 1 1 1 351 107 8 0 0 0 
1664927996.967397 20.061328125 60.2611771738874 985.7063242844401 1 1 1 1 1 1 351 107 8 0 0 0 
1664928002.1002653 20.05625 60.013979547132244 985.6601742178083 1 1 1 1 1 1 309 95 6 0 0 0 
1664928007.2348177 20.05625 60.09049503304544 985.6985413705838 1 3 4 1 3 4 324 93 23 6 2 2 
1664928012.3686554 20.06640625 60.132130500244486 985.6810962134965 1 4 5 1 4 5 354 110 32 6 2 2 
1664928017.502304 20.06640625 60.22019761040771 985.6726868600074 1 4 5 1 4 5 354 110 32 6 2 2 
1664928022.6361296 20.071484375 60.08526096729327 985.6609137680556 1 4 5 1 4 5 354 110 32 6 2 2 
1664928027.770467 20.0765625 60.18510230721762 985.6771052644931 1 3 5 1 3 5 333 105 28 6 2 2 
1664928032.90413 20.0765625 60.07283776718017 985.6659593784732 1 3 5 1 3 5 333 105 28 6 2 2 
1664928038.036972 20.06640625 60.037522958320096 985.6749955549353 1 3 5 1 3 5 333 105 28 6 2 2 
1664928043.1708665 20.08671875 60.10270135933424 985.6807826915614 1 2 4 1 2 4 321 98 21 2 2 2 
1664928048.305653 20.06640625 59.93157631470361 985.6830914834753 1 2 4 1 2 4 321 98 21 2 2 2 
1664928053.4397383 20.061328125 60.184665557523594 985.6649064451248 1 2 4 1 2 4 321 98 21 2 2 2 
1664928058.573435 20.04609375 60.107717162045 985.6850883978987 1 2 4 1 2 4 321 100 23 2 2 2 
1664928063.7068193 20.05625 60.22586433572622 985.6867684610486 1 2 4 1 2 4 321 100 23 2 2 2 
1664928068.8402336 20.04609375 60.16657239508111 985.6873962033508 1 2 4 1 2 4 321 100 23 2 2 2 
1664928073.973551 20.041015625 60.03600576279806 985.6897035174676 1 2 2 1 2 2 315 95 23 2 0 0 
1664928079.1069913 20.0359375 60.31871129785859 985.6793000819441 1 2 2 1 2 2 315 95 23 2 0 0 
1664928084.2410457 20.030859375 60.366452013579895 985.69916882452 1 2 2 1 2 2 315 95 23 2 0 0 
1664928089.3747547 20.030859375 60.18335505057621 985.6540732566423 2 3 3 2 3 3 381 120 21 4 0 0 
1664928094.5078437 20.0359375 60.247652923664965 985.664476889182 2 3 3 2 3 3 381 120 21 4 0 0 
1664928099.6413913 20.0359375 60.11818209255627 985.6944361846669 1 3 3 1 3 3 333 106 23 4 0 0 
1664928104.7738302 20.030859375 60.30650165949443 985.6331491783344 1 3 3 1 3 3 333 106 23 4 0 0 
1664928109.9077256 20.041015625 60.301056443048836 985.6826636598381 1 3 3 1 3 3 333 106 23 4 0 0 
1664928115.041595 20.0359375 60.31871129785859 985.6608004085199 1 2 2 1 2 2 327 104 18 2 0 0 
1664928120.1749253 20.041015625 60.136709147003515 985.6823507953256 1 2 2 1 2 2 327 104 18 2 0 0 
1664928125.3087988 20.04609375 60.289066822885864 985.6554419631402 1 2 2 1 2 2 327 104 18 2 0 0 
1664928130.4422016 20.041015625 60.13649125095964 985.6742547156267 2 2 2 2 2 2 375 120 23 0 0 0 
1664928135.5756514 20.02578125 60.41286896358906 985.673198490776 2 2 2 2 2 2 375 120 23 0 0 0 
1664928140.7080326 20.020703125 60.13932395330145 985.6617388748765 2 2 2 2 2 2 375 120 23 0 0 0 
1664928145.8406801 20.0359375 60.271192541142796 985.6432396571624 2 2 2 2 2 2 375 120 23 0 0 0 
1664928150.970269 20.041015625 60.1772514850012 985.6513355972924 2 2 2 2 2 2 375 120 23 0 0 0 
1664928156.1002595 20.02578125 60.40109939904974 985.6459773717582 2 2 2 2 2 2 375 120 23 0 0 0 
1664928161.2302763 20.02578125 60.08243632538401 985.6583753801181 2 3 3 2 3 3 405 129 23 0 0 0 
1664928166.363512 20.02578125 60.306281770668 985.6550118856393 2 3 3 2 3 3 405 129 23 0 0 0 
1664928171.4972773 20.02578125 60.200135828128346 985.6270478608768 1 2 3 1 2 3 324 100 10 4 2 2 
1664928176.6304994 20.015625 60.3237158883487 985.6492227055622 1 2 3 1 2 3 324 100 10 4 2 2 
1664928181.7638106 20.015625 60.32960054024241 985.6684658652309 1 2 3 1 2 3 324 100 10 4 2 2 
1664928186.8973927 20.015625 60.23500666074802 985.6307239412511 1 2 3 1 2 3 345 107 10 2 2 2 
1664928192.0302935 20.02578125 60.3237158883487 985.6580626401841 1 2 3 1 2 3 345 107 10 2 2 2 
1664928197.1642578 20.020703125 60.08810397540847 985.6189520047247 1 2 3 1 2 3 345 107 10 2 2 2 
1664928202.298864 20.015625 60.270753559528835 985.6155885949172 1 2 3 1 2 3 360 112 10 2 2 2 
1664928207.432775 20.020703125 60.30606187109736 985.6435524097883 1 2 3 1 2 3 360 112 10 2 2 2 
1664928212.5670955 20.02578125 60.12973450157139 985.6765620138978 1 2 3 1 2 3 360 112 10 2 2 2 
1664928217.7010496 20.02578125 60.253318559691806 985.6715167293198 0 1 3 0 1 3 288 83 8 2 2 2 
1664928222.833988 20.015625 60.35313904520029 985.6351437450234 0 1 3 0 1 3 288 83 8 2 2 2 
1664928227.967849 20.00546875 60.12951661904327 985.6324056467486 0 1 3 0 1 3 288 83 8 2 2 2 
1664928233.1002526 20.015625 60.07611665551725 985.6637332123465 0 1 3 0 1 3 297 90 8 2 2 2 
1664928238.2336688 20.000390625 60.3762359410823 985.6431206485792 0 1 3 0 1 3 297 90 8 2 2 2 
1664928243.3658514 20.010546875 60.42919539741547 985.6431206485792 0 1 3 0 1 3 297 90 8 2 2 2 
1664928248.5002651 20.00546875 60.24677599318954 985.652898475173 1 1 1 1 1 1 297 90 6 0 0 0 
1664928253.634516 20.015625 60.03492172937142 985.6343998584109 1 2 2 1 2 2 333 99 20 0 0 0 
1664928258.768086 19.9953125 60.240891332099395 985.6286101160382 1 2 2 1 2 2 360 108 18 0 0 0 
1664928263.9003878 20.000390625 60.39344729431143 985.6067486575068 1 2 2 1 2 2 360 108 18 0 0 0 
1664928269.0340192 19.990234375 60.269655917469386 985.6202018613606 1 2 2 1 2 2 360 108 18 0 0 0 
1664928274.16551 19.9953125 60.16351646694156 985.6336550696827 1 2 2 1 2 2 360 105 18 0 0 0 
1664928279.2967923 19.98515625 60.210373484916055 985.6292342531897 1 2 2 1 2 2 360 105 18 0 0 0 
1664928284.4308183 19.990234375 60.27554032555599 985.6420633271534 1 2 2 1 2 2 360 105 18 0 0 0 
1664928289.560018 19.975 60.457064974694475 985.6345909895322 1 2 2 1 2 2 351 103 16 2 0 0 
1664928294.6912897 19.980078125 60.25156390301034 985.61104844713 1 2 2 1 2 2 351 103 16 2 0 0 
1664928299.8206992 19.98515625 60.50457972746662 985.6174628868728 1 2 2 1 2 2 351 103 16 2 0 0 
1664928304.9541066 19.975 60.33960700282621 985.6197683731478 1 2 2 1 2 2 309 87 12 2 0 0 
1664928310.089085 19.96484375 60.286649791690905 985.6220733682374 1 2 2 1 2 2 309 87 12 2 0 0 
1664928315.2217524 19.969921875 60.30974629482817 985.6207033477855 1 2 2 1 2 2 309 87 12 2 0 0 
1664928320.3502636 19.969921875 60.38057450001768 985.6133538094726 1 2 2 1 2 2 351 94 12 2 0 0 
1664928325.4793704 19.959765625 60.3746905455332 985.6002129713809 1 2 2 1 2 2 351 94 12 2 0 0 
