timestamp temperature humidity pressure pm10_standard pm25_standard pm100_standard pm10_env pm25_env pm100_env particles_03um particles_05um particles_10um particles_25um particles_50um particles_100um
1658179529.9158592 21.0931640625 53.833471823720956 985.6908750565559 0 1 1 0 1 1 210 63 10 0 0 0 
1658179535.0497742 21.0830078125 53.79815326951525 985.7006478625292 0 0 0 0 0 0 210 59 4 0 0 0 
1658179540.18385 21.0880859375 53.774369250052665 985.6824522542165 0 0 0 0 0 0 195 57 4 0 0 0 
1658179545.3179302 21.0779296875 53.88060931830738 985.7053669584245 0 0 0 0 0 0 195 57 4 0 0 0 
1658179550.4517252 21.0830078125 53.93379940315205 985.7282696400574 0 0 0 0 0 0 195 57 4 0 0 0 
1658179555.58546 21.0728515625 53.88046548561879 985.6959287388004 0 0 0 0 0 0 186 54 4 0 0 0 
1658179560.7191823 21.0830078125 53.7387650088605 985.7080550615898 0 0 0 0 0 0 186 54 4 0 0 0 
1658179565.8534818 21.0931640625 53.798296125017934 985.7205282567769 0 0 0 0 0 0 186 54 4 0 0 0 
1658179570.987154 21.0728515625 53.84529221471861 985.7063705138396 0 1 1 0 1 1 228 68 11 0 0 0 
1658179576.1210012 21.0880859375 53.85091541505922 985.6992978606471 0 1 1 0 1 1 228 68 11 0 0 0 
1658179581.254776 21.0982421875 53.709497081855794 985.6945786815497 0 1 1 0 1 1 228 68 11 0 0 0 
1658179586.3876595 21.0931640625 53.76283352338804 985.6868364903676 0 1 1 0 1 1 222 66 11 0 0 0 
1658179591.520691 21.0982421875 53.96969346632079 985.6952594293424 0 1 1 0 1 1 222 66 11 0 0 0 
1658179596.6543128 21.0931640625 53.62689011148609 985.6844819913528 0 1 1 0 1 1 222 66 11 0 0 0 
1658179601.7886198 21.0982421875 53.845579016396655 985.7303012574391 0 1 1 0 1 1 231 68 11 0 0 0 
1658179606.922373 21.0931640625 53.975603564792074 985.7070515468499 0 1 1 0 1 1 231 68 11 0 0 0 
1658179612.0566225 21.0931640625 53.9167904945182 985.7030127569259 0 1 1 0 1 1 231 68 11 0 0 0 
1658179617.19035 21.1033203125 53.63294176281542 985.7070515468499 0 0 0 0 0 0 180 52 12 0 0 0 
1658179622.3242893 21.10859375 53.93854743795027 985.706381987941 0 0 0 0 0 0 180 52 12 0 0 0 
1658179627.45819 21.10859375 53.77508212385946 985.7030127569259 0 0 0 0 0 0 216 59 12 0 0 0 
1658179632.5918713 21.10859375 53.63336456259373 985.7239080489287 1 1 1 1 1 1 216 59 12 0 0 0 
1658179637.7247667 21.1033203125 53.905113849180914 985.6858314991653 1 1 1 1 1 1 216 59 12 0 0 0 
1658179642.8578184 21.0982421875 53.798581803753635 985.6996435261913 1 1 1 1 1 1 216 59 12 0 0 0 
1658179647.9916792 21.113671875 53.65672592995287 985.6922348504269 1 1 1 1 1 1 216 59 12 0 0 0 
1658179653.1257415 21.113671875 53.84615249067523 985.7036921696848 1 1 1 1 1 1 216 59 12 0 0 0 
1658179658.2589946 21.10859375 53.544419150627974 985.679428147668 1 1 1 1 1 1 210 57 12 0 0 0 
1658179663.3890066 21.113671875 53.81054581667514 985.6908853843664 1 1 1 1 1 1 210 57 12 0 0 0 
1658179668.522043 21.10859375 53.75158172823485 985.7026777856221 0 0 0 0 0 0 210 57 12 0 0 0 
1658179673.6559963 21.1033203125 53.911168358409356 985.706381987941 0 0 0 0 0 0 201 52 8 0 0 0 
1658179678.790669 21.113671875 53.68627972682794 985.6743743046137 0 0 0 0 0 0 201 52 8 0 0 0 
1658179683.9244769 21.113671875 53.668547479639734 985.7134649021692 0 1 1 0 1 1 201 52 8 0 0 0 
1658179689.0584967 21.10859375 53.77522466635098 985.702342704493 0 1 1 0 1 1 201 52 8 0 0 0 
1658179694.1922145 21.11875 53.84615249067523 985.6811127621595 0 1 1 0 1 1 201 52 8 0 0 0 
1658179699.325421 21.113671875 53.680934816619754 985.7104307949783 1 2 2 1 2 2 291 84 12 2 0 0 
1658179704.4584038 21.11875 53.804635226987145 985.6912204505803 1 2 2 1 2 2 291 84 12 2 0 0 
1658179709.5917802 21.0982421875 53.65700832573001 985.7046973723985 1 2 2 1 2 2 291 84 12 2 0 0 
1658179714.7258768 21.10859375 53.78676070780704 985.7191891335424 1 2 2 1 2 2 318 91 12 2 0 0 
1658179719.8617373 21.0982421875 53.798296125017934 985.6969440173475 1 2 2 1 2 2 318 91 12 2 0 0 
1658179724.9935427 21.0880859375 53.886951004983196 985.7235628459997 1 2 2 1 2 2 318 91 12 2 0 0 
1658179730.125495 21.0880859375 53.86330993051887 985.7084014243593 1 2 2 1 2 2 297 87 10 2 0 0 
1658179735.2582433 21.0931640625 53.79843896976407 985.7134552309421 1 2 2 1 2 2 297 87 10 2 0 0 
1658179740.3906379 21.0880859375 53.96349385620182 985.7124398865988 1 2 2 1 2 2 297 87 10 2 0 0 
1658179745.5228648 21.0982421875 53.816313370331436 985.7016630165634 1 1 1 1 1 1 276 83 6 2 0 0 
1658179750.6550577 21.10859375 53.79238571719247 985.6881862043343 1 1 1 1 1 1 276 83 6 2 0 0 
1658179755.7857285 21.0982421875 53.66235413614524 985.6932400083947 0 0 0 0 0 0 276 83 6 2 0 0 
1658179760.9173934 21.10859375 53.85163278361391 985.6841468709048 0 0 0 0 0 0 270 76 6 2 0 0 
1658179766.0498195 21.10859375 53.88738254418013 985.6945896806144 0 0 0 0 0 0 270 76 6 2 0 0 
1658179771.1831708 21.10859375 53.60366904164881 985.7212087088172 0 0 0 0 0 0 270 76 6 2 0 0 
1658179776.3175516 21.113671875 53.633505474339316 985.706381987941 0 1 1 0 1 1 297 85 6 2 0 0 
1658179781.447951 21.113671875 53.61563163195763 985.6659512342578 0 0 0 0 0 0 168 48 10 0 0 0 
1658179786.5792348 21.10859375 53.81645639605061 985.7094163021667 0 0 0 0 0 0 177 53 10 0 0 0 
1658179791.7133534 21.10859375 53.72779662260436 985.6827973767212 0 0 0 0 0 0 177 53 10 0 0 0 
1658179796.8469868 21.10859375 53.852063075669356 985.7050415522338 0 0 0 0 0 0 177 53 10 0 0 0 
1658179801.9786842 21.11875 53.733849416363846 985.743788976442 0 0 0 0 0 0 177 53 10 0 0 0 
1658179807.1079965 21.133984375 53.8582605929259 985.6881948576179 0 0 0 0 0 0 177 53 10 0 0 0 
1658179812.2418783 21.123828125 53.899203424493166 985.7232376900474 0 0 0 0 0 0 177 53 10 0 0 0 
1658179817.3755085 21.133984375 53.793384932056476 985.7053768259029 0 1 1 0 1 1 213 65 10 0 0 0 
1658179822.5102282 21.123828125 53.799010241182984 985.7084108919976 0 1 1 0 1 1 213 65 10 0 0 0 
1658179827.6425695 21.11875 53.81054581667514 985.7387349624867 0 1 1 0 1 1 213 65 10 0 0 0 
1658179832.7721272 21.113671875 53.8754179219593 985.7195240790855 1 1 1 1 1 1 234 74 12 0 0 0 
1658179837.9071429 21.1033203125 53.597758091022776 985.7319858604742 1 1 1 1 1 1 234 74 12 0 0 0 
1658179843.0389125 21.113671875 53.77508212385946 985.7077316729253 0 0 0 0 0 0 234 74 12 0 0 0 
1658179848.1703095 21.1033203125 53.798581803753635 985.7249127635339 0 0 0 0 0 0 276 88 10 0 0 0 
1658179853.299914 21.1033203125 53.99376898199525 985.7370396699998 0 0 0 0 0 0 276 88 10 0 0 0 
1658179858.4337578 21.0982421875 53.9227008207775 985.6945896806144 0 0 0 0 0 0 276 88 10 0 0 0 
1658179863.5676692 21.11875 53.78127797432964 985.7276123506947 1 1 1 1 1 1 255 77 4 0 0 0 
1658179868.7003 21.10859375 53.88767018319626 985.7255927059878 1 1 1 1 1 1 255 77 4 0 0 0 
1658179873.8340592 21.123828125 53.757492478233004 985.7006580619735 1 1 1 1 1 1 261 79 6 0 0 0 
1658179878.9670243 21.133984375 53.78718874026041 985.743453904789 1 1 1 1 1 1 261 79 6 0 0 0 
1658179884.0977318 21.123828125 53.75791943369412 985.7168342426339 1 1 1 1 1 1 261 79 6 0 0 0 
1658179889.2293317 21.133984375 53.79915303214631 985.7299764271734 1 1 1 1 1 1 288 86 6 0 0 0 
1658179894.3642128 21.123828125 53.728080616868276 985.7387349624867 1 1 1 1 1 1 288 86 6 0 0 0 
1658179899.495708 21.133984375 53.669395347903304 985.7212176481908 0 0 0 0 0 0 288 86 6 0 0 0 
1658179904.6266744 21.133984375 53.90597785200703 985.7181836379386 0 0 0 0 0 0 300 90 8 0 0 0 
1658179909.7621522 21.12890625 53.85854749247537 985.7111094636722 0 0 0 0 0 0 300 90 8 0 0 0 
1658179914.894059 21.133984375 53.71668437416126 985.708075535613 0 0 0 0 0 0 300 90 8 0 0 0 
1658179920.0272934 21.133984375 53.60423131705752 985.7040350722201 0 0 0 0 0 0 300 90 8 0 0 0 
1658179925.1582983 21.1390625 53.7642574370149 985.7127941609168 0 0 0 0 0 0 300 90 8 0 0 0 
1658179930.2928061 21.133984375 53.90021091770154 985.7363868695684 0 0 0 0 0 0 300 90 8 0 0 0 
1658179935.4245734 21.14921875 53.66967788460308 985.7202109159052 1 1 1 1 1 1 306 92 10 0 0 0 
1658179940.5557854 21.1390625 53.78775929960607 985.7121229803145 1 1 1 1 1 1 306 92 10 0 0 0 
1658179945.6865802 21.1390625 53.61042373555431 985.7006656513844 0 0 0 0 0 0 207 57 6 0 0 0 
1658179950.817372 21.133984375 53.72836456810532 985.7350304807537 0 0 0 0 0 0 207 57 6 0 0 0 
1658179955.9514194 21.123828125 53.864458326817235 985.692577798607 0 0 0 0 0 0 207 57 6 0 0 0 
1658179961.080895 21.133984375 53.728506527588785 985.7212176481908 0 0 0 0 0 0 180 50 6 0 0 0 
1658179966.2080963 21.133984375 53.61042373555431 985.7353735634985 0 0 0 0 0 0 180 50 6 0 0 0 
1658179971.340117 21.133984375 53.876136317684086 985.7151495723665 0 0 0 0 0 0 180 50 6 0 0 0 
1658179976.4740875 21.14921875 53.717109783077916 985.7370583024704 0 0 0 0 0 0 174 48 6 0 0 0 
1658179981.6076372 21.1390625 53.70528718339931 985.7437972590586 0 0 0 0 0 0 174 48 6 0 0 0 
1658179986.7412913 21.144140625 53.77622216260658 985.7751365089679 0 0 0 0 0 0 174 48 6 0 0 0 
1658179991.8745327 21.164453125 53.6349140001646 985.7471725456593 0 0 0 0 0 0 186 52 6 0 0 0 
1658179997.0085232 21.164453125 53.746950328919 985.7427901076377 0 0 0 0 0 0 186 52 6 0 0 0 
1658180002.1413226 21.16953125 53.72921616365545 985.7438029312162 0 0 0 0 0 0 186 52 6 0 0 0 
1658180007.2753816 21.164453125 53.753003861646654 985.7694108761268 0 0 0 0 0 0 201 57 6 0 0 0 
1658180012.4095445 21.159375 53.62309057166069 985.6844899733303 0 0 0 0 0 0 201 57 6 0 0 0 
1658180017.5427077 21.164453125 53.46924333230847 985.7168460257635 0 0 0 0 0 0 201 57 6 0 0 0 
1658180022.6755414 21.16953125 53.80620631507035 985.7357149972669 0 0 0 0 0 0 201 60 6 0 0 0 
1658180027.808168 21.159375 53.69951744704856 985.7502006637111 0 0 0 0 0 0 339 94 10 0 0 0 
1658180032.941989 21.0728515625 53.65813747856379 985.7161696811203 0 0 0 0 0 0 318 89 8 0 0 0 
1658180038.076045 21.14921875 53.610704900695865 985.7485159106199 0 0 0 0 0 0 318 89 8 0 0 0 
1658180043.2088838 21.133984375 53.72879041428557 985.7097666088623 1 1 1 1 1 1 318 89 8 0 0 0 
1658180048.3417969 21.144140625 53.77579472875095 985.7340244033969 1 1 1 1 1 1 324 89 8 0 0 0 
1658180053.4748795 21.144140625 53.72259545603187 985.7269498696903 1 1 1 1 1 1 324 89 8 0 0 0 
1658180058.6002905 21.133984375 53.69332302024612 985.7117872252504 1 1 1 1 1 1 324 89 8 0 0 0 
1658180063.7328758 21.14921875 53.89430001025799 985.7700822060741 0 0 0 0 0 0 330 91 8 0 0 0 
1658180068.8664165 21.133984375 53.823368316430155 985.7555904357862 0 0 0 0 0 0 330 91 8 0 0 0 
1658180074.000053 21.144140625 53.69318148727238 985.7215598706902 0 0 0 0 0 0 330 91 8 0 0 0 
1658180079.1350634 21.1390625 53.79972408843409 985.7036993592053 1 1 1 1 1 1 336 91 8 0 0 0 
1658180084.2676141 21.144140625 53.72879041428557 985.7121229803145 1 1 1 1 1 1 336 91 8 0 0 0 
1658180089.3945158 21.1390625 53.675589183985096 985.7245870435909 1 1 1 1 1 1 336 91 8 0 0 0 
1658180094.529174 21.144140625 53.80549234547152 985.7400921462147 1 1 1 1 1 1 279 79 6 0 0 0 
1658180099.6615891 21.12890625 53.84658248344138 985.7030214853963 1 1 1 1 1 1 279 79 6 0 0 0 
1658180104.7932441 21.1390625 53.64575058724558 985.7407633051895 1 1 1 1 1 1 279 79 6 0 0 0 
1658180109.924806 21.1390625 53.65771412692762 985.7060553723591 0 0 0 0 0 0 210 63 12 0 0 0 
1658180115.055848 21.1390625 53.669395347903304 985.6824696212362 0 0 0 0 0 0 210 63 12 0 0 0 
1658180120.189394 21.133984375 53.75806173066787 985.7148142702165 0 1 1 0 1 1 210 63 12 0 0 0 
1658180125.3237205 21.12890625 53.757777125963734 985.6966182040499 0 1 1 0 1 1 210 63 12 0 0 0 
1658180130.4552727 21.123828125 53.769313947291074 985.6858314991653 0 1 1 0 1 1 210 63 12 0 0 0 
1658180135.582437 21.11875 53.93481018274831 985.7316611116303 0 0 0 0 0 0 210 63 12 0 0 0 
1658180140.7157695 21.123828125 53.893292989492906 985.6851609559084 0 0 0 0 0 0 210 63 12 0 0 0 
1658180145.8493392 21.113671875 53.88738254418013 985.6905502083276 0 0 0 0 0 0 210 63 12 0 0 0 
1658180150.983545 21.113671875 53.77550971906418 985.6989734195241 0 0 0 0 0 0 147 45 8 0 0 0 
1658180156.118289 21.11875 53.82813436315524 985.7138001080456 0 0 0 0 0 0 147 45 8 0 0 0 
1658180161.2525048 21.10859375 53.92861113672452 985.7141352040919 0 0 0 0 0 0 147 45 8 0 0 0 
1658180166.3832488 21.113671875 53.86979476877525 985.6807776145946 0 0 0 0 0 0 147 45 8 0 0 0 
1658180171.5130448 21.0982421875 53.90496981106277 985.6881862043343 0 0 0 0 0 0 147 45 8 0 0 0 
1658180176.6479962 21.1033203125 53.90468170255749 985.7046973723985 0 0 0 0 0 0 147 45 8 0 0 0 
1658180181.7797518 21.0931640625 54.05834386065037 985.6902056657474 0 0 0 0 0 0 147 45 8 0 0 0 
1658180186.913309 21.0982421875 54.093803368738406 985.6800981404489 0 0 0 0 0 0 147 45 8 0 0 0 
1658180192.0450895 21.0931640625 53.922268034465084 985.6689757741166 0 1 1 0 1 1 240 63 15 0 0 0 
1658180197.1788557 21.0931640625 53.91650211604798 985.6902056657474 0 1 1 0 1 1 240 63 15 0 0 0 
1658180202.3119493 21.0830078125 54.01106393907184 985.6784135531443 0 1 1 0 1 1 240 63 15 0 0 0 
1658180207.445872 21.0728515625 53.91030362794538 985.675714013606 0 1 1 0 1 1 177 49 17 0 0 0 
1658180212.580945 21.0830078125 53.86922021460266 985.6959287388004 0 1 1 0 1 1 177 49 17 0 0 0 
1658180217.7141786 21.0779296875 53.827561612755126 985.6976132996887 0 1 1 0 1 1 177 49 17 0 0 0 
1658180222.8458214 21.0830078125 53.880896951415394 985.6770638246893 0 1 1 0 1 1 177 49 15 0 0 0 
1658180227.9774978 21.0830078125 53.86878918603094 985.6726795735481 0 1 1 0 1 1 177 49 15 0 0 0 
1658180233.1105306 21.0728515625 53.95743917277227 985.6730141435646 0 1 1 0 1 1 177 49 15 0 0 0 
1658180238.2421887 21.0830078125 54.02259313024342 985.702666982774 0 1 1 0 1 1 183 49 15 0 0 0 
1658180243.3759332 21.0880859375 53.916213694552546 985.6972787134256 0 1 1 0 1 1 183 49 15 0 0 0 
1658180248.5098355 21.0880859375 53.8925733662559 985.7238974349592 0 1 1 0 1 1 183 49 15 0 0 0 
1658180253.6422644 21.0880859375 54.05214238058922 985.7087361353457 0 1 1 0 1 1 192 51 15 0 0 0 
1658180258.7735386 21.0830078125 53.975458684524526 985.6888558418926 0 1 1 0 1 1 192 51 15 0 0 0 
1658180263.905608 21.0880859375 53.71526564525104 985.659883097419 0 1 1 0 1 1 192 51 15 0 0 0 
1658180269.0391088 21.0880859375 53.727228504995935 985.6716752046269 0 1 1 0 1 1 186 49 15 0 0 0 
1658180274.1703498 21.0982421875 53.72131804092746 985.6683060307885 0 1 1 0 1 1 234 68 10 0 0 0 
1658180279.301247 21.0880859375 53.79815326951525 985.6969440173475 0 1 1 0 1 1 219 68 12 2 0 0 
1658180284.4305975 21.1033203125 53.92255656942965 985.6581985109552 0 1 1 0 1 1 219 68 12 2 0 0 
1658180289.561693 21.1033203125 53.934665817931915 985.6831324009045 0 1 1 0 1 1 219 68 12 2 0 0 
1658180294.6921654 21.1033203125 54.046960947932206 985.6888655662987 0 1 1 0 1 1 219 68 10 2 0 0 
1658180299.8230414 21.113671875 54.041050770744825 985.6770730740571 0 1 1 0 1 1 219 68 10 2 0 0 
1658180304.9544632 21.113671875 53.85797365035074 985.6915641959806 0 1 1 0 1 1 219 68 10 2 0 0 
1658180310.0863283 21.123828125 53.82265311927226 985.7057119897422 0 1 1 0 1 1 189 63 8 2 0 0 
1658180315.220133 21.113671875 53.82251004757117 985.6720191498619 0 1 1 0 1 1 189 63 8 2 0 0 
1658180320.350306 21.113671875 53.88175959258629 985.6602266625254 0 1 1 0 1 1 189 63 8 2 0 0 
1658180325.4852118 21.113671875 53.84615249067523 985.6851609559084 0 1 1 0 1 1 189 63 8 2 0 0 
1658180330.6164632 21.10859375 53.727654609337336 985.6861666060546 0 1 1 0 1 1 189 63 8 2 0 0 
1658180335.7473497 21.0982421875 53.94043173768173 985.6861666060546 0 1 1 0 1 1 189 63 8 2 0 0 
1658180340.8786128 21.0931640625 54.02879398700233 985.6672912144195 0 1 1 0 1 1 210 68 10 2 0 0 
1658180346.0130475 21.0982421875 53.81011690973345 985.6932400083947 0 1 1 0 1 1 210 68 10 2 0 0 
1658180351.1437843 21.0880859375 53.83375835542281 985.6480909936441 0 1 1 0 1 1 210 68 10 2 0 0 
1658180356.277343 21.0931640625 53.97502397918485 985.6902056657474 1 1 1 1 1 1 264 67 4 0 0 0 
1658180361.4109318 21.0982421875 53.86936386928041 985.6976238989491 1 1 1 1 1 1 264 67 4 0 0 0 
1658180366.542601 21.0982421875 53.763118392166504 985.6811127621595 0 0 0 0 0 0 243 63 4 0 0 0 
1658180371.67574 21.1033203125 53.88147208855484 985.6908853843664 0 0 0 0 0 0 243 63 4 0 0 0 
1658180376.8095534 21.113671875 53.64518646478737 985.6922348504269 0 0 0 0 0 0 243 63 4 0 0 0 
1658180381.9441936 21.113671875 53.77508212385946 985.6740391028146 0 0 0 0 0 0 222 58 4 0 0 0 
1658180387.0773368 21.113671875 53.84615249067523 985.6956041348353 0 0 0 0 0 0 222 58 4 0 0 0 
1658180392.2117922 21.113671875 53.66263670995244 985.6777435332464 0 0 0 0 0 0 222 58 4 0 0 0 
1658180397.3458548 21.113671875 53.851919655740645 985.6656159646662 0 0 0 0 0 0 222 63 6 0 0 0 
1658180402.4793248 21.1033203125 53.80477810695924 985.6656159646662 0 0 0 0 0 0 222 63 6 0 0 0 
1658180407.613195 21.113671875 53.87570531251838 985.6649450960041 0 0 0 0 0 0 222 63 6 0 0 0 
1658180412.746148 21.10859375 54.03528609536265 985.6403465607314 0 0 0 0 0 0 228 58 6 0 0 0 
1658180417.8795373 21.113671875 53.94663103304127 985.676737679722 0 0 0 0 0 0 228 58 6 0 0 0 
1658180423.0121045 21.10859375 53.79886743946309 985.6669652262972 0 0 0 0 0 0 228 58 6 0 0 0 
1658180428.1460388 21.113671875 53.83995531472993 985.6669652262972 0 0 0 0 0 0 222 58 10 0 0 0 
1658180433.2804615 21.11875 53.940576180744564 985.6871809243398 0 0 0 0 0 0 222 58 10 0 0 0 
1658180438.413373 21.1033203125 53.75735013823266 985.6861666060546 0 0 0 0 0 0 174 41 4 0 0 0 
1658180443.5472763 21.1033203125 53.83995531472993 985.6592127792344 0 0 0 0 0 0 174 41 4 0 0 0 
1658180448.6807947 21.113671875 53.851919655740645 985.6686498674155 0 0 0 0 0 0 174 41 4 0 0 0 
1658180453.8146324 21.11875 53.917078829963216 985.6703345086037 0 0 0 0 0 0 180 45 4 0 0 0 
1658180458.9480712 21.113671875 53.88132832040455 985.652474325332 0 0 0 0 0 0 180 45 4 0 0 0 
1658180464.0815597 21.113671875 53.70415362447645 985.6420311871699 0 0 0 0 0 0 180 45 4 0 0 0 
1658180469.215007 21.10859375 53.83418807230195 985.6571928282694 0 0 0 0 0 0 207 54 6 0 0 0 
1658180474.3484986 21.10859375 53.90496981106277 985.6720191498619 0 0 0 0 0 0 207 54 6 0 0 0 
1658180479.4819522 21.113671875 53.72174394277283 985.6521389472723 0 0 0 0 0 0 207 54 6 0 0 0 
1658180484.6143405 21.1033203125 53.657149507483275 985.6669652262972 0 0 0 0 0 0 213 56 6 0 0 0 
1658180489.7474868 21.113671875 53.91088015794662 985.6322589703516 0 0 0 0 0 0 213 56 6 0 0 0 
1658180494.8802726 21.113671875 53.89343688187125 985.635628195481 0 0 0 0 0 0 213 56 6 0 0 0 
1658180500.0141897 21.113671875 53.85768666474986 985.6322589703516 0 0 0 0 0 0 240 63 6 0 0 0 
1658180505.1481435 21.0982421875 54.0054443056184 985.630574357892 0 0 0 0 0 0 240 63 6 0 0 0 
1658180510.2817025 21.1033203125 53.82813436315524 985.6235003001999 0 0 0 0 0 0 240 63 6 0 0 0 
1658180515.4152145 21.1033203125 54.08212965822468 985.6309098023884 0 0 0 0 0 0 246 68 8 0 0 0 
1658180520.5513182 21.1033203125 53.84572240110098 985.6460711950209 0 1 2 0 1 2 222 64 16 2 0 0 
1658180525.6853163 21.0931640625 53.98165858995143 985.66932046219 0 1 2 0 1 2 222 64 16 2 0 0 
1658180530.8197289 21.0931640625 53.703728362393726 985.6595479932367 0 1 2 0 1 2 222 64 16 2 0 0 
1658180535.9537644 21.0830078125 53.916357910678414 985.6629171934914 0 1 2 0 1 2 222 64 16 2 0 0 
1658180541.0877705 21.0931640625 53.83952536309878 985.6312451370643 0 1 2 0 1 2 222 64 16 2 0 0 
1658180546.223105 21.0880859375 53.96954865354198 985.6231575040509 0 1 2 0 1 2 222 64 16 2 0 0 
1658180551.358146 21.0931640625 53.66826477083043 985.6511249938263 0 1 1 0 1 1 207 59 12 0 0 0 
1658180556.4932897 21.0931640625 53.85134586846137 985.6369691518505 0 1 1 0 1 1 207 59 12 0 0 0 
1658180561.6284404 21.1033203125 53.99347887031128 985.6437158136785 0 1 1 0 1 1 207 59 12 0 0 0 
1658180566.7603157 21.1033203125 53.96407281584878 985.6288897455024 0 0 0 0 0 0 213 61 14 0 0 0 
1658180571.8954473 21.1033203125 53.96392809207134 985.6507897120317 0 0 0 0 0 0 213 61 14 0 0 0 
1658180577.0297205 21.0982421875 53.77479700660659 985.6575281656536 0 0 0 0 0 0 213 61 14 0 0 0 
1658180582.1650157 21.1033203125 54.0231747894069 985.6221512966449 0 1 1 0 1 1 228 66 14 0 0 0 
1658180587.2994382 21.1033203125 53.904825762188295 985.6437158136785 0 1 1 0 1 1 228 66 14 0 0 0 
1658180592.4345474 21.0931640625 53.91088015794662 985.6588774554086 0 1 1 0 1 1 228 66 14 0 0 0 
1658180597.570807 21.113671875 53.905113849180914 985.6659512342578 0 1 1 0 1 1 186 54 12 0 0 0 
1658180602.7062488 21.10859375 53.82842067381631 985.6386619343629 0 0 1 0 0 1 195 55 6 2 2 0 
1658180607.8414443 21.1033203125 54.03470398235555 985.6588774554086 0 0 1 0 0 1 237 62 6 2 2 0 
1658180612.9765708 21.10859375 53.940576180744564 985.6248492211162 0 0 1 0 0 1 237 62 6 2 2 0 
1658180618.1103342 21.10859375 53.90496981106277 985.6288897455024 0 0 1 0 0 1 237 62 6 2 2 0 
1658180623.2437606 21.10859375 53.76326081042078 985.6652805852491 0 0 1 0 0 1 231 57 4 2 2 0 
1658180628.377508 21.11875 53.733707346355054 985.6565218240219 0 0 1 0 0 1 231 57 4 2 2 0 
1658180633.5106938 21.0982421875 53.851919655740645 985.6423666465806 0 0 1 0 0 1 231 57 4 2 2 0 
1658180638.6434395 21.10859375 53.93423265894517 985.6268695517458 0 0 1 0 0 1 246 62 4 2 2 0 
1658180643.7763739 21.1033203125 53.99347887031128 985.6558435521432 0 0 1 0 0 1 246 62 4 2 2 0 
1658180648.9103746 21.1033203125 53.96998305960985 985.630574357892 0 0 1 0 0 1 246 62 4 2 2 0 
1658180654.0433767 21.0982421875 53.851776225055495 985.6319234295898 0 0 0 0 0 0 225 57 4 2 2 0 
1658180659.1778703 21.0931640625 53.91088015794662 985.6679709943987 0 0 0 0 0 0 225 57 4 2 2 0 
1658180664.310377 21.0931640625 53.8042065225316 985.6228222114019 0 0 0 0 0 0 225 57 4 2 2 0 
1658180669.4435606 21.1033203125 54.03528609536265 985.6538235742014 0 0 0 0 0 0 240 64 4 2 2 0 
1658180674.5784583 21.113671875 53.78127797432964 985.6383263380094 0 0 1 0 0 1 240 64 4 2 2 0 
1658180679.7122996 21.123828125 53.917078829963216 985.6329366717914 0 0 1 0 0 1 240 64 4 2 2 0 
1658180684.8464036 21.11875 53.85797365035074 985.6450648981378 0 0 1 0 0 1 216 60 9 4 2 0 
1658180689.9804268 21.123828125 53.72231166130577 985.6548371698357 0 0 1 0 0 1 216 60 9 4 2 0 
1658180695.114391 21.113671875 53.82842067381631 985.6467495383449 0 0 1 0 0 1 222 64 11 4 2 0 
1658180700.2487578 21.113671875 53.733707346355054 985.6662941650934 0 0 1 0 0 1 222 64 11 4 2 0 
1658180705.3826005 21.11875 53.728222597865155 985.6346213250665 0 0 1 0 0 1 222 64 11 4 2 0 
1658180710.5156784 21.12890625 53.84643916327578 985.6238414476691 0 1 2 0 1 2 243 71 13 4 2 0 
1658180715.649501 21.133984375 53.941153845433476 985.6521451042595 0 1 2 0 1 2 243 71 13 4 2 0 
1658180720.7803125 21.133984375 53.746381831598995 985.6352981601942 0 1 2 0 1 2 243 71 13 4 2 0 
1658180725.914192 21.1390625 53.669112768176156 985.6002559344375 0 1 2 0 1 2 234 71 13 4 2 0 
1658180731.045096 21.1390625 53.78775929960607 985.6133971433851 0 1 2 0 1 2 234 71 13 4 2 0 
1658180736.1780126 21.1390625 53.59860103457165 985.6288954880057 0 1 2 0 1 2 234 71 13 4 2 0 
1658180741.3124142 21.14921875 53.758346292345436 985.6309198841045 0 0 1 0 0 1 192 55 6 2 2 0 
1658180746.4468288 21.133984375 53.61028313684808 985.6133971433851 0 0 1 0 0 1 192 55 6 2 2 0 
1658180751.5804303 21.133984375 53.8526366478198 985.6245174064138 0 0 1 0 0 1 192 55 6 2 2 0 
1658180756.7154584 21.133984375 53.72259545603187 985.6147455147819 0 0 0 0 0 0 207 57 6 0 0 0 
1658180761.847393 21.1390625 53.722737337259844 985.5955381624859 0 0 0 0 0 0 207 57 6 0 0 0 
1658180766.9798148 21.133984375 53.74047072348511 985.6379951746804 0 0 0 0 0 0 162 41 12 4 0 0 
1658180772.1117904 21.144140625 53.78761667590452 985.6369828542853 0 0 0 0 0 0 162 41 12 4 0 0 
1658180777.2468927 21.12890625 53.894012343821124 985.6814619533997 0 0 0 0 0 0 162 41 12 4 0 0 
1658180782.3778636 21.133984375 54.00646037781566 985.6497882255928 0 1 1 0 1 1 183 43 12 2 0 0 
1658180787.5094995 21.144140625 53.752150710679445 985.6733743377185 0 1 1 0 1 1 183 43 12 2 0 0 
1658180792.642862 21.1390625 53.811403340132145 985.62855938453 0 1 1 0 1 1 183 43 12 2 0 0 
1658180797.7726707 21.133984375 53.87008198132313 985.6491116556581 0 1 1 0 1 1 210 50 12 2 0 0 
1658180802.9002984 21.133984375 53.810974626808026 985.6777512437723 0 1 1 0 1 1 210 50 12 2 0 0 
1658180808.034746 21.12890625 53.71654254967557 985.633613466173 0 1 1 0 1 1 210 50 12 2 0 0 
1658180813.1643481 21.133984375 53.734417588831995 985.6555144939135 0 1 1 0 1 1 210 55 10 2 0 0 
1658180818.296078 21.133984375 53.787474041446394 985.6356342094352 0 1 1 0 1 1 210 55 10 2 0 0 
1658180823.4279993 21.123828125 53.728222597865155 985.6373188899679 0 1 1 0 1 1 210 55 10 2 0 0 
1658180828.563092 21.133984375 53.935387534451294 985.647426974635 0 1 1 0 1 1 210 58 10 2 0 0 
1658180833.6959586 21.123828125 53.8582605929259 985.6123848185618 0 1 1 0 1 1 210 58 10 2 0 0 
1658180838.829794 21.12890625 53.75791943369412 985.5537542870411 0 0 0 0 0 0 210 58 10 2 0 0 
1658180843.9641447 21.123828125 53.74018654528122 985.6346213250665 0 0 0 0 0 0 231 62 10 2 0 0 
1658180849.0968347 21.12890625 53.90554589899742 985.6460781517355 0 1 2 0 1 2 219 62 12 2 2 0 
1658180854.2326968 21.123828125 54.03557708732996 985.6258621484678 0 1 2 0 1 2 210 59 10 2 2 0 
1658180859.3663023 21.11875 53.74581316217229 985.6578708249681 0 1 2 0 1 2 210 59 10 2 2 0 
1658180864.499574 21.11875 53.75791943369412 985.6400109779365 0 1 2 0 1 2 210 59 10 2 2 0 
1658180869.6324563 21.113671875 53.6629192407322 985.6299031394258 0 1 2 0 1 2 222 63 10 2 2 0 
1658180874.7669106 21.11875 53.80492097617478 985.6696635016342 0 1 2 0 1 2 222 63 10 2 2 0 
1658180879.901183 21.11875 53.94072061305116 985.6497832076973 0 1 2 0 1 2 222 63 10 2 2 0 
1658180885.0350354 21.123828125 53.810974626808026 985.6376548158144 0 1 2 0 1 2 207 58 10 2 2 0 
1658180890.1688757 21.11875 53.84658248344138 985.6545014894083 0 1 2 0 1 2 207 58 10 2 2 0 
1658180895.3031006 21.123828125 53.85811712701654 985.5989074931406 0 1 2 0 1 2 207 58 10 2 2 0 
1658180900.4363682 21.123828125 53.83461769237276 985.6514678616735 0 1 2 0 1 2 234 67 10 2 2 0 
1658180905.5698905 21.123828125 53.75172398998099 985.6309161483388 0 1 2 0 1 2 234 67 10 2 2 0 
1658180910.7043157 21.123828125 53.63392814503454 985.6309161483388 0 0 1 0 0 1 234 67 10 2 2 0 
1658180915.838835 21.133984375 53.7639727403426 985.6406882512433 0 0 1 0 0 1 228 65 10 2 2 0 
1658180920.9726763 21.123828125 53.633646375327984 985.6481035038237 0 0 1 0 0 1 228 65 10 2 2 0 
1658180926.1068168 21.133984375 53.752292929398955 985.6625935958892 0 0 1 0 0 1 228 65 10 2 2 0 
1658180931.240762 21.154296875 53.610704900695865 985.6231690495274 0 1 1 0 1 1 210 61 6 0 0 0 
1658180936.3742023 21.144140625 53.717251564536674 985.6946038487007 0 1 1 0 1 1 210 61 6 0 0 0 
1658180941.5074975 21.1390625 53.95931942485766 985.6433855400643 0 1 1 0 1 1 216 63 8 0 0 0 
1658180946.6414711 21.154296875 53.6816418602692 985.654169849354 0 1 1 0 1 1 216 63 8 0 0 0 
1658180951.7744772 21.14921875 53.62238711823684 985.657539347758 0 1 1 0 1 1 216 63 8 0 0 0 
1658180956.9087148 21.14921875 54.036449805087074 985.6743868439817 0 1 1 0 1 1 237 68 8 0 0 0 
1658180962.041677 21.144140625 53.81183195664753 985.7047123548442 0 1 1 0 1 1 237 68 8 0 0 0 
1658180967.1750963 21.14921875 53.69332302024612 985.6646145899603 0 1 1 0 1 1 237 68 8 0 0 0 
1658180972.3097186 21.144140625 53.55736123665246 985.6679840620875 0 1 1 0 1 1 246 68 8 0 0 0 
1658180977.4440548 21.144140625 53.78761667590452 985.6733743377185 0 1 1 0 1 1 246 68 8 0 0 0 
1658180982.5761151 21.144140625 53.66981913681771 985.6696687982563 0 1 1 0 1 1 246 68 8 0 0 0 
1658180987.7096558 21.144140625 53.85883434899914 985.699658101457 0 1 1 0 1 1 231 61 10 0 0 0 
1658180992.8448143 21.1390625 53.79972408843409 985.6929190979218 0 1 1 0 1 1 231 61 10 0 0 0 
1658180997.9774373 21.14921875 53.70542882985924 985.674723007183 0 1 1 0 1 1 231 61 10 0 0 0 
1658181003.1118538 21.154296875 53.835476642089525 985.6427130279656 0 1 1 0 1 1 216 56 10 0 0 0 
1658181008.2441475 21.14921875 53.78818710617124 985.6760715939895 0 1 1 0 1 1 216 56 10 0 0 0 
1658181013.3783727 21.1390625 53.545398369609934 985.654169849354 1 1 1 1 1 1 213 65 8 0 0 0 
1658181018.5116577 21.14921875 53.69360605392323 985.7016787987774 1 1 1 1 1 1 213 65 8 0 0 0 
1658181023.6401927 21.14921875 53.89992311628082 985.6689920553325 1 1 1 1 1 1 213 65 8 0 0 0 
1658181028.773861 21.144140625 53.68135907507987 985.6753950040516 0 1 1 0 1 1 192 60 8 0 0 0 
1658181033.905717 21.12890625 53.74032863976151 985.6834826756914 0 1 1 0 1 1 192 60 8 0 0 0 
1658181039.0356748 21.144140625 53.80534951928215 985.675059060539 0 1 1 0 1 1 192 60 8 0 0 0 
1658181044.1661057 21.133984375 53.83490405197091 985.6989809410718 1 1 1 1 1 1 192 60 4 0 0 0 
1658181049.2975557 21.12890625 53.882190767960665 985.6622532740624 1 1 1 1 1 1 192 60 4 0 0 0 
1658181054.4312375 21.144140625 53.90021091770154 985.6834826756914 1 1 1 1 1 1 192 60 4 0 0 0 
1658181059.5644252 21.1390625 53.7642574370149 985.6561909108684 1 1 1 1 1 1 222 60 6 0 0 0 
1658181064.6975443 21.14921875 53.775937217459436 985.6508003512307 1 1 1 1 1 1 222 60 6 0 0 0 
1658181069.8304963 21.14921875 53.89444382734191 985.6720294109763 1 1 1 1 1 1 222 60 6 0 0 0 
1658181074.9647725 21.154296875 53.6816418602692 985.6625935958892 0 1 1 0 1 1 210 56 8 0 0 0 
1658181080.0978785 21.14921875 53.74089691011582 985.6417008321342 0 1 1 0 1 1 210 56 8 0 0 0 
1658181085.2325706 21.14921875 53.70514552618262 985.650127315635 0 1 1 0 1 1 210 56 8 0 0 0 
1658181090.366745 21.154296875 53.85897776112639 985.6811258444334 0 1 1 0 1 1 216 58 12 0 0 0 
1658181095.5005896 21.144140625 53.63435071891748 985.6828105947216 0 1 1 0 1 1 219 67 8 0 0 0 
1658181100.634736 21.14921875 53.935964714054215 985.6892134455541 0 1 1 0 1 1 213 63 12 0 0 0 
1658181105.7686768 21.154296875 53.77059573819541 985.6875286814268 0 1 1 0 1 1 213 63 12 0 0 0 
1658181110.9014573 21.159375 53.770453360010286 985.6602359735516 0 1 1 0 1 1 213 63 12 0 0 0 
1658181116.0357382 21.14921875 53.82351132359223 985.7023554086937 0 1 1 0 1 1 207 61 12 0 0 0 
1658181121.1702366 21.1390625 53.717109783077916 985.694267738356 0 1 1 0 1 1 207 61 12 0 0 0 
1658181126.3039696 21.164453125 53.75891528662086 985.7107793009782 0 1 1 0 1 1 207 61 12 0 0 0 
1658181131.4375565 21.154296875 53.74075485866226 985.6878648460064 0 0 0 0 0 0 201 59 12 0 0 0 
1658181136.5717192 21.164453125 54.01871735857114 985.7269548632057 0 0 0 0 0 0 201 59 12 0 0 0 
1658181141.7046626 21.174609375 53.77650706472732 985.6949435532938 0 0 0 0 0 0 201 59 12 0 0 0 
1658181146.8382833 21.1796875 53.71753509518398 985.7151612197683 0 1 1 0 1 1 207 61 10 0 0 0 
1658181151.9729285 21.174609375 53.74723451303901 985.7185308318287 0 1 1 0 1 1 207 61 10 0 0 0 
1658181157.1072237 21.16953125 53.64673738740711 985.692585538826 0 1 1 0 1 1 207 61 10 0 0 0 
1658181162.2410266 21.164453125 53.558200893208024 985.6871942324793 0 0 0 0 0 0 195 57 10 0 0 0 
1658181167.3750596 21.1796875 53.70599530813141 985.7090972301017 0 0 0 0 0 0 195 57 10 0 0 0 
1658181172.507866 21.174609375 53.81268889925226 985.6339528648178 0 0 0 0 0 0 195 57 10 0 0 0 
1658181177.64128 21.174609375 53.617178841935704 985.6905639236505 0 0 0 0 0 0 141 36 2 0 0 0 
1658181182.7743201 21.1796875 53.70008365532154 985.6878677429402 0 0 0 0 0 0 141 36 2 0 0 0 
1658181187.908587 21.16953125 53.84196047565596 985.684834723841 0 0 0 0 0 0 147 38 2 0 0 0 
1658181193.0428095 21.174609375 53.57002468366043 985.6723675578714 0 0 0 0 0 0 147 38 2 0 0 0 
1658181198.1757622 21.184765625 53.871517398678776 985.6959552032997 0 0 0 0 0 0 147 38 2 0 0 0 
1658181203.3099828 21.1796875 53.593672140778196 985.7077490311651 0 0 0 0 0 0 153 40 2 0 0 0 
1658181208.4442334 21.1796875 53.623512514631756 985.7161731960286 0 0 0 0 0 0 153 40 2 0 0 0 
1658181213.5778096 21.184765625 53.74737658896402 985.7208911568044 0 0 0 0 0 0 153 40 2 0 0 0 
1658181218.711772 21.1796875 53.694171992196075 985.6814651145842 0 0 0 0 0 0 153 40 2 0 0 0 
1658181223.844804 21.174609375 53.871947814135886 985.6892158746327 0 0 0 0 0 0 153 40 2 0 0 0 
1658181228.9785962 21.1796875 53.5705847795991 985.683487594443 0 0 0 0 0 0 153 40 2 0 0 0 
1658181234.112832 21.1796875 53.818457626685124 985.7003361872888 0 0 0 0 0 0 132 36 2 0 0 0 
1658181239.2462018 21.1796875 53.67052523653835 985.7272939504205 0 0 0 0 0 0 132 36 2 0 0 0 
1658181244.3792186 21.174609375 53.82451207254495 985.6942703710279 0 0 0 0 0 0 132 36 2 0 0 0 
1658181249.5132642 21.174609375 53.59930319171161 985.7239214462887 0 0 0 0 0 0 132 36 2 0 0 0 
1658181254.6469789 21.16953125 53.741180980752894 985.7185308318287 0 0 0 0 0 0 132 36 2 0 0 0 
1658181259.7775931 21.164453125 53.67615439830642 985.6919103966584 0 1 1 0 1 1 210 60 4 0 0 0 
1658181264.9116526 21.174609375 53.68811891782228 985.7185308318287 0 1 1 0 1 1 210 60 4 0 0 0 
1658181270.0417883 21.1796875 53.69388904457322 985.6949435532938 0 1 1 0 1 1 210 60 4 0 0 0 
1658181275.1759126 21.174609375 53.64687831583121 985.7202156379639 0 0 0 0 0 0 201 57 4 0 0 0 
1658181280.3085687 21.16953125 53.78284585594116 985.7121278987447 0 0 0 0 0 0 201 57 4 0 0 0 
1658181285.4436336 21.174609375 53.75891528662086 985.7202156379639 0 0 0 0 0 0 201 57 4 0 0 0 
1658181290.5781305 21.164453125 53.59930319171161 985.7064007495536 0 0 0 0 0 0 201 57 0 0 0 0 
1658181295.7114153 21.16953125 53.616897627843194 985.708085568757 0 0 0 0 0 0 201 57 0 0 0 0 
1658181300.84269 21.174609375 53.60549580744354 985.7404333170534 0 0 0 0 0 0 201 57 0 0 0 0 
1658181305.9750593 21.154296875 53.676436940926166 985.708085568757 0 1 1 0 1 1 207 59 9 0 0 0 
1658181311.1088803 21.164453125 53.56988463278313 985.7084219964887 0 1 1 0 1 1 207 59 9 0 0 0 
1658181316.2423618 21.164453125 53.72344658204889 985.7421181240998 0 1 1 0 1 1 207 59 9 0 0 0 
1658181321.374298 21.174609375 53.68811891782228 985.7134764138433 0 0 0 0 0 0 165 47 9 0 0 0 
1658181326.5063436 21.174609375 53.64687831583121 985.7252700567901 0 0 0 0 0 0 165 47 9 0 0 0 
1658181331.6385734 21.174609375 53.800437666771444 985.7249337646473 0 0 0 0 0 0 165 47 9 0 0 0 
1658181336.7700398 21.1796875 53.711765279693196 985.6912373798755 0 1 1 0 1 1 171 52 9 0 0 0 
1658181341.9004004 21.1796875 53.79466886240883 985.746163868446 0 0 0 0 0 0 201 58 8 0 0 0 
1658181347.030941 21.1796875 53.61731943284653 985.7094338639976 1 1 1 1 1 1 255 77 8 0 0 0 
1658181352.1617293 21.1796875 53.67052523653835 985.6983131636721 1 1 1 1 1 1 255 77 8 0 0 0 
1658181357.2957222 21.16953125 53.59381245091714 985.722912529181 1 1 1 1 1 1 255 77 8 0 0 0 
1658181362.428935 21.16953125 53.73555341744694 985.7286396696915 1 1 1 1 1 1 261 75 6 0 0 0 
1658181367.5627217 21.174609375 53.80029497261707 985.7219004441691 1 1 1 1 1 1 261 75 6 0 0 0 
1658181372.6956275 21.174609375 53.74132299993642 985.7252700567901 1 1 1 1 1 1 261 75 6 0 0 0 
1658181377.8299453 21.174609375 53.77664949965279 985.7188670683494 1 1 1 1 1 1 276 82 6 0 0 0 
1658181382.964039 21.16953125 53.86531917227177 985.7016827743307 1 1 1 1 1 1 276 82 6 0 0 0 
1658181388.0980062 21.174609375 53.65841965920359 985.7030311113568 1 1 1 1 1 1 276 82 6 0 0 0 
1658181393.231989 21.174609375 53.80692001575587 985.6740523892324 1 1 1 1 1 1 282 82 6 0 0 0 
1658181398.3654282 21.18984375 53.58790053460677 985.6996614734402 1 1 1 1 1 1 282 82 6 0 0 0 
1658181403.4990137 21.184765625 53.730067371964275 985.7006729988452 1 1 1 1 1 1 282 82 6 0 0 0 
1658181408.6328993 21.184765625 53.6350547935841 985.7171847871437 1 1 1 1 1 1 276 80 4 0 0 0 
1658181413.7661347 21.194921875 53.54130318435498 985.718532875239 1 1 1 1 1 1 276 80 4 0 0 0 
1658181418.9006484 21.194921875 53.68277257075425 985.6983143927058 1 1 1 1 1 1 276 80 4 0 0 0 
1658181424.0334897 21.18984375 53.564672619509544 985.7215657682813 0 0 0 0 0 0 153 43 2 0 0 0 
1658181429.16742 21.2 53.771734376438545 985.7249355437498 0 0 0 0 0 0 153 43 2 0 0 0 
1658181434.3012242 21.184765625 53.74189096910379 985.7320118692016 0 0 0 0 0 0 126 36 2 0 0 0 
1658181439.435791 21.174609375 53.64687831583121 985.7498698730042 0 0 0 0 0 0 126 36 2 0 0 0 
1658181444.5684745 21.1796875 53.80029497261707 985.7485212506679 0 0 0 0 0 0 126 36 2 0 0 0 
1658181449.7032902 21.174609375 53.8183147515571 985.739760866968 0 0 0 0 0 0 126 39 6 0 0 0 
1658181454.837423 21.16953125 53.72949994278519 985.739760866968 0 0 0 0 0 0 126 39 6 0 0 0 
1658181459.9713993 21.174609375 53.74132299993642 985.7333578652205 0 0 0 0 0 0 126 39 6 0 0 0 
1658181465.1053064 21.164453125 53.65841965920359 985.7154974834068 0 0 0 0 0 0 111 34 6 0 0 0 
1658181470.2391448 21.16953125 53.48120621122379 985.7404333170534 0 0 0 0 0 0 111 34 6 0 0 0 
1658181475.3731203 21.164453125 53.58156805031926 985.7373997905441 0 0 0 0 0 0 111 34 6 0 0 0 
1658181480.5063438 21.164453125 53.64082569894353 985.7158336371898 0 0 0 0 0 0 126 39 8 0 0 0 
1658181485.64023 21.164453125 53.746950328919 985.7441389643537 0 0 0 0 0 0 126 39 8 0 0 0 
1658181490.7732663 21.164453125 53.81211764720851 985.708085568757 0 0 0 0 0 0 126 39 8 0 0 0 
1658181495.9071245 21.174609375 53.72949994278519 985.6999979689664 0 0 0 0 0 0 120 37 8 0 0 0 
1658181501.0413654 21.1796875 53.522450241862224 985.7313366971985 0 0 0 0 0 0 120 37 8 0 0 0 
1658181506.175471 21.164453125 53.64673738740711 985.7101068022035 0 0 0 0 0 0 114 36 0 0 0 0 
1658181511.3094995 21.16953125 53.6350547935841 985.6935951881134 0 0 0 0 0 0 114 36 0 0 0 0 
1658181516.4432712 21.16953125 53.57579644503094 985.7569453561468 0 0 0 0 0 0 114 36 0 0 0 0 
1658181521.5763452 21.174609375 53.77130746777191 985.7417819675459 0 0 0 0 0 0 123 39 2 0 0 0 
1658181526.7103622 21.174609375 53.67038403810789 985.7424577000671 0 0 0 0 0 0 123 39 2 0 0 0 
1658181531.8444178 21.1796875 53.8478718808917 985.7225760037567 0 0 0 0 0 0 123 39 2 0 0 0 
1658181536.9785209 21.184765625 53.68882581491815 985.7121302064512 0 0 0 0 0 0 138 42 2 0 0 0 
1658181542.1120381 21.184765625 53.58804076648438 985.7010097005358 0 0 0 0 0 0 138 42 2 0 0 0 
1658181547.2469952 21.18984375 53.77159208430626 985.7340333940069 0 0 0 0 0 0 138 42 2 0 0 0 
1658181552.3803883 21.184765625 53.82279618021685 985.6797772167405 0 0 0 0 0 0 144 44 2 0 0 0 
1658181557.5160108 21.1796875 53.64138907808984 985.7060641984027 0 0 0 0 0 0 144 44 2 0 0 0 
1658181562.6512072 21.174609375 53.806491827614146 985.7006729988452 0 0 0 0 0 0 144 44 2 0 0 0 
1658181567.7854292 21.174609375 53.8478718808917 985.7215641249086 0 0 0 0 0 0 171 51 2 0 0 0 
1658181572.9205377 21.174609375 53.74751865413238 985.6858462107199 0 0 0 0 0 0 171 51 2 0 0 0 
1658181578.0567806 21.194921875 53.75385662537449 985.7074123837103 0 0 0 0 0 0 171 51 2 0 0 0 
1658181583.1908612 21.174609375 53.67108992269192 985.7121302064512 0 0 0 0 0 0 186 54 4 0 0 0 
1658181588.32605 21.18984375 53.605917110613284 985.685509386999 0 0 0 0 0 0 216 69 6 0 0 0 
1658181593.4608047 21.174609375 53.48190129501953 985.6905639236505 0 0 0 0 0 0 195 60 6 0 0 0 
1658181598.5959685 21.184765625 53.48739637900907 985.7128035298729 0 0 0 0 0 0 195 60 6 0 0 0 
1658181603.7315686 21.184765625 53.77130746777191 985.7192063099224 0 0 0 0 0 0 195 60 6 0 0 0 
1658181608.8667834 21.174609375 53.78875736433279 985.7047159304202 0 0 0 0 0 0 174 56 6 0 0 0 
1658181614.001572 21.174609375 53.58762003858048 985.7030311113568 0 0 0 0 0 0 174 56 6 0 0 0 
1658181619.1358104 21.174609375 53.70599530813141 985.6989881528042 0 0 0 0 0 0 174 56 6 0 0 0 
1658181624.2654672 21.174609375 53.72949994278519 985.6844981062852 0 0 0 0 0 0 183 59 6 0 0 0 
1658181629.3971195 21.16953125 53.445872825950154 985.7151612197683 0 0 0 0 0 0 183 59 6 0 0 0 
1658181634.5298975 21.184765625 53.623653140774906 985.6875310426414 0 0 0 0 0 0 183 59 6 0 0 0 
1658181639.662779 21.184765625 53.87223470399205 985.6922487693411 0 0 0 0 0 0 240 73 8 0 0 0 
1658181644.7972014 21.18984375 53.74203293450397 985.702021046959 0 0 0 0 0 0 240 73 8 0 0 0 
1658181649.9311194 21.184765625 53.765822499613876 985.6983143927058 0 0 0 0 0 0 240 73 8 0 0 0 
1658181655.065805 21.18984375 53.647864513607274 985.6818027355439 0 0 0 0 0 0 207 62 10 0 0 0 
1658181660.1997256 21.18984375 53.895450245751896 985.7070756263897 0 0 0 0 0 0 207 62 10 0 0 0 
1658181665.3335876 21.18984375 53.69487917300966 985.7047168951441 0 0 0 0 0 0 207 62 10 0 0 0 
1658181670.4673417 21.205078125 53.91952794410484 985.7245986059669 0 0 0 0 0 0 258 66 8 0 0 0 
1658181675.6002603 21.194921875 53.523566113348195 985.7202177492389 0 0 0 0 0 0 258 66 8 0 0 0 
1658181680.7347198 21.194921875 53.57663699396927 985.705053885762 0 0 0 0 0 0 258 66 8 0 0 0 
1658181685.8683016 21.194921875 53.77764624294645 985.7350448718374 0 0 0 0 0 0 258 66 8 0 0 0 
1658181691.001714 21.2 53.582829432863505 985.6992988909692 0 0 0 0 0 0 258 66 8 0 0 0 
1658181696.1355345 21.21015625 53.52989695750273 985.7208655978978 0 0 0 0 0 0 279 73 15 0 0 0 
1658181701.2685425 21.215234375 53.624356110136745 985.7269307202469 0 0 0 0 0 0 279 73 15 0 0 0 
1658181706.4023564 21.21015625 53.67756668113257 985.6955916726386 0 0 0 0 0 0 279 73 15 0 0 0 
1658181711.5356445 21.205078125 53.63012779721136 985.7094083786671 0 0 0 0 0 0 279 71 15 0 0 0 
1658181716.6686132 21.21015625 53.624356110136745 985.6908743198152 0 0 0 0 0 0 279 71 15 0 0 0 
1658181721.8032277 21.205078125 53.70712774835178 985.6992988909692 0 0 0 0 0 0 279 71 15 0 0 0 
1658181726.9389668 21.215234375 53.500194861140194 985.6925854927143 0 0 0 0 0 0 243 59 15 0 0 0 
1658181732.0712986 21.21015625 53.67756668113257 985.6736876168375 0 0 0 0 0 0 243 59 15 0 0 0 
1658181737.2059827 21.21015625 53.69530335241653 985.7141258829533 0 0 0 0 0 0 243 59 15 0 0 0 
1658181742.3381646 21.21015625 53.39968004131116 985.7019939391955 0 0 0 0 0 0 222 52 13 0 0 0 
1658181747.4690614 21.205078125 53.58888193185292 985.7178329536763 0 1 1 0 1 1 222 52 13 0 0 0 
1658181752.6002686 21.215234375 53.5061074047434 985.7026948941658 0 0 0 0 0 0 177 50 6 0 0 0 
1658181757.7328076 21.205078125 53.58888193185292 985.6837971795813 0 0 0 0 0 0 177 50 6 0 0 0 
1658181762.8670735 21.205078125 53.40586887720217 985.7242354557907 0 0 0 0 0 0 177 50 6 0 0 0 
1658181767.9982808 21.2 53.48245716842568 985.7329971931084 0 0 0 0 0 0 177 50 6 0 0 0 
1658181773.1307588 21.2203125 53.60619792560827 985.7229137046386 0 0 0 0 0 0 177 50 6 0 0 0 
1658181778.2634296 21.205078125 53.63575859932801 985.7599558550064 0 0 0 0 0 0 177 50 6 0 0 0 
1658181783.3918111 21.2 53.69487917300966 985.6976139765982 0 0 0 0 0 0 171 48 4 0 0 0 
1658181788.522521 21.205078125 53.75414079389729 985.7144891990482 0 0 0 0 0 0 171 48 4 0 0 0 
1658181793.6556394 21.2 53.54707580441099 985.7249355437498 0 0 0 0 0 0 171 48 4 0 0 0 
1658181798.7879896 21.194921875 53.70670316394474 985.6932597736493 0 0 0 0 0 0 177 53 4 0 0 0 
1658181803.9211497 21.194921875 53.51751435693344 985.7421211176174 0 0 0 0 0 0 177 53 4 0 0 0 
1658181809.051882 21.18984375 53.747944785097495 985.7323485330053 0 0 0 0 0 0 177 53 4 0 0 0 
1658181814.1864645 21.18984375 53.730067371964275 985.7336967437624 0 0 0 0 0 0 171 51 4 0 0 0 
1658181819.318791 21.184765625 53.63533634815238 985.7245973626444 0 0 0 0 0 0 171 51 4 0 0 0 
1658181824.454156 21.184765625 53.64110741003047 985.7424577000671 0 0 0 0 0 0 171 51 4 0 0 0 
1658181829.5833492 21.194921875 53.62956513019618 985.7326850869414 0 0 0 0 0 0 150 46 4 0 0 0 
1658181834.714714 21.194921875 53.63589932820607 985.748860617963 0 0 0 0 0 0 186 46 2 0 0 0 
1658181839.8463717 21.194921875 53.694596332954546 985.7272939504205 0 0 0 0 0 0 186 46 0 0 0 0 
1658181844.9776623 21.2 53.71219026022047 985.7037059066992 0 0 0 0 0 0 186 46 0 0 0 0 
1658181850.110302 21.18984375 53.68868445701254 985.7006729988452 0 0 0 0 0 0 186 46 0 0 0 0 
1658181855.241118 21.194921875 53.529338966874775 985.7357182550788 0 0 0 0 0 0 180 44 2 0 0 0 
1658181860.371426 21.184765625 53.51132338167404 985.7212276957878 0 0 0 0 0 0 180 44 2 0 0 0 
1658181865.501272 21.184765625 53.60577668698034 985.7121302064512 0 0 0 0 0 0 180 44 2 0 0 0 
1658181870.6307926 21.194921875 53.54693607734164 985.7003361872888 0 0 0 0 0 0 180 44 2 0 0 0 
1658181875.7609832 21.184765625 53.68291386115927 985.6706827265808 0 0 0 0 0 0 180 44 2 0 0 0 
1658181880.89295 21.1796875 53.76568027497888 985.7256090896991 0 0 0 0 0 0 180 44 2 0 0 0 
1658181886.0270607 21.1796875 53.67080760112879 985.7529032608804 0 0 0 0 0 0 207 54 2 0 0 0 
1658181891.1608548 21.18984375 53.611688639846875 985.7579578059422 0 0 0 0 0 0 207 54 2 0 0 0 
1658181896.2926462 21.174609375 53.72429732082417 985.7212276957878 0 0 0 0 0 0 207 54 2 0 0 0 
1658181901.4261913 21.1796875 53.72964181621501 985.7279670297811 0 0 0 0 0 0 207 56 2 0 0 0 
1658181906.5573645 21.174609375 53.78847225676516 985.770423928558 0 0 0 0 0 0 207 56 2 0 0 0 
1658181911.6915393 21.164453125 53.829851581732306 985.7542477271708 0 0 0 0 0 0 207 56 2 0 0 0 
1658181916.8275936 21.16953125 53.72935805859868 985.7269548632057 0 0 0 0 0 0 177 55 4 0 0 0 
1658181921.9642174 21.164453125 53.65856073338821 985.7090945223812 0 0 0 0 0 0 183 57 4 0 0 0 
1658181927.0994613 21.164453125 53.6702428289206 985.7458237579814 0 0 0 0 0 0 183 57 4 0 0 0 
1658181932.2348504 21.164453125 53.551869405154676 985.7293118701713 0 0 0 0 0 0 183 57 4 0 0 0 
1658181937.3683162 21.16953125 53.77664949965279 985.7037039383155 0 0 0 0 0 0 198 62 4 0 0 0 
1658181942.4994297 21.174609375 53.83590597173554 985.7350426855453 0 0 0 0 0 0 198 62 4 0 0 0 
1658181947.6320207 21.16953125 53.59339148822928 985.7572813906705 0 0 0 0 0 0 198 62 4 0 0 0 
1658181952.7626936 21.184765625 53.70064969148629 985.739424477133 0 1 1 0 1 1 207 67 4 0 0 0 
1658181957.8971431 21.194921875 53.67108992269192 985.7444790205127 0 1 1 0 1 1 207 67 4 0 0 0 
1658181963.0259624 21.1796875 53.694171992196075 985.7212276957878 0 1 1 0 1 1 207 67 4 0 0 0 
1658181968.155403 21.184765625 53.81240329474342 985.7313366971985 0 0 0 0 0 0 195 60 4 0 0 0 
1658181973.2868495 21.1796875 53.818171865672575 985.739424477133 0 0 0 0 0 0 195 60 4 0 0 0 
1658181978.417922 21.174609375 53.57002468366043 985.7640206220797 0 0 0 0 0 0 195 60 4 0 0 0 
1658181983.5514255 21.164453125 53.82970853934489 985.7202156379639 0 1 1 0 1 1 195 60 4 0 0 0 
1658181988.6834111 21.159375 53.746950328919 985.748857352986 0 1 1 0 1 1 195 60 4 0 0 0 
1658181993.8158753 21.164453125 53.82956548620099 985.7080818574527 None None None None None None None None None None None None 
1658181998.951111 21.159375 53.54609748902642 985.7320092828729 0 0 0 0 0 0 195 50 6 0 0 0 
1658182004.0866432 21.154296875 53.841387787663415 985.7377357680621 0 0 0 0 0 0 210 50 6 0 0 0 
1658182009.2210896 21.159375 53.882909178457226 985.7505421603826 0 0 0 0 0 0 210 50 6 0 0 0 
1658182014.3502932 21.164453125 53.72358839873654 985.7707598546102 0 0 0 0 0 0 210 50 6 0 0 0 
1658182019.484755 21.174609375 53.64673738740711 985.7124640796453 0 1 1 0 1 1 246 60 6 0 0 0 
1658182024.618105 21.174609375 53.59353181988223 985.7518908926493 0 1 1 0 1 1 246 60 6 0 0 0 
1658182029.751719 21.184765625 53.75371452497813 985.7326850869414 0 1 1 0 1 1 246 60 6 0 0 0 
1658182034.8819041 21.194921875 53.659124922558085 985.7407728387149 0 1 1 0 1 1 240 60 6 0 0 0 
1658182040.0157492 21.184765625 53.75385662537449 985.7336967437624 0 1 1 0 1 1 240 60 6 0 0 0 
1658182045.1476924 21.194921875 53.77159208430626 985.7117933799398 0 1 1 0 1 1 240 60 6 0 0 0 
1658182050.281983 21.184765625 53.7302092023673 985.7151631274492 0 0 0 0 0 0 219 55 6 0 0 0 
1658182055.4124563 21.1796875 53.65884284948685 985.7411093248562 0 0 0 0 0 0 219 55 6 0 0 0 
1658182060.5449712 21.184765625 53.45797451259707 985.7498698730042 0 0 0 0 0 0 219 55 6 0 0 0 
1658182065.675549 21.184765625 53.629143016987165 985.7481850384897 0 0 0 0 0 0 219 55 6 0 0 0 
1658182070.8101513 21.1796875 53.647019233498426 985.7414457011322 None None None None None None None None None None None None 
1658182075.9430666 21.174609375 53.58818098760499 985.7545881091642 0 1 1 0 1 1 201 56 12 4 0 0 
1658182081.0792487 21.194921875 53.6532129847183 985.7502088687002 0 1 1 0 1 1 201 56 12 4 0 0 
1658182086.2118816 21.194921875 53.52328721001963 985.7333599836477 0 1 1 0 1 1 195 54 10 4 0 0 
1658182091.3432062 21.18984375 53.695020576902046 985.7805368794573 0 1 1 0 1 1 195 54 10 4 0 0 
1658182096.4749775 21.2 53.59451384025696 985.7384146484275 0 1 1 0 1 1 195 54 10 4 0 0 
1658182101.6078126 21.2 53.37575357733904 985.7704275400149 0 1 1 0 1 1 195 54 10 4 0 0 
1658182106.7414417 21.194921875 53.53511166431371 985.7384146484275 0 1 1 0 1 1 195 54 10 4 0 0 
1658182111.875023 21.194921875 53.63589932820607 985.7333599836477 0 1 1 0 1 1 195 54 10 4 0 0 
1658182117.0050874 21.18984375 53.51751435693344 985.7458274229816 0 1 1 0 1 1 216 56 10 4 0 0 
1658182122.1383896 21.1796875 53.81268889925226 985.7559365934077 0 1 1 0 1 1 216 56 10 4 0 0 
1658182127.2732277 21.184765625 53.58776029197214 985.7727852163913 0 1 1 0 1 1 216 56 10 4 0 0 
1658182132.402357 21.184765625 53.60563625259043 985.7518908926493 0 0 0 0 0 0 195 52 8 2 0 0 
1658182137.534209 21.174609375 53.66461352183495 985.808503291252 0 0 0 0 0 0 195 52 8 2 0 0 
1658182142.6682096 21.16953125 53.6878360836864 985.7707598546102 0 0 0 0 0 0 195 52 8 2 0 0 
1658182147.8016996 21.16953125 53.74723451303901 985.7926623680787 0 1 1 0 1 1 165 45 8 2 0 0 
1658182152.9333994 21.16953125 53.67615439830642 985.772444662918 0 0 2 0 0 2 186 54 6 4 2 0 
1658182158.0681357 21.1796875 53.6349140001646 985.7758142797439 0 0 2 0 0 2 165 47 6 4 2 0 
1658182163.198066 21.164453125 53.564112793592024 985.7758142797439 0 0 2 0 0 2 165 47 6 4 2 0 
1658182168.3302932 21.164453125 53.776934337233946 985.7859231319037 0 0 1 0 0 1 165 47 6 4 2 0 
1658182173.4643707 21.164453125 53.800152267706146 985.7744652603735 0 0 1 0 0 1 135 40 8 4 2 0 
1658182178.5985155 21.164453125 53.6349140001646 985.7626716981121 0 0 1 0 0 1 135 40 8 4 2 0 
1658182183.7318902 21.164453125 53.72344658204889 985.7812044403504 0 0 1 0 0 1 135 40 8 4 2 0 
1658182188.8627205 21.154296875 53.81183195664753 985.7852451166473 0 0 1 0 0 1 114 33 8 4 2 0 
1658182193.994629 21.14921875 53.835619762728 985.7768212767392 0 0 1 0 0 1 114 33 8 4 2 0 
1658182199.1291258 21.14921875 53.65799637210859 985.7838957402533 0 0 1 0 0 1 114 33 8 4 2 0 
1658182204.2613192 21.1390625 53.60465291066569 985.7555904357862 0 0 1 0 0 1 108 31 6 2 2 0 
1658182209.3958867 21.14921875 53.87036915084541 985.7889500041524 0 0 1 0 0 1 108 31 6 2 2 0 
1658182214.528326 21.144140625 53.79972408843409 985.8041127996339 0 0 1 0 0 1 108 31 6 2 2 0 
1658182219.6616697 21.144140625 53.88233447157272 985.7956890236654 0 1 2 0 1 2 138 41 10 4 2 0 
1658182224.7902932 21.1390625 53.80549234547152 985.804447918809 0 1 2 0 1 2 138 41 10 4 2 0 
1658182229.9222417 21.1390625 53.74075485866226 985.802763177034 0 1 2 0 1 2 138 41 10 4 2 0 
1658182235.0560944 21.14921875 53.89415618241773 985.7781624015213 0 0 0 0 0 0 168 50 4 0 0 0 
1658182240.1893394 21.133984375 53.70457878974825 985.776477687985 0 0 0 0 0 0 168 50 4 0 0 0 
1658182245.3249116 21.133984375 53.74032863976151 985.7818668082779 0 0 0 0 0 0 153 43 4 0 0 0 
1658182250.4571629 21.133984375 53.77579472875095 985.7727731040162 0 0 0 0 0 0 153 43 4 0 0 0 
1658182255.5891488 21.133984375 53.75200848120328 985.775128008228 0 0 0 0 0 0 153 43 4 0 0 0 
1658182260.722874 21.133984375 53.74047072348511 985.7818668082779 0 0 0 0 0 0 153 41 6 0 0 0 
1658182265.8569727 21.14921875 53.76439976921609 985.7801908124923 0 0 0 0 0 0 153 41 6 0 0 0 
1658182270.9881551 21.154296875 53.72907425795553 985.7933335380836 0 0 0 0 0 0 153 41 6 0 0 0 
1658182276.1195898 21.159375 53.84153097579623 985.8088318777104 0 0 0 0 0 0 153 41 6 0 0 0 
1658182281.2514088 21.154296875 53.793955675334246 985.7835603485255 0 0 0 0 0 0 153 41 6 0 0 0 
1658182286.3849661 21.154296875 53.88838909250028 985.7838957402533 0 0 0 0 0 0 153 41 6 0 0 0 
1658182291.5184443 21.144140625 53.77622216260658 985.8004080328968 0 0 0 0 0 0 159 43 6 0 0 0 
1658182296.650817 21.154296875 53.81154622306046 985.7956890236654 0 0 0 0 0 0 159 43 6 0 0 0 
1658182301.7849295 21.159375 53.54581787353116 985.7582888351085 0 0 0 0 0 0 159 43 6 0 0 0 
1658182306.919411 21.154296875 53.61042373555431 985.7886146531011 0 1 1 0 1 1 174 48 10 0 0 0 
1658182312.0502584 21.144140625 53.82351132359223 985.7822109857605 0 1 1 0 1 1 174 48 10 0 0 0 
1658182317.1848474 21.14921875 53.83519036854316 985.7619939373124 0 2 2 0 2 2 267 78 10 4 0 0 
1658182322.3180242 21.144140625 53.81154622306046 985.7781624015213 0 2 2 0 2 2 267 78 10 4 0 0 
1658182327.4499674 21.133984375 53.758204016884974 985.774792974519 0 2 2 0 2 2 267 78 10 4 0 0 
1658182332.5820544 21.1390625 53.74018654528122 985.7582810130081 0 1 1 0 1 1 258 78 8 2 0 0 
1658182337.715973 21.133984375 53.817457274902395 985.8000636838686 0 1 1 0 1 1 258 78 8 2 0 0 
1658182342.8478267 21.133984375 53.81717136329875 985.7892852453568 0 1 1 0 1 1 258 78 8 2 0 0 
1658182347.979194 21.133984375 53.68121766634997 985.7235729244042 1 1 1 1 1 1 273 83 8 2 0 0 
1658182353.1101496 21.133984375 53.7638303758715 985.7555816781238 1 1 1 1 1 1 273 83 8 2 0 0 
1658182358.2432425 21.133984375 53.698951066667256 985.7876005042126 1 1 1 1 1 1 273 83 8 2 0 0 
1658182363.376249 21.12890625 53.698809444679995 985.7619854438333 1 1 1 1 1 1 273 81 6 2 0 0 
1658182368.5108194 21.133984375 53.91751125245852 985.7687241874061 1 1 1 1 1 1 273 81 6 2 0 0 
1658182373.6452157 21.123828125 53.89372463435888 985.750527662697 1 1 1 1 1 1 273 81 6 2 0 0 
1658182378.7792068 21.123828125 53.639557466585735 985.7518773305763 0 1 1 0 1 1 273 81 6 2 0 0 
1658182383.9103303 21.12890625 53.74004444004426 985.7559165450343 0 1 1 0 1 1 273 81 6 2 0 0 
1658182389.0442662 21.123828125 53.958596466102804 985.7660244964283 0 1 1 0 1 1 273 81 6 2 0 0 
1658182394.1774065 21.123828125 53.89372463435888 985.7606356941816 0 1 1 0 1 1 264 78 8 2 0 0 
1658182399.3119256 21.113671875 53.728080616868276 985.754231886714 0 0 0 0 0 0 180 52 4 0 0 0 
1658182404.444607 21.11875 53.88175959258629 985.7528820126619 0 0 0 0 0 0 165 50 4 0 0 0 
1658182409.5799112 21.123828125 54.04710659502206 985.750527662697 0 0 0 0 0 0 165 50 4 0 0 0 
1658182414.7139256 21.11875 53.87008198132313 985.7373853073638 0 0 0 0 0 0 165 50 4 0 0 0 
1658182419.8478873 21.12890625 53.98223823038937 985.7710784730712 0 0 0 0 0 0 186 57 4 0 0 0 
1658182424.9818654 21.133984375 53.811117542005924 985.7603007581151 0 0 0 0 0 0 186 57 4 0 0 0 
1658182430.1158264 21.12890625 53.77550971906418 985.7289620203162 0 0 0 0 0 0 186 57 4 0 0 0 
1658182435.2496378 21.123828125 53.77550971906418 985.7646846951939 0 0 0 0 0 0 171 53 2 0 0 0 
1658182440.3836217 21.123828125 53.97085158132866 985.7498575180259 0 0 0 0 0 0 171 53 2 0 0 0 
1658182445.5168188 21.133984375 53.88781398656978 985.740419633735 0 0 0 0 0 0 171 53 2 0 0 0 
1658182450.6507473 21.133984375 53.669536621631615 985.7633351108383 0 0 0 0 0 0 138 42 2 0 0 0 
1658182455.7835495 21.133984375 53.74032863976151 985.7414340247957 0 0 0 0 0 0 138 42 2 0 0 0 
1658182460.9171255 21.1390625 53.640121232980455 985.7609800172946 0 0 0 0 0 0 138 42 2 0 0 0 
1658182466.051771 21.1390625 53.699234278371456 985.7589599154817 0 0 0 0 0 0 138 42 6 0 0 0 
1658182471.185246 21.133984375 53.72836456810532 985.7164989540427 0 0 0 0 0 0 138 42 6 0 0 0 
1658182476.3195324 21.1390625 53.941153845433476 985.7673836159473 0 0 0 0 0 0 138 42 6 0 0 0 
1658182481.4539237 21.133984375 53.828850059134226 985.765019810255 0 0 0 0 0 0 156 48 8 0 0 0 
1658182486.5878701 21.133984375 53.72259545603187 985.7343598723547 0 0 0 0 0 0 156 48 8 0 0 0 
1658182491.721199 21.133984375 53.9472089246652 985.7464881205237 0 0 0 0 0 0 129 39 8 0 0 0 
1658182496.8502657 21.123828125 53.858404048078846 985.7154847646842 0 0 0 0 0 0 129 39 8 0 0 0 
1658182501.9830332 21.123828125 53.67488242405486 985.7565963138716 0 0 0 0 0 0 129 39 8 0 0 0 
1658182507.1172385 21.11875 53.84081492756757 985.7215530059411 0 0 0 0 0 0 144 44 8 0 0 0 
1658182512.2519636 21.12890625 53.79929581235308 985.7370502913083 0 0 0 0 0 0 144 44 8 0 0 0 
1658182517.385634 21.133984375 54.03586803627313 985.7498575180259 0 0 0 0 0 0 144 44 8 0 0 0 
1658182522.5189261 21.133984375 53.66334295622539 985.7100955619848 0 0 0 0 0 0 159 49 6 0 0 0 
1658182527.6527987 21.123828125 54.05316253320219 985.7100955619848 0 0 0 0 0 0 159 49 6 0 0 0 
1658182532.786769 21.11875 53.935098880112314 985.7242430636235 0 0 0 0 0 0 159 49 6 0 0 0 
1658182537.9213874 21.123828125 53.77536719808589 985.743788976442 0 0 0 0 0 0 168 52 6 0 0 0 
1658182543.0554087 21.12890625 53.81068876414263 985.741089501782 0 0 0 0 0 0 168 52 6 0 0 0 
1658182548.1891758 21.123828125 53.93481018274831 985.7340159923347 0 0 0 0 0 0 168 52 6 0 0 0 
1658182553.3223574 21.123828125 53.77536719808589 985.7454736479007 0 1 1 0 1 1 198 62 6 0 0 0 
1658182558.456983 21.123828125 53.82279618021685 985.7215530059411 0 1 1 0 1 1 198 62 6 0 0 0 
1658182563.5911427 21.133984375 54.047543471755525 985.7400845349647 0 0 0 0 0 0 150 43 12 0 0 0 
1658182568.7250667 21.123828125 53.74032863976151 985.7229023458557 0 0 0 0 0 0 150 43 12 0 0 0 
1658182573.8589513 21.12890625 53.76988373970362 985.7077400693935 0 0 0 0 0 0 150 43 12 0 0 0 
1658182578.990538 21.12890625 53.811403340132145 985.7127941609168 0 0 0 0 0 0 144 41 14 0 0 0 
1658182584.1205497 21.144140625 54.04783466913113 985.7309904489963 0 0 0 0 0 0 144 41 14 0 0 0 
1658182589.2543778 21.144140625 53.7821333438302 985.7205466031753 0 0 0 0 0 0 144 41 14 0 0 0 
1658182594.387405 21.144140625 53.74047072348511 985.7299836312409 0 1 1 0 1 1 159 46 16 0 0 0 
1658182599.5220172 21.144140625 53.864458326817235 985.7249293747003 0 1 1 0 1 1 159 46 16 0 0 0 
1658182604.6559513 21.144140625 53.935387534451294 985.7326751606405 0 1 1 0 1 1 159 46 16 0 0 0 
1658182609.7919395 21.1390625 53.71696799086243 985.7235803926576 0 0 0 0 0 0 159 43 14 0 0 0 
1658182614.9271357 21.1390625 53.74047072348511 985.7202109159052 0 0 0 0 0 0 159 43 14 0 0 0 
1658182620.0630405 21.12890625 53.699092677897745 985.7471667377732 0 0 0 0 0 0 159 43 14 0 0 0 
1658182625.1980066 21.144140625 53.929621067418395 985.7640141355508 0 0 0 0 0 0 150 40 12 0 0 0 
1658182630.3334148 21.144140625 53.728506527588785 985.7144788582316 0 0 0 0 0 0 150 40 12 0 0 0 
1658182635.4694076 21.12890625 53.7994385818033 985.705719782743 0 0 0 0 0 0 150 40 12 0 0 0 
1658182640.6002843 21.1390625 53.793955675334246 985.7077400693935 0 0 0 0 0 0 162 44 10 0 0 0 
1658182645.733977 21.133984375 53.75257733456799 985.7306549529212 0 1 1 0 1 1 222 63 12 0 0 0 
1658182650.8678215 21.14921875 54.01237102180252 985.7262782740829 0 0 0 0 0 0 216 61 8 0 0 0 
1658182656.001573 21.14921875 53.77622216260658 985.7330173374596 0 0 0 0 0 0 216 61 8 0 0 0 
1658182661.135611 21.164453125 53.841387787663415 985.7438029312162 0 0 0 0 0 0 216 61 8 0 0 0 
1658182666.2688763 21.164453125 53.753003861646654 985.7458237579814 0 0 0 0 0 0 249 70 10 0 0 0 
1658182671.4022095 21.174609375 53.759199719218756 985.7202156379639 1 1 1 1 1 1 249 70 10 0 0 0 
1658182676.5350547 21.174609375 53.771022808211136 985.739760866968 1 1 1 1 1 1 249 70 10 0 0 0 
1658182681.667912 21.174609375 53.66461352183495 985.7245973626444 1 1 1 1 1 1 240 70 10 0 0 0 
1658182686.8013256 21.184765625 53.74723451303901 985.7431305353665 1 1 1 1 1 1 240 70 10 0 0 0 
1658182691.9353118 21.174609375 53.78284585594116 985.7465002040451 1 1 1 1 1 1 240 70 10 0 0 0 
1658182697.0688288 21.174609375 53.688260318755034 985.7310002395689 1 1 1 1 1 1 228 68 6 0 0 0 
1658182702.202726 21.174609375 53.72358839873654 985.7468364297821 1 1 1 1 1 1 228 68 6 0 0 0 
1658182707.3373806 21.184765625 53.62309057166069 985.7468364297821 1 1 1 1 1 1 228 68 6 0 0 0 
1658182712.4703965 21.16953125 53.65884284948685 985.7117916079884 1 1 1 1 1 1 228 68 6 0 0 0 
1658182717.6002932 21.174609375 53.74737658896402 985.7117916079884 1 1 1 1 1 1 228 68 6 0 0 0 
1658182722.7345839 21.16953125 53.64673738740711 985.7084219964887 1 1 1 1 1 1 228 68 6 0 0 0 
1658182727.868882 21.174609375 53.70599530813141 985.7707598546102 0 0 0 0 0 0 126 35 4 0 0 0 
1658182733.003099 21.16953125 53.81211764720851 985.7074097438542 0 0 0 0 0 0 126 35 4 0 0 0 
1658182738.1364489 21.16953125 53.699800572698585 985.6875310426414 0 0 0 0 0 0 105 35 4 0 0 0 
1658182743.26767 21.164453125 53.551729524522564 985.7016827743307 0 0 0 0 0 0 105 35 4 0 0 0 
1658182748.3995278 21.164453125 53.5282224692761 985.6737141880315 0 0 0 0 0 0 105 35 4 0 0 0 
1658182753.5331225 21.164453125 53.69965901525195 985.711115385585 0 0 0 0 0 0 114 35 4 0 0 0 
1658182758.6657195 21.164453125 53.652508058872414 985.7320092828729 0 0 0 0 0 0 114 35 4 0 0 0 
1658182763.7982903 21.164453125 53.853639984960346 985.7256062390753 0 0 0 0 0 0 114 35 4 0 0 0 
1658182768.927165 21.154296875 53.75863081099643 985.6912343472134 0 0 0 0 0 0 108 33 0 0 0 0 
1658182774.0596151 21.154296875 53.681783236728656 985.6794410942155 0 0 0 0 0 0 108 33 0 0 0 0 
1658182779.1903753 21.14921875 53.8706562773421 985.6946038487007 0 0 0 0 0 0 108 33 0 0 0 0 
1658182784.3243787 21.14921875 53.58719921386346 985.7084177494792 0 0 0 0 0 0 114 33 0 0 0 0 
1658182789.4574573 21.144140625 53.82351132359223 985.7063971061134 0 0 0 0 0 0 114 33 0 0 0 0 
1658182794.5874076 21.14921875 53.78184826368972 985.7013428525161 0 0 0 0 0 0 114 33 0 0 0 0 
1658182799.7221975 21.144140625 53.78775929960607 985.7013428525161 0 0 0 0 0 0 135 40 2 0 0 0 
1658182804.8502643 21.14921875 53.752292929398955 985.7040350722201 0 0 0 0 0 0 135 40 2 0 0 0 
1658182809.9835737 21.144140625 53.80563516090436 985.7030276036452 0 1 1 0 1 1 150 43 10 0 0 0 
1658182815.1187034 21.1390625 53.70542882985924 985.7198751187902 0 1 1 0 1 1 150 43 10 0 0 0 
1658182820.252203 21.159375 53.64040305163639 985.7262782740829 0 1 1 0 1 1 150 43 10 0 0 0 
1658182825.3854291 21.154296875 53.569464415608905 985.7131361118912 0 1 1 0 1 1 171 50 10 0 0 0 
1658182830.5179834 21.159375 53.74075485866226 985.7124640796453 0 1 1 0 1 1 171 50 10 0 0 0 
1658182835.6478553 21.159375 53.829851581732306 985.7090945223812 0 0 0 0 0 0 171 50 10 0 0 0 
1658182840.7797842 21.164453125 53.64040305163639 985.7353788963349 0 0 0 0 0 0 159 46 6 0 0 0 
1658182845.911598 21.154296875 53.67601311086133 985.7043763258525 0 0 0 0 0 0 159 46 6 0 0 0 
1658182851.0460792 21.164453125 53.770453360010286 985.7171822758431 0 0 0 0 0 0 159 46 6 0 0 0 
1658182856.1788964 21.164453125 53.71739333523869 985.692246740265 0 0 0 0 0 0 165 48 4 0 0 0 
1658182861.3117042 21.159375 53.741038950812694 985.7090945223812 0 0 0 0 0 0 165 48 4 0 0 0 
1658182866.445896 21.154296875 53.69374755462662 985.6727020940439 0 0 0 0 0 0 165 48 4 0 0 0 
1658182871.5775294 21.154296875 53.75257733456799 985.6929190979218 0 0 0 0 0 0 222 67 8 0 0 0 
1658182876.7025943 21.144140625 53.87094336081322 985.7114513603417 0 0 0 0 0 0 222 67 8 0 0 0 
1658182881.82312 21.154296875 53.977051775878174 985.7444748876364 0 0 0 0 0 0 222 67 8 0 0 0 
1658182886.953729 21.14921875 53.9062657668985 985.7229087428149 0 1 1 0 1 1 231 70 6 0 0 0 
1658182892.083991 21.144140625 53.687411751806614 985.6797772167405 1 1 1 1 1 1 231 67 6 2 0 0 
1658182897.2144952 21.14921875 53.66996037827551 985.7013428525161 0 0 1 0 0 1 189 58 6 2 0 0 
1658182902.3448021 21.164453125 53.770453360010286 985.7084219964887 0 0 1 0 0 1 189 58 6 2 0 0 
1658182907.4753156 21.159375 53.82956548620099 985.7360509883438 0 0 1 0 0 1 189 58 6 2 0 0 
1658182912.6075113 21.164453125 53.74089691011582 985.697301074164 0 0 1 0 0 1 189 56 6 2 0 0 
1658182917.7360075 21.159375 53.71739333523869 985.7353788963349 0 0 1 0 0 1 189 56 6 2 0 0 
1658182922.8656783 21.159375 53.741038950812694 985.7171822758431 0 0 0 0 0 0 189 56 6 2 0 0 
1658182927.9982367 21.159375 53.67601311086133 985.7259423115054 0 0 0 0 0 0 201 56 6 2 0 0 
1658182933.130264 21.154296875 53.76482670127996 985.7023554086937 0 0 0 0 0 0 201 56 6 2 0 0 
1658182938.2646499 21.174609375 53.64659644822612 985.7390845838913 0 0 0 0 0 0 201 56 6 2 0 0 
1658182943.3979602 21.16953125 53.616897627843194 985.7185308318287 0 0 1 0 0 1 207 58 6 2 0 0 
1658182948.5287526 21.159375 53.770880462295835 985.7016827743307 0 0 1 0 0 1 207 58 6 2 0 0 
1658182953.659156 21.16953125 53.58762003858048 985.7084219964887 0 0 1 0 0 1 207 58 6 2 0 0 
1658182958.7896686 21.174609375 53.54046513016248 985.7114552073746 0 0 1 0 0 1 198 53 6 2 0 0 
1658182963.9201462 21.1796875 53.50485401724403 985.7026945330881 0 0 1 0 0 1 198 53 6 2 0 0 
1658182969.0505056 21.174609375 53.765111268872744 985.6932587482098 0 0 1 0 0 1 198 53 6 2 0 0 
1658182974.1810122 21.184765625 53.623231230074644 985.6892158746327 0 1 1 0 1 1 228 63 12 2 0 0 
1658182979.313142 21.1796875 53.71219026022047 985.7111186969004 0 1 1 0 1 1 228 63 12 2 0 0 
1658182984.441856 21.16953125 53.66433124921965 985.7245973626444 0 1 1 0 1 1 237 68 12 2 0 0 
1658182989.571375 21.16953125 53.57579644503094 985.6932587482098 0 1 1 0 1 1 237 68 12 2 0 0 
1658182994.6984773 21.164453125 53.54595768665735 985.7074097438542 0 1 1 0 1 1 237 68 12 2 0 0 
1658182999.8303614 21.1796875 53.65856073338821 985.7212276957878 0 1 1 0 1 1 273 77 14 2 0 0 
1658183004.9622838 21.164453125 53.70571209050883 985.692585538826 0 1 1 0 1 1 273 77 14 2 0 0 
1658183010.0902634 21.174609375 53.564112793592024 985.6807917153761 0 1 1 0 1 1 273 77 14 2 0 0 
1658183015.2219965 21.18984375 53.63533634815238 985.713815066612 0 1 1 0 1 1 252 72 12 2 0 0 
1658183020.353552 21.205078125 53.68896716206696 985.678433017956 0 1 1 0 1 1 252 72 12 2 0 0 
1658183025.484996 21.2 53.653635811143445 985.7363670248644 0 1 1 0 1 1 252 72 12 2 0 0 
1658183030.6153262 21.2203125 53.606619067423495 985.6972766004986 0 1 1 0 1 1 258 72 8 2 0 0 
1658183035.7497056 21.2203125 53.39968004131116 985.7238981867554 0 1 1 0 1 1 258 72 8 2 0 0 
1658183040.8858445 21.225390625 53.56551203567402 985.6672855299062 0 1 1 0 1 1 258 72 8 2 0 0 
1658183046.0179214 21.215234375 53.54777427840124 985.7269307202469 0 1 1 0 1 1 231 65 8 2 0 0 
1658183051.1474953 21.2203125 53.33477670501783 985.7215383493748 0 1 1 0 1 1 231 65 8 2 0 0 
1658183056.2770448 21.215234375 53.55945965193857 985.7087337064139 0 0 0 0 0 0 147 43 8 0 0 0 
1658183061.409955 21.2203125 53.43543299255475 985.6885144081234 0 0 0 0 0 0 147 43 8 0 0 0 
1658183066.5387022 21.21015625 53.55931983288568 985.6858195779638 0 0 0 0 0 0 147 43 8 0 0 0 
1658183071.6688633 21.21015625 53.80186401670556 985.6736876168375 0 0 0 0 0 0 156 43 8 0 0 0 
1658183076.796087 21.21015625 53.57705712321846 985.6922218171289 0 0 0 0 0 0 156 43 8 0 0 0 
1658183081.929167 21.205078125 53.61830326802785 985.6440610098851 0 0 0 0 0 0 156 43 8 0 0 0 
1658183087.0606194 21.205078125 53.689108498458985 985.6861831427887 0 0 0 0 0 0 168 47 8 0 0 0 
1658183092.1905856 21.194921875 53.694596332954546 985.705053885762 0 0 0 0 0 0 168 47 8 0 0 0 
1658183097.321206 21.194921875 53.7183854289645 985.6949446465981 0 0 0 0 0 0 168 47 8 0 0 0 
1658183102.451599 21.194921875 53.505689705725025 985.6548450026903 0 1 1 0 1 1 195 56 10 0 0 0 
1658183107.5818546 21.18984375 53.60014542529891 985.6615844342216 0 1 1 0 1 1 195 56 10 0 0 0 
1658183112.713925 21.194921875 53.6830551408075 985.6932597736493 0 1 1 0 1 1 195 56 10 0 0 0 
1658183117.8427646 21.18984375 53.600005079926824 985.673041303732 0 1 1 0 1 1 207 63 10 0 0 0 
1658183122.9724362 21.1796875 53.53511166431371 985.6649541504078 0 1 1 0 1 1 207 63 10 0 0 0 
1658183128.1058228 21.184765625 53.59423331679202 985.6868573124515 0 1 1 0 1 1 207 63 10 0 0 0 
1658183133.2341235 21.184765625 53.74780275219911 985.6922487693411 0 1 1 0 1 1 207 63 8 0 0 0 
1658183138.3642151 21.184765625 53.64730103656222 985.6733784420998 0 0 0 0 0 0 123 39 4 0 0 0 
1658183143.4913623 21.1796875 53.59958397926866 985.6359754170534 0 0 0 0 0 0 123 39 4 0 0 0 
1658183148.6240933 21.18984375 53.63575859932801 985.643051000209 0 0 0 0 0 0 123 39 4 0 0 0 
1658183153.755882 21.184765625 53.564672619509544 985.7037059066992 0 0 0 0 0 0 123 39 4 0 0 0 
1658183158.8832555 21.194921875 53.564672619509544 985.67034578083 0 0 0 0 0 0 138 44 4 0 0 0 
1658183164.016519 21.184765625 53.64167070312164 985.7043797946529 0 0 0 0 0 0 138 44 4 0 0 0 
1658183169.146798 21.184765625 53.74217488914747 985.6659645135279 0 0 0 0 0 0 138 44 4 0 0 0 
1658183174.2773323 21.18984375 53.659124922558085 985.6582147183158 0 0 0 0 0 0 144 46 4 0 0 0 
1658183179.4089758 21.18984375 53.635617859693035 985.6679866878297 0 0 0 0 0 0 144 46 4 0 0 0 
1658183184.5364518 21.184765625 53.558760449103445 985.666639008606 0 0 0 0 0 0 144 46 4 0 0 0 
1658183189.667549 21.1796875 53.676436940926166 985.6939336151017 0 0 0 0 0 0 138 41 4 0 0 0 
1658183194.8006556 21.174609375 53.71781858280439 985.6713562884953 0 0 0 0 0 0 138 41 4 0 0 0 
1658183199.9322598 21.16953125 53.782703375032135 985.6946070170911 0 0 0 0 0 0 138 41 4 0 0 0 
1658183205.0660675 21.174609375 53.72964181621501 985.6760740158742 0 0 0 0 0 0 150 45 4 0 0 0 
1658183210.1969843 21.16953125 53.54018569270805 985.6791068837351 0 0 0 0 0 0 150 45 4 0 0 0 
1658183215.3298748 21.174609375 53.540884205665755 985.6710195624687 0 0 0 0 0 0 150 45 4 0 0 0 
1658183220.4615288 21.174609375 53.55806097734146 985.6946070170911 0 0 0 0 0 0 159 49 4 0 0 0 
