timestamp temperature humidity pressure pm10_standard pm25_standard pm100_standard pm10_env pm25_env pm100_env particles_03um particles_05um particles_10um particles_25um particles_50um particles_100um
1642381202.5093825 21.1796875 32.886232157254305 987.9378915855699 3 4 4 3 4 4 648 186 17 0 0 0 
1642381207.663701 21.16953125 32.71997659421038 987.901460738252 3 4 4 3 4 4 648 186 17 0 0 0 
1642381212.8187044 21.164453125 32.88047791600483 987.9166250575317 3 4 4 3 4 4 639 186 15 0 0 0 
1642381217.9719615 21.174609375 32.62490357089112 987.8997758142381 3 4 4 3 4 4 639 186 15 0 0 0 
1642381223.1272886 21.16953125 32.892761050045 987.8919890139965 3 4 4 3 4 4 639 186 15 0 0 0 
1642381228.2818232 21.174609375 32.83328334719525 987.912207777136 3 5 5 3 5 5 648 193 19 2 0 0 
1642381233.4364376 21.16953125 32.87491784749879 987.9175810107397 3 5 5 3 5 5 648 193 19 2 0 0 
1642381238.5922658 21.16953125 32.67863649231166 987.9189473670921 3 5 5 3 5 5 648 193 19 2 0 0 
1642381243.7471693 21.16953125 32.80958968915821 987.9347481500454 4 5 5 4 5 5 702 207 19 2 0 0 
1642381248.8965967 21.174609375 32.73811687709154 987.898409800356 4 5 5 4 5 5 702 207 19 2 0 0 
1642381254.0478194 21.174609375 32.71412720393738 987.9186287295838 4 5 5 4 5 5 702 207 19 2 0 0 
1642381259.200394 21.16953125 32.636800189399935 987.9250496818069 4 6 6 4 6 6 747 221 21 4 0 0 
1642381264.3541245 21.16953125 32.70837681364055 987.9155775719738 4 6 6 4 6 6 747 221 21 4 0 0 
1642381269.510108 21.1796875 32.72612220322753 987.9334743078341 4 4 4 4 4 4 750 214 14 0 0 0 
1642381274.6674993 21.174609375 32.60141055370801 987.9223171624903 4 4 4 4 4 4 750 214 14 0 0 0 
1642381279.821017 21.16953125 32.809687390264585 987.9240020602947 4 4 4 4 4 4 750 214 14 0 0 0 
1642381284.9755507 21.159375 32.65474455009652 987.9296935369432 4 4 4 4 4 4 744 214 14 0 0 0 
1642381290.1307254 21.16953125 32.518034301005606 987.897362407801 4 4 4 4 4 4 744 214 14 0 0 0 
1642381295.2852569 21.164453125 32.58941398105762 987.9223171624903 4 4 4 4 4 4 744 214 14 0 0 0 
1642381300.4397209 21.174609375 32.68458457720767 987.9573817054796 4 5 5 4 5 5 810 233 18 0 0 0 
1642381305.59333 21.164453125 32.7857004422271 987.9077902207885 4 5 5 4 5 5 810 233 18 0 0 0 
1642381310.7478735 21.164453125 32.84537356333328 987.9459057381288 4 5 5 4 5 5 810 233 18 0 0 0 
1642381315.9014595 21.16953125 32.791354525755274 987.9240020602947 4 6 6 4 6 6 840 235 25 2 0 0 
1642381321.0551283 21.174609375 32.61300691111994 987.9705426831692 4 6 6 4 6 6 840 235 25 2 0 0 
1642381326.2087684 21.164453125 32.80939425448627 987.9435838613796 4 6 6 4 6 6 840 235 25 2 0 0 
1642381331.359278 21.174609375 32.92249951465304 987.9108414753055 4 5 5 4 5 5 798 223 27 2 0 0 
1642381336.5111156 21.16953125 32.631151203816856 987.897362407801 4 5 5 4 5 5 798 223 27 2 0 0 
1642381341.6627622 20.9966796875 32.57731668423228 987.9108414753055 4 5 5 4 5 5 798 223 27 2 0 0 
1642381346.8131301 21.164453125 32.66059330263052 987.8852494285259 4 6 6 4 6 6 822 230 32 2 0 0 
1642381351.969664 21.174609375 32.86292521979936 987.9095664344027 3 5 5 3 5 5 750 216 35 2 0 0 
1642381357.1262345 21.164453125 32.815342180782466 987.912207777136 3 5 5 3 5 5 750 216 35 2 0 0 
1642381362.2801828 21.16953125 32.750209609978654 987.9377996237702 3 5 5 3 5 5 750 216 35 2 0 0 
1642381367.4347208 21.159375 32.631051441799414 987.9138926745198 3 6 6 3 6 6 777 226 44 4 0 0 
1642381372.5884876 21.164453125 32.75001283026613 987.893263333647 3 6 6 3 6 6 777 226 44 4 0 0 
1642381377.742245 21.154296875 32.773804612833906 987.9094750908414 3 6 6 3 6 6 777 226 44 4 0 0 
1642381382.8970854 21.174609375 32.58346573111975 987.8875717856193 3 6 6 3 6 6 741 215 46 4 0 0 
1642381388.0519755 21.174609375 32.779752532688065 987.9240020602947 3 6 6 3 6 6 741 215 46 4 0 0 
1642381393.207664 21.174609375 32.553522993328734 987.9371627569085 3 6 6 3 6 6 741 215 46 4 0 0 
1642381398.3612716 21.174609375 32.737919780757345 987.9418989356134 3 6 6 3 6 6 729 208 46 4 0 0 
1642381403.5155008 21.1796875 32.76746381341892 987.9138926745198 3 6 6 3 6 6 729 208 46 4 0 0 
1642381408.667834 21.184765625 32.720075363615756 987.955378343705 3 6 6 3 6 6 729 208 46 4 0 0 
1642381413.818688 21.16953125 32.583064387936275 987.9250496818069 3 5 5 3 5 5 699 201 39 4 0 0 
1642381418.969795 21.164453125 32.791354525755274 987.9199949070315 3 5 5 3 5 5 699 201 39 4 0 0 
1642381424.1218674 21.174609375 32.53557672888859 987.9331555727091 3 5 5 3 5 5 699 201 39 4 0 0 
1642381429.2759178 21.1796875 32.452194265265334 987.9183099822467 3 5 5 3 5 5 705 208 39 4 0 0 
1642381434.4304922 21.174609375 32.731971652025734 987.935477844983 4 5 5 4 5 5 852 230 24 2 0 0 
1642381439.5843701 21.16953125 32.642748483180966 987.9489571423485 4 5 5 4 5 5 882 237 22 2 0 0 
1642381444.7390459 21.174609375 32.79749837094783 987.9418989356134 4 5 5 4 5 5 882 237 22 2 0 0 
1642381449.8938484 21.174609375 32.54767528525487 987.9189473670921 4 5 5 4 5 5 882 237 22 2 0 0 
1642381455.0484319 21.154296875 32.72622088265649 987.9543302327572 4 5 5 4 5 5 894 240 22 2 0 0 
1642381460.2019932 21.174609375 32.60725866898051 987.9192658947734 4 5 5 4 5 5 894 240 22 2 0 0 
1642381465.360502 21.16953125 32.5655203948239 987.9607515312227 4 5 5 4 5 5 894 240 22 2 0 0 
1642381470.5112178 21.154296875 32.58346573111975 987.9310600849722 4 4 4 4 4 4 831 226 18 0 0 0 
1642381475.6576734 21.14921875 32.66099100555419 987.9445391636896 4 4 4 4 4 4 831 226 18 0 0 0 
1642381480.808461 21.154296875 32.54777601487514 987.9246389244715 4 4 4 4 4 4 831 226 18 0 0 0 
1642381485.963534 21.14921875 32.66693898471832 987.9300117636172 4 5 5 4 5 5 846 236 18 0 0 0 
1642381491.1121247 21.159375 32.58951422146031 987.9350663360387 4 5 5 4 5 5 846 236 18 0 0 0 
1642381496.2664754 21.164453125 32.90475308546463 987.9535997736464 4 5 5 4 5 5 846 236 18 0 0 0 
1642381501.4205585 21.154296875 32.56582193613662 987.9235905057998 4 4 4 4 4 4 855 238 14 0 0 0 
1642381506.5749228 21.159375 32.69667872581934 987.9546484756714 4 4 4 4 4 4 855 238 14 0 0 0 
1642381511.7294579 21.159375 32.61340680091398 987.9162145717542 4 4 4 4 4 4 855 238 14 0 0 0 
1642381516.8844001 21.164453125 32.660792175732944 987.9148480501375 3 4 4 3 4 4 717 202 24 0 0 0 
1642381522.038897 21.164453125 32.607358704359534 987.9263237952255 3 4 4 3 4 4 717 202 24 0 0 0 
1642381527.1923425 21.164453125 32.5776178479531 987.9479089340698 3 4 4 3 4 4 690 193 20 0 0 0 
1642381532.346264 21.164453125 32.66069274459187 987.921998552103 3 4 4 3 4 4 690 193 20 0 0 0 
1642381537.5046592 21.174609375 32.51198478760229 987.9593849303752 3 4 4 3 4 4 690 193 20 0 0 0 
1642381542.6611586 21.164453125 32.4763954683534 987.9563333612468 3 4 4 3 4 4 699 197 18 0 0 0 
1642381547.811761 21.164453125 32.607158622780986 987.9263237952255 3 4 4 3 4 4 699 197 18 0 0 0 
1642381552.9651275 21.164453125 32.672688397100536 987.9714973345808 3 4 4 3 4 4 699 197 18 0 0 0 
1642381558.1147134 21.154296875 32.47044702242833 987.9620240662714 3 4 4 3 4 4 729 206 20 0 0 0 
1642381563.2642858 21.154296875 32.68478286032286 987.9353844122131 3 4 4 3 4 4 729 206 20 0 0 0 
1642381568.4155579 21.159375 32.63125095501388 987.9175810107397 3 4 4 3 4 4 729 206 20 0 0 0 
1642381573.563828 21.159375 32.55987378162356 987.9633909695388 3 4 4 3 4 4 723 203 18 0 0 0 
1642381578.7180223 21.159375 32.809687390264585 987.9327449695666 3 4 4 3 4 4 723 203 18 0 0 0 
1642381583.8702064 21.164453125 32.4763954683534 987.9681275622382 3 4 4 3 4 4 723 203 18 0 0 0 
1642381589.0248263 21.164453125 32.660792175732944 987.9071530854052 3 4 4 3 4 4 723 206 22 0 0 0 
1642381594.1795008 21.16953125 32.446653135576916 987.9560151318931 3 4 4 3 4 4 723 206 22 0 0 0 
1642381599.333263 21.164453125 32.5001891489025 987.9260054316093 4 5 5 4 5 5 843 239 19 0 0 0 
1642381604.491692 21.159375 32.38132172824123 987.9148480501375 4 5 5 4 5 5 843 239 19 0 0 0 
1642381609.6454885 21.16953125 32.54777601487514 987.9641213572462 4 5 5 4 5 5 786 227 21 0 0 0 
1642381614.8003294 21.164453125 32.67258910263653 987.9540118800171 4 5 5 4 5 5 786 227 21 0 0 0 
1642381619.9549541 21.16953125 32.39916729420279 987.9054681883016 4 5 5 4 5 5 786 227 21 0 0 0 
1642381625.1021092 21.164453125 32.6549435382361 987.9361147389656 3 5 5 3 5 5 762 215 19 0 0 0 
1642381630.2508395 21.154296875 32.49434207813612 987.8993658715749 3 5 5 3 5 5 762 215 19 0 0 0 
1642381635.3973203 21.164453125 32.5001891489025 987.9094750908414 3 5 5 3 5 5 762 215 19 0 0 0 
1642381640.54224 21.164453125 32.47044702242833 987.8622987558493 3 4 4 3 4 4 726 204 19 0 0 0 
1642381645.6887603 21.159375 32.5479774416535 987.8959961323801 3 4 4 3 4 4 726 204 19 0 0 0 
1642381650.8379128 21.159375 32.39311628672694 987.942535940768 3 4 4 3 4 4 726 204 19 0 0 0 
1642381655.9905367 21.174609375 32.672688397100536 987.9418989356134 3 5 5 3 5 5 738 211 21 0 0 0 
1642381661.1456668 21.164453125 32.55987378162356 987.9243205472952 3 5 5 3 5 5 738 211 21 0 0 0 
1642381666.3009393 21.16953125 32.47044702242833 987.8892566548312 3 5 5 3 5 5 738 211 21 0 0 0 
1642381671.4548733 21.164453125 32.48808949230791 987.9590666183161 3 4 4 3 4 4 708 202 19 0 0 0 
1642381676.6136148 21.159375 32.67843802923977 987.9108414753055 3 4 4 3 4 4 708 202 19 0 0 0 
1642381681.7720554 21.164453125 32.28604008245385 987.8936739105394 4 4 4 4 4 4 852 235 16 0 0 0 
1642381686.9266276 21.1796875 32.63085188530332 987.9118890853865 4 4 4 4 4 4 852 235 16 0 0 0 
1642381692.0816028 21.174609375 32.464498566188155 987.9020983943047 4 4 4 4 4 4 852 235 16 0 0 0 
1642381697.2351618 21.16953125 32.631051441799414 987.8751400524227 4 5 5 4 5 5 924 252 23 0 0 0 
1642381702.387135 21.16953125 32.36306465430355 987.9000947107395 4 5 5 4 5 5 924 252 23 0 0 0 
1642381707.539349 21.174609375 32.36880785515356 987.8913511952195 4 5 5 4 5 5 924 252 23 0 0 0 
1642381712.6878536 21.174609375 32.56531931317881 987.8829265779528 4 5 5 4 5 5 903 245 25 0 0 0 
1642381717.8392289 21.174609375 32.3332170937277 987.9045116208384 4 5 5 4 5 5 903 245 25 0 0 0 
1642381722.9873316 21.1796875 32.45834657922035 987.8849305198108 4 5 5 4 5 5 903 245 25 0 0 0 
1642381728.1404567 21.16953125 32.357218745707556 987.8896662716261 4 5 5 4 5 5 897 250 23 0 0 0 
1642381733.294208 21.174609375 32.52378064759856 987.93283672775 4 5 5 4 5 5 897 250 23 0 0 0 
1642381738.4488692 21.1796875 32.494038043978655 987.9166250575317 4 5 5 4 5 5 897 250 23 0 0 0 
1642381743.6021743 21.1796875 32.39885997937608 987.8748210623456 4 5 5 4 5 5 903 255 25 0 0 0 
1642381748.760612 21.184765625 32.27393476197897 987.8778718084342 4 5 5 4 5 5 903 255 25 0 0 0 
1642381753.9153214 21.1796875 32.48778515572534 987.8775526258158 4 5 5 4 5 5 903 255 25 0 0 0 
1642381759.0692723 21.18984375 32.50553013276553 987.8802838587106 4 5 5 4 5 5 840 234 25 0 0 0 
1642381764.2239554 21.18984375 32.45188863352103 987.8917592175662 4 5 5 4 5 5 774 231 16 0 0 0 
1642381769.3776453 21.18984375 32.49968265882396 987.8937635720674 4 5 5 4 5 5 774 231 16 0 0 0 
1642381774.5303807 21.18984375 32.55332161667096 987.8876622468467 4 5 5 4 5 5 774 231 16 0 0 0 
1642381779.684445 21.18984375 32.4162969832293 987.8920786076524 4 5 5 4 5 5 852 257 14 0 0 0 
1642381784.8381696 21.174609375 32.26193285295572 987.8758676892228 4 5 5 4 5 5 852 257 14 0 0 0 
1642381789.9889457 21.1796875 32.48203942726922 987.8741827526997 4 5 5 4 5 5 852 257 14 0 0 0 
1642381795.1353798 21.1796875 32.440500707580746 987.8775526258158 4 5 5 4 5 5 807 245 16 0 0 0 
1642381800.2866774 21.184765625 32.36880785515356 987.8907129371145 4 5 5 4 5 5 807 245 16 0 0 0 
1642381805.4393516 21.1796875 32.40491106652845 987.8778718084342 4 5 5 4 5 5 807 245 16 0 0 0 
1642381810.5930622 21.16953125 32.36901349095218 987.8562870635453 4 5 5 4 5 5 837 250 16 0 0 0 
1642381815.75166 21.184765625 32.42829702125435 987.8623881990005 4 5 5 4 5 5 837 250 16 0 0 0 
1642381820.906106 21.2 32.32706151247281 987.8755483832091 4 5 5 4 5 5 837 250 16 0 0 0 
1642381826.0607767 21.1796875 32.23218763813009 987.8724978162468 4 5 5 4 5 5 894 267 18 0 0 0 
1642381831.2147686 21.184765625 32.487683688555904 987.8724978162468 4 5 5 4 5 5 894 267 18 0 0 0 
1642381836.3694859 21.18984375 32.39260364538946 987.8785988948564 4 5 5 4 5 5 894 267 18 0 0 0 
1642381841.5242088 21.194921875 32.261620691986955 987.882288184244 5 6 6 5 6 6 903 272 27 0 0 0 
1642381846.6789176 21.18984375 32.42245035923324 987.8772333333627 3 5 5 3 5 5 714 212 25 0 0 0 
1642381851.8348176 21.18984375 32.392501084657994 987.8923978878988 3 5 5 3 5 5 735 219 27 0 0 0 
1642381856.987966 21.184765625 32.2975231376136 987.8394379810858 3 5 5 3 5 5 735 219 27 0 0 0 
1642381862.1385322 21.174609375 32.32768122569201 987.8896662716261 3 5 5 3 5 5 735 219 27 0 0 0 
1642381867.2913127 21.174609375 32.155164627469084 987.8663965163852 3 5 5 3 5 5 687 215 25 0 0 0 
1642381872.444206 21.184765625 32.357321673254546 987.8700853653171 3 5 5 3 5 5 687 215 25 0 0 0 
1642381877.597359 21.16953125 32.47629391859702 987.8619798769419 3 5 5 3 5 5 687 215 25 0 0 0 
1642381882.7498214 21.16953125 32.387372813875 987.8707230973539 3 5 5 3 5 5 699 219 25 0 0 0 
1642381887.902893 21.164453125 32.5001891489025 987.8785098441767 3 5 5 3 5 5 699 219 25 0 0 0 
1642381893.057664 21.164453125 32.47024377540214 987.8437652107064 3 5 5 3 5 5 699 219 25 0 0 0 
1642381898.2119596 21.154296875 32.41096199584631 987.8609326704042 3 5 5 3 5 5 729 226 27 0 0 0 
1642381903.3665178 21.159375 32.30983508333778 987.8454500780962 3 5 5 3 5 5 729 226 27 0 0 0 
1642381908.5198364 21.154296875 32.28624752389352 987.8572441517874 3 5 5 3 5 5 729 226 27 0 0 0 
1642381913.6743667 21.159375 32.321835837902185 987.8724079658651 3 5 5 3 5 5 708 214 27 0 0 0 
1642381918.8284454 21.159375 32.309938536055824 987.8387106089571 3 5 5 3 5 5 708 214 27 0 0 0 
1642381923.9829879 21.159375 32.26224491652806 987.8707230973539 3 5 5 3 5 5 708 214 27 0 0 0 
1642381929.1304255 21.14921875 32.4052181438442 987.8663058663506 3 5 5 3 5 5 657 188 22 4 0 0 
1642381934.2802541 21.159375 32.2266562678648 987.855559283907 3 5 5 3 5 5 657 188 22 4 0 0 
1642381939.4325898 21.14921875 32.32799093621041 987.8814694394973 3 5 5 3 5 5 645 183 26 4 0 0 
1642381944.587165 21.14921875 32.45855009963286 987.8724079658651 3 5 5 3 5 5 645 183 26 4 0 0 
1642381949.7420185 21.154296875 32.316197280303186 987.8477726179908 3 5 5 3 5 5 645 183 26 4 0 0 
1642381954.8964317 21.154296875 32.32788771019251 987.9007321742565 3 5 5 3 5 5 681 190 26 4 0 0 
1642381960.0486777 21.144140625 32.44685688609317 987.8828357847658 3 5 5 3 5 5 681 190 26 4 0 0 
1642381965.202743 21.144140625 32.137844654704274 987.8514609432495 3 5 5 3 5 5 681 190 26 4 0 0 
1642381970.357599 21.144140625 32.3400940489251 987.8885271532073 3 5 5 3 5 5 702 198 26 4 0 0 
1642381975.5118372 21.144140625 32.11415547884001 987.8649395611279 3 5 5 3 5 5 702 198 26 4 0 0 
1642381980.6671796 21.1390625 32.24491934861588 987.8692640837239 3 5 5 3 5 5 702 198 26 4 0 0 
1642381985.8229053 21.133984375 32.524588455143764 987.8911663203174 3 5 5 3 5 5 723 205 22 2 0 0 
1642381990.977479 21.144140625 32.16748291047614 987.8891635158569 3 5 5 3 5 5 723 205 22 2 0 0 
1642381996.1325457 21.1390625 32.4887992322672 987.8797845977564 3 5 5 3 5 5 723 205 22 2 0 0 
1642382001.2885957 21.144140625 32.22707379836079 987.8801030116022 3 5 7 3 5 7 816 229 22 4 2 2 
1642382006.4387155 21.1390625 32.29261063248504 987.8602035456519 3 5 7 3 5 7 816 229 22 4 2 2 
1642382011.5891807 21.133984375 32.32830054933473 987.8908483172678 4 4 4 4 4 4 705 211 28 0 0 0 
1642382016.7405 21.12890625 32.286662276912146 987.8857939132454 4 4 4 4 4 4 705 211 28 0 0 0 
1642382021.885358 21.12890625 32.245127638799026 987.8746364738078 4 5 5 4 5 5 774 228 26 0 0 0 
1642382027.0368667 21.123828125 32.257128339462 987.8682153531488 4 5 5 4 5 5 774 228 26 0 0 0 
1642382032.188733 21.123828125 32.19774973279723 987.8766391529473 4 5 5 4 5 5 774 228 26 0 0 0 
1642382037.3418407 21.12890625 32.26307660989427 987.8746364738078 4 4 4 4 4 4 717 214 23 0 0 0 
1642382042.496929 21.133984375 32.34655721430438 987.8637967726281 4 4 4 4 4 4 717 214 23 0 0 0 
1642382047.6473305 21.113671875 32.33466122530216 987.8887501763658 4 4 4 4 4 4 717 214 23 0 0 0 
1642382052.8020816 21.113671875 32.29886951876066 987.872220435775 3 4 4 3 4 4 705 205 25 0 0 0 
1642382057.955295 21.133984375 32.37609178859478 987.8901172362687 3 4 4 3 4 4 705 205 25 0 0 0 
1642382063.1139975 21.154296875 32.4467550162456 987.8612513432297 3 4 4 3 4 4 705 205 25 0 0 0 
1642382068.2692854 21.133984375 32.07846333423169 987.8719972435819 3 4 4 3 4 4 669 191 18 0 0 0 
1642382073.4236453 21.144140625 32.19138241937439 987.8871605745371 3 4 4 3 4 4 669 191 18 0 0 0 
1642382078.5808325 21.144140625 32.33424883271173 987.889893649254 3 4 4 3 4 4 669 191 18 0 0 0 
1642382083.736288 21.144140625 32.28061017064985 987.8669428011915 3 4 4 3 4 4 669 193 21 0 0 0 
1642382088.8856733 21.14921875 32.22081192427401 987.8575629615533 3 4 4 3 4 4 669 193 21 0 0 0 
1642382094.0356462 21.159375 32.214654089550926 987.8676720889463 4 5 5 4 5 5 738 224 23 0 0 0 
1642382099.186343 21.154296875 32.11373279641116 987.8592478159437 4 5 5 4 5 5 738 224 23 0 0 0 
1642382104.3390932 21.154296875 32.17896053608321 987.8757777030977 4 5 5 4 5 5 738 224 23 0 0 0 
1642382109.490877 21.164453125 32.25640016716066 987.8619798769419 4 5 5 4 5 5 786 239 23 0 0 0 
1642382114.6454163 21.159375 32.15537507658269 987.8387106089571 4 5 5 4 5 5 786 239 23 0 0 0 
1642382119.799183 21.154296875 32.161323932491484 987.858929019738 4 5 5 4 5 5 786 239 23 0 0 0 
1642382124.9536872 21.14921875 32.155480284906155 987.8774625718193 4 5 5 4 5 5 795 237 16 0 0 0 
1642382130.11215 21.14921875 32.10204654554654 987.8265072847734 4 5 5 4 5 5 795 237 16 0 0 0 
1642382135.2665584 21.133984375 32.02481774133874 987.8663058663506 4 5 5 4 5 5 795 237 16 0 0 0 
1642382140.4210398 21.133984375 32.07825119432886 987.8652579872015 4 5 5 4 5 5 786 237 20 0 0 0 
1642382145.5749342 21.1390625 32.35178482805327 987.8477726179908 4 5 5 4 5 5 786 237 20 0 0 0 
1642382150.729244 21.144140625 32.07240847446363 987.8376635770052 4 5 5 4 5 5 786 237 20 0 0 0 
1642382155.885144 21.14921875 32.19106805731579 987.8289204476409 4 5 5 4 5 5 795 237 22 0 0 0 
1642382161.0381496 21.154296875 32.26245290480052 987.8757777030977 4 5 5 4 5 5 795 237 22 0 0 0 
1642382166.1873083 21.164453125 32.071983834629854 987.8403954761368 4 5 5 4 5 5 795 237 22 0 0 0 
1642382171.336106 21.154296875 32.161113620095286 987.8353408748081 4 5 5 4 5 5 795 232 27 0 0 0 
1642382176.4871058 21.154296875 32.185119252980215 987.7982738176705 4 6 7 4 6 7 798 242 34 4 2 0 
1642382181.6411688 21.14921875 32.10799535756554 987.8110251165242 4 6 7 4 6 7 843 252 34 2 2 0 
1642382186.7958102 21.154296875 32.161429072456265 987.8204961826976 4 6 7 4 6 7 843 252 34 2 2 0 
1642382191.950318 21.164453125 32.13742302274527 987.855559283907 4 6 7 4 6 7 843 252 34 2 2 0 
1642382197.1069202 21.16953125 32.20891440843465 987.8431270447404 4 6 6 4 6 6 828 247 34 0 0 0 
1642382202.2607305 21.154296875 32.10778385798523 987.8083830117076 4 6 6 4 6 6 828 247 34 0 0 0 
1642382207.415284 21.154296875 32.149215624527756 987.810067877626 4 6 6 4 6 6 828 247 34 0 0 0 
1642382212.5689871 21.159375 32.13147405721826 987.8454500780962 4 5 5 4 5 5 780 233 32 0 0 0 
1642382217.7238107 21.159375 32.238449585560424 987.8218619410154 4 5 5 4 5 5 780 233 32 0 0 0 
1642382222.8793778 21.154296875 32.01259944037884 987.8353408748081 4 5 5 4 5 5 780 233 32 0 0 0 
1642382228.0340312 21.144140625 32.10204654554654 987.811343976523 4 5 5 4 5 5 744 221 32 0 0 0 
1642382233.189883 21.144140625 32.13763386036936 987.8413519827841 4 5 5 4 5 5 744 221 32 0 0 0 
1642382238.3439891 21.133984375 31.882149902021666 987.8413519827841 4 5 5 4 5 5 744 221 32 0 0 0 
1642382243.4979038 21.144140625 32.02492442114463 987.8089303557275 4 5 5 4 5 5 771 231 32 0 0 0 
1642382248.6566 21.1390625 32.0250310901278 987.7937674205372 4 5 5 4 5 5 771 231 32 0 0 0 
1642382253.8137739 21.123828125 31.96554311276954 987.7927197074737 4 5 5 4 5 5 771 231 32 0 0 0 
1642382258.9676178 21.123828125 32.23333515460067 987.79408599046 3 5 5 3 5 5 741 215 25 4 0 0 
1642382264.1201246 21.0931640625 32.10873526519067 987.8166242913778 3 5 5 3 5 5 696 204 21 2 0 0 
1642382269.2752655 21.123828125 32.15600616419002 987.7590248600628 3 5 5 3 5 5 696 204 21 2 0 0 
1642382274.4287064 21.12890625 32.26328442501767 987.7806079390916 3 5 5 3 5 5 696 204 21 2 0 0 
1642382279.58336 21.11875 32.257336291294415 987.7974555040028 3 4 4 3 4 4 675 185 25 2 0 0 
1642382284.7378478 21.123828125 32.185538654177336 987.761756798219 3 4 4 3 4 4 675 185 25 2 0 0 
1642382289.8925915 21.113671875 32.286869588491115 987.7610282232869 3 4 4 3 4 4 675 185 25 2 0 0 
1642382295.0469322 21.113671875 32.08483592727286 987.7593434951418 3 4 5 3 4 5 675 183 29 4 0 0 
1642382300.2005002 21.10859375 31.995394230349714 987.7755536709846 3 4 5 3 4 5 675 183 29 4 0 0 
1642382305.353697 21.113671875 32.13231769485601 987.7761907797441 3 4 5 3 4 5 675 183 29 4 0 0 
1642382310.5070405 21.1033203125 32.073151177504606 987.791353341877 3 4 5 3 4 5 675 190 22 4 0 0 
1642382315.6576738 21.0931640625 32.168427970535475 987.7572475898996 3 4 5 3 4 5 675 190 22 4 0 0 
1642382320.8129823 21.0880859375 32.239804290027294 987.7906231266918 3 4 5 3 4 5 675 190 22 4 0 0 
1642382325.9579077 21.0931640625 32.1982728948928 987.7687221796255 3 3 5 3 3 5 648 180 20 4 2 2 
1642382331.1043167 21.0728515625 32.13900324975221 987.7983152454076 3 3 5 3 3 5 648 180 20 4 2 2 
1642382336.2549007 21.0779296875 32.038206104738734 987.7531477014055 3 3 5 3 3 5 648 180 20 4 2 2 
1642382341.4091642 21.0880859375 32.21037772708549 987.761888623247 3 4 5 3 4 5 714 214 23 2 0 0 
1642382346.5655124 21.0779296875 32.07973526455678 987.7713608817041 3 4 5 3 4 5 714 214 23 2 0 0 
1642382351.7196302 21.0830078125 32.049889352343676 987.747775828177 4 4 4 4 4 4 744 229 28 0 0 0 
1642382356.874068 21.0779296875 32.24011665440936 987.738303955279 4 4 4 4 4 4 744 229 28 0 0 0 
1642382362.028724 21.0728515625 32.24022075422626 987.7444065359371 4 4 4 4 4 4 744 229 28 0 0 0 
1642382367.1829393 21.0779296875 32.00241167548716 987.7784172018945 4 5 5 4 5 5 765 231 30 0 0 0 
1642382372.3368556 21.0728515625 32.18074332535863 987.7831534136176 4 5 5 4 5 5 765 231 30 0 0 0 
1642382377.4907227 21.0576171875 32.038206104738734 987.7686271023315 4 5 5 4 5 5 765 231 30 0 0 0 
1642382382.647297 21.0626953125 32.21653426882982 987.7753655825369 4 4 4 4 4 4 765 229 25 0 0 0 
1642382387.7993197 21.0626953125 32.09768464103001 987.7089347442904 4 4 4 4 4 4 765 229 25 0 0 0 
1642382392.948392 21.0525390625 32.10979541597848 987.7271473801483 4 4 4 4 4 4 765 229 25 0 0 0 
1642382398.098289 21.0576171875 32.139533497626466 987.7476800271502 4 4 4 4 4 4 813 236 25 0 0 0 
1642382403.2465746 21.0626953125 32.127743639977446 987.757787498339 4 4 4 4 4 4 813 236 25 0 0 0 
1642382408.401018 21.0576171875 32.121585256306346 987.7372549276511 4 4 4 4 4 4 813 236 25 0 0 0 
1642382413.5577455 21.0626953125 32.15153372875815 987.7325188250959 4 5 5 4 5 5 882 248 27 2 0 0 
1642382418.7111561 21.0525390625 32.00095150262497 987.3786540271414 4 5 5 4 5 5 882 248 27 2 0 0 
1642382423.8686118 21.0474609375 32.13005847168513 987.7348383894154 4 5 5 4 5 5 822 237 33 0 0 0 
1642382429.0210934 21.0373046875 32.157481225178564 987.7628412348793 4 5 5 4 5 5 822 237 33 0 0 0 
1642382434.1755025 21.0423828125 32.17553321453595 987.7260981308725 4 5 5 4 5 5 822 237 33 0 0 0 
1642382439.3273194 21.0474609375 32.11605946285913 987.76010665692 4 5 5 4 5 5 822 237 33 0 0 0 
1642382444.4806094 21.0373046875 32.276532612849934 987.7402093296237 4 5 5 4 5 5 822 237 33 0 0 0 
1642382449.635607 21.0373046875 32.03863569656491 987.7203122280822 4 5 5 4 5 5 798 230 29 0 0 0 
1642382454.7902982 21.0423828125 32.14600666981406 987.7354729369463 4 5 5 4 5 5 798 230 29 0 0 0 
1642382459.947101 21.0322265625 32.134112172295765 987.7536856302021 4 5 5 4 5 5 798 230 29 0 0 0 
1642382465.102142 21.0373046875 32.015164929141484 987.7088378956317 3 4 4 3 4 4 747 211 22 0 0 0 
1642382470.250769 21.0271484375 32.223528280232586 987.6855721848601 3 4 4 3 4 4 747 211 22 0 0 0 
1642382475.3973212 21.0373046875 32.235110016450065 987.6704117389818 3 4 4 3 4 4 747 211 22 0 0 0 
1642382480.5511944 21.0220703125 32.02727273242042 987.7189449499444 3 4 4 3 4 4 732 208 29 0 0 0 
1642382485.6977603 21.0220703125 32.11053403282417 987.7206294592418 3 4 4 3 4 4 732 208 29 0 0 0 
1642382490.847713 21.0220703125 32.294994505044315 987.6923101626275 3 4 4 3 4 4 732 208 29 0 0 0 
1642382496.0014644 21.0068359375 32.24157706526581 987.708109900639 3 4 4 3 4 4 663 194 25 0 0 0 
1642382501.1562545 21.0169921875 31.920757717200594 987.3393993175898 3 4 4 3 4 4 663 194 25 0 0 0 
1642382506.3109572 21.0119140625 32.265467857627335 987.6609452161263 4 6 6 4 6 6 861 246 32 4 0 0 
1642382511.4655006 21.0068359375 32.12858600301176 987.6730534561087 4 6 6 4 6 6 861 246 32 4 0 0 
1642382516.6217725 21.0017578125 32.289357927411544 987.6996876315196 4 6 6 4 6 6 861 246 32 4 0 0 
1642382521.7788258 20.9966796875 31.96228038680592 987.691582289001 4 6 7 4 6 7 882 250 34 4 0 0 
1642382526.933326 20.9966796875 31.956333233820082 987.6750548458097 4 6 7 4 6 7 882 250 34 4 0 0 
1642382532.0879562 21.0068359375 32.14684704591842 987.6918991041043 4 6 7 4 6 7 882 250 34 4 0 0 
1642382537.237337 20.9966796875 32.063698309045414 987.6773728163716 4 6 6 4 6 6 846 241 32 4 0 0 
1642382542.385939 20.9966796875 32.14705703172204 987.638631670994 4 6 6 4 6 6 846 241 32 4 0 0 
1642382547.535806 20.9916015625 32.11127211937281 987.6513725958314 4 6 6 4 6 6 846 241 32 4 0 0 
1642382552.687413 20.9916015625 32.0635923536899 987.6534743377237 4 5 6 4 5 6 834 236 32 4 0 0 
1642382557.8401732 20.9966796875 32.11700810824355 987.6605288355677 4 5 6 4 5 6 834 236 32 4 0 0 
1642382562.988586 20.9916015625 32.016336811128 987.6773728163716 4 5 6 4 5 6 834 236 32 4 0 0 
1642382568.1404488 20.9916015625 32.06953918441646 987.6450522835523 3 5 5 3 5 5 714 201 32 4 0 0 
1642382573.2937589 20.9814453125 32.146952044231355 987.6767392713239 3 5 5 3 5 5 714 201 32 4 0 0 
1642382578.4474313 20.9865234375 32.05764551265627 987.6481040471075 3 5 5 3 5 5 714 201 32 4 0 0 
1642382583.6015434 20.9916015625 32.0635923536899 987.6302096877713 3 5 6 3 5 6 729 208 35 6 0 0 
1642382588.7573454 20.9916015625 32.140795271689925 987.6898978492968 3 4 4 3 4 4 720 206 16 2 0 0 
1642382593.9119873 20.9814453125 31.938706527498937 987.6005249162152 3 4 4 3 4 4 720 206 16 2 0 0 
1642382599.0665007 21.0017578125 32.141005415855346 987.598206167495 3 4 4 3 4 4 720 206 16 2 0 0 
1642382604.222221 20.9916015625 32.039592437635456 987.6242047554742 3 4 4 3 4 4 720 206 16 2 0 0 
1642382609.3758135 21.0017578125 32.22968344447532 987.6363130783137 3 4 4 3 4 4 735 210 16 2 0 0 
1642382614.5289807 20.9916015625 32.17084316872559 987.6318940842757 3 4 4 3 4 4 735 210 16 2 0 0 
1642382619.6784246 20.9916015625 32.04564562840306 987.6514728959645 3 4 4 3 4 4 735 210 16 2 0 0 
1642382624.8275783 20.9916015625 32.12316546888633 987.6052609395738 3 4 4 3 4 4 714 208 18 2 0 0 
1642382629.9781559 20.9916015625 32.04564562840306 987.6295753834013 3 4 4 3 4 4 714 208 18 2 0 0 
1642382635.1318064 20.9966796875 32.06953918441646 987.590418708935 3 4 4 3 4 4 714 208 18 2 0 0 
1642382640.286601 20.9814453125 31.82571067283008 987.6099969351814 3 5 5 3 5 5 708 203 20 4 0 0 
1642382645.4381742 20.9916015625 31.81381615589015 987.6271579096658 3 5 5 3 5 5 708 203 20 4 0 0 
1642382650.591223 20.9916015625 32.11742944703298 987.6190529694443 3 5 5 3 5 5 708 203 20 4 0 0 
1642382655.7445133 20.9865234375 32.17084316872559 987.6224217073058 3 4 4 3 4 4 699 208 22 2 0 0 
1642382660.8973384 20.9865234375 32.087273922021204 987.643684861768 3 4 4 3 4 4 699 208 22 2 0 0 
1642382666.0519664 20.9865234375 31.98033564127568 987.6184189142015 3 4 4 3 4 4 699 208 22 2 0 0 
1642382671.206499 20.9865234375 31.861285685662196 987.6464196227839 3 5 5 3 5 5 699 204 32 2 0 0 
1642382676.361435 20.9814453125 31.938921298688367 987.6173686006188 3 4 4 3 4 4 672 190 25 2 0 0 
1642382681.5159972 20.9763671875 32.02833655006905 987.6035765577493 3 4 4 3 4 4 672 190 25 2 0 0 
1642382686.6705709 20.9712890625 32.064016110176574 987.6160011220003 3 4 4 3 4 4 672 190 25 2 0 0 
1642382691.8231657 20.9712890625 31.86182703051864 987.5994744898867 3 4 4 3 4 4 651 188 25 2 0 0 
1642382696.9766436 20.9712890625 31.98033564127568 987.6022092843403 3 4 4 3 4 4 651 188 25 2 0 0 
1642382702.1300874 20.9712890625 32.00454997054154 987.629475965532 3 4 4 3 4 4 651 188 25 2 0 0 
1642382707.2881033 20.9712890625 31.992549875694962 987.62073733834 3 4 5 3 4 5 630 183 27 4 2 0 
1642382712.4387245 20.9763671875 32.09374879351442 987.619369832463 3 4 5 3 4 5 630 183 27 4 2 0 
1642382717.5906928 20.9712890625 32.099800801162644 987.6160011220003 3 4 5 3 4 5 630 183 27 4 2 0 
1642382722.7462564 20.9712890625 32.11169364502247 987.6281082953365 3 4 5 3 4 5 657 185 27 4 2 0 
1642382727.8973217 20.9712890625 32.11158827984363 987.5930539873444 3 4 5 3 4 5 657 185 27 4 2 0 
1642382733.0519438 20.9662109375 31.909725039633766 987.5933707381222 3 4 5 3 4 5 657 185 27 4 2 0 
1642382738.2065418 20.9712890625 32.04022977799605 987.6196865857501 3 4 5 3 4 5 642 178 25 4 2 0 
1642382743.3612065 20.9611328125 32.03460189834842 987.5950550516604 3 4 5 3 4 5 642 178 25 4 2 0 
1642382748.5173163 20.9662109375 32.01686905184826 987.5835815807706 3 4 5 3 4 5 642 178 25 4 2 0 
1642382753.6719854 20.9560546875 32.03460189834842 987.5944214674965 4 5 5 4 5 5 858 242 31 0 0 0 
1642382758.826071 20.9560546875 31.873937024289642 987.5900021112556 4 5 5 4 5 5 858 242 31 0 0 0 
1642382763.9807446 20.9560546875 32.01665618802839 987.6034766204026 3 5 5 3 5 5 813 230 31 0 0 0 
1642382769.133139 20.9560546875 32.147686729399084 987.5636867669197 3 5 5 3 5 5 813 230 31 0 0 0 
1642382774.2895186 20.9560546875 32.10022270053453 987.6041096300776 3 5 5 3 5 5 813 230 31 0 0 0 
1642382779.4454248 20.9458984375 31.933833576710356 987.5764261476422 3 5 5 3 5 5 741 213 29 0 0 0 
1642382784.599657 20.9255859375 32.124217591147435 987.6044259703349 3 5 5 3 5 5 741 213 29 0 0 0 
1642382789.7487764 20.9357421875 31.951886948501325 987.6020058678185 3 5 5 3 5 5 741 213 29 0 0 0 
1642382794.897328 20.9306640625 32.14810631140569 987.6124271108241 3 5 5 3 5 5 741 213 29 2 0 0 
1642382800.049471 20.9255859375 31.981511082905655 987.6188481956113 3 5 5 3 5 5 741 213 29 2 0 0 
1642382805.2038047 20.7375 32.213406144740965 987.5713734131443 3 5 5 3 5 5 741 213 29 2 0 0 
1642382810.3583636 20.9357421875 31.934048268172287 987.6047422008755 3 4 4 3 4 4 735 211 22 2 0 0 
1642382815.5126898 20.9205078125 31.838798639288935 987.5761097963125 3 4 4 3 4 4 735 211 22 2 0 0 
1642382820.6673057 20.9408203125 32.124217591147435 987.5797946376576 3 4 4 3 4 4 735 211 22 2 0 0 
1642382825.8213155 20.9306640625 32.052759095094814 987.6269535272861 3 4 4 3 4 4 714 200 20 2 0 0 
1642382830.9758298 20.9408203125 32.21330200657744 987.5862153485531 3 4 4 3 4 4 714 200 20 2 0 0 
1642382836.1309958 20.9357421875 32.076649414552946 987.589583866527 2 4 4 2 4 4 630 177 15 2 0 0 
1642382841.2867632 20.9357421875 32.011348546489565 987.5696891684518 2 4 4 2 4 4 630 177 15 2 0 0 
1642382846.4386976 20.9306640625 31.933833576710356 987.5396893158753 2 4 4 2 4 4 630 177 15 2 0 0 
1642382851.5912552 20.9306640625 31.99913651196008 987.5862153485531 2 4 4 2 4 4 615 172 19 2 0 0 
1642382856.7454991 20.9306640625 31.933833576710356 987.589583866527 2 4 4 2 4 4 615 172 19 2 0 0 
1642382861.8997302 20.9357421875 31.939672656925453 987.6077945169674 2 4 4 2 4 4 615 172 19 2 0 0 
1642382867.0539064 20.9306640625 32.01113563252441 987.5889510516661 2 3 3 2 3 3 552 155 12 2 0 0 
1642382872.207902 20.9357421875 32.13005847168513 987.6097949802523 2 3 3 2 3 3 552 155 12 2 0 0 
1642382877.3613458 20.9357421875 31.99913651196008 987.550845926741 2 3 3 2 3 3 552 155 12 2 0 0 
1642382882.5148652 20.9357421875 31.96356534273297 987.5356876125616 2 3 3 2 3 3 546 151 14 2 0 0 
1642382887.668892 20.9509765625 32.14789654204686 987.5670553373088 2 3 3 2 3 3 546 151 14 2 0 0 
1642382892.8219752 20.9458984375 32.052759095094814 987.5620024818303 2 3 3 2 3 3 546 151 14 2 0 0 
1642382897.975928 20.9560546875 32.106063463927555 987.5653710520793 2 3 3 2 3 3 570 161 14 2 0 0 
1642382903.1314223 20.9408203125 32.02897432116853 987.5522135333517 2 3 3 2 3 3 570 161 14 2 0 0 
1642382908.286016 20.9357421875 31.803119600982424 987.5592672148473 2 3 3 2 3 3 570 161 14 2 0 0 
1642382913.4406002 20.9357421875 31.862476287175998 987.5562152134323 3 4 4 3 4 4 612 178 21 2 0 0 
1642382918.5954394 20.9408203125 32.00540243305979 987.5643199885517 4 6 6 4 6 6 873 255 28 0 0 0 
1642382923.746576 20.9205078125 32.10053901142804 987.5683212332416 4 6 6 4 6 6 873 255 28 0 0 0 
1642382928.9015288 20.9306640625 31.86863898020646 987.5615843096874 4 6 6 4 6 6 873 255 28 0 0 0 
1642382934.0554457 20.9255859375 31.88647800057522 987.559583701767 4 5 5 4 5 5 843 246 26 0 0 0 
1642382939.2095625 20.9255859375 31.827122798834186 987.5716896954386 4 5 5 4 5 5 843 246 26 0 0 0 
1642382944.3629322 20.9306640625 32.112536176847705 987.5430577756914 4 5 5 4 5 5 843 246 26 0 0 0 
1642382949.5162282 20.9255859375 32.08854152052839 987.554847387254 4 5 5 4 5 5 843 248 26 0 0 0 
1642382954.6673265 20.9357421875 31.838907073507173 987.5649527713246 4 5 5 4 5 5 843 248 26 0 0 0 
1642382959.8204792 20.6103515625 31.89847836900109 987.1389152233501 4 5 5 4 5 5 843 248 26 0 0 0 
1642382964.9737694 20.9205078125 31.93415559766866 987.5228470209961 4 5 5 4 5 5 780 229 28 2 0 0 
1642382970.1281857 20.9205078125 31.844853475455498 987.5110574187476 4 5 5 4 5 5 780 229 28 2 0 0 
1642382975.2806745 20.9255859375 31.83901549690198 987.5299004496659 4 5 5 4 5 5 780 229 28 2 0 0 
1642382980.4355395 20.9306640625 31.916209495105143 987.5174776177172 4 5 5 4 5 5 810 239 28 2 0 0 
1642382985.5892305 20.9509765625 31.85058326132105 987.5397898168188 4 5 5 4 5 5 810 239 28 2 0 0 
1642382990.742666 20.9408203125 31.832526585958206 987.5316853621953 4 5 5 4 5 5 810 239 28 2 0 0 
1642382995.8965647 20.9357421875 31.874369271812125 987.5182110940856 4 6 6 4 6 6 861 251 31 2 0 0 
1642383001.0428624 20.9509765625 31.743434623954126 987.5107406483309 3 6 7 3 6 7 747 216 45 4 2 0 
1642383006.1914537 20.9509765625 31.767112362726607 987.5050539706979 3 6 6 3 6 6 720 209 47 2 0 0 
1642383011.34269 20.9408203125 31.874261226166446 987.4898955515054 3 6 6 3 6 6 720 209 47 2 0 0 
1642383016.4889278 20.9408203125 31.85069156962201 987.5084225090667 3 6 6 3 6 6 720 209 47 2 0 0 
1642383021.6365988 20.9408203125 31.606989360219913 987.498316894801 3 5 5 3 5 5 678 192 45 2 0 0 
1642383026.79466 20.9255859375 31.85058326132105 987.4817914303082 3 5 5 3 5 5 678 192 45 2 0 0 
1642383031.9525812 20.9509765625 31.83263512101749 987.4848427463683 3 5 5 3 5 5 678 192 45 2 0 0 
1642383037.10636 20.9662109375 31.648174216790842 987.5138906927666 3 5 5 3 5 5 669 192 38 2 0 0 
1642383042.2608397 20.9662109375 31.856096711443392 987.5094724695091 3 5 5 3 5 5 669 192 38 2 0 0 
1642383047.4152515 20.9611328125 32.00476315110784 987.470733669857 3 5 5 3 5 5 669 192 38 2 0 0 
1642383052.5694559 20.9662109375 31.814468954104335 987.4630431066067 3 5 5 3 5 5 684 192 36 2 0 0 
1642383057.724217 20.9560546875 31.61832802884513 987.4858923261783 3 5 5 3 5 5 684 192 36 2 0 0 
1642383062.8795578 20.9560546875 31.779005950606237 987.4808394401075 3 5 5 3 5 5 684 192 36 2 0 0 
1642383068.0340526 20.9611328125 31.83847327169364 987.4693669097605 3 4 4 3 4 4 705 192 29 2 0 0 
1642383073.1893673 20.9560546875 31.67185178376071 987.4687317306368 3 4 4 3 4 4 705 192 29 2 0 0 
1642383078.342907 20.9560546875 31.82636265058661 987.4390498594589 3 4 4 3 4 4 705 192 29 2 0 0 
1642383083.4972687 20.9408203125 31.898047345257105 987.4842080307513 3 4 4 3 4 4 684 201 17 0 0 0 
1642383088.6473222 20.9408203125 31.826579889917593 987.4643140664678 3 4 4 3 4 4 678 199 15 0 0 0 
1642383093.7973366 20.9509765625 31.81468646692083 987.4575769430579 3 4 4 3 4 4 678 199 15 0 0 0 
1642383098.949085 20.9611328125 31.737268572839593 987.4737846559137 3 4 4 3 4 4 678 199 15 0 0 0 
1642383104.0998938 20.9408203125 31.8206331835718 987.4811568798947 3 4 4 3 4 4 714 206 19 0 0 0 
1642383109.2552173 20.9509765625 31.74332506330519 987.4491555403714 3 4 4 3 4 4 714 206 19 0 0 0 
1642383114.4078023 20.742578125 31.75871912535759 987.4666331419702 3 4 4 3 4 4 714 206 19 0 0 0 
1642383119.5625305 20.9357421875 31.8208505163513 987.4396850878203 3 4 4 3 4 4 735 213 21 0 0 0 
1642383124.7170544 20.9306640625 31.743653712780603 987.446422099677 3 4 4 3 4 4 735 213 21 0 0 0 
1642383129.872958 20.9408203125 31.921940798168364 987.4767386668987 3 4 4 3 4 4 735 213 21 0 0 0 
1642383135.0273018 20.9408203125 31.612825131563024 987.4430535936085 3 4 4 3 4 4 786 222 19 0 0 0 
1642383140.181312 20.9458984375 31.683966337794015 987.4508398207687 3 4 4 3 4 4 786 222 19 0 0 0 
1642383145.3359807 20.9408203125 31.767549446397013 987.446422099677 3 4 4 3 4 4 786 222 19 0 0 0 
1642383150.4903967 20.9306640625 31.8208505163513 987.4450552555357 3 4 4 3 4 4 771 215 12 0 0 0 
1642383155.639601 20.9408203125 31.6244970211396 987.4093685483311 3 4 4 3 4 4 771 215 12 0 0 0 
1642383160.7922428 20.9408203125 31.77922424059597 987.428212864284 3 4 4 3 4 4 771 215 12 0 0 0 
1642383165.937342 20.9357421875 31.696190335477148 987.443688328868 3 3 3 3 3 3 549 159 22 0 0 0 
1642383171.0906463 20.9205078125 31.54157383819247 987.4187423554949 3 3 3 3 3 3 549 159 22 0 0 0 
1642383176.2404337 20.9205078125 31.68451739745811 987.4089544674207 3 3 3 3 3 3 570 161 22 0 0 0 
1642383181.391092 20.9255859375 31.666898494678986 987.4176926551737 3 3 3 3 3 3 570 161 22 0 0 0 
1642383186.545866 20.9205078125 31.957833154669203 987.4332655809242 3 3 3 3 3 3 570 161 22 0 0 0 
1642383191.6973345 20.9205078125 31.726033201162295 987.4537936852071 3 4 4 3 4 4 591 164 22 2 0 0 
1642383196.8519406 20.91015625 31.88647800057522 987.4106386647138 3 4 4 3 4 4 591 164 22 2 0 0 
1642383202.0064733 20.9154296875 31.55369106228991 987.4207438499433 3 4 4 3 4 4 591 164 22 2 0 0 
1642383207.1573212 20.9255859375 31.77393260899436 987.4386356516442 3 4 4 3 4 4 612 169 20 2 0 0 
1642383212.3114402 20.9154296875 31.58375875141257 987.4257964435034 3 4 4 3 4 4 612 169 20 2 0 0 
1642383217.465497 20.9205078125 31.53585072110319 987.4723201783761 3 4 4 3 4 4 612 169 20 2 0 0 
1642383222.620144 20.9154296875 31.845070174680863 987.4002160361233 3 4 4 3 4 4 633 178 25 2 0 0 
1642383227.7731779 20.9154296875 31.72008666150444 987.4561120180991 3 4 4 3 4 4 633 178 25 2 0 0 
1642383232.9311955 20.91015625 31.67890156508938 987.4109559195363 3 4 4 3 4 4 633 178 25 2 0 0 
1642383238.0874522 20.9154296875 31.791444457334855 987.3904283018178 3 4 4 3 4 4 612 175 25 2 0 0 
1642383243.2420356 20.9154296875 31.49433526533673 987.4190596522299 3 4 4 3 4 4 612 175 25 2 0 0 
1642383248.3963678 20.91015625 31.62505149969825 987.4453725547495 2 5 5 2 5 5 591 167 32 4 0 0 
1642383253.5505555 20.9154296875 31.821285052028298 987.4025350015645 2 5 5 2 5 5 591 167 32 4 0 0 
1642383258.703851 20.9154296875 31.613269196498575 987.4079047243732 2 5 5 2 5 5 591 167 32 4 0 0 
1642383263.8578508 20.9154296875 31.67262430033623 987.4072702701975 2 4 4 2 4 4 549 157 28 4 0 0 
1642383269.0103385 20.91015625 31.815556085245895 987.4227452076374 2 4 4 2 4 4 549 157 28 4 0 0 
1642383274.1625214 20.905078125 31.761821524133584 987.4227452076374 2 4 4 2 4 4 549 157 28 4 0 0 
1642383279.316856 20.9154296875 31.815447420837582 987.3644337412677 3 4 4 3 4 4 585 169 23 4 0 0 
1642383284.4704576 20.905078125 31.649059151072823 987.3961155355948 3 4 4 3 4 4 585 169 23 4 0 0 
1642383289.6237729 20.9 31.768204747191476 987.39643269304 3 4 4 3 4 4 585 169 23 4 0 0 
1642383294.7784042 20.894921875 31.87523324733912 987.4247464285801 2 4 4 2 4 4 606 169 23 4 0 0 
1642383299.9356258 20.91015625 31.720415969119873 987.3876946885683 2 4 4 2 4 4 606 169 23 4 0 0 
1642383305.0887349 20.884765625 31.75058509654486 987.3650682422925 2 4 4 2 4 4 606 169 23 4 0 0 
1642383310.24044 20.9 31.566253691439712 987.3849607452606 2 4 4 2 4 4 597 169 21 4 0 0 
1642383315.3899066 20.9 31.49467230329074 987.3664351877964 2 4 4 2 4 4 597 169 21 4 0 0 
1642383320.5452788 20.88984375 31.68517831186214 987.3566476052983 2 4 4 2 4 4 597 169 21 4 0 0 
1642383325.694585 20.9 31.738693046596367 987.4203277421293 3 3 3 3 3 3 603 169 19 2 0 0 
1642383330.8475254 20.8796875 31.64950135843385 987.4119070257882 2 3 3 2 3 3 555 157 20 0 0 0 
1642383336.0023563 20.874609375 31.70896274143412 987.3788582426238 2 3 3 2 3 3 555 157 20 0 0 0 
1642383341.1576676 20.762890625 31.456991879207095 987.2650981857066 2 3 3 2 3 3 555 157 20 0 0 0 
1642383346.3139267 20.874609375 31.69002154517985 987.0152787829703 2 3 3 2 3 3 543 154 20 0 0 0 
1642383351.4673803 20.9 31.601820427629765 987.3920142924371 2 3 3 2 3 3 543 154 20 0 0 0 
1642383356.6232061 20.894921875 31.57197716043418 987.4065376304305 2 3 3 2 3 3 543 154 20 0 0 0 
1642383361.7806094 20.894921875 31.804207558380877 987.3855947014855 2 3 3 2 3 3 558 152 22 0 0 0 
1642383366.9351053 20.874609375 31.709182412635148 987.4192770125989 2 3 3 2 3 3 558 152 22 0 0 0 
1642383372.0898314 20.884765625 31.7923158306186 987.3758069085383 2 3 3 2 3 3 558 152 22 0 0 0 
1642383377.2446227 20.884765625 31.608099773382037 987.4058040847926 2 3 3 2 3 3 585 159 24 0 0 0 
1642383382.3976393 20.8796875 31.637608958205668 987.415592101018 2 3 3 2 3 3 585 159 24 0 0 0 
1642383387.555678 20.905078125 31.661172908931334 987.4065376304305 2 3 3 2 3 3 585 159 24 0 0 0 
1642383392.7092552 20.88984375 31.590038945199197 987.3973835071893 3 4 4 3 4 4 636 175 24 0 0 0 
1642383397.8675194 20.8796875 31.673286035262084 987.3771741280834 3 4 4 3 4 4 636 175 24 0 0 0 
1642383403.0253012 20.874609375 31.519018744388003 987.378124443117 3 4 4 3 4 4 636 175 24 0 0 0 
1642383408.18118 20.88984375 31.643555163470932 987.4085387397421 3 3 5 3 3 5 621 175 24 2 2 0 
1642383413.3361175 20.8796875 31.73285657368075 987.4159087802274 3 4 4 3 4 4 666 193 19 2 0 0 
1642383418.491002 20.884765625 31.72096459866789 987.406854596824 3 4 4 3 4 4 657 195 19 0 0 0 
1642383423.6473234 20.82890625 31.69685055925277 987.4135911689165 3 4 4 3 4 4 657 195 19 0 0 0 
1642383428.8016264 20.884765625 31.67901178045473 987.4250633555266 3 4 4 3 4 4 657 195 19 0 0 0 
1642383433.9598475 20.88984375 31.64950135843385 987.3886460351886 3 5 5 3 5 5 720 209 26 0 0 0 
1642383439.1143737 20.91015625 31.459218009657963 987.4183267272387 3 5 5 3 5 5 720 209 26 0 0 0 
1642383444.267994 20.9 31.459218009657963 987.4058040847926 3 5 5 3 5 5 720 209 26 0 0 0 
1642383449.422497 20.884765625 31.530463598520058 987.4135911689165 3 4 4 3 4 4 693 197 24 0 0 0 
1642383454.5773036 20.9 31.673175773167948 987.4617982024839 3 4 4 3 4 4 693 197 24 0 0 0 
1642383459.7299268 20.9 31.720745179320335 987.4247464285801 3 4 4 3 4 4 693 197 24 0 0 0 
1642383464.8812068 20.9 31.500506625804316 987.3903301637779 3 4 4 3 4 4 720 202 24 0 0 0 
1642383470.0302653 20.905078125 31.434866754227034 987.4180097460571 3 4 4 3 4 4 720 202 24 0 0 0 
1642383475.175666 20.91015625 31.577700849352173 987.4328503144553 3 4 4 3 4 4 720 202 24 0 0 0 
1642383480.3259792 20.905078125 31.524069134509386 987.426430599386 3 4 4 3 4 4 729 198 20 0 0 0 
1642383485.4785962 20.91015625 31.36361704214861 987.4325332358973 3 4 4 3 4 4 729 198 20 0 0 0 
1642383490.6332512 20.91015625 31.648837982447336 987.4072702701975 3 4 4 3 4 4 729 198 20 0 0 0 
1642383495.7879906 20.7220703125 31.443751747244274 987.3417084273146 4 5 5 4 5 5 717 218 25 0 0 0 
1642383500.9425187 20.9205078125 31.482441645542995 987.4103213001847 4 5 5 4 5 5 726 214 23 0 0 0 
1642383506.0946863 20.9255859375 31.268004509954103 987.4221107781092 4 5 5 4 5 5 726 214 23 0 0 0 
1642383511.2487383 20.9306640625 31.38088948041889 987.4127370515982 4 5 5 4 5 5 726 214 23 0 0 0 
1642383516.4032967 20.9306640625 31.46403748253626 987.434632329663 4 5 5 4 5 5 696 207 19 0 0 0 
1642383521.5577939 20.9205078125 31.50016976052819 987.4015827045921 4 5 5 4 5 5 696 207 19 0 0 0 
1642383526.7122164 20.9255859375 31.30368870231937 987.4501079742768 4 5 5 4 5 5 696 207 19 0 0 0 
1642383531.8607776 20.9408203125 31.368881074923923 987.4181074328944 4 5 5 4 5 5 696 207 26 0 0 0 
1642383537.0112505 20.9357421875 31.351267048435954 987.4231601482742 4 5 5 4 5 5 696 207 26 0 0 0 
1642383542.163432 20.9408203125 31.452368844283946 987.4447378466077 4 5 5 4 5 5 696 207 26 0 0 0 
1642383547.3196576 20.9255859375 31.475931848003086 987.4618976537902 3 5 5 3 5 5 666 196 28 0 0 0 
1642383552.4740992 20.9306640625 31.339144156547963 987.4366340590344 3 5 5 3 5 5 666 196 28 0 0 0 
1642383557.6285052 20.9408203125 31.333196741958652 987.4278953197671 3 5 5 3 5 5 666 196 28 0 0 0 
1642383562.7836545 20.9458984375 31.368767217043082 987.4514748593049 3 4 4 3 4 4 666 192 28 0 0 0 
1642383567.9381561 20.9408203125 31.374600837876404 987.4056822148443 3 4 4 3 4 4 666 192 28 0 0 0 
1642383573.0924475 20.9408203125 31.38066204903861 987.435998995873 3 4 4 3 4 4 666 192 28 0 0 0 
1642383578.249392 20.9408203125 31.362933711858144 987.424844386874 3 5 5 3 5 5 747 211 31 4 0 0 
1642383583.3973298 20.9458984375 31.20818295071833 987.4309461974591 3 5 5 3 5 5 747 211 31 4 0 0 
1642383588.5518343 20.9509765625 31.148705390109523 987.4441026996001 3 5 5 3 5 5 747 209 29 4 0 0 
1642383593.7063882 20.9408203125 31.481879015279436 987.4396850878203 3 5 5 3 5 5 747 209 29 4 0 0 
1642383598.864749 20.9408203125 31.410398948690915 987.4433710160953 3 5 5 3 5 5 747 209 29 4 0 0 
1642383604.021105 20.9408203125 31.20841434884751 987.424844386874 3 4 4 3 4 4 648 183 22 2 0 0 
1642383609.16802 20.9357421875 31.351153007036874 987.4430535936085 3 4 4 3 4 4 648 183 22 2 0 0 
1642383614.3128922 20.9458984375 31.315468898930934 987.4517922139971 3 4 4 3 4 4 648 183 22 2 0 0 
1642383619.4635792 20.9306640625 31.333310999354023 987.4116880504268 3 4 4 3 4 4 639 179 22 2 0 0 
1642383624.6198306 20.9306640625 31.333310999354023 987.4548433660736 3 4 4 3 4 4 639 179 22 2 0 0 
1642383629.774037 20.9306640625 31.469984670422026 987.4396850878203 3 4 4 3 4 4 639 179 22 2 0 0 
1642383634.928024 20.9306640625 31.238267399616607 987.4571621378802 2 3 3 2 3 3 612 170 20 2 0 0 
1642383640.082055 20.9306640625 31.149054522969017 987.4433710160953 2 3 3 2 3 3 612 170 20 2 0 0 
1642383645.2361968 20.9306640625 31.398731240794454 987.4683173959498 2 3 3 2 3 3 612 170 20 2 0 0 
1642383650.3908434 20.91015625 31.500057450453326 987.4265286255442 2 4 4 2 4 4 642 181 22 2 0 0 
1642383655.5444446 20.9205078125 31.309750540957737 987.4352672005116 2 4 4 2 4 4 642 181 22 2 0 0 
1642383660.6994655 20.9306640625 31.25027746790083 987.4271634125558 3 5 5 3 5 5 810 222 20 2 0 0 
1642383665.8542466 20.9205078125 31.232550732649404 987.4692687241211 3 5 5 3 5 5 810 222 20 2 0 0 
1642383671.0072575 20.9255859375 31.381116868498317 987.4669503746322 3 5 5 3 5 5 810 222 20 2 0 0 
1642383676.1629918 20.9408203125 31.374828427684992 987.4380008350312 3 5 5 3 5 5 774 212 20 2 0 0 
1642383681.3173368 20.9458984375 31.291449804340235 987.4693669097605 3 5 5 3 5 5 774 212 20 2 0 0 
1642383686.4687998 20.9408203125 31.24363837175345 987.4575769430579 3 5 5 3 5 5 774 212 20 2 0 0 
1642383691.6159637 20.9509765625 31.25564908910396 987.445786979787 2 4 4 2 4 4 624 179 16 2 0 0 
1642383696.7636728 20.9458984375 31.303115651433295 987.4441026996001 2 4 4 2 4 4 624 179 16 2 0 0 
1642383701.9180095 20.9408203125 31.291449804340235 987.446422099677 2 4 4 2 4 4 624 179 16 2 0 0 
1642383707.0720584 20.9560546875 31.267544449474435 987.443784961515 3 4 4 3 4 4 630 186 12 0 0 0 
1642383712.2263591 20.9611328125 31.32072974859822 987.4684139764867 3 4 4 3 4 4 630 186 12 0 0 0 
1642383717.3803897 20.9560546875 31.118499193351223 987.487259126401 3 4 4 3 4 4 630 186 12 0 0 0 
1642383722.5344656 20.9611328125 31.19570815230038 987.460310189909 3 3 3 3 3 3 621 179 10 0 0 0 
1642383727.6882699 20.9662109375 31.106485985955352 987.4246216312874 3 3 3 3 3 3 621 179 10 0 0 0 
1642383732.8431993 20.9763671875 31.30860496072074 987.4741975064421 3 3 3 3 3 3 621 179 10 0 0 0 
1642383737.9981072 20.9763671875 31.27280210907231 987.4863059822114 2 3 3 2 3 3 579 165 12 0 0 0 
1642383743.1561017 20.9712890625 31.350240286132284 987.4708287809079 3 3 3 3 3 3 651 169 18 0 0 0 
1642383748.310438 20.9763671875 31.005128526618318 987.4539851574395 3 3 3 3 3 3 651 169 18 0 0 0 
1642383753.4648883 20.9814453125 31.022974081430874 987.4590382437445 3 3 3 3 3 3 651 169 18 0 0 0 
1642383758.619343 20.9814453125 31.147890367856277 987.4657756931321 3 3 3 3 3 3 666 176 16 0 0 0 
1642383763.7715275 20.9814453125 31.207372716250568 987.480934958351 3 3 3 3 3 3 666 176 16 0 0 0 
1642383768.923105 20.9712890625 31.23711350395032 987.4509346525213 3 3 3 3 3 3 666 176 16 0 0 0 
1642383774.0764399 20.9814453125 30.987282879046383 987.4741975064421 2 3 3 2 3 3 639 172 20 0 0 0 
1642383779.2286139 20.9814453125 31.350126147305197 987.4964120820819 2 3 3 2 3 3 639 172 20 0 0 0 
1642383784.3800497 20.9814453125 31.08852413702481 987.4846216324783 2 3 3 2 3 3 639 172 20 0 0 0 
1642383789.5349426 20.9763671875 31.21950033835965 987.5028316847939 2 3 3 2 3 3 624 177 20 0 0 0 
1642383794.6893644 20.9662109375 31.029158232741658 987.4488378429636 2 3 3 2 3 3 624 177 20 0 0 0 
1642383799.8441286 20.9662109375 31.029158232741658 987.4899924792298 2 3 3 2 3 3 624 177 20 0 0 0 
1642383804.9968145 20.9712890625 31.07674474853411 987.5088377217696 3 3 3 3 3 3 624 175 20 0 0 0 
1642383810.1526008 20.9662109375 31.326563135013718 987.5031494833961 3 3 3 3 3 3 624 175 20 0 0 0 
1642383815.3070362 20.9662109375 31.17203197032903 987.4970474585616 3 3 3 3 3 3 624 175 20 0 0 0 
1642383820.4615 20.9662109375 31.077213737060823 987.5155750165721 3 4 4 3 4 4 639 184 20 0 0 0 
1642383825.6176786 20.9662109375 31.302771690995414 987.5071533982441 2 3 3 2 3 3 594 158 23 0 0 0 
1642383830.772227 20.9611328125 31.11278472895148 987.5256809608773 2 3 4 2 3 4 636 175 23 2 0 0 
1642383835.9279788 20.9611328125 30.940050574480566 987.4990492917539 2 3 4 2 3 4 636 175 23 2 0 0 
1642383841.0773258 20.9712890625 31.290646272494243 987.5604174398136 2 3 4 2 3 4 636 175 23 2 0 0 
1642383846.2286358 20.9712890625 31.183811997433995 987.4802042313604 3 4 5 3 4 5 678 191 32 2 0 0 
1642383851.3754907 20.9712890625 31.118615967095227 987.4973649822078 3 4 5 3 4 5 678 191 32 2 0 0 
1642383856.5282996 20.9763671875 31.070796470131494 987.5206279884095 3 4 5 3 4 5 678 191 32 2 0 0 
1642383861.6833591 20.9865234375 31.106252110737742 987.5274616334516 3 4 4 3 4 4 642 182 30 2 0 0 
1642383866.8345993 20.9966796875 31.088055479176436 987.5372501448194 3 4 4 3 4 4 642 182 30 2 0 0 
1642383871.989344 21.0119140625 31.111615928597764 987.527873723734 3 4 4 3 4 4 642 182 30 2 0 0 
1642383877.143949 21.0017578125 31.06426101815727 987.5197697999938 3 4 4 3 4 4 675 185 32 2 0 0 
1642383882.2980905 21.0119140625 31.159321501995237 987.5251412555695 3 4 4 3 4 4 675 185 32 2 0 0 
1642383887.4534142 21.0017578125 30.897814542992432 987.5268256748499 3 4 4 3 4 4 675 185 32 2 0 0 
1642383892.6118386 21.0017578125 31.189296116578976 987.5234568363594 3 4 5 3 4 5 690 188 32 4 0 0 
1642383897.7665474 21.0017578125 31.052246123867715 987.5251412555695 3 4 5 3 4 5 690 188 32 4 0 0 
1642383902.917329 20.9916015625 30.98692788088764 987.5066126481096 3 4 5 3 4 5 690 188 32 4 0 0 
1642383908.0712903 21.0017578125 31.004892282431413 987.5167191602189 3 4 4 3 4 4 660 197 19 0 0 0 
1642383913.2243855 21.0017578125 30.98109751782071 987.4971425852559 3 3 3 3 3 3 660 192 19 0 0 0 
1642383918.382521 21.0068359375 31.01084094781642 987.5318789331109 3 3 3 3 3 3 660 192 19 0 0 0 
1642383923.5390677 20.9966796875 31.052598897196585 987.5392523805452 3 3 3 3 3 3 660 192 19 0 0 0 
1642383928.6881754 20.9865234375 30.969081524911612 987.5196753285741 3 3 3 3 3 3 681 194 19 0 0 0 
1642383933.8386023 20.9966796875 31.046768010221925 987.4806168737435 3 3 3 3 3 3 681 194 19 0 0 0 
1642383938.9904664 20.9865234375 31.20119279800358 987.5321969266058 3 3 3 3 3 3 681 194 19 0 0 0 
1642383944.1454775 20.9966796875 30.909473758029577 987.5224084571765 3 4 4 3 4 4 675 194 21 2 0 0 
1642383949.3000073 20.9865234375 31.06426101815727 987.5294638268127 3 4 4 3 4 4 675 194 21 2 0 0 
1642383954.4546897 20.9966796875 30.951472573299778 987.5078847771927 3 4 4 3 4 4 675 194 21 2 0 0 
1642383959.6076894 20.742578125 31.08234136676098 987.5139864981185 3 4 4 3 4 4 684 194 16 2 0 0 
1642383964.7628086 20.9865234375 30.969200073672937 987.5362013422035 3 4 4 3 4 4 684 194 16 2 0 0 
1642383969.9166682 20.9865234375 30.766816340554303 987.5487231318673 3 4 4 3 4 4 684 194 16 2 0 0 
1642383975.0708644 20.9966796875 31.16561891073242 987.5072489321329 3 4 4 3 4 4 708 198 18 2 0 0 
1642383980.225386 20.9916015625 31.10006969174306 987.5412544794823 3 4 4 3 4 4 708 198 18 2 0 0 
1642383985.3834205 20.9814453125 30.93993173782431 987.5078847771927 None None None None None None None None None None None None 
1642383990.5376704 20.9763671875 30.92208616057548 987.523361694063 2 3 3 2 3 3 540 160 10 0 0 0 
1642383995.695153 20.9763671875 31.070796470131494 987.5284147483056 2 3 3 2 3 3 555 169 12 0 0 0 
1642384000.8430521 20.9814453125 30.951591305624394 987.5112535058086 2 3 3 2 3 3 555 169 12 0 0 0 
1642384005.9959064 20.9712890625 30.767299774307435 987.4795685836987 2 3 3 2 3 3 555 169 12 0 0 0 
1642384011.1496434 20.9662109375 31.02309198207377 987.5122063690309 3 3 3 3 3 3 603 188 14 0 0 0 
1642384016.303024 20.9763671875 30.856891161669243 987.5051515092097 3 3 3 3 3 3 603 188 14 0 0 0 
1642384021.4569237 20.9611328125 31.09458952190523 987.5186262072874 3 3 3 3 3 3 603 188 14 0 0 0 
1642384026.6109557 20.9712890625 30.95765858005306 987.5395701003195 3 4 4 3 4 4 624 186 21 2 0 0 
1642384031.7651808 20.9763671875 31.01702557346662 987.508520183309 3 4 4 3 4 4 624 186 21 2 0 0 
1642384036.918987 20.9662109375 30.96991113887734 987.5169418697827 3 4 4 3 4 4 624 186 21 2 0 0 
1642384042.072281 20.9611328125 31.065082970943724 987.5243139433524 3 4 4 3 4 4 645 193 26 2 0 0 
1642384047.2307394 20.9611328125 31.07103112284983 987.5374712324198 3 4 4 3 4 4 645 193 26 2 0 0 
1642384052.3853374 20.9611328125 31.088758400990795 987.551262922426 3 4 4 3 4 4 645 193 26 2 0 0 
1642384057.5405276 20.9662109375 30.88663362163235 987.5088377217696 3 4 4 3 4 4 609 188 28 2 0 0 
1642384062.6964853 20.9611328125 30.81525128488351 987.5071533982441 3 4 4 3 4 4 609 188 28 2 0 0 
1642384067.845233 20.9712890625 30.785387602106013 987.5209453222288 3 4 4 3 4 4 621 183 28 0 0 0 
1642384072.9999247 20.9611328125 30.80930268983437 987.5478942990613 3 4 4 3 4 4 621 183 28 0 0 0 
1642384078.1541862 20.9611328125 30.863079072056046 987.5596844820636 3 4 4 3 4 4 621 183 28 0 0 0 
1642384083.3130894 20.9662109375 30.922443253724076 987.5647374186864 2 3 3 2 3 3 594 176 19 0 0 0 
1642384088.467266 20.9662109375 30.791456842853037 987.5324182584812 2 3 3 2 3 3 594 176 19 0 0 0 
1642384093.6211808 20.9611328125 30.981689415174387 987.5209453222288 2 3 3 2 3 3 594 176 19 0 0 0 
1642384098.7759125 20.9611328125 30.737918745403835 987.5071533982441 2 4 4 2 4 4 615 174 21 2 0 0 
1642384103.9305243 20.9560546875 30.821199869627 987.5243139433524 2 4 4 2 4 4 615 174 21 2 0 0 
1642384109.084401 20.9560546875 30.916613990386523 987.5431584123652 2 4 4 2 4 4 615 174 21 2 0 0 
1642384114.2353332 20.9458984375 30.833697131699353 987.5667385890324 2 4 4 2 4 4 615 179 21 2 0 0 
1642384119.3905416 20.9509765625 30.970148073997482 987.5482113062097 2 4 4 2 4 4 615 179 21 2 0 0 
1642384124.5449328 20.9560546875 30.97026652531731 987.551262922426 2 4 4 2 4 4 615 179 21 2 0 0 
1642384129.6997511 20.9408203125 30.77980087329699 987.5468439191765 2 3 3 2 3 3 552 162 18 2 0 0 
1642384134.8545208 20.9560546875 30.88663362163235 987.5451596347873 2 3 3 2 3 3 552 162 18 2 0 0 
1642384140.008124 20.9611328125 30.898649827330726 987.5485282036357 2 3 3 2 3 3 552 162 18 2 0 0 
1642384145.1576731 20.9560546875 30.862839674273168 987.5195782494244 2 4 4 2 4 4 573 167 18 2 0 0 
1642384150.3081462 20.9662109375 30.94016940030987 987.5414741145571 3 4 5 3 4 5 657 185 23 4 0 0 
1642384155.4578445 20.9611328125 30.95801447436731 987.5765276065911 3 4 5 3 4 5 657 185 23 4 0 0 
1642384160.6077147 20.9560546875 30.77955956000389 987.5361041194909 3 4 5 3 4 5 657 185 23 4 0 0 
1642384165.7594485 20.9509765625 31.029747177409014 987.5684228878911 3 4 5 3 4 5 657 183 21 4 0 0 
1642384170.912094 20.9408203125 30.94635525099996 987.5603181968108 3 4 5 3 4 5 657 183 21 4 0 0 
1642384176.066116 20.9408203125 30.886872472143608 987.5721081934176 3 4 5 3 4 5 657 183 21 4 0 0 
1642384181.2219238 20.9408203125 30.88723066670682 987.5289505858581 3 4 5 3 4 5 636 176 21 4 0 0 
1642384186.3770618 20.78828125 31.029864933862704 987.5451596347873 3 4 5 3 4 5 636 176 21 4 0 0 
1642384191.5293224 20.9408203125 30.881282537368314 987.566004246593 3 4 5 3 4 5 636 176 21 4 0 0 
1642384196.684189 20.9560546875 30.934577639425022 987.5546315460709 3 4 5 3 4 5 615 174 23 4 0 0 
1642384201.8388247 20.9611328125 30.785387602106013 987.5872667655261 3 4 5 3 4 5 615 174 23 4 0 0 
1642384206.993188 20.9611328125 30.982044423665165 987.5734757848874 3 4 5 3 4 5 615 174 23 4 0 0 
1642384212.1473215 20.9611328125 30.67843099142334 987.5900021112556 3 4 4 3 4 4 636 181 23 2 0 0 
1642384217.3007486 20.9611328125 30.72602127705295 987.5798962323369 3 4 4 3 4 4 636 181 23 2 0 0 
1642384222.4490848 20.9357421875 30.86331842652992 987.5676885047046 3 4 4 3 4 4 636 181 23 2 0 0 
1642384227.5937138 20.9509765625 30.886872472143608 987.5485282036357 3 4 4 3 4 4 642 179 23 2 0 0 
1642384232.7461383 20.9408203125 30.750300124074 987.5946366440129 3 5 6 3 5 6 696 186 36 4 0 0 
1642384237.897328 20.9408203125 30.84523391378599 987.5757933352683 3 5 6 3 5 6 690 189 34 4 0 0 
1642384243.0492437 20.9408203125 30.756248548524564 987.5606348896034 3 5 6 3 5 6 690 189 34 4 0 0 
1642384248.2024407 20.9560546875 30.922800249429514 987.577477607359 3 5 6 3 5 6 690 189 34 4 0 0 
1642384253.3574424 20.9408203125 30.97026652531731 987.6192682141617 3 5 5 3 5 5 732 201 36 2 0 0 
1642384258.5115838 20.9560546875 30.993822543584226 987.5987402793228 3 5 5 3 5 5 732 201 36 2 0 0 
1642384263.6664898 20.9560546875 30.82714844406484 987.6034766204026 3 5 5 3 5 5 732 201 36 2 0 0 
1642384268.8199968 20.9560546875 30.71400234203678 987.6240047895162 3 5 5 3 5 5 747 205 33 2 0 0 
1642384273.9746685 20.9560546875 30.803715217230863 987.600424579512 3 5 5 3 5 5 747 205 33 2 0 0 
1642384279.1301458 20.9611328125 30.72007252741903 987.6321099672225 3 5 5 3 5 5 747 205 33 2 0 0 
1642384284.2840197 20.9560546875 30.79157736808836 987.5741090632476 3 5 5 3 5 5 780 212 33 2 0 0 
1642384289.438594 20.9560546875 30.844994105544433 987.6091624908087 3 5 5 3 5 5 780 212 33 2 0 0 
1642384294.5910554 20.9509765625 30.63703354769112 987.5990567699768 3 5 5 3 5 5 780 212 33 2 0 0 
1642384299.744904 20.9509765625 30.708296480264533 987.6243210767836 3 6 6 3 6 6 759 209 33 4 0 0 
1642384304.899258 20.9509765625 30.654757700052986 987.6138989835479 3 6 6 3 6 6 759 209 33 4 0 0 
1642384310.048057 20.9408203125 30.803474472890827 987.6425321070062 3 6 6 3 6 6 759 209 33 4 0 0 
1642384315.197485 20.9560546875 30.797525925642304 987.594320332118 4 5 5 4 5 5 822 231 30 2 0 0 
1642384320.3488507 20.9509765625 30.797525925642304 987.6105303821188 4 5 5 4 5 5 822 231 30 2 0 0 
1642384325.503775 20.9662109375 30.696399045688764 987.5883177979274 3 4 4 3 4 4 744 207 28 2 0 0 
1642384330.6583247 20.9611328125 30.880565640346028 987.6017923065141 3 4 4 3 4 4 744 207 28 2 0 0 
1642384335.8129618 20.9763671875 30.844634311977167 987.6025262829512 3 4 4 3 4 4 744 207 28 2 0 0 
1642384340.9651763 20.9814453125 30.642371072547036 987.6308435531845 3 4 4 3 4 4 771 214 28 2 0 0 
1642384346.1191275 20.9814453125 30.779197508857365 987.6133657265792 3 4 4 3 4 4 771 214 28 2 0 0 
1642384351.2730885 20.9865234375 30.713516531987626 987.6153672319917 3 4 4 3 4 4 771 214 28 2 0 0 
1642384356.4277258 20.9814453125 30.52338713097678 987.6187359966912 3 3 3 3 3 3 738 200 19 0 0 0 
1642384361.5832956 20.9763671875 30.671872529283878 987.6136828497469 3 3 3 3 3 3 738 200 19 0 0 0 
1642384366.7384598 20.9763671875 30.61250285262018 987.6342122920265 3 3 3 3 3 3 738 200 19 0 0 0 
1642384371.8896968 20.9763671875 30.642493340647395 987.6328446771154 3 3 4 3 3 4 714 200 24 2 0 0 
1642384377.0422118 20.9814453125 30.600849908970776 987.5971561801749 3 3 4 3 3 4 714 200 24 2 0 0 
1642384382.1969256 20.9712890625 30.73172756515817 987.6328446771154 3 3 4 3 3 4 714 200 24 2 0 0 
1642384387.3440208 20.9662109375 30.71400234203678 987.5910527862534 3 3 4 3 3 4 723 205 24 2 0 0 
1642384392.4972086 20.9712890625 30.70781048317614 987.6078961952708 3 3 4 3 3 4 723 205 24 2 0 0 
1642384397.647322 20.9712890625 30.68437981319682 987.6112648779147 3 4 4 3 4 4 768 202 24 0 0 0 
1642384402.8015492 20.9763671875 30.708053503376068 987.6196865857501 3 4 4 3 4 4 768 202 24 0 0 0 
1642384407.9565988 20.9611328125 30.79121575989978 987.601475623532 3 4 4 3 4 4 711 190 19 0 0 0 
1642384413.110778 20.9611328125 30.494012404842003 987.5832648583631 3 4 4 3 4 4 711 190 19 0 0 0 
1642384418.2671914 20.9662109375 30.714123767479457 987.6267405426005 3 4 4 3 4 4 711 190 19 0 0 0 
1642384423.4216208 20.884765625 30.761834425737415 987.618002244043 3 4 4 3 4 4 675 180 26 0 0 0 
1642384428.5747812 20.9712890625 30.773369409691608 987.621687557526 3 4 4 3 4 4 675 180 26 0 0 0 
1642384433.7283099 20.9712890625 30.642493340647395 987.618002244043 3 4 4 3 4 4 675 180 26 0 0 0 
1642384438.8833704 20.9712890625 30.63071766295101 987.6196865857501 3 4 4 3 4 4 681 180 26 0 0 0 
1642384444.0373323 20.9763671875 30.64224879361854 987.6065286060852 3 4 4 3 4 4 681 180 26 0 0 0 
1642384449.18637 20.9814453125 30.576807383304438 987.6032593532261 3 4 4 3 4 4 681 180 26 0 0 0 
1642384454.339654 20.9916015625 30.665801317899795 987.5806296790565 2 4 4 2 4 4 624 169 26 0 0 0 
1642384459.4876153 20.9814453125 30.58858300877186 987.6163179024059 2 4 4 2 4 4 624 169 26 0 0 0 
1642384464.642048 20.9814453125 30.576807383304438 987.6005249162152 2 4 4 2 4 4 624 169 26 0 0 0 
1642384469.796434 20.9814453125 30.808941664870872 987.5702063019389 2 4 4 2 4 4 609 171 24 0 0 0 
1642384474.9501069 20.9662109375 30.80930268983437 987.6342122920265 2 4 4 2 4 4 609 171 24 0 0 0 
1642384480.1063626 20.9712890625 30.72007252741903 987.6210541877994 3 3 3 3 3 3 624 174 12 2 0 0 
1642384485.260548 20.9662109375 30.517561530617225 987.5977901490198 3 3 3 3 3 3 624 174 12 2 0 0 
1642384490.4151363 20.9662109375 30.648564549945117 987.5880010064725 3 3 3 3 3 3 624 174 12 2 0 0 
1642384495.5690148 20.9509765625 30.785628800229002 987.6162158847744 3 4 4 3 4 4 681 184 12 2 0 0 
1642384500.7261262 20.9611328125 30.43526804549225 987.6206361872468 3 4 4 3 4 4 681 184 12 2 0 0 
1642384505.8773282 20.9560546875 30.60134078882352 987.5990567699768 3 4 4 3 4 4 681 184 12 2 0 0 
1642384511.0307755 20.9408203125 30.65500186512895 987.6341105980057 3 3 3 3 3 3 639 168 12 2 0 0 
1642384516.1852028 20.9408203125 30.702590838537688 987.5980051626871 3 3 3 3 3 3 639 168 12 2 0 0 
1642384521.3393402 20.9408203125 30.530324667484024 987.6179001585458 3 3 3 3 3 3 639 168 12 2 0 0 
1642384526.4904873 20.9408203125 30.607534845848395 987.6330586256408 2 3 3 2 3 3 651 168 14 2 0 0 
1642384531.6366758 20.9357421875 30.714973442398684 987.6474801689309 2 3 3 2 3 3 651 168 14 2 0 0 
1642384536.7912054 20.9357421875 30.6136060520088 987.6384274086261 2 3 3 2 3 3 651 168 14 2 0 0 
1642384541.9371946 20.9205078125 30.66131648402325 987.6454802489473 2 3 3 2 3 3 645 166 14 2 0 0 
1642384547.0885527 20.9255859375 30.45918761037712 987.6340062966124 2 3 3 2 3 3 645 166 14 2 0 0 
1642384552.2399836 20.9205078125 30.512725756381666 987.5908481796966 2 3 3 2 3 3 645 166 14 2 0 0 
1642384557.3945394 20.9205078125 30.554612320986994 987.6194796717733 2 3 3 2 3 3 651 175 12 2 0 0 
1642384562.550852 20.9154296875 30.637889296946053 987.5877956013378 4 4 6 4 4 6 732 210 34 2 2 0 
1642384567.705827 20.9306640625 30.655368031532344 987.5854796111421 4 4 6 4 4 6 732 210 34 2 2 0 
1642384572.8643122 20.9154296875 30.727112387314033 987.6225324278266 4 4 6 4 4 6 732 210 34 2 2 0 
1642384578.017568 20.9306640625 30.619554645048474 987.6255851286894 4 5 6 4 5 6 795 226 41 2 2 0 
1642384583.170419 20.9205078125 30.542715445279292 987.5925323845528 4 5 6 4 5 6 795 226 41 2 2 0 
1642384588.3243387 20.9205078125 30.637889296946053 987.6127428482874 4 5 6 4 5 6 795 226 41 2 2 0 
1642384593.4773288 20.91015625 30.596128365060366 987.6124271108241 4 5 6 4 5 6 789 226 36 2 2 0 
1642384598.6294236 20.9205078125 30.625870355490996 987.6113742839096 4 5 6 4 5 6 789 226 36 2 2 0 
1642384603.7796812 20.905078125 30.614096081313967 987.6177954657967 4 5 6 4 5 6 789 226 36 2 2 0 
1642384608.933898 20.905078125 30.57852883953494 987.604953101913 4 4 6 4 4 6 768 224 29 2 2 0 
1642384614.0801597 20.91015625 30.602199411676775 987.6093744369647 4 4 6 4 4 6 768 224 29 2 2 0 
1642384619.228953 20.9154296875 30.60244463503745 987.5897955003779 4 4 6 4 4 6 768 224 29 2 2 0 
1642384624.381938 20.91015625 30.614096081313967 987.6032689236845 4 4 4 4 4 4 768 224 27 0 0 0 
1642384629.5344043 20.9154296875 30.614096081313967 987.6251632461161 4 4 4 4 4 4 768 224 27 0 0 0 
1642384634.6877072 20.905078125 30.65585610181055 987.6420050406548 4 4 4 4 4 4 768 224 27 0 0 0 
1642384639.8427207 20.9154296875 30.68559689288394 987.6167423514727 None None None None None None None None None None None None 
1642384644.9971702 20.9 30.590670930143087 987.6052685780668 3 3 3 3 3 3 666 180 12 0 0 0 
1642384650.1537254 20.9 30.69749313719027 987.6386366811869 3 3 3 3 3 3 666 180 12 0 0 0 
1642384655.3073227 20.8796875 30.489798471832632 987.6314762166592 3 3 3 3 3 3 666 180 12 0 0 0 
1642384660.464727 20.8796875 30.62065635157858 987.6277929958346 2 3 3 2 3 3 603 163 8 0 0 0 
1642384665.6209092 20.884765625 30.501694848765503 987.6156888526591 2 3 3 2 3 3 603 163 8 0 0 0 
1642384670.7760687 20.88984375 30.727718180708788 987.6426352866758 2 3 3 2 3 3 603 163 8 0 0 0 
1642384675.9284117 20.8796875 30.626604318544626 987.6103210724957 2 3 3 2 3 3 612 158 12 0 0 0 
1642384681.0739033 20.8796875 30.549033554441372 987.5964247241883 2 3 3 2 3 3 612 158 12 0 0 0 
1642384686.2272828 20.884765625 30.686083421576164 987.6196873428257 2 3 3 2 3 3 612 158 12 0 0 0 
1642384691.375663 20.88984375 30.54927994440323 987.6092674766019 2 3 3 2 3 3 585 151 12 0 0 0 
1642384696.5283408 20.905078125 30.58472276452272 987.6184265302613 2 3 3 2 3 3 585 151 12 0 0 0 
1642384701.6767402 20.91015625 30.650029971602976 987.5853741358171 2 3 3 2 3 3 585 151 12 0 0 0 
1642384706.8284354 20.91015625 30.703319789893463 987.6228480839364 2 3 3 2 3 3 585 153 14 0 0 0 
1642384711.9826622 20.9154296875 30.393875998738235 987.6127428482874 2 3 3 2 3 3 585 153 14 0 0 0 
1642384717.137714 20.9154296875 30.524993561010838 987.5945323663866 2 3 3 2 3 3 585 153 14 0 0 0 
1642384722.2921476 20.91015625 30.447538955910087 987.6430585627969 3 4 4 3 4 4 711 192 21 4 0 0 
1642384727.4476771 20.905078125 30.406148151689557 987.5928481750193 3 4 4 3 4 4 711 192 21 4 0 0 
1642384732.601027 20.9 30.614463489596393 987.6038997934135 3 3 3 3 3 3 678 183 14 0 0 0 
1642384737.7565413 20.9154296875 30.691301827707367 987.6315845941809 3 3 3 3 3 3 678 183 14 0 0 0 
1642384742.9111612 20.91015625 30.661804280631806 987.6285316044637 3 3 3 3 3 3 678 183 14 0 0 0 
1642384748.0659087 20.9154296875 30.51322035170051 987.6282162084353 3 3 3 3 3 3 672 179 16 0 0 0 
1642384753.2204103 20.905078125 30.50144736404186 987.6308462195879 3 3 3 3 3 3 672 179 16 0 0 0 
1642384758.3784328 20.884765625 30.66775244914977 987.5991626515007 3 3 3 3 3 3 672 179 16 0 0 0 
1642384763.5321908 20.884765625 30.465881446845767 987.6106363982766 3 4 4 3 4 4 699 186 21 0 0 0 
1642384768.6868598 20.9 30.329319060371557 987.5843207419115 3 4 4 3 4 4 699 186 21 0 0 0 
1642384773.8414176 20.884765625 30.55547424480232 987.6247397169057 3 4 4 3 4 4 699 186 21 0 0 0 
1642384778.995876 20.894921875 30.55535114531409 987.6109516143639 3 4 4 3 4 4 729 195 23 0 0 0 
1642384784.1498585 20.8796875 30.686083421576164 987.5913723943557 3 4 4 3 4 4 729 195 23 0 0 0 
1642384789.3047366 20.86953125 30.674431156432735 987.6186329935309 3 4 4 3 4 4 729 195 23 0 0 0 
1642384794.4593549 20.86953125 30.555597333462085 987.6374726431312 3 4 4 3 4 4 750 207 25 0 0 0 
1642384799.6170018 20.86953125 30.454481881834777 987.6068443134413 3 4 4 3 4 4 750 207 25 0 0 0 
1642384804.7719073 20.86953125 30.711334698765615 987.5933715403974 2 4 5 2 4 5 609 173 25 4 2 0 
1642384809.9264278 20.86953125 30.531805730333463 987.5960000465157 2 4 5 2 4 5 609 173 25 4 2 0 
1642384815.080751 20.864453125 30.454610901147536 987.626313061257 2 3 4 2 3 4 573 159 21 4 2 0 
1642384820.2345304 20.844140625 30.36564048004584 987.6053635453808 2 3 4 2 3 4 573 159 21 4 2 0 
1642384825.3886638 20.84921875 30.538004942957034 987.5865249341167 2 3 4 2 3 4 573 159 21 4 2 0 
1642384830.5413458 20.859375 30.621150421991523 987.583896869545 2 3 4 2 3 4 558 157 21 4 2 0 
1642384835.6887398 20.859375 30.597232242324232 987.588319251661 2 3 4 2 3 4 558 157 21 4 2 0 
1642384840.8389637 20.864453125 30.591411814170712 987.6149499389659 2 3 4 2 3 4 558 157 21 4 2 0 
1642384845.9888003 20.864453125 30.466506849043952 987.5916874440818 2 4 5 2 4 5 600 169 30 6 2 0 
1642384851.1393657 20.859375 30.472702845726694 987.5437943520819 2 4 5 2 4 5 600 169 30 6 2 0 
1642384856.2818766 20.8796875 30.383104476436902 987.5913723943557 2 4 5 2 4 5 600 169 30 6 2 0 
1642384861.4365213 20.874609375 30.36525989330065 987.5731623892332 2 4 5 2 4 5 591 171 30 8 2 0 
1642384866.5914054 20.8796875 30.353112611961446 987.6042150637362 2 4 5 2 4 5 591 171 30 8 2 0 
1642384871.7462616 20.884765625 30.436264265668697 987.5937948882197 2 4 5 2 4 5 591 171 30 8 2 0 
1642384876.8973908 20.884765625 30.555228034997402 987.5873736920682 2 5 6 2 5 6 603 178 34 10 2 0 
1642384882.0507212 20.6205078125 30.54952629105115 987.5664260077524 2 5 6 2 5 6 603 178 34 10 2 0 
1642384887.2029111 20.884765625 30.614708374310194 987.6065293857439 2 3 3 2 3 3 531 153 14 0 0 0 
1642384892.3575075 20.864453125 30.585464061702382 987.6098976068226 2 3 3 2 3 3 531 153 14 0 0 0 
1642384897.5123465 20.8796875 30.49611801659148 987.5785297245908 2 3 3 2 3 3 531 153 14 0 0 0 
1642384902.6673164 20.8796875 30.38892764566229 987.6001079263592 2 3 3 2 3 3 504 144 12 0 0 0 
1642384907.8191102 20.8796875 30.442212552007398 987.6075833389099 2 3 3 2 3 3 504 144 12 0 0 0 
