timestamp temperature humidity pressure pm10_standard pm25_standard pm100_standard pm10_env pm25_env pm100_env particles_03um particles_05um particles_10um particles_25um particles_50um particles_100um
1662647682.6010792 20.813671875 28.01109931167253 981.8897790144837 2 2 2 2 2 2 390 118 9 0 0 0
1662647687.732673 20.7984375 28.11822153530609 981.8712588122428 2 2 2 2 2 2 390 118 9 0 0 0
1662647692.8669047 20.80859375 28.02315404033235 981.8463635933301 2 2 2 2 2 2 390 118 9 0 0 0
1662647698.0003793 20.80859375 28.130274659875447 981.8621213058514 2 3 3 2 3 3 423 127 16 0 0 0
1662647703.1342173 20.81875 27.939376501862174 981.8486518591053 2 3 3 2 3 3 423 127 16 0 0 0
1662647708.2683825 20.81875 27.95707833853705 981.88461374156 2 3 3 2 3 3 423 127 16 0 0 0
1662647713.4021819 20.81875 28.058254485338296 981.8499756625007 2 3 3 2 3 3 438 132 16 0 0 0
1662647718.530309 20.823828125 27.95677254429321 981.8724174857119 1 2 2 1 2 2 327 96 12 0 0 0
1662647723.6646428 20.82890625 28.022241310186367 981.838189804901 1 2 2 1 2 2 336 99 14 0 0 0
1662647728.7955732 20.82890625 28.105563391637975 981.8694602394908 1 2 2 1 2 2 336 99 14 0 0 0
1662647733.9281461 20.82890625 27.99843463041821 981.8943062406044 1 2 2 1 2 2 336 99 14 0 0 0
1662647739.0629783 20.81875 28.129671149873175 981.8408369732757 1 2 2 1 2 2 327 96 14 0 0 0
1662647744.1943414 20.823828125 28.081757288641793 981.8374695315218 1 2 2 1 2 2 327 96 14 0 0 0
1662647749.3289425 20.82890625 27.974627785858065 981.849255578886 1 2 2 1 2 2 327 96 14 0 0 0
1662647754.464042 20.82890625 28.11746638133907 981.8543067430919 0 0 0 0 0 0 276 79 12 0 0 0
1662647759.5958064 20.8390625 28.081757288641793 981.850528742651 0 0 0 0 0 0 276 79 12 0 0 0
1662647764.7283413 20.8390625 28.045895939621087 981.8666455696781 0 0 0 0 0 0 276 79 12 0 0 0
1662647769.860453 20.844140625 28.04604782516253 981.8842037368761 0 0 0 0 0 0 261 74 12 0 0 0
1662647774.989728 20.8390625 28.03399256568987 981.8741012356681 0 1 1 0 1 1 261 74 12 0 0 0
1662647780.1241362 20.82890625 28.10526098010964 981.8572637392557 0 1 1 0 1 1 261 74 12 0 0 0
1662647785.258014 20.833984375 28.31981090296397 981.8391532523638 1 2 2 1 2 2 291 84 14 0 0 0
1662647790.391708 20.8390625 28.224441604716144 981.8421099984704 1 2 2 1 2 2 291 84 14 0 0 0
1662647795.5247016 20.833984375 28.057951020853615 981.8673662362631 1 2 2 1 2 2 291 84 14 0 0 0
1662647800.6573899 20.82890625 28.129520245276826 981.8589474885821 1 3 3 1 3 3 411 119 18 2 0 0
1662647805.7899697 20.82890625 28.218939894988804 981.8757849856946 1 3 3 1 3 3 411 119 18 2 0 0
1662647810.922164 20.823828125 28.19498497195146 981.8774687357908 2 3 3 2 3 3 426 129 20 2 0 0
1662647816.0565405 20.823828125 28.11166601262649 981.8273672079399 2 3 3 2 3 3 426 129 20 2 0 0
1662647821.1913955 20.81875 28.129520245276826 981.8609914608699 2 3 3 2 3 3 426 129 20 2 0 0
1662647826.323523 20.80859375 28.290353222638927 981.8163017927452 2 2 2 2 2 2 405 125 16 0 0 0
1662647831.4560382 20.81875 28.05855790646853 981.8617615235304 2 2 2 2 2 2 405 125 16 0 0 0
1662647836.5887437 20.82890625 28.171330185966557 981.8374695315218 2 2 2 2 2 2 405 125 16 0 0 0
1662647841.7217805 20.81875 28.284253045424165 981.8475718576238 2 3 3 2 3 3 411 130 18 0 0 0
1662647846.8560433 20.833984375 28.06375092326989 981.8286400114218 2 3 3 2 3 3 411 130 18 0 0 0
1662647851.9898586 20.82890625 28.02178479879011 981.8555799899997 2 3 3 2 3 3 411 130 18 0 0 0
1662647857.124161 20.833984375 28.099611881338177 981.8336912560399 2 3 3 2 3 3 411 130 18 0 0 0
1662647862.258449 20.8390625 28.164776886981105 981.8528147509975 2 3 3 2 3 3 411 130 18 0 0 0
1662647867.3913558 20.8390625 28.29570825650817 981.8434332789822 1 2 2 1 2 2 411 130 18 0 0 0
1662647872.5245795 20.8390625 28.123115860320787 981.8430727010494 1 2 2 1 2 2 426 132 18 0 0 0
1662647877.6591442 20.8390625 28.075351075807628 981.8329700472664 1 2 2 1 2 2 426 132 18 0 0 0
1662647882.7932594 20.84921875 28.075199500351754 981.8511309612172 1 3 3 1 3 3 387 107 29 4 0 0
1662647887.9257488 20.84921875 28.20018567435578 981.859549910819 1 3 3 1 3 3 387 107 29 4 0 0
1662647893.0575902 20.833984375 28.22414191215666 981.8733806775208 1 3 3 1 3 3 387 107 29 4 0 0
1662647898.1920798 20.844140625 28.11716424388371 981.8831229790159 1 3 3 1 3 3 381 102 27 2 0 0
1662647903.3219666 20.8390625 28.355220867388592 981.7958544320402 1 3 3 1 3 3 381 102 27 2 0 0
1662647908.4535377 20.844140625 28.34346689824497 981.880115786484 1 3 3 1 3 3 381 102 27 2 0 0
1662647913.586898 20.8390625 28.176529544939132 981.8666455696781 1 2 2 1 2 2 396 105 22 2 0 0
1662647918.7193964 20.833984375 28.319513424460002 981.892622489808 1 2 2 1 2 2 396 105 22 2 0 0
1662647923.8487422 20.82890625 28.224591434739008 981.8922624147101 1 2 2 1 2 2 396 105 22 2 0 0
1662647928.9811666 20.8390625 28.34331842761228 981.8677264049361 1 3 3 1 3 3 438 117 22 2 0 0
1662647934.11319 20.82890625 28.301957453512028 981.8559904646339 1 3 3 1 3 3 438 117 22 2 0 0
1662647939.2454722 20.823828125 28.308057473644883 981.874511406217 1 3 3 1 3 3 438 117 22 2 0 0
1662647944.3770566 20.82890625 28.32010833811783 981.8340516958062 1 3 3 1 3 3 459 126 20 2 0 0
1662647949.511778 20.82890625 28.355369201003665 981.8727776137208 1 3 3 1 3 3 459 126 20 2 0 0
1662647954.6449912 20.84921875 28.271902923756787 981.8552196166982 1 3 3 1 3 3 459 126 20 2 0 0
1662647959.7702823 20.8390625 28.18278177865603 981.8639987369808 1 3 3 1 3 3 444 126 20 2 0 0
1662647964.9027236 20.8390625 28.355220867388592 981.8817995638997 1 1 2 1 1 2 315 86 8 2 0 0
1662647970.0299919 20.8390625 28.47424299915782 981.8602709053407 1 1 2 1 1 2 306 81 10 2 0 0
1662647975.1558394 20.8390625 28.36712326596501 981.8716969004553 1 1 2 1 1 2 306 81 10 2 0 0
1662647980.285647 20.8390625 28.414732448271806 981.8522124916973 1 1 2 1 1 2 306 81 10 2 0 0
1662647985.4202988 20.8390625 28.37932173166963 981.8728276839049 1 1 2 1 1 2 357 98 8 2 0 0
1662647990.554682 20.82890625 28.4269296530702 981.8677264049361 1 1 2 1 1 2 357 98 8 2 0 0
1662647995.688301 20.823828125 28.24854609411519 981.8509393002179 1 1 2 1 1 2 357 98 8 2 0 0
1662648000.820624 20.81875 28.343912245118467 981.8398734986338 1 1 2 1 1 2 363 100 8 2 0 0
1662648005.954231 20.813671875 28.331861737077386 981.8610416296801 1 1 2 1 1 2 363 100 8 2 0 0
1662648011.083911 20.81875 28.415470582606442 981.8458881364318 1 1 2 1 1 2 363 100 8 2 0 0
1662648016.2164207 20.81875 28.51677851319784 981.8348224176457 1 1 2 1 1 2 384 104 8 2 0 0
1662648021.3462746 20.81875 28.403864485792703 981.8301313771449 1 1 2 1 1 2 384 104 8 2 0 0
1662648026.4787169 20.803515625 28.49907352988259 981.8331387241228 1 1 2 1 1 2 384 104 8 2 0 0
1662648031.6107879 20.803515625 28.302701987768906 981.8443203513763 1 2 2 1 2 2 384 106 8 0 0 0
1662648036.7448018 20.803515625 28.433617595274544 981.8207492128181 1 2 2 1 2 2 384 106 8 0 0 0
1662648041.874749 20.803515625 28.624031399353903 981.8304913072693 1 2 2 1 2 2 384 106 8 0 0 0
1662648047.0086029 20.813671875 28.522729028524722 981.8297713372872 1 2 2 1 2 2 342 99 14 2 0 0
1662648052.1423163 20.80859375 28.492976348904758 981.811970982879 1 2 2 1 2 2 342 99 14 2 0 0
1662648057.2747734 20.80859375 28.47527151601976 981.8419171374122 1 2 2 1 2 2 378 108 12 2 0 0
1662648062.4045784 20.813671875 28.463223411820934 981.8301313771449 1 2 2 1 2 2 378 108 12 2 0 0
1662648067.5366733 20.80859375 28.439420876779895 981.8359020860304 1 2 2 1 2 2 378 108 12 2 0 0
1662648072.6690927 20.81875 28.534630028282823 981.8449245802523 1 2 2 1 2 2 372 103 15 0 0 0
1662648077.798712 20.813671875 28.42171638237676 981.846608274265 1 2 2 1 2 2 372 103 15 0 0 0
1662648082.9338014 20.80859375 28.504730884857555 981.820992654057 1 2 2 1 2 2 372 103 15 0 0 0
1662648088.0683274 20.82890625 28.397322611827555 981.8196691784606 1 2 2 1 2 2 363 100 15 0 0 0
1662648093.200802 20.82890625 28.570041143000935 981.8559904646339 1 2 2 1 2 2 363 100 15 0 0 0
1662648098.3353844 20.82890625 28.462488071879484 981.856903379509 1 2 2 1 2 2 363 100 15 0 0 0
1662648103.4667487 20.833984375 28.367419648324496 981.844154105605 1 2 2 1 2 2 372 103 11 0 0 0
1662648108.598192 20.82890625 28.39137167471022 981.8488449936749 1 2 2 1 2 2 372 103 11 0 0 0
1662648113.733394 20.8390625 28.646962749071864 981.8252725153596 1 2 2 1 2 2 372 103 11 0 0 0
1662648118.8650856 20.833984375 28.611258745321265 981.8306842264335 1 2 2 1 2 2 387 107 11 0 0 0
1662648123.9993021 20.82890625 28.629110793545376 981.8316469446967 1 2 2 1 2 2 387 107 11 0 0 0
1662648129.1319282 20.82890625 28.409076759791233 981.832367961085 0 0 0 0 0 0 327 90 8 0 0 0
1662648134.2631042 20.82890625 28.539995824574916 981.844154105605 0 0 0 0 0 0 327 90 8 0 0 0
1662648139.3954716 20.823828125 28.581796554030365 981.8602709053407 0 1 1 0 1 1 339 94 10 0 0 0
1662648144.520272 20.82890625 28.64115714216913 981.8185375240756 0 1 1 0 1 1 339 94 10 0 0 0
1662648149.6500914 20.82890625 28.426634640848786 981.8101187865458 0 1 1 0 1 1 339 94 10 0 0 0
1662648154.7819684 20.844140625 28.462193860044362 981.8511309612172 0 1 1 0 1 1 339 94 12 2 0 0
1662648159.916272 20.844140625 28.45043890240308 981.8709758761963 0 1 1 0 1 1 339 94 12 2 0 0
1662648165.0500765 20.854296875 28.604289619172405 981.8231071653639 1 2 2 1 2 2 339 94 12 2 0 0
1662648170.1799533 20.854296875 28.62243375789776 981.8335712270865 1 2 2 1 2 2 327 90 10 2 0 0
1662648175.3114588 20.86953125 28.556825855153445 981.8264748240829 1 2 2 1 2 2 327 90 10 2 0 0
1662648180.4448762 20.864453125 28.562777051895054 981.881680431984 0 1 1 0 1 1 327 90 10 2 0 0
1662648185.5761008 20.859375 28.574679414474815 981.8163718487662 0 1 1 0 1 1 381 106 10 2 0 0
1662648190.7060819 20.864453125 28.53302096517547 981.8453579418853 0 1 1 0 1 1 381 106 10 2 0 0
1662648195.8358805 20.864453125 28.39018816412011 981.8288807945687 0 1 1 0 1 1 381 106 10 2 0 0
1662648200.970995 20.864453125 28.425749344094445 981.8328489478743 0 1 1 0 1 1 408 115 19 2 0 0
1662648206.1002805 20.859375 28.604435140654036 981.8783127415343 0 1 1 0 1 1 408 115 19 2 0 0
1662648211.234266 20.859375 28.586436008870887 981.8900996593338 0 1 1 0 1 1 300 93 16 0 0 0
1662648216.3691485 20.864453125 28.4796063092791 981.8618352575411 0 1 1 0 1 1 300 93 16 0 0 0
1662648221.5025795 20.859375 28.473655036825193 981.8689313817747 0 1 1 0 1 1 300 93 16 0 0 0
1662648226.633457 20.859375 28.65828457629968 981.8652029194807 0 1 1 0 1 1 321 100 18 0 0 0
1662648231.765338 20.84921875 28.7060356894409 981.8241903342533 0 1 1 0 1 1 321 100 18 0 0 0
1662648236.8976765 20.84921875 28.598629595164667 981.847402625094 1 2 2 1 2 2 321 100 18 0 0 0
1662648242.028772 20.84921875 28.669896831746826 981.8433131218787 1 2 2 1 2 2 342 105 22 0 0 0
1662648247.1600149 20.864453125 28.53882592813903 981.8285197789374 1 2 2 1 2 2 342 105 22 0 0 0
1662648252.2946334 20.864453125 28.681503987249883 981.8345327911738 1 2 2 1 2 2 342 105 22 0 0 0
1662648257.4252148 20.86953125 28.56292304203751 981.859790449067 0 1 1 0 1 1 351 108 24 0 0 0
1662648262.55896 20.854296875 28.562777051895054 981.8032625476433 0 1 1 0 1 1 351 108 24 0 0 0
1662648267.6896656 20.854296875 28.604580651299315 981.8335712270865 0 1 1 0 1 1 351 108 24 0 0 0
1662648272.8210635 20.854296875 28.669752063737636 981.8446358524405 1 2 2 1 2 2 303 92 22 0 0 0
1662648277.950974 20.86953125 28.544479154436583 981.8341715004784 1 2 2 1 2 2 303 92 22 0 0 0
1662648283.0806963 20.86953125 28.580333370367505 981.8311651046449 1 2 2 1 2 2 303 92 22 0 0 0
1662648288.2075815 20.88984375 28.598041612905106 981.8422294531129 0 1 1 0 1 1 315 96 20 0 0 0
1662648293.3397717 20.874609375 28.711115173818683 981.8354939704959 1 2 2 1 2 2 372 102 10 2 0 0
1662648298.4693274 20.8796875 28.62794344328866 981.8341715004784 1 2 2 1 2 2 408 109 12 2 0 0
1662648303.6002352 20.86953125 28.735063696778678 981.8328489478743 1 2 2 1 2 2 408 109 12 2 0 0
1662648308.730215 20.874609375 28.705164026487445 981.8304423592685 1 2 2 1 2 2 408 109 12 2 0 0
1662648313.859172 20.86953125 28.80662405634889 981.8354939704959 1 1 1 1 1 1 372 100 10 0 0 0
1662648318.9888196 20.86953125 28.663360837285733 981.837539214397 1 1 1 1 1 1 372 100 10 0 0 0
1662648324.1224744 20.859375 28.687605241380794 981.8560616459555 1 1 1 1 1 1 372 100 10 0 0 0
1662648329.2525587 20.86953125 28.72316161121706 981.8201007000889 1 1 1 1 1 1 345 91 12 0 0 0
1662648334.384185 20.859375 28.8542304285805 981.8392230714612 1 1 1 1 1 1 345 91 12 0 0 0
1662648339.512174 20.864453125 28.62228845274773 981.833210142361 1 1 1 1 1 1 345 91 12 0 0 0
1662648344.6443243 20.859375 28.854515707226494 981.822145585569 1 1 1 1 1 1 333 87 10 0 0 0
1662648349.7754617 20.84921875 28.71155362256049 981.8571446601147 1 1 1 1 1 1 333 87 10 0 0 0
1662648354.904049 20.844140625 28.872652340283345 981.8460795922963 1 1 1 1 1 1 333 87 10 0 0 0
1662648360.0362332 20.84921875 28.818811811735937 981.8288807945687 1 2 2 1 2 2 333 87 14 0 0 0
1662648365.1683953 20.844140625 28.736221136239983 981.8413889252439 1 2 2 1 2 2 333 87 14 0 0 0
1662648370.299516 20.844140625 28.866986802675694 981.8464402528705 1 2 2 1 2 2 333 87 14 0 0 0
1662648375.4323926 20.84921875 28.8192408812511 981.8437937471665 0 1 1 0 1 1 285 66 16 2 0 0
1662648380.5616477 20.844140625 28.611113357356274 981.8468008036938 0 1 1 0 1 1 285 66 16 2 0 0
1662648385.695325 20.8390625 28.753928791509573 981.8552196166982 0 2 2 0 2 2 300 71 18 2 0 0
1662648390.8261123 20.82890625 28.6051625855169 981.8202212717916 0 2 2 0 2 2 300 71 18 2 0 0
1662648395.9589868 20.82890625 28.712563338946243 981.8395134303679 0 2 2 0 2 2 300 71 18 2 0 0
1662648401.0897043 20.8390625 28.81966985324705 981.8501683286855 1 2 2 1 2 2 321 80 23 2 0 0
1662648406.223173 20.82890625 28.65334804074337 981.8509393002179 1 2 2 1 2 2 321 80 23 2 0 0
1662648411.355326 20.833984375 28.896738292878986 981.879152485957 1 2 2 1 2 2 321 80 23 2 0 0
1662648416.4892926 20.8390625 28.878745113045998 981.8350144684281 1 2 2 1 2 2 333 89 23 2 0 0
1662648421.6231818 20.844140625 28.807339911289624 981.8582266864496 1 2 2 1 2 2 333 89 23 2 0 0
1662648426.7565472 20.84921875 28.80095972492828 981.8857695615261 1 2 2 1 2 2 333 89 23 2 0 0
1662648431.8905246 20.854296875 28.73593322630326 981.8683293465338 1 2 2 1 2 2 327 92 23 2 0 0
1662648437.02403 20.8390625 28.8546583302965 981.8464402528705 1 2 2 1 2 2 327 92 23 2 0 0
1662648442.1573358 20.833984375 28.75378503660266 981.8653221946137 1 2 2 1 2 2 327 92 23 2 0 0
1662648447.2907274 20.844140625 28.742027731929515 981.8531753573527 1 2 4 1 2 4 348 99 27 4 2 2
1662648452.4243844 20.8390625 28.956381916242197 981.8619546683617 1 2 4 1 2 4 348 99 27 4 2 2
1662648457.5593662 20.833984375 29.08742153945849 981.8374191654591 1 2 2 1 2 2 300 93 17 0 0 0
1662648462.693957 20.82890625 28.855371283116682 981.8374695315218 1 2 2 1 2 2 300 93 17 0 0 0
1662648467.829955 20.823828125 28.99236431228155 981.8374191654591 1 2 2 1 2 2 300 93 17 0 0 0
1662648472.9660597 20.8390625 28.9981732947754 981.8155306177214 1 2 2 1 2 2 327 103 19 0 0 0
1662648478.1002786 20.82890625 29.099460880545674 981.8660927953564 1 2 2 1 2 2 327 103 19 0 0 0
1662648483.2354362 20.823828125 28.96289729142961 981.8761450865941 1 2 2 1 2 2 327 103 19 0 0 0
1662648488.370609 20.82890625 29.01616383805295 981.859357907928 1 2 2 1 2 2 336 103 17 0 0 0
1662648493.5051842 20.8390625 29.039822764013493 981.8522124916973 0 1 1 0 1 1 336 103 17 0 0 0
1662648498.6390464 20.8390625 29.003841525516627 981.8357354305979 0 1 1 0 1 1 336 103 17 0 0 0
1662648503.7718625 20.82890625 28.97437337147893 981.8694602394908 0 1 1 0 1 1 324 103 17 0 0 0
1662648508.9058332 20.82890625 28.91501471545591 981.8879811872343 1 2 2 1 2 2 324 103 17 0 0 0
1662648514.038701 20.823828125 28.89107234220434 981.8639987369808 1 2 2 1 2 2 324 103 17 0 0 0
1662648519.172817 20.82890625 28.885264407056127 981.840786635392 1 2 2 1 2 2 330 105 17 0 0 0
1662648524.3075504 20.8390625 29.033591831223134 981.8454774959328 1 2 2 1 2 2 330 105 17 0 0 0
1662648529.440284 20.8390625 28.974232172312288 981.8656824865869 1 2 2 1 2 2 330 105 17 0 0 0
1662648534.574187 20.82890625 29.081471728576112 981.850528742651 1 2 2 1 2 2 324 103 17 0 0 0
1662648539.707399 20.833984375 29.24806254007182 981.8525727823624 1 2 2 1 2 2 291 90 18 0 0 0
1662648544.8422916 20.844140625 28.944340141605707 981.8713364432022 1 1 1 1 1 1 276 83 14 0 0 0
1662648549.976253 20.84921875 29.03954186146452 981.8296024965655 1 1 1 1 1 1 276 83 14 0 0 0
1662648555.110298 20.8390625 29.11675174001731 981.8659244640905 1 1 1 1 1 1 276 83 14 0 0 0
1662648560.2441382 20.8390625 29.08742153945849 981.8471612447688 1 2 2 1 2 2 333 104 16 0 0 0
1662648565.3781033 20.82890625 29.129209335078066 981.8341020900478 1 2 2 1 2 2 333 104 16 0 0 0
1662648570.511231 20.82890625 28.879314314478382 981.8538962408135 1 2 2 1 2 2 333 104 16 0 0 0
1662648575.6450338 20.82890625 29.069712168531694 981.8458378408163 1 2 2 1 2 2 348 109 14 0 0 0
1662648580.777787 20.82890625 28.93272310917937 981.8310948946311 1 2 2 1 2 2 348 109 14 0 0 0
1662648585.9116895 20.82890625 29.147058284206345 981.8425206942577 1 2 2 1 2 2 348 109 14 0 0 0
1662648591.0450366 20.81875 28.974796903969867 981.8348224176457 1 2 2 1 2 2 327 102 14 0 0 0
1662648596.1790779 20.813671875 28.879741101782855 981.8449245802523 1 2 2 1 2 2 327 102 14 0 0 0
1662648601.313281 20.80859375 29.165185102071774 981.8274838224347 1 2 2 1 2 2 327 102 14 0 0 0
1662648606.4460213 20.813671875 29.123956883791127 981.8389096393377 1 2 2 1 2 2 333 102 14 0 0 0
1662648611.5803823 20.80859375 29.212918920451923 981.8291674750138 1 2 2 1 2 2 333 102 14 0 0 0
1662648616.714439 20.803515625 29.147197475768795 981.8338586398866 1 2 2 1 2 2 333 102 14 0 0 0
1662648621.8484826 20.813671875 29.08798102316982 981.8583941343147 1 2 2 1 2 2 360 101 6 0 0 0
1662648626.982397 20.81875 29.028344650610876 981.8247202575591 1 2 2 1 2 2 360 101 6 0 0 0
1662648632.1163945 20.82890625 29.081611684235074 981.8458378408163 1 1 1 1 1 1 318 87 8 0 0 0
1662648637.2499158 20.82890625 29.123120188463254 981.8522124916973 1 1 1 1 1 1 318 87 8 0 0 0
1662648642.384014 20.82890625 29.045772646992365 981.8538962408135 1 1 1 1 1 1 318 87 8 0 0 0
1662648647.5172746 20.8390625 29.00398239310105 981.8350144684281 0 1 1 0 1 1 366 101 12 0 0 0
1662648652.6512723 20.84921875 29.176389714224115 981.8481240288861 0 1 1 0 1 1 366 101 12 0 0 0
1662648657.7841825 20.84921875 29.00370064709749 981.8346538227219 0 1 1 0 1 1 366 101 12 0 0 0
1662648662.9187539 20.84921875 29.11661215189529 981.8299631829359 0 1 1 0 1 1 366 103 14 0 0 0
1662648668.0533729 20.859375 28.97947642113346 981.8575054453146 1 2 2 1 2 2 366 103 14 0 0 0
1662648673.1873655 20.84921875 29.175834079155884 981.8389836101686 1 2 2 1 2 2 366 103 14 0 0 0
1662648678.3213174 20.859375 29.16393393436174 981.8305645969937 1 2 2 1 2 2 339 96 21 0 0 0
1662648683.4556344 20.84921875 29.069151733049708 981.8514915811273 1 2 2 1 2 2 339 96 21 0 0 0
1662648688.589633 20.8390625 29.20599997629564 981.8174551803128 1 2 2 1 2 2 339 96 21 0 0 0
1662648693.7229788 20.84921875 29.23588708114595 981.829241700444 1 2 2 1 2 2 324 89 21 0 0 0
1662648698.857108 20.844140625 29.25387408188747 981.8363375982474 1 2 2 1 2 2 324 89 21 0 0 0
1662648703.991284 20.8390625 29.00979160725787 981.8363375982474 1 2 2 1 2 2 348 102 14 2 0 0
1662648709.125127 20.844140625 29.18828927000826 981.8101187865458 1 2 2 1 2 2 348 102 14 2 0 0
1662648714.2583132 20.84921875 29.134462189988774 981.8406674130138 1 2 2 1 2 2 348 102 14 2 0 0
1662648719.3923404 20.854296875 29.223710989896198 981.7985723628922 1 2 2 1 2 2 339 99 12 2 0 0
1662648724.527063 20.854296875 29.14013352116245 981.8356160046886 1 2 2 1 2 2 339 99 12 2 0 0
1662648729.6602144 20.844140625 29.063061481390825 981.789552921681 1 2 2 1 2 2 339 99 12 2 0 0
1662648734.7941144 20.84921875 29.146501409615293 981.7992945528592 1 2 2 1 2 2 339 99 10 2 0 0
1662648739.9278333 20.844140625 29.16421204746903 981.7959270049588 1 2 2 1 2 2 339 99 10 2 0 0
1662648745.062502 20.8390625 29.122562174893563 981.8144485218769 1 2 2 1 2 2 339 99 10 2 0 0
1662648750.1939344 20.84921875 29.27117158360826 981.8144485218769 1 1 1 1 1 1 333 94 8 0 0 0
1662648755.3280551 20.8390625 29.223710989896198 981.8296024965655 1 1 1 1 1 1 333 94 8 0 0 0
1662648760.4625337 20.8390625 29.14608363991365 981.7882300771593 1 1 1 1 1 1 333 94 8 0 0 0
1662648765.5968485 20.8390625 29.283759520557663 981.8121631498886 1 2 2 1 2 2 369 103 12 0 0 0
1662648770.7303994 20.844140625 29.235748873378004 981.8279187213202 1 2 2 1 2 2 369 103 12 0 0 0
1662648775.862713 20.844140625 29.194239032450373 981.7985723628922 1 2 2 1 2 2 369 103 12 0 0 0
1662648780.9924064 20.844140625 29.170023005403525 981.8077134238357 1 2 2 1 2 2 348 101 12 0 0 0
1662648786.124372 20.844140625 29.259685739515465 981.7828178820591 0 1 1 0 1 1 339 99 17 0 0 0
1662648791.2559927 20.844140625 29.16393393436174 981.8131255691791 0 1 1 0 1 1 387 108 19 0 0 0
1662648796.3876743 20.84921875 29.301332995113196 981.8124038155927 1 2 2 1 2 2 387 108 19 0 0 0
1662648801.5208051 20.86953125 29.092252400404544 981.8324876436241 1 2 2 1 2 2 387 108 19 0 0 0
1662648806.6502655 20.854296875 29.235334185071576 981.8167330690397 1 2 2 1 2 2 345 94 14 2 0 0
1662648811.7821803 20.859375 29.354331306627845 981.7955659377426 0 1 1 0 1 1 345 94 14 2 0 0
1662648816.9125953 20.859375 29.265083851745032 981.8271969922139 0 1 1 0 1 1 345 94 14 2 0 0
1662648822.0429857 20.854296875 29.282658110662986 981.8170941795546 0 1 1 0 1 1 372 96 14 2 0 0
1662648827.1734035 20.854296875 29.18150639051536 981.8281586535475 0 1 1 0 1 1 372 96 14 2 0 0
1662648832.3038106 20.864453125 29.098202738521657 981.8049463625728 1 2 2 1 2 2 372 96 14 2 0 0
1662648837.4342527 20.859375 29.29469569451799 981.808313992642 1 2 2 1 2 2 366 92 14 2 0 0
1662648842.5637562 20.864453125 29.15770555311638 981.8086751709305 1 2 2 1 2 2 366 92 14 2 0 0
1662648847.698186 20.854296875 29.342979746012297 981.8241903342533 0 1 1 0 1 1 366 92 14 2 0 0
1662648852.8301184 20.84921875 29.36677766278383 981.819138968693 0 1 1 0 1 1 318 83 12 2 0 0
1662648857.96103 20.844140625 29.2775346251429 981.8262349461447 0 1 1 0 1 1 318 83 12 2 0 0
1662648863.0928478 20.844140625 29.319181664441214 981.8612337009495 0 1 1 0 1 1 318 83 12 2 0 0
1662648868.2243812 20.833984375 29.378813113005474 981.8050675448679 0 1 1 0 1 1 387 101 19 2 0 0
1662648873.3581407 20.84921875 29.16393393436174 981.7511876728431 0 1 1 0 1 1 387 101 19 2 0 0
1662648878.4918172 20.84921875 29.265773232927025 981.8363375982474 0 1 1 0 1 1 387 101 19 2 0 0
1662648883.6234972 20.833984375 29.194239032450373 981.8067512920239 0 1 1 0 1 1 387 101 19 2 0 0
1662648888.7572787 20.833984375 29.30160787175734 981.7953765332239 0 1 1 0 1 1 387 101 19 2 0 0
1662648893.887254 20.82890625 29.337578307737534 981.8159415347152 0 1 1 0 1 1 408 110 19 2 0 0
1662648899.019413 20.844140625 29.46196768187443 981.8093971982411 0 1 1 0 1 1 408 110 19 2 0 0
1662648904.14918 20.8390625 29.34325366407411 981.8080742864171 1 2 2 1 2 2 408 110 19 2 0 0
1662648909.2815187 20.8390625 29.46169645916034 981.8346538227219 1 2 2 1 2 2 378 103 17 2 0 0
1662648914.4146354 20.82890625 29.48022165355128 981.8118025339119 1 2 2 1 2 2 378 103 17 2 0 0
1662648919.5460422 20.82890625 29.474272590899858 981.7987439714776 1 2 2 1 2 2 378 103 17 2 0 0
1662648924.6797411 20.823828125 29.444391344316923 981.8306842264335 1 2 2 1 2 2 351 96 17 2 0 0
1662648929.8099258 20.82890625 29.42059451087031 981.8269562633557 1 2 2 1 2 2 351 96 17 2 0 0
1662648934.940455 20.833984375 29.450204805725217 981.81384688377 1 2 2 1 2 2 351 96 17 2 0 0
1662648940.0692034 20.823828125 29.33730429607021 981.8454774959328 1 2 2 1 2 2 339 96 17 2 0 0
1662648945.198629 20.84921875 29.569187664342685 981.8228673960039 1 2 2 1 2 2 339 96 17 2 0 0
1662648950.3323565 20.833984375 29.30105807513506 981.8181768525709 1 1 2 1 1 2 321 90 12 2 0 0
1662648955.467015 20.844140625 29.515510908866045 981.8363375982474 1 1 2 1 1 2 321 90 12 2 0 0
1662648960.6002707 20.8390625 29.372863738330544 981.8104794160773 1 1 2 1 1 2 321 90 12 2 0 0
1662648965.7341247 20.844140625 29.503612486078822 981.8329700472664 1 1 2 1 1 2 342 97 12 2 0 0
1662648970.8629017 20.84921875 29.35446817747031 981.8376606454949 1 1 2 1 1 2 342 97 12 2 0 0
1662648975.99538 20.84921875 29.5090214047026 981.8397051495084 1 1 2 1 1 2 342 97 12 2 0 0
1662648981.130135 20.854296875 29.49712241361117 981.819739506925 1 1 2 1 1 2 342 97 12 2 0 0
1662648986.2627254 20.854296875 29.431677226092713 981.838622675866 1 1 2 1 1 2 342 97 12 2 0 0
1662648991.3973565 20.859375 29.425591541720774 981.8322483994888 1 1 2 1 1 2 342 97 12 2 0 0
1662648996.528987 20.854296875 29.378130236495082 981.8275579116437 1 1 2 1 1 2 300 88 12 2 0 0
1662649001.662884 20.859375 29.31863260279948 981.8184168845295 1 1 2 1 1 2 300 88 12 2 0 0
1662649006.7939994 20.859375 29.467374755616536 981.7985723628922 1 1 2 1 1 2 300 88 12 2 0 0
1662649011.9286723 20.854296875 29.473324307817297 981.8433131218787 1 1 2 1 1 2 300 85 12 2 0 0
1662649017.0592792 20.854296875 29.29455811730689 981.8483646125828 1 1 2 1 1 2 300 85 12 2 0 0
1662649022.1901288 20.84921875 29.562969745940354 981.8140876037628 1 1 2 1 1 2 300 85 12 2 0 0
1662649027.3197653 20.84921875 29.586766412156678 981.8110809727164 0 1 2 0 1 2 300 85 14 2 0 0
1662649032.4520826 20.8390625 29.425999689416063 981.819499846143 1 3 3 1 3 3 408 110 20 2 0 0
1662649037.5869608 20.844140625 29.5866322330893 981.8164930913704 1 3 3 1 3 3 408 110 20 2 0 0
1662649042.7212644 20.844140625 29.616512013172397 981.8286400114218 1 3 3 1 3 3 408 110 20 2 0 0
1662649047.8556366 20.82890625 29.64044186068862 981.8522124916973 1 3 4 1 3 4 417 113 20 4 2 0
1662649052.9892426 20.823828125 29.474137154386455 981.8105300075706 1 3 4 1 3 4 417 113 20 4 2 0
1662649058.121067 20.82890625 29.563507449248508 981.7987439714776 1 3 4 1 3 4 417 113 20 4 2 0
1662649063.2543066 20.823828125 29.450611936840378 981.8122137272926 1 2 3 1 2 3 384 106 15 2 2 0
1662649068.3870416 20.82890625 29.569322016293036 981.8007881804697 1 2 3 1 2 3 384 106 15 2 2 0
1662649073.5182045 20.82890625 29.670586220385694 981.8303237595578 1 2 3 1 2 3 384 106 15 2 2 0
1662649078.6510482 20.8390625 29.557155064172196 981.8417495167314 1 2 3 1 2 3 378 104 17 2 2 0
1662649083.7854009 20.8390625 29.46196768187443 981.8164930913704 1 2 3 1 2 3 378 104 17 2 2 0
1662649088.9200397 20.8390625 29.64044186068862 981.8164930913704 1 2 3 1 2 3 378 104 17 2 2 0
1662649094.0536838 20.844140625 29.557155064172196 981.8507702315541 1 2 3 1 2 3 357 102 17 2 2 0
1662649099.185327 20.8390625 29.723594044685868 981.8228673960039 1 2 3 1 2 3 357 102 17 2 2 0
1662649104.3178563 20.844140625 29.628543870500224 981.7983325569444 1 2 3 1 2 3 357 102 17 2 2 0
1662649109.448804 20.833984375 29.676401834291088 981.8017000507663 1 2 3 1 2 3 348 104 17 2 2 0
1662649114.5807881 20.82890625 29.65855542969682 981.7983325569444 1 1 1 1 1 1 321 81 8 0 0 0
1662649119.7157362 20.8390625 29.581085723610244 981.7831788382117 1 1 1 1 1 1 306 76 8 0 0 0
1662649124.847338 20.833984375 29.527678963643144 981.8067512920239 1 1 1 1 1 1 306 76 8 0 0 0
1662649129.9786503 20.833984375 29.65855542969682 981.7986932813584 1 1 1 1 1 1 306 76 8 0 0 0
1662649135.1093097 20.844140625 29.646791226290134 981.8033837977822 1 1 1 1 1 1 285 74 8 0 0 0
1662649140.2417896 20.833984375 29.58730302010281 981.7734881914008 1 1 1 1 1 1 285 74 8 0 0 0
1662649145.3719797 20.82890625 29.65855542969682 981.7886416575569 1 1 1 1 1 1 285 74 8 0 0 0
1662649150.5057018 20.82890625 29.52172991492373 981.7994648683682 0 0 0 0 0 0 264 67 8 0 0 0
1662649155.6382926 20.833984375 29.68235061522351 981.8003770146797 0 0 0 0 0 0 264 67 8 0 0 0
1662649160.7703006 20.823828125 29.622862342421794 981.8155306177214 0 0 0 0 0 0 264 67 8 0 0 0
1662649165.9046845 20.82890625 29.65855542969682 981.8071625683369 0 0 0 0 0 0 243 64 8 0 0 0
1662649171.0388238 20.82890625 29.640975960797004 981.780223064548 1 1 1 1 1 1 243 64 8 0 0 0
1662649176.1705363 20.82890625 29.581354142838126 981.8538962408135 1 1 1 1 1 1 243 64 8 0 0 0
1662649181.3013787 20.81875 29.59920074373438 981.801148560491 1 1 1 1 1 1 264 68 6 0 0 0
1662649186.435562 20.81875 29.74805108971044 981.801148560491 0 0 0 0 0 0 264 68 6 0 0 0
1662649191.5675569 20.823828125 29.765896620109995 981.805478848825 0 0 0 0 0 0 264 68 6 0 0 0
1662649196.6985867 20.82890625 29.777793588881227 981.8273167573409 1 1 1 1 1 1 237 72 4 0 0 0
1662649201.832065 20.82890625 29.908657526421674 981.8508890468707 1 1 1 1 1 1 237 72 4 0 0 0
1662649206.9631596 20.823828125 29.73007298467616 981.7792605683564 1 1 1 1 1 1 273 79 8 2 0 0
1662649212.097722 20.833984375 29.801324070977092 981.8357354305979 1 1 1 1 1 1 273 79 8 2 0 0
1662649217.2292821 20.82890625 29.795507235830765 981.8088462879189 1 1 1 1 1 1 273 79 8 2 0 0
1662649222.3600929 20.82890625 29.72994049190092 981.7819067830096 0 1 1 0 1 1 252 70 8 2 0 0
1662649227.4903784 20.82890625 29.712227063531284 981.7751719095826 0 1 1 0 1 1 252 70 8 2 0 0
1662649232.616268 20.82890625 29.795507235830765 981.802060748071 0 1 1 0 1 1 252 70 8 2 0 0
1662649237.7497668 20.82890625 29.718308333063973 981.8252725153596 1 1 1 1 1 1 285 77 10 2 0 0
1662649242.8795848 20.82890625 29.860940240774514 981.8206323269521 1 1 1 1 1 1 285 77 10 2 0 0
1662649248.0120044 20.81875 29.72425690499132 981.7987439714776 1 1 1 1 1 1 285 77 10 2 0 0
1662649253.1445334 20.823828125 29.92637199950741 981.8357858107498 0 1 1 0 1 1 270 70 10 2 0 0
1662649258.278852 20.833984375 29.795243745407053 981.804706764926 0 1 1 0 1 1 270 70 10 2 0 0
1662649263.4097328 20.82890625 29.604881718548533 981.8054282150634 0 1 1 0 1 1 270 70 10 2 0 0
1662649268.5429862 20.823828125 29.842963807188145 981.7700698256084 0 1 1 0 1 1 270 68 14 2 0 0
1662649273.6736772 20.8390625 29.759419496578737 981.804706764926 0 1 1 0 1 1 270 68 14 2 0 0
1662649278.8082821 20.844140625 29.622594859956067 981.7891919099981 1 1 2 1 1 2 270 74 14 2 0 0
1662649283.9408221 20.833984375 29.77739775342757 981.7992945528592 1 1 2 1 1 2 270 74 14 2 0 0
1662649289.0728567 20.8390625 29.925981265243706 981.8464402528705 1 1 2 1 1 2 270 74 14 2 0 0
1662649294.2048717 20.844140625 29.830672738931856 981.7747601080328 1 1 1 1 1 1 285 79 16 0 0 0
1662649299.3353574 20.8390625 29.81890676952799 981.8110809727164 1 1 1 1 1 1 285 79 16 0 0 0
1662649304.4665785 20.844140625 29.81890676952799 981.7845016418595 1 1 1 1 1 1 285 79 16 0 0 0
1662649309.600296 20.854296875 29.6701866559101 981.8060296495004 1 2 2 1 2 2 249 72 16 2 0 0
1662649314.7322352 20.84921875 29.818380710592347 981.7804118536638 1 2 2 1 2 2 249 72 16 2 0 0
1662649319.8631036 20.844140625 29.741175916260485 981.7669415614656 1 2 2 1 2 2 249 72 16 2 0 0
1662649324.9946718 20.82890625 29.94990512622884 981.8000163038203 1 1 1 1 1 1 234 67 12 2 0 0
1662649330.1272306 20.84921875 29.78308262016419 981.7908756836332 1 1 1 1 1 1 234 67 12 2 0 0
1662649335.2582858 20.84921875 29.74778652571321 981.7992945528592 1 1 1 1 1 1 234 67 12 2 0 0
1662649340.3901532 20.8390625 29.866626786348757 981.7579226529256 1 1 1 1 1 1 261 72 10 2 0 0
1662649345.5246863 20.8390625 29.807009397337918 981.797610778874 1 1 1 1 1 1 261 72 10 2 0 0
1662649350.65735 20.844140625 29.72967547385516 981.8077134238357 1 1 1 1 1 1 261 72 10 2 0 0
1662649355.7908115 20.844140625 29.74765422746706 981.7985723628922 1 1 1 1 1 1 261 75 10 2 0 0
1662649360.9214637 20.854296875 29.800928991953626 981.7807730428722 0 1 1 0 1 1 183 46 8 0 0 0
1662649366.0559623 20.84921875 29.860416228404876 981.7740379504318 0 1 1 0 1 1 261 60 8 0 0 0
1662649371.1905537 20.844140625 29.866364895398856 981.8204617834942 0 1 1 0 1 1 261 60 8 0 0 0
1662649376.3200922 20.84921875 29.9378782254349 981.7783667543766 0 1 1 0 1 1 261 60 8 0 0 0
1662649381.4493892 20.84921875 29.842176426573463 981.7955659377426 1 1 1 1 1 1 282 67 6 0 0 0
1662649386.5838833 20.844140625 29.81890676952799 981.7824568161574 1 1 1 1 1 1 282 67 6 0 0 0
1662649391.7180746 20.84921875 29.723196198521148 981.7938821503428 1 1 1 1 1 1 282 67 6 0 0 0
1662649396.8502808 20.84921875 29.89584682607119 981.7851019560949 1 1 1 1 1 1 282 69 4 0 0 0
1662649401.983986 20.854296875 29.789163261803015 981.7585226311172 1 1 1 1 1 1 282 69 4 0 0 0
1662649407.118291 20.84921875 29.937748095910365 981.8144485218769 1 1 1 1 1 1 282 69 4 0 0 0
1662649412.2503166 20.84921875 29.914214656331033 981.7985723628922 1 1 1 1 1 1 303 76 6 0 0 0
1662649417.3812706 20.84921875 29.890290137470792 981.7804118536638 1 1 1 1 1 1 303 76 6 0 0 0
1662649422.5110743 20.84921875 29.788899569487217 981.7972497252127 1 1 1 1 1 1 303 76 6 0 0 0
1662649427.6449444 20.84921875 29.98520647943789 981.8140876037628 1 2 2 1 2 2 315 85 6 0 0 0
1662649432.777125 20.854296875 29.996974040663975 981.7770442801942 1 2 2 1 2 2 315 85 6 0 0 0
1662649437.9078999 20.854296875 29.818249168779918 981.761528754982 1 2 2 1 2 2 315 85 6 0 0 0
1662649443.0396628 20.859375 29.913823446402745 981.7796891459817 0 1 1 0 1 1 267 75 8 0 0 0
1662649448.172301 20.859375 29.77078878418609 981.7628510103393 0 1 1 0 1 1 267 75 8 0 0 0
1662649453.3062494 20.864453125 29.85407422275852 981.786424402199 1 1 1 1 1 1 297 85 8 0 0 0
1662649458.4403787 20.859375 30.050124155362273 981.8102359206604 1 1 1 1 1 1 297 85 8 0 0 0
1662649463.5743728 20.859375 29.931278652327766 981.7911144215017 1 1 1 1 1 1 297 85 8 0 0 0
1662649468.7089815 20.859375 29.806482790796284 981.7766829541222 1 1 1 1 1 1 276 83 8 0 0 0
1662649473.8427823 20.844140625 30.032794344092423 981.7555164519965 1 1 1 1 1 1 276 83 8 0 0 0
1662649478.9767375 20.854296875 29.955203826733396 981.7665801540652 1 1 1 1 1 1 276 83 8 0 0 0
1662649484.1106224 20.854296875 29.890028772443472 981.7632125546064 1 1 1 1 1 1 276 83 8 0 0 0
1662649489.244213 20.84921875 29.878000538004983 981.793520959818 1 1 1 1 1 1 276 83 8 0 0 0
1662649494.3789327 20.859375 30.008741823630448 981.7961659056944 1 1 1 1 1 1 276 83 8 0 0 0
1662649499.512293 20.854296875 29.99710350740419 981.8036237665963 1 1 1 1 1 1 303 90 15 0 0 0
1662649504.6472378 20.859375 29.85407422275852 981.7733153538231 1 1 1 1 1 1 303 90 15 0 0 0
1662649509.7815561 20.859375 29.842176426573463 981.7689866318367 1 1 1 1 1 1 303 90 15 0 0 0
1662649514.916548 20.8390625 29.99736240839255 981.7336274193129 1 1 1 1 1 1 288 85 13 0 0 0
1662649520.0512402 20.844140625 30.044691207251613 981.8023010880426 1 1 1 1 1 1 288 85 13 0 0 0
1662649525.185055 20.854296875 29.955203826733396 981.788830788563 1 2 2 1 2 2 246 75 10 4 0 0
1662649530.318606 20.833984375 29.84851886351629 981.7723541774966 1 2 2 1 2 2 246 75 10 4 0 0
1662649535.4530551 20.84921875 29.98520647943789 981.7770442801942 1 2 2 1 2 2 246 75 10 4 0 0
1662649540.586924 20.844140625 29.830541366514176 981.7989335127526 1 1 1 1 1 1 225 72 10 2 0 0
1662649545.7208142 20.84921875 29.866364895398856 981.765980287905 1 1 1 1 1 1 225 72 10 2 0 0
1662649550.8502808 20.854296875 29.878000538004983 981.7908756836332 1 1 1 1 1 1 225 72 10 2 0 0
1662649555.9832485 20.859375 29.966971400861638 981.7817343550959 1 2 2 1 2 2 237 79 12 4 0 0
1662649561.1172204 20.84921875 30.014690438447758 981.7978497338986 1 2 2 1 2 2 237 79 12 4 0 0
1662649566.2513275 20.859375 30.03227805477376 981.8311651046449 1 2 2 1 2 2 237 79 12 4 0 0
1662649571.3853002 20.864453125 29.84191387971809 981.8156490789324 1 2 2 1 2 2 252 82 12 2 0 0
1662649576.518515 20.859375 30.068227508262275 981.7982111032748 1 2 2 1 2 2 252 82 12 2 0 0
1662649581.651659 20.854296875 29.937357642351206 981.801217390517 1 2 2 1 2 2 252 82 12 2 0 0
1662649586.7860231 20.84921875 29.890028772443472 981.7884695573742 1 1 1 1 1 1 246 77 10 2 0 0
1662649591.9196668 20.84921875 29.824724010136627 981.7972497252127 1 1 1 1 1 1 246 77 10 2 0 0
1662649597.0536652 20.84921875 30.241236789898174 981.7740379504318 1 1 1 1 1 1 246 77 10 2 0 0
1662649602.1878533 20.844140625 29.860416228404876 981.8017000507663 1 1 1 1 1 1 246 77 14 2 0 0
1662649607.3222222 20.8390625 30.15239939560693 981.7953258149261 0 2 2 0 2 2 294 80 17 4 0 0
1662649612.4565022 20.82890625 30.175808777282292 981.8393444347151 0 1 1 0 1 1 252 66 10 2 0 0
1662649617.5907438 20.8390625 30.021155793176394 981.797610778874 0 1 1 0 1 1 252 66 10 2 0 0
1662649622.7245173 20.833984375 30.145940625480964 981.7794503626683 0 1 1 0 1 1 252 66 10 2 0 0
1662649627.8584387 20.8390625 30.098226581595956 981.8002561640568 0 1 1 0 1 1 252 66 10 2 0 0
1662649632.9928591 20.854296875 30.211115962363937 981.8015787327838 0 1 1 0 1 1 252 66 10 2 0 0
1662649638.1259718 20.86953125 30.258574776867867 981.8038620878142 0 1 1 0 1 1 252 66 10 2 0 0
1662649643.2592921 20.86953125 30.06783652469679 981.8021782322203 0 1 1 0 1 1 204 54 8 2 0 0
1662649648.390285 20.8796875 29.984294039128883 981.8051843125837 0 1 1 0 1 1 204 54 8 2 0 0
1662649653.5239143 20.884765625 30.073527970500617 981.8014548064427 0 1 1 0 1 1 204 54 8 2 0 0
1662649658.6571343 20.874609375 30.079476816841872 981.7997709238091 0 0 0 0 0 0 219 57 10 2 0 0
1662649663.7916846 20.8796875 30.169095789966114 981.8169713990761 0 0 0 0 0 0 219 57 10 2 0 0
1662649668.925287 20.874609375 30.09189310035324 981.7866617550277 0 0 0 0 0 0 219 57 10 2 0 0
1662649674.0598838 20.8796875 30.11516967854515 981.7775183886297 0 0 0 0 0 0 198 55 10 2 0 0
1662649679.193536 20.88984375 30.067321659696077 981.8027768251565 0 1 1 0 1 1 198 55 10 2 0 0
1662649684.327088 20.874609375 30.031627482193766 981.8071045383767 0 1 1 0 1 1 198 55 10 2 0 0
1662649689.4604852 20.8796875 29.99632156271344 981.7896676294774 0 1 1 0 1 1 297 83 10 2 0 0
1662649694.5938594 20.8796875 29.99593293379857 981.7788401203748 0 1 1 0 1 1 297 83 10 2 0 0
1662649699.7277684 20.874609375 30.073527970500617 981.7677771670732 1 2 2 1 2 2 306 88 12 2 0 0
1662649704.8611171 20.874609375 30.020117148202978 981.7997709238091 1 2 2 1 2 2 306 88 12 2 0 0
1662649709.9915082 20.8796875 30.04365458883238 981.7900294921351 1 2 2 1 2 2 306 88 12 2 0 0
1662649715.1248484 20.8796875 30.305777279906867 981.7920751001271 0 0 0 0 0 0 249 72 10 2 0 0
1662649720.257911 20.8796875 29.990502230340287 981.7769204067133 0 0 0 0 0 0 249 72 10 2 0 0
1662649725.3915787 20.884765625 30.1031437881608 981.8081903376776 0 0 0 0 0 0 249 72 10 2 0 0
1662649730.52414 20.884765625 30.04391256886257 981.8081903376776 0 1 1 0 1 1 261 76 12 2 0 0
1662649735.6568928 20.884765625 30.079476816841872 981.8081903376776 1 2 2 1 2 2 261 76 12 2 0 0
1662649740.7916303 20.884765625 30.162759583898165 981.7795643376667 1 2 2 1 2 2 261 76 12 2 0 0
1662649745.9262557 20.874609375 30.06745039219187 981.820339138704 1 1 1 1 1 1 270 81 8 0 0 0
1662649751.0602903 20.884765625 29.96631708950504 981.8091504913465 1 1 1 1 1 1 270 81 8 0 0 0
1662649756.1930761 20.9 29.98972452935604 981.7737883940853 1 1 1 1 1 1 270 81 8 0 0 0
1662649761.3273685 20.884765625 30.340964698661423 981.7893056570482 1 1 1 1 1 1 285 86 8 0 0 0
1662649766.461344 20.894921875 29.960367978978834 981.785575756408 1 1 1 1 1 1 285 86 8 0 0 0
1662649771.5953183 20.9 30.180223331930645 981.7657311236424 0 0 0 0 0 0 291 81 23 0 0 0
1662649776.730053 20.894921875 30.221865179054642 981.7775183886297 0 0 0 0 0 0 291 81 23 0 0 0
1662649781.8632984 20.905078125 30.168580717501357 981.8003688444826 0 0 0 0 0 0 291 81 23 0 0 0
1662649786.9946597 20.88984375 29.924673099472404 981.7859378657214 0 2 2 0 2 2 312 88 23 0 0 0
1662649792.1287117 20.9 30.305273364671205 981.7552654030817 0 2 2 0 2 2 312 88 23 0 0 0
1662649797.262154 20.91015625 30.025032196156644 981.802649822646 0 2 2 0 2 2 312 88 23 0 0 0
1662649802.3965015 20.91015625 30.203637162232308 981.8224950508935 0 1 1 0 1 1 276 83 21 0 0 0
1662649807.5290687 20.9205078125 30.203509949662926 981.8022873135283 0 0 0 0 0 0 276 83 21 0 0 0
1662649812.6625888 20.9205078125 30.215408136842974 981.7824422580255 0 0 0 0 0 0 276 83 21 0 0 0
1662649817.794448 20.9205078125 30.22730628280798 981.7935047392526 0 0 0 0 0 0 264 81 19 0 0 0
1662649822.9289947 20.9205078125 30.126042615295106 981.802649822646 0 1 1 0 1 1 264 81 19 0 0 0
1662649828.06439 20.9205078125 30.102630435758023 981.8184020174608 0 1 1 0 1 1 264 81 19 0 0 0
1662649833.1964488 20.9154296875 30.21553521254188 981.7828048200171 0 1 1 0 1 1 222 67 15 0 0 0
1662649838.32508 20.91015625 30.197688121622235 981.7925460390754 0 1 1 0 1 1 222 67 15 0 0 0
1662649843.4542165 20.894921875 30.162376671478114 981.8084263229251 0 0 0 0 0 0 222 67 15 0 0 0
1662649848.587001 20.9 30.09693812316865 981.7690989132886 0 0 0 0 0 0 237 72 17 0 0 0
1662649853.718401 20.9 30.126811131326864 981.7986849211843 0 0 0 0 0 0 255 78 11 0 0 0
1662649858.8502316 20.9 30.23388958401211 981.7603171270607 0 0 0 0 0 0 261 80 11 0 0 0
1662649863.9810445 20.9 30.215916374659663 981.7986849211843 1 1 1 1 1 1 261 80 11 0 0 0
1662649869.112355 20.905078125 30.17401940006643 981.781120870309 1 1 1 1 1 1 261 80 11 0 0 0
1662649874.2441404 20.9 30.11465691697666 981.7717421579321 1 1 1 1 1 1 297 89 6 0 0 0
1662649879.3752239 20.9 30.06124384410167 981.7464833336636 1 1 1 1 1 1 297 89 6 0 0 0
1662649884.5088983 20.91015625 30.227687066806755 981.7528564321805 1 1 1 1 1 1 297 89 6 0 0 0
1662649889.641632 20.91015625 30.084654392361077 981.757545581747 1 1 1 1 1 1 276 82 4 0 0 0
1662649894.7760713 20.905078125 30.186172198142522 981.8009658585424 1 1 1 1 1 1 276 82 4 0 0 0
1662649899.9086416 20.894921875 30.09693812316865 981.7767939246763 1 1 1 1 1 1 276 82 4 0 0 0
1662649905.042422 20.91015625 30.26920237787426 981.7717421579321 1 1 1 1 1 1 297 89 4 0 0 0
1662649910.1765723 20.905078125 30.227940868657083 981.7333746064558 1 1 1 1 1 1 297 89 4 0 0 0
1662649915.3097713 20.905078125 30.32881615339432 981.7579082372789 1 1 1 1 1 1 297 89 4 0 0 0
1662649920.4445212 20.9 30.35273626913166 981.8013282714289 1 1 1 1 1 1 309 93 4 0 0 0
1662649925.5769508 20.905078125 30.10870785869192 981.7612761076946 1 1 1 1 1 1 309 93 4 0 0 0
1662649930.7107437 20.9 30.412096694821667 981.7447994126057 1 1 1 1 1 1 309 93 4 0 0 0
1662649935.845655 20.905078125 30.251229116185982 981.793633151709 1 1 1 1 1 1 267 80 12 0 0 0
1662649940.9798093 20.905078125 30.293123874599445 981.7663279138433 1 1 1 1 1 1 267 80 12 0 0 0
1662649946.1133378 20.91015625 30.287175125406282 981.775706405393 1 1 1 1 1 1 282 78 10 0 0 0
1662649951.2465515 20.9154296875 30.26312700163915 981.7760690216045 1 1 1 1 1 1 282 78 10 0 0 0
1662649956.379193 20.9205078125 30.32248996678637 981.794592469935 1 1 1 1 1 1 282 78 10 0 0 0
1662649961.513918 20.9154296875 30.346411045816488 981.8013282714289 1 1 1 1 1 1 270 81 8 0 0 0
1662649966.6487992 20.9154296875 30.316918768341573 981.7579082372789 1 1 1 1 1 1 270 81 8 0 0 0
1662649971.782713 20.9205078125 30.29869429308205 981.7858101847621 1 1 1 1 1 1 270 81 8 0 0 0
1662649976.917229 20.91015625 30.364131999074118 981.7773903684459 1 1 1 1 1 1 270 81 10 0 0 0
1662649982.0500088 20.9205078125 30.35198329108173 981.76187186905 1 1 1 1 1 1 270 81 10 0 0 0
1662649987.1835392 20.9357421875 30.167432206292904 981.7648769040967 1 1 1 1 1 1 270 81 10 0 0 0
1662649992.3146012 20.9408203125 30.256798241596382 981.7560938617456 1 1 1 1 1 1 279 84 12 0 0 0
1662649997.4462717 20.9306640625 30.399574826617933 981.7716128634892 1 1 1 1 1 1 279 84 12 0 0 0
1662650002.5787604 20.9306640625 30.161355095169817 981.7890479574546 1 1 1 1 1 1 279 84 12 0 0 0
1662650007.7140532 20.9306640625 30.387677004559286 981.7665608938399 1 1 1 1 1 1 258 75 10 0 0 0
1662650012.8486686 20.9306640625 30.286417565942525 981.7864059255237 1 1 1 1 1 1 258 75 10 0 0 0
1662650017.9786232 20.9205078125 30.149711907829744 981.76187186905 1 2 2 1 2 2 279 91 16 2 0 0
1662650023.1128397 20.9255859375 30.36983019418956 981.7884527668722 1 2 2 1 2 2 279 91 16 2 0 0
1662650028.2476282 20.9306640625 30.322112370088718 981.7607827069832 1 2 2 1 2 2 279 89 14 2 0 0
1662650033.3782291 20.9306640625 30.197306246117613 981.7446690326424 1 2 2 1 2 2 279 89 14 2 0 0
1662650038.5122006 20.9255859375 30.28654385292699 981.756456956432 1 2 2 1 2 2 279 89 14 2 0 0
1662650043.6402924 20.9306640625 30.399699802603394 981.7914579383593 1 2 2 1 2 2 285 91 16 2 0 0
1662650048.772267 20.9205078125 30.256924859915355 981.7538148920747 1 2 2 1 2 2 285 91 16 2 0 0
1662650053.9059577 20.91015625 30.239457980649757 981.738659235941 1 2 2 1 2 2 285 91 16 2 0 0
1662650059.0373352 20.9154296875 30.239457980649757 981.7656026285447 1 2 2 1 2 2 279 89 16 2 0 0
1662650064.169661 20.9154296875 30.30451716693389 981.7554988542175 1 2 2 1 2 2 279 89 16 2 0 0
1662650069.302591 20.91015625 30.54259213314826 981.7416641619369 1 2 2 1 2 2 279 89 16 2 0 0
1662650074.4358568 20.9205078125 30.322867466019474 981.7648769040967 0 2 2 0 2 2 267 82 16 2 0 0
1662650079.5653985 20.91015625 30.399949722087065 981.7706545166536 0 2 2 0 2 2 267 82 16 2 0 0
1662650084.697525 20.9154296875 30.471209192324846 981.7545403671432 0 2 2 0 2 2 267 82 16 2 0 0
1662650089.8296409 20.91015625 30.41184709236397 981.732649218089 0 2 2 0 2 2 246 75 16 2 0 0
1662650094.9642751 20.9 30.483354434063468 981.7676492751643 0 2 2 0 2 2 246 75 16 2 0 0
1662650100.098008 20.9255859375 30.471209192324846 981.751768014233 1 1 2 1 1 2 267 82 12 2 0 0
1662650105.2318137 20.9205078125 30.316541063815933 981.7336073518236 1 1 2 1 1 2 267 82 12 2 0 0
1662650110.363175 20.9154296875 30.32856463492951 981.7306024116253 1 1 2 1 1 2 267 82 12 2 0 0
1662650115.494526 20.9205078125 30.310340156515263 981.7298763374445 1 1 2 1 1 2 261 80 12 2 0 0
1662650120.6267087 20.9357421875 30.44679235199613 981.7557306572639 1 1 2 1 1 2 261 80 12 2 0 0
1662650125.7595785 20.9306640625 30.316541063815933 981.729149824102 1 1 2 1 1 2 261 80 12 2 0 0
1662650130.8937998 20.9458984375 30.55969876792566 981.7402110756125 1 1 2 1 1 2 249 76 8 2 0 0
1662650136.0260665 20.9509765625 30.524375919877297 981.7358858318321 1 1 2 1 1 2 249 76 8 2 0 0
1662650141.1579776 20.9458984375 30.45881470273055 981.7489945919519 1 1 2 1 1 2 249 76 8 2 0 0
1662650146.2902753 20.9458984375 30.268443521647207 981.7617400937789 1 1 2 1 1 2 264 81 15 2 0 0
1662650151.421558 20.9458984375 30.2922404963462 981.7377998171904 1 1 2 1 1 2 264 81 15 2 0 0
1662650156.5536013 20.9408203125 30.41097314264729 981.6900540682686 1 1 2 1 1 2 264 81 15 2 0 0
1662650161.6843739 20.9306640625 30.387426746389096 981.7355224646896 0 0 1 0 0 1 264 79 13 2 0 0
1662650166.8171341 20.9408203125 30.381477683046718 981.7308338259296 0 0 1 0 0 1 264 79 13 2 0 0
1662650171.9520886 20.9306640625 30.340085304155338 981.7224138174923 0 0 1 0 0 1 264 79 13 2 0 0
1662650177.0811846 20.9458984375 30.494508124447112 981.7186823119144 0 0 1 0 0 1 279 84 17 2 0 0
1662650182.2127683 20.9306640625 30.595514720923163 981.7274658223447 0 0 0 0 0 0 279 83 10 0 0 0
1662650187.3468263 20.9458984375 30.309962084254728 981.7237343570116 0 0 0 0 0 0 258 76 8 0 0 0
1662650192.4803238 20.9408203125 30.214899725749135 981.7398475295371 0 0 0 0 0 0 258 76 8 0 0 0
1662650197.614903 20.9408203125 30.482486307920368 981.7297432731095 0 0 0 0 0 0 258 76 8 0 0 0
1662650202.7487726 20.9408203125 30.39932484215974 981.7038898050934 1 1 1 1 1 1 222 67 6 0 0 0
1662650207.8808618 20.9408203125 30.55399633626485 981.7085782236109 1 1 1 1 1 1 222 67 6 0 0 0
1662650213.0080445 20.9408203125 30.470712551188228 981.7368430169668 1 1 1 1 1 1 222 67 6 0 0 0
1662650218.137724 20.9357421875 30.452865763044645 981.7321544335741 0 0 0 0 0 0 222 67 6 0 0 0
1662650223.2697537 20.9357421875 30.571842598868393 981.6883700545669 0 0 0 0 0 0 222 67 6 0 0 0
1662650228.4043274 20.9255859375 30.47678556806255 981.7375698339399 0 0 0 0 0 0 222 67 6 0 0 0
1662650233.5328908 20.9306640625 30.548540644575763 981.7201356639249 0 0 0 0 0 0 195 58 8 0 0 0
1662650238.667197 20.9306640625 30.494879800449464 981.7540466408309 0 0 0 0 0 0 195 58 8 0 0 0
1662650243.8003016 20.9306640625 30.53205716619832 981.598200524188 0 0 0 0 0 0 195 58 8 0 0 0
1662650248.9340827 20.9306640625 30.470712551188228 981.7321544335741 0 0 0 0 0 0 210 63 10 0 0 0
1662650254.067708 20.9357421875 30.542098776338953 981.7388904960849 0 1 1 0 1 1 210 63 10 0 0 0
1662650259.19737 20.9408203125 30.62513600262264 981.7166346709752 0 1 1 0 1 1 210 63 10 0 0 0
1662650264.3274658 20.9509765625 30.607289607731072 981.7098985578857 1 2 3 1 2 3 336 87 18 2 0 0
1662650269.4599977 20.9611328125 30.535656177164167 981.7112188095405 1 2 3 1 2 3 336 87 18 2 0 0
1662650274.5947263 20.9560546875 30.518056242074014 981.7243273679663 1 1 2 1 1 2 315 85 14 2 0 0
1662650279.7262323 20.9611328125 30.612870683203905 981.7155431340215 1 1 2 1 1 2 315 85 14 2 0 0
1662650284.8599226 20.9509765625 30.57717644545072 981.7145868931954 1 1 2 1 1 2 315 85 14 2 0 0
1662650289.9911807 20.9611328125 30.51793258045275 981.6906462645161 1 1 1 1 1 1 315 85 12 0 0 0
1662650295.1218803 20.9611328125 30.44666788010932 981.6970183784022 1 1 1 1 1 1 315 85 12 0 0 0
1662650300.2546175 20.9509765625 30.48831127159603 981.6855941014147 1 1 1 1 1 1 315 85 12 0 0 0
1662650305.3834176 20.9509765625 30.547800954922515 981.6964263350685 1 1 1 1 1 1 321 87 10 0 0 0
1662650310.513635 20.9408203125 30.70853941384153 981.6657497076169 1 1 1 1 1 1 321 87 10 0 0 0
1662650315.6478758 20.9509765625 30.458566043488563 981.6902821057326 1 1 1 1 1 1 321 87 10 0 0 0
1662650320.782766 20.9611328125 30.62525842183784 981.7142230339897 0 1 1 0 1 1 291 76 10 0 0 0
1662650325.918151 20.9509765625 30.601095370553733 981.6801776988295 0 1 1 0 1 1 291 76 10 0 0 0
1662650331.0452142 20.9560546875 30.535779644345684 981.6940143736006 0 1 1 0 1 1 291 76 10 0 0 0
1662650336.1802337 20.9662109375 30.553503353574595 981.7071227895076 1 1 1 1 1 1 333 92 10 0 0 0
1662650341.3143194 20.9509765625 30.654757700052986 981.7205953415702 1 1 1 1 1 1 333 92 10 0 0 0
1662650346.445853 20.9611328125 30.565647658969464 981.7027986016287 1 1 1 1 1 1 294 88 14 0 0 0
1662650351.5768044 20.9509765625 30.589688768729573 981.6981103626755 1 1 1 1 1 1 294 88 14 0 0 0
1662650356.7115638 20.9611328125 30.666533316959416 981.6923303190233 1 1 1 1 1 1 294 88 14 0 0 0
1662650361.847456 20.9662109375 30.57717644545072 981.6977464777219 1 1 1 1 1 1 288 86 16 0 0 0
1662650366.980104 20.9560546875 30.612993271741995 981.7337039819575 0 0 0 0 0 0 288 86 16 0 0 0
1662650372.1155572 20.9611328125 30.66665527890457 981.6970183784022 0 0 0 0 0 0 288 86 16 0 0 0
1662650377.2459893 20.9458984375 30.488187267856212 981.6829541167332 0 0 0 0 0 0 267 84 14 0 0 0
1662650382.3770018 20.9509765625 30.565647658969464 981.7024346475372 1 1 1 1 1 1 267 84 14 0 0 0
1662650387.5098464 20.9509765625 30.625380830224856 981.7044826430711 1 1 1 1 1 1 267 84 14 0 0 0
1662650392.6404104 20.9509765625 30.601095370553733 981.7144506087933 1 1 1 1 1 1 273 89 16 0 0 0
1662650397.772644 20.9560546875 30.583740055747217 981.6842741503859 1 1 1 1 1 1 273 89 16 0 0 0
1662650402.903418 20.9560546875 30.66082851416594 981.7226433121285 1 1 1 1 1 1 273 89 16 0 0 0
1662650408.0367732 20.9458984375 30.48223817442066 981.6792220287903 1 1 1 1 1 1 258 84 14 0 0 0
1662650413.166569 20.9560546875 30.583371361288552 981.7020705836399 1 1 1 1 1 1 258 84 14 0 0 0
1662650418.3002667 20.9611328125 30.815371536471634 981.7377998171904 1 1 1 1 1 1 258 84 14 0 0 0
1662650423.4327846 20.9458984375 30.696642252928896 981.7138590649786 1 1 1 1 1 1 258 84 12 0 0 0
1662650428.5604265 20.9509765625 30.64893105153889 981.7297432731095 1 2 2 1 2 2 303 94 20 2 0 0
1662650433.6928668 20.9712890625 30.61894220687765 981.7104909271031 1 2 2 1 2 2 315 96 18 0 0 0
1662650438.8252614 20.9611328125 30.672482159344202 981.7181830861982 1 2 2 1 2 2 315 96 18 0 0 0
1662650443.959073 20.9611328125 30.50566302595444 981.7290156888854 1 2 2 1 2 2 315 96 18 0 0 0
1662650449.0899825 20.9712890625 30.743746380752004 981.7013421264169 1 2 2 1 2 2 273 82 16 0 0 0
1662650454.2227015 20.9611328125 30.708174997234234 981.7226433121285 1 2 2 1 2 2 273 82 16 0 0 0
1662650459.354656 20.9662109375 30.809062017352836 981.7404403161318 1 2 2 1 2 2 273 82 16 0 0 0
1662650464.4872198 20.9662109375 30.838805573652103 981.7235994827976 1 1 2 1 1 2 261 75 14 2 0 0
1662650469.6204424 20.9662109375 30.60704432630069 981.7148148936816 1 1 2 1 1 2 261 75 14 2 0 0
1662650474.7543604 20.9611328125 30.565278283752555 981.7434445390026 1 1 2 1 1 2 261 75 14 2 0 0
1662650479.8874457 20.9712890625 30.65426923996412 981.6929216491526 0 1 2 0 1 2 273 72 10 2 0 0
1662650485.0198915 20.9712890625 30.660340371059796 981.7084427387849 0 1 2 0 1 2 273 72 10 2 0 0
1662650490.1486595 20.9662109375 30.69008521562463 981.7335669051783 0 1 2 0 1 2 273 72 10 2 0 0
1662650495.281769 20.9865234375 30.648320161408755 981.7225068314584 1 1 2 1 1 2 303 82 10 2 0 0
1662650500.4151838 20.9814453125 30.844514359133424 981.693147295354 1 1 2 1 1 2 303 82 10 2 0 0
1662650505.5486422 20.9814453125 30.785025723714828 981.7178188284203 1 1 2 1 1 2 303 82 10 2 0 0
1662650510.681674 20.9814453125 30.588828809005282 981.7292433266146 1 1 1 1 1 1 243 78 6 0 0 0
1662650515.8150833 20.9763671875 30.790974633636377 981.6891889705201 1 1 1 1 1 1 243 78 6 0 0 0
1662650520.94849 20.9763671875 30.707931998690036 981.682452536309 1 1 1 1 1 1 222 71 6 0 0 0
1662650526.080215 20.9763671875 30.701983081307695 981.689553458737 1 1 1 1 1 1 222 71 6 0 0 0
1662650531.2135541 20.9712890625 30.79109520218185 981.708078509489 1 1 1 1 1 1 222 71 6 0 0 0
1662650536.346978 20.9662109375 30.660340371059796 981.7118109036309 1 1 1 1 1 1 216 69 4 0 0 0
1662650541.4808962 20.9560546875 30.7199511703916 981.7205953415702 1 1 1 1 1 1 216 69 4 0 0 0
1662650546.614229 20.9712890625 30.92208616057548 981.778810599403 1 1 1 1 1 1 216 69 4 0 0 0
1662650551.747401 20.9662109375 30.773369409691608 981.7326115746129 1 1 1 1 1 1 237 76 6 0 0 0
1662650556.8808 20.9662109375 30.80954331900604 981.7367081500472 1 1 1 1 1 1 237 76 6 0 0 0
1662650562.0146854 20.9662109375 30.672360254988156 981.738756232483 1 1 1 1 1 1 237 76 6 0 0 0
1662650567.1481042 20.9662109375 30.797164522690256 981.728287665429 1 1 1 1 1 1 237 76 8 0 0 0
1662650572.281446 20.9712890625 30.75552296672831 981.7380281520659 1 1 1 1 1 1 237 76 8 0 0 0
1662650577.4153147 20.9611328125 30.74350418153125 981.7033904920413 1 1 1 1 1 1 237 76 8 0 0 0
1662650582.5483549 20.9763671875 30.672238339804103 981.6929216491526 0 0 0 0 0 0 231 72 8 0 0 0
1662650587.6817951 20.9611328125 30.725778689000325 981.6882337555929 0 0 0 0 0 0 231 72 8 0 0 0
1662650592.8155546 20.9712890625 30.84475425399358 981.6828170787468 0 0 0 0 0 0 255 64 4 0 0 0
1662650597.948962 20.9662109375 31.01714354251278 981.6768095637553 0 0 0 0 0 0 255 64 4 0 0 0
1662650603.0824323 20.9611328125 30.94599901121163 981.7144506087933 0 0 0 0 0 0 255 64 4 0 0 0
1662650608.2151065 20.9662109375 30.767541426218195 981.7181830861982 0 0 0 0 0 0 255 59 6 0 0 0
1662650613.3485084 20.9560546875 30.821199869627 981.7303358152906 0 0 0 0 0 0 255 59 6 0 0 0
1662650618.4813263 20.9560546875 30.79157736808836 981.7003865151573 0 0 0 0 0 0 255 59 6 0 0 0
1662650623.6146727 20.9712890625 30.767541426218195 981.6882337555929 0 0 0 0 0 0 282 61 6 0 0 0
1662650628.7481534 20.9560546875 30.785628800229002 981.734067898115 0 0 0 0 0 0 282 61 6 0 0 0
1662650633.8814633 20.9560546875 30.720315208990428 981.7286517320624 0 0 0 0 0 0 282 61 6 0 0 0
1662650639.014146 20.9509765625 30.98799258304124 981.7132666142904 0 0 0 0 0 0 303 66 6 0 0 0
1662650644.1475897 20.9560546875 31.01166713417741 981.669845908469 0 0 0 0 0 0 303 66 6 0 0 0
1662650649.281545 20.9458984375 30.946236515230776 981.6906462645161 0 0 0 0 0 0 303 66 6 0 0 0
1662650654.4148664 20.9560546875 30.94635525099996 981.7035261804043 0 1 1 0 1 1 297 66 6 0 0 0
1662650659.548758 20.9458984375 30.875214873547492 981.7347954010081 0 1 1 0 1 1 297 66 6 0 0 0
1662650664.68213 20.9560546875 30.928510525547438 981.7159070894776 0 1 1 0 1 1 297 66 6 0 0 0
1662650669.8144977 20.9509765625 30.98799258304124 981.6728499559232 0 1 1 0 1 1 270 63 8 0 0 0
1662650674.9478765 20.9458984375 30.91090396728725 981.716998297022 0 1 1 0 1 1 273 77 10 0 0 0
1662650680.0815392 20.9509765625 31.04747361001711 981.7408041780682 1 1 1 1 1 1 279 77 10 0 0 0
1662650685.214866 20.9408203125 31.029864933862704 981.7166346709752 1 1 1 1 1 1 279 77 10 0 0 0
1662650690.348772 20.9560546875 30.839405463375627 981.722050341909 1 1 1 1 1 1 279 77 10 0 0 0
1662650695.4811382 20.9458984375 30.863079072056046 981.7432156155731 1 1 1 1 1 1 273 77 10 0 0 0
1662650700.6144788 20.9408203125 30.863079072056046 981.7044826430711 1 1 1 1 1 1 273 77 10 0 0 0
1662650705.748249 20.9408203125 30.839285507085613 981.7014784180997 1 1 1 1 1 1 273 77 10 0 0 0
1662650710.8816528 20.9509765625 30.910665707348297 981.7129028513331 1 2 2 1 2 2 306 88 14 0 0 0
1662650716.0143974 20.9408203125 31.089226799006415 981.6859581910577 1 2 2 1 2 2 306 88 14 0 0 0
1662650721.147812 20.9560546875 30.89270144496885 981.7361157607921 1 2 2 1 2 2 306 88 14 0 0 0
1662650726.282468 20.9458984375 30.863079072056046 981.7576448828539 1 1 1 1 1 1 291 83 10 0 0 0
1662650731.4128082 20.9458984375 31.11884948210449 981.7643811667293 1 1 1 1 1 1 291 83 10 0 0 0
1662650736.54626 20.9408203125 31.029982679489798 981.7448996586961 1 1 1 1 1 1 291 83 10 0 0 0
1662650741.6793575 20.9509765625 30.875214873547492 981.733474958601 1 2 2 1 2 2 312 92 14 0 0 0
1662650746.8102705 20.9458984375 31.047708723336637 981.7486312234522 1 2 2 1 2 2 312 92 14 0 0 0
1662650751.943559 20.9357421875 31.029747177409014 981.733474958601 1 2 2 1 2 2 312 92 14 0 0 0
1662650757.0769498 20.9611328125 31.124564026250464 981.6943783954678 1 1 1 1 1 1 261 67 10 0 0 0
1662650762.2108955 20.9662109375 31.070679127532674 981.7134949861588 1 1 1 1 1 1 261 67 10 0 0 0
1662650767.3402834 20.9814453125 30.933745379774336 981.719502938339 1 1 1 1 1 1 246 69 10 0 0 0
1662650772.4740305 20.9712890625 30.981571057357225 981.704345951593 1 1 1 1 1 1 246 69 10 0 0 0
1662650777.6082304 20.9763671875 30.928034696631215 981.7417604416587 1 1 1 1 1 1 246 69 10 0 0 0
1662650782.7416458 20.9763671875 31.165735180593835 981.6888243724873 0 1 1 0 1 1 225 64 6 0 0 0
1662650787.8740873 20.9763671875 31.04105492352652 981.716863151425 0 1 1 0 1 1 225 64 6 0 0 0
1662650793.0070136 20.9712890625 31.03510658328715 981.716498989905 0 1 1 0 1 1 225 64 6 0 0 0
1662650798.1402466 20.9763671875 31.052951573086883 981.7299717622125 1 1 1 1 1 1 252 73 10 0 0 0
1662650803.2726943 20.9814453125 30.892223930962686 981.709033844508 1 1 1 1 1 1 252 73 10 0 0 0
1662650808.4065533 20.9814453125 30.910069868027303 981.6777647944893 1 1 1 1 1 1 252 73 10 0 0 0
1662650813.5404193 20.9611328125 30.940050574480566 981.6623816280239 0 1 2 0 1 2 240 71 10 2 0 0
1662650818.67385 20.9712890625 31.21950033835965 981.7299717622125 0 1 2 0 1 2 240 71 10 2 0 0
1662650823.807236 20.9611328125 31.11255105549091 981.734067898115 0 1 2 0 1 2 240 71 10 2 0 0
1662650828.9398665 20.9662109375 31.154304167441886 981.7559608120603 0 1 2 0 1 2 231 71 8 2 0 0
1662650834.0717137 20.9814453125 31.052716466653195 981.7447645955224 0 1 2 0 1 2 231 71 8 2 0 0
1662650839.2047718 20.9814453125 30.933745379774336 981.7427163202889 0 1 1 0 1 1 198 61 6 0 0 0
1662650844.3382487 20.9763671875 31.278980082079116 981.6777647944893 0 1 1 0 1 1 198 61 6 0 0 0
1662650849.4677134 20.9712890625 31.046650372363207 981.6875048618624 0 1 1 0 1 1 198 61 6 0 0 0
1662650854.5996585 20.9814453125 31.06461334859594 981.7477686940724 0 1 1 0 1 1 219 68 8 0 0 0
1662650859.7342167 20.9814453125 30.993349681205228 981.6951962084095 0 1 1 0 1 1 219 68 8 0 0 0
1662650864.8684053 20.9814453125 31.05248131691347 981.7116729448487 0 1 1 0 1 1 219 68 8 0 0 0
1662650870.0017748 20.9916015625 31.100186724817615 981.7449914990283 0 1 1 0 1 1 225 70 8 0 0 0
1662650875.1359148 20.9865234375 31.082458594210582 981.7322472191984 0 1 1 0 1 1 225 70 8 0 0 0
1662650880.2688015 20.9865234375 31.046768010221925 981.7777189605899 0 1 1 0 1 1 225 70 8 0 0 0
1662650885.4018688 20.9814453125 31.272917136991342 981.7359798228913 0 1 1 0 1 1 210 65 8 0 0 0
1662650890.5362706 20.9814453125 31.11826561338448 981.7266035687154 0 1 1 0 1 1 210 65 8 0 0 0
1662650895.6706023 20.9916015625 31.165502630044934 981.7423520462062 0 1 1 0 1 1 210 65 8 0 0 0
1662650900.8035233 20.9865234375 31.07639289346177 981.7208227078444 0 1 1 0 1 1 210 63 8 0 0 0
1662650905.9379766 20.9865234375 31.076158269281468 981.7116729448487 0 1 1 0 1 1 210 63 8 0 0 0
1662650911.0720942 20.9814453125 31.08817265987808 981.7423520462062 0 1 1 0 1 1 210 63 8 0 0 0
1662650916.2059429 20.9865234375 31.153372957491154 981.7217778481453 0 1 1 0 1 1 231 70 8 0 0 0
1662650921.339041 20.9916015625 31.10006969174306 981.6813582500881 0 0 0 0 0 0 180 56 4 0 0 0
1662650926.4723065 20.9916015625 31.278635203501338 981.7326115746129 1 1 1 1 1 1 213 65 4 0 0 0
1662650931.605321 20.9916015625 30.993113185055286 981.7255106692606 1 1 1 1 1 1 213 65 4 0 0 0
1662650936.7397027 20.9865234375 31.207141123255273 981.6921926171236 1 1 1 1 1 1 213 65 4 0 0 0
1662650941.8727021 20.9865234375 31.338115968362533 981.7120375727474 1 1 1 1 1 1 255 79 4 0 0 0
1662650947.007032 20.9814453125 31.100303747065848 981.7255106692606 1 1 1 1 1 1 255 79 4 0 0 0
1662650952.1401145 20.9865234375 31.219384705717882 981.7073497214545 1 1 1 1 1 1 255 79 4 0 0 0
1662650957.274326 20.9814453125 31.254842608965518 981.6901438004738 1 1 1 1 1 1 291 91 6 0 0 0
1662650962.4086807 20.9865234375 31.290761095234664 981.6888243724873 1 1 1 1 1 1 291 91 6 0 0 0
1662650967.54239 20.9814453125 31.094355373087353 981.7086692993195 1 1 1 1 1 1 291 91 6 0 0 0
1662650972.67673 20.9814453125 31.391875106532144 981.728514451744 1 1 1 1 1 1 306 96 6 0 0 0
1662650977.8096256 20.9865234375 31.219269062250262 981.7137217095665 1 1 1 1 1 1 306 96 6 0 0 0
1662650982.9425995 20.9865234375 31.254842608965518 981.7460845694078 1 1 1 1 1 1 306 96 6 0 0 0
1662650988.0758245 20.9865234375 31.248779111419186 981.7170899834147 1 1 1 1 1 1 279 86 4 0 0 0
1662650993.209858 20.9966796875 31.21915340795678 981.7129923710563 1 1 1 1 1 1 279 86 4 0 0 0
1662650998.344194 20.9916015625 31.27852022232417 981.7247815205251 1 1 1 1 1 1 279 86 4 0 0 0
1662651003.4778552 20.9916015625 31.040584120135378 981.7436718139382 0 0 0 0 0 0 237 74 16 0 0 0
1662651008.6120124 20.9916015625 31.141708978597777 981.7547319969533 0 0 0 0 0 0 237 74 16 0 0 0
1662651013.7463582 20.9966796875 31.25449681223479 981.747995280429 0 0 0 0 0 0 243 76 16 0 0 0
1662651018.8805768 21.0017578125 31.379638071979052 981.7395743863499 0 1 1 0 1 1 243 76 16 0 0 0
1662651024.010266 20.9509765625 31.261366542461058 981.7200936974208 0 1 1 0 1 1 243 76 16 0 0 0
1662651029.1440723 21.0017578125 31.183115576936146 981.683996529344 0 1 1 0 1 1 222 71 14 0 0 0
1662651034.2794392 21.0169921875 31.25426622695239 981.738114819616 0 1 1 0 1 1 222 71 14 0 0 0
1662651039.4082532 21.0220703125 31.29567588185096 981.6976375932433 0 1 1 0 1 1 222 71 14 0 0 0
1662651044.5399256 21.0220703125 31.224523542013422 981.6849502744627 0 1 1 0 1 1 216 69 12 2 0 0
1662651049.6686308 21.0169921875 31.15302357512878 981.714480049462 0 1 1 0 1 1 216 69 12 2 0 0
1662651054.802633 21.0220703125 31.09353551119492 981.693005980293 0 1 1 0 1 1 216 69 12 2 0 0
1662651059.933155 21.0119140625 31.194664606541515 981.7135817442557 0 1 1 0 1 1 195 62 12 2 0 0
1662651065.0630462 21.0271484375 31.2183435247785 981.748220218052 0 1 1 0 1 1 195 62 12 2 0 0
1662651070.19645 21.0220703125 31.242138281738193 981.6892720960593 0 1 1 0 1 1 195 62 12 2 0 0
1662651075.3290014 21.0220703125 31.348984163640495 981.6972719901802 0 1 1 0 1 1 204 62 14 2 0 0
1662651080.4628522 21.0220703125 31.283893687278727 981.7263251912948 0 1 1 0 1 1 204 62 14 2 0 0
1662651085.595304 21.0373046875 31.28938250786157 981.7201204645188 0 1 1 0 1 1 258 67 8 0 0 0
1662651090.7254608 21.0373046875 31.15850660370353 981.6944902224577 0 1 1 0 1 1 258 67 8 0 0 0
1662651095.8590882 21.0373046875 31.39645908177087 981.6716421994142 0 1 1 0 1 1 243 65 8 0 0 0
1662651100.993106 21.0373046875 31.378499291294226 981.6827001282084 0 1 1 0 1 1 243 65 8 0 0 0
1662651106.1250248 21.0525390625 31.336743686783052 981.6931718827827 0 1 1 0 1 1 243 65 8 0 0 0
1662651111.256239 21.0576171875 31.134476975981407 981.7147018205859 0 1 1 0 1 1 252 68 6 0 0 0
1662651116.3890495 21.0525390625 31.128527774656256 981.7160202410981 0 1 1 0 1 1 252 68 6 0 0 0
1662651121.5211432 21.0474609375 31.26524154891649 981.6894373245019 0 1 1 0 1 1 252 68 6 0 0 0
1662651126.6530778 21.0474609375 31.20598250872455 981.6705437916037 0 1 1 0 1 1 261 70 6 0 0 0
1662651131.7847052 21.0525390625 31.13436022338909 981.7210731830835 0 1 1 0 1 1 261 70 6 0 0 0
1662651136.9180713 21.0474609375 31.271190581512908 981.7109672997435 0 1 1 0 1 1 261 70 6 0 0 0
1662651142.0471964 21.0474609375 31.170171967429248 981.7345476981267 0 1 1 0 1 1 291 75 8 0 0 0
1662651147.1795115 21.0474609375 31.104730866258958 981.7075986725239 0 1 1 0 1 1 291 75 8 0 0 0
1662651152.3129108 21.0423828125 31.34886990573462 981.6978588214453 0 1 1 0 1 1 291 75 8 0 0 0
1662651157.4467056 21.0423828125 31.45010921146118 981.6976375932433 0 1 1 0 1 1 306 78 8 0 0 0
1662651162.5807147 21.0373046875 31.497696438363082 981.7056932851914 0 1 1 0 1 1 306 78 8 0 0 0
1662651167.7151492 21.0373046875 31.242138281738193 981.6720081156542 1 2 2 1 2 2 291 88 19 2 0 0
1662651172.8486247 21.0373046875 31.313521563002432 981.7229012801982 1 2 2 1 2 2 291 88 19 2 0 0
1662651177.9816675 21.0271484375 31.43226383127511 981.709061803686 0 1 1 0 1 1 291 88 19 2 0 0
1662651183.115901 21.0271484375 31.277830107923094 981.6892720960593 0 0 0 0 0 0 279 81 17 0 0 0
1662651188.2502146 21.0322265625 31.45010921146118 981.695587731388 0 0 0 0 0 0 279 81 17 0 0 0
1662651193.38451 21.0322265625 31.497696438363082 981.7120647315536 0 0 0 0 0 0 279 81 17 0 0 0
1662651198.518309 21.0373046875 31.265587260054833 981.7141145819537 0 0 0 0 0 0 273 79 19 0 0 0
1662651203.6524274 21.0220703125 31.30139487494646 981.7124303224612 0 0 0 0 0 0 273 79 19 0 0 0
1662651208.7860875 21.0322265625 31.319355524559338 981.7026903293735 0 0 0 0 0 0 273 79 19 0 0 0
1662651213.9199243 21.0322265625 31.468067378186696 981.6770608892984 0 0 0 0 0 0 252 72 19 0 0 0
1662651219.052982 21.0322265625 31.47973855221798 981.6821136635731 0 0 0 0 0 0 252 72 19 0 0 0
1662651224.1859746 21.0373046875 31.59892847976832 981.7124303224612 0 0 0 0 0 0 252 72 19 0 0 0
1662651229.3202965 21.0322265625 31.450222295939316 981.6824793886357 0 0 0 0 0 0 252 69 19 0 0 0
1662651234.4545476 21.0322265625 31.396572792561045 981.6858478780581 0 0 0 0 0 0 252 69 19 0 0 0
1662651239.5875406 21.0322265625 31.45010921146118 981.707798639439 0 0 0 0 0 0 252 69 19 0 0 0
1662651244.721818 21.0220703125 31.37300649678896 981.7056932851914 0 0 0 0 0 0 258 71 17 0 0 0
1662651249.8555944 21.0271484375 31.378841039164605 981.7195327876937 0 0 0 0 0 0 228 59 10 0 0 0
1662651254.98988 21.0322265625 31.426428708620666 981.7124303224612 0 0 0 0 0 0 249 63 14 0 0 0
1662651260.1235332 21.0220703125 31.468067378186696 981.6896375456017 0 0 0 0 0 0 249 63 14 0 0 0
1662651265.257743 21.0373046875 31.420139974305204 981.6969062772728 0 0 0 0 0 0 249 63 14 0 0 0
1662651270.3920724 21.0322265625 31.39634536015553 981.7214390222038 0 0 0 0 0 0 228 63 16 0 0 0
1662651275.5261772 21.0373046875 31.563239583246645 981.6905349554321 0 0 0 0 0 0 228 63 16 0 0 0
1662651280.6595128 21.0373046875 31.33113825769744 981.7049618850856 0 0 0 0 0 0 228 63 16 0 0 0
1662651285.7882571 21.0373046875 31.467954498866597 981.6720081156542 0 0 0 0 0 0 192 54 12 0 0 0
1662651290.9221144 21.0322265625 31.527438120135553 981.6864347401511 0 0 0 0 0 0 192 54 12 0 0 0
1662651296.056311 21.0322265625 31.628668943379797 981.6888506969201 0 0 0 0 0 0 192 54 12 0 0 0
1662651301.1909556 21.0322265625 31.49747133109925 981.6665893857338 0 0 0 0 0 0 186 50 10 0 0 0
1662651306.3251185 21.0322265625 31.539558827275656 981.7019590947358 0 0 0 0 0 0 186 50 10 0 0 0
1662651311.4597285 21.0373046875 31.50341982484045 981.7073775444037 0 0 0 0 0 0 186 50 10 0 0 0
1662651316.592522 21.0373046875 31.343035538635103 981.7197547216944 0 0 0 0 0 0 228 64 12 0 0 0
1662651321.7229006 21.0423828125 31.551231279992237 981.6585340556852 0 0 0 0 0 0 228 64 12 0 0 0
1662651326.8559744 21.0322265625 31.646291431304366 981.6450600001995 0 0 0 0 0 0 228 64 12 0 0 0
1662651331.9876716 21.0373046875 31.47973855221798 981.70628032014 0 1 1 0 1 1 204 64 6 0 0 0
1662651337.120916 21.0322265625 31.414191336231934 981.6821136635731 0 1 1 0 1 1 204 64 6 0 0 0
1662651342.2524245 21.0423828125 31.36637370090834 981.6847504546681 0 1 1 0 1 1 210 66 6 0 0 0
1662651347.385825 21.0373046875 31.44393442350394 981.6645390343385 0 1 1 0 1 1 210 66 6 0 0 0
1662651352.5170276 21.0474609375 31.420026515417057 981.6877530253234 0 1 1 0 1 1 210 66 6 0 0 0
1662651357.6441314 21.0373046875 31.598594322616727 981.6982247404923 1 1 1 1 1 1 252 80 8 0 0 0
1662651362.7771356 21.0525390625 31.551007403630457 981.6877530253234 1 1 1 1 1 1 252 80 8 0 0 0
1662651367.9089503 21.0322265625 31.54483493593959 981.68101582931 1 1 1 1 1 1 252 80 8 0 0 0
1662651373.0427182 21.0525390625 31.40824268784923 981.6823339773094 1 1 1 1 1 1 246 80 8 0 0 0
