timestamp temperature humidity pressure pm10_standard pm25_standard pm100_standard pm10_env pm25_env pm100_env particles_03um particles_05um particles_10um particles_25um particles_50um particles_100um
1668043670.3315725 19.6953125 41.150256474263955 992.5251532626949 0 0 0 0 0 0 75 23 4 0 0 0 
1668043675.4652302 19.70546875 41.1620840063614 992.4929611002667 0 0 0 0 0 0 75 23 4 0 0 0 
1668043680.5985777 19.700390625 41.150257568835094 992.5117041735498 0 0 0 0 0 0 75 23 4 0 0 0 
1668043685.7319057 19.710546875 41.17391286402187 992.504729142547 0 0 0 0 0 0 75 23 4 0 0 0 
1668043690.861682 19.710546875 41.091119017370616 992.5075901919189 0 0 0 0 0 0 75 22 4 2 0 0 
1668043695.9956195 19.715625 41.19165422781529 992.4994350576426 0 0 0 0 0 0 75 22 4 2 0 0 
1668043701.129256 19.720703125 41.0201505145798 992.5291948790968 0 0 0 0 0 0 63 18 4 2 0 0 
1668043706.2623105 19.730859375 41.28036736990137 992.5054073032916 0 0 0 0 0 0 63 18 4 2 0 0 
1668043711.3956718 19.72578125 41.14434673440298 992.5205381370439 0 0 0 0 0 0 63 18 4 2 0 0 
1668043716.5296242 19.720703125 41.00240570464001 992.4917065499014 0 0 0 0 0 0 84 25 8 2 0 0 
1668043721.6629844 19.730859375 41.08520652532542 992.5214663616888 0 0 0 0 0 0 84 25 8 2 0 0 
1668043726.7963893 19.730859375 41.031977132255996 992.5368485479223 0 0 0 0 0 0 84 25 8 2 0 0 
1668043731.9297392 19.741015625 41.079292355242444 992.5478641897843 0 0 0 0 0 0 72 21 8 2 0 0 
1668043737.0631604 19.741015625 41.03789069897259 992.5411390982127 0 0 0 0 0 0 72 21 8 2 0 0 
1668043742.1964853 19.741015625 40.99057368615082 992.5240749719685 0 0 0 0 0 0 72 21 8 2 0 0 
1668043747.3298225 19.751171875 41.1680114932608 992.5005369802344 0 0 0 0 0 0 72 21 8 2 0 0 
1668043752.4622743 19.761328125 40.91367868455928 992.5672859948701 0 0 0 0 0 0 72 21 8 2 0 0 
1668043757.5956066 19.761328125 41.04380481482372 992.5235718404289 0 0 0 0 0 0 72 21 8 2 0 0 
1668043762.7288878 19.761328125 40.9491667846299 992.5297936325946 0 0 0 0 0 0 72 21 8 2 0 0 
1668043767.8621185 19.7716796875 41.09703786001487 992.5614874717701 0 0 0 0 0 0 72 21 8 2 0 0 
1668043772.995948 19.7716796875 41.07929347170022 992.5528288851461 0 0 0 0 0 0 42 14 6 0 0 0 
1668043778.129108 19.7919921875 40.807187153383595 992.5626652554312 0 0 0 0 0 0 42 14 6 0 0 0 
1668043783.2624357 19.7970703125 41.037886861353506 992.5638426571338 0 0 0 0 0 0 42 14 6 0 0 0 
1668043788.395817 19.7919921875 41.055633202914095 992.5472807473164 0 0 0 0 0 0 48 16 6 0 0 0 
1668043793.5296714 19.7970703125 40.84859093696156 992.5652719262321 0 0 0 0 0 0 48 16 6 0 0 0 
1668043798.6625404 19.8072265625 40.91957813882306 992.5765374708654 0 0 0 0 0 0 48 16 6 0 0 0 
1668043803.7964916 19.8173828125 40.91365890090201 992.5762850982386 0 0 1 0 0 1 48 16 6 2 2 2 
1668043808.9298203 19.8224609375 40.83083266597281 992.5527446069481 0 0 1 0 0 1 48 16 6 2 2 2 
1668043814.0635724 19.8224609375 41.02605449239545 992.5592178429318 0 0 1 0 0 1 48 16 6 2 2 2 
1668043819.1965384 19.8224609375 40.81308168549756 992.572669661254 0 0 1 0 0 1 60 20 8 2 2 2 
1668043824.3298972 19.8224609375 41.014221169297926 992.5553492730231 0 0 1 0 0 1 60 20 8 2 2 2 
1668043829.4634583 19.8326171875 40.907735421049324 992.5702299620892 0 0 1 0 0 1 60 20 8 2 2 2 
1668043834.5966249 19.8326171875 40.80716249737585 992.6254675883777 0 0 1 0 0 1 66 20 8 2 2 2 
1668043839.729967 19.8376953125 40.78350124121878 992.6098281909531 0 0 1 0 0 1 66 20 8 2 2 2 
1668043844.8632762 19.8376953125 40.87815314251212 992.5856163560665 0 0 1 0 0 1 66 20 8 2 2 2 
1668043849.9959998 19.8478515625 40.81898574383221 992.5983102154819 0 0 3 0 0 3 72 22 10 4 4 4 
1668043855.129399 19.8529296875 40.884064698549686 992.5980572690473 0 0 0 0 0 0 72 24 0 0 0 0 
1668043860.2629635 19.8427734375 40.824902063712436 992.5879679101355 0 0 0 0 0 0 78 26 0 0 0 0 
1668043865.39623 19.8580078125 40.84264820694508 992.5821633716868 0 0 0 0 0 0 78 26 0 0 0 0 
1668043870.5285962 19.8529296875 40.78348072846818 992.5944410664856 0 0 0 0 0 0 78 26 0 0 0 0 
1668043875.6619906 19.8580078125 40.617808716340654 992.603770849903 0 0 0 0 0 0 78 26 0 0 0 0 
1668043880.795771 19.8681640625 40.96096894706905 992.5903179358506 0 0 0 0 0 0 78 26 0 0 0 0 
1668043885.929178 19.8630859375 40.90771932342404 992.59561617449 0 0 0 0 0 0 78 26 0 0 0 0 
1668043891.0628912 19.8783203125 40.93138528629251 992.6453652619572 0 0 0 0 0 0 72 24 0 0 0 0 
1668043896.1962857 19.8833984375 40.71246886902808 992.6182051064732 0 0 0 0 0 0 72 24 0 0 0 0 
1668043901.3302174 19.8935546875 40.57043770941055 992.6028162041949 0 0 0 0 0 0 72 24 0 0 0 0 
1668043906.4635043 19.8986328125 40.65327482574022 992.6210608840989 0 0 0 0 0 0 78 26 0 0 0 0 
1668043911.5967002 19.9037109375 40.74795412952821 992.6138259886142 0 0 0 0 0 0 78 26 0 0 0 0 
1668043916.729176 19.9037109375 40.830785979881654 992.5970087519293 0 0 0 0 0 0 78 26 0 0 0 0 
1668043921.8623772 19.9138671875 40.63550166191359 992.5970087519293 0 0 0 0 0 0 66 22 0 0 0 0 
1668043926.9952953 19.9341796875 40.71241632538332 992.6089354369553 0 0 0 0 0 0 66 22 0 0 0 0 
1668043932.1289392 19.9544921875 40.55852860062104 992.6103623564933 0 0 0 0 0 0 66 22 0 0 0 0 
1668043937.263143 19.96484375 40.6887219263955 992.6016982004628 0 0 0 0 0 0 36 10 4 2 0 0 
1668043942.3962522 19.96484375 40.62363374689806 992.6028696069219 0 0 0 0 0 0 36 10 4 2 0 0 
1668043947.5288162 19.959765625 40.552597748223334 992.5846245759915 0 0 0 0 0 0 36 10 4 2 0 0 
1668043952.6627958 19.96484375 40.706466904076095 992.597568612287 0 0 0 0 0 0 30 8 2 2 0 0 
1668043957.79739 19.969921875 40.46973250513322 992.6174957247355 0 0 0 0 0 0 30 8 2 2 0 0 
1668043962.931242 19.975 40.76564793891774 992.6343145980999 0 0 0 0 0 0 30 8 2 2 0 0 
1668043968.0651484 19.975 40.70054874416426 992.6340592608385 0 0 0 0 0 0 36 8 2 2 0 0 
1668043973.1982455 19.980078125 40.55850354941782 992.6242232732434 0 0 0 0 0 0 36 8 2 2 0 0 
1668043978.332181 19.975 40.67093777935608 992.6023587446767 0 0 0 0 0 0 36 8 2 2 0 0 
1668043983.466068 19.98515625 40.56440332591592 992.6136208418325 0 0 0 0 0 0 42 8 2 2 0 0 
1668043988.599908 19.980078125 40.61767659936449 992.6232009438431 0 0 0 0 0 0 42 8 2 2 0 0 
1668043993.7330158 19.9953125 40.558478325534836 992.6128533595045 0 0 0 0 0 0 42 8 2 2 0 0 
1668043998.8669713 20.00546875 40.434174522798294 992.5943518627271 0 0 0 0 0 0 36 8 2 2 0 0 
1668044004.0004532 20.000390625 40.582147188063715 992.6395088137717 0 0 0 0 0 0 36 8 2 2 0 0 
1668044009.1335394 20.020703125 40.51110041297517 992.6104028993685 0 0 0 0 0 0 36 8 2 2 0 0 
1668044014.2655604 20.030859375 40.54658874813641 992.646381802103 0 0 0 0 0 0 48 12 2 2 0 0 
1668044019.3969429 20.041015625 40.59393693703132 992.6638582075227 0 0 0 0 0 0 78 23 4 4 2 0 
1668044024.5277393 20.04609375 40.48738059251417 992.6652835141626 0 0 0 0 0 0 66 19 2 2 0 0 
1668044029.659308 20.051171875 40.48144637153507 992.6871510753418 0 0 0 0 0 0 66 19 2 2 0 0 
1668044034.790075 20.051171875 40.32161070232624 992.6838436847856 0 0 0 0 0 0 66 19 2 2 0 0 
1668044039.922567 20.05625 40.52879003550971 992.6602371555666 0 0 0 0 0 0 60 17 0 0 0 0 
1668044045.0571675 20.05625 40.43408054382275 992.6838436847856 0 0 0 0 0 0 60 17 0 0 0 0 
1668044050.18759 20.05625 40.51696439304211 992.6737508790545 0 0 0 0 0 0 60 17 0 0 0 0 
1668044055.3166494 20.04609375 40.445920225647036 992.6439298069068 0 0 0 0 0 0 54 15 0 0 0 0 
1668044060.451706 20.05625 40.416312838295454 992.6450980835497 0 0 0 0 0 0 54 15 0 0 0 0 
1668044065.5803554 20.061328125 40.31569071903573 992.6417338460917 0 0 0 0 0 0 54 15 0 0 0 0 
1668044070.7137501 20.05625 40.48142429891615 992.6518831419285 0 0 0 0 0 0 54 15 0 0 0 0 
1668044075.848381 20.06640625 40.50511093349157 992.6667653374559 0 0 0 0 0 0 54 15 0 0 0 0 
1668044080.9800086 20.071484375 40.46365695419298 992.664568823716 0 0 0 0 0 0 54 15 0 0 0 0 
1668044086.1109974 20.081640625 40.339352621067164 992.6580974187019 0 0 0 0 0 0 33 8 0 0 0 0 
1668044091.2416947 20.0765625 40.44588128929464 992.6539608125878 0 0 0 0 0 0 33 8 0 0 0 0 
1668044096.3758247 20.08671875 40.36891820185314 992.6794511711865 0 0 0 0 0 0 33 8 0 0 0 0 
1668044101.5072381 20.08671875 40.546516045884886 992.6710402291028 0 0 0 0 0 0 90 27 8 0 0 0 
1668044106.639459 20.096875 40.32154619140324 992.6654786701197 0 0 0 0 0 0 90 27 8 0 0 0 
1668044111.772181 20.10703125 40.386662057700114 992.653187544526 0 0 0 0 0 0 96 29 8 0 0 0 
1668044116.9057758 20.096875 40.31558799875261 992.7070193171521 0 0 0 0 0 0 96 29 8 0 0 0 
1668044122.038114 20.091796875 40.20902361138537 992.659916512193 0 0 0 0 0 0 96 29 8 0 0 0 
1668044127.1689842 20.10703125 40.36888298488922 992.6781634079515 0 0 0 0 0 0 102 31 6 0 0 0 
1668044132.3012075 20.122265625 40.34518253678955 992.6759652546315 0 0 0 0 0 0 102 31 6 0 0 0 
1668044137.4356127 20.12734375 40.321471457801664 992.6936961593253 0 0 0 0 0 0 102 31 6 0 0 0 
1668044142.567078 20.1375 40.297787370765626 992.6603081286416 0 0 0 0 0 0 114 33 6 0 0 0 
1668044147.6981437 20.12734375 40.38067229120168 992.6782968253673 0 0 0 0 0 0 114 33 6 0 0 0 
1668044152.8325663 20.142578125 40.26815212439722 992.6785552382881 0 0 0 0 0 0 114 33 6 0 0 0 
1668044157.967333 20.142578125 40.23854550742064 992.661731999327 0 0 0 0 0 0 108 31 4 0 0 0 
1668044163.098182 20.1375 40.268172072899226 992.6867085152601 0 0 0 0 0 0 108 31 4 0 0 0 
1668044168.2278762 20.1478515625 40.16749971558776 992.6362384020988 0 0 0 0 0 0 108 31 4 0 0 0 
1668044173.3602898 20.1580078125 40.41618135884027 992.669885137221 0 0 0 0 0 0 93 26 2 0 0 0 
1668044178.4922042 20.1478515625 40.16749971558776 992.6547441029583 0 0 0 0 0 0 93 26 2 0 0 0 
1668044183.62403 20.1529296875 40.23854550742064 992.6570733818188 0 0 0 0 0 0 219 61 2 0 0 0 
1668044188.7533581 20.1630859375 40.30366055063393 992.6231661787613 0 1 1 0 1 1 219 61 2 0 0 0 
1668044193.882659 20.1783203125 40.25033710438454 992.7014622910733 0 1 1 0 1 1 219 61 2 0 0 0 
1668044199.017017 20.1732421875 40.22666085730178 992.6834737308767 0 0 0 0 0 0 114 28 0 0 0 0 
1668044204.1515446 20.1884765625 40.13185517506552 992.7021073658789 0 0 0 0 0 0 114 28 0 0 0 0 
1668044209.2814548 20.2138671875 40.27986575052797 992.6864452681194 0 0 0 0 0 0 114 28 0 0 0 0 
1668044214.416204 20.1986328125 40.250265138176076 992.6799750580656 0 0 0 0 0 0 114 28 2 0 0 0 
1668044219.546831 20.1986328125 40.185143035108524 992.6833400867592 0 0 0 0 0 0 114 28 2 0 0 0 
1668044224.6807094 20.1986328125 40.03116439614039 992.6692363541654 0 0 0 0 0 0 114 28 2 0 0 0 
1668044229.8124325 20.1986328125 40.24435336941486 992.7090968257455 0 0 0 0 0 0 81 21 2 0 0 0 
1668044234.943285 20.1783203125 40.108202216871135 992.6588819570753 0 0 0 0 0 0 81 21 2 0 0 0 
1668044240.0770285 20.1884765625 40.345054976660805 992.6790716344117 0 0 0 0 0 0 81 21 2 0 0 0 
1668044245.2092736 20.1935546875 40.35097668000414 992.6689767944858 0 0 0 0 0 0 54 16 2 0 0 0 
1668044250.3410687 20.1986328125 40.35690741861288 992.6603046930625 0 0 0 0 0 0 54 16 2 0 0 0 
1668044255.4750764 20.1986328125 40.21474280521546 992.7015880239873 0 0 0 0 0 0 54 16 2 0 0 0 
1668044260.6074042 20.2037109375 40.13773091398019 992.6482673496072 0 0 0 0 0 0 69 21 2 0 0 0 
1668044265.7366447 20.2037109375 40.13774253071511 992.6681974598386 0 0 0 0 0 0 54 14 8 2 0 0 
1668044270.8713129 20.1986328125 40.125874313619605 992.702750800888 0 0 0 0 0 0 54 14 8 2 0 0 
1668044276.002482 20.2138671875 40.114053088272485 992.6813976840878 0 0 0 0 0 0 48 12 8 2 0 0 
1668044281.1338232 20.2087890625 40.08441658516724 992.6676773570404 0 0 0 0 0 0 48 12 8 2 0 0 
1668044286.266047 20.2189453125 40.125862539221025 992.6904525322466 0 0 0 0 0 0 48 12 8 2 0 0 
1668044291.39826 20.2138671875 40.06664883319195 992.7125861792316 0 0 0 0 0 0 48 12 8 2 0 0 
1668044296.5302207 20.2087890625 40.1140173892277 992.6707822507927 0 0 0 0 0 0 48 12 8 2 0 0 
1668044301.6633873 20.2240234375 40.072534234816096 992.6856650696121 0 0 0 0 0 0 48 12 8 2 0 0 
1668044306.7955246 20.2341796875 40.161397742687925 992.6498098921504 0 0 0 0 0 0 36 10 6 2 0 0 
1668044311.9274206 20.2240234375 40.09624958720238 992.6738870897788 0 0 0 0 0 0 36 10 6 2 0 0 
1668044317.061766 20.2341796875 40.06662391281254 992.6452834387223 0 0 0 0 0 0 36 10 6 2 0 0 
1668044322.1938357 20.2341796875 40.08437980076929 992.6472264931788 0 0 0 0 0 0 36 10 6 2 0 0 
1668044327.3248343 20.2443359375 40.102111803472546 992.6762101606786 0 0 0 0 0 0 36 10 6 2 0 0 
1668044332.4535336 20.2443359375 40.036945916142805 992.6855759587312 0 0 0 0 0 0 36 10 6 2 0 0 
1668044337.5870223 20.2443359375 40.09025364351735 992.6944583738339 0 0 0 0 0 0 42 12 6 2 0 0 
1668044342.7191243 20.2646484375 40.08429359271682 992.6451917099826 0 0 0 0 0 0 42 12 6 2 0 0 
1668044347.8486712 20.2646484375 39.8710647694509 992.6488183986406 0 0 0 0 0 0 12 4 2 0 0 0 
1668044352.97969 20.2697265625 40.08428123410468 992.670170591565 0 0 0 0 0 0 12 4 2 0 0 0 
1668044358.11163 20.2798828125 39.94802829074028 992.6651225194792 0 0 0 0 0 0 12 4 2 0 0 0 
1668044363.2385113 20.2595703125 39.96582655832216 992.6771625702561 0 0 0 0 0 0 12 4 2 0 0 0 
1668044368.3698983 20.2748046875 40.10206329344021 992.6985151972946 0 0 0 0 0 0 12 4 2 0 0 0 
1668044373.5030482 20.2849609375 40.17310712522466 992.669909213089 0 0 0 0 0 0 12 4 2 0 0 0 
1668044378.6368062 20.2748046875 39.871020344828 992.6581302842865 0 0 0 0 0 0 18 6 4 0 0 0 
1668044383.7709382 20.2748046875 39.78216286508709 992.6665438045102 0 0 0 0 0 0 18 6 4 0 0 0 
1668044388.9060671 20.2798828125 40.11980899015629 992.6427242475525 0 0 0 0 0 0 18 6 4 0 0 0 
1668044394.033048 20.2798828125 39.97172269401358 992.704723504648 0 0 0 0 0 0 18 6 6 0 0 0 
1668044399.1651962 20.2798828125 39.8828678341359 992.7100329754741 0 0 0 0 0 0 18 6 6 0 0 0 
1668044404.2990777 20.2748046875 40.09019224462642 992.674957326481 0 0 0 0 0 0 18 6 6 0 0 0 
1668044409.4279883 20.2798828125 40.03093198708303 992.6564475804512 0 0 0 0 0 0 18 6 6 0 0 0 
1668044414.5621164 20.3001953125 39.97761904843182 992.6705453646916 0 0 0 0 0 0 18 6 6 0 0 0 
1668044419.695605 20.3103515625 39.947943919067875 992.6868492937297 0 0 0 0 0 0 18 6 6 0 0 0 
1668044424.8247294 20.3103515625 40.01309439035332 992.689690822656 0 0 0 0 0 0 18 6 6 0 0 0 
1668044429.9582858 20.3103515625 40.00123298650082 992.6678142499093 0 0 1 0 0 1 81 16 2 2 2 0 
1668044435.0910668 20.3205078125 39.97752290910169 992.652406452843 0 0 1 0 0 1 81 16 2 2 2 0 
1668044440.2241113 20.3255859375 39.90643194906105 992.6672894158619 0 0 1 0 0 1 81 16 2 2 2 0 
1668044445.3584266 20.3306640625 40.01305453995037 992.6588752169716 0 0 1 0 0 1 81 16 2 2 2 0 
1668044450.493865 20.3306640625 39.870870986766356 992.682172519278 0 0 0 0 0 0 69 12 0 0 0 0 
1668044455.627739 20.3306640625 39.752347561695586 992.6538266984762 0 0 0 0 0 0 69 12 0 0 0 0 
1668044460.759823 20.3357421875 39.91825176840374 992.6280582203092 0 0 0 0 0 0 69 12 0 0 0 0 
1668044465.891242 20.351171875 39.799713906666994 992.6665013447687 0 0 0 0 0 0 48 10 0 0 0 0 
1668044471.0233104 20.361328125 39.906330088840974 992.6491463433185 0 0 0 0 0 0 48 10 0 0 0 0 
1668044476.1517727 20.361328125 39.977454288533814 992.684487406813 0 0 0 0 0 0 48 10 0 0 0 0 
1668044481.2813838 20.35625 39.728598549464934 992.6811215899139 0 0 0 0 0 0 48 12 0 0 0 0 
1668044486.414793 20.351171875 39.83523193293868 992.6606635259716 0 0 0 0 0 0 48 12 0 0 0 0 
1668044491.5440025 20.361328125 39.853021806944675 992.6690781323473 0 0 0 0 0 0 48 12 0 0 0 0 
1668044496.6782608 20.381640625 39.953699925895485 992.6949522562923 0 0 0 0 0 0 48 12 0 0 0 0 
1668044501.8091824 20.361328125 39.74635715681479 992.670761053832 0 0 0 0 0 0 48 12 0 0 0 0 
1668044506.94381 20.371484375 39.7582072605755 992.6640293683122 0 0 0 0 0 0 48 12 0 0 0 0 
1668044512.0741274 20.371484375 39.71075604547766 992.6752833978846 0 0 0 0 0 0 24 8 0 0 0 0 
1668044517.2026088 20.371484375 39.734473864917675 992.66518570605 0 0 0 0 0 0 24 8 0 0 0 0 
1668044522.3345761 20.3765625 39.69298001525282 992.6901666879495 0 0 0 0 0 0 24 8 0 0 0 0 
1668044527.4664037 20.36640625 39.94774679163285 992.6915863028179 0 0 0 0 0 0 36 12 0 0 0 0 
1668044532.5944672 20.381640625 39.77590177248069 992.6660779997119 0 0 0 0 0 0 36 12 0 0 0 0 
1668044537.7216368 20.381640625 39.86478088159469 992.6697076120498 0 0 0 0 0 0 36 12 0 0 0 0 
1668044542.856038 20.38671875 39.87072111941062 992.617535397126 0 0 0 0 0 0 36 12 0 0 0 0 
1668044547.9870756 20.381640625 39.76403476803522 992.6924786194134 0 0 0 0 0 0 36 12 0 0 0 0 
1668044553.1198735 20.396875 39.704796820001505 992.6674972321604 0 0 0 0 0 0 36 12 0 0 0 0 
1668044558.2488027 20.391796875 39.83513930366395 992.6607652214874 0 0 0 0 0 0 36 12 0 0 0 0 
1668044563.381693 20.391796875 39.75215099994606 992.6814884440723 0 0 0 0 0 0 36 12 0 0 0 0 
1668044568.5090542 20.396875 39.82922951548042 992.6893762745733 0 0 0 0 0 0 36 12 0 0 0 0 
1668044573.6444974 20.391796875 39.96552170007221 992.6958446543863 0 0 0 0 0 0 57 16 2 0 0 0 
1668044578.775632 20.381640625 39.72255643868671 992.7011573023048 0 0 0 0 0 0 57 16 2 0 0 0 
1668044583.909699 20.38671875 39.68703750634426 992.6899033261856 0 0 0 0 0 0 57 16 2 0 0 0 
1668044589.0427773 20.381640625 39.87073615472241 992.6584539128916 0 0 0 0 0 0 57 16 2 0 0 0 
1668044594.1742837 20.391796875 39.764051049856874 992.6930058355152 0 0 0 0 0 0 57 15 9 2 0 0 
1668044599.305952 20.3765625 39.75221669325085 992.673337061068 0 0 0 0 0 0 66 13 11 2 0 0 
1668044604.436776 20.381640625 39.88848158675877 992.6910592783253 0 0 0 0 0 0 66 13 11 2 0 0 
1668044609.569333 20.391796875 39.71666456366415 992.6884837249469 0 0 0 0 0 0 66 13 11 2 0 0 
1668044614.7034945 20.38671875 39.76996020253974 992.711255328801 0 0 0 0 0 0 60 11 9 2 0 0 
1668044619.8351455 20.38671875 39.68111206404418 992.6876932708915 0 0 0 0 0 0 60 11 9 2 0 0 
1668044624.9676042 20.38671875 39.77591790740128 992.7115187330116 0 0 0 0 0 0 60 11 9 2 0 0 
1668044630.1002786 20.391796875 39.78775245398875 992.696371816249 0 0 0 0 0 0 66 11 9 2 0 0 
1668044635.234293 20.396875 39.78775245398875 992.67927825353 0 0 0 0 0 0 66 11 9 2 0 0 
1668044640.36723 20.391796875 39.627746937379214 992.7143578517363 0 0 0 0 0 0 66 11 9 2 0 0 
1668044645.501597 20.391796875 39.758092962581415 992.6961082900004 0 0 0 0 0 0 72 13 9 2 0 0 
1668044650.6314905 20.412109375 39.66323094574612 992.7135667361492 0 0 0 0 0 0 72 13 9 2 0 0 
1668044655.7612517 20.412109375 39.734374164757725 992.697263940555 0 0 0 0 0 0 72 13 9 2 0 0 
1668044660.8905518 20.40703125 39.6454886010638 992.7096726067746 0 0 0 0 0 0 72 13 9 2 0 0 
1668044666.019999 20.40703125 39.63954507120181 992.6931059464606 0 0 0 0 0 0 72 13 9 2 0 0 
1668044671.1516793 20.401953125 39.85877960666024 992.6849547431667 0 0 0 0 0 0 72 13 9 2 0 0 
1668044676.285561 20.42734375 39.858749101918534 992.6939961426339 0 0 0 0 0 0 48 16 4 0 0 0 
1668044681.420754 20.432421875 39.752085133919635 992.7007285930962 0 0 0 0 0 0 48 16 4 0 0 0 
1668044686.5544436 20.442578125 39.651308571761184 992.6917838724216 0 0 0 0 0 0 48 16 4 0 0 0 
1668044691.688683 20.442578125 39.58606468178883 992.6999836110449 0 0 0 0 0 0 48 16 4 0 0 0 
1668044696.8230028 20.4578125 39.722320690387185 992.7078696846525 0 0 0 0 0 0 48 16 4 0 0 0 
1668044701.9558995 20.462890625 39.63933130861227 992.7146024652134 0 0 0 0 0 0 48 16 4 0 0 0 
1668044707.0887406 20.4578125 39.69268824001056 992.6795205474309 0 0 0 0 0 0 48 16 4 0 0 0 
1668044712.2224078 20.46796875 39.71641119826517 992.7028200999657 0 0 0 0 0 0 48 16 4 0 0 0 
1668044717.356949 20.462890625 39.76385495552281 992.7033499462459 0 0 0 0 0 0 42 14 2 0 0 0 
1668044722.4904172 20.442578125 39.597899337641266 992.676635619521 0 0 0 0 0 0 42 14 2 0 0 0 
1668044727.6242208 20.4375 39.60386236367109 992.7268653596713 0 0 0 0 0 0 42 14 2 0 0 0 
1668044732.7575066 20.442578125 39.752035621051235 992.718978530404 0 0 0 0 0 0 51 14 0 0 0 0 
1668044737.8919916 20.442578125 39.55650713540438 992.7187141137845 0 0 0 0 0 0 51 14 0 0 0 0 
1668044743.0250866 20.432421875 39.69279157575262 992.683897469038 0 0 0 0 0 0 51 14 0 0 0 0 
1668044748.1591182 20.442578125 39.72834803535528 992.7156122763747 0 0 0 0 0 0 57 16 0 0 0 0 
1668044753.2935472 20.4375 39.7520521361358 992.7172954033545 0 0 0 0 0 0 57 16 0 0 0 0 
1668044758.427795 20.42734375 39.62165953386495 992.6925774449983 0 0 0 0 0 0 39 13 6 0 0 0 
1668044763.561627 20.432421875 39.60982506399769 992.7125103840967 0 0 0 0 0 0 39 13 6 0 0 0 
1668044768.695639 20.422265625 39.63354785267761 992.7125103840967 0 0 0 0 0 0 39 13 6 0 0 0 
1668044773.8293107 20.432421875 39.704677856738726 992.6993098409408 0 0 0 0 0 0 33 11 6 0 0 0 
1668044778.96381 20.42734375 39.63947398973285 992.6993098409408 0 0 0 0 0 0 33 11 6 0 0 0 
1668044784.0974712 20.432421875 39.85282341330361 992.7209259511948 0 0 0 0 0 0 33 11 6 0 0 0 
1668044789.2315187 20.432421875 39.586138386125995 992.7156122763747 0 0 0 0 0 0 33 11 6 0 0 0 
1668044794.3654978 20.432421875 39.80540165326387 992.697362367725 0 0 0 0 0 0 33 11 6 0 0 0 
1668044799.498784 20.432421875 39.49722443207437 992.7108272708869 0 0 0 0 0 0 33 11 6 0 0 0 
1668044804.6324477 20.4375 39.929827648647915 992.735545523726 0 0 0 0 0 0 33 11 6 0 0 0 
1668044809.7666602 20.432421875 39.69277438011719 992.7161408356916 0 0 0 0 0 0 33 11 6 0 0 0 
1668044814.900284 20.422265625 39.580212156543325 992.7327077480686 0 0 0 0 0 0 33 11 6 0 0 0 
1668044820.033329 20.42734375 39.56243340611036 992.7161408356916 0 0 0 0 0 0 12 4 4 0 0 0 
1668044825.167986 20.452734375 39.75196945276193 992.6896196301989 0 0 0 0 0 0 12 4 4 0 0 0 
1668044830.2988975 20.452734375 39.66903462775632 992.7436969087097 0 0 0 0 0 0 12 4 4 0 0 0 
1668044835.4329872 20.46796875 39.65123781884826 992.6896196301989 0 0 0 0 0 0 6 2 2 0 0 0 
1668044840.5674524 20.452734375 39.71050182117652 992.7134489535268 0 0 0 0 0 0 36 8 0 0 0 0 
1668044845.7013798 20.462890625 39.63933130861227 992.7162856605286 0 0 0 0 0 0 36 8 0 0 0 0 
1668044850.8354142 20.46796875 39.59786267134896 992.6859881555557 0 0 0 0 0 0 36 8 0 0 0 0 
1668044855.9692829 20.4578125 39.686761719087805 992.6994537105244 0 0 0 0 0 0 36 8 0 0 0 0 
1668044861.1002922 20.462890625 39.68088731267191 992.7050331139512 0 0 0 0 0 0 36 8 0 0 0 0 
1668044866.234327 20.452734375 39.61566080034594 992.741268823289 0 0 0 0 0 0 36 8 0 0 0 0 
1668044871.3683622 20.46796875 39.627495944323876 992.7258549296871 0 0 0 0 0 0 36 8 0 0 0 0 
1668044876.5019195 20.462890625 39.72831444995593 992.7244367271943 0 0 0 0 0 0 36 8 0 0 0 0 
1668044881.6358554 20.462890625 39.72824714961507 992.704238221111 0 0 0 0 0 0 30 8 0 0 0 0 
1668044886.7694516 20.46796875 39.686761719087805 992.704238221111 0 0 0 0 0 0 30 8 0 0 0 0 
1668044891.9032009 20.462890625 39.81123238767711 992.7129192699682 0 0 0 0 0 0 30 8 0 0 0 0 
1668044897.0363944 20.473046875 39.65120237761919 992.6927209324807 0 0 0 0 0 0 36 10 0 0 0 0 
1668044902.170537 20.473046875 39.51486883724462 992.6955569289961 0 0 0 0 0 0 36 10 0 0 0 0 
1668044907.3038397 20.473046875 39.580026891223966 992.7466764170047 0 0 0 0 0 0 36 10 0 0 0 0 
1668044912.437095 20.483203125 39.47928757685372 992.6921904858735 0 0 0 0 0 0 42 12 0 0 0 0 
1668044917.5711207 20.473046875 39.61557002056747 992.7205401044432 0 0 0 0 0 0 42 12 0 0 0 0 
1668044922.7053635 20.46796875 39.686744390624085 992.7123891488051 0 0 0 0 0 0 42 10 4 0 0 0 
1668044927.8393219 20.462890625 39.51483020044711 992.7123891488051 0 0 0 0 0 0 42 10 4 0 0 0 
1668044932.9731917 20.46796875 39.54450317030741 992.715755593606 0 0 0 0 0 0 42 10 4 0 0 0 
1668044938.1069965 20.473046875 39.710433617810466 992.7424221814773 0 0 0 0 0 0 48 12 4 0 0 0 
1668044943.2415347 20.46796875 39.5030150320405 992.6840397250971 0 0 0 0 0 0 48 12 4 0 0 0 
1668044948.375483 20.46796875 39.538576324260276 992.7030850778053 0 0 0 0 0 0 48 12 4 0 0 0 
1668044953.5098882 20.483203125 39.47328052085831 992.7127452214087 0 0 0 0 0 0 48 12 4 0 0 0 
1668044958.6435149 20.483203125 39.544446219861015 992.6796111619155 0 0 0 0 0 0 48 12 4 0 0 0 
1668044963.77694 20.48828125 39.491141600448884 992.7084920912545 0 0 0 0 0 0 48 12 4 0 0 0 
1668044968.9103117 20.473046875 39.56819175122976 992.742157091463 0 0 0 0 0 0 48 12 4 0 0 0 
1668044974.0441074 20.473046875 39.674891181817415 992.7373724703435 0 0 0 0 0 0 48 12 4 0 0 0 
1668044979.178059 20.462890625 39.63931342489257 992.7294863552885 0 0 0 0 0 0 48 12 4 0 0 0 
1668044984.3114808 20.462890625 39.51488813944955 992.6927209324807 0 0 0 0 0 0 48 12 4 0 0 0 
1668044989.4444015 20.4578125 39.56230240445728 992.7146024652134 0 0 0 0 0 0 48 12 4 0 0 0 
1668044994.5777738 20.452734375 39.6690171275078 992.7165505298868 0 0 0 0 0 0 48 12 4 0 0 0 
1668044999.711951 20.4578125 39.72826399089306 992.7235479633251 0 0 0 0 0 0 54 14 4 0 0 0 
1668045004.8452015 20.452734375 39.53865237929731 992.7172954033545 0 0 0 0 0 0 30 10 4 0 0 0 
1668045009.9778442 20.442578125 39.43793932856125 992.6836328770466 0 0 0 0 0 0 30 10 4 0 0 0 
1668045015.1112235 20.432421875 39.56832242759306 992.718978530404 0 0 0 0 0 0 30 10 4 0 0 0 
1668045020.2443264 20.4375 39.66317843514551 992.7079895208245 0 0 0 0 0 0 30 10 4 0 0 0 
1668045025.3775868 20.432421875 39.74020010630766 992.7091441577469 0 0 0 0 0 0 30 10 4 0 0 0 
1668045030.5102417 20.422265625 39.728381577573906 992.714457735902 0 0 0 0 0 0 30 10 4 0 0 0 
1668045035.6435485 20.4375 39.74023337630795 992.7413873409273 0 0 0 0 0 0 30 10 4 0 0 0 
1668045040.7768395 20.42734375 39.60984320164841 992.7545882370666 0 0 0 0 0 0 36 12 2 0 0 0 
1668045045.91082 20.422265625 39.787624074845105 992.7085175594489 0 0 0 0 0 0 36 12 2 0 0 0 
1668045051.043916 20.432421875 39.835030745011956 992.7411233193619 0 0 0 0 0 0 36 12 2 0 0 0 
1668045056.1776485 20.4375 39.775772304495135 992.7242921785235 0 0 0 0 0 0 42 14 2 0 0 0 
1668045061.3104374 20.432421875 39.77575607241933 992.6892112474466 0 0 0 0 0 0 42 14 2 0 0 0 
1668045066.4435477 20.422265625 39.787640160020516 992.7152497951892 0 0 0 0 0 0 42 14 2 0 0 0 
1668045071.5761557 20.4171875 39.66915682722541 992.7113556927944 0 0 0 0 0 0 42 14 2 0 0 0 
1668045076.7079463 20.40703125 39.7284150766118 992.7217181759044 0 0 0 0 0 0 42 14 2 0 0 0 
1668045081.839248 20.412109375 39.799539535586 992.7121475053069 0 0 0 0 0 0 42 14 2 0 0 0 
1668045086.9702768 20.40703125 39.734357510281335 992.7287142700256 0 0 0 0 0 0 24 8 4 2 0 0 
1668045092.1021936 20.412109375 39.758027411950124 992.7051514419982 0 0 0 0 0 0 24 8 4 2 0 0 
1668045097.23271 20.401953125 39.65734014319173 992.7236650914377 0 0 1 0 0 1 30 10 6 4 2 0 
1668045102.3630054 20.412109375 39.76400217200672 992.7287142700256 0 0 1 0 0 1 30 10 6 4 2 0 
1668045107.4933863 20.396875 39.76400217200672 992.719143351882 0 0 1 0 0 1 30 10 6 4 2 0 
1668045112.6237984 20.391796875 39.82328865051757 992.6809612568625 0 0 1 0 0 1 36 12 6 4 2 0 
1668045117.7562964 20.391796875 39.66330080874475 992.7146213381924 0 0 1 0 0 1 36 12 6 4 2 0 
1668045122.890593 20.38671875 39.894421511264866 992.719406907027 0 0 1 0 0 1 36 12 6 4 2 0 
1668045128.024696 20.38671875 39.74629136401649 992.7247193680444 0 0 1 0 0 1 36 12 6 4 2 0 
1668045133.1583624 20.38671875 39.70477985763545 992.7432324293093 0 0 1 0 0 1 36 12 6 4 2 0 
1668045138.2924562 20.381640625 39.85885567960632 992.6932692795202 0 0 1 0 0 1 36 12 6 4 2 0 
1668045143.426743 20.381640625 39.835154768863475 992.7331343948433 0 0 1 0 0 1 36 12 4 2 2 0 
1668045148.5599759 20.371484375 39.68703750634426 992.7134650054004 0 0 1 0 0 1 36 12 4 2 2 0 
1668045153.6936693 20.3765625 39.68114647924835 992.7420756342958 0 0 1 0 0 1 36 12 4 2 2 0 
1668045158.8275878 20.36640625 39.858901193836935 992.7375525531418 0 0 1 0 0 1 42 14 6 4 2 0 
1668045163.9623952 20.361328125 40.001111821917576 992.7426014077623 None None None None None None None None None None None None 
1668045169.0968087 20.361328125 39.864856344425405 992.7130968617438 0 1 1 0 1 1 60 18 12 4 0 0 
1668045174.231194 20.361328125 39.77601449022929 992.7133595004677 0 1 1 0 1 1 60 18 12 4 0 0 
1668045179.3646836 20.361328125 39.77604659814511 992.7099937083112 0 1 1 0 1 1 60 18 12 4 0 0 
1668045184.4988432 20.351171875 39.68123232834044 992.733554259278 0 1 1 0 1 1 87 27 16 4 0 0 
1668045189.6321907 20.34609375 40.07225803384023 992.7052076177779 0 1 1 0 1 1 87 27 16 4 0 0 
1668045194.7666972 20.351171875 39.699024128490535 992.6936900265687 0 1 1 0 1 1 87 27 16 4 0 0 
1668045199.900992 20.341015625 39.80567016247869 992.7217739820821 0 1 1 0 1 1 75 23 12 4 0 0 
1668045205.0344143 20.341015625 39.6812837082517 992.7107810497812 0 1 1 0 1 1 75 23 12 4 0 0 
1668045210.168339 20.34609375 40.09004330797341 992.7256645347987 0 1 1 0 1 1 75 23 12 4 0 0 
1668045215.3021107 20.341015625 39.76422943742098 992.7259267505785 0 1 1 0 1 1 69 21 10 2 0 0 
1668045220.4355958 20.3306640625 39.93010059558714 992.7388652765386 0 1 1 0 1 1 69 21 10 2 0 0 
1668045225.568625 20.341015625 39.79383660118435 992.7276096065721 0 1 1 0 1 1 69 21 10 2 0 0 
1668045230.7028697 20.341015625 39.7760305495847 992.7102562648096 0 1 1 0 1 1 81 25 12 4 0 0 
1668045235.8371592 20.34609375 39.740481524929606 992.6934274438173 0 1 1 0 1 1 81 25 12 4 0 0 
1668045240.9714115 20.341015625 39.86491652038479 992.6990010641863 0 1 1 0 1 1 81 25 12 4 0 0 
1668045246.1030502 20.3255859375 39.77604659814511 992.7127261200648 0 0 0 0 0 0 42 12 0 0 0 0 
1668045251.2359428 20.3357421875 39.98340615315272 992.7643705522064 0 0 0 0 0 0 42 12 0 0 0 0 
1668045256.3693745 20.3255859375 39.97157116701685 992.7360238875888 0 0 0 0 0 0 54 16 0 0 0 0 
1668045261.5031145 20.3357421875 39.669416901993976 992.7295545419595 0 0 0 0 0 0 54 16 0 0 0 0 
1668045266.6360598 20.3255859375 39.80570154669447 992.7615285628157 0 0 0 0 0 0 54 16 0 0 0 0 
1668045271.7703414 20.3255859375 39.83537014819979 992.7463829708437 0 0 0 0 0 0 60 20 0 0 0 0 
1668045276.9044955 20.3154296875 40.01900516785566 992.7067809047358 0 0 0 0 0 0 60 20 0 0 0 0 
1668045282.0386636 20.3154296875 39.78797545506244 992.7639961751222 0 0 0 0 0 0 60 20 0 0 0 0 
1668045287.17236 20.3052734375 39.787991302748175 992.7460082741162 0 0 0 0 0 0 54 18 0 0 0 0 
1668045292.3072143 20.3154296875 40.036803246939456 992.7743542853855 0 0 0 0 0 0 54 18 0 0 0 0 
1668045297.4409108 20.3001953125 39.91835229815367 992.7159798741554 0 0 0 0 0 0 54 18 0 0 0 0 
1668045302.5749655 20.2951171875 39.74655349887819 992.7513178611848 0 0 0 0 0 0 60 20 0 0 0 0 
1668045307.7099683 20.2849609375 39.98946644005321 992.7400609119113 0 0 0 0 0 0 60 20 0 0 0 0 
1668045312.8416505 20.2798828125 39.989493388591825 992.7352737772727 0 0 0 0 0 0 60 20 0 0 0 0 
1668045317.9767637 20.2900390625 40.013147881715646 992.7313860360008 0 0 0 0 0 0 72 22 0 0 0 0 
1668045323.1055532 20.2798828125 39.888791563378895 992.7374782794732 0 0 0 0 0 0 72 22 0 0 0 0 
1668045328.2349763 20.2900390625 39.98356983400638 992.7458917483236 0 0 0 0 0 0 39 11 2 2 0 0 
1668045333.3671632 20.2849609375 39.83550807413031 992.7526225246619 0 0 0 0 0 0 39 11 2 2 0 0 
1668045338.5006354 20.2748046875 39.94211866667332 992.7389001505564 0 0 0 0 0 0 39 11 2 2 0 0 
1668045343.6325026 20.2697265625 40.0546899073958 992.7355347362472 0 0 0 0 0 0 45 13 2 2 0 0 
1668045348.7661061 20.2697265625 39.94210466423702 992.7444697269768 0 0 0 0 0 0 45 13 2 2 0 0 
1668045353.8994687 20.2697265625 39.977700581044886 992.7399427849165 0 0 0 0 0 0 45 13 2 2 0 0 
1668045359.034591 20.2646484375 40.01322702952385 992.7550866646353 0 0 0 0 0 0 45 13 2 2 0 0 
1668045364.1686792 20.2697265625 40.11988059526688 992.7064973802206 0 0 0 0 0 0 45 13 2 2 0 0 
1668045369.3009663 20.2595703125 40.07839515951789 992.7747579839796 0 0 0 0 0 0 45 13 2 2 0 0 
1668045374.4352868 20.2494140625 39.995497111193146 992.7351019972438 0 0 0 0 0 0 45 13 2 2 0 0 
1668045379.5672274 20.2494140625 40.0784199372643 992.7488230978331 0 0 0 0 0 0 45 13 2 2 0 0 
1668045384.698386 20.2494140625 40.04881758625759 992.7149105007782 0 0 0 0 0 0 45 13 2 2 0 0 
1668045389.8326068 20.2544921875 40.17908676908532 992.7567693182867 0 0 0 0 0 0 24 6 0 0 0 0 
1668045394.9661036 20.2544921875 39.98957397514388 992.7733356351933 0 0 0 0 0 0 24 6 0 0 0 0 
1668045400.0981953 20.2443359375 40.15541790149648 992.7788502741054 0 0 0 0 0 0 24 6 0 0 0 0 
1668045405.2253563 20.2341796875 40.13174991496602 992.7757449007714 0 0 0 0 0 0 24 6 0 0 0 0 
1668045410.3594878 20.2291015625 40.07844467183455 992.7740622875638 0 0 0 0 0 0 24 6 0 0 0 0 
1668045415.4939961 20.2392578125 40.22651273722701 992.7536108778434 0 0 0 0 0 0 18 6 0 0 0 0 
1668045420.624177 20.2443359375 40.179131654803264 992.7457178889067 0 0 0 0 0 0 18 6 0 0 0 0 
1668045425.7584538 20.2240234375 40.090314772558315 992.7474004873674 0 0 0 0 0 0 18 6 0 0 0 0 
1668045430.8883252 20.2291015625 39.965935925409866 992.7678514039729 0 0 0 0 0 0 12 4 0 0 0 0 
1668045436.0210679 20.2189453125 40.05476580884742 992.774322072242 0 0 0 0 0 0 12 4 0 0 0 0 
1668045441.1564019 20.2291015625 40.04294562647199 992.7695339897828 0 0 0 0 0 0 12 4 0 0 0 0 
1668045446.290735 20.2189453125 40.102172198148864 992.75775589058 0 0 0 0 0 0 12 4 2 0 0 0 
1668045451.4244363 20.2189453125 40.08441658516724 992.7700530940643 0 0 0 0 0 0 12 4 2 0 0 0 
1668045456.5583684 20.2240234375 39.995576900887976 992.7630633079804 0 0 0 0 0 0 12 4 2 0 0 0 
1668045461.691772 20.2138671875 40.35685298350504 992.7630633079804 0 0 0 0 0 0 24 6 2 0 0 0 
1668045466.8250556 20.2087890625 40.25618727796732 992.7198361586902 0 0 0 0 0 0 24 6 2 0 0 0 
1668045471.9592505 20.2138671875 40.143664865649086 992.7234609035658 0 0 0 0 0 0 24 6 2 0 0 0 
1668045477.0934968 20.2087890625 40.29171005319672 992.7285084928376 0 0 0 0 0 0 24 6 2 0 0 0 
1668045482.2276475 20.2087890625 40.155520906534065 992.7532275102893 0 0 0 0 0 0 24 6 2 0 0 0 
1668045487.3618157 20.1986328125 39.96599034988808 992.7857145485339 0 0 0 0 0 0 24 6 2 0 0 0 
1668045492.495786 20.2037109375 40.16147707923302 992.7674658949306 0 0 0 0 0 0 30 8 2 0 0 0 
1668045497.6294994 20.1986328125 40.00152599252855 992.7694074868278 0 0 0 0 0 0 30 8 2 0 0 0 
1668045502.7625744 20.1935546875 40.10816650800087 992.7648778753293 0 0 0 0 0 0 30 8 2 0 0 0 
1668045507.89552 20.1986328125 40.19107612382975 992.787656114883 0 0 0 0 0 0 51 15 4 0 0 0 
1668045513.0285146 20.1833984375 40.149633005014124 992.7415821795149 0 0 0 0 0 0 51 15 4 0 0 0 
1668045518.1626952 20.1783203125 40.03711225112404 992.773290261671 0 0 0 0 0 0 51 15 4 0 0 0 
1668045523.296933 20.1833984375 40.30357372753108 992.7499944931718 0 0 0 0 0 0 51 15 4 0 0 0 
1668045528.4309196 20.1833984375 40.0608135862569 992.7320051936522 0 0 0 0 0 0 51 15 4 0 0 0 
1668045533.5650508 20.1833984375 40.19109803549671 992.7701840530747 0 0 0 0 0 0 51 15 4 0 0 0 
1668045538.6993456 20.1833984375 40.04308502931968 992.7553006411212 0 0 0 0 0 0 51 15 4 0 0 0 
1668045543.832667 20.1732421875 40.17928739480864 992.7839022936822 0 0 0 0 0 0 51 15 4 0 0 0 
1668045548.966563 20.1732421875 40.14967864701497 992.7606065990861 0 0 0 0 0 0 51 15 4 0 0 0 
1668045554.1006575 20.1732421875 40.28587676122772 992.7505119830981 0 0 0 0 0 0 51 17 6 0 0 0 
1668045559.2341664 20.1732421875 40.386541441216075 992.7892080247102 0 0 0 0 0 0 51 17 6 0 0 0 
1668045564.3684974 20.1681640625 40.131913275113384 992.782478275688 0 0 0 0 0 0 51 17 6 0 0 0 
1668045569.5023646 20.1732421875 40.345091638275335 992.7560762623207 0 0 0 0 0 0 51 17 6 0 0 0 
1668045574.6358562 20.1529296875 40.13785810440283 992.7493466273577 0 0 0 0 0 0 57 17 2 0 0 0 
1668045579.768873 20.1681640625 40.202974208205475 992.7400272216978 0 0 0 0 0 0 51 15 2 0 0 0 
1668045584.901994 20.1580078125 40.173410046502276 992.7678531261957 0 0 0 0 0 0 51 15 2 0 0 0 
1668045590.036261 20.1580078125 40.191152625774876 992.7947716850495 0 0 0 0 0 0 51 15 2 0 0 0 
1668045595.1705458 20.1529296875 40.072755933451276 992.7338140109323 0 0 0 0 0 0 72 19 2 0 0 0 
1668045600.304202 20.1375 40.232624153221806 992.7750990004737 0 0 0 0 0 0 72 19 2 0 0 0 
1668045605.4380364 20.1478515625 40.232624153221806 992.7635803736247 0 0 0 0 0 0 72 19 2 0 0 0 
1668045610.5679607 20.1478515625 40.30367972593041 992.7655206684997 0 0 0 0 0 0 66 17 2 0 0 0 
1668045615.7015338 20.142578125 40.1142183993383 992.7489550747433 0 0 0 0 0 0 66 17 2 0 0 0 
1668045620.8346956 20.1375 40.41619790587618 992.7545175936035 0 0 0 0 0 0 66 17 2 0 0 0 
1668045625.9677527 20.1478515625 40.256329729042136 992.7665512815291 0 0 0 0 0 0 66 17 2 0 0 0 
1668045631.1011488 20.1375 40.256349906500326 992.7660361934884 0 0 0 0 0 0 66 17 2 0 0 0 
1668045636.235472 20.142578125 40.38067229120168 992.7593068825363 0 0 0 0 0 0 66 17 2 0 0 0 
1668045641.3697019 20.1375 40.12013982281736 992.767718521401 0 0 0 0 0 0 66 17 4 0 0 0 
1668045646.5038853 20.12734375 40.11424184250214 992.7626715378726 0 0 0 0 0 0 66 17 4 0 0 0 
1668045651.637543 20.1375 40.108296965591876 992.7595645354082 0 0 0 0 0 0 66 17 4 0 0 0 
1668045656.771315 20.122265625 40.380680956692544 992.7516680797111 0 0 0 0 0 0 117 30 0 0 0 0 
1668045661.9042945 20.12734375 40.40437285135792 992.7732804851303 0 0 0 0 0 0 117 30 0 0 0 0 
1668045667.0375059 20.12734375 40.32739245389285 992.7530928776797 0 0 0 0 0 0 111 28 0 0 0 0 
1668045672.1703584 20.12734375 40.345155380563604 992.7533503663195 0 0 0 0 0 0 111 28 0 0 0 0 
1668045677.3039572 20.122265625 40.42805592705516 992.7833742926274 0 0 0 0 0 0 111 28 0 0 0 0 
1668045682.4378877 20.12734375 40.433992722848934 992.7903606893746 0 0 0 0 0 0 78 19 0 0 0 0 
1668045687.5715563 20.1171875 40.17347629376267 992.7656408343075 0 0 0 0 0 0 78 19 0 0 0 0 
1668045692.7057168 20.132421875 40.297787370765626 992.7783273885645 0 0 0 0 0 0 78 19 0 0 0 0 
1668045697.8395813 20.1171875 40.30965781558106 992.7468786539492 0 0 0 0 0 0 66 15 0 0 0 0 
1668045702.973309 20.112109375 40.46952375241786 992.7872532213939 0 0 0 0 0 0 66 15 0 0 0 0 
1668045708.1070294 20.112109375 40.42808826105978 992.7754773017332 0 0 0 0 0 0 66 15 0 0 0 0 
1668045713.2406306 20.10703125 40.20311380087223 992.7510147639285 0 0 0 0 0 0 66 15 0 0 0 0 
1668045718.3742046 20.10703125 40.22679690171478 992.7560614610519 0 0 0 0 0 0 66 15 0 0 0 0 
1668045723.5084457 20.096875 40.30376584509235 992.7731405827112 0 0 0 0 0 0 66 15 0 0 0 0 
1668045728.6421077 20.10703125 40.32745744964929 992.7911316050653 0 0 0 0 0 0 60 13 0 0 0 0 
1668045733.7747056 20.096875 40.51098839319576 992.7798694617469 0 0 0 0 0 0 60 13 0 0 0 0 
1668045738.9084914 20.08671875 40.428104672540115 992.7717150608437 0 0 0 0 0 0 75 25 6 0 0 0 
1668045744.0426354 20.0765625 40.457721610310635 992.7467387707138 0 0 0 0 0 0 69 23 6 0 0 0 
1668045749.1758537 20.08671875 40.34523690286114 992.7601963040289 0 0 0 0 0 0 69 23 6 0 0 0 
1668045754.3100164 20.08671875 40.48732956590026 992.7935837446287 0 0 0 0 0 0 69 23 6 0 0 0 
1668045759.444242 20.08671875 40.345254822697605 992.7503598091736 0 0 0 0 0 0 69 23 6 0 0 0 
1668045764.5780675 20.06640625 40.5938884591126 992.7770182269586 0 0 0 0 0 0 69 23 6 0 0 0 
1668045769.711724 20.071484375 40.445896896214144 992.7926704875405 0 0 0 0 0 0 69 23 6 0 0 0 
1668045774.8454118 20.0765625 40.5347097853541 992.7674380030865 0 0 0 0 0 0 69 23 8 0 0 0 
1668045779.9789934 20.06640625 40.49917679300837 992.7508727926477 0 0 0 0 0 0 69 23 8 0 0 0 
1668045785.1126018 20.06640625 40.481416919791045 992.7623915080814 0 0 0 0 0 0 69 23 8 0 0 0 
1668045790.2398465 20.06640625 40.50509673021841 992.7660121531243 0 0 0 0 0 0 75 25 10 2 0 0 
1668045795.3740768 20.081640625 40.47551925059086 992.7676943046375 0 0 0 0 0 0 75 25 10 2 0 0 
1668045800.5072026 20.071484375 40.333423463515274 992.7640736730132 0 0 0 0 0 0 75 25 10 2 0 0 
1668045805.641295 20.06640625 40.55246897330294 992.7763611878075 0 0 0 0 0 0 75 25 8 2 0 0 
1668045810.7741182 20.061328125 40.558388682091106 992.7326256145957 0 0 0 0 0 0 75 25 8 2 0 0 
1668045815.9077535 20.06640625 40.35713038653406 992.7325683555023 0 0 0 0 0 0 75 25 8 2 0 0 
1668045821.0418556 20.05625 40.62942438695268 992.799911131399 0 0 0 0 0 0 42 10 2 0 0 0 
1668045826.1755207 20.051171875 40.38672140597281 992.7679504969849 0 0 0 0 0 0 42 10 2 0 0 0 
1668045831.3092365 20.05625 40.292010683237805 992.7780433261815 0 0 0 0 0 0 48 12 2 0 0 0 
1668045836.442723 20.061328125 40.54062952493444 992.7647846937532 0 0 0 0 0 0 48 12 2 0 0 0 
1668045841.576672 20.061328125 40.6057459828904 992.7710586078736 0 0 0 0 0 0 48 12 2 0 0 0 
1668045846.710789 20.04609375 40.487351499205374 992.7763611878075 0 0 0 0 0 0 42 10 0 0 0 0 
1668045851.844466 20.06640625 40.422240820943195 992.7695750658676 0 0 0 0 0 0 42 10 0 0 0 0 
1668045856.9779165 20.05625 40.469606948924046 992.746025337179 0 0 0 0 0 0 42 10 0 0 0 0 
1668045862.1110718 20.05625 40.50513215745638 992.7347628558085 0 0 0 0 0 0 42 10 0 0 0 0 
1668045867.2453244 20.05625 40.357121611242405 992.7462814857904 0 0 0 0 0 0 42 10 0 0 0 0 
1668045872.3790195 20.06640625 40.469599466129736 992.8147945753633 0 0 0 0 0 0 42 10 0 0 0 0 
1668045877.5121288 20.04609375 40.48144637153507 992.7713147731043 0 0 0 0 0 0 30 8 0 0 0 0 
1668045882.6459117 20.04609375 40.653113385913464 992.7849700211681 0 0 0 0 0 0 30 8 0 0 0 0 
1668045887.780362 20.04609375 40.31569071903573 992.783287910166 0 0 0 0 0 0 30 8 0 0 0 0 
1668045892.9118483 20.051171875 40.48737333537605 992.766466803987 0 0 0 0 0 0 18 6 0 0 0 0 
1668045898.0459332 20.04609375 40.564321180290726 992.8017911350289 0 0 0 0 0 0 18 6 0 0 0 0 
1668045903.1790142 20.041015625 40.522904574380426 992.7616763908865 0 0 1 0 0 1 117 30 4 2 0 0 
1668045908.3103015 20.0359375 40.534743404117684 992.763614282062 0 0 1 0 0 1 117 30 4 2 0 0 
1668045913.445191 20.041015625 40.62352763675538 992.7652963651096 0 0 1 0 0 1 117 30 4 2 0 0 
1668045918.580472 20.0359375 40.552501571751996 992.7669784482271 0 0 1 0 0 1 96 28 2 2 0 0 
1668045923.7151062 20.0359375 40.58210445976407 992.7338485489469 0 0 1 0 0 1 96 28 2 2 0 0 
1668045928.8489301 20.02578125 40.404538550495666 992.7720246979984 0 0 1 0 0 1 96 28 2 2 0 0 
1668045933.9829655 20.030859375 40.56436563919226 992.7410879726543 0 0 1 0 0 1 96 28 2 2 0 0 
1668045939.1170185 20.02578125 40.64130739314973 992.7795193947182 0 0 1 0 0 1 96 28 2 2 0 0 
1668045944.2506418 20.020703125 40.54068923225226 992.7579082541729 0 0 1 0 0 1 96 28 2 2 0 0 
1668045949.3842297 20.015625 40.558452928972066 992.78120143772 0 0 1 0 0 1 102 30 2 2 0 0 
1668045954.5171294 20.020703125 40.69457811993838 992.8215704907109 0 0 1 0 0 1 102 30 2 2 0 0 
1668045959.6510699 20.02578125 40.481512006584204 992.7783477414581 0 0 1 0 0 1 102 30 2 2 0 0 
1668045964.7852132 20.010546875 40.66499368872765 992.7531175126003 0 0 1 0 0 1 96 30 2 2 0 0 
1668045969.917282 20.010546875 40.60580478822027 992.7800297572741 0 0 1 0 0 1 96 30 2 2 0 0 
1668045975.0504837 19.9953125 40.49335726649799 992.7533727470383 0 0 1 0 0 1 96 30 2 2 0 0 
1668045980.1823108 20.00546875 40.463754693912804 992.7601007522987 0 0 1 0 0 1 96 30 2 2 0 0 
1668045985.3166857 20.010546875 40.6176540099009 992.7687657636856 0 0 0 0 0 0 90 30 12 0 0 0 
1668045990.449856 20.010546875 40.52887108351117 992.7786027725259 0 0 0 0 0 0 63 21 8 0 0 0 
1668045995.5831056 20.000390625 40.641334458496445 992.755564862483 0 0 0 0 0 0 63 21 8 0 0 0 
1668046000.7176046 20.000390625 40.54071548823183 992.7807944822789 0 0 0 0 0 0 63 21 8 0 0 0 
1668046005.8502917 20.000390625 40.570303403140734 992.7454730189637 0 0 0 0 0 0 75 25 8 0 0 0 
1668046010.9839728 19.9953125 40.57030961084528 992.7762579092242 0 0 0 0 0 0 75 25 8 0 0 0 
1668046016.1176078 19.9953125 40.534816415652074 992.7700391423401 0 0 0 0 0 0 75 25 8 0 0 0 
1668046021.2513144 19.990234375 40.68869319838975 992.7596930821117 0 0 0 0 0 0 75 25 8 0 0 0 
1668046026.3855593 19.98515625 40.79523094406246 992.7767668247242 0 0 0 0 0 0 75 25 8 0 0 0 
1668046031.5192184 19.98515625 40.68869801337088 992.7470012297341 0 0 0 0 0 0 75 25 8 0 0 0 
1668046036.6511497 19.9953125 40.64135056819782 992.7464922627936 0 0 0 0 0 0 81 27 8 0 0 0 
1668046041.7833416 19.975 40.55257870719416 992.7585201440008 0 0 0 0 0 0 81 27 8 0 0 0 
1668046046.9172988 19.98515625 40.68869801337088 992.7352279849017 0 0 0 0 0 0 81 27 8 0 0 0 
1668046052.0497277 19.980078125 40.546653707877255 992.7486831221323 0 0 0 0 0 0 69 23 6 0 0 0 
1668046057.1846516 19.990234375 40.6117523823101 992.7717210628315 0 0 0 0 0 0 69 23 6 0 0 0 
1668046062.3120997 19.98515625 40.63543209137992 992.7719753975133 0 0 0 0 0 0 69 23 6 0 0 0 
1668046067.439302 19.980078125 40.65318749105279 992.7537287997458 0 0 0 0 0 0 60 14 4 0 0 0 
1668046072.5683305 19.990234375 40.74788552046326 992.7517925189201 0 0 0 0 0 0 60 14 4 0 0 0 
1668046077.7021012 19.98515625 40.61769342814307 992.7506193072203 0 0 0 0 0 0 60 14 4 0 0 0 
1668046082.8369527 19.975 40.57625894112326 992.7570925851704 0 0 0 0 0 0 66 16 4 0 0 0 
1668046087.9713042 19.96484375 40.5585160966044 992.7486831221323 0 0 0 0 0 0 66 16 4 0 0 0 
1668046093.1002696 19.975 40.469710574803315 992.729009246551 0 0 0 0 0 0 66 16 4 0 0 0 
1668046098.2309036 19.975 40.552597748223334 992.7736573045165 0 0 0 0 0 0 72 18 4 0 0 0 
1668046103.3645103 19.96484375 40.55850982840735 992.7556649443698 0 0 0 0 0 0 72 18 4 0 0 0 
1668046108.4971607 19.969921875 40.528917643805386 992.7554106924232 0 0 0 0 0 0 72 18 4 0 0 0 
1668046113.6307175 19.975 40.564434434726124 992.7470012297341 0 0 0 0 0 0 60 16 4 0 0 0 
1668046118.7629082 19.96484375 40.51708069814756 992.7739115164829 0 0 0 0 0 0 60 16 4 0 0 0 
1668046123.8958366 19.96484375 40.635453691958276 992.7895564130627 0 0 0 0 0 0 60 16 4 0 0 0 
1668046129.0277855 19.969921875 40.65321860286724 992.7391004346863 0 0 0 0 0 0 48 14 4 0 0 0 
1668046134.1579785 19.959765625 40.60586251431668 992.7708018595882 0 0 0 0 0 0 48 14 4 0 0 0 
1668046139.2916641 19.96484375 40.540767482148915 992.7873666665597 0 0 0 0 0 0 48 14 4 0 0 0 
1668046144.423411 19.9544921875 40.783413067748555 992.7698817553878 0 0 0 0 0 0 54 16 6 0 0 0 
1668046149.555795 19.959765625 40.59994424801033 992.7595368250248 0 0 0 0 0 0 36 10 6 2 0 0 
1668046154.687759 19.959765625 40.7005580049394 992.7427183067285 0 0 0 0 0 0 30 10 6 2 0 0 
1668046159.8172426 19.959765625 40.617715715422364 992.7617263357384 0 0 0 0 0 0 30 10 6 2 0 0 
1668046164.9516969 19.9494140625 40.594037659229436 992.7684536368295 0 0 0 0 0 0 30 10 6 2 0 0 
1668046170.083513 19.9544921875 40.70648057500797 992.7600445106403 0 0 0 0 0 0 36 12 6 2 0 0 
1668046175.214807 19.9443359375 40.540773932822106 992.7249801635071 0 0 0 0 0 0 36 12 6 2 0 0 
1668046180.3459675 19.9494140625 40.74791003814331 992.7434800781667 0 0 0 0 0 0 36 12 6 2 0 0 
1668046185.4779177 19.9494140625 40.653228887134595 992.7648362385823 0 0 0 0 0 0 36 12 4 0 0 0 
1668046190.608515 19.9494140625 40.66505967998616 992.751889133077 0 0 0 0 0 0 36 12 4 0 0 0 
1668046195.739334 19.9443359375 40.7952591952289 992.7564270453026 0 0 0 0 0 0 36 12 4 0 0 0 
1668046200.8714092 19.9392578125 40.653239128233224 992.7617263357384 0 0 0 0 0 0 36 12 4 0 0 0 
1668046206.0030727 19.9443359375 40.58222513760689 992.766771811452 0 0 0 0 0 0 36 12 4 0 0 0 
1668046211.1354957 19.9494140625 40.69465398506286 992.7821617452054 0 0 0 0 0 0 36 12 4 0 0 0 
1668046216.2629457 19.9392578125 40.80709436036244 992.789142334889 0 0 0 0 0 0 42 14 6 0 0 0 
1668046221.3948178 19.9291015625 40.75383579412942 992.7490327314777 0 0 0 0 0 0 42 14 6 0 0 0 
1668046226.5261335 19.9291015625 40.57631322696911 992.780479932827 0 0 0 0 0 0 42 14 6 0 0 0 
1668046231.656919 19.9443359375 40.82484703112654 992.7545847861848 0 0 0 0 0 0 81 27 2 0 0 0 
1668046236.790151 19.9291015625 40.736086917021446 992.7641687894205 0 0 0 0 0 0 81 27 2 0 0 0 
1668046241.9216328 19.9341796875 40.771592496740844 992.784096937799 0 0 0 0 0 0 81 27 4 0 0 0 
1668046247.0535498 19.9341796875 40.676910130188375 992.7675323586204 0 0 0 0 0 0 81 27 4 0 0 0 
1668046252.1859717 19.9443359375 40.777510057458 992.7675323586204 0 0 0 0 0 0 81 27 4 0 0 0 
1668046257.3185341 19.9341796875 40.74200862343144 992.759376801382 0 0 0 0 0 0 60 20 2 0 0 0 
1668046262.4490821 19.9138671875 40.81893908446695 992.7790515413369 0 0 0 0 0 0 60 20 2 0 0 0 
1668046267.5810921 19.9341796875 40.718338344877374 992.7644221139852 0 0 0 0 0 0 60 20 2 0 0 0 
1668046272.7142391 19.9291015625 40.694667902200266 992.754078083497 0 0 0 0 0 0 54 18 2 0 0 0 
1668046277.8474967 19.9240234375 40.76567492576576 992.7826684234742 0 0 0 0 0 0 54 18 2 0 0 0 
1668046282.9768746 19.9291015625 40.80710768286217 992.7661038849925 0 0 0 0 0 0 54 18 2 0 0 0 
1668046288.1090326 19.9291015625 40.807101043195686 992.7742594978573 0 0 0 0 0 0 54 18 2 0 0 0 
1668046293.2411427 19.9189453125 40.74200453928616 992.8213495037905 0 0 0 0 0 0 54 18 2 0 0 0 
1668046298.370437 19.9138671875 40.66508952233784 992.7529030292235 0 0 0 0 0 0 54 18 2 0 0 0 
1668046303.5019119 19.9087890625 40.59408419969499 992.789901698494 0 0 0 0 0 0 81 27 4 0 0 0 
1668046308.6320858 19.9037109375 40.665094647919425 992.7668631632299 0 0 0 0 0 0 81 27 4 0 0 0 
1668046313.7602894 19.9087890625 40.517154547360285 992.785109367034 0 0 0 0 0 0 99 31 10 2 0 0 
1668046318.8912575 19.9087890625 40.90178547474822 992.8041138244827 0 0 0 0 0 0 99 31 10 2 0 0 
1668046324.0251298 19.9037109375 40.61775451321471 992.8223603034359 0 0 0 0 0 0 99 31 10 2 0 0 
1668046329.1560826 19.9138671875 40.682842115505764 992.7803170084206 0 1 1 0 1 1 120 38 14 2 0 0 
1668046334.2892613 19.9037109375 40.647342174332465 992.8019268174743 0 1 1 0 1 1 120 38 14 2 0 0 
1668046339.4197073 19.9037109375 40.62958960843273 992.7788880571184 0 1 1 0 1 1 120 38 14 2 0 0 
1668046344.55338 19.9037109375 40.78345277379511 992.7791407275869 0 0 0 0 0 0 108 34 12 2 0 0 
1668046349.6855886 19.8884765625 40.70653004084517 992.7870439326913 0 0 0 0 0 0 108 34 12 2 0 0 
1668046354.8148873 19.8935546875 40.818948708546884 992.7909126555 0 0 0 0 0 0 108 34 12 2 0 0 
1668046359.9462461 19.8935546875 40.68285645980113 992.7597181324596 0 1 1 0 1 1 102 34 12 2 0 0 
1668046365.0772793 19.8935546875 40.759780610250175 992.772413913172 0 1 1 0 1 1 102 34 12 2 0 0 
1668046370.2092469 19.8986328125 40.676948669132464 992.8108406984321 0 1 1 0 1 1 102 34 12 2 0 0 
1668046375.3398447 19.8986328125 40.67103148076862 992.7858675431183 0 1 1 0 1 1 96 32 10 2 0 0 
1668046380.4690132 19.8935546875 40.74795412952821 992.7964625109428 0 1 1 0 1 1 96 32 10 2 0 0 
1668046385.6018808 19.8884765625 40.81895811305554 992.851706031458 0 1 1 0 1 1 96 32 10 2 0 0 
1668046390.7266095 19.8833984375 40.78937329939969 992.8115976097074 None None None None None None None None None None None None 
1668046395.858243 19.8833984375 40.70062179351558 992.7885585667339 0 0 0 0 0 0 63 14 2 0 0 0 
1668046400.9938636 19.8681640625 40.848545443519484 992.7851952671481 0 0 0 0 0 0 57 10 2 0 0 0 
1668046406.127514 19.8681640625 40.842637079491 992.78351361746 0 0 0 0 0 0 57 10 2 0 0 0 
1668046411.2603576 19.8783203125 40.641465934919495 992.8101680308725 0 0 0 0 0 0 57 10 2 0 0 0 
1668046416.3909178 19.8732421875 41.026046796257006 992.8168946887404 0 0 0 0 0 0 57 10 0 0 0 0 
1668046421.5229285 19.8783203125 40.949131470515276 992.8106719017109 0 0 0 0 0 0 57 10 0 0 0 0 
1668046426.652992 19.8732421875 40.907715191103996 992.8223813293097 0 0 0 0 0 0 57 10 0 0 0 0 
1668046431.7802207 19.8833984375 40.949131470515276 992.8339631384661 0 0 0 0 0 0 63 14 2 0 0 0 
1668046436.9073577 19.8681640625 40.98463426874158 992.8342148295276 0 0 0 0 0 0 63 14 2 0 0 0 
1668046442.03448 19.8681640625 40.87222252948063 992.8342148295276 0 0 0 0 0 0 63 14 2 0 0 0 
1668046447.1616187 19.8732421875 40.94321820619622 992.8560761318925 0 0 0 0 0 0 57 12 2 0 0 0 
1668046452.2928984 19.8732421875 40.759803338026785 992.8476679372793 0 0 0 0 0 0 57 12 2 0 0 0 
1668046457.4246242 19.8783203125 40.848553698396714 992.8642328812219 0 0 0 0 0 0 57 12 2 0 0 0 
1668046462.5592208 19.8833984375 40.65921680689032 992.8490980070173 0 0 0 0 0 0 63 14 4 0 0 0 
1668046467.6900399 19.8783203125 40.86630601960258 992.8510312149151 0 0 0 0 0 0 63 14 4 0 0 0 
1668046472.821858 19.8732421875 40.688801388406624 992.8776861074836 0 0 0 0 0 0 84 28 8 0 0 0 
1668046477.9524183 19.8732421875 40.90180492504807 992.8541429644574 0 0 0 0 0 0 84 28 8 0 0 0 
1668046483.082939 19.8732421875 40.91363383676514 992.8507796594276 0 0 0 0 0 0 84 28 8 0 0 0 
1668046488.2123985 19.8783203125 40.759803338026785 992.8322814867539 0 0 0 0 0 0 84 28 10 0 0 0 
1668046493.3447294 19.8783203125 40.771636852725585 992.8560138154487 0 0 0 0 0 0 84 28 10 0 0 0 
1668046498.4751363 19.8833984375 40.84263427064853 992.8073086274252 0 0 0 0 0 0 84 28 10 0 0 0 
1668046503.6096785 19.8732421875 40.913635829523784 992.8421196656916 0 1 1 0 1 1 90 30 10 0 0 0 
1668046508.7411416 19.8833984375 40.81304752256962 992.8692778405466 0 1 1 0 1 1 90 30 10 0 0 0 
1668046513.875804 19.8833984375 40.724285806826124 992.9026596744484 0 1 1 0 1 1 90 30 10 0 0 0 
1668046519.0045812 19.8732421875 40.6769628733953 992.8743228004994 0 1 1 0 1 1 96 32 10 0 0 0 
1668046524.1380382 19.8732421875 40.81897050131727 992.8644219413455 0 1 1 0 1 1 96 32 10 0 0 0 
1668046529.2684941 19.8681640625 40.824890163320426 992.8761933205325 0 1 1 0 1 1 96 32 10 0 0 0 
1668046534.3975263 19.8681640625 40.83080966825894 992.8699690817392 0 1 1 0 1 1 90 30 10 0 0 0 
1668046539.5313177 19.8681640625 40.83672331638959 992.8699690817392 0 1 1 0 1 1 90 30 10 0 0 0 
1668046544.6623015 19.8681640625 40.960970374208266 992.8963728356667 0 1 1 0 1 1 90 30 10 0 0 0 
1668046549.7960322 19.8732421875 40.747969782307635 992.9065253362139 0 0 0 0 0 0 84 28 8 0 0 0 
1668046554.929708 19.8732421875 40.73614020780806 992.8783770748545 0 0 0 0 0 0 36 12 4 0 0 0 
1668046560.0627112 19.8681640625 40.88997199758565 992.88485251516 0 0 0 0 0 0 42 14 4 0 0 0 
1668046565.192099 19.8681640625 40.901807032235546 992.8829198244604 0 0 0 0 0 0 42 14 4 0 0 0 
1668046570.3221407 19.8580078125 40.854480890436484 992.8915789662547 0 0 0 0 0 0 42 14 4 0 0 0 
1668046575.4557815 19.8681640625 40.91363978266702 992.8935114668587 0 0 0 0 0 0 54 18 6 0 0 0 
1668046580.5834332 19.8580078125 40.807143552119015 992.8829198244604 0 0 0 0 0 0 54 18 6 0 0 0 
1668046585.710545 19.8580078125 40.87222252948063 992.8947538495871 0 0 0 0 0 0 54 18 6 0 0 0 
1668046590.8421352 19.8681640625 40.90772341257859 992.90166864499 0 0 0 0 0 0 60 20 8 2 0 0 
1668046595.9738622 19.8681640625 40.878143776739115 992.8968746658496 0 0 0 0 0 0 60 20 8 2 0 0 
1668046601.1023984 19.8630859375 40.83080674498243 992.8932605792027 0 0 0 0 0 0 60 20 8 2 0 0 
1668046606.2338636 19.8630859375 40.901807032235546 992.8946912090215 0 0 0 0 0 0 60 20 8 2 0 0 
1668046611.3673363 19.8630859375 40.747977543946064 992.8831709025611 0 0 0 0 0 0 60 20 8 2 0 0 
1668046616.5005429 19.8630859375 40.86038949946969 992.8915789662547 0 0 0 0 0 0 60 20 8 2 0 0 
1668046621.632751 19.8681640625 40.795310432521354 992.9064625970027 0 0 0 0 0 0 60 20 8 2 0 0 
1668046626.7678819 19.8580078125 40.854480890436484 992.8851034706029 0 0 0 0 0 0 60 20 8 2 0 0 
1668046631.9011576 19.8580078125 40.77756420078901 992.875013877399 0 0 0 0 0 0 60 20 8 2 0 0 
1668046637.0317194 19.8630859375 40.85448350930493 992.9170538656574 0 0 0 0 0 0 54 16 4 0 0 0 
1668046642.1659079 19.8529296875 40.87222983876751 992.8435657769571 0 0 0 0 0 0 54 16 4 0 0 0 
1668046647.2983081 19.8529296875 40.83673467271116 992.871901635027 0 0 0 0 0 0 42 12 4 0 0 0 
1668046652.4278471 19.8427734375 40.84265370592265 992.9122596941919 0 0 0 0 0 0 42 12 4 0 0 0 
1668046657.5579157 19.8478515625 40.86631353291131 992.8990576321296 0 0 0 0 0 0 42 12 4 0 0 0 
1668046662.6889088 19.8580078125 40.87814848120855 992.8755156236834 0 0 0 0 0 0 36 10 4 0 0 0 
1668046667.8181863 19.8478515625 40.990553802521035 992.9189860412943 0 0 0 0 0 0 36 10 4 0 0 0 
1668046672.9531498 19.8529296875 40.91364563144671 992.8923313426063 0 0 0 0 0 0 36 10 4 0 0 0 
1668046678.085338 19.8580078125 40.99055485727163 992.9271434693301 0 0 0 0 0 0 42 12 4 0 0 0 
1668046683.2173789 19.8529296875 40.777567714570985 992.949004285907 0 0 0 0 0 0 42 12 4 0 0 0 
1668046688.3492413 19.8529296875 40.87814848120855 992.9153722652895 0 0 0 0 0 0 42 12 4 0 0 0 
1668046693.4778562 19.8580078125 40.83081837333875 992.9004885894497 0 0 0 0 0 0 48 14 4 0 0 0 
1668046698.6088016 19.8478515625 40.92547613003676 992.9225996542546 0 0 0 0 0 0 48 14 4 0 0 0 
1668046703.7422717 19.8427734375 40.80715622545699 992.9456410825888 0 0 0 0 0 0 48 14 4 0 0 0 
1668046708.8713078 19.8529296875 40.7716583758591 992.8637446245899 0 0 0 0 0 0 42 12 2 0 0 0 
1668046714.0036657 19.8529296875 40.884066966590446 992.9192365073993 None None None None None None None None None None None None 
1668046719.1333456 19.8427734375 40.83673467271116 992.8976265929019 0 0 0 0 0 0 90 28 6 0 0 0 
1668046724.26303 19.8478515625 41.00238780000662 992.9041023500048 0 0 0 0 0 0 90 28 6 0 0 0 
1668046729.3952162 19.8427734375 41.00830373401386 992.9237802678267 0 0 0 0 0 0 90 28 6 0 0 0 
1668046734.524479 19.8427734375 40.75982936273735 992.909397506865 0 0 2 0 0 2 123 37 10 2 2 0 
1668046739.6587555 19.8376953125 41.114788397936486 992.8961954717691 0 0 2 0 0 2 123 37 10 2 2 0 
1668046744.7894332 19.8326171875 40.925483276454464 992.9245315441283 0 0 2 0 0 2 123 37 10 2 2 0 
1668046749.9198065 19.8376953125 40.80124635076329 992.8885386083331 0 0 1 0 0 1 108 32 8 2 2 0 
1668046755.0526714 19.8275390625 40.955062830399 992.8998088639653 0 0 1 0 0 1 108 32 8 2 2 0 
1668046760.1866345 19.8376953125 40.91365327874071 992.8834940959097 0 0 1 0 0 1 108 32 8 2 2 0 
1668046765.318519 19.8326171875 40.92548678491543 992.9000590564051 0 0 1 0 0 1 81 23 6 2 2 0 
1668046770.453354 19.8275390625 40.84265916173391 992.886857104122 0 0 1 0 0 1 81 23 6 2 2 0 
1668046775.587403 19.8224609375 40.9846442763996 992.8750865765998 0 0 1 0 0 1 81 23 6 2 2 0 
1668046780.7215495 19.8224609375 41.04380112060352 992.8618848354257 0 0 1 0 0 1 75 21 6 2 2 0 
1668046785.8555284 19.8275390625 41.03196900660575 992.8952646258745 0 0 1 0 0 1 75 21 6 2 2 0 
1668046790.9894345 19.8224609375 40.93731836523411 992.9022406052542 0 0 1 0 0 1 75 21 6 2 2 0 
1668046796.1233268 19.8326171875 40.95506425000344 992.8635663250329 0 0 0 0 0 0 60 18 4 0 0 0 
1668046801.254096 19.8326171875 41.01422041892819 992.8916514658204 0 0 0 0 0 0 60 18 4 0 0 0 
1668046806.3868616 19.8224609375 40.9609814028387 992.8734050729472 0 0 0 0 0 0 54 16 4 0 0 0 
1668046811.519826 19.8326171875 40.996474718870815 992.878699734636 0 0 0 0 0 0 54 16 4 0 0 0 
1668046816.65115 19.8224609375 41.00239132391661 992.8618848354257 0 0 0 0 0 0 54 16 4 0 0 0 
1668046821.785599 19.8224609375 40.759840354307116 992.8873571605171 0 0 0 0 0 0 66 20 6 0 0 0 
1668046826.9201005 19.8224609375 40.99647657366544 992.9140110456922 0 0 0 0 0 0 66 20 6 0 0 0 
1668046832.054139 19.8173828125 40.97281405413652 992.9420970354995 0 0 0 0 0 0 66 20 6 0 0 0 
1668046837.1879585 19.8123046875 40.789430537870516 992.9008089792442 0 0 0 0 0 0 60 20 8 0 0 0 
1668046842.3208141 19.8123046875 40.901829499066025 992.8996269319572 0 0 0 0 0 0 60 20 8 0 0 0 
1668046847.4550683 19.8123046875 40.99647748487611 992.9130785376785 0 0 0 0 0 0 60 20 8 0 0 0 
1668046852.589261 19.8123046875 40.99056386442714 992.9066022315758 0 0 0 0 0 0 87 27 8 0 0 0 
1668046857.7231302 19.8072265625 40.77168299515445 992.9116465433642 0 0 0 0 0 0 87 27 8 0 0 0 
1668046862.8570397 19.8072265625 41.09703995122216 992.8833116962484 0 0 0 0 0 0 87 27 8 0 0 0 
1668046867.9909115 19.7970703125 40.98464945852015 992.9121451294575 0 0 0 0 0 0 87 27 8 0 0 0 
1668046873.1244962 19.8021484375 40.884086893342236 992.9051701962592 0 0 0 0 0 0 87 27 8 0 0 0 
1668046878.2576969 19.8021484375 40.925493672341574 992.9102144671671 0 1 1 0 1 1 138 33 10 2 0 0 
1668046883.391342 19.8021484375 41.02605617363264 992.8751541207681 0 1 1 0 1 1 138 33 10 2 0 0 
1668046888.5242643 19.7919921875 40.830846688816465 992.8717913034711 0 1 1 0 1 1 138 33 10 2 0 0 
1668046893.657839 19.7970703125 41.12661509500775 992.8950816563272 0 0 0 0 0 0 144 35 10 2 0 0 
1668046898.791122 19.8021484375 41.03197152261897 992.9102144671671 0 0 0 0 0 0 144 35 10 2 0 0 
1668046903.9256332 19.8021484375 40.96098922108103 992.9116465433642 0 0 0 0 0 0 144 35 10 2 0 0 
1668046909.0596316 19.7970703125 41.043802848703386 992.9469567434669 0 0 0 0 0 0 156 37 12 2 0 0 
1668046914.1935296 19.7919921875 41.07929378831971 992.9121451294575 0 1 1 0 1 1 156 37 12 2 0 0 
1668046919.326426 19.7970703125 41.0556328160464 992.9323220575224 0 1 1 0 1 1 156 37 12 2 0 0 
1668046924.4597104 19.7970703125 40.99648102180792 992.9426594107505 0 1 1 0 1 1 93 25 12 2 0 0 
1668046929.5937402 19.7919921875 41.120699418103854 992.916940162688 0 0 0 0 0 0 93 25 12 2 0 0 
1668046934.7277882 19.7869140625 41.055633014875696 992.9287101325358 0 0 0 0 0 0 93 25 12 2 0 0 
1668046939.8629193 19.7919921875 40.92549872460237 992.9176874290387 0 1 1 0 1 1 144 44 21 2 0 0 
1668046944.9978297 19.7919921875 40.99648272552728 992.8970124400028 0 1 1 0 1 1 144 44 21 2 0 0 
1668046950.132924 19.7818359375 41.10295346543006 992.8975108338767 0 1 1 0 1 1 144 44 21 2 0 0 
1668046955.2683873 19.7818359375 41.1621013730807 992.9477036049216 0 0 0 0 0 0 123 37 17 0 0 0 
1668046960.403746 19.7869140625 40.97873727930854 992.9508175837419 0 0 0 0 0 0 42 14 4 2 0 0 
1668046965.5392342 19.7869140625 41.02014201726618 992.9378640342479 0 0 0 0 0 0 30 10 4 2 0 0 
1668046970.674555 19.7767578125 41.20350301531113 992.8915322399662 0 0 0 0 0 0 30 10 4 2 0 0 
1668046975.8103628 19.7818359375 41.037888767590196 992.9066643168476 0 0 0 0 0 0 30 10 4 2 0 0 
1668046980.9465597 19.7869140625 41.12661251850369 992.9140756556424 0 0 0 0 0 0 36 10 4 2 0 0 
1668046986.080634 19.7919921875 40.8840912028034 992.9361826500967 0 0 0 0 0 0 36 10 4 2 0 0 
1668046991.2137363 19.7869140625 40.90183927960611 992.9275268320048 0 0 0 0 0 0 36 10 4 2 0 0 
1668046996.34513 19.7818359375 41.04971851063789 992.9426594107505 0 0 0 0 0 0 36 10 2 0 0 0 
1668047001.478928 19.7767578125 41.00831226129148 992.9390477024435 0 0 0 0 0 0 36 10 2 0 0 0 
1668047006.6104424 19.7869140625 40.93732781557011 992.9087823090902 0 0 0 0 0 0 36 10 2 0 0 0 
1668047011.7435296 19.8021484375 41.03197376885776 992.9402309886938 0 0 0 0 0 0 30 8 2 0 0 0 
1668047016.877496 19.7919921875 41.02014260251549 992.9188707710293 0 0 0 0 0 0 30 8 2 0 0 0 
1668047022.011594 19.7919921875 40.81901250048496 992.8818797561997 0 0 0 0 0 0 30 8 2 0 0 0 
1668047027.145237 19.7919921875 40.960987945018644 992.9037380790626 0 0 0 0 0 0 36 10 2 2 0 0 
1668047032.2779279 19.8021484375 41.13844605131715 992.8998764835015 0 0 0 0 0 0 36 10 2 2 0 0 
1668047037.4115129 19.8021484375 40.860422239789685 992.9699988206019 0 0 0 0 0 0 36 10 2 2 0 0 
1668047042.5459828 19.8021484375 40.94915712675858 992.9236658593253 0 0 0 0 0 0 48 14 2 0 0 0 
1668047047.679856 19.8021484375 40.77168646902943 992.9486381823345 0 0 0 0 0 0 48 14 2 0 0 0 
1668047052.8143003 19.8072265625 41.00239548600499 992.8900373873034 0 0 0 0 0 0 48 14 2 0 0 0 
1668047057.9488835 19.8072265625 41.07337865643773 992.9245992390912 0 0 0 0 0 0 42 12 2 0 0 0 
1668047063.082895 19.8123046875 41.04380148780537 992.9363694960796 0 0 0 0 0 0 42 12 2 0 0 0 
1668047068.216674 19.8072265625 40.87225118388803 992.9061031278746 0 0 0 0 0 0 42 12 2 0 0 0 
1668047073.3502958 19.8123046875 40.86633068626242 992.9077845921817 0 0 0 0 0 0 36 10 4 0 0 0 
1668047078.483926 19.8224609375 41.02013956835881 992.9094660565586 0 0 0 0 0 0 36 10 4 0 0 0 
1668047083.6170785 19.8224609375 40.77167951048767 992.9209867157084 0 0 0 0 0 0 36 10 4 0 0 0 
1668047088.7506723 19.8224609375 41.05563238601509 992.9325074590034 0 0 0 0 0 0 48 14 6 0 0 0 
1668047093.8833878 19.8275390625 41.049716642834554 992.9543668674393 0 0 0 0 0 0 48 14 6 0 0 0 
1668047099.0173361 19.8326171875 40.83083549212477 992.9156925374623 0 0 0 0 0 0 48 14 6 0 0 0 
1668047104.1516166 19.8326171875 40.71842749069555 992.9274629818084 0 0 0 0 0 0 42 12 6 0 0 0 
1668047109.284801 19.8275390625 40.87223705093104 992.9305762362852 0 0 0 0 0 0 42 12 6 0 0 0 
1668047114.4166684 19.8326171875 40.93140258020113 992.9101481674101 0 0 0 0 0 0 42 12 6 0 0 0 
1668047119.5492768 19.8326171875 40.78349444680231 992.9267133824765 0 0 0 0 0 0 36 10 4 0 0 0 
1668047124.6827135 19.8275390625 40.92548150603701 992.9278946642877 0 0 0 0 0 0 69 21 11 0 0 0 
1668047129.8121612 19.8326171875 40.955061400003345 992.9202372809273 0 0 0 0 0 0 63 19 11 0 0 0 
1668047134.9443934 19.8376953125 41.04971533811809 992.9101481674101 0 0 0 0 0 0 63 19 11 0 0 0 
1668047140.0763366 19.8427734375 40.88998310567115 992.9326890964956 0 0 0 0 0 0 63 19 11 0 0 0 
1668047145.2083097 19.8529296875 40.96097179055627 992.9394153927186 0 0 0 0 0 0 57 17 9 0 0 0 
1668047150.3430564 19.8630859375 40.94914088177089 992.9103274646047 0 0 0 0 0 0 57 17 9 0 0 0 
1668047155.4718387 19.8630859375 40.753894190909136 992.9220986671796 0 0 0 0 0 0 57 17 9 0 0 0 
1668047160.6002624 19.8630859375 40.759810827617585 992.8915789662547 0 0 0 0 0 0 63 19 11 0 0 0 
1668047165.7315445 19.8630859375 40.78348072846818 992.9451400387337 0 0 0 0 0 0 63 19 11 0 0 0 
1668047170.8593676 19.8681640625 40.801220460008544 992.9399073370485 0 0 0 0 0 0 63 19 11 0 0 0 
1668047175.9914222 19.8833984375 40.742049024046096 992.9230907790949 0 0 0 0 0 0 57 17 11 0 0 0 
1668047181.1220217 19.8732421875 40.99055057352258 992.9264540901272 0 0 0 0 0 0 57 17 11 0 0 0 
1668047186.255773 19.8884765625 40.84263145101449 992.9225885067337 0 0 0 0 0 0 57 17 11 0 0 0 
1668047191.385723 19.8833984375 40.91363383676514 992.897363276166 0 0 0 0 0 0 63 19 11 0 0 0 
1668047196.5178986 19.8833984375 40.85445955099354 992.9079558829042 0 0 0 0 0 0 63 19 11 0 0 0 
1668047201.650308 19.8935546875 40.80120725563012 992.9038385538016 0 0 0 0 0 0 63 19 11 0 0 0 
1668047206.7854292 19.8833984375 40.7242815946007 992.92401890304 0 0 0 0 0 0 99 30 6 2 0 0 
1668047211.9151125 19.8935546875 40.836705958159314 992.9103138318991 0 0 0 0 0 0 99 30 6 2 0 0 
1668047217.045888 19.8935546875 40.86628811084627 992.923767507635 0 0 0 0 0 0 99 30 6 2 0 0 
1668047222.1778653 19.9037109375 40.67101697533119 992.9047652882193 0 0 0 0 0 0 99 30 6 2 0 0 
1668047227.3116877 19.9037109375 40.84261430658708 992.9311696555736 0 0 0 0 0 0 99 30 6 2 0 0 
1668047232.4434903 19.9037109375 40.75977678451596 992.9002235780288 0 1 1 0 1 1 105 32 8 4 0 0 
1668047237.5758977 19.9341796875 40.694672519661964 992.9141000070026 0 1 1 0 1 1 105 32 8 4 0 0 
1668047242.707495 19.9341796875 40.759753453632406 992.9287319035329 0 1 1 0 1 1 105 32 8 4 0 0 
1668047247.8358097 19.9443359375 40.854431797038906 992.9217524159611 0 1 1 0 1 1 90 27 8 4 0 0 
1668047252.9690056 19.9544921875 40.77157741248218 992.9464752394155 0 1 1 0 1 1 90 27 8 4 0 0 
1668047258.1001117 19.959765625 40.60586822756848 992.9125856623501 0 1 1 0 1 1 90 27 8 4 0 0 
1668047263.231552 19.96484375 40.79524161918785 992.9325153596822 0 1 1 0 1 1 69 23 8 4 0 0 
1668047268.3625803 19.96484375 40.83075216051865 992.9238532089055 0 1 1 0 1 1 69 23 8 4 0 0 
1668047273.4977653 19.969921875 40.611769447519194 992.9101451174243 0 1 1 0 1 1 69 23 8 4 0 0 
1668047278.6301584 19.969921875 40.57034048748125 992.9603494158656 0 0 0 0 0 0 54 18 4 2 0 0 
1668047283.7640083 19.98515625 40.66502944911728 992.9168727145247 0 0 0 0 0 0 54 18 4 2 0 0 
1668047288.8992066 19.990234375 40.605845309807265 992.9494989082859 0 0 0 0 0 0 153 51 8 2 0 0 
1668047294.0311599 19.98515625 40.62951360430172 992.9461349983397 0 0 0 0 0 0 153 51 8 2 0 0 
1668047299.1626387 20.020703125 40.617642650415334 992.9412497755968 0 0 0 0 0 0 153 51 8 2 0 0 
1668047304.2957854 20.020703125 40.57620995315288 992.9362036675742 0 0 0 0 0 0 138 46 10 2 0 0 
1668047309.4293184 20.02578125 40.57029718464374 992.9328395959083 0 0 0 0 0 0 138 46 10 2 0 0 
1668047314.5631597 20.020703125 40.712344070291266 992.9280474225083 0 0 0 0 0 0 138 46 10 2 0 0 
1668047319.6970074 20.02578125 40.664967821827844 992.9256032316101 0 0 0 0 0 0 123 41 12 2 0 0 
1668047324.830399 20.030859375 40.59986810939525 992.9553721992842 0 0 0 0 0 0 123 41 12 2 0 0 
1668047329.9643726 20.0359375 40.45190124390163 992.965972754126 0 0 0 0 0 0 123 41 12 2 0 0 
1668047335.097674 20.04609375 40.635355129533444 992.9284587526445 0 0 0 0 0 0 114 36 10 2 0 0 
1668047340.2317975 20.05625 40.653113385913464 992.9630197838193 0 0 0 0 0 0 114 36 10 2 0 0 
1668047345.3658679 20.051171875 40.57024073251067 992.9298863901595 0 0 0 0 0 0 114 36 10 2 0 0 
1668047350.4982977 20.04609375 40.5347097853541 992.9630197838193 0 0 0 0 0 0 114 36 10 2 0 0 
1668047355.6316779 20.051171875 40.68862962155669 992.9700026577301 0 0 0 0 0 0 114 36 10 2 0 0 
1668047360.7659793 20.04609375 40.404497610995946 992.9212212442517 0 0 0 0 0 0 114 36 10 2 0 0 
