timestamp temperature humidity pressure pm10_standard pm25_standard pm100_standard pm10_env pm25_env pm100_env particles_03um particles_05um particles_10um particles_25um particles_50um particles_100um
1642013853.8032532 21.2203125 34.84216480157504 995.8044788205214 4 5 6 4 5 6 756 226 34 2 0 0 
1642013858.9568682 21.215234375 34.919598122616186 995.7813963076251 3 4 4 3 4 4 735 211 36 2 0 0 
1642013864.1114042 21.205078125 34.84825877481658 995.7915083115029 3 4 4 3 4 4 735 211 36 2 0 0 
1642013869.2697935 21.205078125 35.12766273423751 995.7594869745463 3 4 4 3 4 4 735 211 36 2 0 0 
1642013874.423576 21.18984375 34.77119862160649 995.7681117152857 3 4 5 3 4 5 729 213 36 4 2 2 
1642013879.578795 21.205078125 34.82462798885192 995.7967619196246 4 5 6 4 5 6 729 213 36 4 2 2 
1642013884.7352884 21.184765625 35.009060365515026 995.6448934507072 4 5 6 4 5 6 729 213 36 4 2 2 
1642013889.886593 21.194921875 35.05074333688335 995.8107555799975 4 5 8 4 5 8 708 209 39 6 4 4 
1642013895.0389922 21.18984375 34.878279836897676 995.8136149904624 4 5 8 4 5 8 708 209 39 6 4 4 
1642013900.1933343 21.184765625 35.050671304765025 995.7520267295799 4 5 8 4 5 8 708 209 39 6 4 4 
1642013905.3469532 21.174609375 35.00913287534595 995.7438562801846 4 5 8 4 5 8 693 209 41 8 4 4 
1642013910.4992495 21.184765625 34.85464958028223 995.7402298822905 4 5 8 4 5 8 693 209 41 8 4 4 
1642013915.6473196 21.184765625 34.949907994000874 995.7000397979533 4 5 8 4 5 8 693 209 41 8 4 4 
1642013920.8013058 21.174609375 35.13997790709361 995.7556530334954 3 5 8 3 5 8 660 202 45 8 4 4 
1642013925.9557593 21.184765625 34.997461953300494 995.7303742806056 3 5 8 3 5 8 660 202 45 8 4 4 
1642013931.1102536 21.16953125 35.16389561179245 995.7120925569824 3 5 8 3 5 8 660 202 45 8 4 4 
1642013936.2669027 21.174609375 35.10438456237701 995.6983545495829 3 5 8 3 5 8 645 195 41 8 4 4 
1642013941.42146 21.1796875 34.84290917172897 995.674761079756 3 5 5 3 5 5 849 223 18 2 0 0 
1642013946.5764732 21.184765625 35.13983590092969 995.6995272419209 3 4 4 3 4 4 750 202 18 2 0 0 
1642013951.7296674 21.1796875 35.223124149573586 995.6793039405264 3 4 4 3 4 4 750 202 18 2 0 0 
1642013956.8843436 21.18984375 35.027110569945 995.6894155899622 3 4 4 3 4 4 750 202 18 2 0 0 
1642013962.0373147 21.18984375 35.050671304765025 995.6706208947031 3 4 4 3 4 4 750 197 16 2 0 0 
1642013967.1880686 21.184765625 34.9971714328805 995.6711341314182 3 4 4 3 4 4 750 197 16 2 0 0 
1642013972.3376396 21.18984375 34.94968848197862 995.6542815271264 3 4 4 3 4 4 750 197 16 2 0 0 
1642013977.4914777 21.194921875 34.866390450335636 995.6506542808274 3 4 4 3 4 4 708 190 18 2 0 0 
1642013982.6450586 21.18984375 34.92583697048446 995.6855318278805 3 4 4 3 4 4 708 190 18 2 0 0 
1642013987.7994163 21.21015625 35.06241622800561 995.6498834436092 3 4 4 3 4 4 708 190 18 2 0 0 
1642013992.953659 21.205078125 34.91380051297343 995.6706208947031 2 4 5 2 4 5 657 181 22 4 2 2 
1642013998.1098466 21.21015625 34.94932241237311 995.6617377866695 2 4 5 2 4 5 657 181 22 4 2 2 
1642014003.2666152 21.21015625 34.84238822614875 995.6867607483379 2 4 5 2 4 5 657 181 22 4 2 2 
1642014008.421039 21.205078125 35.03262133156431 995.6482551585704 3 4 6 3 4 6 729 200 26 4 2 2 
1642014013.575686 21.205078125 34.84238822614875 995.6766486891399 3 4 6 3 4 6 729 200 26 4 2 2 
1642014018.7299185 21.194921875 34.991008742513486 995.6616806447346 3 4 6 3 4 6 729 200 26 4 2 2 
1642014023.8846195 21.205078125 34.93163473923854 995.626546297052 3 5 5 3 5 5 687 202 29 4 0 0 
1642014029.0390978 21.194921875 35.014859900751816 995.6332874962297 3 5 5 3 5 5 687 202 29 4 0 0 
1642014034.1936045 21.21015625 35.10395602234277 995.608008005096 3 4 4 3 4 4 660 192 20 2 0 0 
1642014039.3476856 21.215234375 34.92546948185244 995.6311444539762 3 4 4 3 4 4 660 192 20 2 0 0 
1642014044.5008495 21.225390625 34.94323093503601 995.5185484262033 3 4 4 3 4 4 660 192 20 2 0 0 
1642014049.6532528 21.23046875 34.961065825519945 995.5687868813724 3 4 4 3 4 4 687 201 23 2 0 0 
1642014054.8048575 21.240625 35.032332146308825 995.5930349724769 3 4 4 3 4 4 687 201 23 2 0 0 
1642014059.9630587 21.240625 35.073802438559994 995.6130015931731 3 4 4 3 4 4 687 201 23 2 0 0 
1642014065.1194732 21.25078125 35.09729298572697 995.5725518159659 3 4 4 3 4 4 744 210 25 2 0 0 
1642014070.2749996 21.240625 35.07387429500662 995.6231140437839 3 4 4 3 4 4 744 210 25 2 0 0 
1642014075.429499 21.240625 35.10345556706019 995.5891474750554 3 4 4 3 4 4 744 210 25 2 0 0 
1642014080.5847673 21.245703125 35.00840729051741 995.5776080359087 3 4 4 3 4 4 723 200 23 2 0 0 
1642014085.7382133 21.245703125 34.96686463109309 995.5792934426966 3 4 4 3 4 4 723 200 23 2 0 0 
1642014090.8926907 21.23046875 35.127449104732 995.5817536240485 3 4 4 3 4 4 723 200 23 2 0 0 
1642014096.0468543 21.205078125 35.04451054986649 995.5571912685571 3 4 4 3 4 4 708 197 23 2 0 0 
1642014101.201538 21.21015625 34.901837206487926 995.5654162045057 3 4 4 3 4 4 708 197 23 2 0 0 
1642014106.360392 21.205078125 34.94946887265058 995.5451921491942 3 4 4 3 4 4 672 197 16 0 0 0 
1642014111.5154643 21.21015625 35.115844993031104 995.5319676774147 3 4 4 3 4 4 672 197 16 0 0 0 
1642014116.666496 21.194921875 34.9463040965265 995.2775302990527 3 4 4 3 4 4 672 197 16 0 0 0 
1642014121.8187606 21.205078125 35.11598760998788 995.5287990349982 3 4 4 3 4 4 666 192 25 0 0 0 
1642014126.9742513 21.215234375 35.02051478979942 995.4895760491322 3 4 4 3 4 4 666 192 25 0 0 0 
1642014132.122389 21.2203125 35.008625079487146 995.5668434918875 3 4 4 3 4 4 666 192 25 0 0 0 
1642014137.2765627 21.2203125 35.109757716161305 995.5162829634605 4 5 5 4 5 5 720 203 25 2 0 0 
1642014142.4307668 21.2203125 35.175006593397384 995.5410463815492 4 5 5 4 5 5 720 203 25 2 0 0 
1642014147.5847044 21.225390625 34.996662605899616 995.5028001665343 4 5 5 4 5 5 720 203 25 2 0 0 
1642014152.7386813 21.23046875 35.09765376630999 995.4859466766852 3 5 5 3 5 5 741 208 23 2 0 0 
1642014157.8936145 21.235546875 35.002607555096624 995.5107095874829 3 5 5 3 5 5 741 208 23 2 0 0 
1642014163.0470135 21.2203125 35.07996272228358 995.5157657182499 3 5 5 3 5 5 741 208 23 2 0 0 
1642014168.2002742 21.235546875 34.99673532790307 995.482317140511 4 5 5 4 5 5 789 227 23 2 0 0 
1642014173.3550766 21.215234375 35.03240445883988 995.4797226858287 4 5 5 4 5 5 789 227 23 2 0 0 
1642014178.509525 21.215234375 35.02058722800883 995.5044855159048 4 5 5 4 5 5 789 227 23 2 0 0 
1642014183.6642547 21.235546875 35.23445252559205 995.5059122162195 4 6 6 4 6 6 852 248 30 2 0 0 
1642014188.8201787 21.2203125 35.008625079487146 995.4758345861403 4 5 6 4 5 6 771 221 29 2 0 0 
1642014193.9760008 21.2203125 35.18865607534121 995.2850691740574 4 5 6 4 5 6 771 221 29 2 0 0 
1642014199.1312532 21.23046875 35.07996272228358 995.4960587697537 4 5 6 4 5 6 771 221 29 2 0 0 
1642014204.2861094 21.215234375 35.15731436061269 995.504226853213 3 5 5 3 5 5 750 214 29 2 0 0 
1642014209.4372988 21.225390625 34.95497446206751 995.4690931938457 3 5 5 3 5 5 750 214 29 2 0 0 
1642014214.585339 21.215234375 35.115773668336 995.4994294680038 3 5 5 3 5 5 750 214 29 2 0 0 
1642014219.736952 21.21015625 35.04458268266299 995.4645547976625 3 4 5 3 4 5 681 193 22 2 0 0 
1642014224.8908775 21.21015625 35.234802379226174 995.4864082958389 3 4 5 3 4 5 681 193 22 2 0 0 
1642014230.0455909 21.2203125 35.17521858514435 995.509282942442 3 4 5 3 4 5 681 193 22 2 0 0 
1642014235.2003076 21.225390625 35.175147932039636 995.4775199343893 3 4 5 3 4 5 687 193 22 2 0 0 
1642014240.355217 21.235546875 35.18675475345108 995.5205631031166 3 4 5 3 4 5 687 193 22 2 0 0 
1642014245.511025 21.240625 35.27011958963574 995.5017648030109 3 4 5 3 4 5 687 193 22 2 0 0 
1642014250.6655483 21.235546875 35.02044234077851 995.5087653692088 3 4 4 3 4 4 678 191 15 0 0 0 
1642014255.819613 21.235546875 35.19248525650068 995.5166744450643 3 4 4 3 4 4 678 191 15 0 0 0 
1642014260.9743514 21.255859375 34.85360590534778 995.5293804771828 3 4 4 3 4 4 678 191 15 0 0 0 
1642014266.128459 21.235546875 35.06792940138471 995.5371582940315 3 4 4 3 4 4 633 184 15 0 0 0 
1642014271.2827883 20.9509765625 35.151015023690434 995.5099327744454 4 5 5 4 5 5 777 233 36 0 0 0 
1642014276.4364378 21.235546875 35.03827703359669 995.5039680807744 4 4 4 4 4 4 741 228 29 0 0 0 
1642014281.5932643 21.245703125 35.11548826144404 995.5123949643352 4 4 4 4 4 4 741 228 29 0 0 0 
1642014286.7469265 21.245703125 35.09758218283378 995.507079978931 4 4 4 4 4 4 741 228 29 0 0 0 
1642014291.897334 21.235546875 35.19871467751025 995.4904850707225 3 4 4 3 4 4 663 204 29 0 0 0 
1642014297.0478458 21.2203125 35.13926744383148 995.4960587697537 3 4 4 3 4 4 663 204 29 0 0 0 
1642014302.2033718 21.225390625 35.068073218330376 995.5247097138174 3 4 4 3 4 4 663 204 29 0 0 0 
1642014307.3617685 21.225390625 35.21081479631517 995.5151144469628 4 5 5 4 5 5 720 220 38 4 0 0 
1642014312.5157177 21.215234375 35.18703692806901 995.5449339218237 4 5 5 4 5 5 720 220 38 4 0 0 
1642014317.670207 21.215234375 35.23452251794031 995.5350801253236 4 5 5 4 5 5 720 220 38 4 0 0 
1642014322.824024 21.235546875 35.079819178310096 995.5610125025912 4 6 8 4 6 8 756 232 47 6 2 2 
1642014327.9785388 21.23046875 35.103598608339766 995.5337874840311 4 6 8 4 6 8 756 232 47 6 2 2 
1642014333.133484 21.23046875 35.11548826144404 995.5227658501368 4 6 8 4 6 8 756 232 47 6 2 2 
1642014338.2881868 21.23046875 35.18689586238183 995.5278219416789 4 7 9 4 7 9 834 258 54 6 2 2 
1642014343.441423 21.235546875 35.21067427653245 995.5458439730567 4 7 9 4 7 9 834 258 54 6 2 2 
1642014348.5940142 21.2203125 35.22857803938947 995.5466192729466 4 7 9 4 7 9 834 258 54 6 2 2 
1642014353.7463665 21.215234375 35.08605082302631 995.5376756255314 4 5 5 4 5 5 801 225 37 0 0 0 
1642014358.8980758 21.21015625 35.258439735339365 995.5451921491942 4 5 5 4 5 5 801 225 37 0 0 0 
1642014364.051437 21.225390625 35.08010622301193 995.5516753267354 4 5 5 4 5 5 813 232 34 0 0 0 
1642014369.205917 21.2203125 34.972955700919464 995.5601020844522 4 5 5 4 5 5 813 232 34 0 0 0 
1642014374.3593485 21.215234375 35.163258894739386 995.561787436206 4 5 5 4 5 5 813 232 34 0 0 0 
1642014379.5141304 21.215234375 35.28214741055283 995.5724154590972 4 5 5 4 5 5 855 246 32 0 0 0 
1642014384.6686256 21.205078125 35.13962281060084 995.5940669668084 4 5 5 4 5 5 855 246 32 0 0 0 
1642014389.825929 21.2 35.05654370870576 995.5909540391945 4 5 5 4 5 5 855 246 32 0 0 0 
1642014394.9806046 21.2 35.430955376316554 995.5391686508638 4 5 5 4 5 5 762 220 30 0 0 0 
1642014400.1354516 21.194921875 35.080393094733274 995.6063227062477 4 5 5 4 5 5 762 220 30 0 0 0 
1642014405.2893791 21.184765625 35.23487231752084 995.5882992091475 4 5 5 4 5 5 762 220 30 0 0 0 
1642014410.4431205 21.174609375 35.163824908697116 995.5697612333676 3 5 5 3 5 5 735 210 28 0 0 0 
1642014415.5966237 21.1796875 35.33032118286284 995.568333354258 3 5 5 3 5 5 735 210 28 0 0 0 
1642014420.747336 21.1796875 35.36584597604131 995.5803873378162 3 5 5 3 5 5 735 210 28 0 0 0 
1642014425.8973205 21.174609375 35.33633351712768 995.5770168510976 3 4 4 3 4 4 723 203 24 0 0 0 
1642014431.0472987 21.174609375 35.52044532338496 995.54719706932 3 4 4 3 4 4 723 203 24 0 0 0 
1642014436.2029688 21.174609375 35.27088440731211 995.5399415156955 3 6 6 3 6 6 711 203 58 6 0 0 
1642014441.3528218 21.1796875 35.28284117249359 995.588813555839 3 6 6 3 6 6 711 203 58 6 0 0 
1642014446.5072098 21.184765625 35.16375419479082 995.6102077369121 3 6 6 3 6 6 726 201 60 6 0 0 
1642014451.6620948 21.184765625 35.38975692685469 995.564705423263 3 6 6 3 6 6 726 201 60 6 0 0 
1642014456.8160868 21.18984375 35.145851065055716 995.5882992091475 3 6 6 3 6 6 726 201 60 6 0 0 
1642014461.9693449 21.184765625 35.06850440969558 995.5866139382716 3 6 6 3 6 6 741 205 55 6 0 0 
1642014467.1239882 21.194921875 35.18731892971266 995.5947830096778 3 6 6 3 6 6 741 205 55 6 0 0 
1642014472.2786703 21.205078125 35.25857909847204 995.6159763869433 3 6 6 3 6 6 741 205 55 6 0 0 
1642014477.4333215 21.205078125 35.389348103660204 995.5608196638406 3 6 6 3 6 6 699 193 53 4 0 0 
1642014482.587123 21.194921875 35.3359210742994 995.5930977249559 3 6 6 3 6 6 699 193 53 4 0 0 
1642014487.742084 21.21015625 35.32382636326763 995.5471355908144 3 6 6 3 6 6 699 193 53 4 0 0 
1642014492.8973458 21.2 35.37158462954053 995.5824709316349 3 6 6 3 6 6 750 207 46 2 0 0 
1642014498.0473735 21.205078125 35.29417460107905 995.6128632811528 3 6 6 3 6 6 750 207 46 2 0 0 
1642014503.2006047 21.205078125 35.40123594743277 995.5656741593464 3 6 6 3 6 6 750 207 46 2 0 0 
1642014508.3554082 21.2 35.407179853843544 995.5442244985111 3 5 5 3 5 5 735 200 39 0 0 0 
1642014513.510225 21.215234375 35.383335923033236 995.5287990349982 3 5 5 3 5 5 735 200 39 0 0 0 
1642014518.6645684 21.215234375 35.210885039990316 995.5707301340543 3 4 4 3 4 4 642 191 23 0 0 0 
1642014523.8184998 21.215234375 35.15738521843539 995.5466192729466 3 4 4 3 4 4 642 191 23 0 0 0 
1642014528.976886 21.2203125 35.21074454182922 995.536507167261 3 4 4 3 4 4 642 191 23 0 0 0 
1642014534.131426 21.215234375 35.38319940407236 995.5505062390076 3 4 4 3 4 4 600 175 23 0 0 0 
1642014539.285888 21.23046875 35.276133578893536 995.5603601897316 3 4 4 3 4 4 600 175 23 0 0 0 
1642014544.4405553 21.21015625 35.335645896206856 995.536507167261 3 4 4 3 4 4 600 175 23 0 0 0 
1642014549.59409 21.240625 35.270049995892535 995.5177097592256 3 4 4 3 4 4 585 168 23 0 0 0 
1642014554.7487216 21.235546875 35.11563098651232 995.5160243957286 3 4 4 3 4 4 585 168 23 0 0 0 
1642014559.9033344 21.215234375 35.26417510475727 995.5022827042725 3 4 4 3 4 4 585 168 23 0 0 0 
1642014565.0575948 21.215234375 35.41879623531172 995.555046029612 2 4 4 2 4 4 579 161 23 0 0 0 
1642014570.2090259 21.2203125 35.1809512330487 995.4960587697537 2 4 4 2 4 4 579 161 23 0 0 0 
1642014575.3573866 21.215234375 35.24627172152659 995.5145976135993 2 4 4 2 4 4 579 161 23 0 0 0 
1642014580.508853 21.215234375 35.139480696326295 995.4943734207336 2 3 3 2 3 3 543 149 16 0 0 0 
1642014585.6630707 21.2203125 35.27046739619293 995.5047440688516 2 3 3 2 3 3 543 149 16 0 0 0 
1642014590.8164177 21.215234375 35.17507726812398 995.4963173905287 2 3 3 2 3 3 543 149 16 0 0 0 
1642014595.9678013 21.23046875 35.43061678107889 995.4505543708179 3 4 4 3 4 4 630 175 20 0 0 0 
1642014601.1189094 21.2203125 35.335439399128724 995.4753166897765 3 4 4 3 4 4 636 188 29 2 0 0 
1642014606.2762616 21.215234375 35.43656097704805 995.4789464165314 3 4 4 3 4 4 636 188 29 2 0 0 
1642014611.430867 21.225390625 35.109686301602416 995.4873732270063 3 4 4 3 4 4 636 188 29 2 0 0 
1642014616.5847058 21.235546875 35.32355050958798 995.4587220785414 3 4 4 3 4 4 645 184 22 0 0 0 
1642014621.7396252 21.225390625 35.18689586238183 995.416588073482 3 4 4 3 4 4 645 184 22 0 0 0 
1642014626.8944175 21.23046875 35.270189172568365 995.4598890796108 3 4 4 3 4 4 645 184 22 0 0 0 
1642014632.0486681 21.235546875 35.21067427653245 995.4562589314087 3 3 3 3 3 3 654 186 15 0 0 0 
1642014637.2028308 21.23046875 35.3175369906608 995.4362936505594 3 3 3 3 3 3 654 186 15 0 0 0 
1642014642.3574893 21.245703125 35.21647842772372 995.4480913633677 3 3 3 3 3 3 654 186 15 0 0 0 
1642014647.5073323 21.245703125 35.317606049339965 995.430977913711 3 3 3 3 3 3 645 184 19 0 0 0 
1642014652.6576724 21.245703125 35.341383828421456 995.4006407132931 3 3 3 3 3 3 645 184 19 0 0 0 
1642014657.8088386 21.240625 35.275855455240084 995.4095871046213 3 3 3 3 3 3 645 184 19 0 0 0 
1642014662.957879 21.245703125 35.31767509720872 995.3876772665957 3 3 3 3 3 3 666 191 19 0 0 0 
1642014668.108841 21.245703125 35.35313534667509 995.4346082632958 3 3 3 3 3 3 666 191 19 0 0 0 
1642014673.2639537 21.245703125 35.36509292958846 995.3938991162846 3 3 3 3 3 3 666 191 19 0 0 0 
1642014678.415348 21.235546875 35.32949495951757 995.4079017320448 3 4 4 3 4 4 693 198 21 0 0 0 
1642014683.5712025 21.240625 35.2582306095606 995.4126982352474 3 5 5 3 5 5 660 186 30 4 0 0 
1642014688.725789 21.235546875 35.168991189651194 995.3946784081647 3 4 4 3 4 4 645 181 21 4 0 0 
1642014693.881204 21.235546875 35.269980391338734 995.3809357803558 3 4 4 3 4 4 645 181 21 4 0 0 
1642014699.035806 21.235546875 35.38900712038542 995.3508591130687 3 4 4 3 4 4 645 181 21 4 0 0 
1642014704.1900258 21.240625 35.22829773218487 995.366412228665 3 5 5 3 5 5 669 193 28 4 0 0 
1642014709.3446429 21.235546875 35.37705018749091 995.3537097570766 3 5 5 3 5 5 669 193 28 4 0 0 
1642014714.498557 21.235546875 35.353204006768514 995.3773051380406 3 5 5 3 5 5 669 193 28 4 0 0 
1642014719.653898 21.25078125 35.26991077597433 995.3123561391556 3 5 5 3 5 5 675 200 30 4 0 0 
1642014724.8079102 21.240625 35.388938891299986 995.3756197532301 3 5 5 3 5 5 675 200 30 4 0 0 
1642014729.9657815 21.240625 35.34152136748552 995.3137812849981 3 5 5 3 5 5 675 200 30 4 0 0 
1642014735.115568 21.23046875 35.175147932039636 995.3238934165619 4 6 6 4 6 6 759 233 28 2 0 0 
1642014740.274292 21.235546875 35.466416453908614 995.3022440919292 4 6 6 4 6 6 759 233 28 2 0 0 
1642014745.4273746 21.215234375 35.293966735961334 995.3087252201626 4 6 6 4 6 6 759 233 28 2 0 0 
1642014750.582069 21.240625 35.44236992184847 995.3284290070043 4 5 5 4 5 5 732 224 28 2 0 0 
1642014755.7367535 21.245703125 35.264105442778686 995.2995168759328 4 5 5 4 5 5 732 224 28 2 0 0 
1642014760.891001 21.235546875 35.21647842772372 995.2978314807815 4 5 5 4 5 5 732 224 28 2 0 0 
1642014766.0454533 21.23046875 35.353204006768514 995.3137812849981 3 4 5 3 4 5 696 189 30 4 2 0 
1642014771.2003858 21.23046875 35.46634913341977 995.3017234010472 3 4 5 3 4 5 696 189 30 4 2 0 
1642014776.353813 21.23046875 35.37718690777463 995.3065190363664 3 4 4 3 4 4 681 189 30 2 0 0 
1642014781.5071812 21.235546875 35.36509292958846 995.314685435449 3 4 4 3 4 4 681 189 30 2 0 0 
1642014786.6620483 21.235546875 35.335439399128724 995.2952423836853 3 4 4 3 4 4 681 189 30 2 0 0 
1642014791.8174021 21.235546875 35.436628649486885 995.3553951409755 3 4 4 3 4 4 669 192 30 2 0 0 
1642014796.974415 21.23046875 35.31179980016755 995.3089854564663 3 4 4 3 4 4 669 192 30 2 0 0 
1642014802.127159 21.235546875 35.36516144240813 995.3205227057603 3 4 4 3 4 4 669 192 30 2 0 0 
1642014807.277686 21.245703125 35.38873413918268 995.32622268179 3 4 4 3 4 4 603 178 28 2 0 0 
1642014812.4323661 21.245703125 35.400827553835356 995.3433371744717 3 4 4 3 4 4 603 178 28 2 0 0 
1642014817.586597 21.23046875 35.48404703591923 995.3483933658141 3 4 4 3 4 4 603 178 28 2 0 0 
1642014822.7402823 21.245703125 35.22256342169863 995.339966380594 3 3 3 3 3 3 567 171 25 0 0 0 
1642014827.8941562 21.240625 35.133109109195985 995.3247978116144 3 3 3 3 3 3 567 171 25 0 0 0 
1642014833.0479276 21.240625 35.382926236428396 995.3633017159738 3 3 3 3 3 3 567 171 25 0 0 0 
1642014838.2025833 21.240625 35.2877447828149 995.3028876664456 2 3 3 2 3 3 531 159 23 0 0 0 
1642014843.3610003 21.240625 35.525522666435975 995.3534495577873 2 3 3 2 3 3 531 159 23 0 0 0 
1642014848.5162272 21.245703125 35.549233127358725 995.3279080916986 3 5 5 3 5 5 717 213 33 0 0 0 
1642014853.672252 21.255859375 35.3172579898578 995.343980405447 3 5 5 3 5 5 717 213 33 0 0 0 
1642014858.8263097 21.255859375 35.53146690198908 995.3110539957664 3 5 5 3 5 5 723 213 38 0 0 0 
1642014863.980951 21.255859375 35.48377579402406 995.3057369697084 3 5 5 3 5 5 723 213 38 0 0 0 
1642014869.1354887 21.255859375 35.37090045391314 995.3091078150447 3 5 5 3 5 5 723 213 38 0 0 0 
1642014874.28904 21.25078125 35.40663578840524 995.280716640754 3 6 6 3 6 6 717 211 42 0 0 0 
1642014879.4386284 21.255859375 35.513700982289095 995.3043123593565 3 6 6 3 6 6 717 211 42 0 0 0 
1642014884.588544 21.245703125 35.37158462954053 995.2888827472324 3 6 6 3 6 6 717 211 42 0 0 0 
1642014889.7395473 21.255859375 35.400484307317356 995.310010305385 3 6 6 3 6 6 741 218 47 0 0 0 
1642014894.8883836 21.266015625 35.26962952701771 995.2838264818566 3 6 6 3 6 6 741 218 47 0 0 0 
1642014900.0402598 21.2609375 35.4479736828147 995.3218085516414 3 6 6 3 6 6 741 218 47 0 0 0 
1642014905.1928594 21.255859375 35.3052991012066 995.3069004928906 3 7 7 3 7 7 792 232 54 0 0 0 
1642014910.3462603 21.255859375 35.245919536460704 995.3254404449275 3 7 7 3 7 7 792 232 54 0 0 0 
1642014915.5023866 21.266015625 35.34096830388074 995.3406095029034 3 7 7 3 7 7 792 232 54 0 0 0 
1642014920.6571908 21.2609375 35.525386705357285 995.3360745878304 4 7 7 4 7 7 843 248 54 0 0 0 
1642014925.81214 21.255859375 35.424194998674174 995.3316603162211 4 7 7 4 7 7 843 248 54 0 0 0 
1642014930.9674075 21.266015625 35.459930438577224 995.343980405447 4 5 8 4 5 8 768 226 38 6 4 2 
1642014936.1219711 21.255859375 35.2400445876585 995.3403486598422 4 5 8 4 5 8 768 226 38 6 4 2 
1642014941.2768614 21.2609375 35.53133107998451 995.3307576116431 4 5 8 4 5 8 768 226 38 6 4 2 
1642014946.431265 21.266015625 35.329147587616006 995.3225911991941 4 5 8 4 5 8 753 226 40 6 4 2 
1642014951.5881195 21.255859375 35.38873413918268 995.3124786606614 4 5 8 4 5 8 753 226 40 6 4 2 
1642014956.7404864 21.2609375 35.37069235564654 995.3422949541401 4 5 8 4 5 8 753 226 40 6 4 2 
1642014961.8916855 21.2609375 35.31711975275323 995.3004197531238 3 5 6 3 5 6 729 221 40 4 2 0 
1642014967.0420332 21.266015625 35.3172579898578 995.3562996791966 3 5 6 3 5 6 729 221 40 4 2 0 
1642014972.1950676 21.266015625 35.46587499494531 995.3524076630327 3 5 6 3 5 6 729 221 40 4 2 0 
1642014977.3512406 21.266015625 35.38859495722998 995.3675767311037 3 5 6 3 5 6 708 216 40 4 2 0 
1642014982.5058246 21.27109375 35.412237562433226 995.3642058265971 3 5 6 3 5 6 708 216 40 4 2 0 
1642014987.6601372 21.2609375 35.507352730170055 995.3422949541401 3 5 6 3 5 6 708 216 40 4 2 0 
1642014992.8145845 21.266015625 35.50741967077622 995.3608349223712 3 4 6 3 4 6 693 209 31 4 2 0 
1642014997.9683695 21.266015625 35.51336421281318 995.3771682473082 3 4 6 3 4 6 693 209 31 4 2 0 
1642015003.1229982 21.28125 35.3884583576954 995.3785929766287 3 4 6 3 4 6 693 209 31 4 2 0 
1642015008.2767954 21.276171875 35.32894062514317 995.3836494574789 3 4 6 3 4 6 672 200 36 4 2 0 
1642015013.4313414 21.2609375 35.48357418591802 995.3740579692121 3 4 4 3 4 4 753 214 20 0 0 0 
1642015018.5880396 21.27109375 35.245919536460704 995.3218085516414 3 4 4 3 4 4 753 214 20 0 0 0 
1642015023.7427545 21.27109375 35.29921552984606 995.3485150995537 3 4 4 3 4 4 753 214 20 0 0 0 
1642015028.8905127 21.27109375 35.47168485187146 995.36510903078 3 4 4 3 4 4 732 207 20 0 0 0 
1642015034.0422451 21.276171875 35.37643177770692 995.3311379455797 3 4 4 3 4 4 732 207 20 0 0 0 
1642015039.1940134 21.28125 35.41811436298545 995.3499395970632 3 4 4 3 4 4 732 207 20 0 0 0 
1642015044.3447862 21.1796875 35.38825337731728 995.3114345854763 3 4 4 3 4 4 723 202 16 0 0 0 
1642015049.4986439 21.28125 35.495262182649945 995.3547350240511 3 4 4 3 4 4 723 202 16 0 0 0 
1642015054.6536372 21.276171875 35.430004019252195 995.363162555407 3 4 4 3 4 4 723 202 16 0 0 0 
1642015059.8120606 21.276171875 35.63806632150851 995.3535715359203 3 4 4 3 4 4 774 218 20 0 0 0 
1642015064.966896 21.276171875 35.275296010593834 995.336455660749 3 4 4 3 4 4 774 218 20 0 0 0 
1642015070.1226416 21.28125 35.34069283491734 995.3482541047786 3 4 4 3 4 4 774 218 20 0 0 0 
1642015075.2764404 21.286328125 35.50721881652851 995.361215943195 4 5 5 4 5 5 804 227 24 0 0 0 
1642015080.4310617 21.276171875 35.572610462757034 995.3297136942746 4 5 5 4 5 5 804 227 24 0 0 0 
1642015085.5844321 21.286328125 35.346569112805966 995.3311379455797 4 5 5 4 5 5 804 227 24 0 0 0 
1642015090.7390347 21.29140625 35.33474772067375 995.3513640119999 None None None None None None None None None None None None 
1642015095.893704 21.286328125 35.25753013505064 995.324395925683 3 4 5 3 4 5 660 187 25 4 0 0 
1642015101.0502334 21.28125 35.43581325918601 995.310911889255 3 4 5 3 4 5 660 187 25 4 0 0 
1642015106.1990612 21.286328125 35.4477707817525 995.3367167504846 3 4 5 3 4 5 660 187 25 4 0 0 
1642015111.3534324 21.276171875 35.50127405949345 995.3463074944483 3 4 4 3 4 4 648 178 20 2 0 0 
1642015116.5074916 21.10859375 35.39413011849127 995.3328234507289 3 4 4 3 4 4 648 178 20 2 0 0 
1642015121.6618786 21.286328125 35.542820578323486 995.3710679299247 3 4 4 3 4 4 648 178 20 2 0 0 
1642015126.8161826 21.286328125 35.519041463053114 995.3941431939242 3 4 4 3 4 4 627 171 20 0 0 0 
1642015131.9697964 21.286328125 35.37034969821691 995.3597915426544 3 4 4 3 4 4 627 171 20 0 0 0 
1642015137.1230667 21.286328125 35.3170506179853 995.363162555407 3 4 4 3 4 4 627 171 20 0 0 0 
1642015142.2774234 21.276171875 35.51910829963695 995.36510903078 3 4 4 3 4 4 639 176 20 0 0 0 
1642015147.4318748 21.286328125 35.423923350643626 995.3564205301823 3 4 4 3 4 4 639 176 20 0 0 0 
1642015152.5873065 21.286328125 35.27536564462345 995.4019292222183 3 4 4 3 4 4 639 176 20 0 0 0 
1642015157.7419589 21.28125 35.42986831007522 995.3788537272187 3 4 4 3 4 4 639 171 16 0 0 0 
1642015162.8966455 21.28125 35.45966047127221 995.406725007189 3 4 4 3 4 4 639 171 16 0 0 0 
1642015168.0511725 21.28125 35.38825337731728 995.388184271244 3 4 4 3 4 4 639 171 16 0 0 0 
1642015173.205802 21.286328125 35.53099774146313 995.3901306675236 3 4 5 3 4 5 696 210 22 2 2 0 
1642015178.357329 21.29140625 35.38237675147382 995.4053002384765 3 4 5 3 4 5 696 210 22 2 2 0 
1642015183.5125568 21.29140625 35.423923350643626 995.3985582062408 3 3 4 3 3 4 627 186 18 2 2 0 
1642015188.6651626 21.276171875 35.429936170068714 995.415413288933 3 3 4 3 3 4 627 186 18 2 2 0 
1642015193.8129144 21.276171875 35.37028113430028 995.4123028608807 3 3 4 3 3 4 627 186 18 2 2 0 
1642015198.9674313 21.286328125 35.48458383266293 995.4288973601347 3 3 4 3 3 4 606 181 15 2 2 0 
1642015204.1184835 21.286328125 35.590378313465834 995.4303223197519 3 3 4 3 3 4 606 181 15 2 2 0 
1642015209.2729826 21.2966796875 35.477360289000934 995.4351182698373 3 3 4 3 3 4 606 181 15 2 2 0 
1642015214.4263604 21.286328125 35.57842277645527 995.4320078426035 3 3 3 3 3 3 621 188 10 0 0 0 
1642015219.584744 21.2966796875 35.620101562503805 995.4187843063129 3 3 3 3 3 3 621 188 10 0 0 0 
1642015224.7393768 21.2966796875 35.29299274090471 995.4250050515416 3 3 3 3 3 3 621 188 10 0 0 0 
1642015229.8943346 21.3068359375 35.316635582358785 995.430061660374 3 4 4 3 4 4 642 195 17 0 0 0 
1642015235.0490608 21.3017578125 35.61395963346513 995.4581946021503 3 4 4 3 4 4 642 195 17 0 0 0 
1642015240.2036724 21.2966796875 35.71514962945203 995.4033539636589 3 4 4 3 4 4 642 195 17 0 0 0 
1642015245.3588698 21.3068359375 35.477292953212846 995.4064641578881 3 3 3 3 3 3 609 181 15 0 0 0 
1642015250.5134096 21.286328125 35.53099774146313 995.4553447140008 3 3 3 3 3 3 609 181 15 0 0 0 
1642015255.6680322 21.3017578125 35.530797608634465 995.4415997425724 4 6 6 4 6 6 780 236 25 0 0 0 
1642015260.8191578 21.2966796875 35.29299274090471 995.4514523438852 4 6 6 4 6 6 780 236 25 0 0 0 
1642015265.9697897 21.2966796875 35.48330522377242 995.4314864411982 4 6 6 4 6 6 801 243 25 2 0 0 
1642015271.1231408 21.29140625 35.59836492120277 995.4486025648246 4 6 6 4 6 6 801 243 25 2 0 0 
1642015276.2699277 21.29140625 35.43581325918601 995.3489137360319 4 6 6 4 6 6 801 243 25 2 0 0 
1642015281.4233036 21.3068359375 35.54863230799209 995.3929798769229 4 6 6 4 6 6 786 238 25 2 0 0 
1642015286.5758681 21.29140625 35.412033400818046 995.430061660374 4 6 6 4 6 6 786 238 25 2 0 0 
1642015291.7311754 21.2966796875 35.57835660049601 995.4581946021503 4 6 6 4 6 6 786 238 25 2 0 0 
1642015296.886066 21.3119140625 35.62578363900593 995.4163164938694 4 6 6 4 6 6 750 228 25 2 0 0 
1642015302.0407543 21.3068359375 35.518774008620795 995.433171991252 4 6 6 4 6 6 750 228 25 2 0 0 
1642015307.1953359 21.3068359375 35.65537728901539 995.4795856759723 4 6 6 4 6 6 750 228 25 2 0 0 
1642015312.3486505 21.3068359375 35.66752792981683 995.4661009362151 3 6 6 3 6 6 708 214 25 2 0 0 
1642015317.5027704 21.29140625 35.685361917006624 995.4266905877489 3 6 6 3 6 6 708 214 25 2 0 0 
1642015322.6575212 21.29140625 35.45351283800569 995.4604013266191 3 6 6 3 6 6 708 214 25 2 0 0 
1642015327.8119304 21.286328125 35.56646691445826 995.4615657317034 3 5 5 3 5 5 681 205 23 2 0 0 
1642015332.9669545 21.3017578125 35.54869882507038 995.4649368615372 3 5 5 3 5 5 681 205 23 2 0 0 
1642015338.1194832 21.3068359375 35.471347939892965 995.4699935568137 3 4 4 3 4 4 741 197 30 0 0 0 
1642015343.2694852 21.2966796875 35.62584929080567 995.4514523438852 3 4 4 3 4 4 741 197 30 0 0 0 
1642015348.4228344 21.3017578125 35.59024624524867 995.4646761576936 3 4 4 3 4 4 741 197 30 0 0 0 
1642015353.5717301 21.3068359375 35.46540291625181 995.4329111394403 3 4 4 3 4 4 684 180 26 0 0 0 
1642015358.7235737 21.3068359375 35.41162478571542 995.432650177842 3 4 4 3 4 4 684 180 26 0 0 0 
1642015363.8784106 21.3119140625 35.34629370056609 995.4461347978523 3 4 4 3 4 4 684 180 26 0 0 0 
1642015369.0331478 21.2966796875 35.441622718474484 995.4141088326546 3 4 4 3 4 4 663 176 19 0 0 0 
1642015374.1878254 21.3068359375 35.56646691445826 995.4126843806305 3 4 4 3 4 4 663 176 19 0 0 0 
1642015379.341346 21.3017578125 35.44148719573305 995.4298008912147 3 4 4 3 4 4 663 176 19 0 0 0 
1642015384.4958527 21.3017578125 35.71508502256415 995.4290179250207 3 4 4 3 4 4 699 183 17 0 0 0 
1642015389.6473348 21.3017578125 35.44756778340073 995.3929798769229 3 4 4 3 4 4 699 183 17 0 0 0 
1642015394.8019147 21.3017578125 35.56640059124258 995.3874009463162 3 4 4 3 4 4 699 183 17 0 0 0 
1642015399.9558392 21.3068359375 35.39392521308317 995.4104764321495 3 3 3 3 3 3 633 176 10 0 0 0 
1642015405.1110601 21.3017578125 35.49506078932762 995.4011465522195 3 3 3 3 3 3 633 176 10 0 0 0 
1642015410.2631307 21.2966796875 35.47121309943249 995.4076276925057 3 3 3 3 3 3 633 176 10 0 0 0 
1642015415.4172032 21.2966796875 35.6259805619772 995.3643257947706 3 3 3 3 3 3 618 174 12 0 0 0 
1642015420.5684292 21.3017578125 35.400006974995144 995.363541570718 3 4 4 3 4 4 735 203 10 0 0 0 
1642015425.71982 21.286328125 35.45358044670461 995.3503186045245 3 4 4 3 4 4 720 201 8 0 0 0 
1642015430.8720894 21.2966796875 35.69130655876067 995.3185547473103 3 4 4 3 4 4 720 201 8 0 0 0 
1642015436.0263011 21.3068359375 35.506883843254194 995.3348868169646 3 4 4 3 4 4 720 201 8 0 0 0 
1642015441.1803164 21.3119140625 35.5424875977614 995.2997518294962 3 4 4 3 4 4 705 196 8 2 0 0 
1642015446.3334136 21.3119140625 35.45918761230685 995.3278826124281 3 4 4 3 4 4 705 196 8 2 0 0 
1642015451.4882092 21.3068359375 35.5544442569987 995.2924853126534 3 4 4 3 4 4 705 196 8 2 0 0 
1642015456.6432424 21.3017578125 35.51884088844342 995.2834202604188 3 4 4 3 4 4 741 208 8 2 0 0 
1642015461.7981277 21.2966796875 35.49506078932762 995.2963807134048 3 4 4 3 4 4 741 208 8 2 0 0 
1642015466.9520957 21.3017578125 35.7446793060593 995.2749926098801 3 4 4 3 4 4 741 208 8 2 0 0 
1642015472.1073148 21.3017578125 35.506883843254194 995.2944330814556 3 4 5 3 4 5 735 204 10 4 2 0 
1642015477.2606971 21.3068359375 35.720900502944495 995.2924853126534 3 4 5 3 4 5 735 204 10 4 2 0 
1642015482.4170897 21.3017578125 35.64374913573261 995.297542067871 3 4 5 3 4 5 735 204 10 4 2 0 
1642015487.5719233 21.3068359375 35.48925014822287 995.2525562297351 3 4 5 3 4 5 729 199 10 4 2 0 
1642015492.7265775 21.286328125 35.73899197845569 995.2331166300645 3 4 5 3 4 5 729 199 10 4 2 0 
1642015497.881088 21.3017578125 35.64387997595978 995.2095194323409 3 4 5 3 4 5 729 199 10 4 2 0 
1642015503.0332832 21.2966796875 35.531400277939156 995.2648794315473 3 4 5 3 4 5 651 176 28 2 2 0 
1642015508.1870155 21.28125 35.61415693333781 995.2362254399778 3 4 5 3 4 5 636 173 26 2 2 0 
1642015513.3398743 21.276171875 35.51910829963695 995.2105680805741 3 4 5 3 4 5 636 173 26 2 2 0 
1642015518.493737 21.28125 35.54288714200707 995.2151004358298 3 4 5 3 4 5 636 173 26 2 2 0 
1642015523.6473265 21.27109375 35.673862946906155 995.2136770291908 3 4 5 3 4 5 636 180 33 2 2 0 
1642015528.8016727 21.276171875 35.65002052813187 995.1903425731892 3 4 5 3 4 5 636 180 33 2 2 0 
1642015533.955437 21.2609375 35.62036420478334 995.1819152814251 3 4 5 3 4 5 636 180 33 2 2 0 
1642015539.111451 21.27109375 35.816522172571474 995.1715402242164 3 4 5 3 4 5 678 192 35 2 2 0 
1642015544.2700427 21.266015625 35.63806632150851 995.1765966384999 3 4 5 3 4 5 678 192 35 2 2 0 
1642015549.424584 21.266015625 35.834290969288716 995.1633752457129 3 4 5 3 4 5 678 192 35 2 2 0 
1642015554.5797496 21.266015625 35.54889831144771 995.1498915887048 3 4 5 3 4 5 678 192 28 2 2 0 
1642015559.7353926 21.2609375 35.69156601294968 995.1282432079751 3 4 5 3 4 5 678 192 28 2 2 0 
1642015564.889556 21.266015625 35.50140810958719 995.1282432079751 3 4 5 3 4 5 678 192 28 2 2 0 
1642015570.0431356 21.27109375 35.56078751362006 995.134459872084 3 5 5 3 5 5 684 197 28 2 0 0 
1642015575.1968975 21.276171875 35.572610462757034 995.1173423245043 3 5 5 3 5 5 684 197 28 2 0 0 
1642015580.3490014 21.29140625 35.6870495389133 994.6919367590668 3 5 5 3 5 5 684 197 28 2 0 0 
1642015585.507617 21.286328125 35.78654698890684 995.1058068959491 3 4 4 3 4 4 714 209 32 0 0 0 
1642015590.66558 21.276171875 35.76877790871353 995.1305633333722 3 4 4 3 4 4 714 209 32 0 0 0 
1642015595.8201652 21.28125 35.73905629085653 995.097116537813 3 5 5 3 5 5 720 214 34 0 0 0 
1642015600.9776876 21.28125 35.513230457242784 995.1007504904991 3 5 5 3 5 5 720 214 34 0 0 0 
1642015606.132936 21.28125 35.64988988920103 995.1204503540052 3 5 5 3 5 5 720 214 34 0 0 0 
1642015611.2880688 21.286328125 35.54288714200707 995.1356198240021 3 4 4 3 4 4 657 190 30 0 0 0 
1642015616.442837 21.266015625 35.67373287535223 995.0861071706672 3 4 4 3 4 4 657 190 30 0 0 0 
1642015621.5974946 21.276171875 35.727232009495744 995.090900642048 3 4 4 3 4 4 657 190 30 0 0 0 
1642015626.7518165 21.27109375 35.81057815684708 995.0976424601765 3 4 5 3 4 5 669 199 32 2 0 0 
1642015631.9053063 21.266015625 35.69776937987801 995.0608255693137 3 4 5 3 4 5 669 199 32 2 0 0 
1642015637.0584478 21.2609375 35.7095929208463 995.074046101634 3 4 5 3 4 5 669 199 32 2 0 0 
1642015642.2142317 21.266015625 35.816522172571474 995.090900642048 3 3 4 3 3 4 642 187 27 2 0 0 
1642015647.3638487 21.266015625 35.76302565953713 995.0695156853762 3 3 4 3 3 4 642 187 27 2 0 0 
1642015652.5171263 21.27109375 35.64995521407106 995.0487643041577 3 3 4 3 3 4 642 187 27 2 0 0 
1642015657.6659906 21.27109375 35.63205633021471 995.075468472713 2 3 4 2 3 4 600 171 25 2 0 0 
1642015662.8164518 21.276171875 35.76884186922461 995.0855812779347 2 3 4 2 3 4 600 171 25 2 0 0 
1642015667.9710624 21.286328125 35.840235011946525 995.0889522135694 3 5 5 3 5 5 762 211 29 0 0 0 
1642015673.1259036 21.27109375 35.6618440653523 995.1277179935237 3 5 5 3 5 5 762 211 29 0 0 0 
1642015678.280679 21.276171875 35.86989228036229 995.1412017517662 3 5 5 3 5 5 756 211 29 0 0 0 
1642015683.437925 21.276171875 35.6618440653523 995.1161824658137 3 5 5 3 5 5 756 211 29 0 0 0 
1642015688.5924563 21.27109375 35.59057633472078 995.1007504904991 3 5 5 3 5 5 756 211 29 0 0 0 
1642015693.7468204 21.27109375 35.69169567518972 995.1496291029462 3 5 5 3 5 5 750 211 31 0 0 0 
1642015698.8973262 21.266015625 35.816522172571474 995.0875297334044 3 5 5 3 5 5 750 211 31 0 0 0 
1642015704.0511744 21.27109375 35.82233951724103 995.1041214273956 3 5 5 3 5 5 750 211 31 0 0 0 
1642015709.2073345 21.266015625 35.86995507043419 995.1178679212924 3 5 5 3 5 5 726 209 33 0 0 0 
1642015714.3587673 21.266015625 35.72729643671275 995.1349849780102 3 5 5 3 5 5 726 209 33 0 0 0 
1642015719.511181 21.266015625 35.73317630613227 995.1332995353964 3 5 5 3 5 5 726 209 33 0 0 0 
1642015724.656092 21.266015625 35.89379343788197 995.1029615803326 3 5 5 3 5 5 753 212 37 0 0 0 
1642015729.806754 21.276171875 35.66785358491342 995.1417267491673 3 5 5 3 5 5 753 212 37 0 0 0 
1642015734.9594147 21.0220703125 35.79280970297924 995.1217639358922 3 5 5 3 5 5 753 212 37 0 0 0 
1642015740.1110415 21.255859375 35.64414152670313 995.1237117379471 3 4 4 3 4 4 711 201 30 0 0 0 
1642015745.265069 21.25078125 35.81664892649903 995.1203409080332 3 4 4 3 4 4 711 201 30 0 0 0 
1642015750.4193177 21.266015625 35.92958067245832 995.156633416648 2 4 4 2 4 4 528 149 24 4 0 0 
1642015755.5739474 21.2609375 35.76302565953713 995.1400413062729 2 4 4 2 4 4 528 149 24 4 0 0 
1642015760.7282686 21.2609375 35.67392796646941 995.1450976351663 2 4 4 2 4 4 528 149 24 4 0 0 
1642015765.8828344 21.2609375 35.80476115758579 995.1484685214459 2 4 4 2 4 4 528 149 26 4 0 0 
1642015771.0367992 21.255859375 35.88797467315048 995.152363803538 2 4 4 2 4 4 528 149 26 4 0 0 
1642015776.191289 21.255859375 35.76308965583744 995.1470453716178 2 4 4 2 4 4 528 149 26 4 0 0 
1642015781.3497999 21.2609375 36.018673630129406 995.148730801227 2 5 5 2 5 5 570 159 28 4 0 0 
1642015786.5063925 21.2609375 35.82259279547658 995.1675325523466 2 5 5 2 5 5 570 159 28 4 0 0 
1642015791.6576889 21.255859375 35.786865714190114 995.1369327954349 2 5 5 2 5 5 570 159 28 4 0 0 
1642015796.8025863 21.255859375 35.70965752028897 995.1391426176722 2 5 5 2 5 5 564 159 28 4 0 0 
1642015801.954922 21.245703125 35.73937769072721 995.1492550314889 2 5 5 2 5 5 564 159 28 4 0 0 
1642015807.1040568 21.245703125 35.92376363340773 995.152625836655 2 5 5 2 5 5 564 159 28 4 0 0 
1642015812.2538807 21.245703125 35.870271271375515 995.1461462042197 3 5 5 3 5 5 576 171 28 4 0 0 
1642015817.3973215 21.25078125 35.82265852212647 995.1843867243495 3 5 5 3 5 5 576 171 28 4 0 0 
1642015822.5473378 21.245703125 35.852311985573614 995.1675325523466 3 5 5 3 5 5 576 171 28 4 0 0 
1642015827.701897 21.25078125 35.81664892649903 995.1661090601245 2 5 5 2 5 5 555 164 26 6 0 0 
1642015832.8565526 21.255859375 35.75727617502863 995.1473075551969 3 5 5 3 5 5 672 188 25 2 0 0 
1642015838.0109382 21.2609375 35.95923719931003 995.1627382538366 3 5 5 3 5 5 720 204 27 2 0 0 
1642015843.1681962 21.255859375 35.98307335714439 995.1540492197919 3 5 5 3 5 5 720 204 27 2 0 0 
1642015848.3236642 21.266015625 35.8997997365289 995.1355096448544 3 5 5 3 5 5 720 204 27 2 0 0 
1642015853.4773443 21.255859375 35.75714561545023 995.1585811819668 3 5 5 3 5 5 741 213 29 2 0 0 
1642015858.6309226 21.255859375 35.75714561545023 995.1602666256322 3 5 5 3 5 5 741 213 29 2 0 0 
1642015863.7875211 21.2609375 35.83435415782556 995.1732256955744 3 5 5 3 5 5 741 213 29 2 0 0 
1642015868.9381564 21.27109375 35.98307335714439 995.1771210661433 3 5 5 3 5 5 720 211 33 2 0 0 
1642015874.0883882 21.2609375 35.78092171508138 995.1720647332539 3 5 5 3 5 5 720 211 33 2 0 0 
1642015879.2401776 21.266015625 35.86413676351858 995.139778848893 3 5 5 3 5 5 720 211 33 2 0 0 
1642015884.390377 21.266015625 35.72141668259859 995.1448352184833 3 5 5 3 5 5 771 225 33 2 0 0 
1642015889.544939 21.286328125 35.917382127787214 995.1195533768409 3 5 5 3 5 5 771 225 33 2 0 0 
1642015894.6969795 21.29140625 35.732983164279005 995.1623250781181 3 5 5 3 5 5 771 225 33 2 0 0 
1642015899.850548 21.2966796875 35.69130655876067 995.1870824255341 3 5 5 3 5 5 750 218 35 2 0 0 
1642015905.0090582 21.2966796875 35.96474892215101 995.1783918268832 3 5 5 3 5 5 750 218 35 2 0 0 
1642015910.1637056 21.29140625 35.94109621107953 995.1649074045845 3 5 5 3 5 5 750 218 35 2 0 0 
1642015915.3173037 21.286328125 35.76270551590325 995.1640105898224 3 3 3 3 3 3 564 169 19 0 0 0 
1642015920.4673254 21.286328125 35.804316374693656 995.1322488301787 3 4 4 3 4 4 585 176 21 0 0 0 
1642015925.6230066 21.286328125 35.81038774024966 995.1409390884036 3 4 4 3 4 4 585 176 21 0 0 0 
1642015930.7797773 21.27109375 35.89961242190245 995.1325116711478 3 4 4 3 4 4 585 176 21 0 0 0 
1642015935.9342828 21.27109375 35.81045122325745 995.1176051777863 2 4 4 2 4 4 570 171 25 0 0 0 
1642015941.0865767 21.27109375 35.80450706078517 995.1192906469005 2 4 4 2 4 4 570 171 25 0 0 0 
1642015946.241061 21.27109375 35.816522172571474 995.1229242881486 2 4 4 2 4 4 570 171 25 0 0 0 
1642015951.3952918 21.27109375 35.95905193095824 995.1164451131123 3 4 4 3 4 4 585 178 27 0 0 0 
1642015956.549254 21.2609375 36.01266890203859 995.1161824658137 3 4 4 3 4 4 585 178 27 0 0 0 
1642015961.6991427 21.0931640625 35.89379343788197 995.1063324631069 3 4 4 3 4 4 585 178 27 0 0 0 
1642015966.8498259 21.266015625 35.91174959181411 995.0846845253601 2 4 4 2 4 4 591 180 25 0 0 0 
1642015972.0069268 21.255859375 35.95341947047594 995.1085430055423 2 4 4 2 4 4 591 180 25 0 0 0 
1642015977.1633644 21.255859375 35.84048985463312 995.0905284117467 2 4 4 2 4 4 591 180 25 0 0 0 
1642015982.3218193 21.25078125 35.87014337579926 995.0933742788154 2 4 4 2 4 4 606 180 27 2 0 0 
1642015987.4770257 21.23046875 35.92376363340773 995.1071199905683 2 4 4 2 4 4 606 180 27 2 0 0 
1642015992.6321177 21.240625 36.07829242862397 995.0736745503112 2 4 4 2 4 4 606 180 27 2 0 0 
1642015997.785878 21.240625 36.09017897009605 995.0989553450934 2 2 2 2 2 2 531 148 10 0 0 0 
1642016002.94078 21.240625 35.876214908432466 995.0919513865623 2 2 2 2 2 2 531 148 10 0 0 0 
1642016008.0946348 21.240625 35.92976922029787 995.0854722525801 2 2 2 2 2 2 537 155 10 0 0 0 
1642016013.2495432 21.245703125 35.95942474374542 995.0756223737469 2 2 2 2 2 2 537 155 10 0 0 0 
1642016018.3973284 21.240625 35.94171803677474 995.0655101412225 2 2 2 2 2 2 537 155 10 0 0 0 
1642016023.5435517 21.240625 36.0070946142073 995.0657725504644 2 2 2 2 2 2 516 148 12 0 0 0 
1642016028.695141 21.240625 36.090299361578715 995.0337507551952 2 2 2 2 2 2 516 148 12 0 0 0 
1642016033.842644 21.240625 35.88822718112612 995.0455482557715 2 2 2 2 2 2 516 148 12 0 0 0 
1642016038.9904916 21.235546875 35.95012800279568 994.8029043141479 2 3 3 2 3 3 543 162 16 0 0 0 
1642016044.143042 21.235546875 35.77542687511518 995.0719891645532 2 3 3 2 3 3 543 162 16 0 0 0 
1642016049.296405 21.235546875 35.88234626789503 995.0135264764846 2 3 3 2 3 3 543 162 16 0 0 0 
1642016054.45236 21.240625 35.88822718112612 995.0469710548153 2 3 3 2 3 3 579 172 19 0 0 0 
1642016059.6110113 21.225390625 36.096242480431336 994.9933022078677 2 3 3 2 3 3 579 172 19 0 0 0 
1642016064.765407 21.235546875 36.04863657293265 995.0315399273907 2 3 3 2 3 3 579 172 19 0 0 0 
1642016069.919941 21.215234375 35.977501082914635 994.9603842489886 2 3 3 2 3 3 600 179 23 0 0 0 
1642016075.0740483 21.23046875 36.078473408853775 995.006522168459 2 3 3 2 3 3 600 179 23 0 0 0 
1642016080.2293212 21.235546875 36.15573253075943 994.9393708742376 3 3 3 3 3 3 594 167 15 0 0 0 
1642016085.3862023 21.225390625 35.87045941336695 994.9815047225026 3 3 3 3 3 3 594 167 15 0 0 0 
1642016090.540905 21.23046875 35.935898544590735 994.9831900773445 3 3 3 3 3 3 585 167 17 0 0 0 
1642016095.694238 21.225390625 35.99526932743292 994.9783970179146 3 3 3 3 3 3 585 167 17 0 0 0 
1642016100.847153 21.245703125 35.9833214577807 994.976185530189 3 3 3 3 3 3 585 167 17 0 0 0 
1642016105.9981625 21.235546875 36.0070946142073 994.9627025871368 3 3 3 3 3 3 600 167 17 0 0 0 
1642016111.152492 21.235546875 36.0070946142073 994.9641246218468 3 3 3 3 3 3 600 167 17 0 0 0 
1642016116.3073673 21.23046875 36.06287810755619 994.9300486227511 3 3 3 3 3 3 600 167 17 0 0 0 
1642016121.4587831 21.235546875 36.066647676860725 994.9747633038361 3 3 3 3 3 3 585 162 17 0 0 0 
1642016126.6134877 21.215234375 35.94184179530515 994.9752892581142 3 3 3 3 3 3 585 162 17 0 0 0 
1642016131.7676766 21.225390625 36.17956336316023 994.9750263358524 3 3 3 3 3 3 585 162 17 0 0 0 
1642016136.9227028 21.2203125 35.98932610137358 994.9680218862912 3 3 3 3 3 3 606 171 26 0 0 0 
1642016142.0766017 21.2203125 36.08423570451946 994.9595951159373 3 3 3 3 3 3 606 171 26 0 0 0 
1642016147.2312412 21.235546875 35.95960981630403 994.9733409949263 3 3 3 3 3 3 606 171 26 0 0 0 
1642016152.386671 21.215234375 36.066647676860725 994.9603842489886 3 4 4 3 4 4 621 175 28 2 0 0 
1642016157.5411704 21.205078125 36.149908545899855 994.9584359876617 None None None None None None None None None None None None 
1642016162.6950984 21.215234375 36.298475727285 994.9488499781125 4 7 7 4 7 7 828 240 48 4 0 0 
1642016167.8527286 21.2203125 35.98344426140338 994.9497462293222 4 7 7 4 7 7 828 240 48 4 0 0 
1642016173.0057695 21.215234375 35.95973314396922 994.9837158959689 4 7 7 4 7 7 798 233 41 4 0 0 
1642016178.1576836 21.215234375 36.0428754788034 994.8966057383385 4 7 7 4 7 7 798 233 41 4 0 0 
1642016183.3110747 21.215234375 35.97149636128642 994.9618066411912 4 7 7 4 7 7 798 233 41 4 0 0 
1642016188.4594045 21.215234375 35.85269195120381 994.9483240287545 4 7 7 4 7 7 771 226 46 6 0 0 
1642016193.6131296 21.21015625 35.97174242772406 994.943794080997 4 7 7 4 7 7 771 226 46 6 0 0 
1642016198.7675798 21.215234375 36.17480253380077 994.9471646790039 4 7 7 4 7 7 771 226 46 6 0 0 
1642016203.9221063 21.205078125 36.0727114148192 994.9404234832705 4 7 7 4 7 7 792 231 50 6 0 0 
1642016209.0761101 21.215234375 35.97155789410794 994.9702332762423 4 7 7 4 7 7 792 231 50 6 0 0 
1642016214.230298 21.205078125 35.95979479158964 994.9201999027988 4 7 7 4 7 7 792 231 50 6 0 0 
1642016219.385369 21.2203125 36.11425146281976 994.9281001185108 3 6 6 3 6 6 720 212 43 6 0 0 
1642016224.5399725 21.215234375 36.054822165602275 994.9533800078925 3 6 6 3 6 6 720 212 43 6 0 0 
1642016229.6940184 21.215234375 36.16773694815072 994.9314707695172 3 6 6 3 6 6 720 212 43 6 0 0 
1642016234.8473668 21.225390625 36.15573253075943 994.9733409949263 3 6 6 3 6 6 705 205 39 6 0 0 
1642016240.000627 21.235546875 35.95967148554068 994.9702332762423 3 4 4 3 4 4 762 212 19 2 0 0 
1642016245.1552737 21.23046875 36.06658723532621 994.9713925949235 3 4 4 3 4 4 741 201 21 2 0 0 
1642016250.3022954 21.235546875 35.90011411016591 994.9458489146306 3 4 4 3 4 4 741 201 21 2 0 0 
1642016255.4490736 21.23046875 36.13778437875981 994.9388439111838 3 4 4 3 4 4 741 201 21 2 0 0 
1642016260.5991313 21.240625 36.030806733163324 994.9455854324851 3 4 4 3 4 4 714 199 21 2 0 0 
1642016265.7538428 21.240625 36.05464043177605 994.9388439111838 3 4 4 3 4 4 714 199 21 2 0 0 
1642016270.9067168 21.240625 35.97149636128642 994.9328928337305 3 4 4 3 4 4 714 199 21 2 0 0 
1642016276.0569284 21.25078125 36.00096766794313 994.9689173638794 3 4 4 3 4 4 690 197 14 2 0 0 
1642016281.2115586 21.240625 36.05457983221843 994.952326954908 3 4 4 3 4 4 690 197 14 2 0 0 
1642016286.3687704 21.245703125 36.072349142409585 994.95569771654 3 4 4 3 4 4 690 197 14 2 0 0 
1642016291.5233428 21.245703125 36.11407177507864 994.9427415804867 3 4 4 3 4 4 621 183 14 2 0 0 
1642016296.677187 21.235546875 35.9833214577807 994.9694440581022 3 4 4 3 4 4 621 183 14 2 0 0 
1642016301.8309073 21.240625 36.11395192921341 994.9674953844602 3 4 4 3 4 4 621 183 14 2 0 0 
1642016306.984448 21.25078125 35.99526932743292 994.9862977404222 3 5 5 3 5 5 672 202 19 2 0 0 
1642016312.1392508 21.240625 36.24475868110962 995.0124744988383 3 5 5 3 5 5 672 202 19 2 0 0 
1642016317.2969038 21.23046875 36.1081286871813 994.9865607872384 3 5 5 3 5 5 672 202 19 2 0 0 
1642016322.449334 21.245703125 36.10206547029253 994.9891421090747 3 6 6 3 6 6 705 204 34 2 0 0 
1642016327.5982406 21.245703125 36.18532892588401 995.0040474477125 3 6 6 3 6 6 705 207 37 4 0 0 
1642016332.748353 21.235546875 36.072349142409585 995.0132636467147 3 6 6 3 6 6 705 207 37 4 0 0 
1642016337.8973267 21.235546875 36.20315796079765 995.0233758662007 3 6 6 3 6 6 705 207 37 4 0 0 
1642016343.0520885 21.235546875 36.23887423736638 995.0152118326582 3 6 6 3 6 6 726 214 39 4 0 0 
1642016348.2061143 21.245703125 36.02486343260289 995.0005691769356 3 6 6 3 6 6 726 214 39 4 0 0 
1642016353.3597715 21.245703125 36.23281424826447 995.0062591746681 3 6 6 3 6 6 726 214 39 4 0 0 
1642016358.5132685 21.235546875 36.11395192921341 995.0436003127435 3 6 6 3 6 6 711 211 37 2 0 0 
1642016363.6671813 21.255859375 36.08999598492315 995.0529243686376 3 6 6 3 6 6 711 211 37 2 0 0 
1642016368.820906 21.245703125 36.09005621890693 995.0399668484699 3 6 6 3 6 6 711 211 37 2 0 0 
1642016373.9744244 21.240625 36.16137626926003 995.0436003127435 3 5 5 3 5 5 675 196 32 2 0 0 
1642016379.1290731 21.25078125 36.29218596675694 995.0731493186794 3 5 5 3 5 5 675 196 32 2 0 0 
1642016384.2836921 21.255859375 36.256527914397196 995.0430748122792 3 5 5 3 5 5 675 196 32 2 0 0 
1642016389.4398067 21.245703125 35.96549148211727 995.0512389565898 3 5 5 3 5 5 639 186 32 2 0 0 
1642016394.5945375 21.240625 35.9833214577807 995.0334880882103 3 5 5 3 5 5 639 186 32 2 0 0 
1642016399.7492993 21.255859375 36.04263255655416 995.0568206958856 3 5 5 3 5 5 639 186 32 2 0 0 
1642016404.897328 21.240625 36.102005394744616 995.0433376173922 2 2 2 2 2 2 543 151 10 0 0 0 
1642016410.052561 21.255859375 36.26252918309604 995.0697784929714 2 2 2 2 2 2 543 151 10 0 0 0 
1642016415.206199 21.255859375 35.98914205192377 995.0678302590619 2 3 3 2 3 3 543 151 12 0 0 0 
1642016420.3576937 21.25078125 35.98307335714439 995.0478681327046 2 3 3 2 3 3 543 151 12 0 0 0 
1642016425.5111551 21.245703125 36.23281424826447 995.0745719647399 2 3 3 2 3 3 543 151 12 0 0 0 
1642016430.6625237 21.25078125 36.03068495598822 995.0703037788653 2 3 3 2 3 3 543 148 12 0 0 0 
1642016435.8172905 21.255859375 36.25640903378938 995.0697784929714 2 3 3 2 3 3 543 148 12 0 0 0 
1642016440.9706347 21.2609375 36.19709700160012 995.0911634928307 2 3 3 2 3 3 543 148 12 0 0 0 
1642016446.123907 21.255859375 36.000904066290886 995.1094406446006 2 2 2 2 2 2 537 143 12 0 0 0 
1642016451.2804415 21.2609375 36.208922143944946 995.0832617974856 2 2 2 2 2 2 537 143 12 0 0 0 
1642016456.4356222 21.266015625 35.89973730912841 995.0923231494844 2 2 2 2 2 2 537 143 12 0 0 0 
1642016461.5905035 21.266015625 35.98301189547319 995.1279806556357 3 4 4 3 4 4 714 184 17 0 0 0 
1642016466.7451012 21.27109375 36.220632276257824 995.0892151876911 3 4 4 3 4 4 714 184 17 0 0 0 
1642016471.8973424 21.27109375 36.10170254199873 995.0838958102224 3 4 4 3 4 4 714 184 17 0 0 0 
1642016477.0503635 21.28125 36.08975494091149 995.0937455743458 3 3 3 3 3 3 663 172 17 0 0 0 
1642016482.2025924 21.2966796875 36.00059767295465 995.1232951999068 3 3 3 3 3 3 663 172 17 0 0 0 
1642016487.3566608 21.29140625 36.2026251545706 995.0749419780874 4 4 4 4 4 4 735 212 17 0 0 0 
1642016492.5111766 21.286328125 35.94109621107953 995.1013833987387 4 4 4 4 4 4 735 212 17 0 0 0 
1642016497.6577272 21.286328125 36.17879134592193 995.1131820594337 4 4 4 4 4 4 735 212 17 0 0 0 
1642016502.8101923 21.286328125 35.94710219755969 995.0965901763345 4 4 4 4 4 4 783 221 19 0 0 0 
1642016507.963647 21.286328125 35.952922456244806 995.0693584798832 4 4 4 4 4 4 783 221 19 0 0 0 
1642016513.1184008 21.29140625 36.25605886044052 995.0862136971783 4 4 4 4 4 4 783 221 19 0 0 0 
1642016518.2736523 21.2966796875 36.297721634583375 995.0580870370139 4 4 4 4 4 4 741 214 23 0 0 0 
1642016523.4302657 21.29140625 36.02425108411927 995.1050177218859 4 4 4 4 4 4 741 214 23 0 0 0 
1642016528.5848148 21.2966796875 35.9944696022094 995.1081254901437 4 4 4 4 4 4 741 214 23 0 0 0 
1642016533.7396488 21.286328125 35.982704424996705 995.0884259359941 4 5 5 4 5 5 762 219 23 0 0 0 
1642016538.894463 21.28125 35.91131340363578 995.0665145066743 4 5 5 4 5 5 762 219 23 0 0 0 
1642016544.0488138 21.276171875 36.08975494091149 995.099065022156 4 5 5 4 5 5 762 219 23 0 0 0 
1642016549.2050939 21.286328125 36.2026251545706 995.0934824213659 4 5 5 4 5 5 768 224 25 0 0 0 
1642016554.3571784 21.286328125 36.15507592376741 995.0667778767049 4 5 5 4 5 5 768 224 25 0 0 0 
1642016559.5081758 21.276171875 36.17284761871171 995.0917969261719 4 5 5 4 5 5 768 224 25 0 0 0 
1642016564.662166 21.29140625 36.07774657968717 995.0898481411552 4 5 5 4 5 5 768 222 27 0 0 0 
1642016569.8129501 21.2966796875 36.07174216277228 995.0705165741357 3 4 4 3 4 4 675 191 21 0 0 0 
1642016574.9653862 21.3068359375 36.22628205101265 995.0676729585393 3 4 4 3 4 4 675 191 21 0 0 0 
1642016580.1192324 21.2966796875 36.137005714220415 995.0124744988383 3 4 4 3 4 4 675 191 21 0 0 0 
1642016585.27399 21.2966796875 36.07768613364359 995.0746785661036 3 4 4 3 4 4 675 189 21 0 0 0 
1642016590.428415 21.3017578125 36.00029100941915 995.0825790894326 3 4 4 3 4 4 675 189 21 0 0 0 
1642016595.5830986 21.2966796875 36.2322844263673 995.0353841227599 3 4 4 3 4 4 675 189 21 0 0 0 
1642016600.7377164 21.286328125 36.13112156399759 995.0589815992253 3 4 4 3 4 4 639 184 21 0 0 0 
1642016605.8920417 21.3017578125 35.97056969889666 995.1037002360728 3 4 4 3 4 4 639 184 21 0 0 0 
1642016611.0460706 21.3169921875 36.231990954113655 995.0846308307241 3 4 4 3 4 4 639 184 21 0 0 0 
1642016616.2001271 21.3271484375 36.11310948673807 995.0610323889472 3 4 4 3 4 4 666 195 21 0 0 0 
1642016621.3568096 21.3169921875 36.20815599128625 995.0590823876333 3 4 4 3 4 4 666 195 21 0 0 0 
1642016626.5126436 21.3271484375 36.148654986361215 995.0343272505711 3 4 4 3 4 4 666 195 21 0 0 0 
1642016631.6644313 21.3271484375 36.27359849224542 995.0275848999097 3 3 3 3 3 3 624 174 17 0 0 0 
1642016636.8130293 21.3322265625 36.15459923225878 995.020577949303 3 3 3 3 3 3 624 174 17 0 0 0 
1642016641.963263 21.3169921875 36.07738374131024 995.0258993124198 3 3 3 3 3 3 624 174 17 0 0 0 
1642016647.113343 21.3271484375 35.91682134465648 995.0391195624599 3 4 4 3 4 4 681 190 19 0 0 0 
1642016652.266239 21.3322265625 36.1129892941993 995.0439118465723 3 3 3 3 3 3 600 167 19 0 0 0 
1642016657.4198384 21.3271484375 35.98227351239214 995.0470184738069 3 3 3 3 3 3 594 167 14 0 0 0 
1642016662.57383 21.3271484375 35.97632903534389 995.0321125407846 3 3 3 3 3 3 594 167 14 0 0 0 
1642016667.727481 21.3271484375 36.1962678113739 995.0290059542316 3 3 3 3 3 3 594 167 14 0 0 0 
1642016672.8820405 21.3220703125 36.21998525583432 995.0610323889472 3 4 4 3 4 4 606 176 18 0 0 0 
1642016678.0350037 21.3220703125 36.01199574279657 995.0439118465723 3 4 4 3 4 4 606 176 18 0 0 0 
1642016683.1898775 21.3220703125 36.03577334131592 995.0638747679534 3 4 4 3 4 4 606 176 18 0 0 0 
1642016688.3432398 21.3271484375 35.982211910216485 995.0222635501485 3 4 4 3 4 4 669 185 16 0 0 0 
1642016693.497788 21.3271484375 36.16048390096197 995.0624536197516 3 4 4 3 4 4 669 185 16 0 0 0 
1642016698.6525319 21.3271484375 36.13664677344188 995.0686671204924 3 4 4 3 4 4 669 185 16 0 0 0 
1642016703.8074646 21.3271484375 36.03571235299603 995.0605035085631 3 3 3 3 3 3 618 168 12 0 0 0 
1642016708.9588554 21.3271484375 36.18432030690622 995.0655603977538 3 3 3 3 3 3 618 168 12 0 0 0 
1642016714.1094253 21.3373046875 36.029645755170726 995.0503897320752 3 3 3 3 3 3 618 168 12 0 0 0 
1642016719.2575893 21.3271484375 36.13088208380044 995.0318478150704 3 3 3 3 3 3 609 168 14 0 0 0 
1642016724.4128067 21.3373046875 36.029645755170726 995.0371693857015 3 3 3 3 3 3 609 168 14 0 0 0 
1642016729.560819 21.164453125 36.02363999893129 995.0551819744039 3 3 3 3 3 3 609 168 14 0 0 0 
1642016734.7133653 21.3423828125 35.99391650762685 995.0585532605053 2 3 3 2 3 3 504 148 8 0 0 0 
1642016739.8668964 21.3373046875 35.91068935896204 995.0484394030426 3 3 3 3 3 3 540 162 10 0 0 0 
1642016745.021059 21.3271484375 36.249647218838206 995.0470184738069 3 3 3 3 3 3 540 162 10 0 0 0 
1642016750.1756716 21.3271484375 36.279484203674066 995.0301621866724 3 3 3 3 3 3 540 162 10 0 0 0 
1642016755.329525 21.3271484375 36.10104039867842 995.029897337584 3 3 3 3 3 3 561 169 12 0 0 0 
1642016760.4840682 21.3322265625 36.07137885032792 995.0337981556868 3 3 3 3 3 3 561 169 12 0 0 0 
1642016765.6389554 21.3220703125 36.041656795024736 995.0669814769858 3 3 3 3 3 3 561 169 12 0 0 0 
1642016770.7939608 21.3322265625 36.07137885032792 995.0436472158191 3 3 3 3 3 3 582 172 16 0 0 0 
1642016775.9486282 21.3322265625 36.1247579365824 995.0416968328033 3 3 3 3 3 3 582 172 16 0 0 0 
1642016781.0993383 21.3271484375 36.10104039867842 995.0183627898502 3 3 3 3 3 3 582 172 16 0 0 0 
1642016786.2492442 21.3271484375 36.053484853600736 995.0546523537726 3 3 3 3 3 3 582 172 16 0 0 0 
1642016791.4058926 21.3474609375 35.99385499863325 995.0428526647033 3 3 3 3 3 3 582 172 16 0 0 0 
1642016796.5609999 21.3576171875 36.07101514880558 995.0125106228744 3 3 3 3 3 3 582 172 16 0 0 0 
1642016801.7094746 21.3576171875 36.02940133452847 995.0442732779267 3 3 3 3 3 3 582 172 18 0 0 0 
1642016806.861078 21.3626953125 35.97583536965386 995.0355796284341 3 3 3 3 3 3 582 172 18 0 0 0 
1642016812.0134838 21.3525390625 36.24329248266209 994.9992905911412 3 3 3 3 3 3 582 172 18 0 0 0 
1642016817.1670935 21.3525390625 36.11250809174128 995.0285714449373 3 4 4 3 4 4 636 183 19 2 0 0 
1642016822.3221807 21.3525390625 36.225576315648325 995.0252000255604 3 4 4 3 4 4 636 183 19 2 0 0 
1642016827.4764144 21.3423828125 36.005621784953966 994.9920171306326 3 4 4 3 4 4 642 180 17 2 0 0 
1642016832.631436 21.3626953125 36.04711402236885 995.0080772621023 3 4 4 3 4 4 642 180 17 2 0 0 
1642016837.7859702 21.3728515625 36.0648273925148 995.0170369714729 3 4 4 3 4 4 642 180 17 2 0 0 
1642016842.9405448 21.3728515625 36.08272312966704 995.0212973721328 3 4 4 3 4 4 606 171 13 2 0 0 
1642016848.0941098 21.3576171875 35.809179509457444 995.056166752542 3 4 4 3 4 4 606 171 13 2 0 0 
1642016853.2487512 21.3677734375 36.0290955655485 995.032831843178 3 4 4 3 4 4 606 171 13 2 0 0 
1642016858.4033797 21.3728515625 36.08866810294326 995.0297260560603 3 4 4 3 4 4 612 176 15 2 0 0 
1642016863.5497928 21.3677734375 36.03504076815905 995.0061257454814 3 4 4 3 4 4 612 176 15 2 0 0 
1642016868.6991105 21.3779296875 36.04711402236885 995.0083429328832 3 4 4 3 4 4 612 176 15 2 0 0 
1642016873.8530455 21.3626953125 36.06488814788945 995.0094972175797 3 4 4 3 4 4 624 176 15 2 0 0 
1642016879.009606 21.3779296875 35.9637595810507 995.0027542736636 3 4 4 3 4 4 624 176 15 2 0 0 
1642016884.157679 21.3779296875 36.15632622950506 994.9093284485301 3 4 4 3 4 4 624 176 15 2 0 0 
1642016889.310246 21.3677734375 36.112267231130424 994.9991168438604 3 4 4 3 4 4 630 178 19 2 0 0 
1642016894.4638748 21.3677734375 36.26683715805753 995.01402264408 3 4 4 3 4 4 630 178 19 2 0 0 
1642016899.6204872 21.3880859375 36.076535605352575 994.9803073888692 3 3 3 3 3 3 627 185 14 0 0 0 
1642016904.7770915 21.3880859375 36.14781815706795 994.9853646753623 3 3 3 3 3 3 627 185 14 0 0 0 
1642016909.9309237 21.3931640625 36.15388289810471 995.0199673642641 3 3 3 3 3 3 627 185 14 0 0 0 
1642016915.0854878 21.3982421875 35.95756628231219 995.0067472607568 3 3 3 3 3 3 627 185 10 0 0 0 
1642016920.2405934 21.3982421875 35.83865349106807 994.9764030464738 3 3 3 3 3 3 627 185 10 0 0 0 
1642016925.395294 21.4033203125 36.171539316165266 994.9913086989042 3 3 3 3 3 3 627 185 10 0 0 0 
1642016930.5495422 21.3982421875 35.9218928786311 994.9828796835382 3 4 4 3 4 4 678 204 10 0 0 0 
1642016935.6990793 21.4134765625 35.915822235213646 994.9862512894741 3 4 4 3 4 4 678 204 10 0 0 0 
1642016940.8483255 21.4134765625 36.08824449806305 994.9441062354375 3 4 4 3 4 4 678 204 10 0 0 0 
1642016945.9983153 21.4134765625 36.159589100997856 994.999251845365 3 3 5 3 3 5 666 202 12 2 2 2 
1642016951.1520946 21.4185546875 36.07040811498363 994.9711262751175 3 3 5 3 3 5 666 202 12 2 2 2 
1642016956.3068562 21.4134765625 36.07623218628736 995.0177961427727 3 3 5 3 3 5 666 202 12 2 2 2 
1642016961.459108 21.4134765625 36.08824449806305 994.9711262751175 3 3 5 3 3 5 609 186 14 2 2 2 
1642016966.6130562 21.4083984375 36.0406194994737 994.9593255612774 3 3 5 3 3 5 609 186 14 2 2 2 
1642016971.7670796 21.4185546875 36.21297831454954 994.9638491193349 3 3 5 3 3 5 609 186 14 2 2 2 
1642016976.921132 21.4134765625 36.01089138862065 994.9357241439067 3 3 5 3 3 5 603 186 14 2 2 2 
1642016982.07532 21.4185546875 36.052510671527926 994.9669537233998 4 4 6 4 4 6 702 211 22 2 2 0 
1642016987.2301085 21.4134765625 36.06434096043865 994.9807075564441 4 4 6 4 4 6 702 211 22 2 2 0 
1642016992.3850346 21.4185546875 35.95731806894931 994.9807075564441 4 4 6 4 4 6 702 211 22 2 2 0 
1642016997.5395849 21.4134765625 35.945426430022614 994.9722783370129 3 4 4 3 4 4 651 193 18 0 0 0 
1642017002.6934912 21.4236328125 35.85016520441106 994.9655349627302 3 4 4 3 4 4 651 193 18 0 0 0 
1642017007.848559 21.4236328125 36.052327704367194 994.9818593692893 3 4 4 3 4 4 651 193 18 0 0 0 
1642017013.0031707 21.4287109375 35.84428245497598 994.9517810126397 3 4 5 3 4 5 687 203 22 2 2 0 
1642017018.1613114 21.4287109375 36.01677564396582 994.9272950696057 3 4 5 3 4 5 687 203 22 2 2 0 
1642017023.3164957 21.4388671875 35.98686173515746 994.9194821805223 3 4 5 3 4 5 687 203 22 2 2 0 
1642017028.47052 21.4185546875 35.98103941535081 994.925074740601 4 4 5 4 4 5 714 212 22 2 2 0 
1642017033.6248257 21.4287109375 36.05244969328214 994.9346550013847 4 4 5 4 4 5 714 212 22 2 2 0 
1642017038.7793899 21.4337890625 35.9333476577713 994.9349224517917 4 4 5 4 4 5 714 212 22 2 2 0 
1642017043.9337263 21.4337890625 35.986985246223476 994.9014729630157 4 4 5 4 4 5 705 210 24 2 2 0 
1642017049.085041 21.4388671875 36.04638191888861 994.9425492540438 4 4 5 4 4 5 705 210 24 2 2 0 
1642017054.2395155 21.4388671875 35.77868257597415 994.920364713273 4 4 5 4 4 5 705 210 24 2 2 0 
1642017059.3941677 21.4388671875 35.93328527214925 994.9206326017838 3 4 5 3 4 5 696 205 28 2 2 0 
1642017064.5492122 21.4337890625 36.07016499883842 994.939445090038 2 2 3 2 2 3 561 145 10 2 0 0 
1642017069.702801 21.4388671875 35.97478165121807 994.9436996438347 2 3 3 2 3 3 549 148 19 2 0 0 
1642017074.861461 21.4388671875 35.85003853405976 994.8984478965052 2 3 3 2 3 3 549 148 19 2 0 0 
1642017080.017633 21.4490234375 35.98060407968746 994.8700557571951 2 3 3 2 3 3 549 148 19 2 0 0 
1642017085.1689742 21.4439453125 36.0401891166444 994.8981797217692 2 3 3 2 3 3 534 141 19 2 0 0 
1642017090.321544 21.4541015625 36.11748723728489 994.9167248690305 2 3 3 2 3 3 534 141 19 2 0 0 
1642017095.4760199 21.4490234375 35.927149313824515 994.8886005928812 2 3 3 2 3 3 534 141 19 2 0 0 
1642017100.629864 21.4490234375 35.84984600982976 994.8779486617096 2 3 4 2 3 4 543 141 23 2 0 0 
1642017105.7833438 21.4541015625 35.84997518267132 994.887258762868 2 3 4 2 3 4 543 141 23 2 0 0 
1642017110.937376 21.4541015625 36.04613518789471 994.8948078777245 2 3 4 2 3 4 543 141 23 2 0 0 
1642017116.0939674 21.4490234375 36.206796016232666 994.8964937997117 2 3 4 2 3 4 543 146 21 2 0 0 
1642017121.2480686 21.4490234375 35.98571067623969 994.8844239541411 2 3 4 2 3 4 543 146 21 2 0 0 
1642017126.397324 21.4490234375 35.826060026658475 994.8658786723104 2 3 4 2 3 4 543 146 21 2 0 0 
1642017131.5519762 21.4490234375 35.93303322025317 994.8908992463569 3 3 4 3 3 4 555 155 25 2 0 0 
1642017136.7106094 21.4591796875 36.05195912937675 994.9274535099473 3 3 4 3 3 4 555 155 25 2 0 0 
1642017141.8680947 21.4642578125 36.206556634584324 994.8790976054631 3 3 4 3 3 4 555 155 25 2 0 0 
1642017147.0231805 21.4591796875 35.92696178895837 994.9018951701368 2 4 4 2 4 4 588 163 29 2 0 0 
1642017152.1777098 21.4693359375 36.13508455451934 994.8797083346758 2 4 4 2 4 4 597 168 31 2 0 0 
1642017157.3322582 21.4693359375 35.95081013455666 994.8884072513024 2 4 4 2 4 4 597 168 31 2 0 0 
1642017162.4863417 21.4693359375 36.02210519470071 994.9153830934604 2 4 4 2 4 4 597 168 31 2 0 0 
1642017167.6339161 21.4744140625 35.90330109741907 994.9201724218241 3 5 5 3 5 5 666 189 31 2 0 0 
1642017172.7885463 21.4794921875 35.90912210599594 994.9252304355588 3 5 5 3 5 5 666 189 31 2 0 0 
1642017177.937139 21.4744140625 35.87926293247799 994.9201724218241 3 5 5 3 5 5 666 189 31 2 0 0 
1642017183.088463 21.4794921875 35.93278339508834 994.9249617223372 3 4 4 3 4 4 645 182 27 2 0 0 
1642017188.239043 21.4845703125 36.06336367426009 994.9246928992321 3 4 4 3 4 4 645 182 27 2 0 0 
1642017193.3892736 21.48984375 36.03963801102422 994.9022361629447 3 4 4 3 4 4 645 182 27 2 0 0 
1642017198.542512 21.494921875 36.11105800913587 994.9224688644466 2 4 4 2 4 4 636 177 23 0 0 0 
1642017203.697794 21.5 36.02756030418516 994.8960303684894 2 4 4 2 4 4 636 177 23 0 0 0 
1642017208.8511493 21.5 35.956321092038344 994.9205136256983 2 4 4 2 4 4 636 177 23 0 0 0 
1642017214.0055692 21.494921875 35.98004664091982 994.895491931356 2 4 4 2 4 4 615 173 21 0 0 0 
1642017219.1601892 21.5 36.092975750124374 994.9171414810869 2 4 4 2 4 4 615 173 21 0 0 0 
1642017224.3149405 21.5 36.02149032259086 994.9101278215082 2 4 4 2 4 4 615 173 21 0 0 0 
1642017229.4695477 21.515234375 35.8430738047063 994.9014278458503 2 3 3 2 3 3 552 156 18 0 0 0 
1642017234.6241264 21.51015625 35.88464204178208 994.9300915345233 2 3 3 2 3 3 552 156 18 0 0 0 
1642017239.775793 21.5203125 35.92026334757037 994.9346109497409 2 3 3 2 3 3 519 152 16 0 0 0 
1642017244.9283676 21.5203125 35.736084240712195 994.9444581887491 2 3 3 2 3 3 519 152 16 0 0 0 
1642017250.078044 21.5203125 36.02749884735277 994.9329248225023 2 3 3 2 3 3 519 152 16 0 0 0 
1642017255.232834 21.525390625 35.88470515724712 994.9306993165632 2 3 3 2 3 3 582 173 14 0 0 0 
1642017260.3902047 21.515234375 35.70020342436044 994.9290131623311 2 3 3 2 3 3 582 173 14 0 0 0 
1642017265.5442882 21.525390625 35.94405276230158 994.9292829202363 2 3 3 2 3 3 582 173 14 0 0 0 
1642017270.6986604 21.3322265625 35.857374292082916 994.5797570799404 2 3 3 2 3 3 546 164 16 0 0 0 
1642017275.8568668 21.53046875 36.02706834690497 994.9101954533622 2 3 3 2 3 3 546 164 16 0 0 0 
1642017281.01206 21.55078125 36.02719140107238 994.9599710050768 2 3 3 2 3 3 546 164 16 0 0 0 
1642017286.1668832 21.540625 35.8843894718379 994.9397364925619 2 3 3 2 3 3 546 164 14 0 0 0 
1642017291.321359 21.535546875 35.64654145386817 994.9489773127325 2 3 3 2 3 3 546 164 14 0 0 0 
1642017296.475881 21.545703125 35.92007513170175 994.9416927905743 2 3 3 2 3 3 546 164 14 0 0 0 
1642017301.6303382 21.555859375 35.70007291002141 994.9349480093015 2 3 3 2 3 3 552 164 18 0 0 0 
1642017306.7877939 21.55078125 35.66425398936415 994.9276627241184 2 3 3 2 3 3 552 164 18 0 0 0 
1642017311.9444327 21.555859375 35.86047192974895 994.944254666207 2 3 3 2 3 3 579 152 21 0 0 0 
1642017317.1002233 21.55078125 35.87236754654885 994.9307647780566 2 3 3 2 3 3 579 152 21 0 0 0 
1642017322.256423 21.5609375 36.00315477641358 994.9338667766185 2 3 3 2 3 3 579 152 21 0 0 0 
1642017327.4121683 21.5609375 35.90792830158461 994.9557880253378 2 3 3 2 3 3 579 152 21 0 0 0 
1642017332.5665247 21.566015625 35.884010292669466 994.9155886592555 2 3 3 2 3 3 579 152 21 0 0 0 
1642017337.7209063 21.555859375 35.83648932924033 994.9074280647998 2 3 3 2 3 3 579 152 21 0 0 0 
1642017342.8744166 21.566015625 35.72942249037005 994.9341372496732 2 3 4 2 3 4 585 156 25 2 2 0 
1642017348.028627 21.576171875 35.68236010795414 994.9381135686375 2 3 4 2 3 4 585 156 25 2 2 0 
1642017353.1831074 21.58125 35.77687925183364 994.9566627668074 2 3 4 2 3 4 585 156 25 2 2 0 
1642017358.3360977 21.58125 35.90179136718732 994.8931259015516 2 3 4 2 3 4 570 154 23 2 2 0 
1642017363.4896665 21.576171875 35.70549885396601 994.929952947708 2 3 4 2 3 4 570 154 23 2 2 0 
1642017368.644334 21.576171875 35.90767647715744 994.933325500726 2 3 4 2 3 4 570 154 23 2 2 0 
1642017373.7973297 21.58125 35.95526130911139 994.9178780894091 2 3 4 2 3 4 513 142 23 2 2 0 
1642017378.9554439 21.586328125 35.60430762479446 994.9277248742816 2 3 4 2 3 4 513 142 23 2 2 0 
1642017384.11163 21.58125 35.735240867265134 994.8841523131509 2 3 4 2 3 4 513 142 23 2 2 0 
1642017389.2655149 21.586328125 35.937417074639406 994.9108618427634 2 3 4 2 3 4 471 135 18 2 2 0 
1642017394.4180286 21.58125 35.91963558305191 994.8844235094359 2 3 6 2 3 6 537 143 23 6 4 2 
1642017399.5700688 21.566015625 35.8721141715046 994.8695182498344 2 3 6 2 3 6 537 143 23 6 4 2 
1642017404.7194834 21.566015625 35.76511180868619 994.8883380671712 2 3 6 2 3 6 537 143 23 6 4 2 
1642017409.8721628 21.57109375 35.90191741582345 994.8810509604878 2 3 6 2 3 6 543 150 23 6 4 2 
1642017415.0215728 21.58125 35.753150686311415 994.8894823333842 2 3 6 2 3 6 543 150 23 6 4 2 
1642017420.1735451 21.57109375 35.86028150540189 994.8678319895237 2 3 6 2 3 6 543 150 23 6 4 2 
1642017425.328626 21.576171875 35.96734425198569 994.8782205831299 2 3 6 2 3 6 558 150 25 6 4 2 
1642017430.4820218 21.58125 35.70549885396601 994.8771358007797 2 3 6 2 3 6 558 150 25 6 4 2 
1642017435.6365643 21.58125 35.79478837633938 994.861086948983 2 3 6 2 3 6 558 150 25 6 4 2 
1642017440.7900572 21.57109375 35.80073657643477 994.8596718689485 2 4 7 2 4 7 579 157 29 6 4 2 
1642017445.9445863 21.555859375 35.901854396909556 994.8731618420564 2 4 7 2 4 7 579 157 29 6 4 2 
1642017451.1009781 21.57109375 35.93178236511235 994.8599429389459 2 4 7 2 4 7 579 157 29 6 4 2 
1642017456.2555554 21.57109375 35.94349027843617 994.8428094088788 3 3 5 3 3 5 564 162 24 2 2 2 
1642017461.4091074 21.5609375 35.87812552901547 994.8562993763732 3 3 5 3 3 5 564 162 24 2 2 2 
1642017466.5620937 21.57109375 35.90792830158461 994.820888221279 3 3 5 3 3 5 564 162 24 2 2 2 
1642017471.7162747 21.555859375 35.79498108418429 994.8248033107836 3 4 5 3 4 5 573 165 26 2 2 2 
1642017476.8703678 21.5609375 35.86028150540189 994.8377506722264 3 4 5 3 4 5 555 173 28 2 2 0 
1642017482.027487 21.566015625 35.89596945962254 994.8026110646117 3 4 5 3 4 5 549 171 26 2 2 0 
1642017487.1768048 21.5609375 35.82465707402839 994.8363356867492 3 4 5 3 4 5 549 171 26 2 2 0 
1642017492.3280451 21.5609375 36.09230738333383 994.8341067980472 3 4 5 3 4 5 549 171 26 2 2 0 
1642017497.480555 21.555859375 36.03289284194513 994.7891212236158 3 4 4 3 4 4 576 181 21 0 0 0 
1642017502.635217 21.5 35.75463660992932 994.6858790676596 3 4 4 3 4 4 576 181 21 0 0 0 
1642017507.79393 21.57109375 35.97930202741399 994.7874349938072 3 4 4 3 4 4 576 181 21 0 0 0 
1642017512.948806 21.5609375 35.77713703583609 994.7635559405467 3 4 4 3 4 4 585 183 23 0 0 0 
1642017518.1034734 21.5609375 35.75334482670166 994.778732124611 3 4 4 3 4 4 585 183 23 0 0 0 
1642017523.2600055 21.566015625 35.80662064506096 994.7871633404361 3 4 4 3 4 4 585 183 23 0 0 0 
1642017528.4143782 21.5609375 35.836553087685125 994.7506097976824 2 4 4 2 4 4 555 173 23 0 0 0 
1642017533.5689862 21.57109375 35.6995504203026 994.7652421829397 2 4 4 2 4 4 555 173 23 0 0 0 
1642017538.7251008 21.57109375 35.79478837633938 994.7680707329342 2 4 4 2 4 4 555 173 23 0 0 0 
1642017543.8766723 21.58125 35.88394705831197 994.756266846738 2 3 3 2 3 3 543 164 21 0 0 0 
1642017549.031188 21.57109375 36.032769837727066 994.7141101383925 2 3 3 2 3 3 543 164 21 0 0 0 
1642017554.1851487 21.57109375 35.74720240354168 994.7332035894699 2 3 3 2 3 3 543 164 21 0 0 0 
1642017559.340783 21.57109375 35.9078653616903 994.7534384876615 2 3 3 2 3 3 549 157 21 0 0 0 
