timestamp temperature humidity pressure pm10_standard pm25_standard pm100_standard pm10_env pm25_env pm100_env particles_03um particles_05um particles_10um particles_25um particles_50um particles_100um
1669451633.2896442 20.12734375 18.999425304361598 992.5730871559515 7 9 9 7 9 9 1314 380 36 4 0 0 
1669451638.4213123 20.12734375 18.8859703433595 992.5853807864987 7 9 9 7 9 9 1314 380 36 4 0 0 
1669451643.5556397 20.1171875 18.975849669105518 992.5884866107002 7 8 8 7 8 8 1320 385 34 2 0 0 
1669451648.6866088 20.112109375 18.80307220682836 992.5836985204337 7 8 8 7 8 8 1320 385 34 2 0 0 
1669451653.8154829 20.1171875 19.05304439083484 992.5906861704627 7 8 8 7 8 8 1320 385 34 2 0 0 
1669451658.946292 20.112109375 19.041638257543003 992.5988389175328 7 8 8 7 8 8 1278 378 30 2 0 0 
1669451664.0802658 20.112109375 18.928443660197225 992.6027203226462 7 8 8 7 8 8 1278 378 30 2 0 0 
1669451669.2122283 20.10703125 18.904868887973244 992.5777452106453 7 8 8 7 8 8 1278 378 30 2 0 0 
1669451674.3429005 20.10703125 18.875346698453125 992.5892624074284 6 7 7 6 7 7 1266 373 25 2 0 0 
1669451679.4718392 20.10703125 18.988020226041908 992.5575585147665 6 7 7 6 7 7 1266 373 25 2 0 0 
1669451684.600259 20.101953125 18.78571323279031 992.5777452106453 6 7 7 6 7 7 1266 373 25 2 0 0 
1669451689.73208 20.112109375 18.934922784151674 992.581109660936 6 7 7 6 7 7 1239 366 27 0 0 0 
1669451694.8641934 20.1171875 18.94709351533463 992.5724400196918 7 8 8 7 8 8 1239 366 27 0 0 0 
1669451699.9962428 20.10703125 18.904868887973244 992.5572998767011 5 7 7 5 7 7 1266 338 31 2 0 0 
1669451705.1250122 20.10703125 18.886995801477596 992.5491473944521 5 7 7 5 7 7 1266 338 31 2 0 0 
1669451710.258924 20.101953125 19.06546822684481 992.572181394427 5 7 7 5 7 7 1266 338 31 2 0 0 
1669451715.3923995 20.101953125 19.00019045552523 992.5536766268428 6 8 8 6 8 8 1353 357 38 2 0 0 
1669451720.5246685 20.10703125 19.029977906422715 992.5772281506895 6 8 8 6 8 8 1353 357 38 2 0 0 
1669451725.6557164 20.101953125 19.018062956861577 992.5387952651732 6 8 8 6 8 8 1353 357 38 2 0 0 
1669451730.7842448 20.10703125 18.934657160146937 992.5508296183752 5 8 8 5 8 8 1248 338 45 4 0 0 
1669451735.9128504 20.096875 18.971178655374043 992.5101972457991 5 8 8 5 8 8 1248 338 45 4 0 0 
1669451741.042603 20.101953125 18.94061478378382 992.5594992543238 5 8 8 5 8 8 1248 338 45 4 0 0 
1669451746.172488 20.101953125 18.92326356188659 992.5359483106815 5 7 7 5 7 7 1218 321 45 4 0 0 
1669451751.3015752 20.096875 19.054835035552372 992.5258550533114 6 8 8 6 8 8 1218 321 45 4 0 0 
1669451756.4336867 20.096875 18.917306047860897 992.5311603182375 6 8 8 6 8 8 1218 321 45 4 0 0 
1669451761.5664787 20.096875 18.976880726171565 992.5309016816823 5 8 8 5 8 8 1218 319 40 4 0 0 
1669451766.6982152 20.096875 18.95900843046582 992.5073507546631 4 7 7 4 7 7 1218 319 40 4 0 0 
1669451771.8321795 20.096875 18.875603162247856 992.5460415705663 4 7 7 4 7 7 1218 319 40 4 0 0 
1669451776.961066 20.096875 19.060283551207228 992.5311603182375 5 7 8 5 7 8 1227 326 40 6 0 0 
1669451782.0906684 20.10703125 19.012370160836486 992.512397380729 5 7 7 5 7 7 1206 356 33 2 0 0 
1669451787.225445 20.091796875 19.048623440548724 992.4804354262608 6 8 8 6 8 8 1149 349 26 2 0 0 
1669451792.3502603 20.096875 18.798410959994115 992.5073507546631 6 8 8 6 8 8 1149 349 26 2 0 0 
1669451797.4821358 20.101953125 18.977136008132742 992.503986337635 6 8 8 6 8 8 1149 349 26 2 0 0 
1669451802.61118 20.091796875 19.10794140500894 992.5224906347466 5 7 7 5 7 7 1176 353 28 2 0 0 
1669451807.742511 20.08671875 18.85228616206391 992.5107151719706 5 7 7 5 7 7 1176 353 28 2 0 0 
1669451812.8731427 20.08671875 18.857987002563924 992.4854820489742 5 7 7 5 7 7 1176 353 28 2 0 0 
1669451818.0068707 20.091796875 18.929476898636544 992.4806944695625 5 6 6 5 6 6 1155 342 23 2 0 0 
1669451823.139488 20.096875 18.96522129235011 992.4804354262608 5 6 6 5 6 6 1155 342 23 2 0 0 
1669451828.2694259 20.08671875 18.90564709752278 992.5087740412492 5 6 6 5 6 6 1155 342 23 2 0 0 
1669451833.4017384 20.096875 18.971178655374043 992.4857410516015 5 6 6 5 6 6 1125 339 28 0 0 0 
1669451838.5335555 20.091796875 19.07815532337391 992.4871642566851 6 7 7 6 7 7 1125 339 28 0 0 0 
1669451843.668015 20.112109375 19.071679906509182 992.4784940527487 6 7 7 6 7 7 1125 339 28 0 0 0 
1669451848.7996483 20.112109375 19.12529602461462 992.4731880742199 6 7 7 6 7 7 1203 363 28 0 0 0 
1669451853.9312477 20.1171875 18.910570490253146 992.495057126067 6 7 7 6 7 7 1203 363 28 0 0 0 
1669451859.0636296 20.1171875 18.999425304361598 992.4539044503815 6 7 7 6 7 7 1203 363 28 0 0 0 
1669451864.1947982 20.12734375 18.83234804974628 992.4738320065907 5 6 6 5 6 6 1083 304 34 0 0 0 
1669451869.3285737 20.12734375 18.892184636616676 992.4940194748983 5 6 6 5 6 6 1083 304 34 0 0 0 
1669451874.4580982 20.1375 18.9693811471209 992.4687851410854 5 6 6 5 6 6 1083 304 34 0 0 0 
1669451879.5925148 20.1375 18.886226724208687 992.4370817117741 4 5 5 4 5 5 1119 306 36 0 0 0 
1669451884.727029 20.122265625 18.86809633789049 992.4755142952322 4 5 5 4 5 5 1119 306 36 0 0 0 
1669451889.8566232 20.12734375 18.8859703433595 992.4637382762088 4 5 5 4 5 5 1119 306 36 0 0 0 
1669451894.9838967 20.1171875 18.96367878471306 992.4707271959741 5 6 6 5 6 6 1218 334 38 0 0 0 
1669451900.1152442 20.122265625 18.916272209147845 992.4507997220238 6 7 7 6 7 7 1218 334 38 0 0 0 
1669451905.2475827 20.122265625 19.11883138430279 992.4541642431874 6 7 7 6 7 7 1218 334 38 0 0 0 
1669451910.3795724 20.1171875 18.83881997637243 992.4743513760368 6 7 7 6 7 7 1206 338 35 0 0 0 
1669451915.511465 20.112109375 18.904868887973244 992.4462723343048 6 7 7 6 7 7 1206 338 35 0 0 0 
1669451920.6409028 20.10703125 18.856950426046726 992.4047361609908 6 7 7 6 7 7 1206 338 35 0 0 0 
1669451925.7702746 20.10703125 18.958232071446922 992.4496368008163 6 7 7 6 7 7 1164 322 37 0 0 0 
1669451930.902067 20.10703125 18.857207118665798 992.43928370575 6 7 7 6 7 7 1164 322 37 0 0 0 
1669451936.0339928 20.10703125 18.904868887973244 992.4414852086463 6 7 7 6 7 7 1164 322 37 0 0 0 
1669451941.1661072 20.101953125 18.80385404054145 992.4751296109788 6 8 8 6 8 8 1206 334 42 0 0 0 
1669451946.2987463 20.101953125 18.941136042370825 992.4753888041759 6 9 9 6 9 9 1317 368 48 4 0 0 
1669451951.4264681 20.091796875 18.959263919060938 992.4905286723165 7 10 10 7 10 10 1353 387 48 4 0 0 
1669451956.5573044 20.091796875 19.065986559159374 992.473706596954 7 10 10 7 10 10 1353 387 48 4 0 0 
1669451961.6875427 20.08671875 19.072452256199835 992.4636133550891 7 10 10 7 10 10 1353 387 48 4 0 0 
1669451966.818117 20.091796875 18.89373213537448 992.4266048230966 7 10 10 7 10 10 1446 406 46 4 0 0 
1669451971.9478374 20.096875 19.0424116866513 992.4770710114676 7 10 10 7 10 10 1446 406 46 4 0 0 
1669451977.0772085 20.091796875 19.001220312088527 992.4792712233309 7 10 10 7 10 10 1446 406 46 4 0 0 
1669451982.206603 20.091796875 18.959519396776646 992.4523563477878 7 9 9 7 9 9 1425 396 41 2 0 0 
1669451987.3420157 20.08671875 18.95330653550653 992.4607672444743 7 9 9 7 9 9 1425 396 41 2 0 0 
1669451992.4743984 20.101953125 19.001220312088527 992.4607672444743 7 9 9 7 9 9 1425 396 41 2 0 0 
1669451997.6091058 20.0765625 18.93594581883399 992.4891054399766 7 9 9 7 9 9 1404 384 39 2 0 0 
1669452002.742975 20.091796875 19.01338961387685 992.4391580805423 7 9 9 7 9 9 1404 384 39 2 0 0 
1669452007.875342 20.081640625 19.01338961387685 992.4557207062529 7 9 9 7 9 9 1404 384 39 2 0 0 
1669452013.0051513 20.08671875 19.102999486272672 992.4478278934612 7 9 9 7 9 9 1446 393 36 2 0 0 
1669452018.1397965 20.091796875 18.96003031956981 992.4593440661209 7 9 9 7 9 9 1446 393 36 2 0 0 
1669452023.2733855 20.0765625 19.007687365400585 992.4627083980284 7 9 9 7 9 9 1446 393 36 2 0 0 
1669452028.4051747 20.081640625 19.20426573549904 992.4859999450102 6 8 10 6 8 10 1248 344 48 4 2 2 
1669452033.5359218 20.081640625 19.10870267250429 992.4817295506123 6 8 10 6 8 10 1248 344 48 4 2 2 
1669452038.6667306 20.0765625 18.983603744155648 992.4742246828047 7 9 11 7 9 11 1320 365 53 4 2 2 
1669452043.7964637 20.0765625 18.948115955466836 992.5028217540978 7 9 11 7 9 11 1320 365 53 4 2 2 
1669452048.929958 20.08671875 18.96598748622451 992.5011395728746 7 9 11 7 9 11 1320 365 53 4 2 2 
1669452054.060316 20.071484375 18.96598748622451 992.5033389421083 6 9 10 6 9 10 1257 351 51 4 2 2 
1669452059.1899085 20.08671875 18.827942105618927 992.5177027524447 6 9 10 6 9 10 1257 351 51 4 2 2 
1669452064.3213873 20.091796875 18.98930581618156 992.5076095810334 6 9 10 6 9 10 1257 351 51 4 2 2 
1669452069.4526973 20.08671875 19.066749305629333 992.5275372626985 7 9 10 7 9 10 1257 351 49 4 2 2 
1669452074.587017 20.08671875 18.888030943174826 992.5378891028103 7 9 10 7 9 10 1257 351 49 4 2 2 
1669452079.7206173 20.0765625 19.05534375430154 992.5030804027097 7 9 10 7 9 10 1257 351 49 4 2 2 
1669452084.850263 20.08671875 18.828713084905402 992.5011395728746 7 9 11 7 9 11 1290 366 51 6 2 2 
1669452089.9833422 20.08671875 19.013644449939054 992.517961388248 7 9 11 7 9 11 1290 366 51 6 2 2 
1669452095.1103454 20.071484375 19.013134766935494 992.5083854048477 7 9 11 7 9 11 1290 366 51 6 2 2 
1669452100.241235 20.0765625 19.067511954189236 992.4951866702521 7 9 12 7 9 12 1275 366 46 8 4 4 
1669452105.3730736 20.071484375 18.900970345336983 992.5081269061233 7 9 12 7 9 12 1275 366 46 8 4 4 
1669452110.5031538 20.06640625 18.930755900391873 992.5086437943619 5 7 8 5 7 8 1098 303 29 6 2 0 
1669452115.6331067 20.071484375 18.996283218275636 992.5268891069358 5 7 8 5 7 8 1098 303 29 6 2 0 
1669452120.761586 20.061328125 18.949138221527573 992.5189948393354 5 7 8 5 7 8 1098 303 29 6 2 0 
1669452125.892836 20.0765625 18.98981605019801 992.5035973722969 5 7 8 5 7 8 1128 317 31 6 2 0 
1669452131.0248752 20.06640625 18.92479880990901 992.5252069518513 5 7 8 5 7 8 1128 317 31 6 2 0 
1669452136.1583927 20.061328125 19.073977107439763 992.4971271857347 5 7 8 5 7 8 1128 317 31 6 2 0 
1669452141.291426 20.061328125 19.092101268849376 992.5120080760877 6 8 9 6 8 9 1191 338 33 6 2 0 
1669452146.4260283 20.05625 18.978412254748747 992.4768865528564 6 8 9 6 8 9 1191 338 33 6 2 0 
1669452151.5598428 20.061328125 18.85978331485281 992.5257233505101 6 8 9 6 8 9 1191 338 33 6 2 0 
1669452156.6940587 20.051171875 19.19311045747146 992.5257233505101 6 8 9 6 8 9 1221 343 33 6 2 0 
1669452161.8279805 20.051171875 19.026067952205985 992.5206214836543 6 8 9 6 8 9 1221 343 33 6 2 0 
1669452166.961931 20.051171875 18.984879537591617 992.525925749587 6 8 9 6 8 9 1221 343 33 6 2 0 
1669452172.0955832 20.041015625 18.913396535974464 992.4896935740929 6 8 10 6 8 10 1269 355 37 6 2 0 
1669452177.2286592 20.04609375 19.056869649454363 992.5158331491501 6 8 10 6 8 10 1269 355 37 6 2 0 
1669452182.3632624 20.04609375 18.955350603635285 992.5062563984745 6 8 10 6 8 10 1269 355 37 6 2 0 
1669452187.4962077 20.0359375 19.003769669465726 992.5163488337015 6 8 8 6 8 8 1182 332 32 2 0 0 
1669452192.6301033 20.041015625 18.842682361268402 992.4925418445939 5 7 7 5 7 7 1083 307 29 0 0 0 
1669452197.7632744 20.0359375 19.015173237850217 992.5446865233052 6 7 7 6 7 7 1161 333 31 0 0 0 
1669452202.897581 20.0359375 19.13481126222401 992.5163488337015 6 7 7 6 7 7 1161 333 31 0 0 0 
1669452208.0304828 20.030859375 19.00427941039083 992.5017256736198 6 7 7 6 7 7 1161 333 31 0 0 0 
1669452213.163156 20.041015625 19.08171188845891 992.5031500409037 6 8 8 6 8 8 1224 352 35 0 0 0 
1669452218.2974644 20.02578125 19.123659058039777 992.5154395095362 6 8 8 6 8 8 1224 352 35 0 0 0 
1669452223.4313736 20.02578125 18.93875826664984 992.5336845412795 6 8 8 6 8 8 1224 352 35 0 0 0 
1669452228.5654366 20.020703125 18.872466707470373 992.5252743105038 6 8 8 6 8 8 1191 356 35 0 0 0 
1669452233.6984606 20.030859375 19.1350646229038 992.5483082285049 6 8 8 6 8 8 1191 356 35 0 0 0 
1669452238.8325443 20.02578125 18.992366567524726 992.5437768205146 6 8 8 6 8 8 1191 356 35 0 0 0 
1669452243.9665265 20.030859375 19.158636472704504 992.5639613865262 7 8 8 7 8 8 1254 378 40 0 0 0 
1669452249.100259 20.02578125 19.010235816430626 992.5418374078798 7 8 8 7 8 8 1254 378 40 0 0 0 
1669452254.2330694 20.020703125 19.076009633210553 992.5303204487598 7 8 8 7 8 8 1254 378 40 0 0 0 
1669452259.367045 20.020703125 19.1171958139002 992.5440340636883 7 8 8 7 8 8 1263 380 45 0 0 0 
1669452264.5009086 20.020703125 18.956883197795893 992.5420947738006 7 8 8 7 8 8 1263 380 45 0 0 0 
1669452269.6325288 20.02578125 19.152933339545754 992.5101358995073 7 8 8 7 8 8 1263 380 45 0 0 0 
1669452274.7654395 20.0359375 19.075755605565153 992.5250168090033 5 7 8 5 7 8 1014 287 27 4 2 0 
1669452279.8995569 20.0359375 18.96854075864648 992.5466261544657 5 7 8 5 7 8 1014 287 27 4 2 0 
1669452285.0326247 20.0359375 19.17080196382605 992.531745047716 5 6 7 5 6 7 984 283 27 2 2 0 
1669452290.1657581 20.0359375 19.003769669465726 992.5168640814741 5 6 7 5 6 7 984 283 27 2 2 0 
1669452295.299563 20.0359375 18.986155059045473 992.4983615837535 5 6 7 5 6 7 984 283 27 2 2 0 
1669452300.4335954 20.02578125 19.134557890665658 992.5034077186577 5 6 7 5 6 7 969 281 25 2 2 0 
1669452305.5670125 20.04609375 18.884124098875432 992.5264412714422 5 6 7 5 6 7 969 281 25 2 2 0 
1669452310.7009513 20.0359375 19.18816500316839 992.5129846883465 5 6 7 5 6 7 969 281 25 2 2 0 
1669452315.8348184 20.0359375 19.098565558165955 992.5314874912552 5 6 8 5 6 8 1011 288 27 4 4 0 
1669452320.9692361 20.0359375 19.003769669465726 992.5081962171101 5 6 8 5 6 8 1011 288 27 4 4 0 
1669452326.1002638 20.0359375 19.003769669465726 992.5096205432709 5 6 8 5 6 8 1011 288 27 4 4 0 
1669452331.2343345 20.02578125 19.004534264534605 992.5168640814741 5 6 8 5 6 8 969 281 27 4 4 0 
1669452336.3677318 20.0359375 19.01593748493744 992.533169564666 5 6 8 5 6 8 969 281 27 4 4 0 
1669452341.5030024 20.0359375 19.194626652526093 992.4733887312672 5 6 8 5 6 8 969 281 27 4 4 0 
1669452346.6370404 20.0359375 19.009471395352847 992.5098782759851 5 6 8 5 6 8 984 288 29 4 4 0 
1669452351.771462 20.041015625 19.063843008991135 992.5348516381466 5 6 8 5 6 8 984 288 29 4 4 0 
1669452356.9055953 20.030859375 19.062826238631075 992.52838092822 6 8 8 6 8 8 1149 349 45 0 0 0 
1669452362.0399675 20.041015625 18.991856551093388 992.5269563565193 6 8 8 6 8 8 1149 349 45 0 0 0 
1669452367.1732328 20.02578125 19.039508778279334 992.5384732875458 6 8 8 6 8 8 1149 349 45 0 0 0 
1669452372.3077528 20.020703125 18.95560606319394 992.5050897637652 6 8 8 6 8 8 1164 349 42 0 0 0 
1669452377.4418237 20.0359375 19.021893939328613 992.5098782759851 6 8 8 6 8 8 1164 349 42 0 0 0 
1669452382.5760117 20.0359375 19.063334645568904 992.5266988685768 6 8 8 6 8 8 1164 349 42 0 0 0 
1669452387.7105513 20.0359375 18.866253376875754 992.5079384708379 5 7 7 5 7 7 1113 325 33 0 0 0 
1669452392.8446503 20.041015625 19.110985887541243 992.5197129793357 5 7 7 5 7 7 1113 325 33 0 0 0 
1669452397.978612 20.030859375 18.93177890596425 992.5387306805827 5 7 7 5 7 7 1113 325 33 0 0 0 
1669452403.1125107 20.02578125 18.992366567524726 992.5151820358776 6 7 7 6 7 7 1125 327 29 0 0 0 
1669452408.246286 20.0359375 19.00351478268439 992.4882693158313 6 7 7 6 7 7 1125 327 29 0 0 0 
1669452413.380964 20.030859375 19.1350646229038 992.5252743105038 6 7 7 6 7 7 1125 327 29 0 0 0 
1669452418.514639 20.02578125 19.075755605565153 992.4834809140714 6 7 7 6 7 7 1137 327 29 0 0 0 
1669452423.6490436 20.02578125 19.218703562656316 992.5188035736832 6 7 7 6 7 7 1137 327 29 0 0 0 
1669452428.7794611 20.020703125 19.110732240496294 992.5269563565193 6 7 7 6 7 7 1137 327 29 0 0 0 
1669452433.913396 20.0359375 19.039254304751953 992.5213950522576 6 7 7 6 7 7 1137 322 29 2 0 0 
1669452439.0480711 20.04609375 19.09907313862401 992.5250168090033 6 8 8 6 8 8 1263 364 30 6 0 0 
1669452444.182609 20.0359375 18.962584280771495 992.5017256736198 6 8 8 6 8 8 1179 335 32 6 0 0 
1669452449.3170402 20.02578125 19.034061337968108 992.5300629879329 6 8 8 6 8 8 1179 335 32 6 0 0 
1669452454.450891 20.030859375 19.105536917412227 992.4885270064162 6 8 8 6 8 8 1179 335 32 6 0 0 
1669452459.584895 20.02578125 19.14178068220202 992.5219102186826 6 9 9 6 9 9 1278 363 32 6 0 0 
1669452464.7188656 20.020703125 19.11123952370752 992.5221676381094 6 9 9 6 9 9 1278 363 32 6 0 0 
1669452469.8502862 20.02578125 19.093624423459907 992.5149244530294 6 9 9 6 9 9 1278 363 32 6 0 0 
1669452474.9842172 20.02578125 18.9322903434732 992.5103934138394 6 10 10 6 10 10 1326 384 41 6 0 0 
1669452480.1188662 20.02578125 19.20679145866646 992.5202281728765 6 10 10 6 10 10 1326 384 41 6 0 0 
1669452485.2524261 20.02578125 19.15964874822223 992.537305931484 6 10 10 6 10 10 1326 384 41 6 0 0 
1669452490.385811 20.02578125 19.14178068220202 992.5120754456686 6 10 10 6 10 10 1311 379 46 6 0 0 
1669452495.5182648 20.02578125 19.0397632409277 992.5202281728765 6 10 10 6 10 10 1311 379 46 6 0 0 
1669452500.6518924 20.02578125 19.052438966771653 992.5022407286764 6 10 10 6 10 10 1311 379 46 6 0 0 
1669452505.7866504 20.020703125 18.950926768274847 992.4820565190588 6 11 11 6 11 11 1302 381 48 8 0 0 
1669452510.917674 20.030859375 19.06979931240923 992.5219102186826 6 11 11 6 11 11 1302 381 48 8 0 0 
1669452516.0496366 20.02578125 18.997813115410878 992.5420947738006 6 11 11 6 11 11 1302 381 48 8 0 0 
1669452521.1795745 20.020703125 19.058395152965566 992.5204856058613 6 8 8 6 8 8 1098 315 45 6 0 0 
1669452526.311827 20.02578125 19.051930371368435 992.531745047716 6 8 8 6 8 8 1098 315 45 6 0 0 
1669452531.4390283 20.02578125 18.974752424787418 992.5235922645584 5 7 7 5 7 7 1071 308 35 6 0 0 
1669452536.5683417 20.02578125 19.00427941039083 992.5353665876441 5 7 7 5 7 7 1071 308 35 6 0 0 
1669452541.7002394 20.030859375 19.08741426031274 992.5151820358776 5 7 7 5 7 7 1071 308 35 6 0 0 
1669452546.8305624 20.020703125 19.00402454536787 992.518288571408 6 8 8 6 8 8 1119 323 40 4 0 0 
1669452551.95934 20.020703125 19.093624423459907 992.5168640814741 6 8 8 6 8 8 1119 323 40 4 0 0 
1669452557.088524 20.030859375 19.070053408928196 992.5065141583048 6 8 8 6 8 8 1119 323 40 4 0 0 
1669452562.2181523 20.030859375 19.087668161090495 992.5322598330639 6 8 8 6 8 8 1146 332 45 4 0 0 
1669452567.3500748 20.030859375 19.152933339545754 992.5221676381094 6 8 8 6 8 8 1146 332 45 4 0 0 
1669452572.481053 20.02578125 18.914676190139357 992.5056047645904 6 8 8 6 8 8 1146 332 45 4 0 0 
1669452577.6146796 20.02578125 18.944203667098368 992.500043628652 6 8 8 6 8 8 1146 327 38 4 0 0 
1669452582.7442524 20.020703125 19.100088168995406 992.5075441057284 6 8 8 6 8 8 1146 327 38 4 0 0 
1669452587.875434 20.020703125 18.951182231435254 992.5322598330639 6 8 8 6 8 8 1146 327 38 4 0 0 
1669452593.00485 20.015625 18.89110574582238 992.5255317028148 6 8 8 6 8 8 1176 334 38 4 0 0 
1669452598.1364439 20.020703125 19.034315847733435 992.5041800967905 6 8 8 6 8 8 1176 334 38 4 0 0 
1669452603.2678182 20.02578125 18.99883282925 992.519060911039 6 8 8 6 8 8 1266 365 56 2 0 0 
1669452608.397726 20.020703125 18.8859177970495 992.4909814133051 6 8 8 6 8 8 1266 365 56 2 0 0 
1669452613.5312996 20.00546875 19.08817593000966 992.524621232923 6 8 8 6 8 8 1266 365 56 2 0 0 
1669452618.6634467 20.010546875 19.064351328897782 992.5109081149454 6 8 8 6 8 8 1272 370 56 2 0 0 
1669452623.7960384 20.000390625 19.148496220107 992.514272124442 6 8 8 6 8 8 1272 370 56 2 0 0 
1669452628.9251711 20.00546875 19.017211012500272 992.4842534527332 6 8 8 6 8 8 1272 370 56 2 0 0 
1669452634.054563 20.000390625 19.22566875752068 992.5411842104684 6 8 8 6 8 8 1245 358 51 2 0 0 
1669452639.1882427 20.000390625 19.01100013959601 992.5061193286768 6 8 8 6 8 8 1245 358 51 2 0 0 
1669452644.3221295 20.000390625 19.136331263124536 992.4960273844673 6 8 8 6 8 8 1245 358 51 2 0 0 
1669452649.4570992 20.00546875 19.100595618908784 992.4876174328797 6 8 8 6 8 8 1317 380 53 2 0 0 
1669452654.5887666 20.000390625 19.106551585264477 992.4898138215817 6 8 8 6 8 8 1317 380 53 2 0 0 
1669452659.7170448 20.000390625 19.1008493275474 992.5313492001983 6 8 8 6 8 8 1317 380 53 2 0 0 
1669452664.8502753 19.9953125 19.041289788358707 992.51983226801 5 7 7 5 7 7 1245 352 53 2 0 0 
1669452669.9799578 20.00546875 19.005808372065815 992.5231962239734 5 7 7 5 7 7 1245 352 53 2 0 0 
1669452675.1116667 19.9953125 19.071069686215445 992.4881318585195 5 7 7 5 7 7 1245 352 53 2 0 0 
1669452680.2409744 19.9953125 19.089445161929035 992.5150432758953 7 8 8 7 8 8 1275 357 48 0 0 0 
1669452685.3731544 19.990234375 19.13734437948737 992.4588850526961 6 7 7 6 7 7 1137 318 41 0 0 0 
1669452690.5018578 19.990234375 19.023930901874788 992.4982236379408 6 8 8 6 8 8 1143 330 48 0 0 0 
1669452695.6365209 19.990234375 19.124926278187473 992.4704015365032 6 8 8 6 8 8 1143 330 48 0 0 0 
1669452700.7677624 19.9953125 18.982494416196026 992.4701445566535 6 8 8 6 8 8 1143 330 48 0 0 0 
1669452705.8997207 19.980078125 19.119477430010463 992.4625056972211 6 8 8 6 8 8 1128 330 50 0 0 0 
1669452711.0294127 19.975 19.184989126639973 992.4557781212924 6 8 8 6 8 8 1128 330 50 0 0 0 
1669452716.1621902 19.980078125 18.994661102943592 992.453839330391 6 8 8 6 8 8 1128 330 50 0 0 0 
1669452721.2943664 19.969921875 19.11352175966426 992.4975689445788 6 8 8 6 8 8 1149 337 41 0 0 0 
1669452726.422867 19.98515625 19.065621938283854 992.435852337274 6 8 8 6 8 8 1149 337 41 0 0 0 
1669452731.5538933 19.980078125 19.078041462735865 992.4670376934705 6 8 8 6 8 8 1149 337 41 0 0 0 
1669452736.6829696 19.990234375 19.090206570535475 992.4622488679155 6 9 9 6 9 9 1212 359 50 2 0 0 
1669452741.8121083 19.98515625 19.196900210825287 992.478811145307 6 9 9 6 9 9 1212 359 50 2 0 0 
1669452746.9456952 19.980078125 19.2093160940133 992.4720834581243 6 9 9 6 9 9 1212 359 50 2 0 0 
1669452752.076513 19.980078125 18.911022863024577 992.4588850526961 6 9 10 6 9 10 1218 369 59 4 2 0 
1669452757.2070735 19.975 18.977303811706147 992.429124820044 6 9 10 6 9 10 1218 369 59 4 2 0 
1669452762.3375802 19.975 19.108326835176644 992.4313203272437 6 9 10 6 9 10 1218 369 59 4 2 0 
1669452767.4702823 19.980078125 19.16813398831162 992.4644442979635 6 7 7 6 7 7 1137 316 33 0 0 0 
1669452772.6002593 19.96484375 19.06638417336893 992.4557781212924 6 7 7 6 7 7 1137 316 33 0 0 0 
1669452777.7319863 19.975 19.042561612045393 992.452671135236 6 7 7 6 7 7 1194 335 28 0 0 0 
1669452782.8612714 19.969921875 19.043070265367145 992.4692332742667 6 7 7 6 7 7 1194 335 28 0 0 0 
1669452787.993251 19.975 19.137850872397586 992.4863087521053 6 7 7 6 7 7 1194 335 28 0 0 0 
1669452793.1218626 19.959765625 19.149761845264994 992.4476254951142 6 7 7 6 7 7 1146 325 28 0 0 0 
1669452798.250357 19.980078125 19.280779838216077 992.4408979759294 6 7 7 6 7 7 1146 325 28 0 0 0 
1669452803.3840873 19.96484375 18.983514521386283 992.4276998366034 6 7 7 6 7 7 1146 325 28 0 0 0 
1669452808.5151546 19.96484375 19.16192573174914 992.4610805368352 6 8 8 6 8 8 1194 340 35 2 0 0 
1669452813.6455493 19.975 19.0130378560214 992.4445184954989 6 8 8 6 8 8 1194 340 35 2 0 0 
1669452818.772641 19.96484375 19.03736911635313 992.4425798556208 6 8 8 6 8 8 1194 340 35 2 0 0 
1669452823.902031 19.9544921875 19.144312675615964 992.4195473640964 6 8 8 6 8 8 1173 335 42 2 0 0 
1669452829.0334158 19.9544921875 19.09096788123311 992.4200607452777 6 8 8 6 8 8 1173 335 42 2 0 0 
1669452834.1657643 19.959765625 19.15026801917889 992.4192905097739 6 8 8 6 8 8 1173 335 42 2 0 0 
1669452839.2977364 19.969921875 19.066892275697956 992.4296384751561 6 8 8 6 8 8 1185 342 42 2 0 0 
1669452844.4273984 19.959765625 19.126953264737043 992.396001448064 6 8 8 6 8 8 1185 342 42 2 0 0 
1669452849.5586996 19.96484375 19.001890926364062 992.4166970963795 6 8 8 6 8 8 1173 328 48 2 0 0 
1669452854.6911085 19.9494140625 19.257714279976803 992.3808647949834 6 8 8 6 8 8 1152 321 51 2 0 0 
1669452859.8244493 19.9544921875 19.22819089171003 992.3965152088551 6 8 8 6 8 8 1152 321 51 2 0 0 
1669452864.9591973 19.959765625 19.001890926364062 992.3729696861157 6 8 8 6 8 8 1152 321 51 2 0 0 
1669452870.0885203 19.9544921875 19.07310171860506 992.3914697385447 5 8 8 5 8 8 1137 316 44 2 0 0 
1669452875.223194 19.9544921875 19.09122162970815 992.3763333313835 5 8 8 5 8 8 1137 316 44 2 0 0 
1669452880.3502796 19.96484375 19.13861053017397 992.3844855250537 5 8 8 5 8 8 1137 316 44 2 0 0 
1669452885.481727 19.959765625 19.06144498506518 992.3948333853484 5 7 7 5 7 7 1059 294 37 2 0 0 
1669452890.6106734 19.959765625 19.144565815125606 992.3931515619116 5 7 7 5 7 7 1059 294 37 2 0 0 
1669452895.7403364 19.96484375 19.317264616012512 992.3606825996725 5 7 7 5 7 7 1059 294 37 2 0 0 
1669452900.8716588 19.959765625 19.174089290837184 992.3974262681851 5 7 7 5 7 7 1032 287 37 2 0 0 
1669452906.002854 19.96484375 19.078803219307318 992.4058355904766 5 7 7 5 7 7 1032 287 37 2 0 0 
1669452911.132445 19.969921875 19.221226820645217 992.4072603967614 5 7 7 5 7 7 1032 287 37 2 0 0 
1669452916.2610176 19.96484375 19.132148669582406 992.3769865993876 5 6 6 5 6 6 981 275 35 2 0 0 
1669452921.3905196 19.959765625 19.048517267765998 992.3904416176499 5 6 6 5 6 6 981 275 35 2 0 0 
1669452926.5201244 19.96484375 19.066638229972877 992.4007899968922 5 6 6 5 6 6 981 275 35 2 0 0 
1669452931.6518786 19.969921875 19.20982089054441 992.3991081325038 7 10 10 7 10 10 1242 367 60 2 0 0 
1669452936.7837405 19.96484375 19.150014937661176 992.3976832987554 7 10 10 7 10 10 1242 367 60 2 0 0 
1669452941.9180572 19.975 19.054218707996174 992.3952299882035 7 10 10 7 10 10 1242 370 60 2 0 0 
1669452947.0466921 19.96484375 19.078549311328977 992.3825466450464 7 10 10 7 10 10 1242 370 60 2 0 0 
1669452952.181058 19.959765625 19.018993494165425 992.3991081325038 7 10 10 7 10 10 1242 370 60 2 0 0 
1669452957.3149164 19.96484375 19.174089290837184 992.4142449145137 7 10 10 7 10 10 1236 363 58 2 0 0 
1669452962.4461732 19.975 19.144059525227828 992.3892740459966 7 10 10 7 10 10 1236 363 58 2 0 0 
1669452967.577 19.9544921875 19.18599986511029 992.3928947089777 7 10 10 7 10 10 1236 363 58 2 0 0 
1669452972.7081409 19.96484375 19.108580398792263 992.4075174551446 7 10 10 7 10 10 1212 356 58 2 0 0 
1669452977.8397565 19.96484375 19.20982089054441 992.4097130820618 7 10 10 7 10 10 1212 356 58 2 0 0 
1669452982.9732933 19.9544921875 19.28774105204095 992.3864242688626 7 10 10 7 10 10 1212 356 58 2 0 0 
1669452988.1069605 19.9544921875 19.01975725169252 992.4032425035796 7 10 10 7 10 10 1296 384 60 2 0 0 
1669452993.2367284 19.9544921875 18.948802166732353 992.3580903143553 7 10 10 7 10 10 1296 384 60 2 0 0 
1669452998.3676088 19.9494140625 19.121251411115765 992.3914697385447 7 10 10 7 10 10 1296 384 60 2 0 0 
1669453003.4970884 19.9494140625 19.269624429256783 992.3928947089777 6 8 8 6 8 8 1251 365 55 0 0 0 
1669453008.6287062 19.9443359375 19.079564877969485 992.3981970324315 6 8 8 6 8 8 1251 365 55 0 0 0 
1669453013.760697 19.96484375 19.234398038630417 992.3763333313835 5 8 8 5 8 8 1212 324 44 6 0 0 
1669453018.890087 19.9443359375 19.18055002480673 992.3931515619116 5 8 8 5 8 8 1212 324 44 6 0 0 
1669453024.0221403 19.9544921875 19.10313221575326 992.4013038946472 4 7 7 4 7 7 1212 324 44 6 0 0 
1669453029.1538637 19.959765625 19.13265523496323 992.3777581791712 4 7 7 4 7 7 1134 305 42 8 0 0 
1669453034.2859685 19.9544921875 19.03762348469116 992.3611969298772 4 7 7 4 7 7 1134 305 42 8 0 0 
1669453039.4166 19.959765625 19.17459487027891 992.3830606227571 4 7 7 4 7 7 1134 305 42 8 0 0 
1669453044.5432014 19.9443359375 19.049534255395905 992.3777581791712 5 9 9 5 9 9 1212 327 46 8 0 0 
1669453049.6737957 19.959765625 19.292941758188608 992.4106241534215 5 9 9 5 9 9 1212 327 46 8 0 0 
1669453054.8046088 19.959765625 19.17434208599722 992.3892740459966 5 9 9 5 9 9 1212 327 46 8 0 0 
1669453059.937088 19.959765625 19.174089290837184 992.3558943127671 4 8 8 4 8 8 1176 330 44 8 0 0 
1669453065.0667179 19.96484375 19.102624983413957 992.3659853265644 4 8 8 4 8 8 1176 330 44 8 0 0 
1669453070.1965902 19.96484375 19.180044583103406 992.3906988116084 4 8 8 4 8 8 1176 330 44 8 0 0 
1669453075.3283737 19.959765625 19.192460303085767 992.3715447836164 4 7 7 4 7 7 1191 335 37 6 0 0 
1669453080.457576 19.9494140625 19.156729345142228 992.3791829449901 5 8 8 5 8 8 1191 335 37 6 0 0 
1669453085.5918174 19.9544921875 19.24655993062748 992.4066061513606 5 8 8 5 8 8 1191 335 37 6 0 0 
1669453090.722538 19.9544921875 19.097430596583976 992.3796969769305 6 7 7 6 7 7 1218 340 35 2 0 0 
1669453095.8559341 19.9544921875 19.204118100391213 992.3914697385447 5 8 8 5 8 8 1347 384 41 0 0 0 
1669453100.9873285 19.9544921875 19.04357887517297 992.3595151078366 6 7 7 6 7 7 1326 375 29 0 0 0 
1669453106.1194212 19.96484375 19.043324575709548 992.3297567318263 6 7 7 6 7 7 1326 375 29 0 0 0 
1669453111.2504969 19.9544921875 19.06740033451151 992.3482564660263 6 7 7 6 7 7 1326 375 29 0 0 0 
1669453116.380032 19.9544921875 19.07931100262757 992.3527878203724 7 8 8 7 8 8 1320 377 31 0 0 0 
1669453121.5132277 19.959765625 19.085266321297297 992.3662423964175 7 8 8 7 8 8 1320 377 31 0 0 0 
1669453126.6446786 19.96484375 19.096923248257585 992.3758192452132 7 8 8 7 8 8 1320 377 31 0 0 0 
1669453131.7781937 19.9544921875 19.085266321297297 992.3611969298772 6 7 7 6 7 7 1284 367 33 0 0 0 
1669453136.909419 19.9544921875 19.234145953908033 992.3696060411269 6 7 7 6 7 7 1284 367 33 0 0 0 
1669453142.0421143 19.959765625 19.25746244896431 992.3359696065994 6 7 7 6 7 7 1284 367 33 0 0 0 
1669453147.1738114 19.96484375 19.222235819253157 992.3791829449901 5 7 7 5 7 7 1191 348 35 0 0 0 
1669453152.301181 19.9544921875 19.007846378399083 992.3558943127671 6 8 8 6 8 8 1191 348 35 0 0 0 
1669453157.432572 19.959765625 19.198162918030622 992.3775010950667 6 8 8 6 8 8 1191 348 35 0 0 0 
1669453162.5665388 19.9544921875 19.17434208599722 992.3825466450464 6 8 8 6 8 8 1161 345 35 0 0 0 
1669453167.70025 19.9544921875 19.00163614477343 992.3688345854491 5 7 7 5 7 7 1161 345 35 0 0 0 
1669453172.8334174 19.96484375 19.03762348469116 992.3875921956543 5 7 7 5 7 7 1161 345 35 0 0 0 
1669453177.9666743 19.9544921875 19.05548962535998 992.3878491984138 5 8 8 5 8 8 1056 308 37 6 0 0 
1669453183.1001503 19.9544921875 19.18625252253213 992.3830606227571 5 8 8 5 8 8 1056 308 37 6 0 0 
1669453188.234419 19.9544921875 19.216785308307674 992.3842284951793 5 8 8 5 8 8 1098 315 37 6 0 0 
1669453193.3687541 19.96484375 19.00163614477343 992.3623644488977 5 8 8 5 8 8 1098 315 37 6 0 0 
1669453198.503008 19.9544921875 18.966157998717684 992.3976832987554 5 8 8 5 8 8 1098 315 37 6 0 0 
1669453203.6372876 19.969921875 19.221479086614384 992.3971691284565 4 7 7 4 7 7 1083 315 39 6 0 0 
1669453208.7712893 19.96484375 19.24555212091538 992.3789257652872 4 7 7 4 7 7 1083 315 39 6 0 0 
1669453213.9055007 19.975 19.083743254028988 992.381774859805 4 7 7 4 7 7 1083 315 39 6 0 0 
1669453219.039399 19.9953125 18.976028254238198 992.4227929313598 4 7 7 4 7 7 1098 313 41 6 0 0 
1669453224.1738183 19.9953125 19.12517968958122 992.3675466427793 5 8 8 5 8 8 1098 313 41 6 0 0 
1669453229.3068082 19.9953125 18.958926047429745 992.3759562980761 5 8 8 5 8 8 1098 313 41 6 0 0 
1669453234.4410121 19.975 19.2445441371552 992.3762140371546 5 7 7 5 7 7 1068 299 34 2 0 0 
1669453239.5748935 19.990234375 19.13734437948737 992.3565465061016 5 7 7 5 7 7 1068 299 34 2 0 0 
1669453244.7085717 19.975 19.13759763138174 992.4050640471702 5 7 7 5 7 7 1068 299 34 2 0 0 
1669453249.8422477 19.975 19.191702537426465 992.3904416176499 5 7 7 5 7 7 1083 304 43 2 0 0 
1669453254.9759011 19.969921875 18.91153459045968 992.3573189014314 5 7 7 5 7 7 1083 304 43 2 0 0 
1669453260.109549 19.975 19.126446583371145 992.3674099969925 5 7 7 5 7 7 1032 304 30 4 0 0 
1669453265.2430758 19.980078125 19.138357321793702 992.3808647949834 5 7 7 5 7 7 1032 304 30 4 0 0 
1669453270.377285 19.969921875 19.179791845934265 992.350848806811 5 7 7 5 7 7 1032 304 30 4 0 0 
1669453275.511658 19.959765625 18.99568061360328 992.3674099969925 5 7 7 5 7 7 1080 311 30 4 0 0 
1669453280.6457198 19.96484375 18.959691936532405 992.3791829449901 5 7 7 5 7 7 1080 311 30 4 0 0 
1669453285.7800174 19.969921875 19.25746244896431 992.3921234952469 5 7 7 5 7 7 1080 311 30 4 0 0 
1669453290.9136531 19.96484375 19.173836484798798 992.3859103453818 5 8 8 5 8 8 1137 325 30 6 0 0 
1669453296.0478482 19.959765625 19.210073272492696 992.3974262681851 5 8 8 5 8 8 1137 325 30 6 0 0 
1669453301.181716 19.96484375 18.97211351230592 992.3859103453818 5 8 8 5 8 8 1137 325 30 6 0 0 
1669453306.315779 19.96484375 19.0130378560214 992.3864242688626 6 8 8 6 8 8 1158 341 37 4 0 0 
1669453311.4494672 19.959765625 19.216280736537417 992.3763333313835 6 8 8 6 8 8 1158 341 37 4 0 0 
1669453316.5832975 19.9544921875 19.06144498506518 992.3791829449901 6 8 8 6 8 8 1158 341 37 4 0 0 
1669453321.7170198 19.969921875 18.9894701419514 992.3654708593948 6 8 8 6 8 8 1137 331 35 4 0 0 
1669453326.8506038 19.9544921875 19.019248090886887 992.3659853265644 6 8 8 6 8 8 1137 331 35 4 0 0 
1669453331.9849513 19.96484375 18.99542575225718 992.4173516675795 6 8 8 6 8 8 1137 331 35 4 0 0 
1669453337.1185675 19.980078125 18.971603249478026 992.3621071336198 5 7 7 5 7 7 1053 310 35 4 0 0 
1669453342.251835 19.96484375 19.066638229972877 992.3870778626655 6 8 11 6 8 11 1224 371 38 6 4 2 
1669453347.3860438 19.975 19.15026801917889 992.3786684764261 7 8 11 7 8 11 1281 387 35 6 4 2 
1669453352.5200944 19.975 19.173836484798798 992.3904416176499 7 8 11 7 8 11 1281 387 35 6 4 2 
1669453357.6543212 19.96484375 19.078549311328977 992.3758192452132 7 8 11 7 8 11 1281 387 35 6 4 2 
1669453362.7884398 19.969921875 19.210073272492696 992.3573189014314 6 8 10 6 8 10 1167 351 35 6 4 2 
1669453367.9220915 19.96484375 19.126699929493384 992.3842284951793 6 8 10 6 8 10 1167 351 35 6 4 2 
1669453373.0562456 19.96484375 18.995935464070172 992.3373941273331 6 8 10 6 8 10 1167 351 35 6 4 2 
1669453378.189851 19.959765625 19.043833163757412 992.369091846497 6 8 9 6 8 9 1152 351 30 4 2 0 
1669453383.3227758 19.96484375 19.019248090886887 992.3388185660973 6 8 9 6 8 9 1152 351 30 4 2 0 
1669453388.4562073 19.96484375 19.191702537426465 992.3710308344057 6 8 9 6 8 9 1152 351 30 4 2 0 
1669453393.5886228 19.96484375 19.072593775780717 992.3721983117824 6 8 9 6 8 9 1173 363 37 4 2 0 
1669453398.7226217 19.969921875 19.287238089548183 992.3724555457155 6 8 9 6 8 9 1173 363 37 4 2 0 
1669453403.8565614 19.96484375 18.994915996927336 992.387335083739 6 8 9 6 8 9 1173 363 37 4 2 0 
1669453408.99001 19.969921875 19.233641751829087 992.3794400155369 6 7 7 6 7 7 1125 346 30 0 0 0 
1669453414.1239307 19.969921875 19.119984336147887 992.400532884279 6 7 7 6 7 7 1125 346 30 0 0 0 
1669453419.250327 19.975 19.15026801917889 992.4007899968922 6 7 7 6 7 7 1125 346 30 0 0 0 
1669453424.3840265 19.96484375 19.162178675526718 992.3724555457155 6 8 8 6 8 8 1179 328 54 2 0 0 
1669453429.5185626 19.969921875 19.072593775780717 992.385653219909 6 8 8 6 8 8 1179 328 54 2 0 0 
1669453434.6530213 19.969921875 19.161672777093152 992.3659853265644 6 9 9 6 9 9 1230 335 56 2 0 0 
1669453439.7871263 19.969921875 19.018993494165425 992.3772439018063 6 9 9 6 9 9 1230 335 56 2 0 0 
1669453444.9207628 19.96484375 19.018993494165425 992.364303490757 6 9 9 6 9 9 1230 335 56 2 0 0 
1669453450.054944 19.96484375 19.049534255395905 992.3388185660973 6 8 8 6 8 8 1236 331 49 2 0 0 
1669453455.1885943 19.969921875 19.072593775780717 992.3842284951793 6 8 8 6 8 8 1236 331 49 2 0 0 
1669453460.3223345 19.959765625 19.096923248257585 992.3441214665135 6 8 8 6 8 8 1236 331 49 2 0 0 
1669453465.4571183 19.959765625 19.121251411115765 992.3556370524155 6 9 9 6 9 9 1314 360 47 2 0 0 
1669453470.5907373 19.959765625 18.966157998717684 992.3606825996725 6 9 9 6 9 9 1314 360 47 2 0 0 
1669453475.7234783 19.969921875 19.227686551896927 992.3938053729138 6 9 9 6 9 9 1314 360 47 2 0 0 
1669453480.8572984 19.969921875 18.935869187529075 992.3522733545935 6 10 10 6 10 10 1314 360 52 4 0 0 
1669453485.990876 19.96484375 19.054727107578472 992.3421822628026 6 10 10 6 10 10 1314 360 52 4 0 0 
1669453491.1247206 19.969921875 18.9894701419514 992.3623644488977 6 10 10 6 10 10 1314 360 52 4 0 0 
1669453496.257817 19.96484375 19.22718216857146 992.3503340956069 6 9 9 6 9 9 1224 334 45 4 0 0 
1669453501.391691 19.969921875 19.174089290837184 992.3424396316136 6 9 9 6 9 9 1224 334 45 4 0 0 
1669453506.5262547 19.9544921875 19.060936788504264 992.32368193438 6 8 9 6 8 9 1152 345 38 4 2 0 
1669453511.658253 19.96484375 19.197910398346032 992.3489096570505 6 8 9 6 8 9 1152 345 38 4 2 0 
1669453516.7898407 19.959765625 19.215776121254592 992.3483947004161 5 7 8 5 7 8 1152 345 38 4 2 0 
1669453521.923957 19.96484375 19.126446583371145 992.3152726969805 5 8 9 5 8 9 1200 364 41 4 2 0 
1669453527.058014 19.969921875 19.054727107578472 992.3517584521891 5 8 9 5 8 9 1200 364 41 4 2 0 
1669453532.1918633 19.96484375 18.9894701419514 992.3138484489979 6 9 10 6 9 10 1200 364 41 4 2 0 
1669453537.3261395 19.96484375 19.043324575709548 992.367152722387 6 8 9 6 8 9 1158 345 39 4 2 0 
1669453542.4600673 19.975 19.102117707559877 992.3421822628026 6 8 9 6 8 9 1158 345 39 4 2 0 
1669453547.5941513 19.959765625 19.161672777093152 992.3438641112598 6 8 9 6 8 9 1158 345 39 4 2 0 
1669453552.7280574 19.975 18.96513715403466 992.3531827267948 6 8 9 6 8 9 1185 347 39 4 2 0 
1669453557.8619308 19.96484375 19.162431608425887 992.3621071336198 6 8 9 6 8 9 1185 347 39 4 2 0 
1669453562.996511 19.975 19.01329252161847 992.3284698912299 6 8 9 6 8 9 1185 347 39 4 2 0 
1669453568.1304088 19.975 19.22718216857146 992.3486522333128 6 8 9 6 8 9 1227 347 39 4 2 0 
1669453573.2635825 19.975 18.929657844749535 992.3486522333128 6 8 9 6 8 9 1227 347 39 4 2 0 
1669453578.397198 19.959765625 19.090206570535475 992.3349396961172 6 8 9 6 8 9 1227 347 39 4 2 0 
1669453583.5294647 19.96484375 19.043070265367145 992.3402429228898 7 9 10 7 9 10 1356 380 48 4 2 0 
1669453588.6646433 19.975 19.09096788123311 992.3467128246344 6 8 8 6 8 8 1182 337 40 2 0 0 
1669453593.797065 19.969921875 19.2093160940133 992.3539552034697 6 8 8 6 8 8 1224 356 42 2 0 0 
1669453598.928945 19.975 19.150014937661176 992.3467128246344 6 8 8 6 8 8 1224 356 42 2 0 0 
1669453604.0614054 19.96484375 19.16192573174914 992.3169545443209 6 8 8 6 8 8 1224 356 42 2 0 0 
1669453609.1909475 19.96484375 19.01950267672925 992.3539552034697 6 8 8 6 8 8 1215 361 47 0 0 0 
1669453614.3203266 19.96484375 19.197405326342135 992.3416671977081 6 8 8 6 8 8 1215 361 47 0 0 0 
1669453619.452636 19.975 19.101610388191002 992.3641827811496 6 8 8 6 8 8 1215 361 47 0 0 0 
1669453624.5817566 19.980078125 19.09590842106013 992.3450309489225 6 8 8 6 8 8 1137 337 52 0 0 0 
1669453629.716521 19.96484375 19.12619322637033 992.3282121956435 6 8 8 6 8 8 1137 337 52 0 0 0 
1669453634.8479493 19.980078125 19.203360715307625 992.3694863670081 6 8 8 6 8 8 1137 337 52 0 0 0 
1669453639.9813797 19.98515625 19.054472913226785 992.3433490732804 5 8 8 5 8 8 1125 328 50 0 0 0 
1669453645.1097062 19.975 19.048008708677305 992.3397276123599 5 8 8 5 8 8 1125 328 50 0 0 0 
1669453650.2407432 19.980078125 19.072593775780717 992.3245906139617 5 8 8 5 8 8 1125 328 50 0 0 0 
1669453655.3747447 19.975 19.08995277854542 992.3411516959676 5 8 8 5 8 8 1149 333 50 0 0 0 
1669453660.508032 19.98515625 19.184989126639973 992.3192869673854 5 8 8 5 8 8 1149 333 50 0 0 0 
1669453665.6419668 19.975 19.084504836617665 992.3293783791108 5 8 8 5 8 8 1149 333 50 0 0 0 
1669453670.775129 19.975 19.03660594606498 992.3596526293685 6 9 10 6 9 10 1287 383 44 2 0 0 
1669453675.909101 19.98515625 19.077787522121085 992.323166571021 6 9 10 6 9 10 1287 383 44 2 0 0 
1669453681.0418382 19.975 19.185494517631724 992.3195449490859 6 9 9 6 9 9 1287 385 40 2 0 0 
1669453686.1733882 19.98515625 19.06587602752442 992.3399853222056 6 9 9 6 9 9 1287 385 40 2 0 0 
1669453691.3059175 19.975 19.215271462459167 992.3714259550225 6 9 9 6 9 9 1287 385 40 2 0 0 
1669453696.43894 19.98515625 19.31625998129065 992.3714259550225 6 8 9 6 8 9 1239 364 35 2 0 0 
1669453701.5725787 19.980078125 19.161166835145938 992.3478793071358 6 8 9 6 8 9 1239 364 35 2 0 0 
1669453706.706243 19.975 19.173078001413522 992.3896693807989 6 8 9 6 8 9 1239 364 35 2 0 0 
1669453711.8395724 19.975 19.143553191816064 992.3764716670642 6 8 8 6 8 8 1233 357 37 2 0 0 
1669453716.9734776 19.980078125 19.053964491886628 992.3949726165933 6 8 8 6 8 8 1233 357 37 2 0 0 
1669453722.1071 19.98515625 18.99440619808063 992.3476214467472 6 8 8 6 8 8 1233 357 37 2 0 0 
1669453727.2402525 19.975 19.119477430010463 992.3963970542967 6 8 8 6 8 8 1176 347 42 2 0 0 
1669453732.3741758 19.98515625 19.143300008792437 992.4017002366986 6 8 8 6 8 8 1176 347 42 2 0 0 
1669453737.5081065 19.975 19.17358366788206 992.3416671977081 6 8 8 6 8 8 1176 347 42 2 0 0 
1669453742.641886 19.98515625 19.173078001413522 992.3599102856876 6 8 8 6 8 8 1155 339 42 2 0 0 
1669453747.7753127 19.980078125 19.06587602752442 992.3930332174081 6 8 8 6 8 8 1155 339 42 2 0 0 
1669453752.90844 19.990234375 19.11352175966426 992.3507273374229 6 7 8 6 7 8 1140 310 49 2 0 0 
1669453758.041485 19.98515625 19.07727960825506 992.3992456837507 6 7 8 6 7 8 1140 310 49 2 0 0 
1669453763.1759384 19.980078125 19.160913847854708 992.366380243609 6 7 8 6 7 8 1140 310 49 2 0 0 
1669453768.3105361 19.9953125 19.2445441371552 992.4079130041226 5 7 7 5 7 7 1161 305 49 2 0 0 
1669453773.4433722 19.98515625 19.166869504988473 992.3596526293685 5 7 7 5 7 7 1161 305 49 2 0 0 
1669453778.5774956 19.990234375 19.012019084841807 992.4393549600858 5 7 7 5 7 7 1161 305 49 2 0 0 
1669453783.7109492 19.98515625 19.14925562783722 992.3793201606834 6 7 8 6 7 8 1155 312 52 2 0 0 
1669453788.8451421 19.9953125 18.98198429832523 992.424217313891 6 7 8 6 7 8 1155 312 52 2 0 0 
1669453793.9793465 19.98515625 19.172825151861716 992.4112768693833 6 7 8 6 7 8 1155 312 52 2 0 0 
1669453799.112225 19.975 19.31600879541602 992.3815173797343 6 8 8 6 8 8 1218 331 54 2 0 0 
1669453804.2460153 19.98515625 19.2445441371552 992.3980789728455 6 8 8 6 8 8 1218 331 54 2 0 0 
1669453809.3803022 19.98515625 19.25024762750661 992.396654521515 6 8 8 6 8 8 1218 331 54 2 0 0 
1669453814.5138988 19.9953125 19.137091116714462 992.406488566638 6 8 9 6 8 9 1245 343 52 2 0 0 
1669453819.647531 19.9953125 19.149002502805626 992.3894117501814 6 8 9 6 8 9 1245 343 52 2 0 0 
1669453824.781702 20.00546875 19.160407840636992 992.4595384971432 6 8 9 6 8 9 1245 343 52 2 0 0 
1669453829.9154687 19.9953125 19.315506391033747 992.437415434154 6 8 9 6 8 9 1266 355 52 2 0 0 
1669453835.0492554 19.9953125 19.0829815735312 992.4211109846483 5 8 8 5 8 8 1167 340 54 0 0 0 
1669453840.1822577 20.000390625 19.273314477165748 992.3978214100165 5 7 8 5 7 8 1131 325 57 2 2 0 
1669453845.3165967 20.00546875 19.196142455963173 992.4275812347788 5 7 8 5 7 8 1131 325 57 2 2 0 
1669453850.4502 20.00546875 19.017720347371576 992.4105038512447 5 7 8 5 7 8 1131 325 57 2 2 0 
1669453855.5844412 20.00546875 19.226173271383352 992.4230503999948 6 8 9 6 8 9 1224 354 61 2 2 0 
1669453860.7185204 19.9953125 19.053201778284375 992.430945155946 6 8 9 6 8 9 1224 354 61 2 2 0 
1669453865.8521087 20.000390625 19.017720347371576 992.4292631953275 6 8 9 6 8 9 1224 354 61 2 2 0 
1669453870.9855359 20.000390625 19.082727658274347 992.4444008434075 6 8 9 6 8 9 1209 354 61 2 2 0 
1669453876.118691 20.010546875 19.17802238115709 992.4357334596986 6 8 9 6 8 9 1209 354 61 2 2 0 
1669453881.2514637 20.015625 19.100341899391452 992.4275812347788 6 8 9 6 8 9 1209 354 61 2 2 0 
1669453886.385754 20.00546875 19.153945847030748 992.4422037244708 5 7 8 5 7 8 1116 323 52 2 2 0 
1669453891.520043 20.010546875 19.058649365474533 992.4618723194964 5 7 8 5 7 8 1116 323 52 2 2 0 
1669453896.6542854 20.010546875 19.005298761690856 992.4416881299892 5 7 8 5 7 8 1116 323 52 2 2 0 
1669453901.7885077 20.00546875 19.016701634112504 992.4503559917716 5 7 8 5 7 8 1095 318 47 2 2 0 
1669453906.9220183 20.015625 18.957138592078042 992.4085639732824 5 7 8 5 7 8 1095 318 47 2 2 0 
1669453912.054771 20.020703125 19.10604427309573 992.4352179751181 5 7 8 5 7 8 1095 318 47 2 2 0 
1669453917.1879044 20.015625 19.15939569566045 992.4534622393131 5 8 10 5 8 10 1200 341 51 6 2 0 
1669453922.3216796 20.015625 19.123912523826515 992.4548864026548 5 8 10 5 8 10 1200 341 51 6 2 0 
1669453927.4560277 20.02578125 19.070053408928196 992.4231859651076 6 9 10 6 9 10 1206 346 51 6 2 0 
1669453932.5891685 20.020703125 18.986665191472095 992.4500982077286 6 9 10 6 9 10 1206 346 51 6 2 0 
1669453937.7232096 20.02578125 18.956883197795893 992.4577344833292 6 9 10 6 9 10 1206 346 51 6 2 0 
1669453942.8560352 20.02578125 19.069545205011394 992.4284899695323 6 9 10 6 9 10 1215 344 46 6 2 0 
1669453947.9892375 20.0359375 18.926333666266647 992.4796012269179 6 9 10 6 9 10 1215 344 46 6 2 0 
1669453953.1234186 20.0359375 18.902506854814035 992.4473839097566 6 9 10 6 9 10 1215 344 46 6 2 0 
1669453958.2573497 20.030859375 19.063334645568904 992.4493242004761 5 8 9 5 8 9 1173 330 39 4 0 0 
1669453963.3915675 20.030859375 18.98045368360994 992.4625225415423 5 8 9 5 8 9 1173 330 39 4 0 0 
1669453968.5259054 20.030859375 19.016192212208253 992.4563104839946 5 8 9 5 8 9 1173 330 39 4 0 0 
1669453973.6594212 20.0359375 19.146470654173076 992.4195637987671 5 8 8 5 8 8 1146 319 34 4 0 0 
1669453978.7932062 20.0359375 18.99160152655885 992.4675687533944 5 8 8 5 8 8 1146 319 34 4 0 0 
1669453983.9270732 20.041015625 19.08741426031274 992.4479002692801 5 8 8 5 8 8 1146 319 34 4 0 0 
1669453989.060645 20.04609375 19.11123952370752 992.4591584006566 5 8 8 5 8 8 1134 315 34 4 0 0 
1669453994.1938348 20.0359375 19.12936178217082 992.4277157610879 5 8 8 5 8 8 1134 315 34 4 0 0 
1669453999.3280923 20.041015625 19.134304508228748 992.4574763303186 5 7 7 5 7 7 1098 304 33 0 0 0 
1669454004.4623146 20.041015625 19.10452207550087 992.514408959754 5 7 7 5 7 7 1098 304 33 0 0 0 
1669454009.5914593 20.0359375 18.96181820664464 992.484131418829 5 7 7 5 7 7 1098 304 33 0 0 0 
1669454014.7255518 20.030859375 18.93177890596425 992.4574763303186 5 7 7 5 7 7 1068 297 31 0 0 0 
1669454019.8595684 20.0359375 19.199824957076107 992.4428541412893 5 7 7 5 7 7 1068 297 31 0 0 0 
1669454024.993527 20.041015625 19.08665249270678 992.4512643549564 5 7 7 5 7 7 1068 297 31 0 0 0 
1669454030.1273606 20.041015625 19.051930371368435 992.4608404710646 5 7 7 5 7 7 1104 307 35 0 0 0 
1669454035.260437 20.030859375 19.015682746787494 992.4745550542731 5 7 7 5 7 7 1104 307 35 0 0 0 
1669454040.3946996 20.0359375 18.927356686247116 992.4490659796758 5 7 7 5 7 7 1104 307 35 0 0 0 
1669454045.528929 20.030859375 19.0397632409277 992.4591584006566 5 7 7 5 7 7 1131 314 35 0 0 0 
1669454050.661819 20.02578125 19.0275957830587 992.4726149658752 5 7 7 5 7 7 1131 314 35 0 0 0 
1669454055.7958148 20.02578125 19.224659599257983 992.4764950064321 5 7 7 5 7 7 1131 314 35 0 0 0 
1669454060.9300652 20.02578125 19.14723032298698 992.4736464346857 5 7 7 5 7 7 1080 299 31 0 0 0 
1669454066.0634143 20.020703125 19.075755605565153 992.5017256736198 5 7 7 5 7 7 1080 299 31 0 0 0 
1669454071.196437 20.030859375 19.110985887541243 992.4397481400749 5 7 7 5 7 7 1080 299 31 0 0 0 
1669454076.3292382 20.02578125 19.016192212208253 992.4865872714217 6 8 8 6 8 8 1137 318 36 0 0 0 
1669454081.463395 20.02578125 19.064097174383903 992.4596745703692 6 7 10 6 7 10 1203 338 28 4 4 4 
1669454086.5974312 20.0359375 18.979943391670485 992.4594165401094 6 7 9 6 7 9 1239 354 32 2 2 2 
1669454091.7310624 20.04609375 19.027341171780943 992.4610985969593 6 7 9 6 7 9 1239 354 32 2 2 2 
1669454096.8648112 20.0359375 18.944203667098368 992.4779191692998 6 7 9 6 7 9 1239 354 32 2 2 2 
1669454101.9980588 20.0359375 19.194373980546 992.5059985294497 6 7 9 6 7 9 1230 354 32 2 2 2 
1669454107.1313872 20.041015625 19.157877151842598 992.4742970368418 6 7 9 6 7 9 1230 354 32 2 2 2 
1669454112.2644258 20.0359375 19.241771284378032 992.49952810972 6 7 9 6 7 9 1230 354 32 2 2 2 
1669454117.3987305 20.041015625 19.110985887541243 992.4846474001912 6 8 9 6 8 9 1179 347 39 2 2 2 
1669454122.5329812 20.04609375 18.979943391670485 992.4664027439565 6 8 9 6 8 9 1179 347 39 2 2 2 
1669454127.667437 20.05625 19.169790108727163 992.4925418445939 6 8 9 6 8 9 1179 347 39 2 2 2 
1669454132.8013275 20.04609375 19.015173237850217 992.4997859237822 6 8 9 6 8 9 1173 349 41 2 2 2 
1669454137.9351614 20.041015625 18.997303193216023 992.4906016590569 6 8 9 6 8 9 1173 349 41 2 2 2 
1669454143.068722 20.04609375 19.110478582572675 992.4961639657618 6 8 9 6 8 9 1173 349 41 2 2 2 
1669454148.2022212 20.0359375 19.13405111491328 992.4793432501605 7 8 9 7 8 9 1209 358 43 2 2 2 
1669454153.3351967 20.0359375 19.00325988502387 992.487753607088 7 8 9 7 8 9 1209 358 43 2 2 2 
1669454158.4692519 20.04609375 19.062317788177623 992.4927998220829 None None None None None None None None None None None None 
1669454163.6023622 20.041015625 19.13405111491328 992.4858135038422 7 7 10 7 7 10 1287 363 32 4 4 0 
1669454168.7388194 20.04609375 19.270796764497714 992.5138930296895 7 7 10 7 7 10 1287 363 32 4 4 0 
1669454173.8727627 20.05625 19.038999820345552 992.515575143076 7 7 9 7 7 9 1266 353 23 4 4 0 
1669454179.0040703 20.05625 19.199319674705567 992.4942239299565 7 7 9 7 7 9 1266 353 23 4 4 0 
1669454184.1376474 20.061328125 18.990836387679742 992.5357605091604 7 7 9 7 7 9 1266 353 23 4 4 0 
1669454189.2724936 20.05625 19.199572321329956 992.5088466899491 7 7 9 7 7 9 1287 365 23 4 4 0 
1669454194.4052045 20.04609375 18.94318129959435 992.4956479558184 7 7 9 7 7 9 1287 365 23 4 4 0 
1669454199.5386736 20.05625 19.193363183842916 992.4956479558184 7 7 9 7 7 9 1287 365 23 4 4 0 
1669454204.672836 20.06640625 18.967008925745727 992.493965856828 6 7 9 6 7 9 1260 356 23 4 4 0 
1669454209.8066754 20.061328125 19.16903110317991 992.5002330912696 6 7 9 6 7 9 1260 356 23 4 4 0 
1669454214.9402747 20.071484375 19.145204321913194 992.5271473473108 6 7 9 6 7 9 1260 356 23 4 4 0 
1669454220.073308 20.061328125 19.139247600936372 992.5055378203382 6 7 9 6 7 9 1266 359 21 4 4 0 
1669454225.2070348 20.061328125 19.109463842091415 992.5201604870168 6 7 9 6 7 9 1266 359 21 4 4 0 
1669454230.3418372 20.06640625 18.96649822774387 992.5206769670243 6 7 9 6 7 9 1266 359 21 4 4 0 
1669454235.475516 20.061328125 19.192604972093697 992.5052795129154 5 5 8 5 5 8 1173 336 19 4 4 0 
1669454240.6094232 20.06640625 19.061555030905613 992.5386641944829 5 7 8 5 7 8 1137 346 34 2 2 0 
1669454245.743097 20.06640625 19.11542061438852 992.5054824638048 5 7 7 5 7 7 1116 334 30 0 0 0 
1669454250.877128 20.06640625 19.043938669395512 992.5321937723089 5 7 7 5 7 7 1116 334 30 0 0 0 
1669454256.010359 20.06640625 19.0312610125324 992.5235247968366 6 8 8 6 8 8 1116 334 30 0 0 0 
1669454261.144423 20.071484375 19.14469771285967 992.5237830643279 5 7 7 5 7 7 1065 318 30 0 0 0 
1669454266.2786477 20.071484375 19.126573578451154 992.5384059398051 5 7 7 5 7 7 1065 318 30 0 0 0 
1669454271.4119287 20.0765625 19.019601524212995 992.5431941244033 5 7 7 5 7 7 1065 318 30 0 0 0 
1669454276.5464272 20.08671875 19.108956406578688 992.5583337736393 5 6 6 5 6 6 1065 318 23 0 0 0 
1669454281.680097 20.081640625 19.007432460462137 992.551605039947 5 6 6 5 6 6 1065 318 23 0 0 0 
1669454286.8133924 20.08671875 19.049132318805068 992.532842514276 5 6 6 5 6 6 1065 318 23 0 0 0 
1669454291.9474978 20.081640625 18.92998853197734 992.5263722985537 5 7 7 5 7 7 1128 337 32 0 0 0 
1669454297.081718 20.091796875 18.977391279214594 992.5283129260637 5 7 7 5 7 7 1128 337 32 0 0 0 
1669454302.2159262 20.096875 19.144191060292087 992.5230079342218 5 7 7 5 7 7 1128 337 32 0 0 0 
1669454307.350233 20.08671875 19.072452256199835 992.517961388248 4 6 6 4 6 6 1071 320 34 0 0 0 
1669454312.4840767 20.08671875 18.92973272074672 992.541511941504 4 6 6 4 6 6 1071 320 34 0 0 0 
1669454317.6179636 20.081640625 19.274990557891815 992.5081269061233 4 6 6 4 6 6 1071 320 34 0 0 0 
1669454322.751526 20.08671875 19.018582390193455 992.5309016816823 6 9 10 6 9 10 1170 344 57 8 2 0 
1669454327.8852777 20.096875 19.149894772757364 992.5645458868851 5 8 9 5 8 9 1170 344 57 8 2 0 
1669454333.0185208 20.096875 18.91705006623204 992.5140795895572 6 8 10 6 8 10 1200 349 57 8 2 0 
1669454338.1524804 20.122265625 19.130492714274894 992.5245600288088 6 8 10 6 8 10 1200 349 57 8 2 0 
1669454343.2864878 20.1375 18.93388973600612 992.5459112156836 6 8 10 6 8 10 1200 349 57 8 2 0 
1669454348.4209647 20.1375 19.070154465299613 992.5473341596427 5 8 9 5 8 9 1200 337 52 8 2 0 
1669454353.5550246 20.1375 19.03440744510488 992.574769448714 5 8 9 5 8 9 1200 337 52 8 2 0 
1669454358.688876 20.132421875 18.920950109117463 992.5607927122525 5 8 9 5 8 9 1200 337 52 8 2 0 
1669454363.8229265 20.1478515625 18.97482825672423 992.54422891055 5 7 8 5 7 8 1158 321 43 6 2 0 
1669454368.9557316 20.1375 19.05823883297084 992.5655803492924 5 7 8 5 7 8 1158 321 43 6 2 0 
1669454374.0895572 20.12734375 19.058493238118288 992.5422872035664 5 7 8 5 7 8 1158 321 43 6 2 0 
1669454379.223457 20.142578125 19.064196654268912 992.5574280736807 5 7 8 5 7 8 1158 324 50 6 2 0 
1669454384.3568482 20.1375 19.135689708991066 992.5686856122126 5 7 8 5 7 8 1158 324 50 6 2 0 
1669454389.4909377 20.1580078125 19.075603836376676 992.5703679590692 5 7 8 5 7 8 1158 324 50 6 2 0 
1669454394.6249878 20.1580078125 19.141140482324147 992.5552268398726 4 7 8 4 7 8 1101 303 41 8 2 0 
1669454399.7579308 20.1529296875 18.89686121452585 992.5821443890231 5 8 9 5 8 9 1101 303 41 8 2 0 
1669454404.8918629 20.1529296875 19.057729990039096 992.5434504177427 6 8 9 6 8 9 1236 346 43 4 2 0 
1669454410.0259013 20.1375 19.129224820926073 992.5616966585378 6 8 9 6 8 9 1236 346 43 4 2 0 
1669454415.1598887 20.142578125 19.02198202013227 992.5787796944013 6 8 9 6 8 9 1236 346 43 4 2 0 
1669454420.294594 20.1529296875 18.998149834837594 992.5591103929318 5 7 8 5 7 8 1143 315 27 4 2 0 
1669454425.4283743 20.1375 19.18930852976642 992.5790390165173 5 7 8 5 7 8 1143 315 27 4 2 0 
1669454430.5618434 20.142578125 19.01032092593041 992.5742512693329 5 7 8 5 7 8 1143 315 27 4 2 0 
1669454435.6956475 20.1478515625 19.105901115869106 992.5961214341237 5 7 7 5 7 7 1200 339 27 4 0 0 
1669454440.8296375 20.142578125 18.94503827750761 992.5593696592673 5 7 7 5 7 7 1200 339 27 4 0 0 
1669454445.962715 20.142578125 19.136196717708803 992.5708866296438 5 7 7 5 7 7 1200 339 27 4 0 0 
1669454451.0965683 20.142578125 19.070662989218338 992.5526404369166 5 7 7 5 7 7 1164 332 32 6 0 0 
1669454456.2266595 20.12734375 19.06445099054192 992.5610519650294 6 8 8 6 8 8 1164 332 32 6 0 0 
1669454461.360381 20.12734375 19.010575892961036 992.574769448714 6 8 8 6 8 8 1164 332 32 6 0 0 
1669454466.493031 20.1375 18.986999408198404 992.5843451900771 6 8 8 6 8 8 1227 351 25 6 0 0 
1669454471.6267362 20.1375 19.05823883297084 992.5660988827353 6 8 8 6 8 8 1227 351 25 6 0 0 
1669454476.760264 20.12734375 19.088027836787514 992.5560050479522 6 8 8 6 8 8 1227 351 25 6 0 0 
1669454481.893833 20.132421875 19.20122371033101 992.5725689494535 6 9 9 6 9 9 1248 356 28 8 0 0 
1669454487.0265079 20.132421875 18.86835292538475 992.536335970526 5 8 8 5 8 8 921 284 45 2 0 0 
1669454492.1602414 20.132421875 19.034662125752437 992.5860275104457 4 7 7 4 7 7 927 281 52 2 0 0 
1669454497.2945416 20.12734375 19.010575892961036 992.5795573330246 4 7 7 4 7 7 927 281 52 2 0 0 
1669454502.4258776 20.1375 18.951251938813332 992.575674349292 4 7 7 4 7 7 927 281 52 2 0 0 
1669454507.5597868 20.1375 19.088281897565132 992.5610519650294 4 6 6 4 6 6 927 276 48 2 0 0 
1669454512.693089 20.132421875 19.06445099054192 992.5663579855993 5 7 7 5 7 7 927 276 48 2 0 0 
1669454517.827212 20.1375 19.135943218789222 992.5660988827353 5 7 7 5 7 7 927 276 48 2 0 0 
1669454522.9616032 20.132421875 19.183856830872305 992.5745104136423 5 8 8 5 8 8 984 288 45 2 0 0 
1669454528.0946362 20.132421875 19.141647396813354 992.5759335892824 5 8 8 5 8 8 984 288 45 2 0 0 
1669454533.2280626 20.132421875 18.986744176539304 992.5759335892824 5 8 8 5 8 8 984 288 45 2 0 0 
1669454538.3617449 20.1375 19.105901115869106 992.5692043099039 5 7 7 5 7 7 978 281 43 2 0 0 
1669454543.4953213 20.1375 19.105901115869106 992.5478527728936 4 6 6 4 6 6 978 281 43 2 0 0 
1669454548.6291306 20.1375 19.12973201090141 992.550698797376 4 6 6 4 6 6 978 281 43 2 0 0 
1669454553.762693 20.132421875 19.052535475427522 992.5307704719958 4 7 7 4 7 7 978 286 48 4 0 0 
1669454558.8969178 20.132421875 19.016533796398047 992.5714048632586 4 7 7 4 7 7 978 286 48 4 0 0 
1669454564.0306304 20.1375 19.15356274165583 992.552899648248 5 8 8 5 8 8 978 286 48 4 0 0 
1669454569.1619568 20.132421875 19.046323159572598 992.5761927200332 6 8 8 6 8 8 1065 327 43 4 0 0 
1669454574.29206 20.1375 18.962912295839686 992.5672626824511 6 8 8 6 8 8 1065 327 43 4 0 0 
1669454579.4223325 20.1375 19.02844957246997 992.5706273489781 6 8 8 6 8 8 1110 335 41 4 0 0 
1669454584.5538347 20.1375 19.02844957246997 992.5307704719958 6 8 8 6 8 8 1110 335 41 4 0 0 
1669454589.6862211 20.12734375 19.130239157362332 992.5341350812153 6 8 8 6 8 8 1110 335 41 4 0 0 
1669454594.8160517 20.12734375 19.06495963045119 992.5624750316431 6 8 8 6 8 8 1140 339 46 4 0 0 
1669454599.948092 20.1375 19.040619919244598 992.5307704719958 5 7 7 5 7 7 1140 339 46 4 0 0 
1669454605.0770054 20.132421875 19.17840535367618 992.5896511736754 5 7 7 5 7 7 1140 339 46 4 0 0 
1669454610.2085953 20.132421875 18.898142538758005 992.5495350646087 5 7 8 5 7 8 1140 337 43 4 0 0 
1669454615.339345 20.132421875 19.124281586748964 992.5593696592673 5 7 8 5 7 8 1140 337 43 4 0 0 
1669454620.4692652 20.12734375 19.07662065223377 992.5413828037382 6 8 9 6 8 9 1140 337 43 4 0 0 
1669454625.60022 20.1171875 19.130239157362332 992.552899648248 6 8 8 6 8 8 1161 348 38 2 0 0 
1669454630.733283 20.12734375 19.166490641932896 992.5514764720485 6 8 8 6 8 8 1161 348 38 2 0 0 
1669454635.8626404 20.122265625 19.142154267788378 992.5500532138029 6 8 8 6 8 8 1161 348 38 2 0 0 
1669454640.9945004 20.12734375 19.154069337146836 992.5492758261604 6 8 9 6 8 9 1239 367 45 2 0 0 
1669454646.125349 20.1171875 19.04087452013774 992.5377590240713 6 8 9 6 8 9 1239 367 45 2 0 0 
1669454651.2566953 20.12734375 19.035426102420754 992.5497941938222 5 7 7 5 7 7 1089 318 60 4 0 0 
1669454656.3871222 20.12734375 19.029213788402227 992.5598878642279 6 8 8 6 8 8 1089 318 60 4 0 0 
1669454661.5200737 20.122265625 18.975594332329212 992.5026904318432 6 8 8 6 8 8 1089 318 60 4 0 0 
1669454666.6503127 20.1171875 19.011595652291753 992.6033684363664 5 8 8 5 8 8 1074 308 60 4 0 0 
1669454671.7809234 20.122265625 19.065213934087456 992.5587233808002 5 8 8 5 8 8 1074 308 60 4 0 0 
1669454676.9145958 20.112109375 19.130492714274894 992.545006420218 5 8 8 5 8 8 1074 308 60 4 0 0 
1669454682.0402904 20.122265625 19.166743763862854 992.5548410287108 5 9 9 5 9 9 1095 318 69 4 0 0 
1669454687.1699464 20.1171875 19.124788827439037 992.5466886846764 5 9 9 5 9 9 1095 318 69 4 0 0 
1669454692.2994597 20.1171875 19.059256388286965 992.5461704812487 5 9 9 5 9 9 1095 318 69 4 0 0 
1669454697.432011 20.12734375 19.178152358607775 992.5351718677099 5 9 9 5 9 9 1107 318 62 4 0 0 
1669454702.5613317 20.12734375 19.17840535367618 992.5416418915106 5 9 9 5 9 9 1107 318 62 4 0 0 
1669454707.6949286 20.122265625 18.99993541601658 992.5248192521649 5 9 9 5 9 9 1107 318 62 4 0 0 
1669454712.82613 20.1171875 19.035680739552078 992.5365950989736 5 8 8 5 8 8 1101 308 53 2 0 0 
1669454717.959598 20.1171875 19.32137869147118 992.5382773630828 5 8 8 5 8 8 1101 308 53 2 0 0 
1669454723.0904572 20.122265625 19.136957149196142 992.5584645378412 5 8 8 5 8 8 1101 308 53 2 0 0 
1669454728.2201333 20.122265625 19.2258113458744 992.5233961162987 5 7 7 5 7 7 1065 292 41 2 0 0 
1669454733.3502476 20.10703125 19.08359467128317 992.5385363687419 4 6 6 4 6 6 912 250 35 2 0 0 
1669454738.4841173 20.1171875 19.119085057201854 992.536854118191 4 6 6 4 6 6 855 234 35 4 0 0 
1669454743.613171 20.1171875 19.11883138430279 992.546429637579 4 6 6 4 6 6 855 234 35 4 0 0 
1669454748.7439764 20.10703125 19.18486851391072 992.5298660432352 4 6 6 4 6 6 855 234 35 4 0 0 
1669454753.876313 20.1171875 19.17295409817912 992.511879481674 3 5 6 3 5 6 783 211 33 4 0 0 
1669454759.0048041 20.10703125 19.19057287080483 992.5171851531823 3 5 6 3 5 6 783 211 33 4 0 0 
1669454764.136193 20.1171875 19.07763729402915 992.5214547251339 3 5 6 3 5 6 783 211 33 4 0 0 
1669454769.2673035 20.112109375 19.16725970949231 992.5267606163526 3 5 6 3 5 6 798 220 31 4 0 0 
1669454774.399166 20.101953125 19.06546822684481 992.5255962668613 3 5 6 3 5 6 798 220 31 4 0 0 
1669454779.5289412 20.10703125 19.214654373585542 992.5152439536337 3 5 6 3 5 6 798 220 31 4 0 0 
1669454784.660116 20.10703125 19.16699687491439 992.535430791258 4 5 6 4 5 6 846 232 29 4 0 0 
1669454789.7928197 20.101953125 19.23899711535795 992.5287018442656 4 5 6 4 5 6 846 232 29 4 0 0 
1669454794.926495 20.10703125 19.17270105599763 992.530125116686 4 5 6 4 5 6 846 232 29 4 0 0 
1669454800.0577817 20.096875 19.209212162924818 992.511879481674 3 4 5 3 4 5 774 218 25 2 0 0 
1669454805.1888027 20.101953125 19.23874485290595 992.505150538593 3 4 5 3 4 5 774 218 25 2 0 0 
1669454810.3202274 20.101953125 19.07815532337391 992.4916926557837 3 4 5 3 4 5 774 218 25 2 0 0 
1669454815.4534318 20.101953125 19.298053415303357 992.4518379094246 7 8 8 7 8 8 1230 362 36 0 0 0 
1669454820.5859523 20.096875 19.232525766199007 992.4989397126166 7 8 8 7 8 8 1230 362 36 0 0 0 
1669454825.7179525 20.091796875 19.203507806423445 992.492469828631 6 8 8 6 8 8 1131 332 41 0 0 0 
1669454830.8474667 20.091796875 19.155345375203463 992.4876821256048 6 8 8 6 8 8 1131 332 41 0 0 0 
1669454835.9767601 20.096875 19.214916636019392 992.5140795895572 6 8 8 6 8 8 1131 332 41 0 0 0 
1669454841.1081772 20.091796875 19.155851817558982 992.4859999450102 6 7 7 6 7 7 1104 322 37 0 0 0 
1669454846.2370489 20.096875 19.28690420608991 992.4806944695625 6 7 7 6 7 7 1104 322 37 0 0 0 
1669454851.3687606 20.091796875 19.156105022419045 992.4986807092346 6 7 7 6 7 7 1104 322 37 0 0 0 
1669454856.4997303 20.096875 19.19134106827928 992.4652955618922 6 7 7 6 7 7 1095 314 35 0 0 0 
1669454861.6304014 20.091796875 19.251415241274703 992.45067416866 6 7 7 6 7 7 1095 314 35 0 0 0 
1669454866.7626648 20.08671875 19.173722890372424 992.4977752106382 6 7 7 6 7 7 1095 314 35 0 0 0 
1669454871.8946853 20.081640625 19.28690420608991 992.4826355840308 5 6 6 5 6 6 1038 297 33 0 0 0 
1669454877.0265932 20.096875 19.334809527123372 992.4975164121366 5 6 6 5 6 6 1038 297 33 0 0 0 
1669454882.1570606 20.091796875 19.173722890372424 992.492469828631 5 6 6 5 6 6 1038 297 33 0 0 0 
1669454887.2920275 20.091796875 19.1796798941131 992.4941520230631 5 6 6 5 6 6 1053 297 28 0 0 0 
1669454892.4234974 20.096875 19.23924936693188 992.4840588575186 5 6 6 5 6 6 1053 297 28 0 0 0 
1669454897.557451 20.096875 19.221126174694486 992.4975164121366 5 8 8 5 8 8 1149 332 55 0 0 0 
1669454902.6894715 20.08671875 19.090069786824337 992.4590850649973 5 8 8 5 8 8 1149 332 55 0 0 0 
1669454907.8231378 20.08671875 19.185636887588544 992.4552023221225 5 8 8 5 8 8 1149 332 55 0 0 0 
1669454912.9570343 20.091796875 19.227083165181114 992.5241728439942 5 8 8 5 8 8 1158 332 55 0 0 0 
1669454918.0920737 20.091796875 19.227587932920787 992.4938930882269 5 8 8 5 8 8 1158 332 55 0 0 0 
1669454923.2190611 20.08671875 19.15635821640064 992.514338361695 5 8 8 5 8 8 1158 332 55 0 0 0 
1669454928.3502176 20.096875 19.22137863287122 992.4938930882269 6 8 8 6 8 8 1173 332 55 2 0 0 
1669454933.481494 20.091796875 19.197550843743713 992.4938930882269 6 8 8 6 8 8 1173 332 55 2 0 0 
1669454938.6125984 20.096875 19.310479954119334 992.5109739712246 6 8 8 6 8 8 1173 332 55 2 0 0 
1669454943.7434018 20.08671875 19.245962740607155 992.4859999450102 6 9 9 6 9 9 1230 349 60 2 0 0 
1669454948.8746912 20.081640625 19.28145089350783 992.5061861167534 6 9 9 6 9 9 1230 349 60 2 0 0 
1669454954.0055203 20.06640625 19.22163108016981 992.4941520230631 6 9 9 6 9 9 1230 349 60 2 0 0 
1669454959.1381514 20.0765625 19.334809527123372 992.4845765622372 6 9 9 6 9 9 1251 356 65 2 0 0 
1669454964.2675476 20.08671875 19.257372042700677 992.4994573917215 6 9 9 6 9 9 1251 356 65 2 0 0 
1669454969.4025724 20.0765625 19.382462501431174 992.4843177644856 6 9 9 6 9 9 1251 356 65 2 0 0 
1669454974.531385 20.0765625 19.239753837445548 992.5045039353906 6 9 9 6 9 9 1245 354 65 2 0 0 
1669454979.6631417 20.08671875 19.358636096397273 992.468013720533 6 8 8 6 8 8 1107 318 34 2 0 0 
1669454984.791722 20.081640625 19.334809527123372 992.5061861167534 6 8 8 6 8 8 1113 314 29 2 0 0 
1669454989.9229152 20.08671875 19.234049361898908 992.5114912420817 6 8 8 6 8 8 1113 314 29 2 0 0 
1669454995.052263 20.081640625 19.29311263569154 992.4674959630808 6 8 8 6 8 8 1113 314 29 2 0 0 
1669455000.1821518 20.081640625 19.281702630383215 992.5193849479244 6 8 8 6 8 8 1134 316 36 2 0 0 
1669455005.3093245 20.081640625 19.32264490431852 992.5028217540978 6 8 8 6 8 8 1134 316 36 2 0 0 
1669455010.4447095 20.0765625 19.43607131225494 992.5059273860428 6 8 8 6 8 8 1134 316 36 2 0 0 
1669455015.5767307 20.091796875 19.311234197037958 992.5297366631648 6 7 7 6 7 7 1119 314 36 0 0 0 
1669455020.7049456 20.096875 19.316939492385444 992.5359483106815 6 7 7 6 7 7 1119 314 36 0 0 0 
1669455025.8379674 20.091796875 19.352177594076263 992.5258550533114 6 7 7 6 7 7 1119 314 36 0 0 0 
1669455030.9703612 20.101953125 19.399831423813016 992.4859999450102 6 7 7 6 7 7 1098 302 39 0 0 0 
1669455036.1003833 20.132421875 19.451682875079975 992.5187347501902 6 7 7 6 7 7 1098 302 39 0 0 0 
1669455041.2312217 20.12734375 19.320875996068928 992.5158892435824 6 7 7 6 7 7 1098 302 39 0 0 0 
1669455046.3622947 20.1375 19.296543676346744 992.4985469439077 5 7 7 5 7 7 1092 299 36 0 0 0 
1669455051.4955935 20.1375 19.39781826024178 992.5187347501902 5 7 7 5 7 7 1092 299 36 0 0 0 
1669455056.6281064 20.142578125 19.303004239050164 992.517312037912 5 7 7 5 7 7 1092 299 36 0 0 0 
1669455061.7590144 20.132421875 19.380197176728608 992.5175715339702 6 8 8 6 8 8 1152 337 47 4 0 0 
1669455066.889376 20.12734375 19.30870999991024 992.530510975167 6 8 8 6 8 8 1152 337 47 4 0 0 
1669455072.0225387 20.132421875 19.386154374727116 992.539441315367 5 8 8 5 8 8 1137 330 42 4 0 0 
1669455077.1559165 20.132421875 19.308961501656647 992.493759789023 5 8 8 5 8 8 1137 330 42 4 0 0 
1669455082.285415 20.1171875 19.410483715336472 992.5512173563934 5 8 8 5 8 8 1137 330 42 4 0 0 
1669455087.4179761 20.12734375 19.267764382781696 992.5512173563934 5 7 7 5 7 7 1101 315 31 4 0 0 
1669455092.5498276 20.1171875 19.2201065213853 992.5265015157852 5 7 7 5 7 7 1101 315 31 4 0 0 
1669455097.6818497 20.1171875 19.362827274201578 992.5397005259309 5 7 7 5 7 7 1101 315 31 4 0 0 
1669455102.8158848 20.112109375 19.362827274201578 992.5017860674717 5 6 6 5 6 6 1038 296 27 4 0 0 
1669455107.951477 20.1171875 19.42885490597871 992.508255869513 5 6 6 5 6 6 1038 296 27 4 0 0 
1669455113.0832214 20.1171875 19.428604814109015 992.5399596272617 5 6 6 5 6 6 1038 296 27 4 0 0 
1669455118.215798 20.1171875 19.309967399864945 992.5371130281808 5 7 7 5 7 7 1068 308 29 6 0 0 
1669455123.3473983 20.112109375 19.4765093419053 992.5287018442656 5 7 7 5 7 7 1068 308 29 6 0 0 
1669455128.476087 20.10703125 19.583977711169773 992.5488886885953 5 7 7 5 7 7 1068 308 29 6 0 0 
1669455133.606848 20.10703125 19.32214231852973 992.5342661009453 5 7 7 5 7 7 1062 305 29 6 0 0 
1669455138.738318 20.101953125 19.21516917394239 992.5572998767011 5 7 7 5 7 7 1062 305 29 6 0 0 
1669455143.8654232 20.091796875 19.358385232998636 992.5289607128219 6 7 7 6 7 7 1113 320 33 2 0 0 
1669455148.992676 20.096875 19.423908209112618 992.5140795895572 6 7 7 6 7 7 1113 320 33 2 0 0 
1669455154.119756 20.096875 19.364341918516995 992.5359483106815 6 7 7 6 7 7 1113 320 33 2 0 0 
1669455159.246743 20.096875 19.298314676522804 992.5441007231017 6 8 8 6 8 8 1155 335 35 2 0 0 
1669455164.3739753 20.096875 19.406038429718908 992.5258550533114 6 8 8 6 8 8 1155 335 35 2 0 0 
1669455169.5073326 20.10703125 19.49513711231593 992.5342661009453 6 8 8 6 8 8 1155 335 35 2 0 0 
1669455174.638702 20.101953125 19.530368707369504 992.5477237807914 6 9 9 6 9 9 1233 356 44 2 0 0 
1669455179.771774 20.10703125 19.465354366959247 992.5544526223908 6 9 9 6 9 9 1233 356 44 2 0 0 
1669455184.902525 20.101953125 19.309715941629467 992.5601468028584 6 9 9 6 9 9 1233 356 44 2 0 0 
1669455190.0305672 20.101953125 19.524412100061934 992.5376305204877 6 9 9 6 9 9 1275 358 46 2 0 0 
1669455195.1577032 20.101953125 19.23899711535795 992.5510882014513 6 9 9 6 9 9 1275 358 46 2 0 0 
1669455200.2896218 20.096875 19.399831423813016 992.5594992543238 5 8 8 5 8 8 1275 358 46 2 0 0 
1669455205.4217498 20.101953125 19.328601651428297 992.5409949403097 6 7 7 6 7 7 1233 349 41 0 0 0 
1669455210.5502186 20.096875 19.453690969464077 992.5477237807914 6 7 7 6 7 7 1233 349 41 0 0 0 
1669455215.6771724 20.08671875 19.34647183116621 992.5241728439942 7 8 8 7 8 8 1233 349 41 0 0 0 
1669455220.8046305 20.08671875 19.45344119695827 992.5227493390933 7 8 8 7 8 8 1254 356 37 0 0 0 
1669455225.93163 20.096875 19.543037710733064 992.5477237807914 5 7 7 5 7 7 1077 310 32 0 0 0 
1669455231.0654628 20.096875 19.453940731092857 992.5381475759151 5 6 6 5 6 6 1077 303 25 0 0 0 
1669455236.1962743 20.091796875 19.37029859377012 992.5729569425511 5 6 6 5 6 6 1077 303 25 0 0 0 
1669455241.3296432 20.08671875 19.41199503311538 992.567910308942 5 6 6 5 6 6 1077 303 25 0 0 0 
1669455246.4611733 20.08671875 19.400582567913702 992.5244315347824 6 6 6 6 6 6 1113 317 25 0 0 0 
1669455251.5953043 20.081640625 19.418201801032016 992.5681686472159 6 6 6 6 6 6 1113 317 25 0 0 0 
1669455256.7294192 20.081640625 19.27524238538861 992.529995094846 6 6 6 6 6 6 1113 317 25 0 0 0 
1669455261.863395 20.081640625 19.525666407058843 992.5583337736393 6 6 6 6 6 6 1086 307 25 0 0 0 
1669455266.9965749 20.06640625 19.508046684485823 992.5367237706737 6 6 6 6 6 6 1086 307 25 0 0 0 
1669455272.1306968 20.071484375 19.56165231582552 992.570367166574 5 5 5 5 5 5 1086 307 25 0 0 0 
1669455277.264593 20.08671875 19.520208090424337 992.5554857540577 4 5 5 4 5 5 1023 290 22 0 0 0 
1669455282.3973005 20.08671875 19.65694916307929 992.5184783322117 4 5 5 4 5 5 1023 290 22 0 0 0 
1669455287.5315797 20.0765625 19.40083292752602 992.5490151935088 5 6 6 5 6 6 1023 290 22 0 0 0 
1669455292.6657104 20.08671875 19.376756561504987 992.5221009229413 5 6 6 5 6 6 1002 283 27 0 0 0 
1669455297.7995455 20.081640625 19.3298575812225 992.5184783322117 5 6 6 5 6 6 1002 283 27 0 0 0 
1669455302.9335096 20.0765625 19.489679291613694 992.5218426418919 5 6 6 5 6 6 1002 283 27 0 0 0 
1669455308.067059 20.0765625 19.59118470667921 992.5184783322117 7 9 9 7 9 9 1278 374 40 0 0 0 
1669455313.20065 20.081640625 19.435571364965764 992.54824067352 7 9 9 7 9 9 1278 374 40 0 0 0 
1669455318.3342764 20.081640625 19.45964749073866 992.551605039947 7 9 9 7 9 9 1278 377 36 0 0 0 
1669455323.467904 20.091796875 19.466103238694622 992.5487571293895 7 9 9 7 9 9 1278 377 36 0 0 0 
