timestamp temperature humidity pressure pm10_standard pm25_standard pm100_standard pm10_env pm25_env pm100_env particles_03um particles_05um particles_10um particles_25um particles_50um particles_100um
1657015399.9363515 20.72734375 65.66112541906769 984.8884439918121 1 2 2 1 2 2 330 97 12 2 0 0 
1657015405.0631275 20.74765625 65.69671392762069 984.9399684216273 1 2 2 1 2 2 309 85 12 2 0 0 
1657015410.1944413 20.72734375 65.77854036745387 984.9019126040542 1 2 2 1 2 2 309 85 12 2 0 0 
1657015415.3215852 20.7220703125 65.6014409445464 984.8901275680973 0 1 1 0 1 1 309 85 12 2 0 0 
1657015420.4493508 20.7220703125 65.54259269935346 984.8709252443898 0 1 1 0 1 1 372 103 12 2 0 0 
1657015425.5823965 20.7068359375 65.88277151027351 984.8813596829361 0 1 1 0 1 1 372 103 12 2 0 0 
1657015430.7142558 20.7068359375 65.64796084140244 984.8695750329196 0 1 1 0 1 1 372 103 12 2 0 0 
1657015435.8486214 20.7220703125 65.74911724753217 984.8588069881372 0 1 1 0 1 1 345 98 12 2 0 0 
1657015440.9789739 20.7220703125 65.60199778738298 984.8648739311662 0 2 2 0 2 2 360 111 24 2 0 0 
1657015446.109167 20.7375 65.50195287924682 984.8793586678153 0 2 2 0 2 2 360 111 24 2 0 0 
1657015451.2385936 20.72734375 65.75472173357812 984.8968618739385 0 2 2 0 2 2 360 111 24 2 0 0 
1657015456.371679 20.72734375 65.7370679700191 984.8668911722597 1 2 2 1 2 2 414 127 24 2 0 0 
1657015461.5020273 20.7220703125 65.72445920807952 984.8992121573716 1 2 2 1 2 2 414 127 24 2 0 0 
1657015466.6348348 20.7169921875 65.74799681706685 984.8702582959684 1 2 2 1 2 2 414 127 24 2 0 0 
1657015471.766107 20.7169921875 65.63058590847994 984.8803596687741 0 2 2 0 2 2 372 113 20 2 0 0 
1657015476.8986142 20.72734375 65.71969387024109 984.8668911722597 0 2 2 0 2 2 372 113 20 2 0 0 
1657015482.0273094 20.7375 65.51372302286093 984.9126971269073 0 2 2 0 2 2 372 113 20 2 0 0 
1657015487.1606054 20.762890625 65.615438656074 984.896542698586 0 1 1 0 1 1 393 123 18 0 0 0 
1657015492.29206 20.7578125 65.66168353789355 984.8887925676 0 1 1 0 1 1 393 123 18 0 0 0 
1657015497.4248886 20.752734375 65.63870097445418 984.8773411649948 0 1 1 0 1 1 393 123 18 0 0 0 
1657015502.5578318 20.752734375 65.60955336229883 984.8871089370898 0 1 1 0 1 1 345 107 14 0 0 0 
1657015507.6902506 20.7578125 65.61516017039756 984.8820580459791 0 1 1 0 1 1 345 107 14 0 0 0 
1657015512.8229258 20.762890625 65.49745367908491 984.8611729646615 0 1 1 0 1 1 345 107 14 0 0 0 
1657015517.9563563 20.74765625 65.45064653840821 984.8837416762793 0 1 1 0 1 1 333 100 18 0 0 0 
1657015523.0886703 20.74765625 65.43216050537069 984.8844094771686 1 3 3 1 3 3 354 107 21 4 0 0 
1657015528.222162 20.742578125 65.5316557621111 984.9076462733159 1 2 2 1 2 2 354 104 23 4 0 0 
1657015533.355542 20.74765625 65.61460316683653 984.8574718345626 1 2 2 1 2 2 354 104 23 4 0 0 
1657015538.4889266 20.742578125 65.60843962326128 984.883059623503 1 2 2 1 2 2 354 104 23 4 0 0 
1657015543.6222765 20.742578125 65.73790781025434 984.9009118028406 1 2 2 1 2 2 327 100 23 4 0 0 
1657015548.7551696 20.74765625 65.55630743953904 984.905962655592 1 2 2 1 2 2 327 100 23 4 0 0 
1657015553.8886445 20.72734375 65.48457465145279 984.9136976434403 1 2 2 1 2 2 327 100 23 4 0 0 
1657015559.0212219 20.7375 65.60255458727535 984.9551208742524 1 3 3 1 3 3 336 103 28 6 0 0 
1657015564.154344 20.7119140625 65.77769905548462 984.9813735353971 1 3 3 1 3 3 336 103 28 6 0 0 
1657015569.2884672 20.7068359375 65.58911476016803 984.9076109333582 1 3 3 1 3 3 336 103 28 6 0 0 
1657015574.4225307 20.6966796875 65.62947071061333 984.9193953094743 1 3 3 1 3 3 366 110 28 4 0 0 
1657015579.5557778 20.7017578125 65.62414380535635 984.9554347044148 1 3 3 1 3 3 366 110 28 4 0 0 
1657015584.6891656 20.6916015625 65.84072864776873 984.9069249227588 1 3 3 1 3 3 366 110 28 4 0 0 
1657015589.8225303 20.6763671875 65.64039181944483 984.9621465908976 1 2 2 1 2 2 339 101 26 4 0 0 
1657015594.9565086 20.6814453125 65.75190877815417 984.9338599928262 1 2 2 1 2 2 339 101 26 4 0 0 
1657015600.0899715 20.6814453125 65.61041355306138 984.924423501173 1 2 2 1 2 2 339 101 26 4 0 0 
1657015605.2238116 20.6763671875 65.77572482889984 984.9375589050661 0 1 1 0 1 1 243 62 8 0 0 0 
1657015610.3566172 20.6712890625 65.58099302605103 984.9456440916135 0 0 0 0 0 0 243 62 8 0 0 0 
1657015615.4899132 20.6865234375 65.96458137244309 984.9180443321696 0 0 0 0 0 0 237 60 6 0 0 0 
1657015620.623523 20.6763671875 65.71716491248071 984.9483467840873 0 0 0 0 0 0 237 60 6 0 0 0 
1657015625.757431 20.6916015625 65.72361957669548 984.9547484583954 0 0 0 0 0 0 237 60 6 0 0 0 
1657015630.8908684 20.6865234375 65.7115713479724 984.9119752470319 0 0 1 0 0 1 252 62 6 2 0 0 
1657015636.024704 20.6763671875 65.78218071113864 984.9385781971716 0 0 1 0 0 1 252 62 6 2 0 0 
1657015641.1580405 20.6763671875 65.5756654119824 984.9675288556007 0 0 1 0 0 1 252 62 6 2 0 0 
1657015646.2919588 20.6865234375 65.77069302159686 984.9483467840873 0 0 0 0 0 0 258 64 6 2 0 0 
1657015651.4259307 20.7119140625 65.65972993412335 984.9598199868037 0 0 0 0 0 0 258 64 6 2 0 0 
1657015656.5593736 20.7017578125 65.77741859668983 984.9537511796948 0 0 0 0 0 0 258 64 6 2 0 0 
1657015661.6927617 20.6966796875 65.74743653741893 984.8927923062236 0 0 0 0 0 0 258 64 4 2 0 0 
1657015666.8261597 20.6865234375 65.72893308283021 984.9533971949445 0 0 0 0 0 0 258 64 4 2 0 0 
1657015671.9595568 20.6865234375 65.82336882184204 984.9634980185483 0 0 0 0 0 0 258 64 4 2 0 0 
1657015677.0930288 20.6865234375 65.77629665415232 984.9618145477726 0 0 0 0 0 0 258 67 6 2 0 0 
1657015682.226456 20.6916015625 65.7939487942326 984.9749502716343 0 1 1 0 1 1 258 67 6 2 0 0 
1657015687.3564425 20.6763671875 65.76339614586655 984.9257749036194 1 2 2 1 2 2 483 142 19 2 0 0 
1657015692.489818 20.6763671875 65.65861335292003 984.9422772058958 1 2 2 1 2 2 483 142 19 2 0 0 
1657015697.6223593 20.6662109375 65.88135208043347 984.9658454117972 1 2 2 1 2 2 483 142 19 2 0 0 
1657015702.7549112 20.6611328125 65.91637178132572 984.9584234586301 1 2 2 1 2 2 483 147 17 2 0 0 
1657015707.8875494 20.6763671875 65.69923292734458 984.9506944207149 1 2 2 1 2 2 483 147 17 2 0 0 
1657015713.0210161 20.6865234375 65.70539670096063 984.9651814893939 1 2 2 1 2 2 483 147 17 2 0 0 
1657015718.1544778 20.6865234375 65.78218071113864 984.9402616534114 1 2 2 1 2 2 462 140 19 2 0 0 
1657015723.2874632 20.5798828125 65.77572482889984 984.94630790088 1 2 2 1 2 2 462 140 19 2 0 0 
1657015728.4214754 20.6712890625 65.88163382101092 984.9843632974838 1 2 2 1 2 2 462 140 19 2 0 0 
1657015733.5550313 20.6814453125 65.6815807030449 984.9554127627193 1 2 2 1 2 2 462 140 17 0 0 0 
1657015738.688716 20.6916015625 65.7115713479724 984.958115426569 2 3 3 2 3 3 462 140 17 0 0 0 
1657015743.822266 20.6966796875 65.72922382771792 984.9449798438658 2 3 3 2 3 3 462 140 17 0 0 0 
1657015748.955705 20.6865234375 65.79337655916412 984.9486789356606 2 3 3 2 3 3 441 133 17 0 0 0 
1657015754.089198 20.6763671875 65.85781730508256 984.9692122994741 1 2 2 1 2 2 441 133 17 0 0 0 
1657015759.221787 20.6662109375 65.81635003778136 984.9793129641843 1 2 2 1 2 2 441 133 17 0 0 0 
1657015764.3553982 20.7017578125 65.80011359013375 984.9426316604985 1 1 1 1 1 1 399 123 10 0 0 0 
1657015769.488738 20.6865234375 65.80011359013375 985.0066046001735 1 2 2 1 2 2 333 92 10 0 0 0 
1657015774.6221197 20.6814453125 65.73566802157589 984.9604631337481 1 2 2 1 2 2 348 97 12 0 0 0 
1657015779.7560039 20.6814453125 65.71100102541568 984.9537293058497 1 2 2 1 2 2 348 97 12 0 0 0 
1657015784.889199 20.6763671875 65.8457685064053 984.9718906828753 1 2 2 1 2 2 348 97 12 0 0 0 
1657015790.0227306 20.6662109375 65.69867359030259 985.0102777524409 0 1 1 0 1 1 354 99 12 0 0 0 
1657015795.156217 20.6611328125 65.88078856707139 984.9819911039979 0 1 1 0 1 1 354 99 12 0 0 0 
1657015800.28957 20.6611328125 65.91552525680441 984.9318207761734 0 1 1 0 1 1 354 99 12 0 0 0 
1657015805.42347 20.6662109375 65.95167286302161 984.9668404732587 0 1 1 0 1 1 375 104 14 0 0 0 
1657015810.5569615 20.6712890625 65.91637178132572 984.9816596484634 1 2 2 1 2 2 375 104 14 0 0 0 
1657015815.690266 20.6662109375 65.94047070902494 984.9648254790992 1 2 2 1 2 2 375 104 14 0 0 0 
1657015820.8236957 20.6712890625 65.86930309604969 985.0183635787766 1 2 2 1 2 2 360 104 14 0 0 0 
1657015825.9580195 20.6763671875 65.91048823168799 984.9830115141913 1 2 2 1 2 2 360 104 14 0 0 0 
1657015831.0914166 20.6712890625 65.81635003778136 985.0008661246502 1 2 2 1 2 2 360 104 14 0 0 0 
1657015836.2254083 20.6662109375 65.8460498556541 984.9826798529807 2 2 2 2 2 2 369 106 10 0 0 0 
1657015841.358833 20.6662109375 65.89872110153671 984.947991316732 2 2 2 2 2 2 369 106 10 0 0 0 
1657015846.4921207 20.6763671875 65.91721820922588 984.9991826658911 2 2 2 2 2 2 369 106 10 0 0 0 
1657015851.6255245 20.6814453125 65.95195541843808 985.0146653105066 2 4 4 2 4 4 432 137 31 2 0 0 
1657015856.758877 20.6712890625 65.82811745610674 984.9715591460051 2 4 4 2 4 4 432 137 31 2 0 0 
1657015861.892755 20.6662109375 66.00490694933163 984.9274338699668 1 3 3 1 3 3 384 121 24 2 0 0 
1657015867.0243664 20.6763671875 66.1169751976244 984.9688804201957 1 3 3 1 3 3 384 121 24 2 0 0 
1657015872.1578774 20.7068359375 65.86007960752706 984.9638523290644 1 3 3 1 3 3 384 121 24 2 0 0 
1657015877.2903895 20.7068359375 66.04808689455822 984.9726023422116 1 3 3 1 3 3 321 100 22 2 0 0 
1657015882.422532 20.6966796875 66.02426810158826 984.9348790248805 0 2 2 0 2 2 321 100 22 2 0 0 
1657015887.5548234 20.6814453125 66.04695262238613 984.9702319023502 0 2 2 0 2 2 321 100 22 2 0 0 
1657015892.6864676 20.6865234375 66.18757439937832 984.9921170324387 0 2 2 0 2 2 315 96 20 2 0 0 
1657015897.8179798 20.6712890625 65.92927879060866 984.9873984565379 0 2 2 0 2 2 315 96 20 2 0 0 
1657015902.949815 20.6662109375 66.06934045943892 984.9547249808393 0 2 2 0 2 2 315 96 20 2 0 0 
1657015908.0793014 20.6611328125 66.16347157249638 984.9580918133126 0 2 2 0 2 2 315 96 18 2 0 0 
1657015913.2112827 20.6611328125 66.25760005081925 984.9368709407142 0 2 2 0 2 2 315 96 18 2 0 0 
1657015918.3437233 20.6509765625 66.12200502546854 984.9587549943352 1 3 3 1 3 3 315 96 18 2 0 0 
1657015923.47813 20.6560546875 66.15701862186675 984.985026483176 1 2 2 1 2 2 294 87 16 2 0 0 
1657015928.6092029 20.6560546875 66.38644734767664 984.9877038164033 1 2 2 1 2 2 294 87 16 2 0 0 
1657015933.7402227 20.6408203125 66.38587224592719 984.9880349024407 0 2 2 0 2 2 375 110 21 2 0 0 
1657015938.8733976 20.6357421875 66.29648797768051 984.9816524088285 1 3 3 1 3 3 375 110 21 2 0 0 
1657015944.0050526 20.6509765625 66.15085076246572 985.0021919537996 1 3 3 1 3 3 375 110 21 2 0 0 
1657015949.138406 20.6560546875 66.39850017016033 984.9968104068737 1 2 2 1 2 2 354 108 21 2 0 0 
1657015954.270337 20.6509765625 66.20408220073799 984.9402377174249 1 2 2 1 2 2 354 108 21 2 0 0 
1657015959.4021714 20.6662109375 66.2811317587227 984.9715591460051 1 2 2 1 2 2 354 108 21 2 0 0 
1657015964.531861 20.6763671875 66.25200307058955 984.9594434882774 1 3 3 1 3 3 390 117 23 2 0 0 
1657015969.6608088 20.6662109375 66.30494987737795 984.9584234586301 1 3 3 1 3 3 390 117 23 2 0 0 
1657015974.794858 20.6763671875 66.17466754112941 984.9830115141913 1 3 3 1 3 3 390 117 23 2 0 0 
1657015979.9285994 20.6560546875 66.11669077683466 984.9668404732587 1 3 3 1 3 3 405 122 23 2 0 0 
1657015985.06216 20.6662109375 66.37496955357027 984.9712274995201 1 3 3 1 3 3 405 122 23 2 0 0 
1657015990.1932778 20.6560546875 66.36349143960132 985.010608977524 0 2 2 0 2 2 405 122 23 2 0 0 
1657015995.3248913 20.6560546875 66.48616115794579 984.9769408931217 1 3 3 1 3 3 468 143 28 2 0 0 
1657016000.458348 20.6408203125 66.35057734161877 984.9863515392032 1 3 3 1 3 3 468 143 28 2 0 0 
1657016005.5895712 20.6509765625 66.36879953989161 984.9991563551629 1 3 3 1 3 3 468 143 28 2 0 0 
1657016010.724349 20.6458984375 66.43293154204311 984.9941061828554 2 3 3 2 3 3 426 129 21 2 0 0 
1657016015.855492 20.6560546875 66.17409726294358 985.0042065280999 1 2 2 1 2 2 333 89 16 0 0 0 
1657016020.9889166 20.6509765625 66.46880255932301 984.9843370628863 1 1 1 1 1 1 261 73 12 0 0 0 
1657016026.1226215 20.6458984375 66.54999800492996 984.9745679984993 1 1 1 1 1 1 261 73 12 0 0 0 
1657016031.2564137 20.6357421875 66.59734391333848 984.9931049334108 1 1 1 1 1 1 261 73 12 0 0 0 
1657016036.3886666 20.6458984375 66.39763713170208 984.996451719678 1 1 1 1 1 1 297 85 14 0 0 0 
1657016041.5237708 20.6458984375 66.42116677976004 985.0116019951132 1 1 1 1 1 1 297 85 14 0 0 0 
1657016046.6562133 20.6458984375 66.40294401252724 984.9611213075957 1 1 1 1 1 1 297 85 14 0 0 0 
1657016051.7878554 20.6357421875 66.4558841907093 984.9614523897117 1 2 2 1 2 2 303 87 18 0 0 0 
1657016056.9219136 20.6458984375 66.27912730599476 984.9678547004053 1 2 2 1 2 2 303 87 18 0 0 0 
1657016062.05285 20.6357421875 66.3502901765837 984.9463023819854 1 2 2 1 2 2 303 87 18 0 0 0 
1657016067.1866622 20.6458984375 66.43264343915585 984.9897182657483 1 2 2 1 2 2 333 97 20 0 0 0 
1657016072.3166354 20.6458984375 66.48616115794579 985.0025231370511 1 2 2 1 2 2 333 97 20 0 0 0 
1657016077.450108 20.6458984375 66.36234235088553 984.9708700516172 1 2 2 1 2 2 333 97 20 0 0 0 
1657016082.5855067 20.6458984375 66.3502901765837 984.9627844612237 1 2 2 1 2 2 321 93 20 0 0 0 
1657016087.7157855 20.6357421875 66.65028163805853 984.9442878304696 1 2 2 1 2 2 321 93 20 0 0 0 
1657016092.8475826 20.6306640625 66.45029030443574 984.9678547004053 1 2 2 1 2 2 321 93 20 0 0 0 
1657016097.9785812 20.6357421875 66.56793370609549 984.9931049334108 0 1 1 0 1 1 351 108 14 2 0 0 
1657016103.1087177 20.6357421875 66.6614640010198 984.9570643032757 1 2 2 1 2 2 351 108 14 2 0 0 
1657016108.2431214 20.6306640625 66.43823755726325 984.9607616846655 1 2 2 1 2 2 342 108 14 2 0 0 
1657016113.3737497 20.6255859375 66.5435371638202 984.9610923419527 1 2 2 1 2 2 342 108 14 2 0 0 
1657016118.508355 20.6255859375 66.37267004664918 984.9553809961253 0 1 1 0 1 1 342 108 14 2 0 0 
1657016123.6429865 20.6205078125 66.37826462665079 984.9392097050862 0 1 1 0 1 1 348 108 14 2 0 0 
1657016128.7764857 20.6255859375 66.34971581430807 984.9415835158544 0 1 1 0 1 1 348 108 14 2 0 0 
1657016133.909007 20.6255859375 66.64381864901456 984.9597690552399 0 1 1 0 1 1 348 108 14 2 0 0 
1657016139.040234 20.6357421875 66.35000300081346 984.9728846358214 0 1 1 0 1 1 327 103 14 2 0 0 
1657016144.171445 20.6458984375 66.40351955915305 984.9425841195844 0 1 1 0 1 1 327 103 14 2 0 0 
1657016149.3020446 20.6408203125 66.42704916604707 984.9722221101332 0 1 1 0 1 1 327 103 14 2 0 0 
1657016154.4355645 20.6408203125 66.37468215277808 984.9755888897823 1 2 2 1 2 2 318 100 12 2 0 0 
1657016159.5625405 20.6560546875 66.23880770053265 984.9392173969574 1 2 2 1 2 2 318 100 12 2 0 0 
1657016164.6960049 20.6509765625 66.40968980051218 984.9607697961042 1 2 2 1 2 2 318 100 12 2 0 0 
1657016169.8299167 20.6560546875 66.51528372543393 984.9607697961042 0 1 1 0 1 1 318 98 14 2 0 0 
1657016174.961831 20.6560546875 66.43350771561245 984.9537048270655 0 1 1 0 1 1 318 98 14 2 0 0 
1657016180.0908842 20.6560546875 66.32173826630735 984.9375544415783 2 2 2 2 2 2 438 121 8 0 0 0 
1657016185.2250783 20.6509765625 66.40940197631305 984.9207004275113 2 2 2 2 2 2 438 121 8 0 0 0 
1657016190.3587492 20.6509765625 66.43293154204311 984.9308005916142 2 2 2 2 2 2 438 121 8 0 0 0 
1657016195.4925876 20.6458984375 66.58586970580346 984.9156503464044 2 2 2 2 2 2 432 125 8 0 0 0 
1657016200.6259854 20.6458984375 66.66233617891835 984.9537048270655 2 2 2 2 2 2 432 125 8 0 0 0 
1657016205.7595866 20.6408203125 66.5802773641464 984.9654885516745 2 2 2 2 2 2 432 125 8 0 0 0 
1657016210.8915155 20.6509765625 66.45646094311738 984.9523529184339 2 2 2 2 2 2 426 125 8 0 0 0 
1657016216.0238533 20.6763671875 66.37583169153615 984.9493429099412 2 2 2 2 2 2 426 125 8 0 0 0 
1657016221.1557083 20.6763671875 66.39406643855958 984.9298286163324 2 2 2 2 2 2 426 125 8 0 0 0 
1657016226.2904842 20.6916015625 66.27640475238721 984.9480145228886 2 2 2 2 2 2 369 111 8 0 0 0 
1657016231.4218154 20.7068359375 66.183412875338 984.9487006059549 2 2 2 2 2 2 369 111 8 0 0 0 
1657016236.5545518 20.6865234375 66.31227687792891 984.97125112102 2 2 2 2 2 2 369 111 8 0 0 0 
1657016241.6852944 20.6916015625 66.45318394453437 984.9335278288718 2 2 2 2 2 2 384 111 12 0 0 0 
1657016246.8197312 20.6865234375 66.28758739811872 984.9517137245888 2 2 2 2 2 2 384 111 12 0 0 0 
1657016251.9542544 20.6865234375 66.5581958927813 984.9601310770672 2 2 2 2 2 2 384 111 12 0 0 0 
1657016257.084632 20.6712890625 66.3525871962801 984.9301609170217 1 2 2 1 2 2 351 97 12 0 0 0 
1657016262.2145998 20.6763671875 66.5111351103289 984.9607950808067 1 3 3 1 3 3 387 115 28 2 0 0 
1657016267.341791 20.6763671875 66.26965209881519 984.9439606487197 0 2 2 0 2 2 381 110 26 2 0 0 
1657016272.4755354 20.6763671875 66.22847088886499 984.9321765504221 0 2 2 0 2 2 381 110 26 2 0 0 
1657016277.6063352 20.6966796875 66.2587551443568 984.9500302543031 0 2 2 0 2 2 381 110 26 2 0 0 
1657016282.7393777 20.6916015625 66.31170369054013 984.938599460364 1 2 2 1 2 2 333 96 19 2 0 0 
1657016287.866799 20.6865234375 66.22345565038808 984.8877419029236 1 2 2 1 2 2 333 96 19 2 0 0 
1657016292.9972763 20.6966796875 66.22991023665871 984.9177118269621 1 2 2 1 2 2 333 96 19 2 0 0 
1657016298.1276295 20.6916015625 66.3593426242678 984.9247782084142 1 2 2 1 2 2 363 101 19 2 0 0 
1657016303.2593725 20.6865234375 66.41788608662989 984.9362301384452 1 2 2 1 2 2 363 101 19 2 0 0 
1657016308.388587 20.6916015625 66.29993741899402 984.9328631720913 1 2 2 1 2 2 363 101 19 2 0 0 
1657016313.5180655 20.6966796875 66.46523814488452 984.9076109333582 1 2 2 1 2 2 369 101 17 2 0 0 
1657016318.6521626 20.6865234375 66.30582055991351 984.9079435199018 0 1 1 0 1 1 369 101 17 2 0 0 
1657016323.7827609 20.6916015625 66.34757624944322 984.9180443321696 0 1 1 0 1 1 369 101 17 2 0 0 
1657016328.9161656 20.6865234375 66.35345944200219 984.9261292402231 0 2 2 0 2 2 426 113 17 2 0 0 
1657016334.0473995 20.6966796875 66.20049309012771 984.9106452285533 1 3 3 1 3 3 426 113 17 2 0 0 
1657016339.1794314 20.7017578125 66.27669094948807 984.9241131968197 1 3 3 1 3 3 426 113 17 2 0 0 
1657016344.311003 20.6966796875 66.3646514029997 984.9173792121267 1 2 2 1 2 2 378 103 14 2 0 0 
1657016349.4424634 20.6966796875 66.4002370187205 984.9143448621476 1 2 2 1 2 2 378 103 14 2 0 0 
1657016354.5746 20.6966796875 66.28845743736524 984.9490331824886 1 2 2 1 2 2 372 98 14 2 0 0 
1657016359.7040064 20.6966796875 66.2416770232176 984.9160283445199 1 2 2 1 2 2 372 98 14 2 0 0 
1657016364.8380935 20.7017578125 66.41788608662989 984.8991935239461 1 2 2 1 2 2 372 98 14 2 0 0 
1657016369.9718668 20.6865234375 66.46466147402894 984.9217436386213 1 3 3 1 3 3 414 108 18 2 0 0 
1657016375.10617 20.6865234375 66.2881711062764 984.9318443729118 1 3 3 1 3 3 414 108 18 2 0 0 
1657016380.240386 20.6916015625 66.16462233700932 984.9348790248805 1 3 3 1 3 3 414 108 18 2 0 0 
1657016385.3741465 20.7119140625 66.3005103384106 984.9315325429724 1 2 2 1 2 2 378 101 14 2 0 0 
1657016390.5072684 20.7068359375 66.15930865266326 984.8941430791384 1 2 2 1 2 2 378 101 14 2 0 0 
1657016395.6416605 20.6966796875 66.49494162966576 984.9426316604985 1 2 2 1 2 2 378 101 14 2 0 0 
1657016400.775361 20.6966796875 66.44787724141314 984.9507166934427 1 3 3 1 3 3 405 113 18 2 0 0 
1657016405.9083004 20.7017578125 66.3005103384106 984.9409481634503 1 3 3 1 3 3 405 113 18 2 0 0 
1657016411.0412807 20.7068359375 66.25989906441374 984.9335488885134 1 3 3 1 3 3 405 113 18 2 0 0 
1657016416.1753807 20.72734375 66.41344160278909 984.9291830061846 2 3 3 2 3 3 426 122 14 2 0 0 
1657016421.3076127 20.7220703125 66.15513357158815 984.9227818580403 2 3 3 2 3 3 426 122 14 2 0 0 
1657016426.4412692 20.72734375 66.26161462244208 984.9170647981803 1 1 1 1 1 1 342 95 6 0 0 0 
1657016431.5756876 20.72734375 66.15456413080805 984.9052797578146 1 1 1 1 1 1 342 95 6 0 0 0 
1657016436.7057142 20.72734375 66.25515905348365 984.9025792566275 1 1 1 1 1 1 342 95 6 0 0 0 
1657016441.8396616 20.742578125 66.18512320763772 984.918081555621 1 2 2 1 2 2 348 97 10 0 0 0 
1657016446.9702687 20.742578125 66.00327945252117 984.9106797706023 1 2 2 1 2 2 348 97 10 0 0 0 
1657016452.1035595 20.74765625 66.16718626804723 984.9443524137018 1 2 2 1 2 2 348 97 10 0 0 0 
1657016457.2340918 20.742578125 66.16747109559692 984.9645560129992 1 1 1 1 1 1 321 90 10 0 0 0 
1657016462.3607082 20.7375 66.15010350671582 984.9416520271947 1 1 1 1 1 1 321 90 10 0 0 0 
1657016467.4890413 20.72734375 66.12628247383475 984.9086469118549 1 1 1 1 1 1 321 90 10 0 0 0 
1657016472.6226602 20.7375 66.29663146405692 984.909997066006 1 2 2 1 2 2 336 95 10 0 0 0 
1657016477.754762 20.7375 66.20837391635659 984.9386181182964 1 2 2 1 2 2 336 95 10 0 0 0 
1657016482.8823195 20.7375 66.26104281270688 984.9237991085002 1 2 2 1 2 2 336 95 10 0 0 0 
1657016488.0090475 20.732421875 66.05510511450265 984.9574706768967 1 2 2 1 2 2 327 97 14 0 0 0 
1657016493.1419842 20.7220703125 66.36694871831845 984.9510693489568 1 2 2 1 2 2 327 97 14 0 0 0 
1657016498.2734876 20.7220703125 66.35489456732911 984.9076299060358 1 2 2 1 2 2 327 97 14 0 0 0 
1657016503.4059525 20.7169921875 66.1192611132107 984.9342336996207 1 2 2 1 2 2 339 97 14 0 0 0 
1657016508.5371017 20.7169921875 66.27252424530909 984.9143641062269 1 2 2 1 2 2 411 111 25 0 0 0 
1657016513.671314 20.732421875 66.24339150415287 984.9231323698036 1 2 2 1 2 2 417 113 21 0 0 0 
1657016518.8032367 20.7375 66.4728512884229 984.9214487650062 1 2 2 1 2 2 417 113 21 0 0 0 
1657016523.9359312 20.7375 66.24927528396564 984.9308665705934 1 2 2 1 2 2 417 113 21 0 0 0 
1657016529.0685148 20.72734375 66.28400535801984 984.9409679585154 1 2 2 1 2 2 402 113 17 0 0 0 
1657016534.201993 20.732421875 66.21397245066734 984.9456856247738 1 2 2 1 2 2 402 113 17 0 0 0 
1657016539.333449 20.732421875 66.36694871831845 984.9450008438628 1 2 2 1 2 2 402 113 17 0 0 0 
1657016544.466472 20.7220703125 66.28400535801984 984.9581364347615 1 2 2 1 2 2 375 101 12 0 0 0 
1657016549.5979414 20.72734375 66.28457774665205 984.9271662640803 1 2 2 1 2 2 375 101 12 0 0 0 
1657016554.7302408 20.732421875 66.36637445389941 984.9339005760801 1 2 2 1 2 2 375 101 12 0 0 0 
1657016559.8622875 20.732421875 66.11982974999144 984.91033048898 1 2 2 1 2 2 390 108 14 0 0 0 
1657016564.9947436 20.732421875 66.29634515185597 984.9520868557844 1 2 2 1 2 2 390 108 14 0 0 0 
1657016570.128189 20.72734375 66.02511792115375 984.9076299060358 1 2 2 1 2 2 390 108 14 0 0 0 
1657016575.2609758 20.72734375 66.20808860908592 984.9210983075377 1 2 2 1 2 2 384 106 12 0 0 0 
1657016580.3942764 20.7375 66.23219505342227 984.9237991085002 1 2 2 1 2 2 384 106 12 0 0 0 
1657016585.527555 20.742578125 66.2498468257199 984.9467028443164 1 2 2 1 2 2 384 106 12 0 0 0 
1657016590.6610281 20.752734375 66.23865021864714 984.9207815605926 2 3 5 2 3 5 480 136 29 2 2 2 
1657016595.794406 20.7578125 66.16272597250924 984.9386341706532 2 3 5 2 3 5 480 136 29 2 2 2 
1657016600.9278655 20.74765625 66.06269085632907 984.9406515441183 2 4 5 2 4 5 510 143 31 4 2 2 
1657016606.0616536 20.762890625 66.12181964055905 984.9217975765771 2 4 5 2 4 5 510 143 31 4 2 2 
1657016611.194902 20.7578125 66.18066382729016 984.9554707717285 2 4 5 2 4 5 510 143 31 4 2 2 
1657016616.3284843 20.752734375 66.03915274949365 984.942668780882 2 4 5 2 4 5 525 146 26 4 2 2 
1657016621.4624922 20.752734375 66.08594495182356 984.9460360465916 2 4 5 2 4 5 525 146 26 4 2 2 
1657016626.5964668 20.74765625 66.11479841734685 984.9342506178324 2 4 5 2 4 5 525 146 26 4 2 2 
1657016631.7299473 20.74765625 66.3916323829013 984.9359342503022 2 3 5 2 3 5 504 136 24 4 2 2 
1657016636.863549 20.752734375 66.1091983358304 984.9574880103298 2 3 5 2 3 5 504 136 24 4 2 2 
1657016641.9971871 20.752734375 66.12096689472814 984.895527090341 2 3 5 2 3 5 504 136 24 4 2 2 
1657016647.1305552 20.7578125 66.02738363429879 984.9302158727404 1 3 5 1 3 5 462 122 24 4 2 2 
1657016652.2648745 20.752734375 66.20922977375689 984.9275160886526 1 3 5 1 3 5 462 122 24 4 2 2 
1657016657.3986173 20.74765625 66.19746152373074 984.9140470336524 1 3 5 1 3 5 462 122 24 4 2 2 
1657016662.5320508 20.74765625 66.16244125489982 984.9133642475787 1 3 5 1 3 5 447 124 24 4 2 2 
1657016667.664918 20.752734375 66.05092182350374 984.9554707717285 1 3 5 1 3 5 447 124 24 4 2 2 
1657016672.7991385 20.76796875 66.23333720415776 984.9234812356698 1 2 2 1 2 2 384 122 17 0 0 0 
1657016677.9333112 20.7578125 65.96853744055295 984.9649053860957 1 2 2 1 2 2 384 122 17 0 0 0 
1657016683.067456 20.7578125 65.98030676167166 984.9857766713019 1 2 2 1 2 2 384 122 17 0 0 0 
1657016688.2008238 20.74765625 66.08566109448628 984.9443524137018 1 2 2 1 2 2 390 122 15 0 0 0 
1657016693.3352284 20.752734375 65.93266501041877 984.9211152176263 1 2 2 1 2 2 390 122 15 0 0 0 
1657016698.4689348 20.74765625 66.09742973574978 984.9561378454005 1 2 2 1 2 2 390 122 15 0 0 0 
1657016703.6026142 20.74765625 65.9917932670679 984.951086945681 1 2 2 1 2 2 369 117 15 0 0 0 
1657016708.736728 20.74765625 66.05035492359852 984.9578214787803 1 2 2 1 2 2 369 117 15 0 0 0 
1657016713.870853 20.7578125 66.18009400081446 984.959171657336 1 2 2 1 2 2 369 117 15 0 0 0 
1657016719.0041416 20.74765625 66.23865021864714 984.9460360465916 1 3 3 1 3 3 411 131 17 0 0 0 
1657016724.1378572 20.7578125 66.08594495182356 984.907312507832 1 3 3 1 3 3 411 131 17 0 0 0 
1657016729.2708573 20.7578125 66.13861965585684 984.9137132127375 1 3 3 1 3 3 411 131 17 0 0 0 
1657016734.405092 20.752734375 66.05623931115244 984.9184302586017 1 2 2 1 2 2 396 126 17 0 0 0 
1657016739.5394585 20.7578125 66.17980907147363 984.9312316402895 1 2 2 1 2 2 396 126 17 0 0 0 
1657016744.6732945 20.762890625 66.14507293293276 984.9127110920299 1 2 2 1 2 2 396 126 17 0 0 0 
1657016749.807025 20.762890625 66.07474354983131 984.9389678978821 1 3 3 1 3 3 354 114 20 2 0 0 
1657016754.9410958 20.7578125 65.95088338165344 984.9217975765771 1 2 2 1 2 2 378 112 20 2 0 0 
1657016760.0702808 20.7578125 65.96853744055295 984.9238150849055 0 2 2 0 2 2 378 112 18 2 0 0 
1657016765.2045598 20.762890625 66.14592641835429 984.9463848224377 0 2 2 0 2 2 378 112 18 2 0 0 
1657016770.338272 20.7578125 66.17449461407924 984.8854253066497 1 3 3 1 3 3 378 112 18 2 0 0 
1657016775.4727545 20.7578125 66.20363085122395 984.9022616142015 1 2 2 1 2 2 327 95 14 2 0 0 
1657016780.606664 20.762890625 66.17980907147363 984.9123634020923 1 2 2 1 2 2 327 95 14 2 0 0 
1657016785.7403564 20.7578125 66.26835634043363 984.9254987305119 1 2 2 1 2 2 327 95 14 2 0 0 
1657016790.8747869 20.762890625 66.3507324339991 984.9039452453418 1 2 2 1 2 2 306 88 12 2 0 0 
1657016796.008211 20.74765625 66.304233267938 984.9339169595934 1 2 2 1 2 2 306 88 12 2 0 0 
1657016801.1420016 20.752734375 66.26807040614439 984.9157306652825 1 2 2 1 2 2 306 88 12 2 0 0 
1657016806.274952 20.7578125 65.99122768578583 984.9106797706023 1 2 2 1 2 2 306 86 10 2 0 0 
1657016811.408703 20.742578125 66.1091983358304 984.9012455128956 1 2 2 1 2 2 306 86 10 2 0 0 
1657016816.5428228 20.7578125 66.30954463946729 984.9140470336524 1 2 2 1 2 2 306 86 10 2 0 0 
1657016821.6765919 20.74765625 66.0385861176035 984.9601880927596 1 2 2 1 2 2 312 90 12 2 0 0 
1657016826.810669 20.7578125 66.20363085122395 984.8837416762793 1 2 2 1 2 2 312 90 12 2 0 0 
1657016831.94442 20.762890625 66.29189257308575 984.9423351904245 1 2 2 1 2 2 312 90 12 2 0 0 
1657016837.078236 20.76796875 66.34542207243729 984.9096778975405 0 1 1 0 1 1 372 109 9 0 0 0 
1657016842.2120702 20.76796875 66.32217217952933 984.9157442313583 0 1 1 0 1 1 372 109 9 0 0 0 
1657016847.345885 20.773046875 66.16917983545305 984.919111630532 1 1 1 1 1 1 315 93 9 0 0 0 
1657016852.4802334 20.773046875 65.93435754059965 984.9288795960631 1 1 1 1 1 1 315 93 9 0 0 0 
1657016857.6140735 20.773046875 66.2347646510341 984.8935216251987 1 1 1 1 1 1 315 93 9 0 0 0 
1657016862.7476587 20.783203125 66.3465691000115 984.9056420355171 1 1 1 1 1 1 327 95 9 0 0 0 
1657016867.8823826 20.783203125 65.95201249625997 984.8935216251987 1 1 1 1 1 1 327 95 9 0 0 0 
1657016873.0164783 20.762890625 66.08708027381833 984.9174279309101 1 1 1 1 1 1 327 95 9 0 0 0 
1657016878.1495512 20.773046875 66.13387292141718 984.8928411797991 1 2 2 1 2 2 369 104 9 0 0 0 
1657016883.282573 20.76796875 66.11593516525558 984.8864407517991 0 1 1 0 1 1 369 104 9 0 0 0 
1657016888.4164624 20.76796875 66.06885899215641 984.9049609895 0 1 1 0 1 1 369 104 9 0 0 0 
1657016893.5506458 20.762890625 66.38043917476993 984.8770071554982 0 1 1 0 1 1 396 113 13 0 0 0 
1657016898.6830232 20.7578125 66.1635800609255 984.9113615696997 1 2 2 1 2 2 396 113 13 0 0 0 
1657016903.8177445 20.762890625 66.43899029487734 984.883407611351 1 2 2 1 2 2 396 113 13 0 0 0 
1657016908.951642 20.778125 66.0402858844481 984.883753953172 2 2 2 2 2 2 396 113 8 0 0 0 
1657016914.0859008 20.773046875 66.15769552369866 984.9288795960631 2 2 2 2 2 2 396 113 8 0 0 0 
1657016919.2208056 20.78828125 66.31097649467485 984.8834193534785 2 2 2 2 2 2 402 115 8 0 0 0 
1657016924.3558383 20.783203125 66.17534910448848 984.8763497434738 2 2 2 2 2 2 402 115 8 0 0 0 
1657016929.4860065 20.783203125 66.09913352276469 984.9184428908436 2 2 2 2 2 2 402 115 8 0 0 0 
1657016934.6205828 20.793359375 66.1408950380404 984.8837636239649 2 2 2 2 2 2 423 122 10 0 0 0 
1657016939.7522945 20.7984375 66.18854271282353 984.8484045525751 2 2 2 2 2 2 423 122 10 0 0 0 
1657016944.8851626 20.803515625 66.24122022598965 984.8888149223977 2 2 2 2 2 2 423 122 10 0 0 0 
1657016950.016356 20.7984375 66.09438418056472 984.9201367115296 2 3 3 2 3 3 444 133 14 0 0 0 
1657016955.1509 20.7984375 66.07056057586585 984.8975686709066 2 3 3 2 3 3 444 133 14 0 0 0 
1657016960.280417 20.813671875 66.20676731335051 984.8958929921256 2 3 3 2 3 3 444 133 14 0 0 0 
1657016965.4116716 20.80859375 65.9949031965279 984.9278856004477 2 2 2 2 2 2 429 131 14 0 0 0 
1657016970.542437 20.813671875 65.93661364631335 984.8834284894433 2 2 2 2 2 2 429 131 14 0 0 0 
1657016975.6731768 20.80859375 66.09466799754985 984.8847770384243 2 2 2 2 2 2 429 131 14 0 0 0 
1657016980.803146 20.80859375 66.24207670186972 984.923839219903 2 3 3 2 3 3 513 157 18 0 0 0 
1657016985.936027 20.80859375 66.07672916227085 984.9652645041211 2 3 3 2 3 3 513 157 18 0 0 0 
1657016991.070458 20.813671875 66.2129373726898 984.8992606339167 2 3 3 2 3 3 513 157 18 0 0 0 
1657016996.204902 20.80859375 66.12494554864838 984.9177826687736 2 3 3 2 3 3 507 155 18 0 0 0 
1657017001.3368719 20.80859375 66.11260713142029 984.9363047121011 1 3 3 1 3 3 447 117 25 2 0 0 
1657017006.470872 20.813671875 66.08906667399556 984.863900409075 1 3 3 1 3 3 426 115 25 2 0 0 
1657017011.6002648 20.81875 66.07169475029679 984.8800673241724 1 3 3 1 3 3 426 115 25 2 0 0 
1657017016.7338836 20.81875 66.31943809717306 984.9154281330946 1 3 3 1 3 3 426 115 25 2 0 0 
1657017021.8669639 20.81875 66.00107121456146 984.8911769257636 1 3 3 1 3 3 441 115 27 2 0 0 
1657017026.9966874 20.81875 66.00752211455953 984.876022665068 1 3 3 1 3 3 441 115 27 2 0 0 
1657017032.1307914 20.823828125 66.08963412028467 984.9006090307655 1 3 3 1 3 3 441 115 27 2 0 0 
1657017037.265993 20.813671875 66.1305465638759 984.8820868544861 1 3 3 1 3 3 420 111 29 2 0 0 
1657017042.396605 20.80859375 66.18265788179298 984.8467207880408 1 3 3 1 3 3 420 111 29 2 0 0 
1657017047.5289717 20.80859375 66.10083692330504 984.9019500692323 1 3 3 1 3 3 420 111 29 2 0 0 
1657017052.65803 20.7984375 66.15940300868219 984.8871311561835 1 3 3 1 3 3 426 111 31 2 0 0 
1657017057.790785 20.7984375 66.09438418056472 984.9123876567476 1 3 3 1 3 3 426 111 31 2 0 0 
1657017062.922178 20.803515625 66.12969393910424 984.9198016558814 1 3 3 1 3 3 426 111 31 2 0 0 
1657017068.049549 20.803515625 66.12997815809682 984.9019500692323 1 3 3 1 3 3 411 113 31 4 0 0 
1657017073.1840627 20.82890625 66.12466142886254 984.9228341342955 1 3 3 1 3 3 411 113 31 4 0 0 
1657017078.3181427 20.813671875 66.14791750860076 984.8861255049015 1 3 3 1 3 3 411 113 31 4 0 0 
1657017083.4525213 20.80859375 66.23030694689086 984.9117177389426 1 2 2 1 2 2 348 101 18 0 0 0 
1657017088.5863483 20.813671875 66.32446383328362 984.9312532448989 1 2 2 1 2 2 348 101 18 0 0 0 
1657017093.7175972 20.82890625 66.28412830605444 984.9389776115263 1 2 2 1 2 2 363 101 16 0 0 0 
1657017098.8502605 20.82890625 66.24350394696567 984.916080200412 1 2 2 1 2 2 363 101 16 0 0 0 
1657017103.9837675 20.82890625 65.97837700829194 984.9251711514572 1 2 2 1 2 2 363 101 16 0 0 0 
1657017109.118529 20.833984375 66.06694324694752 984.933590536569 1 2 2 1 2 2 372 104 16 0 0 0 
1657017114.251142 20.844140625 66.2735013219222 984.914396296836 1 2 2 1 2 2 372 104 16 0 0 0 
1657017119.3819308 20.844140625 66.02574441646084 984.9123764178157 1 2 2 1 2 2 372 104 16 0 0 0 
1657017124.5162263 20.833984375 65.99631637140685 984.918099929195 1 2 2 1 2 2 351 97 12 0 0 0 
1657017129.6508098 20.8390625 66.0434011198964 984.9079965897109 1 2 2 1 2 2 351 97 12 0 0 0 
1657017134.7849946 20.82890625 66.17848140937053 984.8999130066233 1 2 2 1 2 2 351 97 12 0 0 0 
1657017139.9158323 20.82890625 66.07843069710891 984.9150678916334 1 2 2 1 2 2 339 95 12 0 0 0 
1657017145.046693 20.82890625 66.32560940251801 984.8931775039945 1 2 2 1 2 2 339 95 12 0 0 0 
1657017150.1801991 20.82890625 66.3020693561934 984.897241361721 1 2 2 1 2 2 339 95 12 0 0 0 
1657017155.3127484 20.84921875 66.03191299937352 984.906312700042 0 0 0 0 0 0 318 83 10 0 0 0 
1657017160.4450855 20.844140625 65.97333840871947 984.9207960038287 0 0 0 0 0 0 318 83 10 0 0 0 
1657017165.5803132 20.844140625 66.16784905373925 984.8820659226608 2 3 4 2 3 4 429 133 23 6 0 0 
1657017170.710297 20.844140625 66.19082152412442 984.9157442520109 2 3 4 2 3 4 429 133 23 6 0 0 
1657017175.8438516 20.844140625 66.16224795816292 984.9120403325915 2 3 4 2 3 4 429 133 23 6 0 0 
1657017180.9784737 20.8390625 65.99014818499819 984.9319066594066 2 3 4 2 3 4 456 140 25 6 0 0 
1657017186.1098115 20.8390625 65.99014818499819 984.9170873873834 2 3 4 2 3 4 456 140 25 6 0 0 
1657017191.2449305 20.833984375 65.99603375790208 984.9386421684763 2 3 4 2 3 4 456 140 25 6 0 0 
1657017196.3745368 20.82890625 66.09637067401736 984.9302227823143 2 4 4 2 4 4 477 145 25 6 0 0 
1657017201.5038166 20.82890625 66.0843161155203 984.9238228397057 2 4 4 2 4 4 477 145 25 6 0 0 
1657017206.6378508 20.833984375 66.10785768617085 984.9474212725313 2 4 4 2 4 4 477 145 25 6 0 0 
1657017211.7722843 20.82890625 66.21939272602253 984.9410210811411 2 3 4 2 3 4 462 143 21 6 0 0 
1657017216.9032753 20.82890625 66.20230727942351 984.9372937477108 2 3 4 2 3 4 462 143 21 6 0 0 
1657017222.037607 20.81875 66.27235829328747 984.9642597771226 2 3 4 2 3 4 462 143 21 6 0 0 
1657017227.1707098 20.82890625 66.2370480078042 984.9588487024057 2 3 4 2 3 4 435 136 19 6 0 0 
1657017232.3039439 20.823828125 65.96604120123752 984.9528079367628 2 3 4 2 3 4 435 136 19 6 0 0 
1657017237.437706 20.82890625 66.20145237150659 984.9558405239519 2 3 4 2 3 4 435 136 19 6 0 0 
1657017242.572527 20.823828125 66.29017519845898 984.940685872655 2 3 4 2 3 4 420 129 21 6 0 0 
1657017247.7028737 20.82890625 66.13700018542902 984.8918542570495 1 1 1 1 1 1 435 124 14 2 0 0 
1657017252.8324575 20.82890625 66.30149712899234 984.9390020228608 0 1 1 0 1 1 399 117 16 2 0 0 
1657017257.9659634 20.82890625 66.06077438007777 984.9372937477108 0 1 1 0 1 1 399 117 16 2 0 0 
1657017263.0999644 20.8390625 66.02574441646084 984.9463904767487 1 2 2 1 2 2 399 117 16 2 0 0 
1657017268.232005 20.82890625 66.17848140937053 984.8800424196328 2 2 2 2 2 2 405 117 16 2 0 0 
1657017273.36518 20.8390625 66.12665004192112 984.898229130861 2 2 2 2 2 2 405 117 16 2 0 0 
1657017278.4987862 20.8390625 66.078997789505 984.9302227823143 2 2 2 2 2 2 405 117 16 2 0 0 
1657017283.6310205 20.844140625 65.99014818499819 984.9403260459186 2 2 2 2 2 2 384 115 14 2 0 0 
1657017288.763392 20.8390625 66.09665441585476 984.8864420024859 2 2 2 2 2 2 384 115 14 2 0 0 
1657017293.8961587 20.844140625 65.93774144151595 984.9015968824555 2 2 2 2 2 2 384 115 14 2 0 0 
1657017299.029825 20.84921875 65.9965989741761 984.9430226671466 2 3 3 2 3 3 405 120 14 2 0 0 
1657017304.1644967 20.8390625 66.04368425870622 984.9194480077736 2 3 3 2 3 3 405 120 14 2 0 0 
1657017309.2993004 20.84921875 66.04396738678061 984.9342673450905 2 3 3 2 3 3 405 120 14 2 0 0 
1657017314.4336832 20.8390625 65.9318556316001 984.9174281692135 2 2 2 2 2 2 390 115 18 2 0 0 
1657017319.569337 20.8390625 66.13225152356486 984.9191120864863 2 2 2 2 2 2 390 115 18 2 0 0 
1657017324.702847 20.844140625 66.11431094950477 984.8992411678042 2 2 2 2 2 2 390 115 18 2 0 0 
1657017329.8351932 20.844140625 66.19699175094352 984.927867527403 1 2 2 1 2 2 399 110 16 2 0 0 
1657017334.966085 20.854296875 66.00950119687685 984.9453830344835 1 2 2 1 2 2 399 110 16 2 0 0 
1657017340.0973303 20.854296875 65.96297755710665 984.8999165303817 1 3 3 1 3 3 435 122 16 2 0 0 
1657017345.2320898 20.854296875 65.98595731771567 984.94302688512 1 3 3 1 3 3 435 122 16 2 0 0 
1657017350.3630157 20.859375 65.98652213713852 984.9399951239901 1 3 3 1 3 3 435 122 16 2 0 0 
1657017355.4909961 20.86953125 65.99298403012921 984.9174308343569 1 3 3 1 3 3 423 120 18 2 0 0 
1657017360.6212232 20.874609375 65.9517800228783 984.909010909772 1 3 3 1 3 3 423 120 18 2 0 0 
1657017365.748332 20.86953125 65.95120520528238 984.9426906186142 1 3 3 1 3 3 423 120 18 2 0 0 
1657017370.8754253 20.86953125 65.82142608758043 984.9480788031912 1 3 3 1 3 3 414 113 18 2 0 0 
1657017376.0085657 20.859375 66.0930488032997 984.9477425773562 1 3 3 1 3 3 414 113 18 2 0 0 
1657017381.1424384 20.854296875 66.02715899808811 984.9541386190812 1 3 3 1 3 3 414 113 18 2 0 0 
1657017386.276076 20.84921875 65.97950659382147 984.9325834271876 1 3 3 1 3 3 372 106 18 2 0 0 
1657017391.4090977 20.844140625 66.02659319764359 984.9578422030802 1 3 3 1 3 3 372 106 18 2 0 0 
1657017396.5420263 20.859375 66.12104840523995 984.9423510944533 1 3 3 1 3 3 372 106 18 2 0 0 
1657017401.6763346 20.8390625 66.00865308315379 984.9426869356544 1 2 2 1 2 2 372 108 16 0 0 0 
1657017406.810633 20.84921875 65.879445371855 984.9729974761772 1 2 2 1 2 2 372 108 16 0 0 0 
1657017411.9448996 20.844140625 66.00921850303799 984.9682812459878 0 1 1 0 1 1 369 111 10 2 0 0 
1657017417.0778642 20.833984375 65.96128457817967 984.9066485103721 0 1 1 0 1 1 369 111 10 2 0 0 
1657017422.2119052 20.833984375 66.16727999425633 984.9952237474478 0 1 1 0 1 1 369 111 10 2 0 0 
1657017427.3457804 20.8390625 66.12551375601402 984.943358288932 1 1 1 1 1 1 390 118 10 2 0 0 
1657017432.4794204 20.854296875 66.10367506537483 984.944035026333 1 1 1 1 1 1 390 118 10 2 0 0 
1657017437.6133392 20.86953125 66.05744897797406 984.9534667973378 1 1 1 1 1 1 390 118 10 2 0 0 
1657017442.7463157 20.8796875 65.83993803006362 984.9487538100195 2 2 2 2 2 2 369 114 12 2 0 0 
1657017447.8802536 20.8796875 66.05829850533185 984.9440382421208 2 2 2 2 2 2 369 114 12 2 0 0 
1657017453.0141325 20.86953125 65.92206663469807 984.9258507606921 2 2 2 2 2 2 369 114 12 2 0 0 
1657017458.1477158 20.8796875 66.0050390836555 984.9521218372323 2 3 3 2 3 3 396 118 10 2 0 0 
1657017463.2818637 20.9 66.00000023420661 984.9127157791705 2 3 3 2 3 3 396 118 10 2 0 0 
1657017468.4147604 20.8796875 65.84021872655015 984.9319136781573 2 3 3 2 3 3 396 118 10 2 0 0 
1657017473.5478623 20.905078125 65.86376498635208 984.9352817039696 2 3 3 2 3 3 387 116 12 2 0 0 
1657017478.6818602 20.884765625 66.05773216449539 984.9201255900199 1 2 2 1 2 2 387 116 12 2 0 0 
1657017483.8150756 20.8796875 65.85872106500936 984.9312402143861 1 2 2 1 2 2 387 116 12 2 0 0 
1657017488.9490151 20.8796875 65.81695271961358 984.9285456526252 0 1 1 0 1 1 360 109 10 2 0 0 
1657017494.0830045 20.8796875 65.77013871057467 984.9285456526252 1 1 1 1 1 1 339 93 10 0 0 0 
1657017499.2164545 20.8796875 65.80517931145582 984.945385783087 1 1 1 1 1 1 333 90 12 0 0 0 
1657017504.3497927 20.874609375 65.8461053069538 984.925514248895 1 1 1 1 1 1 333 90 12 0 0 0 
1657017509.4827106 20.874609375 65.8343321358444 984.9740140209417 1 1 1 1 1 1 333 90 12 0 0 0 
1657017514.6154366 20.884765625 65.83405150637046 984.9399971339775 0 0 0 0 0 0 318 85 12 0 0 0 
1657017519.749357 20.884765625 65.86404594015092 984.9534693501639 0 0 0 0 0 0 318 85 12 0 0 0 
1657017524.883322 20.8796875 65.79873214787216 984.9639099346823 0 0 0 0 0 0 318 85 12 0 0 0 
1657017530.0173252 20.86953125 65.93326479901026 984.9628984573629 0 0 2 0 0 2 324 94 14 2 2 0 
1657017535.150926 20.86953125 66.08099317703811 984.9564986680435 1 1 3 1 1 3 324 94 14 2 2 0 
1657017540.2847302 20.854296875 65.88057022902002 984.9288796419364 1 1 3 1 1 3 324 94 14 2 2 0 
1657017545.4178772 20.86953125 66.03361080273557 984.9494265637435 1 1 2 1 1 2 297 87 12 2 2 0 
1657017550.5507004 20.854296875 65.94503707862602 984.9696344058532 1 1 2 1 1 2 297 87 12 2 2 0 
1657017555.6843307 20.854296875 65.93915094396871 984.9844494124491 1 1 2 1 1 2 297 87 12 2 2 0 
1657017560.8171732 20.854296875 65.90242642752122 984.9820878044563 1 1 2 1 1 2 312 92 14 2 2 0 
1657017565.950434 20.833984375 66.05545547683903 984.9841068839944 1 1 2 1 1 2 312 92 14 2 2 0 
1657017571.0849895 20.833984375 66.09551938409285 984.9958940407932 0 0 1 0 0 1 312 92 14 2 2 0 
1657017576.2190256 20.8390625 66.06609296206166 984.9773713673638 1 2 3 1 2 3 390 105 20 2 0 0 
1657017581.3523343 20.82890625 65.89037327716719 984.9440292033933 1 2 3 1 2 3 390 105 20 2 0 0 
1657017586.4857533 20.82890625 66.23790408946194 984.9905072692536 1 2 3 1 2 3 375 100 20 2 0 0 
1657017591.6185956 20.82890625 66.06637640109237 984.9878096926337 1 2 3 1 2 3 375 100 20 2 0 0 
1657017596.7516997 20.833984375 66.15494033309596 984.9992618005086 1 2 3 1 2 3 375 100 20 2 0 0 
1657017601.8851092 20.82890625 66.05488892046839 984.9925262813578 1 2 3 1 2 3 354 98 24 2 0 0 
1657017607.019032 20.8390625 66.04453361072305 984.9548100019788 1 2 3 1 2 3 354 98 24 2 0 0 
1657017612.1529896 20.859375 65.83880433887589 984.9655903860232 1 2 3 1 2 3 354 98 24 2 0 0 
1657017617.2869499 20.86953125 65.99887027567185 984.9760342503755 1 2 3 1 2 3 342 93 24 2 0 0 
1657017622.4203055 20.88984375 65.7401452834658 984.9416811607557 1 2 3 1 2 3 342 93 24 2 0 0 
1657017627.554201 20.8796875 65.9285163508835 984.9538058509436 1 2 3 1 2 3 342 93 24 2 0 0 
1657017632.6881595 20.8796875 65.82283940823896 984.9632369860781 1 2 3 1 2 3 336 91 22 2 0 0 
1657017637.8216574 20.8796875 65.86348402181758 984.9457222419251 1 2 3 1 2 3 336 91 22 2 0 0 
1657017642.9557073 20.8796875 65.91646190060453 984.9521218372323 1 2 3 1 2 3 336 91 22 2 0 0 
1657017648.0892441 20.854296875 65.80376700373239 984.9625582816302 1 2 2 1 2 2 342 87 20 2 0 0 
1657017653.2227542 20.864453125 65.78107232954774 984.9662664314681 1 2 2 1 2 2 342 87 20 2 0 0 
1657017658.3562155 20.859375 65.69865861811112 984.9857977476449 1 2 2 1 2 2 318 97 17 2 0 0 
1657017663.4904351 20.86953125 65.84554376922037 984.9393226464697 1 2 2 1 2 2 318 97 17 2 0 0 
1657017668.6238818 20.86953125 65.75780551917788 984.9709822473917 1 2 2 1 2 2 318 97 17 2 0 0 
1657017673.7573056 20.854296875 65.86291125317317 984.94302688512 1 2 2 1 2 2 360 109 24 2 0 0 
1657017678.8908505 20.86953125 65.6745430753619 984.9585186759984 1 2 2 1 2 2 360 109 24 2 0 0 
1657017684.0236413 20.864453125 65.73873663583744 984.964918534646 1 2 2 1 2 2 360 109 24 2 0 0 
1657017689.1571164 20.859375 65.91504306962466 984.9470669800601 1 2 2 1 2 2 381 112 24 2 0 0 
1657017694.2902577 20.854296875 65.8211455487766 984.9844494124491 1 2 2 1 2 2 381 112 24 2 0 0 
1657017699.4226582 20.8390625 66.01453882617545 984.9692940129295 1 2 2 1 2 2 381 112 24 2 0 0 
1657017704.5565166 20.8390625 65.99603375790208 984.9935398405815 1 2 2 1 2 2 411 119 22 0 0 0 
1657017709.690467 20.844140625 65.89121743482832 984.9537970679783 1 2 2 1 2 2 411 119 22 0 0 0 
1657017714.8238704 20.833984375 65.81974269372164 984.9554809460507 1 2 2 1 2 2 411 119 22 0 0 0 
1657017719.957278 20.82890625 65.80797078561774 985.0006106293207 1 2 2 1 2 2 369 105 19 0 0 0 
1657017725.0907464 20.82890625 65.97220904827519 984.9810742296703 1 2 2 1 2 2 369 105 19 0 0 0 
1657017730.2246141 20.81875 65.78358621019974 984.9541566735278 1 2 2 1 2 2 369 105 19 0 0 0 
1657017735.3579776 20.80859375 65.77069411891974 984.985135594203 1 2 2 1 2 2 333 95 19 0 0 0 
1657017740.4914033 20.813671875 65.94137094289131 984.9905216640831 2 2 2 2 2 2 432 123 16 0 0 0 
1657017745.6247795 20.803515625 65.82982997612737 984.9679520134283 2 3 3 2 3 3 447 132 14 0 0 0 
1657017750.7542913 20.78828125 65.9466918802113 984.9639035391403 2 3 3 2 3 3 447 132 14 0 0 0 
1657017755.8876123 20.793359375 65.78779004637823 984.9635693708119 2 3 3 2 3 3 447 132 14 0 0 0 
1657017761.0202446 20.773046875 65.89904735125629 984.9591864528007 2 3 3 2 3 3 489 146 21 0 0 0 
1657017766.1540208 20.773046875 65.86962191029887 984.9679389500129 2 3 3 2 3 3 489 146 21 0 0 0 
1657017771.2880855 20.778125 65.86990322398215 984.9271958824647 2 3 3 2 3 3 489 146 21 0 0 0 
1657017776.4214213 20.773046875 65.78078339366216 984.9605360819609 2 3 3 2 3 3 432 128 19 0 0 0 
1657017781.5547764 20.783203125 65.7224908440854 984.9992618564269 2 3 3 2 3 3 432 128 19 0 0 0 
1657017786.689066 20.773046875 65.99264155847435 984.9399840071128 2 3 3 2 3 3 432 128 19 0 0 0 
1657017791.8227372 20.773046875 65.96966735924607 984.9645715467797 2 2 2 2 2 2 426 123 17 0 0 0 
1657017796.956061 20.762890625 65.8620490857327 985.0026132919745 2 2 2 2 2 2 426 123 17 0 0 0 
1657017802.090211 20.7578125 65.93911395757281 984.9601880927596 2 2 2 2 2 2 426 123 17 0 0 0 
1657017807.2198164 20.752734375 65.95003643297476 984.9578214787803 2 3 3 2 3 3 441 127 17 0 0 0 
1657017812.3531811 20.74765625 65.92089579259495 984.9524370697316 2 3 3 2 3 3 441 127 17 0 0 0 
1657017817.4865496 20.7375 65.8920358494026 984.9766746602523 2 3 3 2 3 3 441 127 17 0 0 0 
1657017822.6208782 20.76796875 65.91585687856268 984.9453688102436 1 2 2 1 2 2 399 111 18 0 0 0 
1657017827.7539058 20.762890625 65.84439487290747 984.9393015154521 1 2 2 1 2 2 399 111 18 0 0 0 
1657017832.8873565 20.7578125 65.90969021718787 984.9686064647536 1 2 2 1 2 2 378 108 14 0 0 0 
1657017838.0202906 20.7578125 65.71548707493467 984.9622054141186 1 2 2 1 2 2 378 108 14 0 0 0 
1657017843.1535714 20.773046875 65.63953720352208 984.9463848224377 1 2 2 1 2 2 378 108 14 0 0 0 
1657017848.2866554 20.793359375 65.71716459947845 984.9433644692577 1 2 2 1 2 2 348 101 10 0 0 0 
1657017853.4177177 20.80859375 65.67652388803967 984.9871540418447 1 2 2 1 2 2 348 101 10 0 0 0 
1657017858.5511663 20.803515625 65.61205864707554 984.960213074019 1 2 2 1 2 2 348 101 10 0 0 0 
1657017863.6844418 20.783203125 65.57618719848257 984.9726689063375 1 2 3 1 2 3 333 99 14 2 0 0 
1657017868.8181806 20.7984375 65.46996385783984 984.9231595777834 1 2 3 1 2 3 333 99 14 2 0 0 
1657017873.9513965 20.7984375 65.56441551816822 984.8945359987822 1 2 3 1 2 3 333 99 14 2 0 0 
1657017879.0848715 20.7984375 65.5649711006103 984.94101170976 1 2 4 1 2 4 339 99 14 4 2 0 
1657017884.2188232 20.7984375 65.61794454404128 984.9123876567476 1 2 4 1 2 4 339 99 14 4 2 0 
1657017889.352107 20.7984375 65.45313553623666 984.8820798579607 1 2 4 1 2 4 339 99 14 4 2 0 
1657017894.4853249 20.793359375 65.44669644949867 984.9208064937687 1 2 4 1 2 4 360 106 14 4 2 0 
1657017899.618618 20.783203125 65.4052178047051 984.933596434606 1 2 4 1 2 4 360 106 14 4 2 0 
1657017904.7516758 20.783203125 65.53470866496383 984.9234940714678 1 2 2 1 2 2 372 110 6 2 0 0 
1657017909.885732 20.78828125 65.49323055446732 984.915075437444 1 2 2 1 2 2 372 110 6 2 0 0 
1657017915.0185847 20.793359375 65.25217672596365 984.9399969866454 1 2 2 1 2 2 372 110 6 2 0 0 
1657017920.1520398 20.793359375 65.35812898344332 984.9379787640922 1 2 2 1 2 2 366 105 8 2 0 0 
1657017925.2860363 20.7984375 65.29981660142923 984.9211412203649 1 2 2 1 2 2 366 105 8 2 0 0 
1657017930.419494 20.7984375 65.43492431607912 984.946397538581 1 2 2 1 2 2 366 105 8 2 0 0 
1657017935.5536847 20.793359375 65.22890531338155 984.9265270589958 1 2 2 1 2 2 324 91 8 2 0 0 
1657017940.6871974 20.78828125 65.20508576279906 984.9497650488662 1 2 2 1 2 2 324 91 8 2 0 0 
1657017945.819484 20.80859375 65.32869813548238 984.922490261383 1 2 2 1 2 2 324 91 8 2 0 0 
1657017950.951387 20.78828125 65.24067816765032 984.9181083564897 1 1 1 1 1 1 309 86 6 2 0 0 
1657017956.0858147 20.778125 65.30460352339557 984.9053076120571 1 1 1 1 1 1 309 86 6 2 0 0 
1657017961.218993 20.773046875 65.21631082807522 984.9288795960631 1 1 1 1 1 1 309 86 6 2 0 0 
1657017966.352575 20.78828125 65.23424362761664 984.928210799707 1 2 2 1 2 2 324 93 8 2 0 0 
1657017971.4864826 20.78828125 65.23451769200899 984.9211412203649 1 2 2 1 2 2 324 93 8 2 0 0 
1657017976.6212296 20.793359375 65.20508576279906 984.9480812936886 1 2 2 1 2 2 324 93 8 2 0 0 
1657017981.7546215 20.7984375 65.12267499142915 984.9201266176483 1 1 1 1 1 1 294 90 8 2 0 0 
1657017986.884919 20.7984375 65.30009137099862 984.9268718908592 2 3 3 2 3 3 426 128 18 2 0 0 
1657017992.0197551 20.80859375 65.25327368060098 984.916098847073 1 3 3 1 3 3 396 118 20 2 0 0 
1657017997.1521566 20.80859375 65.19413364000745 984.94101170976 1 3 3 1 3 3 396 118 20 2 0 0 
1657018002.2838628 20.7984375 65.27011012310996 984.9474121646247 1 3 3 1 3 3 396 118 20 2 0 0 
1657018007.4134114 20.81875 65.03011886366085 984.9187958307925 1 3 3 1 3 3 390 114 18 2 0 0 
1657018012.5475838 20.773046875 65.20590688600178 984.9426954782144 1 3 3 1 3 3 390 114 18 2 0 0 
1657018017.6790576 20.80859375 65.17674704484861 984.9349559329578 1 3 3 1 3 3 390 114 18 2 0 0 
1657018022.8128817 20.78828125 65.22863132676223 984.9312437457613 0 1 1 0 1 1 381 114 16 2 0 0 
1657018027.9382963 20.783203125 65.31076456728871 984.901605626646 0 1 1 0 1 1 381 114 16 2 0 0 
1657018033.0740771 20.78828125 65.2104245660101 984.9053076120571 0 1 1 0 1 1 381 114 16 2 0 0 
1657018038.2057376 20.78828125 65.15128823168371 984.9086750375037 0 1 1 0 1 1 372 114 14 2 0 0 
1657018043.3376567 20.78828125 65.18154003407413 984.9288795960631 1 2 2 1 2 2 372 114 14 2 0 0 
1657018048.4662747 20.783203125 65.09912868603807 984.9043036836377 1 2 2 1 2 2 372 114 14 2 0 0 
1657018053.5982108 20.793359375 65.19358650342693 984.8702934978907 1 2 2 1 2 2 351 107 14 0 0 0 
1657018058.7316844 20.7984375 65.09912868603807 984.8992524239843 1 2 2 1 2 2 351 107 14 0 0 0 
1657018063.8658078 20.78828125 64.96962106127087 984.9416807279167 1 2 2 1 2 2 351 107 14 0 0 0 
1657018068.9992285 20.78828125 65.04026220172774 984.8948707229268 0 1 1 0 1 1 351 106 16 2 0 0 
1657018074.1325514 20.783203125 64.99316827285158 984.8945359987822 0 1 1 0 1 1 351 106 16 2 0 0 
1657018079.267505 20.783203125 65.25751437421123 984.9090094338508 0 1 1 0 1 1 384 117 16 2 0 0 
1657018084.4021182 20.778125 65.07503769650246 984.9090094338508 0 1 1 0 1 1 384 117 16 2 0 0 
1657018089.5318193 20.762890625 65.13308335127675 984.923147276773 0 1 1 0 1 1 384 117 16 2 0 0 
1657018094.6659029 20.7578125 65.10953846908433 984.8867748992742 0 1 1 0 1 1 378 113 16 4 0 0 
1657018099.800643 20.7578125 64.95087709454995 984.9383003337639 0 1 1 0 1 1 378 113 16 4 0 0 
1657018104.9342942 20.74765625 65.0263147368792 984.907312507832 0 1 1 0 1 1 378 113 16 4 0 0 
1657018110.065169 20.76796875 65.19139752764221 984.926848554065 1 2 2 1 2 2 378 113 21 4 0 0 
1657018115.1987698 20.7578125 65.20344322650678 984.9022616142015 1 2 2 1 2 2 378 113 21 4 0 0 
1657018120.3339164 20.7578125 65.16812698501202 984.907312507832 1 2 2 1 2 2 378 113 21 4 0 0 
1657018125.4640982 20.762890625 65.15580829677018 984.9140470336524 1 1 1 1 1 1 372 113 19 2 0 0 
1657018130.5963433 20.74765625 65.09106213971575 984.8988943521313 1 1 1 1 1 1 372 113 19 2 0 0 
1657018135.7290168 20.72734375 65.10762927180117 984.9015791132992 1 1 1 1 1 1 372 113 19 2 0 0 
1657018140.860753 20.72734375 65.00756966272611 984.8958450583959 1 2 2 1 2 2 381 116 19 2 0 0 
1657018145.992882 20.72734375 65.14910266650391 984.9386181182964 1 2 2 1 2 2 381 116 19 2 0 0 
1657018151.1265726 20.7375 65.11351503850555 984.909997066006 1 2 2 1 2 2 360 111 16 0 0 0 
1657018156.2587683 20.732421875 65.23711376120447 984.9052797578146 1 2 2 1 2 2 360 111 16 0 0 0 
1657018161.392619 20.7375 64.98483986098533 984.9110135089736 1 2 2 1 2 2 360 111 16 0 0 0 
1657018166.5266473 20.762890625 65.09749339003373 984.9281982951401 1 2 2 1 2 2 348 107 18 0 0 0 
1657018171.6604085 20.773046875 64.7919355142247 984.9009252930015 1 2 2 1 2 2 348 107 18 0 0 0 
1657018176.795523 20.762890625 64.95622175212208 984.9019276983926 1 2 2 1 2 2 348 107 18 0 0 0 
1657018181.9265213 20.752734375 64.79112824517766 984.9275160886526 1 2 2 1 2 2 312 100 18 0 0 0 
1657018187.059953 20.74765625 65.09722080312125 984.9281831846159 1 2 2 1 2 2 312 100 18 0 0 0 
1657018192.1932573 20.7375 64.97841109944027 984.9062963249784 1 2 2 1 2 2 312 100 18 0 0 0 
1657018197.3261049 20.7375 64.91339319518778 984.9264995796085 1 2 2 1 2 2 333 107 22 0 0 0 
1657018202.4587412 20.7169921875 64.85933783171855 984.9120140661751 1 2 2 1 2 2 333 107 22 0 0 0 
1657018207.59132 20.7220703125 64.85933783171855 984.9291830061846 1 2 2 1 2 2 333 107 22 0 0 0 
1657018212.7233253 20.7169921875 64.9899117758108 984.9244654086128 1 2 2 1 2 2 360 116 24 0 0 0 
1657018217.8502784 20.7068359375 64.91176959658398 984.9352324123937 1 2 2 1 2 2 360 116 24 0 0 0 
1657018222.981051 20.6916015625 65.04713818754587 984.9557672267241 1 2 2 1 2 2 360 116 24 0 0 0 
1657018228.115723 20.6966796875 64.91149895923726 984.9392646664725 1 2 2 1 2 2 375 118 17 0 0 0 
1657018233.2465653 20.6966796875 65.12953379432555 984.959134249262 1 2 3 1 2 3 345 99 20 2 2 0 
1657018238.3800666 20.6865234375 65.0112816020098 984.9348790248805 1 2 3 1 2 3 345 99 20 2 2 0 
1657018243.5151825 20.6814453125 65.07602038157707 984.9503623923202 1 2 3 1 2 3 345 99 20 2 2 0 
1657018248.6475115 20.6865234375 65.05247915128938 984.9685484312946 1 2 3 1 2 3 366 104 20 2 2 0 
1657018253.7798126 20.6865234375 65.0048422709275 984.9769657872718 1 2 3 1 2 3 366 104 20 2 2 0 
1657018258.9118526 20.6662109375 65.02222609151072 984.94630790088 1 2 3 1 2 3 366 104 20 2 2 0 
1657018264.0441122 20.6712890625 64.81569938271191 984.9062380069767 1 2 3 1 2 3 345 97 20 2 2 0 
1657018269.1751258 20.6763671875 65.03399642274626 984.9190411900465 1 2 3 1 2 3 345 97 20 2 2 0 
1657018274.3102274 20.6712890625 64.86332259044724 984.9203924555533 1 2 3 1 2 3 345 97 20 2 2 0 
1657018279.445281 20.6712890625 64.87482318831344 984.9358754760781 1 1 3 1 1 3 360 99 16 2 2 0 
1657018284.579526 20.6458984375 64.89782342372959 984.9220521733045 1 1 3 1 1 3 360 99 16 2 2 0 
1657018289.7145247 20.6458984375 64.91493735796348 984.9072542054197 1 1 3 1 1 3 360 99 16 2 2 0 
1657018294.849737 20.6560546875 64.93847737933667 984.9540362938282 1 1 3 1 1 3 360 99 12 2 2 0 
1657018299.9811692 20.6560546875 64.91547895010933 984.9116201243066 1 1 3 1 1 3 360 99 12 2 2 0 
1657018305.11563 20.6662109375 64.76834673346013 984.9311571613617 1 1 3 1 1 3 360 99 12 2 2 0 
1657018310.2496972 20.6865234375 64.73410878530755 984.9315120857785 1 1 2 1 1 2 333 92 10 2 2 0 
1657018315.379489 20.6865234375 64.83416500185345 984.9146773944672 1 3 3 1 3 3 402 119 26 2 0 0 
1657018320.5131118 20.6712890625 64.71029731293413 984.961126918245 1 3 3 1 3 3 381 119 28 2 0 0 
1657018325.6483078 20.6662109375 64.72741719444181 984.9267706122622 1 3 3 1 3 3 381 119 28 2 0 0 
1657018330.7753048 20.6712890625 64.76299937350886 984.9496747326538 1 3 3 1 3 3 381 119 28 2 0 0 
1657018335.90454 20.6560546875 64.77423214562363 984.9617902642716 2 3 3 2 3 3 402 126 26 2 0 0 
1657018341.0365975 20.6509765625 64.73918828666986 984.9166702863288 2 3 3 2 3 3 402 126 26 2 0 0 
1657018346.1710343 20.6458984375 64.95024732827733 984.9173337067035 2 3 3 2 3 3 402 126 26 2 0 0 
1657018351.3003147 20.6509765625 64.66213964728715 984.9308005916142 2 3 3 2 3 3 396 124 28 2 0 0 
1657018356.4325438 20.6560546875 64.86893781700375 984.9668404732587 2 3 3 2 3 3 396 124 28 2 0 0 
1657018361.5657272 20.6560546875 64.75603790691632 984.9207004275113 2 3 3 2 3 3 396 124 28 2 0 0 
1657018366.696513 20.6458984375 64.83870108113463 984.9607697961042 2 3 3 2 3 3 417 129 32 2 0 0 
1657018371.8257024 20.6255859375 64.98474204566698 984.9146504030288 2 3 3 2 3 3 417 129 32 2 0 0 
1657018376.959928 20.6255859375 64.92562353970865 984.9503310750945 2 3 3 2 3 3 417 129 32 2 0 0 
1657018382.088511 20.6154296875 64.75442373519579 984.9371955787501 2 3 3 2 3 3 432 134 32 2 0 0 
1657018387.2215235 20.6255859375 64.86062055682824 984.9351813157796 2 3 3 2 3 3 432 134 32 2 0 0 
1657018392.3525603 20.6154296875 64.95423309123989 984.939540429008 2 3 3 2 3 3 432 134 32 2 0 0 
1657018397.480467 20.6205078125 64.8956584066356 984.9287791156747 2 3 4 2 3 4 456 132 24 4 2 2 
1657018402.607483 20.6205078125 64.83065664670069 984.9472953367491 2 3 4 2 3 4 456 132 24 4 2 2 
1657018407.7406168 20.6205078125 64.94861988042432 984.9307933094397 2 3 3 2 3 3 429 125 24 2 0 0 
1657018412.8723028 20.6052734375 64.68353591540581 984.9560425016265 2 3 3 2 3 3 429 125 24 2 0 0 
1657018418.0053518 20.6255859375 65.0018523923248 984.9287791156747 2 3 3 2 3 3 429 125 24 2 0 0 
1657018423.139165 20.6306640625 65.07328405132884 984.9254125309344 2 3 3 2 3 3 423 125 22 2 0 0 
1657018428.2733014 20.6205078125 65.0074649849026 984.9371955787501 2 3 3 2 3 3 423 125 22 2 0 0 
1657018433.4075656 20.6154296875 64.85500595302109 984.953697689045 2 3 3 2 3 3 423 125 22 2 0 0 
1657018438.541851 20.6103515625 64.88388907705284 984.9553809961253 2 3 3 2 3 3 423 125 26 2 0 0 
1657018443.6757348 20.6052734375 65.00103674541317 984.9435680255058 2 3 3 2 3 3 423 125 26 2 0 0 
1657018448.8090692 20.6052734375 64.96545904751082 984.968816615034 2 3 3 2 3 3 423 125 26 2 0 0 
1657018453.943471 20.5900390625 64.9590318113559 984.9523145205437 1 3 3 1 3 3 393 115 26 2 0 0 
1657018459.0777168 20.5951171875 65.11229089109666 984.9337990434909 1 3 3 1 3 3 393 115 26 2 0 0 
1657018464.2120209 20.5798828125 64.98818091126692 984.9230074469559 1 3 3 1 3 3 393 115 26 2 0 0 
1657018469.3458612 20.5951171875 65.16524652503409 984.9836356240033 1 3 3 1 3 3 381 108 24 2 0 0 
1657018474.4796402 20.6001953125 65.15991004541804 984.9762418667094 1 3 3 1 3 3 381 108 24 2 0 0 
1657018479.6130936 20.5951171875 65.17701433051197 984.9651198341058 2 2 3 2 2 3 444 127 28 2 0 0 
1657018484.747548 20.6001953125 65.08930061587915 984.9475950755092 2 2 3 2 2 3 444 127 28 2 0 0 
1657018489.8813841 20.5951171875 65.09463882792225 984.9826125921614 2 2 3 2 2 3 444 127 28 2 0 0 
1657018495.0157971 20.5849609375 64.97080020294457 984.9758796853988 1 2 2 1 2 2 453 132 30 2 0 0 
1657018500.150113 20.5748046875 65.21737807610796 984.968123581338 1 2 2 1 2 2 453 132 30 2 0 0 
1657018505.2844095 20.5748046875 65.10531428780686 984.956671133858 1 2 2 1 2 2 453 132 30 2 0 0 
1657018510.4185503 20.5849609375 65.11229089109666 984.9731731789223 2 3 4 2 3 4 510 146 32 2 0 0 
1657018515.5520043 20.5849609375 65.28825599887915 984.9600375040874 2 3 4 2 3 4 510 146 32 2 0 0 
1657018520.6858084 20.5646484375 65.23447959888613 984.9472317476725 2 3 4 2 3 4 510 146 32 2 0 0 
1657018525.8200555 20.5646484375 65.18097996759637 984.9856148941441 2 3 3 2 3 3 477 132 27 2 0 0 
1657018530.953746 20.5798828125 65.08177921450344 984.975186173581 2 3 3 2 3 3 477 132 27 2 0 0 
1657018536.087132 20.5595703125 65.1579938225805 984.9990802778088 2 3 3 2 3 3 477 132 27 2 0 0 
1657018541.2203176 20.5595703125 65.38101006023848 984.9707959597224 2 3 3 2 3 3 429 125 22 0 0 0 
1657018546.35415 20.5544921875 65.29276295584887 984.9711254670057 2 3 3 2 3 3 429 125 22 0 0 0 
1657018551.488473 20.5544921875 65.26895491954144 984.975150388675 2 3 3 2 3 3 429 125 22 0 0 0 
1657018556.6217806 20.5595703125 65.42246806649437 984.9839317215009 1 2 2 1 2 2 393 116 22 0 0 0 
1657018561.7561126 20.5494140625 65.28099650038506 984.986603049998 1 1 1 1 1 1 345 102 8 0 0 0 
1657018566.8902612 20.5595703125 65.30452937016481 984.9933355786051 1 1 1 1 1 1 324 98 6 0 0 0 
1657018572.0240486 20.5646484375 65.63369302506929 984.9542940211254 1 1 1 1 1 1 324 98 6 0 0 0 
1657018577.1582954 20.5544921875 65.4048188457232 984.9371328038478 1 1 1 1 1 1 324 98 6 0 0 0 
1657018582.292061 20.5951171875 65.50005759653315 984.9475950755092 1 1 1 1 1 1 309 88 6 0 0 0 
1657018587.4259677 20.6052734375 65.26582141166983 984.9745585859011 1 1 1 1 1 1 309 88 6 0 0 0 
1657018592.5588872 20.5951171875 65.37706072699676 984.9334685941017 1 1 1 1 1 1 309 88 6 0 0 0 
1657018597.6920767 20.5900390625 65.32999205666451 984.940531943258 1 1 1 1 1 1 345 100 4 0 0 0 
1657018602.8261602 20.6001953125 65.51826278716119 984.9381877911841 1 1 1 1 1 1 345 100 4 0 0 0 
1657018607.9605005 20.5900390625 65.42412873885696 984.9257133279428 1 1 1 1 1 1 345 100 4 0 0 0 
1657018613.0941076 20.6052734375 65.47735680951301 984.939871043342 1 1 1 1 1 1 339 93 2 0 0 0 
1657018618.2276852 20.6001953125 65.41879861089159 984.940531943258 1 1 1 1 1 1 339 93 2 0 0 0 
1657018623.361275 20.5951171875 65.6062322356972 984.9516538104062 1 1 1 1 1 1 339 93 2 0 0 0 
1657018628.4956377 20.5849609375 65.46475825619132 984.9415224712895 1 1 1 1 1 1 327 86 4 0 0 0 
1657018633.6290114 20.5900390625 65.55356237622595 984.9560111354133 1 1 1 1 1 1 327 86 4 0 0 0 
1657018638.7621374 20.5951171875 65.71772867774816 984.9640971012574 1 1 1 1 1 1 327 86 4 0 0 0 
1657018643.8961668 20.5798828125 65.59446606640074 984.9459118637382 2 3 3 2 3 3 411 131 24 2 0 0 
1657018649.0303082 20.5951171875 65.53563460261502 984.9556809718265 2 3 3 2 3 3 411 131 24 2 0 0 
1657018654.1638284 20.5900390625 65.74182059575345 984.9465720248495 2 3 4 2 3 4 438 142 31 2 0 0 
1657018659.2979946 20.6052734375 65.74826433929199 984.948287305181 2 3 4 2 3 4 438 142 31 2 0 0 
1657018664.4319477 20.6001953125 65.67766725667097 984.9435680255058 2 3 4 2 3 4 438 142 31 2 0 0 
1657018669.5660405 20.6001953125 65.854157185167 984.9627756222015 2 3 4 2 3 4 438 144 35 2 0 0 
1657018674.6997008 20.6052734375 65.64853063486731 984.9344906320772 2 3 4 2 3 4 438 144 35 2 0 0 
1657018679.8333983 20.5951171875 65.84799278091708 984.9785858622828 2 3 4 2 3 4 438 144 35 2 0 0 
1657018684.9671898 20.5900390625 65.90009090207913 984.9260436259526 2 3 3 2 3 3 390 125 21 0 0 0 
1657018690.1011972 20.5951171875 65.92950323813416 984.9223469062896 2 3 3 2 3 3 390 125 21 0 0 0 
1657018695.2350867 20.5849609375 66.04743387658897 984.9354822683277 2 3 3 2 3 3 390 125 21 0 0 0 
1657018700.3687406 20.5951171875 65.80064912874435 984.9459118637382 1 3 3 1 3 3 384 123 26 2 0 0 
1657018705.5020201 20.6001953125 65.95388127216636 984.9284188793441 1 3 3 1 3 3 384 123 26 2 0 0 
1657018710.6354835 20.6154296875 65.82586788391059 984.937526425817 1 3 3 1 3 3 384 123 26 2 0 0 
1657018715.769122 20.6052734375 66.12447238509733 984.9597396230279 2 3 3 2 3 3 405 123 26 2 0 0 
1657018720.9032364 20.6103515625 66.0667849167243 984.9472953367491 2 3 3 2 3 3 405 123 26 2 0 0 
1657018726.037352 20.6154296875 66.01355703523303 984.9590783909312 1 2 2 1 2 2 405 110 14 0 0 0 
1657018731.1710298 20.6154296875 66.07855024390405 984.9422454574348 1 2 2 1 2 2 405 110 14 0 0 0 
1657018736.3046045 20.6205078125 66.11356143960829 984.965480840076 1 2 2 1 2 2 405 110 14 0 0 0 
1657018741.4382155 20.6306640625 66.10824784292538 984.9883857507729 1 2 2 1 2 2 405 110 10 0 0 0 
1657018746.5722272 20.6154296875 66.05473567952252 984.9772639945353 0 1 1 0 1 1 405 110 10 0 0 0 
1657018751.705753 20.6154296875 66.10122752794493 984.9385183094888 0 1 1 0 1 1 405 110 10 0 0 0 
1657018756.8397377 20.6001953125 66.30653204101803 984.9509614992609 0 1 1 0 1 1 363 103 12 0 0 0 
1657018761.9734454 20.6103515625 66.39591076493788 984.9583868216964 1 2 2 1 2 2 363 103 12 0 0 0 
1657018767.1066577 20.6103515625 66.29562813033509 984.9412236947916 1 2 2 1 2 2 363 103 12 0 0 0 
1657018772.2401073 20.6154296875 65.96061232315462 984.9755806865455 1 2 2 1 2 2 357 106 12 0 0 0 
1657018777.3742235 20.6255859375 66.38414668303606 984.9839972271939 1 2 2 1 2 2 357 106 12 0 0 0 
1657018782.5072465 20.6255859375 66.16176154191993 984.9570643032757 1 2 2 1 2 2 357 106 12 0 0 0 
1657018787.6405973 20.6154296875 66.16090638170395 984.9486477682241 2 2 2 2 2 2 366 111 12 0 0 0 
1657018792.7734292 20.6255859375 66.23737813237138 984.9506619233085 2 2 2 2 2 2 366 111 12 0 0 0 
1657018797.9070044 20.6306640625 66.29648797768051 984.9402312349215 1 1 1 1 1 1 366 111 12 0 0 0 
1657018803.0412316 20.6154296875 66.16062130682784 984.9567333996897 1 1 1 1 1 1 387 118 12 0 0 0 
1657018808.1703634 20.6154296875 66.29060563296508 984.9355122859951 1 2 2 1 2 2 309 97 14 0 0 0 
1657018813.3047998 20.6103515625 66.26678988112523 984.9408929844255 1 2 2 1 2 2 315 95 16 0 0 0 
1657018818.4357905 20.6103515625 66.28945941634058 984.9627756222015 1 2 2 1 2 2 315 95 16 0 0 0 
1657018823.5701504 20.6052734375 66.39504743663177 984.9651198341058 1 2 2 1 2 2 315 95 16 0 0 0 
1657018828.7038832 20.6103515625 66.44296668096237 984.9378571632946 1 2 2 1 2 2 321 95 19 0 0 0 
1657018833.8378797 20.6052734375 66.58413047784074 984.9610923419527 1 2 2 1 2 2 321 95 19 0 0 0 
1657018838.9725776 20.6052734375 66.55973463482638 984.9530065572351 1 2 2 1 2 2 321 95 19 0 0 0 
1657018844.1064417 20.5900390625 66.5656161712877 984.9533370631239 1 2 2 1 2 2 315 93 19 0 0 0 
1657018849.2403626 20.5900390625 66.68237146837839 984.9640971012574 1 2 2 1 2 2 315 93 19 0 0 0 
1657018854.3741505 20.5900390625 66.51239283542903 984.9512915939375 1 2 2 1 2 2 315 93 19 0 0 0 
1657018859.507586 20.5951171875 66.70001479590252 984.9189804849162 1 2 2 1 2 2 351 100 21 2 0 0 
1657018864.641354 20.5951171875 66.74764688181695 984.9610607721952 1 2 2 1 2 2 351 100 21 2 0 0 
1657018869.7758644 20.5951171875 66.59473362419473 984.9324461720888 1 2 2 1 2 2 351 100 21 2 0 0 
1657018874.9105186 20.5951171875 66.78293356894476 984.9836356240033 1 2 2 1 2 2 336 95 17 2 0 0 
1657018880.0436373 20.5900390625 66.54739244188201 984.9657803273535 1 2 2 1 2 2 336 95 17 2 0 0 
1657018885.1781797 20.5951171875 66.69442493219687 984.9385183094888 1 2 2 1 2 2 336 95 17 2 0 0 
1657018890.3127205 20.6001953125 66.65971935538337 984.9553506986601 2 2 2 2 2 2 447 120 14 0 0 0 
1657018895.4467998 20.6001953125 66.48327372454294 984.9200026894805 2 2 2 2 2 2 447 120 14 0 0 0 
1657018900.5809937 20.6001953125 66.82468626602754 984.9536674594283 2 2 2 2 2 2 426 110 14 0 0 0 
1657018905.7145936 20.6052734375 66.71882397877424 984.9577257816653 2 2 2 2 2 2 426 110 14 0 0 0 
1657018910.8476353 20.6103515625 66.63060285951136 984.9341598674885 2 2 2 2 2 2 426 110 14 0 0 0 
1657018915.981942 20.6052734375 66.81350900703076 984.9122772451734 2 2 2 2 2 2 405 110 14 0 0 0 
1657018921.1165 20.6001953125 66.61883986869496 984.9112557661713 2 2 2 2 2 2 405 110 14 0 0 0 
1657018926.2484872 20.5951171875 66.7302950149263 984.93313803513 2 2 2 2 2 2 405 110 14 0 0 0 
1657018931.3829272 20.6052734375 66.67765441121298 984.918650023107 2 2 2 2 2 2 441 122 21 0 0 0 
1657018936.516522 20.6001953125 66.84821076603018 984.8647868854105 2 2 2 2 2 2 441 122 21 0 0 0 
1657018941.6484993 20.6103515625 66.70147119934427 984.9341598674885 2 2 2 2 2 2 441 122 21 0 0 0 
1657018946.7837775 20.6001953125 66.84203677913271 984.9112557661713 2 2 2 2 2 2 420 115 17 0 0 0 
1657018951.9155114 20.5951171875 66.7773446315126 984.8732029959536 2 2 2 2 2 2 420 115 17 0 0 0 
1657018957.047589 20.6001953125 66.83644853660707 984.8856759608726 2 2 2 2 2 2 420 115 17 0 0 0 
1657018962.1815193 20.6103515625 66.84791782172863 984.8725410115908 2 2 2 2 2 2 435 122 13 0 0 0 
1657018967.3125873 20.6154296875 66.69588094707991 984.8850135358772 2 2 2 2 2 2 435 122 13 0 0 0 
1657018972.4430199 20.6052734375 66.90172735098166 984.8348465226857 2 4 4 2 4 4 444 133 25 2 0 0 
1657018977.5733871 20.6154296875 66.84291537892032 984.8765970836456 2 4 4 2 4 4 444 133 25 2 0 0 
1657018982.7022703 20.6306640625 66.91966445768608 984.8644825139055 2 4 4 2 4 4 444 133 25 2 0 0 
1657018987.8323445 20.6255859375 66.64381864901456 984.8843506725084 1 3 3 1 3 3 423 124 23 2 0 0 
1657018992.9647164 20.6357421875 66.72645430613834 984.8745823351888 1 3 3 1 3 3 423 124 23 2 0 0 
1657018998.098975 20.6255859375 66.66734576444097 984.8358663672802 1 3 3 1 3 3 423 124 23 2 0 0 
1657019003.2277539 20.6306640625 66.81997544573306 984.8395647146056 1 3 3 1 3 3 390 113 21 2 0 0 
1657019008.3611639 20.6205078125 66.72616283268745 984.8678491207202 1 3 3 1 3 3 390 113 21 2 0 0 
1657019013.4958026 20.6205078125 66.90231436990142 984.8655024364895 1 3 3 1 3 3 390 113 21 2 0 0 
1657019018.6270616 20.6255859375 66.74380775250096 984.872235759124 1 3 3 1 3 3 363 111 25 2 0 0 
1657019023.761509 20.6255859375 66.73821773025576 984.8705524283604 1 3 3 1 3 3 363 111 25 2 0 0 
1657019028.8948421 20.6255859375 67.04346211907338 984.8611159073708 1 3 3 1 3 3 363 111 25 2 0 0 
1657019034.0277803 20.6357421875 66.92613316759686 984.8739190899574 1 3 3 1 3 3 354 109 23 2 0 0 
1657019039.1590562 20.6357421875 66.68499099296284 984.8611159073708 1 3 3 1 3 3 354 109 23 2 0 0 
1657019044.2944574 20.6357421875 66.80879741055695 984.8358663672802 1 3 3 1 3 3 354 109 23 2 0 0 
1657019049.4289336 20.6458984375 66.71469084085886 984.897133387733 1 3 3 1 3 3 354 109 21 2 0 0 
1657019054.558231 20.6458984375 66.90348827892697 984.8863693236416 2 3 4 2 3 4 480 145 24 2 2 0 
1657019059.6902874 20.6458984375 66.87996200631285 984.8802997962874 2 3 4 2 3 4 468 138 26 2 2 0 
1657019064.8188272 20.6509765625 67.04464245683995 984.8903999503153 2 3 4 2 3 4 468 138 26 2 2 0 
1657019069.952624 20.6560546875 66.78026555478273 984.8846859374904 2 3 4 2 3 4 468 138 26 2 2 0 
1657019075.0863707 20.6611328125 66.93936507284275 984.8698676098327 1 3 4 1 3 4 453 136 26 4 2 0 
1657019080.2196727 20.6560546875 66.95112829178105 984.8796357794564 1 3 4 1 3 4 453 136 26 4 2 0 
1657019085.3502746 20.6662109375 66.83349424993527 984.8776202071981 1 3 4 1 3 4 453 136 26 4 2 0 
1657019090.4824033 20.6662109375 66.69320098737687 984.8924386305641 2 4 5 2 4 5 495 150 30 4 2 0 
