timestamp temperature humidity pressure pm10_standard pm25_standard pm100_standard pm10_env pm25_env pm100_env particles_03um particles_05um particles_10um particles_25um particles_50um particles_100um
1662085918.6682265 21.4490234375 47.994640052384206 979.7310923224542 19 28 29 19 28 29 3195 963 164 10 2 0
1662085923.799933 21.4490234375 48.02418732896725 979.6779442033849 19 28 29 19 28 29 3195 963 164 10 2 0
1662085928.9335313 21.4388671875 48.08336161036473 979.7352431374986 20 28 31 20 28 31 3285 989 169 12 4 0
1662085934.0674472 21.4439453125 48.03596142323483 979.7019280948479 20 28 31 20 28 31 3285 989 169 12 4 0
1662085939.20024 21.4388671875 48.1663103473461 979.72474141218 20 28 31 20 28 31 3285 989 169 12 4 0
1662085944.3337083 21.4337890625 48.05373657086776 979.7281119665117 19 28 30 19 28 30 3228 974 166 12 4 0
1662085949.4674366 21.4490234375 47.93508371889129 979.7268168185732 19 28 30 19 28 30 3228 974 166 12 4 0
1662085954.6013362 21.4388671875 48.172235179671254 979.7112591976587 19 28 30 19 28 30 3228 974 166 12 4 0
1662085959.7348006 21.4439453125 47.959010020165344 979.7213708581288 19 27 29 19 27 29 3177 958 166 8 4 0
1662085964.868246 21.4490234375 47.97078508666609 979.7419841939018 19 27 29 19 27 29 3177 958 166 8 4 0
1662085970.0012577 21.4388671875 48.053583749697125 979.7563716943323 19 27 29 19 27 29 3177 958 166 8 4 0
1662085975.1346083 21.4388671875 47.88783157819683 979.73861366556 18 28 30 18 28 30 3207 951 178 10 4 0
1662085980.268296 21.4287109375 48.041810213027176 979.7511900647194 18 28 30 18 28 30 3207 951 178 10 4 0
1662085985.401705 21.4337890625 47.970634161884796 979.7275967468794 18 28 30 18 28 30 3207 951 178 10 4 0
1662085990.5364516 21.4236328125 48.100905636802544 979.7246161001858 17 31 36 17 30 36 3048 917 244 26 4 2
1662085995.6684299 21.4287109375 48.04173393251015 979.7356330889069 17 31 36 17 30 36 3048 917 244 26 4 2
1662086000.7978163 21.4287109375 48.100751667400395 979.735117073015 17 31 36 17 30 36 3048 917 244 26 4 2
1662086005.9303305 21.4236328125 48.047658846267346 979.7498944500954 17 31 36 17 30 36 3096 932 247 26 4 2
1662086011.0631647 21.4337890625 48.01818618265084 979.7495048272749 17 31 36 17 30 36 3096 932 247 26 4 2
1662086016.1964817 21.4388671875 48.01803417420712 979.7504105159838 17 31 36 17 30 36 3096 932 247 26 4 2
1662086021.3288994 21.4337890625 48.101136510128164 979.7427638781983 17 30 34 17 30 34 3132 923 245 21 4 2
1662086026.4610903 21.4388671875 48.25518174779448 979.7541708475986 17 30 34 17 30 34 3132 923 245 21 4 2
1662086031.5927513 21.4287109375 48.10105956312331 979.73861366556 17 30 34 17 30 34 3132 923 245 21 4 2
1662086036.7270277 21.4337890625 47.94678348184372 979.7427638781983 17 30 34 17 30 34 3081 918 238 21 4 2
1662086041.86084 21.4388671875 48.01818618265084 979.7537810453074 17 30 34 17 30 34 3081 918 238 21 4 2
1662086046.9925857 21.4388671875 48.03003635336806 979.7234462914939 17 30 34 17 30 34 3081 918 238 21 4 2
1662086052.1235218 21.4541015625 47.92345823408409 979.7677787294309 18 32 34 18 31 34 3285 967 248 16 2 2
1662086057.256638 21.4490234375 48.04204192236344 979.7702439193323 18 32 34 18 31 34 3348 981 241 14 2 2
1662086062.3909338 21.4388671875 47.90568220161367 979.7677787294309 18 31 33 18 30 33 3357 978 229 12 2 2
1662086067.5252132 21.4439453125 48.04204192236344 979.7251315549985 18 30 31 18 30 31 3273 957 210 10 2 2
1662086072.6593802 21.4388671875 47.89968220334147 979.7402989296957 19 34 35 19 32 35 3297 997 243 28 0 0
1662086077.793602 21.4490234375 47.82265240145672 979.7520957806105 20 35 36 20 33 36 3372 1026 240 26 0 0
1662086082.9274082 21.4439453125 47.80487604545997 979.7449647423792 19 36 37 19 33 37 3357 1019 251 28 0 0
1662086088.0614786 21.4388671875 48.065433525574406 979.7453547225242 19 35 36 19 33 36 3447 1042 247 21 0 0
1662086093.1954942 21.4388671875 48.041810213027176 979.7571515749119 18 34 35 18 32 35 3348 1013 250 19 0 0
1662086098.327309 21.4337890625 48.19593440569296 979.7545605398187 18 34 37 18 32 37 3363 1018 250 19 2 0
1662086103.4608145 21.4337890625 47.88768254989762 979.7515796739838 19 35 39 19 33 39 3450 1051 248 21 4 2
1662086108.5919287 21.4337890625 48.000335053464156 979.7693381110225 20 35 39 20 33 39 3570 1091 252 16 4 2
1662086113.7241848 21.4287109375 48.01218515069189 979.7453547225242 19 33 37 19 32 37 3498 1058 247 12 4 2
1662086118.856318 21.4388671875 47.84635406486185 979.7672631654084 18 33 37 18 32 37 3369 1020 240 12 4 2
1662086123.9896948 21.4337890625 47.8522053525325 979.7373183393464 18 33 37 18 32 37 3369 1020 240 12 4 2
1662086129.1243935 21.4439453125 48.01218515069189 979.7305773380094 18 33 37 18 32 37 3369 1020 240 12 4 2
1662086134.257021 21.4337890625 48.01818618265084 979.7638926349624 19 34 39 19 32 39 3504 1065 252 12 6 2
1662086139.3907857 21.4337890625 47.976634735076786 979.7474298434558 18 32 39 18 31 39 3363 1025 248 14 8 4
1662086144.5251327 21.4337890625 47.864130203972785 979.7747833963069 19 32 39 19 31 39 3471 1053 237 16 10 4
1662086149.6575027 21.4236328125 47.87590653844326 979.7579310151989 19 33 40 19 32 40 3471 1048 253 16 10 4
1662086154.7893763 21.4236328125 47.769176735735044 979.7937102939895 18 28 33 18 28 33 3051 900 198 20 4 0
1662086159.9203851 21.4185546875 47.96470911387111 979.7823029711587 17 29 33 17 29 33 3051 905 203 20 4 0
1662086165.0501318 21.4337890625 47.98848491492579 979.7730981578804 17 30 33 17 30 33 3150 933 215 16 4 0
1662086170.1821232 21.4287109375 48.07735994701677 979.7485987525879 18 31 35 18 30 35 3207 944 222 16 6 0
1662086175.3135622 21.4287109375 47.970634161884796 979.8228769582754 18 31 34 18 30 34 3180 948 224 16 4 0
1662086180.4439466 21.4287109375 48.07712985408121 979.7616910187872 18 30 33 18 30 33 3165 937 222 12 4 0
1662086185.5780556 21.4287109375 47.98840924396134 979.7747833963069 17 29 32 17 29 32 3207 954 217 10 4 0
1662086190.7113762 21.4236328125 47.86968392749309 979.7852841664815 16 29 31 16 29 31 3087 923 231 10 4 0
1662086195.8412528 21.4287109375 47.81058059083445 979.7730981578804 16 29 31 16 29 31 3087 923 231 10 4 0
1662086200.9702601 21.4236328125 47.89338390573812 979.7738769138859 16 29 31 16 29 31 3087 923 231 10 4 0
1662086206.102649 21.4134765625 48.05935564309416 979.7763404138423 17 30 32 17 30 32 3051 926 242 8 4 0
1662086211.2343853 21.4134765625 47.91123360376972 979.8152291395835 17 30 32 17 30 32 3051 926 242 8 4 0
1662086216.3672416 21.4134765625 48.0770531348952 979.8193776439906 17 30 32 17 30 32 3051 926 242 8 4 0
1662086221.4998202 21.4185546875 47.9585579939581 979.7928033059917 16 30 32 16 30 32 3078 937 239 10 4 0
1662086226.630719 21.4083984375 47.934783365612596 979.7695996774542 16 30 32 16 30 32 3078 937 239 10 4 0
1662086231.766573 21.4033203125 48.035427782918134 979.7616427415117 16 30 32 16 30 32 3078 937 239 10 4 0
1662086236.8984628 21.4033203125 47.82813468270983 979.7978589017915 15 25 26 15 25 26 3129 890 153 10 2 0
1662086242.0338924 21.4083984375 47.869609568074694 979.7679944305781 15 25 26 15 25 26 3129 890 153 10 2 0
1662086247.1661794 21.4033203125 48.065050606902055 979.8167848557375 15 25 26 15 25 26 3129 890 153 10 2 0
1662086252.2973719 21.4083984375 48.248785058227384 979.7784943046115 15 25 27 15 25 27 3150 895 160 10 2 0
1662086257.43169 21.4083984375 47.95848261855935 979.781864618073 15 25 27 15 25 27 3150 895 160 10 2 0
1662086262.567162 21.4083984375 48.08859489555099 979.791975560141 15 25 27 15 25 27 3150 895 160 10 2 0
1662086267.7009923 21.3931640625 47.97010558587337 979.791975560141 16 26 28 16 26 28 3243 937 169 10 2 0
1662086272.834979 21.3880859375 47.92270870551643 979.8202347279479 16 26 28 16 26 28 3243 937 169 10 2 0
1662086277.9655712 21.3931640625 47.99965240792186 979.797808111728 16 26 28 16 26 28 3243 937 169 10 2 0
1662086283.0979435 21.3931640625 47.99965240792186 979.8193265032661 17 26 28 17 26 28 3321 970 171 8 2 0
1662086288.2304077 21.3931640625 47.88708600586411 979.814271069218 17 26 28 17 26 28 3321 970 171 8 2 0
1662086293.363946 21.3779296875 48.0235024390826 979.777975090336 17 26 28 17 26 28 3321 970 171 8 2 0
1662086298.4986827 21.3779296875 47.90500950313696 979.8037716624114 17 27 28 17 27 28 3300 967 178 8 2 0
1662086303.6335893 21.3830078125 48.10036655541387 979.7856236215348 17 28 29 17 28 29 3306 967 195 10 2 0
1662086308.764795 21.3728515625 48.070745057093895 979.7809568120321 17 28 31 17 28 31 3261 969 209 14 2 0
1662086313.8957918 21.3830078125 48.135912012655346 979.7699380067347 17 28 29 17 28 29 3249 964 207 12 0 0
1662086319.0281966 21.3779296875 48.10028950070551 979.8109007802033 16 27 31 16 27 31 3015 894 191 12 4 4
1662086324.1579072 21.3830078125 47.934257332699374 979.8171208906808 15 27 32 15 27 32 2994 889 194 16 4 4
1662086329.2900503 21.3677734375 48.052742463169565 979.7851039277215 16 28 32 16 28 32 3144 922 196 16 4 4
1662086334.4223056 21.3677734375 48.099981174168505 979.8306017247639 15 29 34 15 29 34 3168 924 205 18 6 4
1662086339.5547173 21.3728515625 47.904635404780535 979.8002698543885 15 27 34 15 27 34 3102 915 207 18 6 4
1662086344.6889708 21.3626953125 48.03489361484576 979.7935294418353 16 28 36 16 28 36 3207 953 216 22 8 4
1662086349.8181558 21.3779296875 48.12983299816957 979.8007899148423 16 28 35 16 28 35 3186 941 213 18 8 4
1662086354.951612 21.3779296875 47.92218339465502 979.7749933130991 16 28 35 16 28 35 3186 941 213 18 8 4
1662086360.0850537 21.3728515625 47.95210574861643 979.7961229814429 16 28 35 16 28 35 3186 941 213 18 8 4
1662086365.2200627 21.3880859375 48.295861970218226 979.7981964864587 17 29 34 17 29 34 3186 948 216 18 6 2
1662086370.3502994 21.3830078125 47.98780348850242 979.7759014234911 17 29 34 17 29 34 3186 948 216 18 6 2
1662086375.4828694 21.3728515625 48.029122031008285 979.7867890304041 17 29 34 17 29 34 3186 948 216 18 6 2
1662086380.6178343 21.3626953125 48.12390890623113 979.7854921908121 17 30 35 17 30 35 3171 948 225 18 6 2
1662086385.7504091 21.3728515625 48.22461706497685 979.7826419416862 17 30 35 17 30 35 3171 948 225 18 6 2
1662086390.8824964 21.3677734375 48.07651579902154 979.7998816032581 17 30 35 17 30 35 3171 948 225 18 6 2
1662086396.0123532 21.3728515625 47.99350041417551 979.7716231087861 18 30 35 18 30 35 3279 976 227 18 6 2
1662086401.1456642 21.3626953125 48.02904576746979 979.7551605985242 17 27 28 17 27 28 2847 868 207 10 0 0
1662086406.277353 21.3576171875 47.95787922762308 979.7854921908121 17 27 28 17 27 28 2847 868 207 10 0 0
1662086411.4116075 21.3626953125 48.028969493160744 979.8086953716579 16 27 29 16 27 29 2817 854 207 14 2 0
1662086416.5435505 21.3728515625 48.017273485754394 979.8036400610858 16 28 30 16 28 30 2886 866 221 16 2 0
1662086421.6718562 21.3677734375 48.10021243522679 979.7901592359792 16 29 31 16 29 31 2913 875 233 16 2 0
1662086426.8061533 21.3626953125 48.05281899761537 979.7864006708265 16 30 32 16 30 32 3012 896 243 14 2 0
1662086431.939653 21.3677734375 48.2068452537891 979.7740848168306 16 31 33 16 30 33 3105 920 255 16 2 0
1662086437.0712242 21.3576171875 48.09413426384371 979.7791400422808 16 31 33 16 30 33 3018 897 255 16 2 0
1662086442.2046385 21.3677734375 47.94603070548929 979.7943057224182 15 30 32 15 30 32 3075 897 240 14 2 0
1662086447.3365698 21.3525390625 48.11175177996704 979.7896385109765 15 30 34 15 30 34 3060 900 252 16 2 0
1662086452.4702508 21.3474609375 48.08805630995325 979.8267098945914 14 30 34 14 30 34 3126 897 250 16 2 0
1662086457.6013713 21.3525390625 48.08813328306409 979.8456330576523 14 29 32 14 29 32 3111 883 248 14 2 0
1662086462.734328 21.3576171875 48.0170450691924 979.8276194400165 15 30 32 15 30 32 3162 904 253 12 0 0
1662086467.8659124 21.3626953125 47.86294110618169 979.7812132012521 16 30 32 16 30 32 3171 915 253 10 0 0
1662086472.9930935 21.3576171875 47.922258471376274 979.7963787600185 16 32 33 16 31 33 3237 943 260 12 0 0
1662086478.1202865 21.3576171875 48.08220932202536 979.7984516605422 16 32 33 16 31 33 3237 943 260 12 0 0
1662086483.2533545 21.3525390625 47.95795468918767 979.8111564847885 17 30 35 17 30 35 3195 946 213 21 6 0
1662086488.3847706 21.3474609375 47.97550057156952 979.7832862231465 17 31 36 17 30 36 3189 944 241 21 6 0
1662086493.5186493 21.3474609375 48.076208513001696 979.8296923314953 16 30 35 16 29 35 3189 944 241 21 6 0
1662086498.6497095 21.3525390625 48.06420723802355 979.8055795305963 16 30 35 16 29 35 3189 944 241 21 6 0
1662086503.7817776 21.3423828125 48.17683547103807 979.7840618132321 15 30 33 15 29 33 3168 935 234 18 4 0
1662086508.913578 21.3373046875 48.08182468739214 979.829557410448 15 30 33 15 29 33 3168 935 234 18 4 0
1662086514.041593 21.3373046875 48.25944987834821 979.7844494432326 16 31 34 16 30 34 3168 935 234 18 4 0
1662086519.1747406 21.3322265625 48.283222058167645 979.8009120284628 17 31 35 17 30 35 3267 954 232 20 4 0
1662086524.3068938 21.3271484375 48.12313495011758 979.8037591629638 17 31 35 17 30 35 3267 954 232 20 4 0
1662086529.4406676 21.3322265625 48.2120635467142 979.8067418919277 16 30 34 16 29 34 3267 954 232 20 4 0
1662086534.5687323 21.3373046875 48.028358910948725 979.8116600483809 17 30 33 17 29 33 3300 966 218 20 4 0
1662086539.6988924 21.3271484375 48.12313495011758 979.7633196325165 17 30 33 17 29 33 3300 966 218 20 4 0
1662086544.8316302 21.3271484375 47.96919822770825 979.8093371387077 18 31 34 18 30 34 3300 966 218 20 4 0
1662086549.9634397 21.3271484375 48.064053758211585 979.8232046369651 17 30 33 17 30 33 3228 952 209 20 4 0
1662086555.090541 21.3322265625 48.111442696229766 979.773042006499 17 30 33 17 30 33 3228 952 209 20 4 0
1662086560.2241857 21.3373046875 48.14690626197141 979.7975419848558 17 30 33 17 30 33 3228 952 209 20 4 0
1662086565.355439 21.3271484375 48.06990058780764 979.8101118820133 14 21 21 14 21 21 2706 796 128 4 0 0
1662086570.488172 21.3271484375 48.147139342257894 979.8320168244057 14 21 21 14 21 21 2706 796 128 4 0 0
1662086575.6202762 21.3271484375 48.04020606036252 979.7801694319612 15 23 23 15 23 23 2898 851 140 2 0 0
1662086580.752934 21.3271484375 48.04020606036252 979.8054441442755 16 24 24 16 24 24 2976 877 152 2 0 0
1662086585.8870344 21.3271484375 48.07559342398177 979.820608979237 16 26 26 16 26 26 2928 868 171 0 0 0
1662086591.020867 21.3271484375 48.158441667645945 979.7922145111811 17 28 28 17 28 28 2928 876 185 4 0 0
1662086596.1550324 21.3169921875 48.19405869948931 979.8172390154215 17 28 28 17 28 28 2907 869 199 4 0 0
1662086601.2862504 21.3271484375 48.07567034780574 979.7767994715114 16 28 28 16 28 28 2973 897 209 4 0 0
1662086606.420073 21.3169921875 48.05782327653908 979.8395306513889 16 29 29 16 29 29 2979 902 204 6 0 0
1662086611.5532734 21.3169921875 48.08136277040881 979.8073787304612 17 30 30 17 29 30 3048 923 211 6 0 0
1662086616.6868966 21.3220703125 48.07559342398177 979.8331775855347 18 31 31 18 30 31 3054 935 213 6 0 0
1662086621.8203547 21.3119140625 48.312440202695285 979.8099751075256 18 32 33 18 31 33 3096 952 235 10 2 0
1662086626.9539604 21.3169921875 48.19998185488139 979.8378456822305 17 29 30 17 29 30 2940 890 207 10 2 0
1662086632.085947 21.3119140625 48.18813553377502 979.8024613460994 16 28 29 16 28 29 2910 878 207 10 2 0
1662086637.2158399 21.3169921875 48.24728782789181 979.8230678546522 16 27 28 16 27 28 2886 866 200 10 2 0
1662086642.3491175 21.3169921875 48.25913380711756 979.7822417393362 16 27 28 16 27 28 2886 866 200 10 2 0
1662086647.4838443 21.3169921875 48.13490417891099 979.7809440031448 19 29 31 19 29 31 3252 973 191 14 4 2
1662086652.6166942 21.3119140625 48.25889664061017 979.8251395777472 18 29 31 18 29 31 3267 968 196 12 4 2
1662086657.7525387 21.3169921875 48.146595337472796 979.8217696949848 18 29 31 18 29 31 3267 968 196 12 4 2
1662086662.8858776 21.3271484375 48.08759424511002 979.8058312815415 18 29 31 18 29 31 3267 968 196 12 4 2
1662086668.0213616 21.3271484375 47.98081823077668 979.8226809629592 18 29 30 18 29 30 3204 953 203 10 2 2
1662086673.1557105 21.3271484375 48.22391019156027 979.8000019125981 18 29 30 18 29 30 3204 953 203 10 2 2
1662086678.2912123 21.3271484375 48.08759424511002 979.8522367817475 17 28 29 17 28 29 3204 953 203 10 2 2
1662086683.4265122 21.3220703125 48.15875313392191 979.8198346186463 17 28 29 17 28 29 3231 956 208 10 2 2
1662086688.5616815 21.3271484375 48.063977002149926 979.814779591694 17 28 29 17 28 29 3231 956 208 10 2 2
1662086693.6978583 21.3169921875 48.099364004117305 979.8155540336188 18 29 30 18 29 30 3231 956 208 10 2 2
1662086698.8329933 21.3271484375 48.0639002353178 979.7805567725617 19 29 29 19 29 29 3204 953 205 8 0 0
1662086703.9680579 21.3271484375 48.0639002353178 979.8155540336188 19 29 29 19 29 29 3204 953 205 8 0 0
1662086709.1002975 21.3169921875 48.24152247364166 979.7830160633769 19 29 29 19 29 29 3204 953 205 8 0 0
1662086714.234766 21.3169921875 48.27105891445325 979.801550404301 18 28 28 18 28 28 3111 920 196 10 0 0
1662086719.3699973 21.3119140625 48.051746535259994 979.7931257028291 18 28 28 18 28 28 3111 920 196 10 0 0
1662086724.505583 21.3220703125 48.23552057046726 979.7906665742604 18 28 28 18 28 28 3111 920 196 10 0 0
1662086729.6407628 21.3068359375 48.276902698541306 979.7989541634935 17 28 29 17 28 29 2916 870 192 14 2 0
1662086734.7753074 21.3068359375 48.3123605485115 979.7964955832076 17 29 29 17 29 29 2910 861 206 16 0 0
1662086739.910421 21.3068359375 48.22967616160865 979.7935126184965 16 28 28 16 28 28 2826 838 204 16 0 0
1662086745.0464764 21.3169921875 48.25913380711756 979.801550404301 17 29 29 17 29 29 2973 878 209 14 0 0
1662086750.1816165 21.3068359375 48.430814857708405 979.7824918253556 17 31 31 17 30 31 3087 916 218 16 0 0
1662086755.317056 21.3068359375 48.14643981060205 979.778735209922 17 30 30 17 30 30 3093 921 223 12 0 0
1662086760.451578 21.3169921875 48.11113344016723 979.8395306513889 18 31 31 18 30 31 3144 945 240 12 0 0
1662086765.5867705 21.3119140625 48.25321082266568 979.7964955832076 16 28 28 16 28 28 2988 884 212 10 0 0
1662086770.720757 21.3169921875 48.10521012994187 979.769149332576 15 27 27 15 27 27 2931 860 210 10 0 0
1662086775.855878 21.3220703125 48.2651358829278 979.8226809629592 15 28 28 15 28 28 2901 860 210 12 0 0
1662086780.9883208 21.3169921875 48.07559342398177 979.8028484004597 16 29 29 16 29 29 2901 860 210 12 0 0
1662086786.1236079 21.3017578125 48.122980029651295 979.8176260577977 16 29 29 16 29 29 2901 860 210 12 0 0
1662086791.258388 21.2966796875 48.158519550370244 979.8268245192334 16 29 29 16 29 29 2952 867 212 10 0 0
1662086796.39249 21.3017578125 48.045823257265 979.8023239900701 16 29 29 16 29 29 2952 867 212 10 0 0
1662086801.5264528 21.3068359375 48.27082137394988 979.7821050348161 16 29 29 16 29 29 2952 867 212 10 0 0
1662086806.6610358 21.286328125 48.223123753499806 979.7870212536859 16 28 28 16 28 28 2943 874 212 6 0 0
1662086811.794198 21.286328125 48.383272663653216 979.7772985090922 16 26 27 16 26 27 3018 908 203 8 0 0
1662086816.928218 21.2966796875 48.28851039228086 979.7832650764224 16 26 27 16 26 27 3087 931 215 6 0 0
1662086822.0629904 21.28125 48.24689317371056 979.7941469571919 16 26 27 16 26 27 3087 931 215 6 0 0
1662086827.1978185 21.286328125 48.34765702874365 979.7469713201799 16 26 27 16 26 27 3087 931 215 6 0 0
1662086832.3318286 21.29140625 48.30611927110341 979.7634332424598 15 25 26 15 25 26 2958 886 213 6 0 0
1662086837.4657795 21.286328125 48.359421876328575 979.7975166476531 15 25 26 15 25 26 2958 886 213 6 0 0
1662086842.599304 21.28125 48.38903407355901 979.7988152644518 15 25 26 15 25 26 2958 886 213 6 0 0
1662086847.7326796 21.286328125 48.27658564238164 979.7913029337972 15 25 26 15 25 26 2901 867 206 6 2 0
1662086852.8666296 21.286328125 48.1935888036286 979.8321263895738 15 25 26 15 25 26 2901 867 206 6 2 0
1662086858.0001533 21.29140625 48.30019670780773 979.8034835436788 15 25 26 15 25 26 2901 867 206 6 2 0
1662086863.1339784 21.3068359375 48.26481941158685 979.795059181095 16 26 27 16 26 27 3015 904 215 6 2 0
1662086868.268206 21.2966796875 48.02805336134952 979.8102230350077 16 26 27 16 26 27 3015 904 215 6 2 0
1662086873.4009454 21.286328125 48.34173446997918 979.8199460017925 16 26 27 16 26 27 3015 904 215 6 2 0
1662086878.5352118 21.28125 48.2645819449969 979.82240329629 17 27 28 17 27 28 3087 928 213 6 2 0
1662086883.6690848 21.29140625 48.0930548628262 979.8341973173619 17 27 28 17 27 28 3087 928 213 6 2 0
1662086888.8037055 21.286328125 48.25289484998781 979.795059181095 17 27 28 17 27 28 3087 928 213 6 2 0
1662086893.9375427 21.28125 48.2292038924574 979.7995876115314 17 29 31 17 29 31 3147 903 223 14 2 2
1662086899.0718405 21.286328125 48.252657757394836 979.8291427364819 17 29 31 17 29 31 3147 903 223 14 2 2
1662086904.205855 21.28125 48.323807055601996 979.8396378020792 17 29 31 17 29 31 3147 903 223 14 2 2
1662086909.3399837 21.28125 48.27634773717797 979.7570803806269 17 29 30 17 29 30 3090 899 219 12 2 2
1662086914.4740202 21.28125 48.264502767927056 979.7995876115314 17 29 30 17 29 30 3090 899 219 12 2 2
1662086919.6079354 21.276171875 48.25281582989344 979.8510459248525 17 29 30 17 29 30 3090 899 219 12 2 2
1662086924.7416556 21.286328125 48.1757423439836 979.8291427364819 18 29 30 18 29 30 3177 923 212 10 2 2
1662086929.8751335 21.28125 48.471783769829244 979.8665953639072 18 29 30 18 29 30 3177 923 212 10 2 2
1662086935.0085464 21.276171875 48.454179999235556 979.8080117714848 18 29 30 18 29 30 3177 923 212 10 2 2
1662086940.1426318 21.276171875 48.43641305244609 979.8274578763287 18 28 30 18 28 30 3150 921 200 10 2 2
1662086945.275671 21.28125 48.240891611779084 979.805940875033 18 28 30 18 28 30 3150 921 200 10 2 2
1662086950.4086833 21.276171875 48.47762427288592 979.8063269393539 18 28 30 18 28 30 3150 921 200 10 2 2
1662086955.543276 21.276171875 48.341414262006985 979.8172075691955 18 28 30 18 28 30 3192 930 207 8 2 2
1662086960.6741679 21.276171875 48.418322240646326 979.8134521684055 18 28 31 18 28 31 3177 914 198 10 4 2
1662086965.808198 21.27109375 48.32348757404956 979.7969899093741 17 28 33 17 28 33 3264 928 200 14 6 4
1662086970.942128 21.27109375 48.37102559834126 979.8303003601196 18 30 36 18 30 36 3390 973 219 16 8 4
1662086976.0762842 21.27109375 48.453935967505195 979.8315994286783 19 31 34 19 30 34 3342 996 237 16 2 0
1662086981.2096481 21.266015625 48.376867349448105 979.8660669554399 19 31 34 19 30 34 3342 996 237 16 2 0
1662086986.3435972 21.266015625 48.382708944039436 979.8100825309039 20 34 36 20 32 36 3483 1048 246 18 2 0
1662086991.4774492 21.27109375 48.28211141357047 979.8231752638176 20 33 36 20 32 36 3459 1038 237 20 2 0
1662086996.611448 21.2609375 48.44785125911248 979.7784570634062 19 33 36 19 32 36 3402 1017 241 20 2 0
1662087001.745184 21.2609375 48.418322240646326 979.8509036913306 20 34 36 20 32 36 3444 1035 241 18 2 0
1662087006.8793905 21.2609375 48.501148588133944 979.8449352269475 19 34 36 19 32 36 3375 997 222 25 2 0
1662087012.0129087 21.27109375 48.353178613155194 979.8117673496198 19 33 35 19 32 35 3348 985 217 23 2 0
1662087017.140289 21.27109375 48.33541195257704 979.8589423021226 19 34 38 19 32 38 3381 994 227 30 4 0
1662087022.2727401 21.2609375 48.294035587227434 979.8054139330728 20 35 38 20 33 38 3480 1024 223 28 4 0
1662087027.4036946 21.266015625 48.27634773717797 979.8559581120694 19 35 39 19 33 39 3453 1024 228 30 4 0
1662087032.535886 21.2609375 48.40647803761753 979.8003595186434 19 34 37 19 32 37 3324 998 221 26 2 0
1662087037.6671638 21.255859375 48.38262836958755 979.8496042800273 18 34 36 18 32 36 3282 977 221 28 2 0
1662087042.799475 21.25078125 48.412319242048724 979.8327563517091 18 33 35 18 32 35 3204 954 223 26 2 0
1662087047.9303591 21.255859375 48.46536939227898 979.8587985722526 18 35 37 18 33 37 3297 992 230 30 2 0
1662087053.0608602 21.25078125 48.43576058732387 979.8402661458496 17 34 36 17 32 36 3171 957 230 28 2 0
1662087058.1924827 21.245703125 48.418076183201414 979.838966540647 19 34 37 19 32 37 3339 998 221 28 0 0
1662087063.3274512 21.240625 48.54218619641834 979.8225042098848 19 34 37 19 32 37 3339 998 221 28 0 0
1662087068.4580286 21.240625 48.53634710401822 979.8511447620945 19 34 37 19 32 37 3339 998 221 28 0 0
1662087073.5920568 21.245703125 48.441519789602864 979.8238037752548 19 35 37 19 33 37 3489 1026 228 28 0 0
1662087078.7253952 21.245703125 48.44168236895269 979.8275584235085 19 35 37 19 33 37 3489 1026 228 28 0 0
1662087083.8566477 21.245703125 48.45944765192575 979.838966540647 19 35 37 19 33 37 3489 1026 228 28 0 0
1662087088.9925196 21.23046875 48.500817656319704 979.8558140644087 18 34 36 18 32 36 3375 1000 226 24 0 0
1662087094.1263032 21.235546875 48.59547896924128 979.8655376385021 18 34 36 18 32 36 3375 1000 226 24 0 0
1662087099.2605896 21.240625 48.55995054689182 979.8781005944448 18 34 36 18 32 36 3375 1000 226 24 0 0
1662087104.392495 21.240625 48.42983879537615 979.838966540647 18 33 35 18 32 35 3339 993 219 22 0 0
1662087109.525907 21.240625 48.46553560592231 979.801902013046 18 33 35 18 32 35 3339 993 219 22 0 0
1662087114.6587224 21.25078125 48.29355514110466 979.787124732183 18 33 35 18 32 35 3339 993 219 22 0 0
1662087119.7939355 21.240625 48.31132099484747 979.7884240114208 18 32 35 18 31 35 3312 971 207 24 2 0
1662087124.9260557 21.240625 48.53626472562367 979.8208194721503 18 32 35 18 31 35 3312 971 207 24 2 0
1662087130.06094 21.240625 48.44744142549236 979.8359821142834 18 32 35 18 31 35 3312 971 207 24 2 0
1662087135.195475 21.225390625 48.429676486868594 979.8279434588588 18 32 35 18 31 35 3390 983 207 24 2 0
1662087140.3303938 21.235546875 48.72574667311404 979.8561989792933 17 31 35 17 30 35 3204 962 252 18 4 2
1662087145.4623094 21.235546875 48.648687230726644 979.8460905455266 17 32 34 17 31 34 3204 955 240 16 2 0
1662087150.5958421 21.240625 48.500817656319704 979.8165354098694 17 32 34 17 31 34 3204 955 240 16 2 0
1662087155.7265706 21.215234375 48.32292499102232 979.8110962181183 18 33 35 18 32 35 3204 955 240 16 2 0
1662087160.8567388 21.23046875 48.607321694143685 979.8548990586232 19 33 35 19 32 35 3231 965 245 14 0 0
1662087165.9891818 21.23046875 48.48872888202552 979.8468602080404 19 33 35 19 32 35 3231 965 245 14 0 0
1662087171.1211967 21.235546875 48.48280745378206 979.8797853345626 19 33 35 19 32 35 3231 965 245 14 0 0
1662087176.2560568 21.235546875 48.52442175307903 979.861253197123 18 32 33 18 31 33 3258 981 245 12 0 0
1662087181.3884537 21.235546875 48.49497793926162 979.8477752843123 18 32 33 18 31 33 3258 981 245 12 0 0
1662087186.5209608 21.2609375 48.56028425651058 979.865152584995 18 32 33 18 31 33 3258 981 245 12 0 0
1662087191.6554713 21.25078125 48.560198462240784 979.8499895655129 19 34 36 19 32 36 3429 1037 250 19 2 0
1662087196.789058 21.240625 48.58972355603101 979.8705919389254 19 33 36 19 31 36 3435 1037 253 17 4 0
1662087201.922665 21.2609375 48.38855038211601 979.8563434533172 19 32 35 19 31 35 3351 1008 243 19 4 0
1662087207.0559933 21.255859375 48.548523289974575 979.8512890732445 18 31 34 18 30 34 3282 982 243 21 4 0
1662087212.1897817 21.25078125 48.47153906409597 979.8580282468153 18 32 35 18 31 35 3168 946 243 19 4 0
1662087217.3241365 21.255859375 48.607657591144125 979.8466200063993 19 32 35 19 31 35 3252 977 240 19 4 0
1662087222.4574003 21.255859375 48.6788842635875 979.8247178789948 16 33 34 16 31 34 3210 947 229 19 2 0
1662087227.5890603 21.255859375 48.61349278448893 979.8162939869937 17 34 35 17 32 35 3210 947 229 19 2 0
1662087232.7206233 21.2609375 48.607657591144125 979.8812302252277 17 34 35 17 32 35 3210 947 229 19 2 0
1662087237.8502707 21.25078125 48.50690330414267 979.843250447566 18 33 34 18 32 34 3288 964 203 17 2 0
1662087242.984494 21.255859375 48.43000418087256 979.8610125334392 18 33 34 18 32 34 3288 964 203 17 2 0
1662087248.1170433 21.2609375 48.44776993983465 979.8584134645243 17 32 33 17 31 33 3288 964 203 17 2 0
1662087253.2483766 21.255859375 48.48913806569886 979.8065708468482 17 32 33 17 31 33 3381 995 210 15 2 0
1662087258.3806853 21.245703125 48.583719123104466 979.8326126377632 17 32 33 17 31 33 3381 995 210 15 2 0
1662087263.5156033 21.23046875 48.55402910705242 979.8481601569998 17 32 33 17 31 33 3381 995 210 15 2 0
1662087268.6478944 21.23046875 48.61908104074045 979.804212455399 17 30 32 17 29 32 3396 990 205 13 2 0
1662087273.7817779 21.225390625 48.500571707558585 979.8522989689144 17 30 32 17 29 32 3396 990 205 13 2 0
1662087278.915642 21.225390625 48.45303722144972 979.8371366870941 17 30 32 17 29 32 3396 990 205 13 2 0
1662087284.0499105 21.2203125 48.69005130312105 979.8219744109516 18 31 34 18 30 34 3411 999 213 15 4 2
1662087289.184726 21.225390625 48.78461661970693 979.7983886593485 18 31 34 18 30 34 3411 999 213 15 4 2
1662087294.3165183 21.21015625 48.713482151995606 979.8607224612679 18 31 34 18 30 34 3411 999 213 15 4 2
1662087299.450682 21.205078125 48.618747584922616 979.8484732457927 18 31 35 18 30 35 3489 1030 210 17 6 2
1662087304.5801554 21.2 48.867333956073935 979.8248882460443 18 31 33 18 30 33 3135 953 210 15 2 2
1662087309.7115135 21.18984375 48.96188584007132 979.8501578891576 18 31 33 18 30 33 3135 953 210 15 2 2
1662087314.8456569 21.2 48.69571962185567 979.8615662782831 18 31 33 18 30 33 3135 953 210 15 2 2
1662087319.9796875 21.194921875 48.64826869146742 979.8215189614874 17 30 32 17 30 32 3123 936 206 15 2 2
1662087325.1145554 21.2 48.61282658678398 979.8316268159992 16 29 31 16 29 31 3123 936 206 15 2 2
1662087330.245588 21.205078125 48.73708063618169 979.8282575308817 16 29 31 16 29 31 3123 936 206 15 2 2
1662087335.3743248 21.205078125 48.713482151995606 979.8278731433887 16 29 32 16 29 32 3072 924 208 15 2 2
1662087340.50881 21.2 48.79645814265941 979.8232036037309 17 30 33 17 30 33 3072 924 208 15 2 2
1662087345.6420994 21.205078125 48.73115991208645 979.8379058524662 17 30 33 17 30 33 3072 924 208 15 2 2
1662087350.7752721 21.21015625 48.64843613947791 979.8412751937151 17 31 33 17 30 33 3129 931 203 17 2 2
1662087355.9062681 21.205078125 48.67795699886055 979.82618848738 17 31 33 17 30 33 3129 931 203 17 2 2
1662087361.0350304 21.21015625 48.93855319903525 979.8253438051594 17 31 33 17 30 33 3129 931 203 17 2 2
1662087366.1640904 21.205078125 48.67804105598822 979.8564372328042 17 32 34 17 31 34 3180 953 205 21 2 2
1662087371.293855 21.21015625 48.63667767309882 979.8206744871724 17 32 34 17 31 34 3180 953 205 21 2 2
1662087376.4263167 21.215234375 48.814305953121746 979.8379058524662 17 32 34 17 31 34 3180 953 205 21 2 2
1662087381.5580244 21.2203125 48.70172480348183 979.8354519894644 18 32 35 18 31 35 3231 976 219 21 2 2
1662087386.6928494 21.23046875 48.843823821770094 979.8311671708097 15 29 32 15 29 32 2934 879 207 18 4 0
1662087391.827253 21.2203125 48.70172480348183 979.829482500571 15 29 32 15 29 32 2934 879 207 18 4 0
1662087396.9610856 21.205078125 48.74909180322999 979.8109511325695 16 28 30 16 28 30 2928 881 207 14 2 0
1662087402.0945864 21.2 48.89092932564875 979.8076572759096 16 28 30 16 28 30 2928 881 207 14 2 0
1662087407.2278435 21.194921875 48.808042952573096 979.8013032600336 16 28 30 16 28 30 2928 881 207 14 2 0
1662087412.3566036 21.194921875 48.84931427579077 979.8336956955347 15 27 27 15 27 27 2829 848 188 12 0 0
1662087417.4890034 21.18984375 48.6953824732517 979.8640190314799 15 28 28 15 28 28 2838 862 193 12 0 0
1662087422.6185522 21.184765625 48.7128906071732 979.8492413655913 15 27 27 15 27 27 2790 848 193 10 0 0
1662087427.7512517 21.174609375 48.77226405209535 979.8108794178141 15 30 30 15 30 30 2853 867 215 17 0 0
1662087432.882665 21.164453125 48.81954106546704 979.8167012235883 15 29 29 15 29 29 2859 871 217 17 0 0
1662087438.014346 21.1796875 48.96144898456228 979.7859947100219 15 28 28 15 28 28 2775 847 198 17 0 0
1662087443.147465 21.174609375 48.63592513338945 979.8183857977763 14 28 31 14 28 31 2847 866 212 24 2 0
1662087448.281651 21.174609375 48.75424780913681 979.8520772962546 14 29 32 14 29 32 2838 868 216 24 2 0
1662087453.4159899 21.174609375 48.8906697138207 979.8567474025862 14 28 31 14 28 31 2826 861 216 20 2 0
1662087458.547246 21.1796875 48.87865647571335 979.8651703504121 15 29 31 15 29 31 2910 887 209 20 2 0
1662087463.6777987 21.174609375 49.00880747899036 979.8238233027748 16 32 35 16 31 35 3024 932 230 22 2 0
1662087468.8114128 21.174609375 48.843049860193425 979.8221387419316 20 33 39 20 32 39 3495 1053 226 21 8 0
1662087473.9435427 21.16953125 49.00297556974807 979.8470235696957 18 32 39 18 31 39 3408 1022 231 21 8 0
1662087479.0760884 21.174609375 48.783848750706156 979.8477906442445 18 32 38 18 31 38 3429 1022 229 19 8 0
1662087484.210076 21.174609375 48.914176681067616 979.8668549401877 18 32 38 18 31 38 3429 1022 229 19 8 0
1662087489.3428566 21.174609375 48.949696515060694 979.8268086697677 18 32 38 18 31 38 3429 1022 229 19 8 0
1662087494.4762037 21.174609375 48.93228475355639 979.8567474025862 19 35 43 19 33 43 3558 1074 243 28 12 0
1662087499.6107316 21.184765625 48.91469756163024 979.8703736150028 19 35 43 19 33 43 3558 1074 243 28 12 0
1662087504.7432683 21.18984375 48.96789343291141 979.8467886024981 18 34 42 18 32 42 3558 1074 243 28 12 0
1662087509.872623 21.18984375 48.736826336892186 979.8728259995354 18 32 39 18 31 39 3516 1060 224 26 10 0
1662087515.0049474 21.1796875 48.88483600908902 979.8719087099347 19 32 37 19 31 37 3558 1074 214 19 6 0
1662087520.1368282 21.184765625 48.985391272175235 979.8964106472168 19 32 35 19 31 35 3495 1050 212 15 4 0
1662087525.268418 21.1796875 48.96153637720034 979.8769624803122 19 32 35 19 31 35 3417 1029 216 13 4 0
1662087530.3994973 21.174609375 48.843135898997886 979.863869327345 19 32 35 19 31 35 3426 1036 216 13 4 0
1662087535.5332258 21.174609375 48.96153637720034 979.8567474025862 20 34 37 20 32 37 3441 1052 226 17 4 0
1662087540.6642015 21.164453125 49.00297556974807 979.9056005243671 20 33 36 20 32 36 3492 1054 214 17 4 0
1662087545.7967234 21.159375 48.9613615811561 979.8713743273772 21 34 36 20 32 36 3549 1073 212 19 4 0
1662087550.9315553 21.16953125 49.04441425683194 979.8827829764446 16 26 30 16 26 30 2967 890 190 12 4 2
1662087556.0662625 21.154296875 48.8961566483819 979.8835492618074 17 26 30 17 26 30 2997 894 185 12 4 2
1662087561.1974163 21.154296875 49.07365823019051 979.8734420457403 17 26 30 17 26 30 2997 894 185 12 4 2
1662087566.3294306 21.154296875 49.09742494548186 979.8549121561699 17 26 30 17 26 30 2997 894 185 12 4 2
1662087571.464201 21.154296875 48.93167544961412 979.8612670329243 17 28 32 17 28 32 3060 897 199 12 4 2
1662087576.5963316 21.159375 48.99096037909525 979.8726755977181 17 28 32 17 28 32 3060 897 199 12 4 2
1662087581.729872 21.164453125 49.079666457732586 979.8928903576939 17 28 32 17 28 32 3060 897 199 12 4 2
1662087586.8611114 21.159375 49.126932898617085 979.864636130795 19 30 33 19 30 33 3207 937 208 14 4 2
1662087591.9915981 21.14921875 49.04406083116323 979.8586644074709 19 30 33 19 30 33 3207 937 208 14 4 2
1662087597.1244717 21.144140625 49.055899821718064 979.8852337980637 19 30 33 19 30 33 3207 937 208 14 4 2
1662087602.2560906 21.154296875 49.126932898617085 979.8506249392126 19 30 35 19 30 35 3285 965 213 16 6 2
1662087607.390334 21.159375 49.14460140179851 979.9003946275255 18 29 34 18 29 34 3285 965 213 16 6 2
1662087612.5210123 21.14921875 49.00253612978048 979.8603489291213 18 29 34 18 29 34 3285 965 213 16 6 2
1662087617.654852 21.154296875 49.13895050062254 979.8751265815762 17 30 34 17 29 34 3243 951 213 20 6 2
1662087622.7857187 21.159375 48.973288670061415 979.8498585513952 17 30 34 17 29 34 3243 951 213 20 6 2
1662087627.9199388 21.144140625 49.073569508426765 979.8620334508417 18 31 35 18 30 35 3243 951 213 20 6 2
1662087633.0502584 21.154296875 49.04406083116323 979.8758925627474 18 32 34 18 31 34 3243 982 211 17 2 0
1662087638.1840522 21.154296875 49.22164135733574 979.8519263215703 18 33 35 18 32 35 3249 989 213 21 2 0
1662087643.315863 21.144140625 49.31607265328327 979.8624164948998 18 33 35 18 32 35 3249 989 213 21 2 0
1662087648.4491317 21.144140625 49.16226939529111 979.8618805000007 17 32 34 17 31 34 3249 989 213 21 2 0
1662087653.5802672 21.133984375 49.21517991773382 979.8639475718535 17 31 34 17 30 34 3171 956 215 21 4 0
1662087658.7128634 21.123828125 49.04344192167819 979.8334733072413 17 31 34 17 30 34 3171 956 215 21 4 0
1662087663.8468316 21.123828125 49.11455882078997 979.8714501588464 18 32 35 18 31 35 3171 956 215 21 4 0
1662087668.9803472 21.12890625 49.25060171764989 979.8559078650273 19 32 33 19 31 33 3264 987 197 16 2 0
1662087674.1126316 21.133984375 49.22701749789359 979.8761211509878 19 32 33 19 31 33 3264 987 197 16 2 0
1662087679.2464132 21.12890625 49.274549548727656 979.8964893359583 19 32 33 19 31 33 3264 987 197 16 2 0
1662087684.3801615 21.144140625 49.30432635929293 979.8994756922724 18 32 33 18 31 33 3192 978 206 16 2 0
1662087689.5135398 21.1390625 49.19778419325676 979.8471030355432 18 32 33 18 31 33 3192 978 206 16 2 0
1662087694.647209 21.144140625 49.144422301567815 979.8757387514399 18 32 33 18 31 33 3192 978 206 16 2 0
1662087699.7806063 21.133984375 49.292214731151304 979.8858454795327 18 31 33 18 30 33 3147 964 199 16 4 0
1662087704.9138343 21.133984375 49.3037779008391 979.90269003196 18 31 33 18 30 33 3147 964 199 16 4 0
1662087710.047718 21.133984375 49.19760385323591 979.8841610246754 18 31 33 18 30 33 3147 964 199 16 4 0
1662087715.1802578 21.123828125 49.23894570748196 979.849552611789 20 29 34 20 29 34 3477 1021 214 10 6 0
1662087720.3139904 21.113671875 49.25069253445444 979.8512370380652 20 30 34 20 30 34 3429 1013 219 12 6 0
1662087725.4472961 21.11875 49.44581917901911 979.8836232761251 20 30 34 20 30 34 3429 1013 219 12 6 0
1662087730.5809076 21.113671875 49.303869337499535 979.8785700341764 20 30 34 20 30 34 3429 1013 219 12 6 0
1662087735.7142205 21.123828125 49.26844870358622 979.8461837594466 20 31 35 20 30 35 3507 1034 207 16 6 0
1662087740.8468356 21.123828125 49.37479928244723 979.8663968777051 21 33 36 20 32 36 3621 1062 223 16 4 0
1662087745.9800668 21.12890625 49.11464807017993 979.874054297003 20 33 34 20 32 34 3522 1026 225 12 0 0
1662087751.113829 21.123828125 49.321716654067444 979.8841610246754 19 32 32 19 31 32 3501 1019 232 12 0 0
1662087756.2482977 21.123828125 49.21527031770115 979.8471030355432 18 32 34 18 31 34 3474 1021 249 14 2 0
1662087761.3812141 21.1390625 49.250874135761364 979.8461837594466 18 32 34 18 31 34 3438 1023 244 14 2 0
1662087766.5143645 21.1390625 49.268812675257664 979.838297962343 18 32 34 18 31 34 3366 1023 239 18 2 0
1662087771.6484227 21.133984375 49.31033671026488 979.8556784626579 19 33 35 19 32 35 3324 1013 232 16 2 0
1662087776.781323 21.144140625 49.20370329015144 979.8843151074294 19 33 35 19 32 35 3288 1006 239 16 4 0
1662087781.9152114 21.144140625 49.26289369181886 979.8590474786388 20 34 36 20 32 36 3450 1058 239 14 4 0
1662087787.0451934 21.1390625 49.36943381564934 979.8770407100335 19 32 34 19 31 34 3336 1021 230 10 4 0
1662087792.1798744 21.1390625 49.37526041851978 979.8450358288435 19 31 33 19 30 33 3393 1028 216 10 4 0
1662087797.3143413 21.133984375 49.227198557775914 979.8538408492263 17 27 31 17 27 31 2958 889 191 15 6 2
1662087802.4464028 21.1390625 49.13249459564254 979.8471030355432 17 27 31 17 27 31 2994 892 187 15 6 2
1662087807.580567 21.1390625 49.233208049211264 979.8433513621131 16 26 30 16 26 30 2994 892 187 15 6 2
1662087812.7144673 21.133984375 49.274549548727656 979.9062137318024 16 26 30 16 26 30 2994 892 187 15 6 2
1662087817.84828 21.12890625 49.540792462558265 979.920454650824 16 25 29 16 25 29 3009 890 168 15 6 2
1662087822.9818819 21.12890625 49.351493501204544 979.8458012258311 16 26 30 16 26 30 3045 902 173 15 6 2
1662087828.1148055 21.123828125 49.51110704585869 979.850854545114 18 27 31 18 27 31 3117 916 177 17 6 2
1662087833.2482793 21.123828125 49.481608938567504 979.849552611789 18 29 33 18 29 33 3186 947 198 17 6 2
1662087838.3829737 21.123828125 49.345482919430324 979.8377616298168 19 28 30 19 28 30 3270 963 186 10 2 0
1662087843.5163407 21.113671875 49.48724676622138 979.8520016942239 19 31 32 19 30 32 3333 985 208 14 2 0
1662087848.6504378 21.10859375 49.25060171764989 979.8557526288711 19 32 34 19 31 34 3321 981 225 18 2 0
1662087853.7849743 21.10859375 49.528767856255165 979.8991648993468 20 32 34 20 31 34 3420 1009 227 18 2 0
1662087858.9192057 21.0982421875 49.374430179781854 979.8565165713562 19 33 36 19 32 36 3426 1004 236 18 4 0
1662087864.055397 21.0982421875 49.338921298765825 979.8619514134301 19 32 35 19 31 35 3291 985 231 16 4 0
1662087869.1905186 21.1033203125 49.670514424583985 979.8548322127131 19 32 36 19 31 36 3270 985 238 16 6 2
1662087874.3246503 21.0931640625 49.350757633685056 979.871294008 20 33 36 20 32 36 3348 1009 233 18 4 2
1662087879.4584918 21.0931640625 49.445446828138834 979.8778734820396 19 31 35 19 30 35 3273 989 219 14 4 0
1662087884.5930316 21.0931640625 49.36259392735707 979.8699914430244 19 31 35 19 30 35 3273 989 219 14 4 0
1662087889.726813 21.0931640625 49.70573240942783 979.8619514134301 19 31 35 19 30 35 3273 989 219 14 4 0
1662087894.8604796 21.0931640625 49.457189541856835 979.8443440511531 20 32 34 20 31 34 3351 1008 221 12 2 0
1662087899.9941041 21.0982421875 49.42177477700874 979.9075869060423 20 32 34 20 31 34 3351 1008 221 12 2 0
1662087905.127121 21.0931640625 49.2263834491307 979.8467923082628 20 32 34 20 31 34 3351 1008 221 12 2 0
1662087910.2614925 21.1033203125 49.38626639095941 979.8750445210561 20 32 35 20 31 35 3408 1017 223 12 2 0
1662087915.395451 21.0931640625 49.74104402054964 979.8636357587989 19 31 34 19 30 34 3408 1017 223 12 2 0
1662087920.5243623 21.0931640625 49.41576396216078 979.8370681004454 19 31 34 19 30 34 3408 1017 223 12 2 0
1662087925.658915 21.0931640625 49.44563302511276 979.8548322127131 19 31 33 19 30 33 3387 1010 221 12 2 0
1662087930.7934644 21.0880859375 49.563710140972056 979.8821635624813 19 31 33 19 30 33 3387 1010 221 12 2 0
1662087935.9268725 21.0931640625 49.451457986681845 979.8649383656234 19 31 33 19 30 33 3387 1010 221 12 2 0
1662087941.061492 21.0982421875 49.48086107482862 979.8299488647332 19 30 33 19 29 33 3357 1010 207 14 2 0
1662087946.1958292 21.1033203125 49.64674800582154 979.8587392915925 19 30 34 19 29 34 3378 1012 200 19 4 0
1662087951.3296561 21.1033203125 49.49307133879341 979.8355400044663 20 32 35 20 31 35 3405 1019 212 17 2 0
1662087956.4639285 21.1033203125 49.72386989017523 979.8245137691165 20 32 35 20 31 35 3363 1010 214 19 2 0
1662087961.5979168 21.1033203125 49.4397148924583 979.8288024652403 18 31 36 18 30 36 3036 938 239 18 8 4
1662087966.7320302 21.1033203125 49.48705966495026 979.8409753078085 18 31 36 18 30 36 3036 938 239 18 8 4
1662087971.8654222 21.1033203125 49.4397148924583 979.8325534506731 18 31 38 18 30 38 3051 933 242 22 10 4
1662087976.998972 21.1033203125 49.67032308505343 979.8245137691165 18 31 38 18 30 38 3051 933 242 22 10 4
1662087982.132027 21.0931640625 49.58747567015255 979.8548322127131 18 31 38 18 30 38 3051 933 242 22 10 4
1662087987.2666833 21.0880859375 49.4397148924583 979.8417392744682 18 31 38 18 30 38 3114 949 240 22 10 4
1662087992.4005926 21.0830078125 49.64073495460447 979.8413573460897 18 31 38 18 30 38 3114 949 240 22 10 4
1662087997.5344255 21.0880859375 49.504626234137646 979.8164741149542 18 31 38 18 30 38 3114 949 240 22 10 4
1662088002.6684313 21.0880859375 49.61105155706445 979.8097367417462 18 32 39 18 31 39 3156 959 242 26 10 4
1662088007.802941 21.0880859375 49.741237048500494 979.8033814998911 18 32 39 18 31 39 3156 959 242 26 10 4
1662088012.9378295 21.0830078125 49.551685986226595 979.8438054239194 18 32 39 18 31 39 3156 959 242 26 10 4
1662088018.0721858 21.0779296875 49.64054424862149 979.8256596311885 18 31 37 18 30 37 3204 952 223 22 8 4
1662088023.2046618 21.0779296875 49.72920945273736 979.8290282646954 18 31 37 18 30 37 3204 952 223 22 8 4
1662088028.3383343 21.0728515625 49.58690343072464 979.8428844002103 18 31 37 18 30 37 3204 952 223 22 8 4
1662088033.4725766 21.0677734375 49.693609512979684 979.8150145737759 19 31 35 19 30 35 3234 954 211 20 6 2
1662088038.600315 21.0779296875 49.6462708756393 979.7990925243229 None None None None None None None None None None None None
1662088043.7346978 21.0677734375 49.628518716507465 979.8078958086735 19 28 31 19 28 31 3327 989 192 9 4 0
1662088048.8702874 21.0626953125 49.65791072144828 979.8170803352242 19 28 31 19 28 31 3327 989 192 9 4 0
1662088054.0018156 21.0626953125 49.75258479955495 979.8473970633886 19 28 31 19 28 31 3327 989 192 9 4 0
1662088059.1331775 21.0626953125 49.758405075988925 979.8204488594548 18 28 30 18 28 30 3219 958 197 13 4 0
1662088064.2655375 21.0677734375 49.66382792865779 979.8331601486124 18 28 30 18 28 30 3219 958 197 13 4 0
1662088069.3974867 21.0728515625 49.65209271539777 979.8398973085916 18 28 30 18 28 30 3219 958 197 13 4 0
1662088074.531015 21.0677734375 49.84735776824241 979.8365287284619 18 29 31 18 29 31 3204 961 197 15 4 0
1662088079.6644306 21.0626953125 49.81767169716203 979.8335416088402 18 29 31 18 29 31 3204 961 197 15 4 0
1662088084.7974432 21.0626953125 49.936008314775655 979.8026848657457 18 29 31 18 29 31 3204 961 197 15 4 0
1662088089.9297986 21.0576171875 49.86490885550723 979.8271859087567 18 28 29 18 28 29 3117 949 195 10 2 0
1662088095.0640934 21.0626953125 49.88275734721327 979.8204488594548 18 28 29 18 28 29 3117 949 195 10 2 0
1662088100.1960402 21.0525390625 49.65791072144828 979.826422989754 18 28 29 18 28 29 3117 949 195 10 2 0
1662088105.3310566 21.0677734375 49.79400387874112 979.8221331216753 18 27 29 18 27 29 3111 944 183 10 2 0
1662088110.4622314 21.0525390625 49.669649374630076 979.8258829545525 18 27 29 18 27 29 3111 944 183 10 2 0
1662088115.5942874 21.0525390625 49.89459096773312 979.8376726981572 18 27 29 18 27 29 3111 944 183 10 2 0
1662088120.7282546 21.0576171875 49.79371233120015 979.8288701712574 17 29 30 17 29 30 3150 969 207 15 2 0
1662088125.8583126 21.0576171875 49.711165215160214 979.831857332575 17 29 30 17 29 30 3150 969 207 15 2 0
1662088130.988638 21.0576171875 49.69341381004965 979.8541341171746 17 29 30 17 29 30 3150 969 207 15 2 0
1662088136.1191409 21.0576171875 49.94182617433232 979.829251452375 16 27 28 16 27 28 3015 919 183 15 2 0
1662088141.2485688 21.0576171875 49.79972635923958 979.8612521956652 16 27 28 16 27 28 3015 919 183 15 2 0
1662088146.3798745 21.0525390625 49.7585018417984 979.8679891974751 16 27 28 16 27 28 3015 919 183 15 2 0
1662088151.5103257 21.0525390625 49.900310972739604 979.8266452413584 16 28 30 16 28 30 3021 915 178 22 4 0
1662088156.6444488 21.0576171875 49.734544093125905 979.8380538016198 16 28 30 16 28 30 3006 915 180 22 4 0
1662088161.7710977 21.0474609375 49.959477000608175 979.8434874621862 16 27 29 16 27 29 2955 904 166 22 4 0
1662088166.90311 21.0525390625 49.74055754769636 979.8861351379649 16 26 27 16 26 27 2907 887 169 15 2 0
1662088172.031992 21.0626953125 49.799823609408755 979.8406600107238 15 25 27 15 25 27 2808 856 167 17 4 0
1662088177.1649501 21.0677734375 49.764616231686965 979.8385944380564 16 25 27 16 25 27 2907 878 160 15 4 0
1662088182.298956 21.0677734375 49.78236767936942 979.8490813267299 17 25 28 17 25 28 2964 894 151 11 4 0
1662088187.4327946 21.0626953125 49.776252906666464 979.855437206664 17 26 28 17 26 28 3012 911 144 11 4 0
1662088192.5638912 21.0626953125 49.89449264587358 979.850384375346 17 26 28 17 26 28 3021 918 142 9 4 0
1662088197.6958861 21.0626953125 49.8766442729148 979.8520686523818 16 26 29 16 26 29 3129 947 163 11 4 0
1662088202.83013 21.0626953125 49.85899206650354 979.8807013727114 20 32 35 20 31 35 3555 1060 227 12 2 0
1662088207.9651072 21.0525390625 49.88847764344701 979.8709767565431 20 32 35 20 31 35 3555 1060 227 12 2 0
1662088213.100258 21.0474609375 49.83532480738733 979.8326199504777 20 32 35 20 31 35 3555 1060 227 12 2 0
1662088218.23474 21.0474609375 49.89429596985717 979.8569612438921 19 31 36 19 30 36 3468 1036 229 19 4 0
1662088223.368926 21.0525390625 49.85899206650354 979.876791243026 19 31 36 19 30 36 3468 1036 229 19 4 0
1662088228.5025167 21.0525390625 49.9534614243206 979.8738034773298 19 31 36 19 30 36 3468 1036 229 19 4 0
1662088233.6376698 21.0423828125 49.8113651945724 979.8442490383935 18 31 37 18 30 37 3510 1053 241 21 4 0
1662088238.7710054 21.0271484375 49.95908058583684 979.849301624682 18 31 37 18 30 37 3510 1053 241 21 4 0
1662088243.9055514 21.0322265625 49.84666939288277 979.852670015891 18 31 37 18 30 37 3510 1053 241 21 4 0
1662088249.0406456 21.0322265625 50.07158846238491 979.8429454799519 19 32 38 19 31 38 3594 1083 236 23 6 0
1662088254.1753733 21.0373046875 50.01834267312186 979.8459332337529 20 33 39 20 32 39 3594 1083 236 23 6 0
1662088259.3103735 21.0220703125 49.94705000255347 979.8383447156352 20 33 39 20 32 39 3594 1083 236 23 6 0
1662088264.4414825 21.0220703125 49.98856239133322 979.8535021030925 20 32 38 20 31 38 3543 1050 231 23 6 0
1662088269.5777242 21.0220703125 50.00039469361345 979.8535021030925 20 32 38 20 31 38 3543 1050 231 23 6 0
1662088274.71219 21.0119140625 50.04752316746036 979.8420933426485 20 32 38 20 31 38 3543 1050 231 23 6 0
1662088279.8432407 21.0068359375 49.887494401592875 979.8424735519657 18 33 39 18 32 39 3360 1008 233 32 6 0
1662088284.9737468 21.0068359375 50.05915435641851 979.8230244488238 19 26 28 19 26 28 3207 944 164 8 2 0
1662088290.106981 21.0068359375 49.97031736959232 979.8593148242521 18 25 27 18 25 27 3207 944 164 8 2 0
1662088295.2419553 21.0017578125 50.01192767175256 979.8639871741912 17 26 26 17 26 26 3171 935 176 6 0 0
1662088300.3746934 21.0119140625 49.964500762389356 979.8593148242521 17 26 26 17 26 26 3171 935 176 6 0 0
1662088305.5065064 21.0169921875 49.994179873545754 979.8703436513662 17 26 26 17 26 26 3171 935 176 6 0 0
1662088310.637966 21.0119140625 50.02385939271098 979.8297608451026 18 27 27 18 27 27 3114 921 172 8 0 0
1662088315.7692106 21.0119140625 50.04130687704378 979.8353567814785 18 27 27 18 27 27 3114 921 172 8 0 0
1662088320.9039056 21.0119140625 50.15400811279877 979.8495901052802 18 27 27 18 27 27 3114 921 172 8 0 0
1662088326.0378711 21.0169921875 50.08291793685842 979.8602387215614 18 25 25 18 25 25 2949 879 158 8 0 0
1662088331.1691093 21.0119140625 50.0889343764041 979.8563265602581 18 25 25 18 25 25 2949 879 158 8 0 0
1662088336.3027105 21.0017578125 50.27803068583372 979.8626830795499 18 25 25 18 25 25 2949 879 158 8 0 0
1662088341.4337118 21.0068359375 50.023659567890945 979.8357370450125 17 25 25 17 25 25 2949 884 149 8 0 0
1662088346.5660505 21.0068359375 50.19511238459593 979.8428536514227 17 25 25 17 25 25 2949 884 149 8 0 0
1662088351.6981554 21.0017578125 49.94665387060048 979.85839054179 17 25 25 17 25 25 2949 884 149 8 0 0
1662088356.8330626 21.0119140625 49.90524235052435 979.8812084886964 18 26 26 18 26 26 3033 919 161 8 0 0
1662088361.9666896 21.0068359375 50.08863239074135 979.8479059917107 18 26 26 18 26 26 3033 919 161 8 0 0
1662088367.0978441 21.0119140625 50.118210501807205 979.8260125216825 17 29 31 17 29 31 3072 906 185 16 2 2
1662088372.229631 21.0119140625 50.26619989366462 979.8508941872334 17 29 31 17 29 31 3072 906 185 16 2 2
1662088377.3632593 21.0068359375 50.106379288303486 979.8407894251224 17 29 31 17 29 31 3072 906 185 16 2 2
1662088382.4984214 21.0068359375 50.22468956798294 979.8415495412869 18 31 32 18 30 32 3249 954 183 21 2 0
1662088387.6336057 21.0017578125 50.153906717610084 979.8677354630221 18 31 32 18 30 32 3249 954 183 21 2 0
1662088392.7688143 20.9916015625 50.09444728250791 979.8600746422256 18 31 32 18 30 32 3249 954 183 21 2 0
1662088397.8985817 20.9916015625 50.25997654716399 979.8533382409037 16 30 33 16 30 33 3120 912 200 25 4 0
1662088403.0303175 20.9966796875 50.21856979811286 979.8520339527224 16 30 33 16 30 33 3120 912 200 25 4 0
1662088408.1621308 20.9865234375 50.07068442867372 979.8668110446683 16 30 33 16 30 33 3120 912 200 25 4 0
1662088413.2921567 20.9865234375 50.25416391633352 979.8621384733806 17 30 32 17 30 32 3111 905 197 27 4 0
1662088418.4264376 20.9865234375 50.188687642714655 979.8397003645487 17 30 32 17 30 32 3111 905 197 27 4 0
1662088423.5605786 20.9712890625 50.295261488948334 979.844752500895 17 30 32 17 30 32 3111 905 197 27 4 0
1662088428.691723 20.9814453125 50.33054439338807 979.854856775479 17 30 33 17 30 33 3162 923 201 25 4 0
1662088433.8253145 20.9814453125 50.14136623646503 979.8262280040402 17 30 33 17 30 33 3162 923 201 25 4 0
1662088438.9574547 20.9814453125 50.30097016671549 979.8434479092797 17 30 33 17 30 33 3162 923 201 25 4 0
1662088444.0892751 20.9814453125 50.27710476413616 979.8653403302856 17 30 33 17 30 33 3198 925 201 25 4 0
1662088449.2236018 20.9763671875 50.18889138472228 979.8397003645487 20 30 32 20 30 32 3390 1007 188 14 2 2
1662088454.3559406 20.9814453125 50.40173011945818 979.844752500895 19 29 31 19 29 31 3318 981 172 14 2 2
1662088459.4878383 20.9712890625 50.182772503005715 979.8498046378719 19 28 31 19 28 31 3213 953 179 14 4 2
1662088464.6232102 20.9763671875 50.253856119700586 979.8784334259802 19 29 32 19 29 32 3255 977 188 14 4 2
1662088469.7559366 20.9814453125 50.42518018731141 979.8687083961061 19 28 31 19 28 31 3306 1001 181 12 4 2
1662088474.888035 20.9814453125 50.25956581651664 979.8582248675672 18 27 29 18 27 29 3201 977 160 10 4 2
1662088480.0227704 20.9712890625 50.31871473363741 979.83801631924 18 26 28 18 26 28 3129 965 150 8 4 2
1662088485.1544497 20.9712890625 50.324733011464666 979.8387751985287 18 27 30 18 27 30 3198 984 169 8 4 2
1662088490.2863522 20.9662109375 50.4249709699282 979.8269870730848 19 28 29 19 28 29 3078 958 173 6 2 0
1662088495.4197695 20.9763671875 50.25354822618369 979.8354071623373 20 29 30 20 29 30 3192 989 184 6 2 0
1662088500.5536287 20.9712890625 50.34839251905161 979.8387751985287 20 29 30 20 29 30 3192 989 184 6 2 0
1662088505.6873608 20.9662109375 50.271189981931 979.8387751985287 20 29 30 20 29 30 3192 989 184 6 2 0
1662088510.8199143 20.9712890625 50.324629568665806 979.8266075934837 20 29 31 20 29 31 3255 991 191 8 2 0
1662088515.9551153 20.9712890625 50.448838723547254 979.8556153836875 20 29 31 20 29 31 3255 991 191 8 2 0
1662088521.085313 20.9611328125 50.365825260535274 979.8434479092797 20 29 31 20 29 31 3255 991 191 8 2 0
1662088526.2173839 20.9611328125 50.371739877850004 979.8660985561644 19 29 31 19 29 31 3183 979 198 8 2 0
1662088531.348688 20.9458984375 50.38927521908844 979.8327976747867 15 27 33 15 27 33 2934 852 196 25 8 0
1662088536.482443 20.9662109375 50.200313835588354 979.8079171337354 15 27 33 15 27 33 2934 852 196 25 8 0
1662088541.6161494 20.9560546875 50.32431917568094 979.845890492419 15 27 33 15 27 33 2934 852 196 25 8 0
1662088546.7489738 20.9611328125 50.38927521908844 979.8112850862219 16 27 34 16 27 34 3102 892 184 28 8 2
1662088551.8813593 20.9560546875 50.37153183476917 979.8445856119461 16 27 34 16 27 34 3102 892 184 28 8 2
1662088557.0149632 20.9509765625 50.35378835770329 979.8386076751315 16 27 34 16 27 34 3102 892 184 28 8 2
1662088562.1471303 20.9509765625 50.29464276431369 979.8462696032491 16 27 34 16 27 34 3060 897 189 30 8 2
1662088567.280917 20.9408203125 50.34154445878466 979.8389865242336 16 27 34 16 27 34 3060 897 189 30 8 2
1662088572.4125519 20.9306640625 50.578106531002206 979.8279564321451 16 27 34 16 27 34 3060 897 189 30 8 2
1662088577.5442216 20.9205078125 50.20541161488789 979.8013925088212 15 26 31 15 26 31 3024 887 180 21 6 2
1662088582.67947 20.9255859375 50.5070340042266 979.7937304382342 16 27 32 16 27 32 3024 887 180 21 6 2
1662088587.8111112 20.9205078125 50.61326882716802 979.8320813427151 16 27 32 16 27 32 3024 887 180 21 6 2
1662088592.943755 20.91015625 50.28821258657904 979.8156208919049 17 27 32 17 27 32 3039 885 184 23 6 2
1662088598.0759244 20.9205078125 50.53068952877419 979.8502258718348 17 27 32 17 27 32 3039 885 184 23 6 2
1662088603.2099738 20.9255859375 50.518861787108385 979.8173047734468 17 27 32 17 27 32 3039 885 184 23 6 2
1662088608.3443909 20.9255859375 50.40058210357086 979.8447956629294 16 27 34 16 27 34 3024 877 177 30 8 2
1662088613.47764 20.9255859375 50.43617126608462 979.8266511375098 18 32 34 18 31 34 3171 970 217 20 2 2
1662088618.606663 20.9255859375 50.56015244700243 979.8350706839072 18 32 34 18 31 34 3171 970 217 20 2 2
1662088623.742159 20.9255859375 50.60746204835712 979.8085068089267 18 32 34 18 31 34 3171 970 217 20 2 2
1662088628.875764 20.9205078125 50.566172506475645 979.826272509452 18 32 34 18 31 34 3156 968 217 20 2 2
1662088634.0094755 20.9205078125 50.524563952599344 979.8012228822968 18 32 34 18 31 34 3156 968 217 20 2 2
1662088639.1435328 20.9255859375 50.64896467855268 979.8388169263184 18 32 34 18 31 34 3156 968 217 20 2 2
1662088644.2764194 20.9255859375 50.648857408595006 979.7997086008022 18 31 34 18 30 34 3162 961 210 20 2 2
1662088649.410239 20.9255859375 50.36499337091968 979.8502258718348 18 31 34 18 30 34 3162 961 210 20 2 2
1662088654.5438411 20.9205078125 50.524881502193914 979.8135584935833 18 31 34 18 30 34 3162 961 210 20 2 2
1662088659.6744678 20.9306640625 50.566597691797256 979.8369237112865 18 31 34 18 30 34 3183 961 224 18 2 2
1662088664.809272 20.9509765625 50.554769532782885 979.8285038931122 18 31 34 18 30 34 3183 961 224 18 2 2
1662088669.943723 20.9408203125 50.56100219053701 979.8318718201718 18 31 34 18 30 34 3183 961 224 18 2 2
1662088675.078338 20.9662109375 50.41895188815622 979.8163370154768 18 30 32 18 30 32 3153 949 222 14 2 2
1662088680.2137167 20.9560546875 50.484115648755925 979.8015604867201 18 30 32 18 30 32 3153 949 222 14 2 2
1662088685.3490343 20.9662109375 50.45454343816271 979.8125897904971 18 30 32 18 30 32 3153 949 222 14 2 2
1662088690.4841547 20.9611328125 50.66165082093603 979.8260617122361 18 31 33 18 30 33 3183 944 232 16 2 2
1662088695.6171143 20.9611328125 50.36022221100692 979.8151989510725 16 31 35 16 30 35 3063 943 227 26 8 0
1662088700.7489235 20.9662109375 50.29484904891772 979.7940659054248 17 32 36 17 31 36 3063 943 227 26 8 0
1662088705.8819973 20.9662109375 50.51949625449213 979.8361656564819 17 32 36 17 31 36 3063 943 227 26 8 0
1662088711.0152242 20.9611328125 50.626165586596535 979.8193257508063 17 31 35 17 30 35 3090 950 213 26 8 0
1662088716.149317 20.9712890625 50.39571103952018 979.8404592167294 17 30 33 17 30 33 3027 940 201 24 6 0
1662088721.2839696 20.9662109375 50.34818508161999 979.845890492419 16 30 34 16 30 34 2949 912 206 31 6 0
1662088726.4179316 20.9662109375 50.58476567761587 979.8155784157109 16 29 31 16 29 31 2922 900 187 24 4 0
1662088731.5527015 20.9712890625 50.49626070541421 979.8030311631359 17 30 32 17 30 32 3066 934 194 24 2 0
1662088736.6862435 20.9662109375 50.277207687384085 979.8135149339224 18 32 35 18 31 35 3279 1004 196 27 4 0
1662088741.8203797 20.9662109375 50.52551631074904 979.8341024598916 18 31 34 18 30 34 3228 987 193 25 4 0
1662088746.9542263 20.9662109375 50.47239195054253 979.7805939943313 18 32 34 18 31 34 3249 997 198 23 2 0
1662088752.0881615 20.9560546875 50.41314191049483 979.815032187675 18 32 34 18 31 34 3249 1002 191 27 2 0
1662088757.2218597 20.9560546875 50.424866345089896 979.8015604867201 18 31 33 18 30 33 3162 964 184 27 2 0
1662088762.355776 20.9611328125 50.73240390477813 979.7940659054248 18 33 34 18 32 34 3234 986 195 27 2 0
1662088767.4894989 20.9509765625 50.448628965127114 979.8344816655991 19 34 36 19 32 36 3375 1029 200 31 2 0
1662088772.6229873 20.9611328125 50.39529395736738 979.8348607614715 20 34 36 20 32 36 3489 1064 197 26 2 0
1662088777.7557888 20.9509765625 50.726489983726076 979.831113684044 18 30 32 18 29 32 3351 1004 202 16 4 0
1662088782.8896954 20.9560546875 50.697027959455944 979.8028652055307 18 30 32 18 29 32 3351 1004 202 16 4 0
1662088788.0236018 20.9662109375 50.34808134675719 979.8008018626523 17 29 33 17 29 33 3339 999 200 16 6 0
1662088793.155757 20.9509765625 50.54885543781829 979.7611454107479 18 30 34 18 30 34 3339 999 200 16 6 0
1662088798.290549 20.9611328125 50.47218162956431 979.7826574990156 18 30 34 18 30 34 3339 999 200 16 6 0
1662088803.424541 20.9560546875 50.74412342868491 979.8167161506095 19 30 34 19 30 34 3369 1020 195 20 6 0
1662088808.5589337 20.9408203125 50.65520027600184 979.8268199296875 18 29 33 18 29 33 3369 1020 195 20 6 0
1662088813.6927965 20.9306640625 50.67864041929326 979.7909101490707 18 29 33 18 29 33 3369 1020 195 20 6 0
1662088818.826834 20.9306640625 50.69638138457054 979.799329755884 17 29 33 17 29 33 3285 1006 193 22 6 0
1662088823.9604845 20.9306640625 50.43025716791013 979.8077493644481 17 29 33 17 29 33 3285 1006 193 22 6 0
1662088829.0943613 20.9255859375 50.68444641977441 979.8060654425952 17 29 33 17 29 33 3285 1006 193 22 6 0
1662088834.2273448 20.9154296875 50.75551726571959 979.8064442332984 17 27 31 17 27 31 3177 969 174 22 6 0
1662088839.361143 20.9205078125 50.81454296395608 979.7768916357712 17 27 31 17 27 31 3177 969 174 22 6 0
1662088844.4945934 20.9205078125 50.55423870046617 979.8021498420917 17 27 31 17 27 31 3177 969 174 22 6 0
1662088849.6280246 20.91015625 50.66659812271196 979.8004659611802 17 27 31 17 27 31 3156 967 171 20 6 0
1662088854.7619483 20.91015625 50.77895382529986 979.8085068089267 17 27 31 17 27 31 3156 967 171 20 6 0
1662088859.89615 20.91015625 50.83217364930439 979.7987820803386 15 23 24 15 23 24 2706 823 170 4 2 0
1662088865.0294108 20.91015625 50.76712708440192 979.7991606093569 15 24 26 15 24 26 2793 840 177 8 4 0
1662088870.161765 20.9205078125 50.57778715553573 979.8290919462002 15 24 26 15 24 26 2793 840 177 8 4 0
1662088875.2943819 20.82890625 50.589721025127325 979.8058960789283 15 24 26 15 24 26 2793 840 177 8 4 0
1662088880.4254482 20.9205078125 50.69616577349832 979.7731450339799 15 24 26 15 24 26 2799 845 182 8 4 0
1662088885.5594504 20.9306640625 50.64896467855268 979.809433286371 15 24 26 15 24 26 2799 845 182 8 4 0
1662088890.6928985 20.9306640625 50.69627358441634 979.8017712303654 15 24 26 15 24 26 2799 845 182 8 4 0
1662088895.8268416 20.9154296875 50.79099829980579 979.8296403549085 15 23 26 15 23 26 2778 828 167 10 4 0
1662088900.961264 20.91015625 50.58380733010987 979.833765238511 15 23 26 15 23 26 2778 828 167 10 4 0
1662088906.0948822 20.9205078125 50.66659812271196 979.7963407849743 15 23 26 15 23 26 2778 828 167 10 4 0
1662088911.2285779 20.9306640625 50.54832494362614 979.7862373391712 15 23 27 15 23 27 2826 847 165 12 6 0
1662088916.3625042 20.91015625 50.71992779005221 979.8156208919049 16 24 28 16 24 28 2826 847 165 12 6 0
1662088921.4915807 20.9306640625 50.71401425409924 979.8068229141813 16 24 28 16 24 28 2826 847 165 12 6 0
1662088926.6249855 20.9306640625 50.63703021433156 979.7845534317826 17 25 29 17 25 29 2895 878 172 12 6 0
1662088931.7576458 20.9357421875 50.69638138457054 979.7744499889205 17 25 29 17 25 29 2895 878 172 12 6 0
1662088936.8916202 20.9205078125 50.78519362353604 979.8043815208125 17 25 29 17 25 29 2895 878 172 12 6 0
1662088942.0252278 20.9255859375 50.66692050887905 979.826272509452 18 30 33 18 30 33 3192 949 208 18 4 2
1662088947.1592028 20.91015625 50.702079272744314 979.8072014852464 18 29 33 18 29 33 3219 946 191 20 4 2
1662088952.2949078 20.91015625 50.778845056974056 979.822734757759 18 29 33 18 29 33 3219 946 191 20 4 2
1662088957.4282966 20.91015625 50.530265794226175 979.7836271559162 18 29 33 18 29 33 3219 946 191 20 4 2
1662088962.5622795 20.9154296875 50.8143246266872 979.7950356529245 18 29 32 18 29 32 3303 974 181 20 4 2
1662088967.6953359 20.9205078125 50.766909807450716 979.8004659611802 18 29 32 18 29 32 3303 974 181 20 4 2
1662088972.8289413 20.9154296875 50.76701845130813 979.8219779694109 18 29 32 18 29 32 3303 974 181 20 4 2
1662088977.9622915 20.905078125 50.68401565247402 979.8126315496204 18 29 34 18 29 34 3318 981 179 20 6 4
1662088983.0957456 20.905078125 50.831736077290735 979.7911197609421 18 29 34 18 29 34 3318 981 179 20 6 4
1662088988.2291546 20.9 50.701755572550596 979.7843843481061 18 29 34 18 29 34 3318 981 179 20 6 4
1662088993.363091 20.905078125 50.79023589956259 979.814693714691 18 29 33 18 29 33 3198 955 191 20 6 4
1662088998.4962087 20.9 50.70756086942584 979.8348999716853 18 29 33 18 29 33 3198 955 191 20 6 4
1662089003.6296513 20.9 50.872907006403445 979.7943164099279 18 29 33 18 29 33 3198 955 191 20 6 4
1662089008.7623987 20.9 50.997073316615555 979.8322882554303 19 28 32 19 28 32 3240 960 179 18 4 2
1662089013.8974779 20.874609375 51.01469945270127 979.7896429776828 19 28 32 19 28 32 3240 960 179 18 4 2
1662089019.028977 20.8796875 50.76614899906697 979.8257575188538 19 28 32 19 28 32 3240 960 179 18 4 2
1662089024.1608737 20.864453125 50.979113276291194 979.8190224801963 16 25 26 16 25 26 2775 814 171 12 0 0
1662089029.2943292 20.854296875 50.78355624783195 979.8399819749741 15 24 25 15 24 25 2775 814 171 12 0 0
1662089034.4272783 20.854296875 50.86633074031707 979.8046235920027 15 24 25 15 24 25 2775 814 171 12 0 0
1662089039.560097 20.84921875 50.88384762823584 979.8087455070437 15 25 26 15 25 26 2781 828 173 14 0 0
1662089044.6892805 20.84921875 50.90738604098488 979.8066846179343 16 26 27 16 26 27 2781 828 173 14 0 0
1662089049.8233242 20.859375 51.037450115843 979.7960300997703 16 26 27 16 26 27 2781 828 173 14 0 0
1662089054.9552195 20.844140625 50.83676865334302 979.8353078392171 17 25 28 17 25 28 2796 835 171 16 2 0
1662089060.0900722 20.84921875 50.806878568620924 979.8121129168247 17 25 28 17 25 28 2796 835 171 16 2 0
1662089065.2222006 20.859375 50.95523727634172 979.8409113599294 16 24 27 16 24 27 2796 835 171 16 2 0
1662089070.3526933 20.864453125 50.87235309576822 979.846339829951 16 25 28 16 25 28 2859 852 174 18 2 0
1662089075.4830303 20.859375 50.85472545791182 979.8337989256814 16 25 28 16 25 28 2859 852 174 18 2 0
1662089080.6134028 20.86953125 50.848812905291666 979.8182673402988 17 26 29 17 26 29 2859 852 174 18 2 0
1662089085.7438462 20.8796875 50.80764734463615 979.8321151520084 16 25 28 16 25 28 2859 843 171 16 2 0
1662089090.8742182 20.864453125 50.99071132499168 979.8586782396179 16 25 28 16 25 28 2859 843 171 16 2 0
1662089096.0046456 20.86953125 50.89611303781394 979.8661677743248 15 24 27 15 24 27 2859 843 171 16 2 0
1662089101.1350765 20.859375 50.99651225238605 979.821083631461 15 23 26 15 23 26 2766 818 171 14 2 0
1662089106.2654128 20.874609375 50.86688436452282 979.8291250386027 18 25 30 18 25 30 3219 944 185 12 6 2
1662089111.3958583 20.874609375 50.984914519258055 979.8536268749974 18 25 30 18 25 30 3219 944 185 12 6 2
1662089116.5263112 20.86953125 50.931587704547276 979.8472691175863 18 26 31 18 26 31 3189 920 189 12 6 2
1662089121.6566799 20.864453125 50.80742474851173 979.8489528918894 18 26 31 18 26 31 3189 920 189 12 6 2
1662089126.7870915 20.86953125 51.085194582944524 979.8826283926568 18 26 31 18 26 31 3189 920 189 12 6 2
1662089131.9175148 20.86953125 51.09713124584143 979.8328698554626 18 25 28 18 25 28 3195 927 170 8 4 0
1662089137.050722 20.86953125 50.84301416727023 979.8661677743248 18 25 28 18 25 28 3195 927 170 8 4 0
1662089142.182817 20.859375 50.931587704547276 979.8652379817146 18 25 28 18 25 28 3195 927 170 8 4 0
1662089147.315705 20.854296875 50.931255769350415 979.8328698554626 18 25 27 18 25 27 3144 913 168 10 4 0
1662089152.4473977 20.864453125 50.91362954382786 979.8568193110507 19 26 28 19 26 28 3144 913 168 10 4 0
1662089157.5794942 20.84921875 50.90771722944222 979.8487775974104 19 26 28 19 26 28 3144 913 168 10 4 0
1662089162.7135732 20.84921875 50.9785531255124 979.849154442899 18 26 28 18 26 28 3114 906 168 10 4 0
1662089167.8450925 20.84921875 51.07303357095497 979.8326942526325 18 26 28 18 26 28 3114 906 168 10 4 0
1662089172.9786346 20.844140625 50.931477070244895 979.8517681094927 18 26 28 18 26 28 3114 906 168 10 4 0
1662089178.1096451 20.859375 50.842681091339664 979.8719729195059 18 26 28 18 26 28 3084 899 156 12 4 0
1662089183.2432716 20.859375 50.83085620504546 979.8669217160574 18 26 28 18 26 28 3084 899 156 12 4 0
1662089188.3774157 20.84921875 50.91921025379433 979.8564423137581 18 32 34 18 31 34 3336 986 235 13 2 0
1662089193.509613 20.84921875 50.99048869345772 979.857572976278 18 31 32 18 30 32 3174 944 216 11 2 0
1662089198.6415784 20.844140625 50.853956944366125 979.868982243102 17 30 31 17 30 31 3102 918 211 11 2 0
1662089203.7711365 20.84921875 50.74775513552577 979.8364383716213 16 29 30 16 29 30 2961 877 206 11 2 0
1662089208.9051409 20.8390625 50.954682645017684 979.8731028867301 16 29 30 16 29 30 2955 889 203 11 2 0
1662089214.0391061 20.84921875 51.10236763509199 979.851214871588 17 30 31 17 30 31 3084 908 208 11 2 0
1662089219.170343 20.844140625 50.99015466543353 979.849907804533 17 28 29 17 28 29 2985 885 196 11 2 0
1662089224.3015606 20.833984375 50.87771524908331 979.8616935620063 16 28 29 16 28 29 2928 877 194 13 2 0
1662089229.4329138 20.844140625 51.05496151330175 979.8983583035193 16 26 27 16 26 27 2871 858 179 8 2 0
1662089234.5651648 20.82890625 50.9425260535102 979.8974269916647 16 26 27 16 26 27 2871 858 179 8 2 0
1662089239.6973143 20.82890625 50.94854881290954 979.8342676601002 16 26 27 16 26 27 2871 858 179 8 2 0
1662089244.8280575 20.833984375 51.02529097323585 979.8805903171564 16 27 28 16 27 28 2844 868 182 12 2 0
1662089249.9618397 20.823828125 51.24401711493297 979.8775991726172 16 27 28 16 27 28 2844 868 182 12 2 0
1662089255.0952973 20.82890625 51.24981406561568 979.8763582806247 16 27 28 16 27 28 2844 868 182 12 2 0
1662089260.2295415 20.81875 51.019044024346066 979.8548472008376 16 26 27 16 26 27 2778 844 172 10 2 0
1662089265.36218 20.82890625 51.17876476663677 979.8877677751651 16 28 31 16 28 31 2970 889 191 14 4 2
1662089270.496182 20.823828125 51.025179171107794 979.8649488694941 15 24 24 15 24 24 2727 816 174 6 0 0
1662089275.6306007 20.81875 51.01915578039448 979.8780419063556 15 24 24 15 24 24 2727 816 174 6 0 0
1662089280.7649224 20.80859375 51.16671523324081 979.8627089701548 15 25 25 15 25 25 2757 819 179 8 0 0
1662089285.8987665 20.803515625 50.983240630965206 979.8425061249578 15 25 25 15 25 25 2757 819 179 8 0 0
1662089291.0320272 20.803515625 51.04826512563983 979.8733669286329 15 25 25 15 25 25 2757 819 179 8 0 0
1662089296.1653426 20.803515625 51.06599886247319 979.871126825295 16 24 24 16 24 24 2757 814 163 6 0 0
1662089301.2943895 20.7984375 51.08361996387436 979.8587847159066 16 24 24 16 24 24 2757 814 163 6 0 0
1662089306.4273753 20.7984375 51.178310376785284 979.8310969491838 16 24 24 16 24 24 2757 814 163 6 0 0
1662089311.5616443 20.803515625 51.000974707635265 979.8505482161768 16 25 25 16 25 25 2709 814 160 10 0 0
1662089316.6955073 20.803515625 50.9655064616124 979.8913296847722 16 25 25 16 25 25 2709 814 160 10 0 0
1662089321.8297718 20.78828125 51.13681973181105 979.838206822259 16 25 25 16 25 25 2709 814 160 10 0 0
1662089326.9634237 20.793359375 51.314146267360194 979.8617764268738 15 24 25 15 24 25 2661 797 160 10 0 0
1662089332.0970163 20.78828125 51.042241789910896 979.8449409936061 15 24 25 15 24 25 2661 797 160 10 0 0
1662089337.2303321 20.7984375 51.04826512563983 979.8365232795973 15 24 25 15 24 25 2661 797 160 10 0 0
1662089342.3633986 20.7984375 51.13090868767613 979.8492404055702 16 25 26 16 25 26 2781 826 165 12 0 0
1662089347.496283 20.80859375 51.23764877530066 979.8526075462963 15 26 27 15 26 27 2754 814 163 16 0 0
1662089352.6306288 20.803515625 51.26129295976688 979.824362725864 19 32 37 19 31 37 3390 1028 221 17 8 2
1662089357.7650273 20.793359375 51.219801452782036 979.8327805051887 19 32 35 19 31 35 3348 1019 217 12 4 2
1662089362.8987586 20.803515625 51.012797373924904 979.8398903649909 19 32 35 19 31 35 3390 1022 226 12 4 2
1662089368.0331028 20.793359375 51.13079559334633 979.8621517760139 19 31 34 19 30 34 3495 1048 231 12 4 2
1662089373.1673877 20.7984375 51.3497260469544 979.8559746873024 18 30 32 18 29 32 3330 999 214 12 4 2
1662089378.3011377 20.778125 51.107377221318146 979.8647680825819 16 28 30 16 28 30 3111 922 204 10 2 2
1662089383.4341805 20.793359375 51.1603503730392 979.8483080796997 18 27 29 18 27 29 3189 944 204 8 2 2
1662089388.5678651 20.783203125 51.20752350118355 979.8238061527969 17 27 28 17 27 28 3096 910 207 8 2 2
1662089393.7009761 20.78828125 51.23128079394591 979.8348397370055 17 26 27 17 26 27 3009 886 200 8 2 2
1662089398.834344 20.78828125 51.03599451068225 979.7964941544252 17 26 26 17 26 26 3072 898 198 6 0 0
1662089403.9683273 20.783203125 51.13079559334633 979.8436329488887 16 25 25 16 25 25 3066 881 175 4 0 0
1662089409.1023145 20.78828125 51.13659339718644 979.8520505965321 17 25 25 17 25 25 3165 902 177 4 0 0
1662089414.2355251 20.78828125 51.30232478666327 979.8137050642931 17 25 25 17 25 25 3165 902 177 4 0 0
1662089419.369349 20.78828125 51.2076374850721 979.8140805869766 18 26 26 18 26 26 3165 902 177 4 0 0
1662089424.5034673 20.778125 51.18990489529183 979.849809251476 18 26 26 18 26 26 3129 909 165 4 0 0
1662089429.6363528 20.778125 51.06577417183236 979.8191310902545 18 26 26 18 26 26 3129 909 165 4 0 0
1662089434.770609 20.778125 51.21934504101984 979.849058885081 16 27 28 16 27 28 3024 902 175 12 0 0
1662089439.904549 20.778125 51.295954018006114 979.8427001138804 16 27 28 16 27 28 3024 902 175 12 0 0
1662089445.0382974 20.773046875 51.094991387162274 979.8417668941776 15 25 26 15 25 26 2856 834 159 12 0 0
1662089450.172097 20.762890625 51.17762846912836 979.8354080255535 15 25 26 15 25 26 2856 834 159 12 0 0
1662089455.305353 20.7578125 51.23673424333976 979.83372456442 15 25 26 15 25 26 2856 834 159 12 0 0
1662089460.4396946 20.76796875 51.11829562860594 979.8223153679537 15 25 27 15 25 27 2841 830 166 14 2 0
1662089465.5740945 20.762890625 51.2012709023729 979.8599101861628 15 25 27 15 25 27 2841 830 166 14 2 0
1662089470.7071245 20.778125 51.3373271996922 979.83372456442 15 25 27 15 25 27 2841 830 166 14 2 0
1662089475.8414242 20.762890625 51.224798941138665 979.837091486757 15 25 27 15 25 27 2742 806 168 16 2 0
1662089480.9740283 20.76796875 51.437686173753285 979.8434503692142 15 25 27 15 25 27 2742 806 168 16 2 0
1662089486.1081352 20.773046875 51.37835191527688 979.8492505298029 15 25 27 15 25 27 2742 806 168 16 2 0
1662089491.2414913 20.7578125 51.14193793290778 979.8421418707876 15 26 30 15 26 30 2841 837 187 16 4 2
1662089496.375316 20.76796875 51.22468470064397 979.8627181174467 15 26 30 15 26 30 2874 849 185 16 4 2
1662089501.5095613 20.7578125 51.147848483242754 979.8563589717808 15 29 32 15 29 32 2967 880 206 19 4 2
1662089506.64311 20.74765625 51.324929394043856 979.8247485177557 16 29 31 16 29 31 2967 885 206 15 4 2
1662089511.7773528 20.74765625 51.22445618736693 979.8499998259266 16 29 32 16 29 32 2967 890 206 15 4 2
1662089516.910528 20.74765625 51.43142617397932 979.8163314185315 15 27 30 15 27 30 2973 901 173 20 4 4
1662089522.044422 20.76796875 51.177401080474766 979.8290491567361 15 26 29 15 26 29 2952 899 163 16 4 4
1662089527.1787863 20.7578125 51.30742945032646 979.8176399875349 16 26 30 16 26 30 2976 906 179 16 4 4
1662089532.312121 20.7578125 51.401992407448866 979.834099499058 17 27 31 17 27 31 2997 913 172 16 4 4
1662089537.4454517 20.7578125 51.295608895354704 979.8109062549239 17 28 31 17 28 31 2955 902 176 16 4 4
1662089542.5798867 20.7578125 51.24809720956787 979.8556095646153 17 28 31 17 28 31 3003 900 188 16 4 4
1662089547.7145467 20.762890625 51.254236628623474 979.8374663942891 18 29 31 18 29 31 3201 952 198 14 2 2
1662089552.8490376 20.762890625 51.34891672838505 979.8357829466385 18 29 29 18 29 29 3222 954 193 12 0 0
1662089557.9802809 20.7578125 51.16569363697967 979.8526174262938 18 29 30 18 29 30 3213 946 188 12 2 0
1662089563.1124666 20.7578125 51.2540074393788 979.855984323065 17 27 28 17 27 28 3084 916 185 12 2 0
1662089568.2424707 20.7578125 51.27764825566534 979.8331656187296 17 26 27 17 26 27 3075 913 182 8 2 0
1662089573.3742478 20.74765625 51.31878856840037 979.865150618388 17 27 28 17 27 28 3147 929 189 10 2 0
1662089578.5083187 20.74765625 51.49620061500251 979.8499998259266 17 27 28 17 27 28 3111 915 177 12 2 0
1662089583.6418784 20.7375 51.425166472585396 979.8604747557541 19 28 29 19 28 29 3168 939 175 10 2 0
1662089588.7724893 20.7375 51.265713122155624 979.8688917963124 19 28 29 19 28 29 3168 939 175 10 2 0
1662089593.9076552 20.7375 51.4190236159873 979.8638415717674 19 28 29 19 28 29 3168 939 175 10 2 0
1662089599.0408525 20.7375 51.42493327686476 979.8464470011876 16 25 25 16 25 25 2889 850 177 10 0 0
1662089604.1729922 20.72734375 51.33605607171279 979.8838548714588 16 26 26 16 26 26 2868 845 175 12 0 0
1662089609.307913 20.7169921875 51.383449293659325 979.8627188644901 16 26 26 16 26 26 2868 845 175 12 0 0
