timestamp temperature humidity pressure pm10_standard pm25_standard pm100_standard pm10_env pm25_env pm100_env particles_03um particles_05um particles_10um particles_25um particles_50um particles_100um
1653009387.2412207 21.23046875 32.64165165227016 981.5460276278903 1 2 2 1 2 2 300 79 14 4 0 0 
1653009392.3748507 21.235546875 32.808220737597345 981.535918772273 1 2 2 1 2 2 300 79 14 4 0 0 
1653009397.5081866 21.23046875 32.46892161468179 981.5046503975296 1 2 2 1 2 2 300 79 14 4 0 0 
1653009402.6426027 21.235546875 32.65374896017948 981.5346052665731 1 2 3 1 2 3 321 84 16 6 2 0 
1653009407.775598 21.225390625 32.60000811696014 981.5057640500416 1 2 3 1 2 3 321 84 16 6 2 0 
1653009412.9095745 21.23046875 32.79661714934986 981.5134455611436 1 2 3 1 2 3 321 84 16 6 2 0 
1653009418.0442932 21.215234375 32.534769235750275 981.4902301637984 1 1 3 1 1 3 309 80 16 4 2 0 
1653009423.178202 21.2203125 32.635802441094576 981.5332916781082 1 1 3 1 1 3 309 80 16 4 2 0 
1653009428.3121517 21.21015625 32.68944207272633 981.5205557268363 1 1 3 1 1 3 309 80 16 4 2 0 
1653009433.44611 21.2203125 32.606057400433144 981.5067064920689 1 2 3 1 2 3 324 85 18 4 2 0 
1653009438.5802212 21.215234375 32.48132860291531 981.4755002748378 0 1 2 0 1 2 324 85 18 4 2 0 
1653009443.7141488 21.205078125 32.570765247327785 981.525238934723 0 1 2 0 1 2 324 85 18 4 2 0 
1653009448.8481908 21.21015625 32.51107404350677 981.5037081890115 0 1 2 0 1 2 345 92 25 4 2 0 
1653009453.9828727 21.205078125 32.743276760504784 981.4686997881952 1 2 3 1 2 3 345 92 25 4 2 0 
1653009459.1168005 21.205078125 32.69549001801982 981.5142489590185 1 2 3 1 2 3 345 92 25 4 2 0 
1653009464.2503676 21.194921875 32.67804097325325 981.4775561159906 1 2 3 1 2 3 366 101 25 4 2 0 
1653009469.3840482 21.184765625 32.689838798413376 981.4944032305652 1 2 3 1 2 3 366 101 25 4 2 0 
1653009474.5170565 21.18984375 32.57671406463406 981.4859796724019 1 2 3 1 2 3 366 101 25 4 2 0 
1653009479.651668 21.184765625 32.60665822947588 981.5069376572814 1 2 3 1 2 3 345 96 21 4 2 0 
1653009484.785839 21.113671875 32.64829834388537 981.5059940018768 1 2 3 1 2 3 345 96 21 4 2 0 
1653009489.9202762 21.18984375 32.60665822947588 981.4850367557833 1 2 3 1 2 3 345 96 21 4 2 0 
1653009495.0542283 21.2 32.761122283892945 981.4944032305652 1 2 4 1 2 4 324 101 21 6 2 0 
1653009500.1878858 21.194921875 32.350754814966265 981.4977726543214 1 2 4 1 2 4 324 101 21 6 2 0 
1653009505.3222034 21.205078125 32.74922527861784 981.5209878643999 1 2 4 1 2 4 324 101 21 6 2 0 
1653009510.456867 21.194921875 32.61250680541666 981.4927185187923 1 3 4 1 3 4 345 111 25 6 2 0 
1653009515.5908759 21.194921875 32.3922959307311 981.4863506112127 1 3 4 1 3 4 345 111 25 6 2 0 
1653009520.7248557 21.194921875 32.63630145050214 981.5041406030489 1 3 4 1 3 4 345 111 25 6 2 0 
1653009525.85889 21.2 32.60645799641033 981.4775561159906 1 3 4 1 3 4 345 109 23 4 2 0 
1653009530.992977 21.194921875 32.576914981115934 981.4842949609794 1 3 4 1 3 4 345 109 23 4 2 0 
1653009536.1271312 21.205078125 32.778771401664585 981.4459178817675 1 3 4 1 3 4 345 109 23 4 2 0 
1653009541.2618942 21.215234375 32.594359904937974 981.4599046234708 1 3 4 1 3 4 360 114 23 4 2 0 
1653009546.393592 21.23046875 32.6181554939176 981.4655287127458 1 3 4 1 3 4 360 114 23 4 2 0 
1653009551.5269337 21.215234375 32.558464798841285 981.4582198718962 1 3 4 1 3 4 360 114 23 4 2 0 
1653009556.6641505 21.23046875 32.57651310486971 981.4541070106317 2 3 3 2 3 3 369 119 21 2 0 0 
1653009561.7958376 21.215234375 32.54646568579474 981.4746959292797 2 3 3 2 3 3 369 119 21 2 0 0 
1653009566.9260132 21.215234375 32.653649341675994 981.4629025704203 2 3 3 2 3 3 369 119 21 2 0 0 
1653009572.0578961 21.225390625 32.46337942009115 981.4709547992549 2 4 4 2 4 4 381 121 23 4 0 0 
1653009577.189992 21.21015625 32.44573572260857 981.4889166540877 2 4 4 2 4 4 381 121 23 4 0 0 
1653009582.3225667 21.21015625 32.4575320647275 981.4784368954168 2 4 4 2 4 4 381 121 23 4 0 0 
1653009587.4570298 21.205078125 32.552717227000635 981.4821776976687 1 3 3 1 3 3 345 109 23 4 0 0 
1653009592.5917459 21.194921875 32.55896825044322 981.4556548775222 1 3 3 1 3 3 345 109 23 4 0 0 
1653009597.723412 21.194921875 32.487683688555904 981.4715592838257 1 3 3 1 3 3 345 109 23 4 0 0 
1653009602.8573647 21.18984375 32.67804097325325 981.4412349883216 1 3 3 1 3 3 354 111 18 4 0 0 
1653009607.9916663 21.1796875 32.50563139489883 981.4786688059777 1 3 3 1 3 3 354 111 18 4 0 0 
1653009613.1249707 21.1796875 32.54152526637829 981.4423479134513 1 3 3 1 3 3 354 111 18 4 0 0 
1653009618.2553325 21.1796875 32.60111021008641 981.413709013241 1 3 3 1 3 3 363 111 18 4 0 0 
1653009623.380297 21.174609375 32.50593511637338 981.4419770483322 1 3 3 1 3 3 363 111 18 4 0 0 
1653009628.5122619 21.174609375 32.55967262821714 981.4436617037078 1 3 3 1 3 3 363 111 18 4 0 0 
1653009633.6443 21.16953125 32.50593511637338 981.4477725536507 1 3 3 1 3 3 384 116 18 4 0 0 
1653009638.77204 21.16953125 32.672688397100536 981.464989310595 1 3 3 1 3 3 384 116 18 4 0 0 
1653009643.9043915 21.159375 32.63699960921635 981.4451444504463 1 3 3 1 3 3 384 116 18 4 0 0 
1653009649.037531 21.164453125 32.631051441799414 981.4835200862548 2 3 3 2 3 3 384 116 16 2 0 0 
1653009654.1678724 21.164453125 32.565721433186376 981.4316676431957 2 3 3 2 3 3 384 116 16 2 0 0 
1653009659.2982733 21.164453125 32.565721433186376 981.4619904658168 2 3 3 2 3 3 384 116 16 2 0 0 
1653009664.4286892 21.164453125 32.64294776631817 981.4898882865215 0 1 1 0 1 1 375 109 14 2 0 0 
1653009669.5591161 21.174609375 32.553522993328734 981.4696727292769 0 1 1 0 1 1 375 109 14 2 0 0 
1653009674.6892514 21.164453125 32.73821540902865 981.4814651364431 0 1 1 0 1 1 375 109 14 2 0 0 
1653009679.8198817 21.164453125 32.440500707580746 981.508419222861 0 1 1 0 1 1 369 109 16 2 0 0 
1653009684.9503217 21.164453125 32.51208592728635 981.4874627680746 1 2 2 1 2 2 369 109 16 2 0 0 
1653009690.0807104 21.16953125 32.4524997996198 981.5097336409012 1 2 2 1 2 2 369 109 16 2 0 0 
1653009695.2143414 21.174609375 32.48819091619352 981.4558250499705 1 3 3 1 3 3 363 107 18 2 0 0 
1653009700.348382 21.184765625 32.553522993328734 981.4917754934442 1 3 3 1 3 3 363 107 18 2 0 0 
1653009705.4777267 21.194921875 32.68993795278467 981.4487156702552 1 3 3 1 3 3 363 107 18 2 0 0 
1653009710.609654 21.184765625 32.47588761136153 981.4782980192438 1 3 3 1 3 3 384 114 18 2 0 0 
1653009715.742087 21.184765625 32.62480370807235 981.4790394827862 1 3 3 1 3 3 384 114 18 2 0 0 
1653009720.8760273 21.16953125 32.607058565760966 981.4423479134513 1 3 3 1 3 3 384 114 18 2 0 0 
1653009726.010094 21.184765625 32.65434644397355 981.4618221050962 2 2 2 2 2 2 405 123 18 0 0 0 
1653009731.1440237 21.1796875 32.48798805760134 981.4507711232502 2 2 2 2 2 2 405 123 18 0 0 0 
1653009736.2773361 21.174609375 32.636800189399935 981.4638775736821 2 2 2 2 2 2 405 123 18 0 0 0 
1653009741.410351 21.174609375 32.45844834483714 981.4292416450642 2 3 3 2 3 3 504 154 20 0 0 0 
1653009746.5444956 21.16953125 32.71422603085922 981.4305554226764 2 3 3 2 3 3 504 154 20 0 0 0 
1653009751.6787045 21.16953125 32.553623665426564 981.4322400640054 2 3 3 2 3 3 504 154 20 0 0 0 
1653009756.8130374 21.164453125 32.291988848147504 981.4474018391203 2 3 3 2 3 3 489 150 18 0 0 0 
1653009761.9473386 21.174609375 32.613106899799156 981.4258723898686 2 3 3 2 3 3 489 150 18 0 0 0 
1653009767.0814831 21.174609375 32.51198478760229 981.3918086914528 2 3 3 2 3 3 489 150 18 0 0 0 
1653009772.2158506 21.16953125 32.56541985941168 981.4258723898686 2 3 3 2 3 3 459 143 18 0 0 0 
1653009777.3490868 21.16953125 32.595262037798584 981.4322400640054 2 3 3 2 3 3 459 143 18 0 0 0 
1653009782.4792953 21.16953125 32.60131044998799 981.4204475761742 2 3 3 2 3 3 459 143 18 0 0 0 
1653009787.6099489 21.174609375 32.5001891489025 981.4215600407011 2 3 3 2 3 3 444 140 18 0 0 0 
1653009792.7416215 21.164453125 32.47044702242833 981.4288707814175 2 3 3 2 3 3 444 140 18 0 0 0 
1653009797.8712053 21.154296875 32.4942407442379 981.4565662335531 2 3 3 2 3 3 444 140 18 0 0 0 
1653009803.0017471 21.164453125 32.61935486259526 981.4599354641597 2 3 3 2 3 3 480 145 20 0 0 0 
1653009808.1333714 21.154296875 32.536181894269816 981.4687288739271 2 3 3 2 3 3 480 145 20 0 0 0 
1653009813.2677488 21.14921875 32.536181894269816 981.4825758071764 2 3 3 2 3 3 480 145 20 0 0 0 
1653009818.400955 21.14921875 32.57177008033504 981.4681546490705 2 3 3 2 3 3 453 138 20 0 0 0 
1653009823.5342898 21.144140625 32.524386568182344 981.42435607558 2 3 3 2 3 3 453 138 20 0 0 0 
1653009828.6642652 21.12890625 32.530536398168756 981.4614164039115 2 3 3 2 3 3 453 138 20 0 0 0 
1653009833.7926772 21.144140625 32.50664342108303 981.4297799724492 2 3 3 2 3 3 474 145 18 0 0 0 
1653009838.92491 21.144140625 32.554126863605205 981.4372581553653 2 3 3 2 3 3 474 145 18 0 0 0 
1653009844.0533404 21.1390625 32.51249037781401 981.4651554594077 2 3 3 2 3 3 474 145 18 0 0 0 
1653009849.1854312 21.1390625 32.655241939293106 981.4509388868665 2 3 3 2 3 3 486 147 16 0 0 0 
1653009854.3192606 21.133984375 32.46510845764046 981.4149892887567 2 3 3 2 3 3 486 147 16 0 0 0 
1653009859.453032 21.133984375 32.66723694328235 981.4069368169621 2 3 3 2 3 3 486 147 16 0 0 0 
1653009864.5863287 21.12890625 32.643744466052624 981.4292054606709 2 3 3 2 3 3 450 135 14 0 0 0 
1653009869.7193174 21.12890625 32.67942991179031 981.4224674391329 2 3 3 2 3 3 450 135 14 0 0 0 
1653009874.85286 21.12890625 32.54858146229127 981.4574723935807 2 3 3 2 3 3 450 135 14 0 0 0 
1653009879.9870894 21.123828125 32.51289465520793 981.4127303361738 2 2 3 2 2 3 444 133 12 2 2 0 
1653009885.1213896 21.123828125 32.56027595858827 981.4439962336494 2 2 3 2 2 3 444 133 12 2 2 0 
1653009890.2555144 21.133984375 32.720963801361165 981.4318346130174 2 2 3 2 2 3 444 133 12 2 2 0 
1653009895.3892765 21.123828125 32.47720747684852 981.4396822054339 1 2 3 1 2 3 351 104 10 2 2 0 
1653009900.522882 21.133984375 32.512692538152685 981.4389426748311 1 2 3 1 2 3 351 104 10 2 2 0 
1653009905.655987 21.123828125 32.4354700245619 981.4473652732117 1 2 3 1 2 3 351 104 10 2 2 0 
1653009910.7902331 21.10859375 32.53073810515911 981.4396822054339 1 1 3 1 1 3 330 94 10 2 2 0 
1653009915.924434 21.113671875 32.51874149739872 981.4847941811402 1 1 3 1 1 3 330 94 10 2 2 0 
1653009921.058255 21.123828125 32.81631823802686 981.4877937698241 1 1 3 1 1 3 330 94 10 2 2 0 
1653009926.1913307 21.11875 32.602311000264855 981.4518431594464 1 2 3 1 2 3 360 101 14 2 2 0 
1653009931.3255305 21.11875 32.56047698214658 981.4224674391329 0 1 2 0 1 2 360 101 14 2 2 0 
1653009936.4590936 21.133984375 32.57811957107561 981.4423117139731 0 1 2 0 1 2 360 101 14 2 2 0 
1653009941.5920892 21.133984375 32.66158723533098 981.4258364497618 0 1 2 0 1 2 360 101 16 2 2 0 
1653009946.7255805 21.12890625 32.67962815845778 981.3898873696609 0 1 2 0 1 2 360 101 16 2 2 0 
1653009951.858269 21.12890625 32.566424726604396 981.4342589775603 1 2 3 1 2 3 360 101 16 2 2 0 
1653009956.9891016 21.133984375 32.762498131459594 981.4207829339236 1 2 3 1 2 3 309 89 18 2 2 0 
1653009962.1234088 21.12890625 32.76269450799349 981.387092844452 1 2 3 1 2 3 309 89 18 2 2 0 
1653009967.259059 21.123828125 32.76269450799349 981.3769858230761 1 2 3 1 2 3 309 89 18 2 2 0 
1653009972.3936388 21.11875 32.709068701747064 981.3895174724191 1 1 3 1 1 3 315 91 18 2 2 0 
1653009977.527308 21.11875 32.71531241287382 981.3865184434494 1 1 3 1 1 3 315 91 18 2 2 0 
1653009982.6607823 21.113671875 32.60805864903885 981.394200936463 1 1 3 1 1 3 315 91 18 2 2 0 
1653009987.7940307 21.123828125 32.51289465520793 981.3719323133342 1 1 2 1 1 2 300 84 18 2 2 0 
1653009992.926938 21.113671875 32.51874149739872 981.3773560349929 1 1 2 1 1 2 300 84 18 2 2 0 
1653009998.0612168 21.113671875 32.602311000264855 981.376411666497 1 1 2 1 1 2 300 84 18 2 2 0 
1653010003.195186 21.123828125 32.51874149739872 981.3580858195128 0 2 3 0 2 3 309 86 25 2 2 0 
1653010008.3293788 21.144140625 32.4887992322672 981.3788729917115 0 2 3 0 2 3 309 86 25 2 2 0 
1653010013.4636917 21.1390625 32.44131616985562 981.3910354269536 0 2 3 0 2 3 309 86 25 2 2 0 
1653010018.598002 21.14921875 32.66713763458127 981.3479787239498 0 0 2 0 0 2 294 79 25 2 2 0 
1653010023.731269 21.1390625 32.583967166635865 981.3987171177043 0 0 2 0 0 2 294 79 25 2 2 0 
1653010028.8654134 21.1390625 32.36983560129021 981.3809281603121 0 0 2 0 0 2 294 79 25 2 2 0 
1653010033.999876 21.133984375 32.36983560129021 981.4091950419476 0 0 0 0 0 0 267 65 23 0 0 0 
1653010039.134117 21.133984375 32.584067421277325 981.3902942580175 0 1 1 0 1 1 267 65 23 0 0 0 
1653010044.2662656 21.133984375 32.62590160395525 981.3867226039733 0 1 1 0 1 1 267 65 23 0 0 0 
1653010049.4002998 21.123828125 32.56047698214658 981.3167144477194 0 1 1 0 1 1 303 77 21 0 0 0 
1653010054.531508 21.12890625 32.59031575514164 981.3483492762108 0 1 1 0 1 1 303 77 21 0 0 0 
1653010059.664013 21.11875 32.757041792527566 981.357142162478 0 1 1 0 1 1 303 77 21 0 0 0 
1653010064.7957351 21.12890625 32.376297006336785 981.3292467407389 1 2 2 1 2 2 303 82 21 0 0 0 
1653010069.926217 21.123828125 32.572372460748994 981.3446096926563 1 2 2 1 2 2 303 82 21 0 0 0 
1653010075.0570703 21.11875 32.54263368689377 981.3672490974741 1 2 2 1 2 2 303 82 21 0 0 0 
1653010080.1933122 21.11875 32.542835077226925 981.3318748360239 1 2 2 1 2 2 324 89 21 0 0 0 
1653010085.3231514 21.133984375 32.60795868940328 981.3554576735571 1 2 2 1 2 2 324 89 21 0 0 0 
1653010090.4519022 21.133984375 32.47720747684852 981.3479787239498 1 2 2 1 2 2 324 89 21 0 0 0 
1653010095.5808766 21.1390625 32.66128916913388 981.383926665174 1 2 2 1 2 2 360 99 21 0 0 0 
1653010100.7126238 21.133984375 32.42326763499479 981.3509771204751 1 2 2 1 2 2 360 99 21 0 0 0 
1653010105.8445387 21.12890625 32.55432806713176 981.3517182806734 1 2 2 1 2 2 360 99 21 0 0 0 
1653010110.9736598 21.12890625 32.59606319787767 981.3416112681267 1 3 3 1 3 3 369 104 26 4 0 0 
1653010116.1069832 21.12890625 32.66753480446398 981.3706180763667 1 3 3 1 3 3 369 104 26 4 0 0 
1653010121.240226 21.11875 32.52489120442982 981.3359845839125 1 3 3 1 3 3 369 104 26 4 0 0 
1653010126.3719513 21.123828125 32.48295256518528 981.3564013034104 1 3 4 1 3 4 369 106 28 6 2 0 
1653010131.5018039 21.123828125 32.572372460748994 981.3537731847065 1 3 4 1 3 4 369 106 28 6 2 0 
1653010136.6336215 21.133984375 32.554428652663994 981.3466647740846 1 3 4 1 3 4 369 106 28 6 2 0 
1653010141.7681582 21.123828125 32.614006310990874 981.3537731847065 1 3 5 1 3 5 369 108 28 8 2 0 
1653010146.8955529 21.10859375 32.58456853217593 981.3561981201597 1 3 5 1 3 5 369 108 28 8 2 0 
1653010152.0286617 21.1033203125 32.66793180122249 981.3447770428116 1 3 5 1 3 5 369 108 28 8 2 0 
1653010157.1603591 21.1033203125 32.554931418014746 981.357307965901 1 3 4 1 3 4 360 108 23 8 2 0 
1653010162.2933855 21.0880859375 32.501808099241984 981.3337260772628 0 2 3 0 2 3 360 108 23 8 2 0 
1653010167.4239938 21.0830078125 32.73949533959158 981.3660997333506 0 2 3 0 2 3 360 108 23 8 2 0 
1653010172.558383 21.0931640625 32.60875806351415 981.3589923870436 0 3 4 0 3 4 375 115 25 8 2 0 
1653010177.6879468 21.0931640625 32.62649990441342 981.3348355034036 0 3 4 0 3 4 375 115 25 8 2 0 
1653010182.8218153 21.0830078125 32.531544500289165 981.3479409509332 0 3 4 0 3 4 375 115 25 8 2 0 
1653010187.9564946 21.0880859375 32.751389379378196 981.3483105413252 0 3 4 0 3 4 381 122 25 8 2 0 
1653010193.0889692 21.0728515625 32.71620029707856 981.3389432762933 0 3 4 0 3 4 381 122 25 8 2 0 
1653010198.2204168 21.0728515625 32.63899525314619 981.3608398645715 1 4 5 1 4 5 381 122 25 8 2 0 
1653010203.3502698 21.0728515625 32.68626860411173 981.3426812964105 1 4 5 1 4 5 360 115 25 8 2 0 
1653010208.4833844 21.0677734375 32.52579886796448 981.3844208190358 1 4 5 1 4 5 360 115 25 8 2 0 
1653010213.617517 21.0728515625 32.632945069842236 981.3941579419335 1 4 5 1 4 5 360 115 25 8 2 0 
1653010218.7520723 21.0525390625 32.7817153119533 981.3679463903987 1 4 5 1 4 5 375 120 25 8 2 0 
1653010223.8865082 21.0525390625 32.609360978612024 981.3905803592356 1 4 5 1 4 5 375 120 25 8 2 0 
1653010229.020961 21.0474609375 32.71649985496659 981.3538943739238 1 4 5 1 4 5 375 120 25 8 2 0 
1653010234.1549387 21.0525390625 32.78805286105989 981.327314612746 1 4 5 1 4 5 366 118 25 10 2 0 
1653010239.2892852 21.0423828125 32.50866810918419 981.3462104947881 1 4 5 1 4 5 366 118 25 10 2 0 
1653010244.4230354 21.0474609375 32.78210659415629 981.3222617606062 1 4 5 1 4 5 366 118 25 10 2 0 
1653010249.5576317 21.0373046875 32.704902868107354 981.3448948792934 1 4 5 1 4 5 330 108 23 10 2 0 
1653010254.6906397 21.0423828125 32.7286881366114 981.3580003960731 1 4 5 1 4 5 330 108 23 10 2 0 
1653010259.8245237 21.0423828125 32.69320777659934 981.3482633949166 1 4 5 1 4 5 330 108 23 10 2 0 
1653010264.9584994 21.0423828125 32.78210659415629 981.3896331743099 1 3 4 1 3 4 288 94 14 6 2 0 
1653010270.0901222 21.0423828125 32.65723260770164 981.3765273907417 0 2 3 0 2 3 288 94 14 6 2 0 
1653010275.2241218 21.0474609375 32.669125564195596 981.3411576810026 0 2 3 0 2 3 288 94 14 6 2 0 
1653010280.3574538 21.0474609375 32.657331836257804 981.3280523053803 0 2 2 0 2 2 288 94 12 4 0 0 
1653010285.4892554 21.0373046875 32.69291135347032 981.3377891388291 1 3 3 1 3 3 288 94 12 4 0 0 
1653010290.6234393 21.0423828125 32.538300774686675 981.3701587532979 1 3 3 1 3 3 288 94 12 4 0 0 
1653010295.756997 21.0474609375 32.55604041136511 981.3192621618842 1 2 2 1 2 2 282 92 12 2 0 0 
1653010300.8909495 21.0373046875 32.72878653430338 981.3596846679653 1 2 2 1 2 2 282 92 12 2 0 0 
1653010306.024021 21.0423828125 32.66902646149558 981.3492103126372 1 2 2 1 2 2 282 92 12 2 0 0 
1653010311.1568239 21.0474609375 32.78210659415629 981.3381578488875 1 2 2 1 2 2 312 95 14 2 0 0 
1653010316.2911468 21.0525390625 32.44899756233203 981.3289988969326 1 2 2 1 2 2 312 95 14 2 0 0 
1653010321.425141 21.0474609375 32.538300774686675 981.3525788829019 1 2 2 1 2 2 312 95 14 2 0 0 
1653010326.5592606 21.0423828125 32.58587400274546 981.3596846679653 1 2 2 1 2 2 318 97 16 2 0 0 
1653010331.6929848 21.0322265625 32.776062444288634 981.3391046035239 1 2 2 1 2 2 318 97 16 2 0 0 
1653010336.8266988 21.0373046875 32.69310897970982 981.377264077463 1 2 2 1 2 2 318 97 16 2 0 0 
1653010341.9606378 21.0373046875 32.56823461604203 981.3647374840627 1 2 2 1 2 2 339 102 16 2 0 0 
1653010347.0945418 21.0423828125 32.93076017391622 981.3909489650914 1 2 2 1 2 2 339 102 16 2 0 0 
1653010352.2284281 21.0423828125 32.906783284591874 981.3812117414672 1 2 2 1 2 2 339 102 16 2 0 0 
1653010357.362378 21.0576171875 32.59172061874659 981.3555786727868 1 3 3 1 3 3 387 111 23 2 0 0 
1653010362.4954762 21.0474609375 32.74048243716697 981.3525788829019 1 3 3 1 3 3 387 111 23 2 0 0 
1653010367.627035 21.0373046875 32.64543897520345 981.3819485665607 1 3 3 1 3 3 387 111 23 2 0 0 
1653010372.7604802 21.0220703125 32.63364556400371 981.4017914880413 1 3 3 1 3 3 387 108 23 2 0 0 
1653010377.894499 21.0271484375 32.621852374105124 981.3735272710228 1 3 3 1 3 3 387 108 23 2 0 0 
1653010383.0275505 21.0322265625 32.69310897970982 981.3654743605584 1 3 3 1 3 3 387 108 23 2 0 0 
1653010388.1614614 21.0423828125 32.59202055962627 981.3782116634046 1 2 2 1 2 2 381 106 19 0 0 0 
1653010393.2959113 21.0423828125 32.74067897002955 981.355947453447 1 2 2 1 2 2 381 106 19 0 0 0 
1653010398.4296389 21.0423828125 32.9188681246524 981.3576317388247 1 2 2 1 2 2 381 106 19 0 0 0 
1653010403.564008 21.0525390625 32.4789345905797 981.3512633092041 1 2 2 1 2 2 411 111 21 0 0 0 
1653010408.6978204 21.0474609375 32.76416972226634 981.3555786727868 1 2 2 1 2 2 411 111 21 0 0 0 
1653010413.8320403 21.0373046875 32.6214538413819 981.3246837914382 1 2 2 1 2 2 411 111 21 0 0 0 
1653010418.9658964 21.0322265625 32.59202055962627 981.3288483022036 2 3 3 2 3 3 444 122 25 0 0 0 
1653010424.0998213 21.0373046875 32.556241202873146 981.3297365624563 2 3 3 2 3 3 444 122 25 0 0 0 
1653010429.2337055 21.0220703125 32.81807615899126 981.3334737176915 1 2 2 1 2 2 444 122 25 0 0 0 
1653010434.366927 21.0220703125 32.81203271843386 981.2884271422064 1 2 2 1 2 2 432 118 23 0 0 0 
1653010439.500839 21.0220703125 32.68141423534794 981.3405791698381 1 2 2 1 2 2 432 118 23 0 0 0 
1653010444.6337357 21.0220703125 32.80618412796255 981.3422634002939 2 3 3 2 3 3 432 118 23 0 0 0 
1653010449.766607 21.0220703125 32.71134210599511 981.332585057295 2 3 3 2 3 3 453 125 23 2 0 0 
1653010454.9009182 21.0169921875 32.65772864227957 981.3334737176915 2 3 3 2 3 3 453 125 23 2 0 0 
1653010460.033887 21.0271484375 32.723037200572065 981.3372693822815 2 3 3 2 3 3 453 125 23 2 0 0 
1653010465.1676416 21.0271484375 32.75286567265502 981.3342692597553 2 3 4 2 3 4 417 120 23 4 2 0 
1653010470.3021996 21.0220703125 32.81817351003686 981.3215321488245 2 3 4 2 3 4 417 120 23 4 2 0 
1653010475.4360764 21.0119140625 32.729278360463 981.3743221554296 2 3 4 2 3 4 417 120 23 4 2 0 
1653010480.5703976 21.0068359375 32.865837468732224 981.3557957646175 2 3 4 2 3 4 411 118 21 4 2 0 
1653010485.704353 21.0220703125 32.824216713650344 981.3684744945406 2 3 4 2 3 4 411 118 21 4 2 0 
1653010490.8379261 21.0220703125 32.94888577880383 981.3523687845004 2 3 4 2 3 4 411 118 21 4 2 0 
1653010495.9718802 21.0169921875 32.76475761590343 981.3890537978003 2 3 4 2 3 4 396 113 21 4 2 0 
1653010501.105919 21.0169921875 32.89566271136848 981.3759480241226 2 3 4 2 3 4 396 113 21 4 2 0 
1653010506.2375548 21.0119140625 32.776747325654426 981.3625326330231 2 3 4 2 3 4 396 113 21 4 2 0 
1653010511.3707063 21.0017578125 32.61045826854478 981.3084269495483 1 2 3 1 2 3 333 99 14 4 2 0 
1653010516.505214 21.0068359375 32.86612778454867 981.3188999209804 1 2 3 1 2 3 333 99 14 4 2 0 
1653010521.638912 20.9865234375 32.68785451389208 981.3643719310209 1 2 3 1 2 3 333 99 14 4 2 0 
1653010526.7723691 20.9916015625 32.85443036486336 981.3179514828901 1 2 3 1 2 3 312 95 16 4 2 0 
1653010531.9066668 20.9865234375 32.83064842224759 981.3222682162694 1 2 3 1 2 3 312 95 16 4 2 0 
1653010537.041343 20.9916015625 32.794780069378405 981.3327408914607 1 2 3 1 2 3 312 95 16 4 2 0 
1653010542.1754956 20.9966796875 32.77713844839851 981.3290048076879 1 2 3 1 2 3 318 95 18 4 2 0 
1653010547.3095772 20.9916015625 32.73551900265331 981.3394774303396 1 2 3 1 2 3 318 95 18 4 2 0 
1653010552.4436262 20.9865234375 32.65842263623658 981.3495822407597 1 2 3 1 2 3 318 95 18 4 2 0 
1653010557.5781543 20.9865234375 32.71797722121687 981.3364768114645 1 2 4 1 2 4 351 104 25 4 2 0 
1653010562.7121062 20.9814453125 32.771290666183305 981.3293726224412 1 2 4 1 2 4 351 104 25 4 2 0 
1653010567.8461113 20.9814453125 32.87255666213564 981.3220549397417 1 2 4 1 2 4 351 104 25 4 2 0 
1653010572.9809172 20.9712890625 32.77772480791974 981.3224223829701 1 3 4 1 3 4 366 109 25 4 2 0 
1653010578.1151202 20.9611328125 32.84877566316648 981.3274746228932 1 3 4 1 3 4 366 109 25 4 2 0 
1653010583.2463496 20.9712890625 32.7417591271458 981.3140019844988 1 3 4 1 3 4 366 109 25 4 2 0 
1653010588.3775165 20.9662109375 32.74185725832748 981.2921089566679 2 3 4 2 3 4 414 125 27 4 2 0 
1653010593.5113597 20.9712890625 32.94399447756657 981.3018458236927 2 3 4 2 3 4 414 125 27 4 2 0 
1653010598.646112 20.9611328125 32.96192513470398 981.2874243392201 2 3 4 2 3 4 414 125 27 4 2 0 
1653010603.7772775 20.9763671875 32.85462408468619 981.3102662874875 0 2 3 0 2 3 387 116 27 2 2 0 
1653010608.9089987 20.9814453125 32.7593995635595 981.3364768114645 0 2 3 0 2 3 387 116 27 2 2 0 
1653010614.0414116 20.9966796875 32.77109501142337 981.3215321488245 0 2 3 0 2 3 387 116 27 2 2 0 
1653010619.1726213 20.9966796875 32.812422374305285 981.301322055971 0 1 1 0 1 1 381 111 23 0 0 0 
1653010624.3084776 21.0068359375 32.89566271136848 981.2962695343336 1 2 2 1 2 2 381 111 23 0 0 0 
1653010629.438801 21.0119140625 32.80647655863351 981.3245323272484 1 2 2 1 2 2 381 111 23 0 0 0 
1653010634.5708654 21.0169921875 32.74107190591503 981.3153745777214 1 3 3 1 3 3 381 109 23 2 0 0 
1653010639.7030313 21.0169921875 32.812422374305285 981.3039536261854 1 3 3 1 3 3 381 109 23 2 0 0 
1653010644.8350134 21.0068359375 32.64573700598194 981.3022694249859 1 3 3 1 3 3 381 109 23 2 0 0 
1653010649.9700131 21.0119140625 32.729180016871105 981.2925327580125 1 3 3 1 3 3 411 121 25 2 0 0 
1653010655.1002595 21.0119140625 32.634142857155034 981.317795573729 1 3 3 1 3 3 411 121 25 2 0 0 
1653010660.2291536 21.0017578125 32.61045826854478 981.314795450086 1 3 3 1 3 3 411 121 25 2 0 0 
1653010665.3633077 21.0119140625 32.62205157554417 981.2996378820218 1 4 4 1 4 4 426 126 27 2 0 0 
1653010670.4963756 21.0119140625 32.83035694139572 981.2706383304736 1 4 4 1 4 4 426 126 27 2 0 0 
1653010675.629669 21.0119140625 32.75296375372689 981.2972168218075 1 4 4 1 4 4 426 126 27 2 0 0 
1653010680.7649317 21.0271484375 32.794292055698946 981.2900522887344 1 3 3 1 3 3 411 121 25 2 0 0 
1653010685.8943598 21.0271484375 32.74701783497496 981.2105364786048 1 3 3 1 3 3 411 121 25 2 0 0 
1653010691.026445 21.0271484375 32.788248300575795 981.2580519633105 1 3 3 1 3 3 411 121 25 2 0 0 
1653010696.158201 21.0322265625 32.74067897002955 981.2913676471844 1 3 3 1 3 3 384 116 25 2 0 0 
1653010701.289642 21.0220703125 32.598066910061206 981.2812621967777 1 3 3 1 3 3 384 116 25 2 0 0 
1653010706.4206274 21.0322265625 32.681216379040286 981.2644197850369 1 3 3 1 3 3 384 116 25 2 0 0 
1653010711.5516984 21.0322265625 32.67536906514356 981.3104717747322 0 2 2 0 2 2 351 112 18 4 0 0 
1653010716.6862593 21.0068359375 32.6214538413819 981.2569442107317 0 2 2 0 2 2 351 112 18 4 0 0 
1653010721.8167508 21.0423828125 32.692713683950196 981.2764167019602 0 2 2 0 2 2 351 112 18 4 0 0 
1653010726.95173 21.0373046875 32.72274183494918 981.2767861197211 1 3 3 1 3 3 357 112 18 4 0 0 
1653010732.0814404 21.0119140625 32.758713625876 981.2829464383369 1 3 3 1 3 3 357 112 18 4 0 0 
1653010737.2161438 21.0220703125 32.776356029793 981.254683509474 1 3 3 1 3 3 357 112 18 4 0 0 
1653010742.347119 21.0271484375 32.67536906514356 981.2580519633105 1 3 3 1 3 3 351 105 20 4 0 0 
1653010747.478909 21.0271484375 32.74097368817362 981.2900522887344 1 3 3 1 3 3 351 105 20 4 0 0 
1653010752.6087596 21.0119140625 32.67546805622483 981.2732692176098 1 3 3 1 3 3 351 105 20 4 0 0 
1653010757.742681 21.0068359375 32.70549473202269 981.2803748157664 1 3 3 1 3 3 363 107 20 4 0 0 
1653010762.876154 21.0119140625 32.812422374305285 981.2743752811901 1 3 3 1 3 3 363 107 20 4 0 0 
1653010768.0062003 21.0169921875 32.72898329722727 981.2884271422064 1 3 3 1 3 3 363 107 20 4 0 0 
1653010773.141361 21.0068359375 32.651881733054125 981.2874801967606 1 3 3 1 3 3 375 112 20 4 0 0 
1653010778.2731643 21.0119140625 32.818270850262785 981.3026378824077 1 3 3 1 3 3 375 112 20 4 0 0 
1653010783.406214 21.0017578125 32.77704068394223 981.3039536261854 1 3 3 1 3 3 375 112 20 4 0 0 
1653010788.5393112 21.0068359375 32.77694290866613 981.2807434494052 1 3 3 1 3 3 402 119 20 2 0 0 
1653010793.6697216 21.0068359375 32.871879964082154 981.2743752811901 1 3 3 1 3 3 402 119 20 2 0 0 
1653010798.8002808 21.0017578125 32.818562806022506 981.2646387947831 1 3 3 1 3 3 402 119 20 2 0 0 
1653010803.9333112 21.0169921875 32.72323405688712 981.2470597294398 1 3 3 1 3 3 387 112 22 2 0 0 
1653010809.0609891 21.0068359375 32.69340533791791 981.2891643837745 1 3 3 1 3 3 387 112 22 2 0 0 
1653010814.194428 21.0119140625 32.800530732653726 981.2854274168433 1 3 3 1 3 3 387 112 22 2 0 0 
1653010819.326301 21.0220703125 32.764463717774355 981.2900522887344 2 3 3 2 3 3 414 119 22 2 0 0 
1653010824.455812 21.0373046875 32.72898329722727 981.2631046445911 2 3 3 2 3 3 414 119 22 2 0 0 
1653010829.587703 21.0169921875 32.68141423534794 981.2627355442481 2 3 3 2 3 3 414 119 22 2 0 0 
1653010834.7189612 21.0220703125 32.78844369681253 981.268157326502 2 3 3 2 3 3 429 124 22 2 0 0 
1653010839.850271 21.0119140625 32.69350410234697 981.2547428730305 2 3 3 2 3 3 429 124 22 2 0 0 
1653010844.9822352 21.0220703125 32.71709109360837 981.2281646415545 2 3 3 2 3 3 429 124 22 2 0 0 
1653010850.1134682 21.0220703125 32.55059591337875 981.2264804435071 2 3 3 2 3 3 456 131 20 2 0 0 
1653010855.2441616 21.0220703125 32.71124354657569 981.2748942366972 2 3 3 2 3 3 456 131 20 2 0 0 
1653010860.3759518 21.0271484375 32.76475761590343 981.2500592225443 2 3 3 2 3 3 456 131 20 2 0 0 
1653010865.505836 21.0220703125 32.77655169936338 981.2547428730305 2 2 2 2 2 2 435 121 18 0 0 0 
1653010870.6400976 21.0271484375 32.6693237371349 981.2513744476538 1 1 1 1 1 1 435 121 18 0 0 0 
1653010875.7689435 21.0423828125 32.67546805622483 981.2256822646181 1 1 1 1 1 1 435 121 18 0 0 0 
1653010880.904207 21.0322265625 32.71689405734137 981.234472792338 1 1 1 1 1 1 402 112 14 0 0 0 
1653010886.0356934 20.9205078125 32.610059405510384 981.2682165773383 1 1 1 1 1 1 402 112 14 0 0 0 
1653010891.1681566 21.0322265625 32.63969136389645 981.2425246602469 2 2 2 2 2 2 402 112 14 0 0 0 
1653010896.2980552 21.0271484375 32.77645386998811 981.2665323640547 1 2 2 1 2 2 387 107 10 0 0 0 
1653010901.4333644 21.0220703125 32.68131531260421 981.2812621967777 1 2 2 1 2 2 387 107 10 0 0 0 
1653010906.565799 21.0271484375 32.66942280737419 981.2711567488925 1 2 2 1 2 2 387 107 10 0 0 0 
1653010911.6980858 21.0068359375 32.75296375372689 981.2618486172116 1 2 2 1 2 2 366 102 10 0 0 0 
1653010916.8328817 21.0169921875 32.848000064118075 981.2251653264876 1 2 2 1 2 2 366 102 10 0 0 0 
1653010921.9673235 21.0169921875 32.788639049770104 981.2201127736412 1 2 2 1 2 2 366 102 10 0 0 0 
1653010927.098795 21.0119140625 32.67586391234769 981.2433224271326 1 1 1 1 1 1 381 107 10 0 0 0 
1653010932.2331452 21.0169921875 32.63374504427473 981.2247962455298 1 1 1 1 1 1 381 107 10 0 0 0 
1653010937.3669832 21.0068359375 32.74117011283647 981.2420071738617 1 1 1 1 1 1 381 107 10 0 0 0 
1653010942.4965184 21.0119140625 32.764855560306685 981.2403229888092 1 2 2 1 2 2 369 107 12 2 0 0 
1653010947.6292474 21.0220703125 32.89566271136848 981.2601644177633 1 2 2 1 2 2 369 107 12 2 0 0 
1653010952.760304 21.0169921875 32.72323405688712 981.2204817854238 1 2 2 1 2 2 369 107 12 2 0 0 
1653010957.8878891 21.0119140625 32.6816120483748 981.2403229888092 1 2 2 1 2 2 384 114 10 2 0 0 
1653010963.019921 21.0169921875 32.81232497656698 981.2281646415545 1 2 2 1 2 2 384 114 10 2 0 0 
1653010968.1546702 21.0220703125 32.794487293630034 981.2715850041159 1 2 2 1 2 2 384 114 10 2 0 0 
1653010973.2878377 21.0119140625 32.74117011283647 981.2665323640547 1 2 2 1 2 2 351 105 8 2 0 0 
1653010978.4225342 21.0068359375 32.73492938357399 981.2345323249745 1 2 2 1 2 2 351 105 8 2 0 0 
1653010983.5539744 21.0271484375 32.81213014863127 981.2311043404628 1 2 2 1 2 2 351 105 8 2 0 0 
1653010988.6877172 21.0423828125 32.65753026090927 981.2573135714431 1 2 2 1 2 2 363 105 8 2 0 0 
1653010993.819949 21.0220703125 32.627699165733816 981.237102527301 1 2 2 1 2 2 363 105 8 2 0 0 
1653010998.9546502 21.0423828125 32.76436573009157 981.1987344461829 1 2 2 1 2 2 363 105 8 2 0 0 
1653011004.0830743 21.0474609375 32.6452402339161 981.2198903392953 1 2 2 1 2 2 330 96 8 2 0 0 
1653011009.2170944 21.0626953125 32.65098815838444 981.2006234706533 1 2 2 1 2 2 330 96 8 2 0 0 
1653011014.3502595 21.0677734375 32.739987133677886 981.2416210780923 1 2 2 1 2 2 330 96 8 2 0 0 
1653011019.4803016 21.0576171875 32.62125451009771 981.2592040862357 1 2 2 1 2 2 336 99 8 2 0 0 
1653011024.6116202 21.0576171875 32.627201260375344 981.2655716018212 1 2 2 1 2 2 336 99 8 2 0 0 
1653011029.7439876 21.0474609375 32.60905765026773 981.2638872795604 1 2 2 1 2 2 336 99 8 2 0 0 
1653011034.8769546 21.0474609375 32.55604041136511 981.2554656693084 1 2 2 1 2 2 363 106 10 2 0 0 
1653011040.0065064 21.0474609375 32.47863072167025 981.254520865011 1 2 2 1 2 2 363 106 10 2 0 0 
1653011045.1415274 21.0474609375 32.585673873015004 981.2195205705129 1 2 2 1 2 2 363 106 10 2 0 0 
1653011050.2737026 21.0423828125 32.764267731588895 981.2316802038018 0 1 1 0 1 1 327 99 10 2 0 0 
1653011055.4053288 21.0423828125 32.544046377756764 981.2541511611709 0 1 1 0 1 1 327 99 10 2 0 0 
1653011060.5377536 21.0474609375 32.62759960630293 981.1996791509847 0 1 1 0 1 1 327 99 10 2 0 0 
1653011065.6725745 21.0423828125 32.57408094290475 981.2017332243258 1 2 2 1 2 2 369 113 8 2 0 0 
1653011070.805637 21.0423828125 32.65128611399051 981.2401015376938 1 2 2 1 2 2 369 113 8 2 0 0 
1653011075.9379818 21.0322265625 32.52640736457764 981.2198903392953 1 2 2 1 2 2 369 113 8 2 0 0 
1653011081.0707257 21.0373046875 32.740285861024496 981.2047319471166 1 2 2 1 2 2 363 110 8 2 0 0 
1653011086.2055871 21.0373046875 32.65743105399368 981.213892591846 0 1 1 0 1 1 363 110 8 2 0 0 
1653011091.340113 21.0423828125 32.59776720666582 981.2393622155971 0 1 1 0 1 1 363 110 8 2 0 0 
1653011096.4749117 21.0576171875 32.776062444288634 981.21372778335 1 1 1 1 1 1 375 112 8 0 0 0 
1653011101.6085281 21.0576171875 32.5262058679975 981.2292564524737 2 2 2 2 2 2 375 112 8 0 0 0 
1653011106.7436614 21.0576171875 32.85326713708504 981.2234635663233 2 2 2 2 2 2 375 112 8 0 0 0 
1653011111.8745532 21.0677734375 32.71640127732273 981.2163560629212 2 2 2 2 2 2 360 107 13 0 0 0 
1653011117.0055654 21.0626953125 32.52589966536432 981.2159857312668 2 2 2 2 2 2 360 107 13 0 0 0 
1653011122.1354053 21.0728515625 32.56158183803944 981.2230933987589 2 2 2 2 2 2 360 107 13 0 0 0 
1653011127.2695327 21.0830078125 32.60301074163821 981.2300335722736 2 2 2 2 2 2 381 111 15 0 0 0 
1653011132.398362 21.0728515625 32.49011591404002 981.2041953013608 2 2 2 2 2 2 381 111 15 0 0 0 
1653011137.5292525 21.0779296875 32.61480505181393 981.2227231213259 2 2 2 2 2 2 381 111 15 0 0 0 
1653011142.6610973 21.0880859375 32.48981222671424 981.221611629792 2 2 2 2 2 2 381 111 15 0 0 0 
1653011147.7917383 21.0982421875 32.58486906886815 981.2397693377425 2 2 2 2 2 2 381 111 15 0 0 0 
1653011152.9258916 21.0931640625 32.54323772804438 981.2309765799022 2 2 2 2 2 2 381 111 15 0 0 0 
1653011158.058288 21.0931640625 32.477816028738225 981.2380849351301 2 2 2 2 2 2 393 113 15 0 0 0 
1653011163.1906543 21.0830078125 32.64454047328444 981.2249804065744 2 2 2 2 2 2 393 113 15 0 0 0 
1653011168.3226945 21.0830078125 32.531544500289165 981.211875989512 2 2 2 2 2 2 393 113 15 0 0 0 
1653011173.4571362 21.0830078125 32.68616963026715 981.2350867386033 1 2 2 1 2 2 372 108 15 0 0 0 
1653011178.59128 21.0830078125 32.44838363527407 981.2135603638923 1 2 2 1 2 2 372 108 15 0 0 0 
1653011183.724971 21.0830078125 32.698162419487545 981.2122465680217 1 2 2 1 2 2 372 108 15 0 0 0 
1653011188.8586092 21.0728515625 32.65683558527402 981.2227231213259 1 2 2 1 2 2 366 105 15 0 0 0 
1653011193.9921706 21.0626953125 32.739888796500594 981.2092483423287 1 2 2 1 2 2 366 105 15 0 0 0 
1653011199.1227996 21.0779296875 32.60291081104639 981.2401399055635 1 2 2 1 2 2 366 105 15 0 0 0 
1653011204.2523396 21.0728515625 32.62085188230135 981.2290901794238 1 2 2 1 2 2 360 101 15 0 0 0 
1653011209.3849 21.0677734375 32.57942278518356 981.2193544261562 1 2 2 1 2 2 360 101 15 0 0 0 
1653011214.5166156 21.0830078125 32.638593409613 981.2476181600583 1 2 2 1 2 2 360 101 15 0 0 0 
1653011219.6489365 21.0880859375 32.656533885228015 981.2367711275199 2 2 2 2 2 2 453 125 17 0 0 0 
1653011224.7833848 21.0779296875 32.57337556245556 981.2627774232469 2 2 2 2 2 2 453 125 17 0 0 0 
1653011229.915804 21.0677734375 32.65643456969331 981.2294605125059 2 2 2 2 2 2 453 125 17 0 0 0 
1653011235.048597 21.0576171875 32.47842808829239 981.2281464013728 2 2 2 2 2 2 465 125 17 0 0 0 
1653011240.1820364 21.0626953125 32.44848533198399 981.2423610051379 2 2 2 2 2 2 465 125 17 0 0 0 
1653011245.316143 21.0576171875 32.44284720755251 981.2348837391721 2 2 2 2 2 2 465 125 17 0 0 0 
1653011250.4487808 21.0677734375 32.39516808077096 981.1843537330006 2 2 2 2 2 2 474 116 13 0 0 0 
1653011255.5829427 21.0677734375 32.543740798099684 981.2163560629212 2 2 2 2 2 2 474 116 13 0 0 0 
1653011260.7144167 21.0677734375 32.769720447438004 981.2429352982289 2 2 2 2 2 2 474 116 13 0 0 0 
1653011265.8483825 21.0677734375 32.67477489143127 981.2184106050059 1 2 2 1 2 2 459 109 10 0 0 0 
1653011270.982346 21.0626953125 32.549993193723374 981.1965144465837 1 2 2 1 2 2 459 109 10 0 0 0 
1653011276.1162696 21.0525390625 32.52025901079126 981.2268322075518 1 2 2 1 2 2 459 109 10 0 0 0 
1653011281.2489648 21.0576171875 32.775667079258156 981.2230933987589 1 2 2 1 2 2 459 109 12 0 0 0 
1653011286.380315 21.0576171875 32.543945818265534 981.2305708525381 1 2 2 1 2 2 459 109 12 0 0 0 
1653011291.5129867 21.0626953125 32.61520799929713 981.2200949253751 1 2 2 1 2 2 459 109 12 0 0 0 
1653011296.6469543 21.0576171875 32.60905765026773 981.2129873954228 1 2 2 1 2 2 468 116 14 0 0 0 
1653011301.7808492 21.0728515625 32.716003065218025 981.2277761646058 1 2 2 1 2 2 468 116 14 0 0 0 
1653011306.9149985 21.0728515625 32.739987133677886 981.2176700786764 1 2 2 1 2 2 468 116 14 0 0 0 
1653011312.0495245 21.0728515625 32.72799526215118 981.1961440621341 0 1 1 0 1 1 462 116 16 0 0 0 
1653011317.1832654 21.0626953125 32.47822151357831 981.1961440621341 0 1 1 0 1 1 462 116 16 0 0 0 
1653011322.3177042 21.0677734375 32.41885092024414 981.2466740830182 0 1 1 0 1 1 462 116 16 0 0 0 
1653011327.4522934 21.0677734375 32.46632707187317 981.216726284707 1 2 2 1 2 2 504 130 18 0 0 0 
1653011332.5863876 21.0677734375 32.430953057458275 981.240306775268 2 3 3 2 3 3 504 130 18 0 0 0 
1653011337.7205 21.0728515625 32.609261160058914 981.2234635663233 2 3 3 2 3 3 504 130 18 0 0 0 
1653011342.8502674 21.0626953125 32.72809373599947 981.2268322075518 2 3 5 2 3 5 510 135 23 2 2 2 
1653011347.9848444 21.0626953125 32.811642889447214 981.2170963966272 2 3 5 2 3 5 510 135 23 2 2 2 
1653011353.1188838 21.0525390625 32.82334087709594 981.253781347468 2 3 5 2 3 5 510 135 23 2 2 2 
1653011358.2524245 21.0576171875 32.83523380291471 981.2601487659028 2 3 5 2 3 5 558 151 25 2 2 2 
1653011363.38707 21.0626953125 32.60915749087796 981.2436754178976 2 3 5 2 3 5 558 151 25 2 2 2 
1653011368.5185544 21.0626953125 32.68051973286083 981.2419910965478 2 3 5 2 3 5 558 151 25 2 2 2 
1653011373.6526566 21.0626953125 32.69261483295989 981.2221493170682 1 2 4 1 2 4 438 113 23 2 2 2 
1653011378.7854774 21.0474609375 32.549993193723374 981.23188516992 1 2 4 1 2 4 438 113 23 2 2 2 
1653011383.919427 21.0626953125 32.668626128969926 981.2702547810088 1 2 4 1 2 4 438 113 23 2 2 2 
1653011389.0502832 21.0626953125 32.68646651934034 981.2554656693084 1 3 4 1 3 4 438 118 23 2 2 2 
1653011394.1840217 21.0525390625 32.50856717209335 981.2460993924138 1 3 4 1 3 4 438 118 23 2 2 2 
1653011399.3184288 21.0525390625 32.544046377756764 981.2298307357175 1 3 4 1 3 4 438 118 23 2 2 2 
1653011404.453006 21.0576171875 32.561886794726874 981.2840991513118 1 3 4 1 3 4 408 120 25 2 2 2 
1653011409.5870366 21.0576171875 32.573880561449364 981.2528365703514 1 3 4 1 3 4 408 120 25 2 2 2 
1653011414.7209806 21.0525390625 32.56178644026355 981.2006234706533 1 3 4 1 3 4 408 120 25 2 2 2 
1653011419.8502908 21.0474609375 32.568034119544166 981.2406766974136 2 3 4 2 3 4 408 122 25 2 2 2 
1653011424.9843419 21.0373046875 32.6809195134273 981.214837541272 2 3 4 2 3 4 408 122 25 2 2 2 
1653011430.1181164 21.0423828125 32.776062444288634 981.2212048502162 2 3 4 2 3 4 408 122 25 2 2 2 
1653011435.2516959 21.0423828125 32.76416972226634 981.21783629088 2 3 4 2 3 4 414 127 23 2 2 2 
1653011440.3856046 21.0525390625 32.549993193723374 981.2313105299062 2 3 4 2 3 4 414 127 23 2 2 2 
1653011445.5200837 21.0525390625 32.66902646149558 981.2468386060683 2 3 4 2 3 4 414 127 23 2 2 2 
1653011450.6535914 21.0423828125 32.76436573009157 981.2329948100997 2 2 4 2 2 4 384 117 23 2 2 2 
1653011455.7865226 21.0474609375 32.47883331176419 981.2232588716612 2 2 4 2 2 4 384 117 23 2 2 2 
1653011460.921245 21.0626953125 32.51441303366342 981.251152275762 2 2 4 2 2 4 384 117 23 2 2 2 
1653011466.053279 21.0576171875 32.64514084704191 981.2679952248094 2 3 4 2 3 4 411 126 25 2 2 2 
1653011471.1878254 21.0423828125 32.680820536582566 981.2713638154596 2 3 4 2 3 4 411 126 25 2 2 2 
1653011476.3220215 21.0423828125 32.77596456081416 981.2262576897458 2 3 4 2 3 4 411 126 25 2 2 2 
1653011481.4567645 21.0423828125 32.81183782557994 981.2575197778108 1 2 4 1 2 4 390 119 23 2 2 2 
1653011486.5905015 21.0525390625 32.82948191458001 981.2494679812424 1 2 4 1 2 4 390 119 23 2 2 2 
1653011491.7247138 21.0474609375 32.58577394329052 981.235993627609 1 2 4 1 2 4 390 119 23 2 2 2 
1653011496.858664 21.0525390625 32.74058070900824 981.214837541272 1 2 2 1 2 2 384 117 18 0 0 0 
1653011501.99247 21.0423828125 32.57992738532113 981.228681261886 1 2 2 1 2 2 384 117 18 0 0 0 
1653011507.126136 21.0525390625 32.72274183494918 981.2030476816693 1 2 2 1 2 2 384 117 18 0 0 0 
1653011512.2594452 21.0474609375 32.75217880219401 981.2077306145525 1 2 2 1 2 2 351 108 16 0 0 0 
1653011517.393159 21.0576171875 32.811642889447214 981.2191506918723 1 2 2 1 2 2 351 108 16 0 0 0 
1653011522.5260687 21.0576171875 32.87100914472561 981.2352538118489 1 2 2 1 2 2 351 108 16 0 0 0 
1653011527.6598563 21.0830078125 32.72789677748287 981.1970873237498 1 2 2 1 2 2 336 108 20 0 0 0 
1653011532.7941265 21.0931640625 32.60271091740125 981.2435086838873 1 2 2 1 2 2 336 108 20 0 0 0 
1653011537.9281092 21.0931640625 32.52529471865326 981.2208700860484 1 2 2 1 2 2 336 108 20 0 0 0 
1653011543.0614226 21.1033203125 32.41823859217001 981.2356590130789 1 2 2 1 2 2 324 106 24 0 0 0 
1653011548.1950057 21.113671875 32.543137081571125 981.252132523738 1 2 2 1 2 2 324 106 24 0 0 0 
1653011553.328581 21.0982421875 32.554931418014746 981.2259233326599 1 2 2 1 2 2 324 106 24 0 0 0 
1653011558.4620805 21.0931640625 32.58466872189391 981.2541877431186 1 2 2 1 2 2 318 104 22 0 0 0 
1653011563.595612 21.0931640625 32.757336383803796 981.2609254652348 1 2 2 1 2 2 318 104 22 0 0 0 
1653011568.729104 21.0779296875 32.61490484572474 981.270829134512 1 2 2 1 2 2 318 104 22 0 0 0 
1653011573.862498 21.0880859375 32.73969208968605 981.2320884867004 1 2 2 1 2 2 312 102 18 0 0 0 
1653011578.995854 21.0830078125 32.49011591404002 981.2345135566264 1 2 2 1 2 2 312 102 18 0 0 0 
1653011584.129236 21.0779296875 32.63284550259196 981.2244074690157 1 2 2 1 2 2 312 102 18 0 0 0 
1653011589.2623682 21.0677734375 32.61490484572474 981.2176700786764 1 2 2 1 2 2 327 107 20 0 0 0 
1653011594.3943782 21.0728515625 32.531544500289165 981.2459337978322 1 2 2 1 2 2 327 107 20 0 0 0 
1653011599.5259874 21.0728515625 32.597163662240455 981.2193544261562 1 2 2 1 2 2 327 107 20 0 0 0 
1653011604.6591842 21.0880859375 32.69806358231735 981.2354572372127 2 2 2 2 2 2 357 117 22 0 0 0 
1653011609.7926908 21.0728515625 32.466428552722526 981.2277761646058 2 2 2 2 2 2 357 117 22 0 0 0 
1653011614.9250321 21.0677734375 32.692515971149426 981.1839831437943 2 2 2 2 2 2 357 117 22 0 0 0 
1653011620.057924 21.0830078125 32.4543309605614 981.1995127282313 1 2 2 1 2 2 351 108 22 0 0 0 
1653011625.1894734 21.0728515625 32.68636756713613 981.2290901794238 1 2 2 1 2 2 351 108 22 0 0 0 
1653011630.3215396 21.0779296875 32.62105130098134 981.2146717291371 1 2 2 1 2 2 351 108 22 0 0 0 
1653011635.4502654 21.0626953125 32.52600432813416 981.1907205285289 1 2 2 1 2 2 366 110 22 0 0 0 
1653011640.5821779 21.0728515625 32.72224934251019 981.2307745409495 1 2 2 1 2 2 366 110 22 0 0 0 
1653011645.712637 21.0728515625 32.710356024897024 981.2227231213259 1 2 2 1 2 2 366 110 22 0 0 0 
1653011650.8429852 21.0626953125 32.61500462881508 981.2143013839271 1 2 2 1 2 2 357 105 27 0 0 0 
1653011655.9733996 21.0576171875 32.532052018716136 981.2150419644781 1 2 2 1 2 2 357 105 27 0 0 0 
1653011661.1038022 21.0626953125 32.82918630166142 981.1938863014027 1 2 2 1 2 2 357 105 27 0 0 0 
1653011666.2342136 21.0525390625 32.76407170212389 981.21372778335 0 1 1 0 1 1 357 105 27 0 0 0 
1653011671.3645918 21.0576171875 32.549993193723374 981.1918318038792 0 1 1 0 1 1 357 105 27 0 0 0 
1653011676.495058 21.0525390625 32.75227695900537 981.2069905576363 0 1 1 0 1 1 357 105 27 0 0 0 
1653011681.6254125 21.0373046875 32.69291135347032 981.1693623874334 1 2 2 1 2 2 465 136 25 0 0 0 
1653011686.7558484 21.0373046875 32.58587400274546 981.1714167035072 2 3 3 2 3 3 465 136 25 0 0 0 
1653011691.8862827 21.0474609375 32.81183782557994 981.1605708250374 2 3 3 2 3 3 465 136 25 0 0 0 
1653011697.0167108 21.0423828125 32.69301017200015 981.1592568046267 2 2 2 2 2 2 465 136 21 0 0 0 
1653011702.1487083 21.0423828125 32.79399911765405 981.1420437798977 2 2 2 2 2 2 465 136 21 0 0 0 
1653011707.277451 21.0423828125 32.55019414355797 981.1339928586439 2 2 2 2 2 2 465 136 21 0 0 0 
1653011712.409853 21.0423828125 32.82987092358332 981.135677121219 2 3 3 2 3 3 459 136 23 2 0 0 
1653011717.53956 21.0373046875 32.74087545961223 981.1744151797823 2 3 3 2 3 3 459 136 23 2 0 0 
1653011722.6747608 21.0373046875 32.66922465607537 981.1659938595509 1 2 2 1 2 2 459 136 23 2 0 0 
1653011727.8072686 21.0322265625 32.568134373203414 981.1744151797823 1 2 2 1 2 2 459 134 23 2 0 0 
1653011732.941996 21.0423828125 32.60391346956463 981.1697324530162 1 2 2 1 2 2 459 134 23 2 0 0 
1653011738.07649 21.0271484375 32.568134373203414 981.1579427015399 1 2 2 1 2 2 459 134 23 2 0 0 
1653011743.2079983 21.0525390625 32.73433937497488 981.1807821566757 0 1 1 0 1 1 417 120 23 2 0 0 
1653011748.3420594 21.0423828125 32.46693969546649 981.200993498402 0 1 1 0 1 1 417 120 23 2 0 0 
1653011753.475598 21.0525390625 32.6452402339161 981.2174663986839 0 1 1 0 1 1 417 120 23 2 0 0 
1653011758.6072435 21.0525390625 32.7523751049968 981.2460993924138 0 1 2 0 1 2 396 113 23 4 0 0 
1653011763.738219 21.0423828125 32.64533960996994 981.2326250399012 0 1 2 0 1 2 396 113 23 4 0 0 
1653011768.8694425 21.0423828125 32.669125564195596 981.2401015376938 0 1 2 0 1 2 396 113 23 4 0 0 
1653011774.0048246 21.0373046875 32.60976014461964 981.1895735606122 0 2 2 0 2 2 396 118 26 4 0 0 
1653011779.1342115 21.0373046875 32.68141423534794 981.2492616204598 0 2 2 0 2 2 396 118 26 4 0 0 
1653011784.2685025 21.0373046875 32.5861741161869 981.2185757456994 0 2 2 0 2 2 396 118 26 4 0 0 
1653011789.399657 21.0169921875 32.7169925808849 981.1671038080709 0 2 3 0 2 3 396 118 33 4 0 0 
1653011794.5333622 21.0169921875 32.54485046414051 981.1903132565998 0 2 3 0 2 3 396 118 33 4 0 0 
1653011799.6674016 21.0169921875 32.65772864227957 981.2109533649913 0 2 3 0 2 3 396 118 33 4 0 0 
1653011804.797551 21.0220703125 32.82411944175626 981.1856302675714 0 2 2 0 2 2 375 113 28 4 0 0 
1653011809.9314125 21.0169921875 32.65782781673429 981.2163752566938 0 2 2 0 2 2 375 113 28 4 0 0 
1653011815.0661204 21.0119140625 32.681710938657936 981.2167444054273 0 2 2 0 2 2 375 113 28 4 0 0 
1653011820.1981418 21.0169921875 32.63404342016553 981.2251653264876 0 2 2 0 2 2 387 115 28 4 0 0 
1653011825.3280022 21.0119140625 32.717288086595126 981.2820590160553 0 2 2 0 2 2 387 115 28 4 0 0 
1653011830.4566016 21.0068359375 32.758909662170794 981.2234811421354 0 2 2 0 2 2 387 115 28 4 0 0 
1653011835.5894945 21.0220703125 32.65762945700456 981.2261112662615 0 1 2 0 1 2 300 91 30 4 0 0 
1653011840.7219076 21.0169921875 32.59816678955196 981.2496902350707 0 1 2 0 1 2 300 91 30 4 0 0 
1653011845.8502607 21.0271484375 32.73492938357399 981.2294796895363 1 2 3 1 2 3 300 91 30 4 0 0 
1653011850.9827743 21.0220703125 32.7824977032422 981.2059007324955 1 2 3 1 2 3 279 84 30 4 0 0 
1653011856.1176918 21.0220703125 32.6933065626687 981.2143217870055 1 2 3 1 2 3 279 84 30 4 0 0 
1653011861.2526531 21.0271484375 32.574481575968214 981.2378412444937 1 2 3 1 2 3 279 84 30 4 0 0 
1653011866.3870187 21.0119140625 32.639890155299 981.2446375977415 1 3 3 1 3 3 291 88 37 2 0 0 
1653011871.5202932 21.0169921875 32.621852374105124 981.2176902092998 1 3 3 1 3 3 291 88 37 2 0 0 
1653011876.64903 21.0017578125 32.71134210599511 981.2187976148368 1 3 3 1 3 3 291 88 37 2 0 0 
1653011881.778612 21.0119140625 32.58062797691918 981.2032709353733 1 3 3 1 3 3 276 85 39 2 0 0 
1653011886.9094412 21.0068359375 32.66377389010644 981.2281646415545 1 3 3 1 3 3 276 85 39 2 0 0 
1653011892.043525 21.0169921875 32.66971995317058 981.2160059981176 1 3 3 1 3 3 276 85 39 2 0 0 
1653011897.1732476 21.0220703125 32.76465966068028 981.2058409603296 1 3 4 1 3 4 339 103 37 2 0 0 
1653011902.3075178 21.0220703125 32.73483107585747 981.2105241145417 1 3 4 1 3 4 339 103 37 2 0 0 
1653011907.4433067 21.0322265625 32.65148469695963 981.1869447812568 1 3 4 1 3 4 339 103 37 2 0 0 
1653011912.57795 21.0271484375 32.60391346956463 981.2127834524009 1 4 4 1 4 4 366 110 37 0 0 0 
1653011917.7094386 21.0322265625 32.72898329722727 981.1899434635327 1 4 4 1 4 4 366 110 37 0 0 0 
1653011922.8436174 21.0169921875 32.59826665822221 981.1372180472364 1 4 4 1 4 4 366 110 37 0 0 0 
1653011927.9767375 21.0220703125 32.67556703648587 981.1503218166508 2 4 4 2 4 4 408 124 37 0 0 0 
1653011933.1064699 21.0220703125 32.663674783989926 981.1591125790525 2 4 4 2 4 4 408 124 37 0 0 0 
1653011938.234962 21.0169921875 32.7290816624592 981.172216531968 2 4 4 2 4 4 408 124 37 0 0 0 
1653011943.3693857 21.0169921875 32.60391346956463 981.1738407014542 1 3 3 1 3 3 393 120 30 0 0 0 
1653011948.5034146 21.0220703125 32.71124354657569 981.1772091485659 1 3 3 1 3 3 393 120 30 0 0 0 
1653011953.6354477 21.0220703125 32.63404342016553 981.1443245565973 1 3 3 1 3 3 393 120 30 0 0 0 
1653011958.7696223 21.0119140625 32.68745924774882 981.1392720138377 1 3 3 1 3 3 393 120 28 0 0 0 
1653011963.8996043 21.0119140625 32.68745924774882 981.1203761077412 1 3 3 1 3 3 393 120 28 0 0 0 
1653011969.0352023 21.0119140625 32.729180016871105 981.177269160261 1 3 3 1 3 3 393 120 28 0 0 0 
1653011974.1685984 21.0220703125 32.63404342016553 981.1561138254879 1 3 3 1 3 3 393 122 28 0 0 0 
1653011979.295441 21.0068359375 32.800530732653726 981.1544296440076 1 3 3 1 3 3 393 122 28 0 0 0 
1653011984.4281604 20.9966796875 32.789029625847796 981.1935350644382 1 3 3 1 3 3 393 122 28 0 0 0 
1653011989.5575476 21.0017578125 32.56288974422399 981.1770626273038 1 3 3 1 3 3 387 120 28 2 0 0 
1653011994.6893876 21.0017578125 32.69964747359519 981.155168615028 1 3 3 1 3 3 387 120 28 2 0 0 
1653011999.823601 20.9916015625 32.658026133182865 981.1985875732571 1 3 3 1 3 3 387 120 28 2 0 0 
1653012004.9573703 20.9916015625 32.68200754458617 981.2141140596609 1 4 4 1 4 4 399 124 32 2 0 0 
1653012010.0905344 20.9916015625 32.6108569584517 981.1862214481037 1 4 4 1 4 4 399 124 32 2 0 0 
1653012015.2212996 20.9865234375 32.711736235471946 981.1966949960505 1 4 4 1 4 4 399 124 32 2 0 0 
1653012020.3502932 20.9763671875 32.67625959534706 981.2447974955082 1 3 3 1 3 3 435 131 25 2 0 0 
1653012025.4822233 20.9712890625 32.61690228133354 981.1658032580003 1 3 3 1 3 3 435 131 25 2 0 0 
1653012030.6154547 20.9814453125 32.63463987979692 981.1953795602316 1 3 3 1 3 3 435 131 25 2 0 0 
1653012035.747729 20.9814453125 32.80706112784298 981.1899585352058 2 3 3 2 3 3 471 141 23 2 0 0 
1653012040.879415 20.9865234375 32.66417020636986 981.1731173879967 2 3 3 2 3 3 471 141 23 2 0 0 
1653012046.0119295 20.9916015625 32.90803538314236 981.1963262202803 2 3 3 2 3 3 471 141 23 2 0 0 
1653012051.1427646 20.9916015625 32.73542075985674 981.1491706383624 1 3 3 1 3 3 420 127 21 2 0 0 
1653012056.2767417 20.9865234375 32.801310618368035 981.0592913636268 1 3 3 1 3 3 420 127 21 2 0 0 
1653012061.408631 20.9916015625 32.57518226723596 981.1545921341567 1 3 3 1 3 3 420 127 21 2 0 0 
1653012066.537561 20.9814453125 32.6760617754878 981.1566452390523 1 3 3 1 3 3 420 124 17 2 0 0 
1653012071.6672444 20.9814453125 32.68230405313267 981.1263314483225 1 3 3 1 3 3 420 124 17 2 0 0 
1653012076.8008397 20.9814453125 32.83678805316947 981.1229632507533 1 3 3 1 3 3 420 124 17 2 0 0 
1653012081.9356093 20.9814453125 32.61055795725221 981.1370123914381 1 2 2 1 2 2 336 98 10 2 0 0 
1653012087.0692604 20.9916015625 32.71768194272789 981.1053833614657 1 2 2 1 2 2 336 98 10 2 0 0 
1653012092.2017806 20.9916015625 32.71768194272789 981.1585369238384 1 2 2 1 2 2 336 98 10 2 0 0 
1653012097.3344371 20.9966796875 32.81875738909728 981.1589062174829 1 2 2 1 2 2 342 102 14 2 0 0 
1653012102.4692874 20.9916015625 32.61660351761531 981.1602210783487 1 2 2 1 2 2 342 102 14 2 0 0 
1653012107.5988853 21.0017578125 32.67011599608237 981.1508547653424 1 2 2 1 2 2 342 102 14 2 0 0 
1653012112.7313688 20.9916015625 32.61055795725221 981.1383270751787 1 2 2 1 2 2 363 105 18 2 0 0 
1653012117.8658476 21.0017578125 32.67011599608237 981.1564833523624 1 2 2 1 2 2 363 105 18 2 0 0 
1653012122.995693 20.9966796875 32.61045826854478 981.1774317718435 1 2 2 1 2 2 363 105 18 2 0 0 
1653012128.1306193 20.9916015625 32.622549389784375 981.1478556803162 1 3 3 1 3 3 357 103 22 4 0 0 
1653012133.265565 20.9865234375 32.59886564301286 981.1579603614972 1 3 3 1 3 3 357 103 22 4 0 0 
1653012138.4001591 20.9814453125 32.53940672863879 981.1811690629609 1 3 3 1 3 3 357 103 22 4 0 0 
1653012143.5313668 20.9814453125 32.77752939802531 981.1300687444839 1 2 2 1 2 2 357 103 20 2 0 0 
1653012148.6645825 20.9763671875 32.59341899608748 981.1650657405047 1 2 2 1 2 2 357 103 20 2 0 0 
1653012153.7971585 20.9814453125 32.67031395261683 981.1600134394232 1 2 2 1 2 2 357 103 20 2 0 0 
1653012158.929558 20.9814453125 32.80111571185789 981.1246473495028 1 2 2 1 2 2 378 110 18 2 0 0 
1653012164.0593734 20.9814453125 32.52761543511219 981.1583293392027 1 2 2 1 2 2 378 110 18 2 0 0 
1653012169.1945202 20.9763671875 32.61095660387728 981.1472784553239 1 2 2 1 2 2 378 110 18 2 0 0 
1653012174.326329 20.9712890625 32.66446732995469 981.1317528299587 1 2 2 1 2 2 372 108 16 2 0 0 
1653012179.4609365 20.9712890625 32.49818862939532 981.146540639621 1 2 2 1 2 2 372 108 16 2 0 0 
1653012184.5944233 20.9662109375 32.843024315886176 981.1577515538858 1 2 2 1 2 2 372 108 16 2 0 0 
1653012189.7284815 20.9712890625 32.79526781256376 981.1792758470879 1 2 2 1 2 2 336 98 16 2 0 0 
1653012194.860285 20.9611328125 32.81339575660507 981.1055457445649 1 2 2 1 2 2 336 98 16 2 0 0 
1653012199.9950268 20.9560546875 32.59341899608748 981.1345434701766 1 2 2 1 2 2 336 98 16 2 0 0 
1653012205.1258934 20.9662109375 32.640684888095 981.1472784553239 1 2 2 1 2 2 330 94 16 2 0 0 
1653012210.260805 20.9712890625 32.69419515038618 981.1283846590791 1 2 2 1 2 2 330 94 16 2 0 0 
1653012215.3944392 20.9814453125 32.700042063202 981.135489948942 1 2 2 1 2 2 330 94 16 2 0 0 
1653012220.5265596 20.9814453125 32.77733394485156 981.1802226475313 1 2 2 1 2 2 309 87 16 2 0 0 
1653012225.661614 20.9916015625 32.53960767050591 981.1296996461718 1 2 2 1 2 2 309 87 16 2 0 0 
1653012230.7970345 20.9814453125 32.5632906210446 981.145225516279 1 2 2 1 2 2 309 87 16 2 0 0 
1653012235.9328 20.9662109375 32.611155862267026 981.1586982070819 1 2 2 1 2 2 357 101 18 2 0 0 
1653012241.0622933 20.9611328125 32.65287356586876 981.1362275151271 1 2 2 1 2 2 357 101 18 2 0 0 
1653012246.1943457 20.9560546875 32.61125547523121 981.1328594252964 1 2 2 1 2 2 357 101 18 2 0 0 
1653012251.3261158 20.9509765625 32.599364499441045 981.1261232464749 1 2 2 1 2 2 336 94 14 2 0 0 
1653012256.4596615 20.9560546875 32.75979128991231 981.1483843552243 1 2 2 1 2 2 336 94 14 2 0 0 
1653012261.5930145 20.9509765625 32.74224967485456 981.1500683871802 1 2 2 1 2 2 336 94 14 2 0 0 
1653012266.7259605 20.9611328125 32.52821888605715 981.1248079151944 1 2 2 1 2 2 324 94 12 2 0 0 
1653012271.8584638 20.9611328125 32.82557738410426 981.1319125887335 1 2 2 1 2 2 324 94 12 2 0 0 
1653012276.9922564 20.9509765625 32.6829955277012 981.1437007141103 1 2 2 1 2 2 324 94 12 2 0 0 
1653012282.1264622 20.9458984375 32.64702734737428 981.136017338988 1 1 1 1 1 1 318 92 8 0 0 0 
1653012287.2611027 20.9408203125 32.766030049195486 981.1403326779381 1 1 1 1 1 1 318 92 8 0 0 0 
1653012292.395159 20.9509765625 32.77207285242901 981.1251765186302 1 1 1 1 1 1 318 92 8 0 0 0 
1653012297.5293806 20.9458984375 32.76028070440571 981.1369646420461 1 1 1 1 1 1 354 99 6 0 0 0 
1653012302.6634774 20.9408203125 32.57608237692563 981.1377013297194 1 1 1 1 1 1 354 99 6 0 0 0 
1653012307.7971275 20.9306640625 32.68309426650168 981.1575410976843 1 1 1 1 1 1 354 99 6 0 0 0 
1653012312.931041 20.9357421875 32.67110534594529 981.1524890825145 1 1 1 1 1 1 333 90 4 0 0 0 
1653012318.0654247 20.9306640625 32.641677330258645 981.1528572494544 1 1 1 1 1 1 333 90 4 0 0 0 
1653012323.1993861 20.9306640625 32.83171635226004 981.144805418253 1 1 1 1 1 1 333 90 4 0 0 0 
1653012328.333255 20.9357421875 32.76642119925589 981.1461212844275 1 1 2 1 1 2 324 92 8 2 2 0 
1653012333.467243 20.9408203125 32.58182775754111 981.1457530632688 1 1 2 1 1 2 324 92 8 2 2 0 
1653012338.6002958 20.9408203125 32.77811549787071 981.1494892668009 1 1 2 1 1 2 324 92 8 2 2 0 
1653012343.7342262 20.9306640625 32.68309426650168 981.1683811100032 1 1 3 1 1 3 339 95 10 2 2 0 
1653012348.8680894 20.9357421875 32.730654034648346 981.1562252323881 1 1 3 1 1 3 339 95 10 2 2 0 
1653012354.0026824 20.9205078125 32.76067204124242 981.1738008304095 1 1 3 1 1 3 339 95 10 2 2 0 
1653012359.1359599 20.91015625 32.84993776339248 981.1429089734622 1 1 3 1 1 3 333 95 12 2 2 0 
1653012364.2696588 20.9154296875 32.713507675742825 981.144960486099 1 1 3 1 1 3 333 95 12 2 2 0 
1653012369.4023757 20.8796875 32.648315860132094 981.1473792182392 1 1 3 1 1 3 333 95 12 2 2 0 
1653012374.536457 20.894921875 32.987038131452515 981.1659019311837 1 2 3 1 2 3 354 107 16 2 2 0 
1653012379.671179 20.884765625 32.832589139413756 981.1662690286322 1 2 3 1 2 3 354 107 16 2 2 0 
1653012384.8059118 20.8796875 32.802673752128975 981.1615844477991 1 2 3 1 2 3 354 107 16 2 2 0 
1653012389.9404125 20.884765625 32.75521663208239 981.1716875854257 1 2 4 1 2 4 348 105 25 4 2 0 
1653012395.0744472 20.8796875 32.74937017474933 981.1683198726033 1 2 4 1 2 4 348 105 25 4 2 0 
1653012400.2085278 20.884765625 32.73748158638834 981.1700037289795 1 2 4 1 2 4 348 105 25 4 2 0 
1653012405.3426447 20.884765625 32.67803802644277 981.1911601897624 1 3 5 1 3 5 441 129 29 6 2 0 
1653012410.4764798 20.884765625 32.642272276180464 981.1514813126934 1 3 5 1 3 5 441 129 29 6 2 0 
1653012415.6103263 20.88984375 32.802771037678234 981.1746883786354 1 3 5 1 3 5 441 129 29 6 2 0 
1653012420.7441537 20.874609375 32.80306282940767 981.1696367684235 2 3 5 2 3 5 462 133 29 6 2 0 
1653012425.8780425 20.8796875 32.915806084818804 981.1679528984928 2 3 5 2 3 5 462 133 29 6 2 0 
1653012431.0117757 20.894921875 32.5889704788528 981.1683198726033 2 3 5 2 3 5 462 133 29 6 2 0 
1653012436.1444721 20.8796875 32.82674198520062 981.1649521600613 2 3 5 2 3 5 462 130 29 6 2 0 
1653012441.2787704 20.884765625 32.77334242816969 981.1514813126934 2 3 5 2 3 5 462 130 29 6 2 0 
1653012446.413105 20.8796875 32.7139008530534 981.1481136015516 2 3 5 2 3 5 462 130 29 6 2 0 
1653012451.546932 20.88984375 32.68408105939657 981.1258561729848 2 3 6 2 3 6 453 132 33 8 4 0 
1653012456.6810036 20.8796875 32.85061493569113 981.1514813126934 2 3 6 2 3 6 453 132 33 8 4 0 
1653012461.8156638 20.884765625 32.70181557404912 981.1350098952045 2 3 6 2 3 6 453 132 33 8 4 0 
1653012466.9496832 20.8796875 32.61274837123932 981.1342755145853 2 3 6 2 3 6 468 137 33 8 4 0 
1653012472.0837362 20.884765625 32.81475667411719 981.1810568844405 2 3 6 2 3 6 468 137 33 8 4 0 
1653012477.2176316 20.88984375 32.67784059611094 981.1331731202725 2 3 6 2 3 6 468 137 33 8 4 0 
1653012482.3502626 20.894921875 32.713605986300564 981.1305403956421 2 3 5 2 3 5 456 130 33 6 2 0 
1653012487.4835885 20.894921875 32.58887075483496 981.1773220042076 2 3 5 2 3 5 456 130 33 6 2 0 
1653012492.617333 20.9 32.814659536051394 981.1921099837168 2 3 5 2 3 5 456 130 33 6 2 0 
1653012497.7520177 20.884765625 32.82070083951839 981.143062035364 2 4 5 2 4 5 456 132 38 6 2 0 
1653012502.8860748 20.884765625 32.683982428797876 981.175055298528 2 4 5 2 4 5 456 132 38 6 2 0 
1653012508.0199685 20.874609375 32.80881249841366 981.1726374652644 2 4 5 2 4 5 456 132 38 6 2 0 
1653012513.1534154 20.884765625 32.719648626579286 981.1346427597854 2 4 6 2 4 6 489 139 43 8 2 0 
1653012518.2863135 20.88984375 32.60075985831313 981.1683198726033 2 4 6 2 4 6 489 139 43 8 2 0 
1653012523.4205914 20.86953125 32.600959022166926 981.1703705797551 2 4 6 2 4 6 489 139 43 8 2 0 
1653012528.5550892 20.8796875 32.74362176938494 981.1632683038952 2 4 6 2 4 6 495 139 41 8 2 0 
1653012533.6887906 20.8796875 32.77928652902103 981.1417452613096 2 4 6 2 4 6 495 139 41 8 2 0 
1653012538.8202536 20.874609375 32.933733785357035 981.1666360162973 2 4 6 2 4 6 495 139 41 8 2 0 
1653012543.9533823 20.874609375 32.66614919082553 981.1333260538531 2 4 5 2 4 5 522 146 32 6 2 0 
1653012549.0876029 20.8796875 32.7852306195705 981.1632683038952 2 4 5 2 4 5 522 146 32 6 2 0 
1653012554.2221599 20.874609375 32.81485380136331 981.175055298528 2 4 5 2 4 5 522 146 32 6 2 0 
1653012559.3555973 20.8796875 32.749663779013886 981.1632683038952 1 3 4 1 3 4 438 125 28 4 2 0 
1653012564.4895258 20.8796875 32.6959696965266 981.1585836814738 1 3 4 1 3 4 438 125 28 4 2 0 
1653012569.623401 20.864453125 32.72578925049163 981.1686867369334 1 3 4 1 3 4 438 125 28 4 2 0 
1653012574.757677 20.874609375 32.767398317016486 981.1346427597854 0 2 3 0 2 3 408 118 30 4 2 0 
1653012579.8915281 20.8796875 32.74956592174563 981.1754221086402 0 2 3 0 2 3 408 118 30 4 2 0 
1653012585.0245628 20.8796875 32.75531445347631 981.1730045084947 0 2 3 0 2 3 408 118 30 4 2 0 
1653012590.1580884 20.86953125 32.71994325586547 981.1649521600613 1 3 4 1 3 4 414 123 30 4 2 0 
1653012595.292337 20.86953125 32.58916989442688 981.1825241275834 1 3 4 1 3 4 414 123 30 4 2 0 
1653012600.4267323 20.859375 32.69636735037472 981.1432124883536 1 3 4 1 3 4 414 123 30 4 2 0 
1653012605.5607777 20.84921875 32.892610991391834 981.1651017311045 1 4 4 1 4 4 408 121 33 4 0 0 
1653012610.6946232 20.84921875 32.83327109303456 981.1654680872318 1 4 4 1 4 4 408 121 33 4 0 0 
1653012615.8289404 20.773046875 32.78601363959959 981.1342092766038 1 4 4 1 4 4 408 121 33 4 0 0 
1653012620.9609296 20.844140625 32.80374703546059 981.1224230537582 1 4 4 1 4 4 393 118 37 8 0 0 
1653012626.0949178 20.8390625 32.8038442015768 981.148045425706 1 4 4 1 4 4 393 118 37 8 0 0 
1653012631.2294815 20.8390625 32.86922213572874 981.1534626516499 1 4 4 1 4 4 393 118 37 8 0 0 
1653012636.3640265 20.833984375 32.685070559380975 981.1443117560592 1 4 4 1 4 4 372 111 33 8 0 0 
1653012641.4950504 20.8390625 32.73261937276523 981.134941735583 1 4 4 1 4 4 372 111 33 8 0 0 
1653012646.6269753 20.833984375 32.6968594392173 981.1450440523876 1 4 4 1 4 4 372 111 33 8 0 0 
1653012651.7586846 20.833984375 32.78026494477239 981.1416766131726 2 4 4 2 4 4 492 144 28 8 0 0 
1653012656.8898854 20.833984375 32.83375521533348 981.1332580163605 2 4 4 2 4 4 492 144 28 8 0 0 
1653012662.0202913 20.82890625 32.78620834936606 981.1214719837642 2 4 4 2 4 4 492 144 28 8 0 0 
1653012667.1520753 20.8390625 32.64930958474932 981.156097985276 2 4 4 2 4 4 480 141 23 6 0 0 
1653012672.2856984 20.8390625 32.7680854088109 981.1405779227146 2 4 4 2 4 4 480 141 23 6 0 0 
1653012677.4181192 20.84921875 32.73826917474597 981.1200061930256 2 4 4 2 4 4 480 141 23 6 0 0 
1653012682.5528655 20.84921875 32.78572149380152 981.1233737389944 2 4 4 2 4 4 459 136 21 6 0 0 
1653012687.6832824 20.8390625 32.791859867778186 981.1160545042804 2 4 4 2 4 4 459 136 21 6 0 0 
1653012692.8140328 20.833984375 32.82771502198445 981.1012673644368 2 4 4 2 4 4 459 136 21 6 0 0 
1653012697.9460838 20.82890625 32.7268718619424 981.1618812526624 1 3 3 1 3 3 417 124 21 6 0 0 
1653012703.0756874 20.82890625 32.86941493223007 981.1100522227649 1 3 3 1 3 3 417 124 21 6 0 0 
1653012708.205864 20.82890625 32.79224901398141 981.1084249848251 1 3 3 1 3 3 417 124 21 6 0 0 
1653012713.3378613 20.82890625 32.649507437938155 981.1016337003747 1 3 3 1 3 3 444 126 21 6 0 0 
1653012718.4662993 20.81875 32.9289426685056 981.100738680225 1 3 3 1 3 3 444 126 21 6 0 0 
1653012723.600089 20.823828125 32.89913107974099 981.0965825877806 1 3 3 1 3 3 444 126 21 6 0 0 
1653012728.731091 20.823828125 32.66149346369253 981.1101086753542 1 3 3 1 3 3 438 124 17 6 0 0 
1653012733.8617733 20.82890625 32.82206240714442 981.1252055674781 0 2 2 0 2 2 438 124 17 6 0 0 
1653012738.9886684 20.82890625 32.79215174366024 981.0704327569197 0 2 2 0 2 2 438 124 17 6 0 0 
1653012744.1191025 20.81875 32.88743699488554 981.1054236916867 1 2 4 1 2 4 480 138 19 8 2 2 
1653012749.2494926 20.81875 32.80442697106017 981.1087910454268 2 3 5 2 3 5 480 138 19 8 2 2 
1653012754.3798814 20.80859375 32.78084922439266 981.0913685739288 2 3 5 2 3 5 480 138 19 8 2 2 
1653012759.5103042 20.803515625 32.88187873202287 981.0765817498966 2 3 5 2 3 5 474 136 14 6 2 2 
1653012764.6407757 20.803515625 32.733402785612036 981.057110080537 2 3 5 2 3 5 474 136 14 6 2 2 
1653012769.7713025 20.7984375 32.76915815094843 981.0705788297834 2 3 5 2 3 5 474 136 14 6 2 2 
1653012774.9012835 20.78828125 32.798678177293006 981.0874147726413 2 2 4 2 2 4 483 134 14 2 2 2 
1653012780.0329952 20.78828125 32.75727236299873 981.0857311780405 2 2 4 2 2 4 483 134 14 2 2 2 
1653012785.1625066 20.793359375 32.7512317806639 981.095467222562 2 2 4 2 2 4 483 134 14 2 2 2 
1653012790.2920156 20.793359375 32.84018203738833 981.1169886818266 2 2 4 2 2 4 474 134 14 2 2 2 
1653012795.4231641 20.80859375 32.97121024395639 981.1119378131302 2 2 4 2 2 4 474 134 14 2 2 2 
1653012800.553525 20.7984375 32.899611173439396 981.0812667621424 2 2 4 2 2 4 474 134 14 2 2 2 
1653012805.6840005 20.7984375 32.88791766367223 981.1330939418923 1 2 4 1 2 4 354 99 16 4 2 2 
1653012810.8143985 20.82890625 32.857624919809574 981.1218381570518 1 2 4 1 2 4 354 99 16 4 2 2 
1653012815.9447975 20.82890625 32.83969852723167 981.0949554631121 1 2 4 1 2 4 354 99 16 4 2 2 
1653012821.0752437 20.823828125 32.73866082423068 981.1369915061754 1 2 3 1 2 3 345 99 14 4 2 2 
1653012826.2055788 20.82890625 32.78153039164896 980.8685505509404 1 2 3 1 2 3 345 99 14 4 2 2 
1653012831.3359628 20.833984375 32.76243466919437 981.1353078004372 1 2 3 1 2 3 345 99 14 4 2 2 
1653012836.466392 20.82890625 32.85752840112921 981.1319966586038 1 2 4 1 2 4 387 113 18 4 2 2 
1653012841.596975 20.823828125 32.8516817071397 981.1269455844962 1 2 4 1 2 4 387 113 18 4 2 2 
1653012846.7290857 20.82890625 32.72696987311296 981.1054236916867 1 2 4 1 2 4 387 113 18 4 2 2 
1653012851.8577154 20.81875 32.70319632764401 981.106741294366 2 3 5 2 3 5 438 129 20 4 2 2 
1653012856.9873571 20.81875 32.733011165748465 981.061429160818 2 3 5 2 3 5 438 129 20 4 2 2 
1653012862.121483 20.823828125 32.697252915529205 981.0855857157371 2 3 5 2 3 5 438 129 20 4 2 2 
1653012867.2552311 20.80859375 32.780557133271614 981.0445929573807 2 3 5 2 3 5 432 129 22 6 2 2 
1653012872.3872976 20.80859375 32.82819926954503 981.048911488802 2 3 5 2 3 5 432 129 22 6 2 2 
1653012877.520135 20.81875 32.76262988234557 981.0539624310522 2 3 5 2 3 5 432 129 22 6 2 2 
1653012882.6505935 20.7984375 32.87603215096975 981.0803147485392 2 4 5 2 4 5 480 145 24 6 2 2 
1653012887.7808874 20.80859375 32.85791441093364 981.0973713542932 2 4 5 2 4 5 480 145 24 6 2 2 
1653012892.9113672 20.813671875 32.697547909151915 981.120576785722 2 4 5 2 4 5 480 145 24 6 2 2 
1653012898.041722 20.80859375 32.6856614640426 981.099055017224 2 4 4 2 4 4 453 136 24 4 0 0 
1653012903.1721964 20.813671875 32.810467083175865 981.0906367032698 2 4 4 2 4 4 453 136 24 4 0 0 
1653012908.3027062 20.80859375 32.685759910282314 981.0883671008778 2 4 4 2 4 4 453 136 24 4 0 0 
1653012913.4366655 20.813671875 32.73915014263748 981.1119378131302 2 4 4 2 4 4 411 122 22 4 0 0 
1653012918.5706112 20.7984375 32.786986755640925 981.1177194874253 2 4 4 2 4 4 411 122 22 4 0 0 
1653012923.7034214 20.78828125 32.662381939978104 981.1130339789129 2 4 4 2 4 4 411 122 22 4 0 0 
1653012928.8304985 20.778125 32.94772621650912 981.0821418818194 2 4 4 2 4 4 411 127 22 4 0 0 
1653012933.962577 20.762890625 32.775587865081356 981.1043928308304 2 4 4 2 4 4 411 127 22 4 0 0 
1653012939.0940742 20.7578125 32.918109955325434 981.0882873438319 2 4 4 2 4 4 411 127 22 4 0 0 
1653012944.2224023 20.762890625 32.93593696777618 981.0905595833952 2 4 4 2 4 4 411 127 22 4 0 0 
1653012949.3551404 20.762890625 32.941879284666435 981.1030741284762 2 4 4 2 4 4 411 127 22 4 0 0 
1653012954.4865704 20.752734375 32.66891628777939 981.0529338658022 2 4 4 2 4 4 411 127 22 4 0 0 
1653012959.6170247 20.7578125 32.9656484492608 981.0704984952729 1 2 2 1 2 2 411 127 20 2 0 0 
1653012964.7474487 20.762890625 32.72824303371031 981.075184184649 1 2 2 1 2 2 411 127 20 2 0 0 
1653012969.8773947 20.7578125 32.63326103021191 981.0923836347339 1 2 2 1 2 2 411 127 20 2 0 0 
1653012975.0073404 20.74765625 32.74616807432083 981.0920190438985 1 2 2 1 2 2 405 123 20 2 0 0 
1653012980.139303 20.762890625 32.79341541389487 981.1040279095563 2 3 3 2 3 3 405 123 20 2 0 0 
1653012985.2712917 20.778125 33.000922783028855 981.0653064839171 2 3 3 2 3 3 405 123 20 2 0 0 
1653012990.404487 20.783203125 32.84076189253052 981.0838254219944 1 4 4 1 4 4 399 116 25 4 0 0 
1653012995.53625 20.78828125 32.905841751807316 981.1568071379988 1 4 4 1 4 4 399 116 25 4 0 0 
1653013000.6706553 20.78828125 32.929612256755334 981.1369691149916 1 4 4 1 4 4 399 116 25 4 0 0 
1653013005.8010511 20.778125 32.971400500950196 981.0948798979199 1 3 3 1 3 3 363 105 23 4 0 0 
1653013010.9342167 20.78828125 32.947535434549835 981.0952451064134 1 3 3 1 3 3 363 105 23 4 0 0 
1653013016.065664 20.783203125 32.745484264286105 981.1087135426853 1 3 3 1 3 3 363 105 23 4 0 0 
1653013021.1988835 20.76796875 32.911784393490734 981.1032977378345 1 4 4 1 4 4 411 126 28 4 0 0 
1653013026.3302784 20.773046875 32.903350297049236 980.9178670451819 1 4 4 1 4 4 411 126 28 4 0 0 
1653013031.462354 20.762890625 32.745875077796924 981.1178610530404 1 4 4 1 4 4 411 126 28 4 0 0 
1653013036.5939462 20.7578125 32.8529363536951 981.1101728456993 1 4 4 1 4 4 411 122 30 4 0 0 
1653013041.725854 20.773046875 32.94791695519177 981.0795049411215 1 4 4 1 4 4 411 122 30 4 0 0 
1653013046.8588326 20.7578125 32.84105167403747 981.08887604294 1 4 4 1 4 4 411 122 30 4 0 0 
1653013051.9926314 20.76796875 32.948012308304364 981.0529338658022 1 4 4 1 4 4 396 112 30 6 0 0 
1653013057.1271112 20.752734375 32.841148246234006 981.0031596788114 1 4 4 1 4 4 396 112 30 6 0 0 
1653013062.2613776 20.7578125 32.90066642747371 981.0183109027516 1 4 4 1 4 4 396 112 30 6 0 0 
1653013067.3953102 20.752734375 32.79370677042893 981.0391006518583 1 4 4 1 4 4 429 123 37 6 0 0 
1653013072.528998 20.752734375 32.89462836540213 981.0216778421751 1 4 4 1 4 4 429 123 37 6 0 0 
1653013077.6619968 20.752734375 32.85283990733873 981.0199943724283 1 4 4 1 4 4 429 123 37 6 0 0 
