timestamp temperature humidity pressure pm10_standard pm25_standard pm100_standard pm10_env pm25_env pm100_env particles_03um particles_05um particles_10um particles_25um particles_50um particles_100um
1666912850.0780938 19.9341796875 35.322957902893975 986.8945643185776 0 0 0 0 0 0 78 24 4 0 0 0 
1666912855.207953 19.9443359375 35.35272565155778 986.9228502538547 0 0 0 0 0 0 126 34 8 0 0 0 
1666912860.3417351 19.9443359375 35.423848335166326 986.8528263311716 0 0 0 0 0 0 126 34 8 0 0 0 
1666912865.4758096 19.9392578125 35.287394880674945 986.8996090229145 0 0 0 0 0 0 126 34 8 0 0 0 
1666912870.6095324 19.9443359375 35.524410592573155 986.926514123323 0 0 0 0 0 0 114 30 8 0 0 0 
1666912875.7431905 19.9443359375 35.51255685399684 986.8996090229145 0 0 0 0 0 0 114 30 8 0 0 0 
1666912880.8770008 19.9494140625 35.47119791737933 986.9046537278798 0 0 0 0 0 0 114 30 8 0 0 0 
1666912886.0097454 19.9544921875 35.42365250669873 986.9093975941036 0 0 0 0 0 0 99 25 6 0 0 0 
1666912891.1440492 19.9544921875 35.388090121485604 986.8727039403774 0 0 0 0 0 0 99 25 6 0 0 0 
1666912896.2777226 19.9544921875 35.399878720249205 986.9074150497959 0 0 0 0 0 0 99 25 6 0 0 0 
1666912901.4113142 19.959765625 35.31097042583367 986.905432369219 0 0 0 0 0 0 99 25 8 0 0 0 
1666912906.5454934 19.975 35.38170236689911 986.8641688834384 0 0 0 0 0 0 99 25 8 0 0 0 
1666912911.6797724 19.980078125 35.458760076560765 986.916775350464 0 0 0 0 0 0 99 25 8 0 0 0 
1666912916.8139162 19.975 35.28692666033055 986.9042269370989 0 0 0 0 0 0 111 29 8 0 0 0 
1666912921.948413 19.980078125 35.186086547125775 986.9140153687823 0 0 0 0 0 0 111 29 8 0 0 0 
1666912927.0826817 19.980078125 35.47667186513567 986.9100485326491 0 0 0 0 0 0 111 29 8 0 0 0 
1666912932.2158656 19.975 35.381834036515016 986.869213828183 0 0 0 0 0 0 90 26 10 0 0 0 
1666912937.3492432 19.969921875 35.399681943363134 986.8490340529745 0 0 0 0 0 0 138 41 4 0 0 0 
1666912942.482626 19.975 35.45302765411192 986.8627889868242 0 0 0 0 0 0 132 39 4 0 0 0 
1666912947.615732 19.969921875 35.50044536601521 986.8728787952 0 0 0 0 0 0 132 39 4 0 0 0 
1666912952.7503235 19.96484375 35.287127391055016 986.858045766495 0 0 0 0 0 0 132 39 4 0 0 0 
1666912957.8845804 19.980078125 35.25735540051342 986.8664538711507 0 0 0 0 0 0 117 34 6 0 0 0 
1666912963.0186756 19.96484375 35.168439318934446 986.8630906290789 0 0 0 0 0 0 117 34 6 0 0 0 
1666912968.150003 19.969921875 35.48259914221606 986.8661522560036 0 0 0 0 0 0 117 34 6 0 0 0 
1666912973.2807364 19.975 35.3581902604667 986.8533025188797 0 0 0 0 0 0 117 34 4 0 0 0 
1666912978.4111314 19.975 35.453092643198005 986.8540789958341 0 0 0 0 0 0 117 34 4 0 0 0 
1666912983.5417204 19.96484375 35.447100393955914 986.864470621379 0 0 0 0 0 0 117 34 4 0 0 0 
1666912988.672048 19.969921875 35.29298802878853 986.892756911966 0 0 0 0 0 0 117 34 4 0 0 0 
1666912993.8051984 19.975 35.328619458152296 986.8823653191498 0 0 0 0 0 0 117 34 4 0 0 0 
1666912998.9394484 19.975 35.41739853004213 986.8496376635849 0 0 0 0 0 0 117 34 4 0 0 0 
1666913004.072849 19.975 35.41739853004213 986.8456707580839 0 0 0 0 0 0 96 27 4 0 0 0 
1666913009.203723 19.969921875 35.27527242240745 986.8530009045395 0 0 0 0 0 0 96 27 4 0 0 0 
1666913014.3343482 19.969921875 35.4944536655974 986.8731803561319 0 0 0 0 0 0 96 27 4 0 0 0 
1666913019.4647055 19.969921875 35.381834036515016 986.8837451878685 0 0 0 0 0 0 126 33 8 0 0 0 
1666913024.5951405 19.975 35.239504901975174 986.8436871009137 0 0 0 0 0 0 126 33 8 0 0 0 
1666913029.7256656 19.980078125 35.286859728468194 986.8588220514772 0 0 0 0 0 0 96 26 6 0 0 0 
1666913034.855967 19.980078125 35.44110798719729 986.8456707580839 0 0 0 0 0 0 96 26 6 0 0 0 
1666913039.9888778 19.980078125 35.52982458561077 986.8618834046105 0 0 0 0 0 0 96 26 6 0 0 0 
1666913045.1208212 19.980078125 35.3877614777524 986.8551567044434 0 0 0 0 0 0 96 22 4 0 0 0 
1666913050.252714 19.980078125 35.44684005661931 986.8713693518932 0 0 0 0 0 0 96 22 4 0 0 0 
1666913055.3851802 19.9953125 35.34020903578452 986.8383399589131 0 0 0 0 0 0 96 22 4 0 0 0 
1666913060.5194552 19.990234375 35.4052814490453 986.8394170130407 0 0 0 0 0 0 102 22 2 0 0 0 
1666913065.647593 20.00546875 35.434854453314905 986.8657196206871 0 0 0 0 0 0 102 22 2 0 0 0 
1666913070.7784998 19.9953125 35.39342607206558 986.8758099995837 0 0 0 0 0 0 102 22 2 0 0 0 
1666913075.9116411 20.00546875 35.46449280079985 986.849507222587 0 0 0 0 0 0 90 20 2 0 0 0 
1666913081.0402055 20.000390625 35.476348067966896 986.8640378911151 0 0 0 0 0 0 90 20 2 0 0 0 
1666913086.1702602 20.00546875 35.40521584930518 986.889263842023 0 0 0 0 0 0 90 20 2 0 0 0 
1666913091.3009777 20.00546875 35.40521584930518 986.8505840570548 0 0 0 0 0 0 102 24 4 0 0 0 
1666913096.4313245 20.00546875 35.39922241894468 986.8553266873965 0 0 0 0 0 0 102 24 4 0 0 0 
1666913101.561501 20.00546875 35.22138305316289 986.8553266873965 0 0 0 0 0 0 93 31 6 2 0 0 
1666913106.692181 19.9953125 35.559333788905185 986.8889615561959 0 0 0 0 0 0 93 31 6 2 0 0 
1666913111.822534 19.9953125 35.29265371062601 986.8394170130407 0 0 0 0 0 0 93 31 6 2 0 0 
1666913116.952897 20.000390625 35.36964918588081 986.8738258617799 0 0 0 0 0 0 102 34 4 0 0 0 
1666913122.0835373 20.010546875 35.452702546533956 986.8808551899747 0 0 0 0 0 0 102 34 4 0 0 0 
1666913127.2169995 20.000390625 35.36964918588081 986.8522657860681 0 0 0 0 0 0 102 34 4 0 0 0 
1666913132.3441274 20.000390625 35.48813863867151 986.8956885333074 0 0 0 0 0 0 87 29 4 0 0 0 
1666913137.4761605 19.9953125 35.529760429359925 986.9037949831676 0 0 0 0 0 0 87 29 4 0 0 0 
1666913142.6075773 20.00546875 35.42892675303494 986.8934019708133 0 0 0 0 0 0 87 29 4 0 0 0 
1666913147.7409332 20.00546875 35.559206104553795 986.8505840570548 0 0 0 0 0 0 99 33 6 0 0 0 
1666913152.873802 20.010546875 35.411078048304205 986.8749024890238 0 0 0 0 0 0 99 33 6 0 0 0 
1666913158.0032523 20.015625 35.42873070765323 986.8735233447067 0 0 0 0 0 0 99 33 6 0 0 0 
1666913163.1373467 20.010546875 35.304242333190714 986.8583875339602 0 0 0 0 0 0 120 40 8 0 0 0 
1666913168.2674007 20.015625 35.44071694213155 986.895386192437 0 0 0 0 0 0 120 40 8 0 0 0 
1666913173.3977678 20.015625 35.428796066923724 986.8701598307188 0 0 0 0 0 0 120 40 8 0 0 0 
1666913178.5282304 20.010546875 35.20945889415937 986.86679631701 0 1 2 0 1 2 129 43 10 2 2 0 
1666913183.660501 20.015625 35.48208148280787 986.8496759365632 0 0 0 0 0 0 141 47 10 0 0 0 
1666913188.7895653 20.015625 35.40495334224463 986.8460094449563 0 0 0 0 0 0 132 44 10 0 0 0 
1666913193.9243455 20.020703125 35.38723508565562 986.8756758064632 0 0 0 0 0 0 132 44 10 0 0 0 
1666913199.0567274 20.030859375 35.38703751025311 986.853812263905 0 0 0 0 0 0 132 44 10 0 0 0 
1666913204.1882648 20.0359375 35.315631672094845 986.8717059476646 0 0 0 0 0 0 90 30 10 0 0 0 
1666913209.3175187 20.0359375 35.41055332054538 986.8498420545137 0 0 0 0 0 0 90 30 10 0 0 0 
1666913214.4454331 20.04609375 35.46983630959113 986.8431147051493 0 0 0 0 0 0 90 30 10 0 0 0 
1666913219.5769413 20.04609375 35.37504907264921 986.8694174089933 0 0 0 0 0 0 99 33 8 0 0 0 
1666913224.7084773 20.041015625 35.4283383250218 986.8347055200152 0 0 0 0 0 0 99 33 8 0 0 0 
1666913229.8397756 20.041015625 35.345340847205456 986.8778267370021 0 0 0 0 0 0 99 33 8 0 0 0 
1666913234.970874 20.02578125 35.35133561625766 986.8635999970522 0 0 0 0 0 0 120 38 6 0 0 0 
1666913240.1002629 20.0359375 35.452116671873775 986.8902061741642 0 0 0 0 0 0 120 38 6 0 0 0 
1666913245.2302082 20.0359375 35.25661492168278 986.8490699765794 0 0 0 0 0 0 120 38 6 0 0 0 
1666913250.3611047 20.0359375 35.345340847205456 986.8733877860883 0 0 0 0 0 0 111 35 4 0 0 0 
1666913255.4906995 20.030859375 35.4047563484441 986.8747663697254 0 0 0 0 0 0 111 35 4 0 0 0 
1666913260.6230595 20.030859375 35.42254097435898 986.8857666762394 0 0 0 0 0 0 111 35 4 0 0 0 
1666913265.7567506 20.0359375 35.46390805687057 986.8753727701599 0 0 2 0 0 2 99 25 6 4 2 0 
1666913270.883917 20.0359375 35.422475492814186 986.8588576957555 0 0 2 0 0 2 99 25 6 4 2 0 
1666913276.0157285 20.041015625 35.48775047915677 986.864978594669 0 0 1 0 0 1 105 27 2 2 2 0 
1666913281.1473582 20.04609375 35.39276822370094 986.8828723346456 0 0 1 0 0 1 105 27 2 2 2 0 
1666913286.277111 20.04609375 35.41654722621363 986.8593262176869 0 0 1 0 0 1 105 27 2 2 2 0 
1666913291.4103343 20.04609375 35.33927945147855 986.8495385963445 0 0 1 0 0 1 138 38 4 2 2 0 
1666913296.5445495 20.04609375 35.321426891149656 986.8444930435539 0 0 1 0 0 1 138 38 4 2 2 0 
1666913301.6783175 20.05625 35.315498177164336 986.8539769869062 0 0 1 0 0 1 138 38 4 2 2 0 
1666913306.8122568 20.051171875 35.38677392504202 986.8680389619542 0 0 1 0 0 1 138 42 4 2 2 0 
1666913311.944056 20.05625 35.53491798747115 986.8876145679325 0 0 1 0 0 1 138 42 4 2 2 0 
1666913317.0771825 20.05625 35.45778447999746 986.8542806229765 0 0 1 0 0 1 138 42 4 2 2 0 
1666913322.2091036 20.051171875 35.39257065839547 986.8707957739275 0 0 1 0 0 1 150 46 4 2 2 0 
1666913327.341954 20.051171875 35.43413589508011 986.8879179329177 0 0 1 0 0 1 150 46 4 2 2 0 
1666913332.4716835 20.051171875 35.49341983806502 986.8640682582809 0 0 1 0 0 1 150 46 4 2 2 0 
1666913337.6013746 20.051171875 35.499348175913795 986.8943504364274 0 0 0 0 0 0 129 41 4 0 0 0 
1666913342.7286134 20.061328125 35.386642067576005 986.843893644312 0 0 0 0 0 0 129 41 4 0 0 0 
1666913347.8556046 20.061328125 35.34494234440793 986.8752421359931 0 0 0 0 0 0 120 30 6 0 0 0 
1666913352.9898012 20.05625 35.39250478167353 986.8623944607897 0 0 0 0 0 0 120 30 6 0 0 0 
1666913358.1203735 20.051171875 35.36885623353467 986.8660536782784 0 0 0 0 0 0 120 30 6 0 0 0 
1666913363.2534556 20.05625 35.463712947651075 986.8296600097725 0 0 0 0 0 0 120 30 6 0 0 0 
1666913368.3850415 20.05625 35.38677392504202 986.8811904686947 0 0 0 0 0 0 120 30 6 0 0 0 
1666913373.5165102 20.061328125 35.5170686946617 986.8539769869062 0 0 0 0 0 0 120 30 6 0 0 0 
1666913378.6497588 20.051171875 35.463712947651075 986.8368620849947 0 0 0 0 0 0 126 35 4 0 0 0 
1666913383.7826838 20.05625 35.546646314176655 986.8237109450647 0 0 0 0 0 0 126 35 4 0 0 0 
1666913388.9144106 20.05625 35.36292760165991 986.890986648331 0 0 0 0 0 0 126 35 4 0 0 0 
1666913394.0478528 20.061328125 35.40436206897267 986.8388400845578 0 0 0 0 0 0 111 33 4 0 0 0 
1666913399.1772308 20.05625 35.65928381542929 986.8570449535979 0 0 0 0 0 0 111 33 4 0 0 0 
1666913404.3073392 20.06640625 35.36286138380468 986.8284525593782 0 0 0 0 0 0 111 33 4 0 0 0 
1666913409.4393315 20.05625 35.522932683871595 986.8307345226385 0 0 0 0 0 0 117 35 4 0 0 0 
1666913414.5689635 20.061328125 35.49341983806502 986.8553630474968 0 0 0 0 0 0 117 35 4 0 0 0 
1666913419.7020688 20.05625 35.451921185743224 986.8422038401463 0 0 0 0 0 0 117 35 4 0 0 0 
1666913424.8333101 20.06640625 35.516746366433004 986.8769240564865 0 0 0 0 0 0 111 33 4 0 0 0 
1666913429.9636483 20.071484375 35.52873245924573 986.843589706745 0 1 1 0 1 1 132 42 12 2 0 0 
1666913435.0954773 20.081640625 35.469511414625124 986.859496704183 0 0 0 0 0 0 123 39 8 0 0 0 
1666913440.2269297 20.091796875 35.59981085019781 986.8611786511567 0 0 0 0 0 0 123 39 8 0 0 0 
1666913445.3610322 20.071484375 35.368591570161385 986.8662244924966 0 0 0 0 0 0 123 39 8 0 0 0 
1666913450.4930406 20.081640625 35.42788005343334 986.8729522819277 0 0 0 0 0 0 108 34 8 0 0 0 
1666913455.6202452 20.0765625 35.56417572797789 986.8443591845632 0 0 0 0 0 0 108 34 8 0 0 0 
1666913460.7532933 20.08671875 35.36253013237602 986.8672979875886 0 0 0 0 0 0 108 34 8 0 0 0 
1666913465.8834014 20.08671875 35.44560109231567 986.8723439110931 0 0 0 0 0 0 93 29 6 0 0 0 
1666913471.0120032 20.08671875 35.43367794972465 986.8319765406569 0 0 0 0 0 0 93 29 6 0 0 0 
1666913476.1398292 20.08671875 35.52267507255362 986.8521602208463 0 0 0 0 0 0 93 29 6 0 0 0 
1666913481.2711813 20.096875 35.52254620203708 986.8487962734497 0 0 0 0 0 0 99 31 6 0 0 0 
1666913486.4054675 20.096875 35.63531853849519 986.8376313998814 0 0 0 0 0 0 99 31 6 0 0 0 
1666913491.5397592 20.08671875 35.46338754942251 986.8911497269568 0 0 0 0 0 0 99 31 6 0 0 0 
1666913496.6731205 20.101953125 35.6350635091686 986.8487962734497 0 0 0 0 0 0 120 38 4 0 0 0 
1666913501.8066263 20.101953125 35.48104408852229 986.8767811085055 0 0 0 0 0 0 120 38 4 0 0 0 
1666913506.9392524 20.10703125 35.38018505841341 986.8650070967434 0 0 0 0 0 0 120 38 4 0 0 0 
1666913512.0734572 20.096875 35.427617946135705 986.873721549918 0 0 0 0 0 0 138 43 6 0 0 0 
1666913517.2069194 20.10703125 35.49869882063583 986.8723439110931 0 0 0 0 0 0 138 43 6 0 0 0 
1666913522.341297 20.112109375 35.492901886568156 986.8838134805587 0 0 0 0 0 0 168 48 8 0 0 0 
1666913527.4741745 20.101953125 35.4631245304894 986.8851911190027 0 0 0 0 0 0 168 48 8 0 0 0 
1666913532.6072223 20.10703125 35.326888977294225 986.8770855265188 0 0 0 0 0 0 168 48 8 0 0 0 
1666913537.7414522 20.112109375 35.39197484147366 986.8501737215341 0 0 0 0 0 0 153 43 8 0 0 0 
1666913542.8752158 20.10703125 35.439476065409195 986.8767811085055 0 0 0 0 0 0 153 43 8 0 0 0 
1666913548.0084233 20.1171875 35.6350635091686 986.8905414357163 0 0 0 0 0 0 153 43 8 0 0 0 
1666913553.1425579 20.10703125 35.4096966325674 986.869748519826 0 0 0 0 0 0 147 41 8 0 0 0 
1666913558.2764432 20.10703125 35.38005030536643 986.8801451124949 0 0 0 0 0 0 147 41 8 0 0 0 
1666913563.410336 20.101953125 35.640992285478596 986.8773898352264 0 0 0 0 0 0 147 41 8 0 0 0 
1666913568.5441315 20.10703125 35.59362787924705 986.859496704183 0 0 0 0 0 0 153 43 8 0 0 0 
1666913573.6775355 20.112109375 35.65871564832752 986.9104211609708 0 0 0 0 0 0 153 43 8 0 0 0 
1666913578.8110898 20.101953125 35.658906747712166 986.8922234246803 0 0 0 0 0 0 153 43 8 0 0 0 
1666913583.9451246 20.096875 35.415759785799374 986.9121031643274 0 0 0 0 0 0 162 46 6 0 0 0 
1666913589.078483 20.101953125 35.44540510964738 986.8975735380451 0 0 0 0 0 0 162 46 6 0 0 0 
1666913594.2121015 20.091796875 35.421754482364626 986.8793759959269 0 1 1 0 1 1 171 48 4 2 0 0 
1666913599.3458192 20.096875 35.53440385636634 986.8770855265188 0 1 1 0 1 1 171 48 4 2 0 0 
1666913604.4802454 20.096875 35.4631921807677 986.9205131821583 0 1 1 0 1 1 171 48 4 2 0 0 
1666913609.6139562 20.096875 35.61734292697195 986.879071810077 0 0 0 0 0 0 165 46 4 2 0 0 
1666913614.7479439 20.101953125 35.386246235736 986.9328950421789 0 0 0 0 0 0 165 46 4 2 0 0 
1666913619.8815005 20.096875 35.54626146963372 986.8975735380451 0 0 0 0 0 0 165 46 4 2 0 0 
1666913625.0143356 20.096875 35.492901886568156 986.9328950421789 0 0 0 0 0 0 165 44 4 2 0 0 
1666913630.1479516 20.096875 35.53446816058786 986.9491072558448 0 1 1 0 1 1 165 44 4 2 0 0 
1666913635.2816942 20.10703125 35.60554892004229 986.9160752744642 0 1 1 0 1 1 165 44 4 2 0 0 
1666913640.4159503 20.10703125 35.516485827118686 986.9194392274483 0 1 1 0 1 1 159 42 4 2 0 0 
1666913645.550131 20.10703125 35.58177029379035 986.907665393226 0 1 1 0 1 1 159 42 4 2 0 0 
1666913650.6837325 20.096875 35.70040670547787 986.9059834171879 0 1 1 0 1 1 159 42 4 2 0 0 
1666913655.8174074 20.096875 35.72399407589348 986.893905413714 0 1 1 0 1 1 174 47 4 2 0 0 
1666913660.9510968 20.096875 35.62907147702613 986.9137851677538 0 1 1 0 1 1 174 47 4 2 0 0 
1666913666.0846586 20.096875 35.62926361277251 986.9160752744642 0 1 1 0 1 1 174 47 4 2 0 0 
1666913671.2175612 20.10703125 35.79501418420475 986.9003291422976 0 1 1 0 1 1 141 38 4 2 0 0 
1666913676.3511078 20.122265625 35.729860612299625 986.8952831339041 0 0 0 0 0 0 93 21 0 0 0 0 
1666913681.48459 20.1171875 35.64698650564965 986.9306052058604 0 0 0 0 0 0 99 23 0 0 0 0 
1666913686.618159 20.101953125 35.72399407589348 986.8958915624261 0 0 0 0 0 0 99 23 0 0 0 0 
1666913691.7514565 20.10703125 35.4631245304894 986.9676093142804 0 0 0 0 0 0 99 23 0 0 0 0 
1666913696.8847504 20.101953125 35.747834612710356 986.9009374894927 0 0 0 0 0 0 126 27 0 0 0 0 
1666913702.0177233 20.096875 35.51062391873073 986.8925276113976 0 0 0 0 0 0 126 27 0 0 0 0 
1666913707.152033 20.10703125 35.62913472259265 986.9356512186542 0 0 0 0 0 0 126 27 0 0 0 0 
1666913712.285783 20.112109375 35.71813004737395 986.9140892875679 0 0 0 0 0 0 117 24 0 0 0 0 
1666913717.4184783 20.10703125 35.700279483951135 986.9202090072549 0 0 0 0 0 0 117 24 0 0 0 0 
1666913722.5525725 20.112109375 35.80106536531832 986.9218910245851 0 0 0 0 0 0 117 24 0 0 0 0 
1666913727.6861637 20.10703125 35.54613063260439 986.9104211609708 0 0 0 0 0 0 129 26 0 0 0 0 
1666913732.8229628 20.10703125 35.765370852460876 986.9056793389065 0 0 0 0 0 0 129 26 0 0 0 0 
1666913737.957021 20.10703125 35.61727711864291 986.9440612413745 0 0 0 0 0 0 129 26 0 0 0 0 
1666913743.0902758 20.10703125 35.557988482937 986.9289232017354 0 0 0 0 0 0 141 28 0 0 0 0 
1666913748.2245293 20.10703125 35.72399407589348 986.9390152275328 0 0 0 0 0 0 141 28 0 0 0 0 
1666913753.3581195 20.10703125 35.56991266727083 986.8958915624261 0 0 0 0 0 0 141 28 0 0 0 0 
1666913758.4916198 20.112109375 35.71806544330682 986.9053751513198 0 0 0 0 0 0 123 33 0 0 0 0 
1666913763.6252708 20.10703125 35.66477252966778 986.8885551236905 0 0 0 0 0 0 123 33 0 0 0 0 
1666913768.7583265 20.1171875 35.75950391097499 986.8946742681504 0 0 0 0 0 0 138 38 2 0 0 0 
1666913773.8919444 20.112109375 35.747708503580576 986.9232687848806 0 0 0 0 0 0 138 38 2 0 0 0 
1666913779.024615 20.112109375 35.777228215957706 986.901706821232 0 0 0 0 0 0 138 38 2 0 0 0 
1666913784.158741 20.1171875 35.74764662230341 986.8913102086856 0 0 0 0 0 0 150 42 2 0 0 0 
1666913789.2924845 20.132421875 35.794952826999676 986.9468172255803 0 0 0 0 0 0 150 42 2 0 0 0 
1666913794.4261768 20.1171875 35.581576466984046 986.9199047230411 0 0 0 0 0 0 150 42 2 0 0 0 
1666913799.5597343 20.1171875 35.81885080111042 986.9036931482426 0 0 0 0 0 0 129 35 2 0 0 0 
1666913804.6932285 20.112109375 35.5698462922058 986.9235730419853 0 0 0 0 0 0 129 35 2 0 0 0 
1666913809.8270874 20.10703125 35.70021705696955 986.8936011312458 0 0 0 0 0 0 129 35 2 0 0 0 
1666913814.959584 20.112109375 35.617213736642256 986.9064484784768 0 0 0 0 0 0 135 37 2 0 0 0 
1666913820.0933757 20.112109375 35.7712995393425 986.8946742681504 0 0 0 0 0 0 135 37 2 0 0 0 
1666913825.227367 20.112109375 35.68249343220188 986.9212823739541 0 0 0 0 0 0 135 37 2 0 0 0 
1666913830.3612258 20.112109375 35.81286120182078 986.9370291837007 0 0 0 0 0 0 144 40 2 0 0 0 
1666913835.495796 20.10703125 35.6765020279141 986.9098125391989 0 0 0 0 0 0 144 40 2 0 0 0 
1666913840.6297083 20.10703125 35.7654942165534 986.909508064345 0 0 0 0 0 0 93 28 4 0 0 0 
1666913845.7644856 20.112109375 35.623015951972654 986.9252550594553 0 0 0 0 0 0 93 28 4 0 0 0 
1666913850.898517 20.1171875 35.82471826463621 986.922195185934 0 0 0 0 0 0 93 28 4 0 0 0 
1666913856.031227 20.112109375 35.7654942165534 986.9255591936951 0 0 0 0 0 0 93 24 4 0 0 0 
1666913861.1657841 20.10703125 35.83657528638689 986.9117989216513 0 0 0 0 0 0 93 24 4 0 0 0 
1666913866.2999215 20.112109375 35.74177991205773 986.9306052058604 0 0 0 0 0 0 93 24 4 0 0 0 
1666913871.4336178 20.096875 35.6883595629742 986.8868731213115 0 0 0 0 0 0 114 29 6 0 0 0 
1666913876.5674696 20.1171875 35.59949063572364 986.9151629556832 0 0 0 0 0 0 114 29 6 0 0 0 
1666913881.700813 20.101953125 35.72405860912387 986.9104211609708 0 0 0 0 0 0 114 29 6 0 0 0 
1666913886.834129 20.1171875 35.74165600227014 986.9148586308057 0 0 0 0 0 0 114 27 4 0 0 0 
1666913891.967363 20.10703125 35.79507553060121 986.9286190946046 0 0 0 0 0 0 114 27 4 0 0 0 
1666913897.1007667 20.10703125 35.90783893158052 986.9437572562348 0 0 0 0 0 0 114 27 4 0 0 0 
1666913902.2320564 20.10703125 35.801128977693494 986.9306052058604 0 0 0 0 0 0 102 23 4 0 0 0 
1666913907.3640938 20.096875 35.77148673355779 986.9137851677538 0 0 0 0 0 0 102 23 4 0 0 0 
1666913912.4968126 20.101953125 35.79513686618905 986.9073613284993 0 0 0 0 0 0 102 23 4 0 0 0 
1666913917.6288865 20.112109375 35.83663614450895 986.8888594468222 0 0 0 0 0 0 108 23 4 0 0 0 
1666913922.7634728 20.10703125 35.81885080111042 986.9090433181617 0 0 0 0 0 0 165 45 4 2 0 0 
1666913927.8978808 20.096875 35.9019707738774 986.9056793389065 0 0 0 0 0 0 180 48 4 0 0 0 
1666913933.0275037 20.112109375 35.90191068806754 986.9241812282665 0 0 0 0 0 0 180 48 4 0 0 0 
1666913938.1586924 20.101953125 35.81885080111042 986.9255591936951 0 0 0 0 0 0 180 48 4 0 0 0 
1666913943.2881587 20.10703125 35.78321836512389 986.9339692143199 0 0 0 0 0 0 171 45 4 0 0 0 
1666913948.4199467 20.10703125 35.83663614450895 986.922195185934 0 0 0 0 0 0 171 45 4 0 0 0 
1666913953.5495894 20.10703125 35.79513686618905 986.9387112017295 0 0 0 0 0 0 171 45 4 0 0 0 
1666913958.683508 20.112109375 35.80699385418164 986.9043014412197 0 1 1 0 1 1 177 47 6 2 0 0 
1666913963.8107095 20.101953125 35.818975241702475 986.9339692143199 0 1 1 0 1 1 177 47 6 2 0 0 
1666913968.944501 20.101953125 35.925683413513255 986.9244851574485 0 1 1 0 1 1 177 47 6 2 0 0 
1666913974.073574 20.101953125 35.75370126388788 986.9043014412197 0 0 0 0 0 0 144 40 6 2 0 0 
1666913979.204106 20.096875 35.925623600525235 986.9205131821583 0 0 0 0 0 0 144 40 6 2 0 0 
1666913984.334105 20.096875 35.807118572858506 986.909347369334 0 0 0 0 0 0 144 40 6 2 0 0 
1666913989.4683423 20.10703125 35.830707706975396 986.9365627215582 0 0 0 0 0 0 144 40 8 2 0 0 
1666913994.5984201 20.096875 35.866401506459475 986.9278491111311 0 0 0 0 0 0 144 40 8 2 0 0 
1666913999.7304535 20.091796875 35.79513686618905 986.9631706416661 0 0 0 0 0 0 144 40 8 2 0 0 
1666914004.8587487 20.096875 35.89011439246665 986.9328950421789 0 0 0 0 0 0 102 34 8 0 0 0 
1666914009.9896822 20.101953125 35.83676016797739 986.9309091901293 0 0 0 0 0 0 102 34 8 0 0 0 
1666914015.120929 20.091796875 35.85454500186305 986.9127113217594 0 1 1 0 1 1 123 37 12 2 0 0 
1666914020.2540274 20.091796875 35.78939486355805 986.9295310880772 0 1 1 0 1 1 123 37 12 2 0 0 
1666914025.3846745 20.096875 35.955442893592824 986.9049092969856 0 1 1 0 1 1 123 37 12 2 0 0 
1666914030.5173135 20.091796875 35.93167128173355 986.9301385372095 0 1 1 0 1 1 129 39 14 2 0 0 
1666914035.647058 20.091796875 35.955442893592824 986.9231070141459 0 1 1 0 1 1 129 39 14 2 0 0 
1666914040.7794018 20.096875 35.93753967173835 986.9163791621162 0 1 1 0 1 1 129 39 14 2 0 0 
1666914045.9084938 20.096875 35.89017460388057 986.9278491111311 0 1 1 0 1 1 150 37 10 2 0 0 
1666914051.0424669 20.08671875 35.949455418263426 986.9143932980769 0 1 1 0 1 1 150 37 10 2 0 0 
1666914056.1770887 20.08671875 35.98508252349583 986.9520038914478 0 1 1 0 1 1 150 37 10 2 0 0 
1666914061.3096395 20.08671875 35.98502341416181 986.9284565873722 0 1 1 0 1 1 165 42 12 2 0 0 
1666914066.4413786 20.071484375 35.86071540423886 986.9354879070954 0 1 1 0 1 1 165 42 12 2 0 0 
1666914071.5723903 20.0765625 36.0325639504737 986.9324274719502 0 1 1 0 1 1 165 42 12 2 0 0 
1666914076.7026925 20.071484375 35.79538445763656 986.9486399900276 0 1 1 0 1 1 171 44 12 2 0 0 
1666914081.8338413 20.06640625 36.1215365647709 986.9425190102058 0 1 1 0 1 1 171 44 12 2 0 0 
1666914086.963541 20.06640625 36.06214436023861 986.9442009334929 0 0 0 0 0 0 171 39 2 0 0 0 
1666914092.097109 20.071484375 36.068188398598025 986.9425190102058 0 0 0 0 0 0 171 39 2 0 0 0 
1666914097.2285082 20.06640625 35.88448747638218 986.9220324171131 0 0 0 0 0 0 171 39 2 0 0 0 
1666914102.3604183 20.0765625 35.795507009086 986.9071986373111 0 0 0 0 0 0 144 30 2 0 0 0 
1666914107.4919946 20.071484375 36.09189879732014 986.9475647802765 0 0 0 0 0 0 144 30 2 0 0 0 
1666914112.6238878 20.06640625 35.90227104080316 986.9041383527815 0 0 0 0 0 0 144 30 2 0 0 0 
1666914117.7566626 20.071484375 36.068246520695965 986.9192755284328 0 0 0 0 0 0 159 32 4 0 0 0 
1666914122.8872087 20.06640625 35.96154892169407 986.9111693811001 0 0 0 0 0 0 159 32 4 0 0 0 
1666914128.0175502 20.0765625 36.02094307913083 986.9178969609245 0 0 0 0 0 0 159 32 4 0 0 0 
1666914133.1489017 20.06640625 36.00891168327575 986.8957288131973 0 0 0 0 0 0 147 30 4 0 0 0 
1666914138.2765813 20.0765625 36.03855016924349 986.9206540138298 0 0 0 0 0 0 147 30 4 0 0 0 
1666914143.4102647 20.08671875 35.925862787628375 986.922335936209 0 0 0 0 0 0 147 30 4 0 0 0 
1666914148.5392947 20.06640625 36.014780654290014 986.8903794229482 0 0 0 0 0 0 153 30 2 0 0 0 
1666914153.6684716 20.08671875 36.05040549177889 986.9385482874427 0 0 0 0 0 0 153 30 2 0 0 0 
1666914158.801594 20.081640625 36.06226077325618 986.9469580394222 0 0 0 0 0 0 153 30 2 0 0 0 
1666914163.930465 20.081640625 35.94957444456296 986.9556711504499 0 0 0 0 0 0 174 35 2 0 0 0 
1666914169.0630898 20.071484375 35.996997265723444 986.9755512092125 0 0 1 0 0 1 123 37 10 2 0 0 
1666914174.1952045 20.081640625 35.94951493681722 986.9486399900276 0 0 0 0 0 0 144 46 14 2 0 0 
1666914179.3465621 20.08671875 35.90215096645757 986.9105624810217 0 0 0 0 0 0 144 46 14 2 0 0 
1666914184.4782145 20.08671875 35.99705621703695 986.9240178586579 0 0 0 0 0 0 144 46 14 2 0 0 
1666914189.6114724 20.08671875 35.96148957197188 986.9071986373111 0 0 0 0 0 0 132 42 14 2 0 0 
1666914194.7444754 20.0765625 36.10375393509403 986.9449725409606 0 0 1 0 0 1 132 42 14 2 0 0 
1666914199.8752956 20.0765625 35.87843898105053 986.9536858422628 0 0 1 0 0 1 132 42 14 2 0 0 
1666914205.009194 20.0765625 36.08004361848815 986.9304420978282 0 0 1 0 0 1 132 42 14 2 0 0 
1666914210.1426682 20.081640625 36.068130265692446 986.9539892131195 0 0 0 0 0 0 132 42 14 2 0 0 
1666914215.2720296 20.08671875 36.02076710845643 986.9318204871164 0 0 0 0 0 0 132 42 14 2 0 0 
1666914220.405294 20.06640625 35.955442893592824 986.9206540138298 0 0 0 0 0 0 144 44 16 2 0 0 
1666914225.538445 20.08671875 35.896283096285835 986.9385482874427 0 0 0 0 0 0 144 44 16 2 0 0 
1666914230.6688836 20.0765625 36.0859132847275 986.9206540138298 0 0 0 0 0 0 144 44 16 2 0 0 
1666914235.7997446 20.071484375 36.115609031809804 986.9506253386685 0 0 0 0 0 0 165 49 16 2 0 0 
1666914240.9323673 20.08671875 35.973226702329626 986.9506253386685 0 0 0 0 0 0 165 49 16 2 0 0 
1666914246.0648553 20.0765625 36.01472189677382 986.9284565873722 0 1 1 0 1 1 165 49 16 2 0 0 
1666914251.1966317 20.091796875 36.068188398598025 986.9399266491096 0 0 0 0 0 0 144 45 10 2 0 0 
1666914256.3303144 20.08671875 35.973226702329626 986.8948176052961 0 0 0 0 0 0 144 45 10 2 0 0 
1666914261.4620097 20.091796875 36.06807212197921 986.9304420978282 0 0 0 0 0 0 135 42 12 2 0 0 
1666914266.5911055 20.08671875 35.961430211441666 986.9234107382798 0 1 1 0 1 1 135 42 12 2 0 0 
1666914271.725705 20.096875 36.07394178713311 986.9009374894927 0 1 1 0 1 1 135 42 12 2 0 0 
1666914276.8502705 20.096875 36.002807273530316 986.9102588670452 0 1 1 0 1 1 144 45 12 2 0 0 
1666914281.9809725 20.08671875 36.02640164604163 986.9012414991348 0 0 0 0 0 0 144 45 12 2 0 0 
1666914287.1096635 20.081640625 36.168842501024365 986.9413049286554 0 0 0 0 0 0 144 45 12 2 0 0 
1666914292.24023 20.08671875 35.98502341416181 986.9177572509215 0 0 0 0 0 0 144 45 14 2 0 0 
1666914297.3729832 20.08671875 36.03250539756063 986.9385482874427 0 0 0 0 0 0 144 45 14 2 0 0 
1666914302.5026352 20.08671875 36.16297196634392 986.9197430879914 0 0 0 0 0 0 144 45 14 2 0 0 
1666914307.6324668 20.08671875 36.068130265692446 986.9052130609208 0 0 0 0 0 0 129 40 12 2 0 0 
1666914312.7670019 20.08671875 36.07992761466541 986.9281529039016 0 0 0 0 0 0 129 40 12 2 0 0 
1666914317.8926911 20.096875 36.115493846364 986.8981815022464 0 0 0 0 0 0 129 40 12 2 0 0 
1666914323.0239491 20.08671875 35.99693830360203 986.887177457998 0 0 0 0 0 0 150 45 10 0 0 0 
1666914328.1531076 20.08671875 36.05621658823301 986.9177572509215 0 0 0 0 0 0 150 45 10 0 0 0 
1666914333.2852325 20.091796875 36.02053232958116 986.8779981247343 0 0 0 0 0 0 204 62 14 0 0 0 
1666914338.4165478 20.091796875 35.961311457957166 986.8783021055399 0 1 1 0 1 1 204 62 14 0 0 0 
1666914343.5502932 20.091796875 35.94951493681722 986.8995595369306 0 1 1 0 1 1 204 62 14 0 0 0 
1666914348.6820998 20.091796875 36.06807212197921 986.9570497441022 0 1 1 0 1 1 204 62 12 0 0 0 
1666914353.8133135 20.091796875 36.014604349317956 986.9012414991348 0 1 1 0 1 1 204 62 12 0 0 0 
1666914358.9444084 20.06640625 36.16297196634392 986.8934395157416 0 1 1 0 1 1 204 62 12 0 0 0 
1666914364.073455 20.081640625 36.18673874988406 986.9237143531163 0 0 0 0 0 0 168 50 10 0 0 0 
1666914369.2045968 20.08671875 36.03250539756063 986.9194392274483 0 0 0 0 0 0 168 50 10 0 0 0 
1666914374.336219 20.096875 35.93759933750874 986.8726481511608 0 0 0 0 0 0 168 50 10 0 0 0 
1666914379.464688 20.091796875 35.949395888901556 986.9056793389065 0 0 0 0 0 0 162 48 10 0 0 0 
1666914384.5970318 20.08671875 36.281353298345074 986.911333273827 0 0 0 0 0 0 162 48 10 0 0 0 
1666914389.7302647 20.096875 36.050113696179885 986.9059834171879 0 0 0 0 0 0 162 48 10 0 0 0 
1666914394.8625638 20.08671875 35.98496429401985 986.8987890292567 0 0 0 0 0 0 156 46 10 0 0 0 
1666914399.9918096 20.08671875 36.0561582973131 986.911333273827 0 0 0 0 0 0 156 46 10 0 0 0 
1666914405.1214628 20.08671875 36.06214436023861 986.8981815022464 0 0 0 0 0 0 156 46 10 0 0 0 
1666914410.2562208 20.08671875 36.14513209049198 986.8917575809954 0 0 0 0 0 0 135 39 10 0 0 0 
1666914415.386896 20.0765625 36.18673874988406 986.9150009911893 0 0 0 0 0 0 81 23 0 0 0 0 
1666914420.5189369 20.06640625 36.10369621137968 986.9220324171131 0 0 0 0 0 0 81 23 0 0 0 0 
1666914425.6514268 20.06640625 36.19870679192998 986.9004709507279 0 0 0 0 0 0 81 23 0 0 0 0 
1666914430.7831213 20.06640625 36.22230305463665 986.8853336600014 0 0 0 0 0 0 81 23 0 0 0 0 
1666914435.9140573 20.06640625 36.17499767780989 986.8960239675538 0 0 0 0 0 0 102 25 0 0 0 0 
1666914441.038795 20.05625 36.19870679192998 986.8977142248034 0 0 0 0 0 0 102 25 0 0 0 0 
1666914446.1710787 20.05625 36.20474709792035 986.9145246528664 0 0 0 0 0 0 102 25 0 0 0 0 
1666914451.30205 20.051171875 36.252275579096114 986.9027514885079 0 0 0 0 0 0 102 23 0 0 0 0 
1666914456.4315066 20.05625 36.12176653318402 986.8963272647676 0 0 0 0 0 0 102 23 0 0 0 0 
1666914461.5656297 20.05625 36.18098177647675 986.892963531818 0 0 0 0 0 0 102 23 0 0 0 0 
1666914466.7000675 20.051171875 36.29957956578716 986.9010696081647 0 0 0 0 0 0 123 30 2 0 0 0 
1666914471.8302667 20.04609375 36.09805743091315 986.8865393360138 0 0 0 0 0 0 123 30 2 0 0 0 
1666914476.9637434 20.051171875 36.11583927301168 986.9249190061167 0 0 0 0 0 0 123 30 2 0 0 0 
1666914482.0952585 20.04609375 36.228455461213095 986.9114640664972 0 0 0 0 0 0 108 27 2 0 0 0 
1666914487.2274432 20.051171875 36.370756793422856 986.9016760119839 0 0 0 0 0 0 108 27 2 0 0 0 
1666914492.3626928 20.05625 36.29957956578716 986.9131459337052 0 0 0 0 0 0 108 27 2 0 0 0 
1666914497.4969413 20.04609375 36.21078707764357 986.9249190061167 0 0 2 0 0 2 138 41 4 4 2 2 
1666914502.6287787 20.05625 36.24019734647395 986.9461860768919 0 0 2 0 0 2 138 41 4 4 2 2 
1666914507.7626963 20.061328125 36.30550650778836 986.9448072913966 0 0 2 0 0 2 129 38 4 4 2 2 
1666914512.8936057 20.041015625 36.16325706701002 986.9279883327565 0 0 2 0 0 2 129 38 4 4 2 2 
1666914518.0251753 20.051171875 36.151516917489595 986.9103882490733 0 0 2 0 0 2 129 38 4 4 2 2 
1666914523.1576917 20.04609375 36.41229794535827 986.8918880133559 0 1 1 0 1 1 138 41 4 2 0 0 
1666914528.2907307 20.04609375 36.186965717683144 986.9030547315045 0 1 1 0 1 1 138 41 4 2 0 0 
1666914533.4202485 20.051171875 36.23449485433799 986.9255248118544 0 1 1 0 1 1 138 41 4 2 0 0 
1666914538.5523758 20.041015625 36.31154399452081 986.9002972103619 0 0 0 0 0 0 123 36 4 2 0 0 
1666914543.6843915 20.04609375 36.18120888736727 986.9316464776025 0 0 0 0 0 0 123 36 4 2 0 0 
1666914548.8132403 20.051171875 36.376738066098376 986.9165096683307 0 0 0 0 0 0 123 36 4 2 0 0 
1666914553.9474256 20.04609375 36.25814658101396 986.9282827417197 0 0 0 0 0 0 129 36 4 0 0 0 
1666914559.0809937 20.051171875 36.32328727221046 986.9181915357482 0 0 0 0 0 0 129 36 4 0 0 0 
1666914564.216224 20.051171875 36.0803334389119 986.9333283456483 0 0 0 0 0 0 129 36 4 0 0 0 
1666914569.3470986 20.0359375 36.36488469090684 986.9353130899473 0 0 0 0 0 0 138 41 4 0 0 0 
1666914574.4805365 20.0359375 36.3529764798892 986.9221611307476 0 0 0 0 0 0 138 41 4 0 0 0 
1666914579.6126559 20.041015625 36.29370810099266 986.8941757363068 0 0 0 0 0 0 162 47 9 0 0 0 
1666914584.7447274 20.0359375 36.30572784730913 986.9244483670041 0 0 0 0 0 0 162 47 9 0 0 0 
1666914589.8756192 20.041015625 36.12205375053269 986.9053427294032 0 0 0 0 0 0 162 47 9 0 0 0 
1666914595.0101416 20.04609375 36.27016767791734 986.8899030412961 0 0 0 0 0 0 168 52 11 0 0 0 
1666914600.144441 20.04609375 36.18702243261486 986.9131459337052 0 0 0 0 0 0 168 52 11 0 0 0 
1666914605.276148 20.041015625 36.37081138363417 986.9120700891029 0 0 0 0 0 0 168 52 11 0 0 0 
1666914610.4103284 20.04609375 36.31148872242679 986.9204792902988 0 1 1 0 1 1 168 52 11 0 0 0 
1666914615.5442662 20.051171875 36.21660130009389 986.9013728647155 0 1 1 0 1 1 168 52 11 0 0 0 
1666914620.6793199 20.051171875 36.062493469599296 986.9246159393257 0 1 1 0 1 1 168 52 11 0 0 0 
1666914625.8144581 20.061328125 36.14547547123753 986.8996909979965 0 0 0 0 0 0 183 57 11 0 0 0 
1666914630.948328 20.04609375 36.42409717980296 986.88822118862 0 0 0 0 0 0 183 57 11 0 0 0 
1666914636.080265 20.04609375 36.30556185887876 986.9120700891029 0 0 0 0 0 0 183 57 11 0 0 0 
1666914641.2136714 20.04609375 36.33525107332351 986.8999941588191 0 0 0 0 0 0 183 59 11 0 0 0 
1666914646.347477 20.05625 36.21061775117587 986.9128427720342 0 1 1 0 1 1 183 59 11 0 0 0 
1666914651.4816165 20.06640625 36.423935185353535 986.9075021691041 0 1 1 0 1 1 183 59 11 0 0 0 
1666914656.6157854 20.061328125 36.252051698252856 986.8876145679325 0 1 1 0 1 1 174 56 13 0 0 0 
1666914661.7488177 20.05625 36.32312176780299 986.9162065337682 0 1 1 0 1 1 165 51 10 0 0 0 
1666914666.8826559 20.05625 36.34101299149721 986.8876228605139 0 0 0 0 0 0 171 53 10 0 0 0 
1666914672.0158124 20.06640625 36.3765199131617 986.9253962891896 0 0 0 0 0 0 171 53 10 0 0 0 
1666914677.149518 20.061328125 36.36466599247318 986.9085769316006 0 0 0 0 0 0 171 53 10 0 0 0 
1666914682.2824495 20.071484375 36.28157607472868 986.8870155809137 0 1 1 0 1 1 156 48 8 0 0 0 
1666914687.4166589 20.06640625 36.489130112023375 986.9108659857059 0 1 1 0 1 1 156 48 8 0 0 0 
1666914692.550622 20.06640625 36.186852255398044 986.9105624810217 0 1 1 0 1 1 156 48 8 0 0 0 
1666914697.6843371 20.061328125 36.2698331489408 986.8987890292567 0 1 1 0 1 1 141 45 10 0 0 0 
1666914702.8186944 20.06640625 36.44166192786005 986.9007745367381 0 0 0 0 0 0 141 45 10 0 0 0 
1666914707.9524088 20.061328125 36.234213953383374 986.904441802393 0 0 0 0 0 0 141 45 10 0 0 0 
1666914713.0859811 20.05625 36.495056861954474 986.906123696965 0 0 0 0 0 0 147 47 10 0 0 0 
1666914718.2199392 20.061328125 36.506963385413364 986.9145246528664 0 1 1 0 1 1 147 47 10 0 0 0 
1666914723.350267 20.06640625 36.317249899156806 986.937776528578 0 1 1 0 1 1 147 47 10 0 0 0 
1666914728.4840934 20.061328125 36.26994470182737 986.9344127097412 0 1 1 0 1 1 168 52 10 0 0 0 
1666914733.617042 20.061328125 36.30539577318714 986.935791317756 0 0 0 0 0 0 168 52 10 0 0 0 
1666914738.7514677 20.04609375 36.22247206920878 986.9064184652922 0 0 0 0 0 0 168 52 10 0 0 0 
1666914743.8847291 20.051171875 36.406154535262026 986.8862360667571 0 0 0 0 0 0 183 49 4 0 0 0 
1666914749.017687 20.04609375 36.4003904440453 986.9198734032356 0 0 0 0 0 0 183 49 4 0 0 0 
1666914754.1516461 20.04609375 36.228455461213095 986.9120700891029 0 1 1 0 1 1 204 56 6 2 0 0 
1666914759.2856722 20.04609375 36.43600432626926 986.9070245692234 0 1 1 0 1 1 204 56 6 2 0 0 
1666914764.4201055 20.041015625 36.51897536630544 986.9019790499724 0 1 1 0 1 1 204 56 6 2 0 0 
1666914769.5540626 20.041015625 36.41229794535827 986.8706303725177 0 1 1 0 1 1 162 49 8 2 0 0 
1666914774.6865788 20.04609375 36.264185151096186 986.9103882490733 0 1 1 0 1 1 162 49 8 2 0 0 
1666914779.8209045 20.04609375 36.41218970873695 986.9087064091134 0 1 1 0 1 1 162 49 8 2 0 0 
1666914784.954831 20.0359375 36.28196551733472 986.8902061741642 0 1 1 0 1 1 126 40 8 2 0 0 
1666914790.0888007 20.04609375 36.38853701458637 986.898615370821 0 1 1 0 1 1 126 40 8 2 0 0 
1666914795.2217634 20.0359375 36.578186959521574 986.9218582554099 0 1 1 0 1 1 126 40 8 2 0 0 
1666914800.3556638 20.04609375 36.5782391633291 986.903660889653 0 1 1 0 1 1 153 47 10 2 0 0 
1666914805.4893677 20.0359375 36.59019590205972 986.8938728490995 0 1 1 0 1 1 153 47 10 2 0 0 
1666914810.6239133 20.02578125 36.442038407386626 986.9140547630341 0 1 1 0 1 1 153 47 10 2 0 0 
1666914815.757455 20.030859375 36.590299961319744 986.8947811829064 0 1 1 0 1 1 153 47 10 2 0 0 
1666914820.8920503 20.020703125 36.3177466370382 986.905645631006 0 1 1 0 1 1 153 47 10 2 0 0 
1666914826.025323 20.0359375 36.31769148716731 986.8958575485298 0 0 0 0 0 0 108 31 6 0 0 0 
1666914831.1590943 20.0359375 36.436058155630484 986.9109938616789 0 0 0 0 0 0 108 31 6 0 0 0 
1666914836.2936244 20.030859375 36.44214587570873 986.8843877236951 0 0 0 0 0 0 108 31 6 0 0 0 
1666914841.428298 20.0359375 36.56659573863313 986.9059484233339 0 0 0 0 0 0 114 33 6 0 0 0 
1666914846.5624478 20.0359375 36.66718410487679 986.8712361986331 0 0 0 0 0 0 114 33 6 0 0 0 
1666914851.6962986 20.030859375 36.38880883477674 986.926130180484 0 0 0 0 0 0 114 33 6 0 0 0 
1666914856.8299344 20.02578125 36.50738743150478 986.9146601028759 0 0 0 0 0 0 126 35 6 0 0 0 
1666914861.9645047 20.020703125 36.61400401981164 986.8779633356003 0 0 0 0 0 0 126 35 6 0 0 0 
1666914867.0984955 20.02578125 36.4184406268051 986.9076302360456 0 0 0 0 0 0 126 35 6 0 0 0 
1666914872.2323854 20.0359375 36.507334463564675 986.9059484233339 0 0 0 0 0 0 126 35 6 0 0 0 
1666914877.3659937 20.02578125 36.61400401981164 986.9109938616789 0 0 0 0 0 0 126 35 6 0 0 0 
1666914882.4994617 20.02578125 36.60225575441479 986.87291798277 0 0 0 0 0 0 126 35 6 0 0 0 
1666914887.633507 20.02578125 36.31187540014253 986.8880540431461 0 0 0 0 0 0 120 33 6 0 0 0 
1666914892.7678554 20.010546875 36.51929245302456 986.8852956458644 0 0 0 0 0 0 120 33 6 0 0 0 
1666914897.9016078 20.000390625 36.53124981276496 986.8883566567602 0 0 0 0 0 0 120 33 6 0 0 0 
1666914903.0343192 20.010546875 36.48378935578273 986.8886591611092 0 0 0 0 0 0 126 35 6 0 0 0 
1666914908.1681347 20.00546875 36.50162035926634 986.908840258444 0 0 0 0 0 0 174 49 8 0 0 0 
1666914913.302579 20.00546875 36.59632987101653 986.8852956458644 0 0 0 0 0 0 174 49 8 0 0 0 
1666914918.437101 20.010546875 36.472043983045914 986.8862025846719 0 0 0 0 0 0 174 49 8 0 0 0 
1666914923.5714452 19.9953125 36.53130246475666 986.8970679504434 0 0 0 0 0 0 186 51 8 0 0 0 
1666914928.705365 20.000390625 36.59050795017019 986.9094446140606 0 0 0 0 0 0 186 51 8 0 0 0 
1666914933.8392947 19.9953125 36.41278447523606 986.9010359578231 0 0 0 0 0 0 186 51 8 0 0 0 
1666914938.9731739 20.000390625 36.37722827802257 986.8912477356577 0 1 1 0 1 1 207 58 8 0 0 0 
1666914944.106983 20.000390625 36.72102361909948 986.8842186505846 0 1 1 0 1 1 207 58 8 0 0 0 
1666914949.2402687 19.9953125 36.52542937212637 986.8758099995837 0 1 1 0 1 1 207 58 8 0 0 0 
1666914954.3733513 19.990234375 36.66171865392284 986.8943090340897 0 1 1 0 1 1 213 60 10 0 0 0 
1666914959.5067482 19.9953125 36.614314301986774 986.8895660185926 0 1 1 0 1 1 213 60 10 0 0 0 
1666914964.640577 20.000390625 36.70917293424147 986.8713693518932 0 1 1 0 1 1 213 60 10 0 0 0 
1666914969.7746844 19.9953125 36.5847902712759 986.8430827535165 0 1 1 0 1 1 240 67 12 2 0 0 
1666914974.9096556 19.98515625 36.566961514663326 986.8736551325909 0 1 1 0 1 1 240 67 12 2 0 0 
1666914980.0388825 19.980078125 36.60256672505086 986.8817615952318 0 1 1 0 1 1 240 67 12 2 0 0 
1666914985.1702807 19.990234375 36.6441473740401 986.8517933547788 0 1 1 0 1 1 246 69 14 2 0 0 
1666914990.3059194 19.98515625 36.584842266429035 986.8369604580344 0 0 0 0 0 0 111 31 6 0 0 0 
1666914995.4393518 19.975 36.685573124515805 986.8520954060841 0 0 0 0 0 0 132 35 6 0 0 0 
1666915000.5687256 19.990234375 36.638119355573124 986.8736551325909 0 0 0 0 0 0 132 35 6 0 0 0 
1666915005.7004764 19.980078125 36.56701372515839 986.8742587735558 0 0 0 0 0 0 132 35 6 0 0 0 
1666915010.8292909 19.98515625 36.66182090404895 986.8655486979873 0 0 0 0 0 0 132 32 6 0 0 0 
1666915015.9580703 19.9953125 36.5017263342549 986.8848229757931 0 0 0 0 0 0 132 32 6 0 0 0 
1666915021.0917993 19.98515625 36.626268519773504 986.8635650798268 0 0 0 0 0 0 132 32 6 0 0 0 
1666915026.22371 19.990234375 36.6024631113952 986.8744305681488 0 0 0 0 0 0 138 34 6 0 0 0 
1666915031.356989 19.980078125 36.73884980283407 986.8887902164498 0 0 0 0 0 0 138 34 6 0 0 0 
1666915036.491265 19.990234375 36.59071576612784 986.8568383793804 0 0 0 0 0 0 138 34 6 0 0 0 
1666915041.6241732 19.9953125 36.65574193639664 986.8854268639925 0 0 0 0 0 0 126 29 4 0 0 0 
1666915046.7584631 19.9953125 36.72699931588409 986.8932314929995 0 0 0 0 0 0 126 29 4 0 0 0 
1666915051.8925169 19.98515625 36.53140773632203 986.889263842023 0 0 0 0 0 0 126 29 4 0 0 0 
1666915057.0254455 19.990234375 36.655793145843475 986.8932314929995 0 0 0 0 0 0 126 29 4 0 0 0 
1666915062.160332 19.98515625 36.48992786140356 986.8834432848399 0 0 0 0 0 0 126 29 4 0 0 0 
1666915067.293053 19.98515625 36.60256672505086 986.8562340303474 0 0 0 0 0 0 126 29 4 0 0 0 
1666915072.4260278 19.990234375 36.54918467166502 986.8800799056934 0 0 0 0 0 0 177 49 6 0 0 0 
1666915077.5604107 19.990234375 36.7566254563069 986.8484300053934 0 0 0 0 0 0 177 49 6 0 0 0 
1666915082.694711 19.98515625 36.80397726392735 986.8585200543873 0 0 0 0 0 0 186 49 6 0 0 0 
1666915087.8286777 19.975 36.54918467166502 986.8551567044434 0 0 0 0 0 0 186 49 6 0 0 0 
1666915092.9620051 19.980078125 36.74487532896159 986.8649447029912 0 0 0 0 0 0 186 49 6 0 0 0 
1666915098.0951836 19.98515625 36.650072629937505 986.8470504227724 0 0 0 0 0 0 195 49 4 0 0 0 
1666915103.2283092 19.990234375 36.7566254563069 986.8649447029912 0 0 0 0 0 0 195 49 4 0 0 0 
1666915108.3625329 19.990234375 36.66182090404895 986.8702917813903 0 0 0 0 0 0 195 49 4 0 0 0 
1666915113.4955459 19.98515625 36.626268519773504 986.8615813253808 0 0 0 0 0 0 162 40 2 0 0 0 
1666915118.6295378 19.98515625 36.67367161672517 986.8498095059441 0 0 0 0 0 0 162 40 2 0 0 0 
1666915123.762525 19.98515625 36.69149837676872 986.863867036255 0 0 0 0 0 0 162 40 2 0 0 0 
1666915128.8961756 19.975 36.626268519773504 986.8470504227724 0 0 0 0 0 0 162 42 4 0 0 0 
1666915134.0297546 19.98515625 36.691549133944626 986.8618834046105 0 0 0 0 0 0 162 42 4 0 0 0 
1666915139.162949 19.98515625 36.703298218860745 986.8808551899747 0 0 0 0 0 0 162 42 4 0 0 0 
1666915144.295946 19.98515625 36.80407622016489 986.8369604580344 0 0 0 0 0 0 150 40 4 0 0 0 
1666915149.430569 19.975 36.80402674744864 986.8887902164498 0 0 0 0 0 0 150 40 4 0 0 0 
1666915154.564772 19.980078125 36.70339947132264 986.8571403900241 0 1 1 0 1 1 165 48 12 0 0 0 
1666915159.6989706 19.975 36.90480062468155 986.8820635118143 0 1 1 0 1 1 165 48 12 0 0 0 
1666915164.8327641 19.98515625 36.762650542623966 986.8702917813903 0 1 1 0 1 1 165 48 12 0 0 0 
1666915169.966954 19.975 36.67372258922985 986.860503713 0 1 1 0 1 1 165 48 12 0 0 0 
1666915175.1003587 19.990234375 36.95215154989957 986.860503713 0 1 1 0 1 1 165 48 12 0 0 0 
1666915180.234378 19.96484375 36.92854808404767 986.8560624493034 0 1 1 0 1 1 165 48 12 0 0 0 
1666915185.3686044 19.969921875 36.75075033499517 986.8540789958341 0 1 1 0 1 1 180 53 12 0 0 0 
1666915190.5002072 19.990234375 36.91072549731268 986.8557606435937 0 1 1 0 1 1 180 53 12 0 0 0 
1666915195.633884 19.975 36.661923110952884 986.8787001599156 0 1 1 0 1 1 180 53 12 0 0 0 
1666915200.7694333 19.980078125 36.732924564489224 986.9218204645582 0 1 1 0 1 1 180 56 12 0 0 0 
1666915205.9046512 19.990234375 36.89882735975766 986.8585200543873 0 1 1 0 1 1 180 56 12 0 0 0 
1666915211.037733 20.000390625 36.77430135788726 986.8539475151509 0 1 1 0 1 1 180 56 12 0 0 0 
1666915216.1709845 20.00546875 36.68536971506079 986.8859003809941 0 1 1 0 1 1 159 51 10 0 0 0 
1666915221.305175 19.9953125 36.7387995694326 986.8791734597746 0 1 1 0 1 1 159 51 10 0 0 0 
1666915226.4394133 19.9953125 36.697271486923164 986.8733531482387 0 1 1 0 1 1 159 51 10 0 0 0 
1666915231.5738685 19.98515625 36.80407622016489 986.860201729464 0 1 1 0 1 1 159 51 8 0 0 0 
1666915236.7078562 19.990234375 36.632091010918465 986.8716714590496 1 1 1 1 1 1 219 58 8 0 0 0 
1666915241.8413045 19.9953125 36.845404315048526 986.8764144603322 0 1 1 0 1 1 210 55 10 0 0 0 
1666915246.9745743 19.98515625 36.93442488523676 986.8770184840707 0 1 1 0 1 1 210 55 10 0 0 0 
1666915252.1081944 19.98515625 36.94622668092494 986.8924552951985 0 1 1 0 1 1 210 55 10 0 0 0 
1666915257.2415934 19.98515625 36.969973659321425 986.8857286442202 0 1 1 0 1 1 204 53 10 0 0 0 
1666915262.3748558 19.975 36.91072549731268 986.8686101058947 0 1 1 0 1 1 204 53 10 0 0 0 
1666915267.5090997 19.975 36.981870585532285 986.8877119642892 0 1 1 0 1 1 204 53 10 0 0 0 
1666915272.6433694 19.969921875 36.85162302657062 986.8476542789733 0 1 1 0 1 1 210 55 8 0 0 0 
1666915277.777257 19.96484375 36.77455042572341 986.8714987347819 0 1 1 0 1 1 210 55 8 0 0 0 
1666915282.9111283 19.9544921875 36.71530024133756 986.9045284589893 0 1 1 0 1 1 210 55 8 0 0 0 
1666915288.0452166 19.9953125 36.85730354506721 986.875336808296 0 1 1 0 1 1 195 50 6 0 0 0 
1666915293.178338 19.980078125 36.78042566394803 986.8843486661868 0 1 1 0 1 1 195 50 6 0 0 0 
1666915298.3115184 19.980078125 37.017324431441814 986.8910752626705 0 1 1 0 1 1 195 50 6 0 0 0 
1666915303.445763 19.980078125 36.91674668234231 986.8921535691865 1 1 1 1 1 1 228 61 6 0 0 0 
1666915308.5800412 19.975 36.99964456801721 986.9075902639845 1 1 1 1 1 1 228 61 6 0 0 0 
1666915313.7130988 19.975 36.95224707619451 986.8776220708204 1 1 1 1 1 1 228 61 6 0 0 0 
1666915318.846068 19.975 36.910773732209506 986.8796053355135 0 0 0 0 0 0 129 31 6 0 0 0 
1666915323.9794614 19.975 36.827923882101686 986.8779237003303 0 0 0 0 0 0 129 31 6 0 0 0 
1666915329.1137493 19.96484375 36.78649961830213 986.8815884639291 0 0 0 0 0 0 117 29 6 0 0 0 
1666915334.2465794 19.96484375 36.81602494434871 986.8600289474115 0 0 0 0 0 0 117 29 6 0 0 0 
1666915339.3807828 19.96484375 36.83982249533797 986.8600289474115 0 0 0 0 0 0 117 29 6 0 0 0 
1666915344.515092 19.980078125 36.9049455014543 986.892756911966 0 0 0 0 0 0 105 25 6 0 0 0 
1666915349.6494985 19.975 37.023436914875944 986.8826670172405 0 0 0 0 0 0 105 25 6 0 0 0 
1666915354.7840207 19.975 36.81602494434871 986.8689120216612 0 0 0 0 0 0 105 25 6 0 0 0 
1666915359.9179158 19.980078125 37.052965961442126 986.859123939322 0 0 0 0 0 0 84 23 6 0 0 0 
1666915365.0513887 19.969921875 36.89887574179036 986.8523973481445 0 0 0 0 0 0 84 23 6 0 0 0 
1666915370.1847906 19.975 37.118089575572334 986.8507157005245 0 0 0 0 0 0 84 23 6 0 0 0 
1666915375.3193634 19.990234375 36.85128053500213 986.8696876492202 0 0 0 0 0 0 96 27 6 0 0 0 
1666915380.4538558 19.990234375 36.96390596020895 986.8420054400891 0 0 0 0 0 0 96 27 6 0 0 0 
1666915385.5859568 19.9953125 36.77440101743718 986.8621853745925 0 0 0 0 0 0 96 27 6 0 0 0 
1666915390.7167504 19.990234375 36.83962634857588 986.8871085401862 0 0 0 0 0 0 87 25 8 0 0 0 
1666915395.84422 19.98515625 36.88114960728301 986.8736551325909 0 0 0 0 0 0 87 25 8 0 0 0 
1666915400.9762115 19.98515625 36.916602182147514 986.8887902164498 0 1 1 0 1 1 168 53 8 0 0 0 
1666915406.100278 20.000390625 36.86915371689925 986.8842186505846 0 1 1 0 1 1 168 53 8 0 0 0 
1666915411.2316933 20.000390625 36.99353073020185 986.8430827535165 0 0 0 0 0 0 168 53 8 0 0 0 
1666915416.3602324 19.990234375 36.82190058794409 986.8811574343143 0 0 0 0 0 0 138 43 10 2 0 0 
1666915421.4935553 19.990234375 36.99955013232642 986.8921535691865 0 0 0 0 0 0 138 43 10 2 0 0 
1666915426.624996 19.98515625 37.14174193965805 986.8551567044434 0 0 0 0 0 0 138 43 10 2 0 0 
1666915431.7580125 19.980078125 37.0115409036905 986.8658505316166 0 1 1 0 1 1 153 48 12 2 0 0 
1666915436.8912518 19.975 37.10624053825336 986.8874103068599 0 1 1 0 1 1 153 48 12 2 0 0 
1666915442.0210826 19.969921875 37.10624053825336 986.8708954765707 0 1 1 0 1 1 153 48 12 2 0 0 
1666915447.1517375 19.96484375 37.094575882607934 986.84122956242 0 1 1 0 1 1 189 58 14 2 0 0 
1666915452.28352 19.959765625 36.95243799912996 986.8721015560437 0 1 1 0 1 1 189 58 14 2 0 0 
1666915457.4142947 19.959765625 37.08277352345919 986.9037507600963 0 1 1 0 1 1 189 58 14 2 0 0 
1666915462.5455086 19.9544921875 37.106562210351676 986.8754647445986 0 2 2 0 2 2 216 67 14 2 0 0 
1666915467.67593 19.9544921875 36.95258107788396 986.8821911225458 0 2 2 0 2 2 216 67 14 2 0 0 
1666915472.8071554 19.9443359375 37.01172905691018 986.8457988757116 0 2 2 0 2 2 216 67 14 2 0 0 
1666915477.9341762 19.9494140625 36.9110629146922 986.8642961057495 0 1 1 0 1 1 201 65 12 2 0 0 
1666915483.0648136 19.959765625 37.224996637369564 986.895643881791 0 0 0 0 0 0 162 51 2 0 0 0 
1666915488.197528 19.9392578125 37.17163580684753 986.8642961057495 0 0 0 0 0 0 171 54 2 0 0 0 
1666915493.3259804 19.9544921875 37.14812117662584 986.8794302093363 0 0 0 0 0 0 171 54 2 0 0 0 
1666915498.4610448 19.9443359375 37.17190673577768 986.8999098343801 0 0 0 0 0 0 171 54 2 0 0 0 
1666915503.595979 19.9392578125 36.99405057916172 986.8800320483319 0 0 0 0 0 0 213 65 2 0 0 0 
1666915508.7278452 19.9443359375 37.13622791036364 986.8581720306952 0 0 0 0 0 0 213 65 2 0 0 0 
1666915513.8605447 19.9341796875 37.159968843503464 986.8648981887115 0 0 0 0 0 0 213 65 2 0 0 0 
1666915518.9891605 19.9443359375 37.27251963238467 986.8454975213006 0 0 0 0 0 0 201 58 0 0 0 0 
1666915524.119998 19.9291015625 37.17769518562033 986.8915020619361 0 0 0 0 0 0 201 58 0 0 0 0 
1666915529.2533896 19.9443359375 37.17769518562033 986.8895196148687 0 0 0 0 0 0 201 58 0 0 0 0 
1666915534.3831065 19.9341796875 37.11850182991809 986.877748641992 0 0 0 0 0 0 210 61 0 0 0 0 
1666915539.5124876 19.9240234375 37.23100951521987 986.8503662247837 0 0 0 0 0 0 210 61 0 0 0 0 
1666915544.6443884 19.9291015625 37.237066445112056 986.8436401777093 0 0 0 0 0 0 210 61 0 0 0 0 
1666915549.7786324 19.9341796875 37.27256361240346 986.8716243478448 0 0 0 0 0 0 216 63 0 0 0 0 
1666915554.9059782 19.9189453125 37.13044081998164 986.8867582099783 0 0 0 0 0 0 216 63 0 0 0 0 
1666915560.0357928 19.9037109375 37.35553546409099 986.9021926572324 0 0 0 0 0 0 216 63 0 0 0 0 
1666915565.1650763 19.9189453125 37.254927072391396 986.8783505080949 0 0 0 0 0 0 225 57 8 0 0 0 
1666915570.2934442 19.9138671875 37.17190673577768 986.8537292487396 0 0 0 0 0 0 225 57 8 0 0 0 
1666915575.425084 19.9240234375 37.16598306429347 986.8520477367267 0 0 0 0 0 0 225 57 8 0 0 0 
1666915580.557558 19.9138671875 37.053526093740686 986.8391972860551 0 0 0 0 0 0 225 57 8 0 0 0 
1666915585.691449 19.9138671875 37.1600593825518 986.8968474545419 0 0 0 0 0 0 225 57 8 0 0 0 
1666915590.8231268 19.9138671875 37.2194311345589 986.8711455005912 0 1 1 0 1 1 225 57 8 0 0 0 
1666915595.956749 19.9341796875 37.219206562416026 986.8245412573675 0 1 1 0 1 1 225 57 8 0 0 0 
1666915601.0904355 19.9291015625 37.37330546305566 986.8564904913655 0 1 1 0 1 1 225 57 8 0 0 0 
1666915606.2213635 19.9138671875 37.195601319139996 986.8635175403027 0 1 1 0 1 1 216 59 8 0 0 0 
1666915611.3502862 19.9138671875 37.22526382117553 986.8274268975782 0 1 1 0 1 1 216 59 8 0 0 0 
1666915616.4843059 19.9138671875 37.13641007895178 986.8638183222829 0 1 1 0 1 1 216 59 8 0 0 0 
1666915621.6166656 19.9037109375 37.15422806519874 986.8506670059755 0 0 0 0 0 0 195 54 6 0 0 0 
1666915626.7509031 19.9037109375 37.3970411787027 986.8667018163463 0 0 0 0 0 0 195 54 6 0 0 0 
1666915631.884651 19.9087890625 37.426743054869824 986.8092314813423 0 0 0 0 0 0 195 54 6 0 0 0 
1666915637.0187416 19.9037109375 37.38532430673391 986.8680829566832 1 1 1 1 1 1 207 61 4 0 0 0 
1666915642.152815 19.8986328125 37.27278503969193 986.8764903172836 1 1 1 1 1 1 207 61 4 0 0 0 
1666915647.2873695 19.8935546875 37.32613687653295 986.8303106820302 0 0 0 0 0 0 180 54 8 0 0 0 
1666915652.4213161 19.8986328125 37.290598354133834 986.8417803750341 0 0 0 0 0 0 180 54 8 0 0 0 
1666915657.5553222 19.8986328125 37.2551035709414 986.8300102706919 0 0 0 0 0 0 180 54 8 0 0 0 
1666915662.6892035 19.8884765625 37.2669497728725 986.8656207206953 0 0 0 0 0 0 165 52 8 0 0 0 
1666915667.8220968 19.8833984375 37.30248813252105 986.818841072992 0 0 0 0 0 0 165 52 8 0 0 0 
1666915672.9558716 19.8732421875 37.42103103294727 986.8524693997061 0 0 0 0 0 0 165 52 8 0 0 0 
1666915678.0895643 19.8935546875 37.3854095358567 986.8356552328592 0 0 0 0 0 0 165 52 12 0 0 0 
1666915683.2226665 19.8935546875 37.42094666478157 986.8757093088248 0 0 0 0 0 0 165 52 12 0 0 0 
1666915688.3566272 19.8884765625 37.284850237064255 986.8373366492299 0 0 0 0 0 0 165 52 12 0 0 0 
1666915693.4906461 19.8833984375 37.37356374416683 986.8376367879523 0 1 1 0 1 1 159 50 10 2 0 0 
1666915698.6235843 19.8833984375 37.2314554142428 986.8625579031647 0 1 1 0 1 1 159 50 10 2 0 0 
1666915703.756716 19.8783203125 37.527555836253526 986.8622578585439 0 1 1 0 1 1 159 50 10 2 0 0 
1666915708.890274 19.8732421875 37.27313605545819 986.8729462632373 0 1 1 0 1 1 132 41 8 2 0 0 
1666915714.0233703 19.8783203125 37.50386519642862 986.8359553851352 0 1 1 0 1 1 132 41 8 2 0 0 
1666915719.1563284 19.8732421875 37.29081674374273 986.8409995937963 0 1 1 0 1 1 132 41 8 2 0 0 
1666915724.2911131 19.8783203125 37.48626280368223 986.8555321350785 0 1 1 0 1 1 111 37 8 2 0 0 
1666915729.4248865 19.8732421875 37.45652520510958 986.8278484829415 0 0 0 0 0 0 141 41 0 0 0 0 
1666915734.5546181 19.8884765625 37.32030052186748 986.8911420099427 0 0 0 0 0 0 114 34 2 0 0 0 
1666915739.6873412 19.8935546875 37.45056065684478 986.8400989313473 0 0 0 0 0 0 114 34 2 0 0 0 
1666915744.821363 19.8884765625 37.397255286522444 986.8303106820302 0 0 0 0 0 0 114 34 2 0 0 0 
1666915749.955223 19.8935546875 37.4564416330663 986.8269478228102 0 0 0 0 0 0 123 39 2 0 0 0 
1666915755.0888016 19.8884765625 37.23132227112424 986.8316917139599 0 0 0 0 0 0 123 39 2 0 0 0 
1666915760.2226367 19.8935546875 37.580818815416556 986.8521692737647 0 0 0 0 0 0 123 39 2 0 0 0 
1666915765.3566039 19.8935546875 37.37347824245845 986.8448428640551 0 0 0 0 0 0 117 37 2 0 0 0 
1666915770.4903464 19.8986328125 37.44463787894419 986.8955866098685 0 0 0 0 0 0 117 37 2 0 0 0 
1666915775.6240401 19.8833984375 37.48025739780236 986.84880641273 0 0 0 0 0 0 117 37 2 0 0 0 
1666915780.7574546 19.8833984375 37.53944192126691 986.8485061504797 0 0 0 0 0 0 129 41 4 0 0 0 
1666915785.8902843 19.8732421875 37.33811239921621 986.8376367879523 0 0 0 0 0 0 129 41 4 0 0 0 
1666915791.0233293 19.8732421875 37.41519280129983 986.854738685234 0 0 0 0 0 0 129 41 4 0 0 0 
1666915796.1576152 19.8732421875 37.349915044952624 986.8614762745004 0 0 0 0 0 0 141 45 4 0 0 0 
1666915801.2920084 19.8884765625 37.53347847056968 986.8636391493153 0 0 0 0 0 0 141 45 4 0 0 0 
1666915806.4260442 19.8833984375 37.397255286522444 986.8776906630638 0 0 0 0 0 0 141 45 4 0 0 0 
1666915811.560227 19.8935546875 37.527555836253526 986.8353549713834 1 2 2 1 2 2 246 66 8 4 0 0 
1666915816.6933637 19.8833984375 37.42686948370627 986.8319921117447 1 2 2 1 2 2 246 66 8 4 0 0 
1666915821.827571 19.8833984375 37.34987203771473 986.8219035345039 1 2 2 1 2 2 258 70 8 4 0 0 
1666915826.9615788 19.8732421875 37.45652520510958 986.8659207382093 1 2 2 1 2 2 258 70 8 4 0 0 
1666915832.0955424 19.8884765625 37.492102547706665 986.8491065657785 1 2 2 1 2 2 258 70 8 4 0 0 
1666915837.2296047 19.8833984375 37.379529311642884 986.843461818791 1 2 2 1 2 2 231 61 8 4 0 0 
1666915842.3635554 19.9138671875 37.420733930350714 986.8422595150748 1 2 2 1 2 2 231 61 8 4 0 0 
1666915847.4972634 19.9037109375 37.30235741042375 986.8358343175698 1 2 2 1 2 2 231 61 8 4 0 0 
1666915852.6301281 19.9037109375 37.46824560793388 986.8408787704026 1 2 2 1 2 2 252 71 8 4 0 0 
1666915857.7643876 19.9037109375 37.48000825228449 986.834152833432 1 2 2 1 2 2 252 71 8 4 0 0 
1666915862.8982103 19.9087890625 37.23127786847759 986.831090590773 1 2 2 1 2 2 252 71 8 4 0 0 
1666915868.0311131 19.9087890625 37.37347824245845 986.8307898653655 1 2 2 1 2 2 237 66 6 4 0 0 
1666915873.1639962 19.9138671875 37.432623971564894 986.8677825294534 1 2 2 1 2 2 237 66 6 4 0 0 
1666915878.2981374 19.8986328125 37.53331478343555 986.8644195585948 1 2 2 1 2 2 237 66 6 4 0 0 
1666915883.4322789 19.9087890625 37.62215715576537 986.8627380732703 1 2 2 1 2 2 243 71 8 4 0 0 
1666915888.5664687 19.8884765625 37.62223697678125 986.8179395543522 1 2 2 1 2 2 243 71 8 4 0 0 
1666915893.700153 19.8986328125 37.62823922480792 986.7933192459674 0 0 0 0 0 0 174 43 7 0 0 0 
1666915898.8342993 19.8884765625 37.379486645139785 986.8179395543522 0 0 0 0 0 0 174 43 7 0 0 0 
1666915903.968257 19.8935546875 37.45652520510958 986.8283288274936 0 0 0 0 0 0 174 43 7 0 0 0 
1666915909.1002698 19.8884765625 37.480174392507216 986.8258669696975 0 0 0 0 0 0 180 43 7 0 0 0 
1666915914.2334325 19.8935546875 37.563132042388965 986.8235849638695 0 0 0 0 0 0 180 43 7 0 0 0 
1666915919.367217 19.8833984375 37.5927042496495 986.8151778177394 0 0 0 0 0 0 180 43 7 0 0 0 
1666915924.5015152 19.8783203125 37.68746336292282 986.84880641273 0 0 0 0 0 0 174 41 7 0 0 0 
1666915929.6344502 19.8732421875 37.58690253006055 986.8578136272033 0 0 0 0 0 0 174 41 7 0 0 0 
1666915934.7684224 19.8732421875 37.515792724448566 986.8328808043192 0 0 0 0 0 0 174 41 7 0 0 0 
1666915939.9015658 19.8630859375 37.58694277917817 986.8312112608411 0 0 0 0 0 0 180 43 9 0 0 0 
1666915945.035025 19.8732421875 37.622516010067 986.8342739823877 0 0 0 0 0 0 180 43 9 0 0 0 
1666915950.1683733 19.8732421875 37.521879215992 986.7880840278217 0 0 0 0 0 0 180 43 9 0 0 0 
1666915955.3023489 19.8732421875 37.57517896838624 986.8732460081417 0 0 0 0 0 0 189 48 11 0 0 0 
1666915960.4364524 19.8732421875 37.53964589241496 986.8026276575937 0 0 0 0 0 0 189 48 11 0 0 0 
1666915965.5699427 19.8630859375 37.65220550041917 986.786102561339 0 0 0 0 0 0 189 48 11 0 0 0 
1666915970.704406 19.8630859375 37.634399941302405 986.8278366796293 0 0 0 0 0 0 201 52 11 0 0 0 
1666915975.8362312 19.8529296875 37.37978508379745 986.8143856835271 0 0 1 0 0 1 183 49 11 2 0 0 
1666915980.9697125 19.8529296875 37.63447927372862 986.8233923094281 0 1 1 0 1 1 189 51 13 2 0 0 
1666915986.1015863 19.8580078125 37.59894763067599 986.8166669200825 0 1 1 0 1 1 189 51 13 2 0 0 
1666915991.2349262 19.8529296875 37.65224495682398 986.8105410658173 0 1 1 0 1 1 189 51 13 2 0 0 
1666915996.3672948 19.8529296875 37.68177598130296 986.8469311809313 0 1 1 0 1 1 198 56 11 2 0 0 
1666916001.5017574 19.8529296875 37.69373682714572 986.8522747093475 0 1 1 0 1 1 198 56 11 2 0 0 
1666916006.6334152 19.8427734375 37.474666941678215 986.8259724281727 0 1 1 0 1 1 198 56 11 2 0 0 
1666916011.7667856 19.8427734375 37.575299994940316 986.8293350420846 0 1 1 0 1 1 165 49 11 2 0 0 
1666916016.8987584 19.8427734375 37.6463625864512 986.8276537350936 0 1 1 0 1 1 165 49 11 2 0 0 
1666916022.0316446 19.8427734375 37.60502949477903 986.8195466274483 0 1 1 0 1 1 165 49 11 2 0 0 
1666916027.162977 19.8427734375 37.64055944103058 986.8716667456474 0 1 1 0 1 1 156 46 11 2 0 0 
1666916032.2933815 19.8326171875 37.62275476016839 986.8574318207443 0 1 1 0 1 1 156 46 11 2 0 0 
1666916037.4238157 19.8376953125 37.575461212445845 986.8100575580139 0 1 1 0 1 1 156 46 11 2 0 0 
1666916042.5542157 19.8275390625 37.723538372276465 986.8291494358277 0 1 1 0 1 1 171 49 11 2 0 0 
1666916047.6846168 19.8326171875 37.788672570518294 986.8627742335883 0 1 1 0 1 1 171 49 11 2 0 0 
1666916052.815017 19.8275390625 37.70577428472135 986.8560492718032 0 1 1 0 1 1 171 49 11 2 0 0 
1666916057.9453943 19.8173828125 37.69400930531726 986.8526867913293 0 1 2 0 1 2 192 50 14 2 2 0 
1666916063.0793283 19.8072265625 37.88355783788855 986.8317267448117 0 1 2 0 1 2 192 50 14 2 2 0 
1666916068.2132945 19.8173828125 37.658481547961976 986.8314281640546 0 0 2 0 0 2 192 48 12 2 2 0 
1666916073.3478515 19.8123046875 37.806549023114435 986.8437935134548 0 0 2 0 0 2 192 48 12 2 2 0 
1666916078.4758542 19.8021484375 37.806511435364115 986.8600087807542 0 0 2 0 0 2 192 48 12 2 2 0 
1666916083.6070468 19.8123046875 37.735534688917745 986.8552635320626 0 1 1 0 1 1 201 51 10 0 0 0 
1666916088.7376833 19.8123046875 37.72369256020182 986.9003579210151 0 1 1 0 1 1 201 51 10 0 0 0 
1666916093.8672936 19.7970703125 37.78882376067595 986.8609035043479 0 1 1 0 1 1 201 51 10 0 0 0 
1666916098.9968486 19.7919921875 37.777019723287445 986.8451763358518 0 0 0 0 0 0 180 44 8 0 0 0 
1666916104.1261005 19.8021484375 37.79470700418284 986.8350891421532 0 0 0 0 0 0 180 44 8 0 0 0 
1666916109.256102 19.8021484375 37.71185039047873 986.8415154382341 0 0 0 0 0 0 180 44 8 0 0 0 
1666916114.3879633 19.8123046875 37.8303075360207 986.8431966508416 0 0 0 0 0 0 192 46 10 0 0 0 
1666916119.5196927 19.8123046875 37.86583228318968 986.8566463542135 0 0 0 0 0 0 192 46 10 0 0 0 
1666916124.6515777 19.8123046875 37.75918070133948 986.8089745705697 0 0 0 0 0 0 192 46 10 0 0 0 
1666916129.784117 19.8072265625 37.81250752602201 986.8000827130949 0 0 0 0 0 0 171 41 8 0 0 0 
1666916134.9153776 19.8021484375 37.830270242387776 986.8364718008303 0 0 0 0 0 0 171 41 8 0 0 0 
1666916140.0470433 19.8123046875 37.717732881555165 986.8381530132284 0 1 1 0 1 1 180 60 12 0 0 0 
1666916145.1766942 19.8123046875 37.94269327252706 986.8684148483273 0 1 1 0 1 1 180 60 12 0 0 0 
1666916150.307298 19.8123046875 37.94269327252706 986.8499215019692 0 1 1 0 1 1 180 60 12 0 0 0 
1666916155.4378235 19.8123046875 37.81835354954529 986.8516027149255 0 0 0 0 0 0 159 53 10 0 0 0 
1666916160.56665 19.8123046875 37.847958655583696 986.8317267448117 0 0 0 0 0 0 159 53 10 0 0 0 
1666916165.7005236 19.8123046875 37.85976364083361 986.8317267448117 0 0 0 0 0 0 159 53 10 0 0 0 
1666916170.8350627 19.8021484375 37.776981816492196 986.8465590762659 0 0 0 0 0 0 150 50 8 0 0 0 
1666916175.9673872 19.8021484375 37.74737677662653 986.8532839279517 0 1 1 0 1 1 150 50 8 0 0 0 
1666916181.0965168 19.8173828125 37.67032417475611 986.8771191324704 0 1 1 0 1 1 150 50 8 0 0 0 
1666916186.2299376 19.8021484375 37.72373108017849 986.8390482653892 0 0 0 0 0 0 141 45 8 0 0 0 
1666916191.3631675 19.7970703125 37.907204528331256 986.8589241861081 0 0 0 0 0 0 141 45 8 0 0 0 
1666916196.4927888 19.7919921875 37.71784864588253 986.8477522564425 0 0 0 0 0 0 141 45 8 0 0 0 
1666916201.6273904 19.7919921875 37.895472490683105 986.8673301178019 0 1 1 0 1 1 183 54 12 0 0 0 
1666916206.7593668 19.7919921875 37.91323436772301 986.8376653062785 0 1 1 0 1 1 183 54 12 0 0 0 
1666916211.888402 19.7869140625 37.936952772687704 986.8298557497283 0 1 1 0 1 1 183 54 12 0 0 0 
1666916217.0175593 19.7919921875 37.777133378863105 986.8578392091184 0 1 1 0 1 1 198 59 16 0 0 0 
1666916222.145992 19.7919921875 37.80081613614815 986.8628826863984 0 0 0 0 0 0 90 26 4 0 0 0 
1666916227.2800682 19.7818359375 37.765253928064546 986.8298557497283 0 0 0 0 0 0 90 28 6 0 0 0 
1666916232.4139159 19.7919921875 37.889661584380306 986.8598182954311 0 0 0 0 0 0 90 28 6 0 0 0 
1666916237.5436354 19.7818359375 37.74752970161279 986.8483481916129 0 0 0 0 0 0 90 28 6 0 0 0 
1666916242.6742206 19.7818359375 37.866016545512174 986.8170027199809 0 0 0 0 0 0 78 24 6 0 0 0 
1666916247.806133 19.7818359375 37.901538879848125 986.8301537026742 0 0 0 0 0 0 78 24 6 0 0 0 
1666916252.9376748 19.7869140625 37.81265745328561 986.8752463039709 0 0 0 0 0 0 78 24 6 0 0 0 
1666916258.0665803 19.7818359375 37.942873268736086 986.8503271134235 0 0 0 0 0 0 78 22 4 0 0 0 
1666916263.200547 19.7869140625 37.94290923557453 986.8399425351643 0 0 0 0 0 0 78 22 4 0 0 0 
1666916268.3322382 19.7919921875 37.88374113232375 986.8668406419403 0 0 0 0 0 0 78 22 4 0 0 0 
1666916273.464153 19.7970703125 37.86002231180162 986.83123883192 0 0 0 0 0 0 78 22 4 0 0 0 
1666916278.5946305 19.7869140625 37.97251122143544 986.8281746190665 0 0 0 0 0 0 78 22 4 0 0 0 
1666916283.725094 19.7919921875 37.9546783886867 986.8595203681418 0 0 0 0 0 0 78 22 4 0 0 0 
1666916288.856503 19.7767578125 37.92518408145683 986.8388570653032 0 0 0 0 0 0 84 24 6 0 0 0 
1666916293.985781 19.7818359375 37.901538879848125 986.8520082314395 0 0 0 0 0 0 84 24 6 0 0 0 
1666916299.1154563 19.7716796875 38.08499643051424 986.8388570653032 0 0 0 0 0 0 84 24 6 0 0 0 
1666916304.2495701 19.7666015625 37.88973469029368 986.8850354858632 0 1 1 0 1 1 222 63 12 0 0 0 
1666916309.383239 19.7818359375 37.871936960194105 986.8264934884745 0 1 1 0 1 1 222 63 12 0 0 0 
1666916314.5167778 19.7869140625 38.061350235005314 986.8628826863984 0 1 1 0 1 1 207 58 14 0 0 0 
1666916319.6448612 19.7716796875 37.91929990863606 986.8593278218675 0 1 1 0 1 1 207 58 14 0 0 0 
1666916324.7778192 19.7767578125 37.99034310125417 986.8520082314395 0 1 1 0 1 1 207 58 14 0 0 0 
1666916329.9101608 19.7716796875 37.901538879848125 986.8088951165363 0 1 1 0 1 1 216 60 14 0 0 0 
1666916335.0349314 19.7818359375 38.00214822583905 986.858434981654 0 1 1 0 1 1 216 60 14 0 0 0 
1666916340.1665394 19.7767578125 37.996192625608955 986.8099803019722 0 1 1 0 1 1 216 60 14 0 0 0 
1666916345.297728 19.7818359375 38.12055121911065 986.8550727180279 0 1 1 0 1 1 210 56 14 0 0 0 
1666916350.4295087 19.7818359375 38.06131564139142 986.848050278602 0 1 1 0 1 1 210 56 14 0 0 0 
1666916355.556381 19.7919921875 37.889625015221675 986.8581371499605 0 1 1 0 1 1 210 56 14 0 0 0 
1666916360.689849 19.7869140625 38.08496209857308 986.8399425351643 0 0 0 0 0 0 231 63 12 0 0 0 
1666916365.8210638 19.7716796875 37.9843164540445 986.8561580501647 0 0 0 0 0 0 231 63 12 0 0 0 
1666916370.9548695 19.7818359375 37.966590844764944 986.8533915863195 0 0 0 0 0 0 231 63 12 0 0 0 
1666916376.0892165 19.7919921875 37.978360460851285 986.8774172381376 0 0 0 0 0 0 168 49 14 0 0 0 
1666916381.2217019 19.8021484375 37.86583228318968 986.8527957324665 0 0 0 0 0 0 168 49 14 0 0 0 
1666916386.3505569 19.7919921875 37.978360460851285 986.8242160433007 0 0 0 0 0 0 150 46 4 0 0 0 
1666916391.4777265 19.7919921875 38.03167947933215 986.8222365511376 0 0 0 0 0 0 150 46 4 0 0 0 
1666916396.610784 19.7970703125 37.859948459817765 986.8541788141816 0 0 0 0 0 0 150 46 4 0 0 0 
1666916401.7424033 19.8021484375 37.93677243586004 986.8421123279534 0 0 0 0 0 0 150 46 6 0 0 0 
1666916406.8742867 19.7869140625 37.936880670360054 986.8326218321386 0 0 0 0 0 0 150 46 6 0 0 0 
1666916412.0060403 19.7818359375 38.01388326155867 986.8144273922156 0 0 0 0 0 0 150 46 6 0 0 0 
1666916417.1348834 19.7869140625 37.806661721555905 986.8780131220061 0 0 0 0 0 0 165 51 10 0 0 0 
1666916422.2688754 19.7818359375 38.073156056454515 986.8427087810466 0 0 0 0 0 0 165 51 10 0 0 0 
1666916427.4031765 19.7970703125 38.079007437690805 986.8365802730732 0 0 0 0 0 0 165 51 10 0 0 0 
1666916432.5365462 19.8021484375 38.096768361358286 986.8777152346483 0 0 0 0 0 0 150 46 10 0 0 0 
1666916437.6702921 19.7970703125 38.08485903794579 986.8625846770642 0 0 0 0 0 0 150 46 10 0 0 0 
1666916442.8031163 19.8021484375 37.90731375229436 986.8474541251317 0 0 0 0 0 0 150 46 10 0 0 0 
1666916447.936445 19.8021484375 37.94868599358174 986.8376653062785 0 0 0 0 0 0 165 51 10 0 0 0 
1666916453.0696268 19.8021484375 37.90731375229436 986.8407294371982 0 0 0 0 0 0 165 51 10 0 0 0 
1666916458.2026138 19.8072265625 38.07893858356919 986.870692490968 0 0 0 0 0 0 165 51 10 0 0 0 
1666916463.3366232 19.8072265625 37.99013053770569 986.8919518468127 0 0 0 0 0 0 150 46 10 0 0 0 
1666916468.469663 19.8123046875 37.800590362895136 986.8499215019692 0 0 0 0 0 0 171 49 10 2 0 0 
1666916473.6038048 19.8173828125 38.07294908537989 986.8549651410477 0 0 0 0 0 0 162 47 10 2 0 0 
1666916478.737503 19.8173828125 38.001901075322984 986.8594117525562 0 0 0 0 0 0 162 47 10 2 0 0 
1666916483.8710053 19.8224609375 38.06103850365446 986.8843318925506 0 1 1 0 1 1 162 47 10 2 0 0 
1666916489.0041726 19.8224609375 37.990095072644266 986.8700960620513 0 0 0 0 0 0 141 40 8 0 0 0 
1666916494.1378329 19.8173828125 37.88355783788855 986.8765225936586 0 0 0 0 0 0 141 40 8 0 0 0 
1666916499.2720435 19.8173828125 38.0077865169161 986.875626966707 0 0 0 0 0 0 141 40 8 0 0 0 
1666916504.4063182 19.8224609375 37.83604211730484 986.8876944027824 0 0 0 0 0 0 132 37 10 0 0 0 
1666916509.5405896 19.8224609375 37.978146820615954 986.8459618312189 0 0 0 0 0 0 132 37 10 0 0 0 
1666916514.6678283 19.8173828125 38.0077865169161 986.8580290943788 0 0 0 0 0 0 132 37 10 0 0 0 
1666916519.8014057 19.8376953125 37.942585145188225 986.87118043739 0 0 0 0 0 0 123 34 8 0 0 0 
1666916524.9356432 19.8173828125 37.93085158894077 986.87118043739 0 0 0 0 0 0 123 34 8 0 0 0 
1666916530.069 19.8224609375 37.89528971548562 986.8540693130245 0 0 0 0 0 0 123 34 8 0 0 0 
1666916535.2023177 19.8224609375 37.883374273420344 986.8829491256432 0 0 0 0 0 0 123 37 6 0 0 0 
1666916540.3365993 19.8275390625 37.78271343835921 986.9075710760607 0 0 0 0 0 0 123 37 6 0 0 0 
