timestamp temperature humidity pressure pm10_standard pm25_standard pm100_standard pm10_env pm25_env pm100_env particles_03um particles_05um particles_10um particles_25um particles_50um particles_100um
1671232860.547344 22.003125 28.77453347067249 989.9240754804807 0 1 1 0 1 1 207 53 4 2 0 0 
1671232865.6775312 21.99296875 28.77453347067249 989.8835831075869 0 1 1 0 1 1 207 53 4 2 0 0 
1671232870.807891 22.003125 28.77453347067249 989.8805289230893 0 1 1 0 1 1 207 53 4 2 0 0 
1671232875.9409199 22.003125 28.76274706944452 989.9162792423299 0 1 1 0 1 1 216 56 4 2 0 0 
1671232881.0686598 21.987890625 28.703232850498125 989.9210209670379 0 1 1 0 1 1 216 56 4 2 0 0 
1671232886.199203 21.998046875 28.70308643868311 989.9072036535229 0 1 1 0 1 1 216 56 4 2 0 0 
1671232891.3308475 22.003125 28.864023192295722 989.9015017727056 0 1 1 0 1 1 210 51 6 2 0 0 
1671232896.4636679 21.987890625 28.673255735037696 989.9440019093008 0 1 1 0 1 1 210 51 6 2 0 0 
1671232901.5953054 21.99296875 28.75081502612204 989.9092107833719 0 0 0 0 0 0 123 36 8 0 0 0 
1671232906.7267027 22.003125 28.804218367692062 989.9207011145269 0 0 0 0 0 0 123 36 8 0 0 0 
1671232911.8595064 21.998046875 28.810184438336464 989.9352459720543 0 0 0 0 0 0 123 36 8 0 0 0 
1671232916.9954383 21.998046875 28.70308643868311 989.919333797732 0 0 0 0 0 0 129 38 6 0 0 0 
1671232922.1275036 21.998046875 28.804508894930827 989.9038292889745 0 0 0 0 0 0 129 38 6 0 0 0 
1671232927.264305 21.99296875 28.774679071352093 989.9010948450929 0 0 0 0 0 0 129 38 6 0 0 0 
1671232932.399139 21.998046875 28.870278089611364 989.8974006031493 0 0 0 0 0 0 117 34 6 0 0 0 
1671232937.5285134 21.987890625 28.834628258618437 989.8420444654973 0 0 0 0 0 0 117 34 6 0 0 0 
1671232942.6629858 21.9828125 28.906216514086726 989.8859104535474 0 0 0 0 0 0 117 34 6 0 0 0 
1671232947.7945392 21.987890625 28.66758319803802 989.8963532161907 0 0 0 0 0 0 138 39 6 0 0 0 
1671232952.9286113 21.97265625 28.69159380221823 989.8646175300256 0 0 0 0 0 0 138 39 6 0 0 0 
1671232958.0597312 21.987890625 28.73306295280824 989.8781145423193 0 0 0 0 0 0 138 39 6 0 0 0 
1671232963.1938794 21.967578125 28.727389196186756 989.9067957083744 0 0 0 0 0 0 144 39 6 0 0 0 
1671232968.3264165 21.9828125 28.78675648469665 989.8626104071213 0 0 0 0 0 0 144 39 6 0 0 0 
1671232973.46005 21.99296875 28.577795743946456 989.8987677426791 0 0 0 0 0 0 144 39 6 0 0 0 
1671232978.591707 21.99296875 28.69130073709966 989.890651930282 0 0 0 0 0 0 129 37 6 0 0 0 
1671232983.7206888 21.99296875 28.75707263279102 989.9223882974687 0 0 0 0 0 0 222 61 4 0 0 0 
1671232988.8502626 21.99296875 28.727096953053195 989.9004549247073 0 0 0 0 0 0 231 64 8 0 0 0 
1671232993.984604 21.998046875 28.810620007456343 989.8707260676932 0 0 0 0 0 0 231 64 8 0 0 0 
1671232999.1171207 21.99296875 28.732916883485384 989.8808489909636 0 0 0 0 0 0 231 64 8 0 0 0 
1671233004.2527447 21.9828125 28.756781052960143 989.9142722902358 0 1 1 0 1 1 222 61 8 0 0 0 
1671233009.3878343 21.987890625 28.697266798975637 989.8757875290123 0 1 1 0 1 1 222 61 8 0 0 0 
1671233014.5219777 21.987890625 28.792722380916803 989.8656646070066 0 1 1 0 1 1 222 61 8 0 0 0 
1671233019.6540115 21.9828125 28.935900784153937 989.9024621085374 0 1 1 0 1 1 222 64 8 0 0 0 
1671233024.7876704 21.987890625 28.840449177952465 989.8842232992826 0 1 1 0 1 1 222 64 8 0 0 0 
1671233029.9197862 21.987890625 28.75081502612204 989.8808489909636 0 1 1 0 1 1 222 64 8 0 0 0 
1671233035.0531902 21.987890625 28.876243840882683 989.8471059232328 0 1 1 0 1 1 222 64 8 0 0 0 
1671233040.1867876 21.987890625 28.637605714308865 989.8521673816008 0 0 0 0 0 0 222 64 8 0 0 0 
1671233045.3192217 21.987890625 28.751106742946916 989.8656646070066 0 0 0 0 0 0 222 64 8 0 0 0 
1671233050.4515555 21.987890625 28.66758319803802 989.8761075273766 0 0 0 0 0 0 207 59 6 0 0 0 
1671233055.586181 21.9828125 28.763038512281874 989.83256214385 0 0 0 0 0 0 207 59 6 0 0 0 
1671233060.7183588 21.977734375 28.60792228071286 989.8409977693317 0 1 1 0 1 1 207 59 6 0 0 0 
1671233065.8502626 21.9828125 28.882498263196098 989.842684894639 0 0 0 0 0 0 153 42 0 0 0 0 
1671233070.9820065 21.9828125 28.87638825549018 989.8842232992826 0 0 0 0 0 0 153 42 0 0 0 0 
1671233076.1132889 21.9828125 28.727096953053195 989.8683984781862 0 0 0 0 0 0 132 35 0 0 0 0 
1671233081.2459083 21.987890625 28.929935136417512 989.8454187705839 0 0 0 0 0 0 132 35 0 0 0 0 
1671233086.3763244 22.003125 28.941722749493348 989.8636572500559 0 0 0 0 0 0 132 35 0 0 0 0 
1671233091.5096328 21.998046875 28.756635246790854 989.8889647622411 0 0 0 0 0 0 153 40 2 2 0 0 
1671233096.6429935 21.99296875 28.85834655600827 989.8535342496086 0 0 0 0 0 0 153 40 2 2 0 0 
1671233101.7781959 21.987890625 28.661617152895136 989.8420444654973 0 0 0 0 0 0 153 40 2 2 0 0 
1671233106.9091175 21.987890625 28.739174932198956 989.8592361277603 0 0 0 0 0 0 132 35 2 2 0 0 
1671233112.0403862 21.987890625 28.792722380916803 989.8771545879205 0 0 0 0 0 0 132 35 2 2 0 0 
1671233117.1726062 21.967578125 28.76900438141947 989.8949858140102 0 0 0 0 0 0 132 35 2 2 0 0 
1671233122.3048978 21.9828125 28.810910332691204 989.909850347688 0 0 0 0 0 0 138 35 2 2 0 0 
1671233127.4363256 21.977734375 28.667729999178913 989.9129049313409 0 0 0 0 0 0 138 35 2 2 0 0 
1671233132.5711694 21.977734375 28.840594003517015 989.9145920868002 0 0 0 0 0 0 138 35 2 2 0 0 
1671233137.7034016 21.977734375 28.75707263279102 989.8983600691914 0 0 0 0 0 0 132 35 2 2 0 0 
1671233142.8349488 21.97265625 28.703672020926458 989.893298686525 0 0 0 0 0 0 132 35 2 2 0 0 
1671233147.9663932 21.977734375 28.703672020926458 989.8561818996255 0 0 0 0 0 0 258 74 8 0 0 0 
1671233153.0985346 21.977734375 28.620296561949452 989.8463791675999 1 1 1 1 1 1 258 74 8 0 0 0 
1671233158.2308683 21.977734375 28.88875235784755 989.8929789340191 1 1 1 1 1 1 258 74 8 0 0 0 
1671233163.3637948 21.97265625 28.89457362746621 989.8969999058723 1 1 1 1 1 1 273 77 8 0 0 0 
1671233168.4956546 21.97265625 28.733647121739697 989.9169184777126 1 1 1 1 1 1 273 77 8 0 0 0 
1671233173.6277704 21.967578125 28.69159380221823 989.9084828364217 1 1 1 1 1 1 273 77 8 0 0 0 
1671233178.7603312 21.977734375 28.966158996785172 989.9067957083744 1 1 1 1 1 1 267 75 8 0 0 0 
1671233183.8874233 21.97265625 28.882498263196098 989.8885644071277 1 1 1 1 1 1 267 75 8 0 0 0 
1671233189.0146487 21.967578125 28.703818389397 989.8730531621821 1 1 1 1 1 1 267 75 8 0 0 0 
1671233194.1417685 21.97265625 28.70978415657062 989.8848630501526 1 1 1 1 1 1 246 68 4 0 0 0 
1671233199.2686415 21.967578125 28.6796619214046 989.8548147280651 1 1 1 1 1 1 246 68 4 0 0 0 
1671233204.4030416 21.977734375 28.763475595268858 989.8953054427495 1 1 1 1 1 1 246 68 4 0 0 0 
1671233209.5336401 21.977734375 28.596432809987235 989.8781145423193 1 1 1 1 1 1 246 68 4 0 0 0 
1671233214.667878 21.97265625 28.775115808375944 989.8716858542654 1 1 1 1 1 1 246 68 4 0 0 0 
1671233219.8003545 21.97265625 28.84655973806234 989.8598760651874 1 1 1 1 1 1 246 68 4 0 0 0 
1671233224.9345477 21.977734375 28.70337925147702 989.8764274155368 1 1 1 1 1 1 225 61 4 0 0 0 
1671233230.0673463 21.967578125 28.882642587640824 989.8868773075894 1 1 1 1 1 1 270 74 13 2 0 0 
1671233235.2002823 21.97265625 28.76318421744674 989.8514482335183 1 1 1 1 1 1 240 67 13 2 0 0 
1671233240.334629 21.967578125 28.73932091135214 989.854822429714 1 1 1 1 1 1 240 67 13 2 0 0 
1671233245.4631367 21.9625 28.823276753590353 989.8615708229485 1 1 1 1 1 1 240 67 13 2 0 0 
1671233250.593303 21.9625 28.644160148271006 989.8345772567556 0 1 3 0 1 3 234 67 17 4 2 2 
1671233255.7259383 21.97265625 28.73961283715061 989.8514482335183 0 1 3 0 1 3 234 67 17 4 2 2 
1671233260.85785 21.967578125 28.67428278766833 989.8615708229485 0 1 3 0 1 3 234 67 17 4 2 2 
1671233265.9909434 21.967578125 28.69159380221823 989.8716934149078 1 1 3 1 1 3 255 76 17 4 2 2 
1671233271.122549 21.967578125 28.775697972706244 989.860203416122 1 1 3 1 1 3 255 76 17 4 2 2 
1671233276.2496996 21.957421875 28.85892497133523 989.8581966261906 1 1 3 1 1 3 255 76 17 4 2 2 
1671233281.3833702 21.97265625 28.751544236914818 989.8615708229485 1 1 3 1 1 3 264 79 17 4 2 2 
1671233286.5144606 21.967578125 28.775697972706244 989.8210804804042 1 1 3 1 1 3 264 79 17 4 2 2 
1671233291.6487286 21.967578125 28.7755524478774 989.8267815866031 1 1 3 1 1 3 264 79 17 4 2 2 
1671233296.777434 21.967578125 28.697852611870836 989.8497611355258 1 2 3 1 2 3 249 79 19 4 2 2 
1671233301.9069257 21.97265625 28.90068323998469 989.8514482335183 1 2 3 1 2 3 249 79 19 4 2 2 
1671233307.0400329 21.967578125 28.94840635443159 989.8463869397518 1 2 3 1 2 3 249 79 19 4 2 2 
1671233312.1733122 21.9625 28.727535301499504 989.857869025565 0 1 2 0 1 2 246 67 14 2 2 2 
1671233317.3076336 21.97265625 28.89457362746621 989.8713660356102 0 0 1 0 0 1 246 67 14 2 2 2 
1671233322.4419343 21.977734375 28.572568892384357 989.8342492688058 0 0 1 0 0 1 237 62 16 2 2 2 
1671233327.5762734 21.987890625 28.745286753405313 989.8389904574956 0 0 1 0 0 1 237 62 16 2 2 2 
1671233332.7098463 21.987890625 28.774970240203817 989.8524875698812 0 0 1 0 0 1 237 62 16 2 2 2 
1671233337.8426642 21.9828125 28.70934522414714 989.8595561515747 0 1 2 0 1 2 243 66 20 4 2 2 
1671233342.9740233 21.977734375 28.625820664619553 989.8747402888242 0 1 2 0 1 2 243 66 20 4 2 2 
1671233348.1074862 21.97265625 28.73932091135214 989.8342492688058 0 1 2 0 1 2 243 66 20 4 2 2 
1671233353.2388778 21.9828125 28.834483364560217 989.8825361450879 0 0 2 0 0 2 216 57 18 4 2 2 
1671233358.3695974 21.9828125 28.649832038192766 989.857869025565 0 0 2 0 0 2 216 57 18 4 2 2 
1671233363.5020518 21.987890625 28.560192801418594 989.8460591454641 0 0 2 0 0 2 216 57 18 4 2 2 
1671233368.6326473 21.977734375 28.620149234470734 989.857869025565 0 0 2 0 0 2 228 61 16 4 2 2 
1671233373.7672973 21.9828125 28.810910332691204 989.8491132913632 0 0 2 0 0 2 228 61 16 4 2 2 
1671233378.8998249 21.977734375 28.590171495292964 989.8258136447294 0 0 2 0 0 2 228 61 16 4 2 2 
1671233384.032243 21.9828125 28.745140842749564 989.8308750189645 0 0 2 0 0 2 228 61 14 4 2 2 
1671233389.1638143 21.967578125 28.94811922316918 989.8528076479572 0 0 2 0 0 2 228 61 14 4 2 2 
1671233394.294868 21.977734375 28.703525641619795 989.8025142814956 0 1 1 0 1 1 249 73 10 0 0 0 
1671233399.426868 21.977734375 28.787483586419466 989.8308750189645 0 1 1 0 1 1 249 73 10 0 0 0 
1671233404.5575554 21.977734375 28.668170337584 989.8497533915752 0 1 1 0 1 1 249 73 10 0 0 0 
1671233409.6918142 21.967578125 28.77526136571225 989.8295159650969 0 1 1 0 1 1 234 68 10 0 0 0 
1671233414.821898 21.977734375 28.7755524478774 989.9020612059621 0 1 1 0 1 1 234 68 10 0 0 0 
1671233419.9562101 21.967578125 28.841028415197343 989.8936257061636 0 1 1 0 1 1 234 68 10 0 0 0 
1671233425.0900295 21.9625 28.769441258917066 989.8750600803485 0 0 0 0 0 0 177 52 10 0 0 0 
1671233430.2210488 21.957421875 28.72171565986024 989.8230875672274 0 0 0 0 0 0 177 52 10 0 0 0 
1671233435.3502913 21.967578125 28.828807455083133 989.8396307204924 0 0 0 0 0 0 177 52 10 0 0 0 
1671233440.480296 21.967578125 28.85863578534271 989.8224393955907 0 0 0 0 0 0 183 54 10 0 0 0 
1671233445.6130958 21.9828125 28.57823926247682 989.8302343999071 0 0 0 0 0 0 183 54 10 0 0 0 
1671233450.7476315 21.97265625 28.68562786698792 989.8224393955907 0 0 0 0 0 0 183 54 10 0 0 0 
1671233455.8821478 21.9828125 28.882498263196098 989.8106295258182 0 0 0 0 0 0 177 52 6 0 0 0 
1671233461.0163143 21.97265625 28.715749913391704 989.8207522711266 0 0 0 0 0 0 177 52 6 0 0 0 
1671233466.1482327 21.977734375 28.78108158831103 989.8123166498606 0 0 0 0 0 0 177 52 6 0 0 0 
1671233471.2820935 21.967578125 28.73946687966936 989.8042095162884 0 1 1 0 1 1 183 54 8 2 0 0 
1671233476.4162552 21.97265625 28.649832038192766 989.842684894639 0 0 0 0 0 0 180 47 6 0 0 0 
1671233481.5503035 21.977734375 28.76929564392038 989.8075756120837 0 0 0 0 0 0 180 47 6 0 0 0 
1671233486.6835046 21.977734375 28.78137255515586 989.8308750189645 0 0 0 0 0 0 189 47 6 0 0 0 
1671233491.817836 21.957421875 28.519022953368392 989.8042013916215 0 0 0 0 0 0 189 47 6 0 0 0 
1671233496.9522421 21.967578125 28.757655662422017 989.8379514515461 0 0 0 0 0 0 189 47 6 0 0 0 
1671233502.08621 21.967578125 28.894861969883245 989.8214004839947 0 0 0 0 0 0 198 50 6 0 0 0 
1671233507.21761 21.97265625 28.966302351532246 989.8210724967433 0 0 0 0 0 0 198 50 6 0 0 0 
1671233512.3503177 21.967578125 28.674136098372667 989.8413178321639 0 0 0 0 0 0 198 50 6 0 0 0 
1671233517.480438 21.9625 28.751690046565617 989.826141771009 0 0 0 0 0 0 192 48 6 0 0 0 
1671233522.614036 21.967578125 28.745578542208985 989.854822429714 0 0 0 0 0 0 192 48 6 0 0 0 
1671233527.747398 21.97265625 28.79926942186999 989.8244467186107 0 0 0 0 0 0 192 48 6 0 0 0 
1671233532.8812382 21.9625 28.57838708031367 989.799468408363 0 0 0 0 0 0 207 53 6 0 0 0 
1671233538.0144098 21.967578125 28.91247010955846 989.8143320939148 0 0 0 0 0 0 207 53 6 0 0 0 
1671233543.147515 21.967578125 28.817311251609297 989.8031626156858 0 0 0 0 0 0 207 53 6 0 0 0 
1671233548.280329 21.967578125 28.823276753590353 989.7981014094237 0 0 0 0 0 0 186 44 2 0 0 0 
1671233553.41471 21.957421875 29.002379921350894 989.8295159650969 0 0 0 0 0 0 186 44 2 0 0 0 
1671233558.548758 21.9625 28.72797355242166 989.8079038206622 0 1 1 0 1 1 207 62 4 2 0 0 
1671233563.681956 21.967578125 28.90693671230653 989.7862919306043 0 1 1 0 1 1 207 62 4 2 0 0 
1671233568.8164952 21.95234375 28.78180892415465 989.8264617339034 0 1 1 0 1 1 207 62 4 2 0 0 
1671233573.9506836 21.957421875 29.014310136144225 989.8264617339034 0 1 1 0 1 1 192 57 4 2 0 0 
1671233579.0845084 21.967578125 28.620591184397515 989.8278288680178 0 1 1 0 1 1 192 57 4 2 0 0 
1671233584.2180526 21.9625 28.978519367539427 989.8244546740706 0 1 1 0 1 1 192 57 4 2 0 0 
1671233589.3502657 21.9625 28.70978415657062 989.8379514515461 0 1 1 0 1 1 207 62 4 2 0 0 
1671233594.4848242 21.9625 28.614330639487708 989.8210804804042 0 1 1 0 1 1 207 62 4 2 0 0 
1671233599.620027 21.987890625 28.780790578123003 989.872413221396 0 1 1 0 1 1 207 62 4 2 0 0 
1671233604.7547855 21.977734375 28.75692684829353 989.826860096085 0 1 1 0 1 1 192 60 4 2 0 0 
1671233609.8900077 21.99296875 28.71516492248264 989.8214780982136 0 1 1 0 1 1 192 60 4 2 0 0 
1671233615.0243483 21.998046875 28.732916883485384 989.8282267595572 0 1 1 0 1 1 192 60 4 2 0 0 
1671233620.159463 21.99296875 28.631345070420853 989.834975422025 0 1 1 0 1 1 186 60 4 2 0 0 
1671233625.2954733 22.003125 28.83360819709839 989.8194702666126 0 1 1 0 1 1 186 60 4 2 0 0 
1671233630.4295092 22.003125 28.70846143625302 989.8103925748616 0 1 1 0 1 1 186 60 4 2 0 0 
1671233635.5605826 22.008203125 28.7921407784771 989.8458239052306 0 1 1 0 1 1 201 65 4 2 0 0 
1671233640.6943114 22.003125 28.631197814927653 989.8238902208719 0 0 0 0 0 0 123 36 2 0 0 0 
1671233645.828464 22.01328125 28.881632088984713 989.8772396950839 0 0 0 0 0 0 117 32 4 0 0 0 
1671233650.9626694 22.008203125 28.57138558492397 989.8545805428307 0 0 0 0 0 0 117 32 4 0 0 0 
1671233656.0969381 22.003125 28.708759829210504 989.8390750780094 0 0 0 0 0 0 117 32 4 0 0 0 
1671233661.2310307 22.003125 28.70308643868311 989.8481523145059 0 0 0 0 0 0 132 34 4 0 0 0 
1671233666.3648665 21.998046875 28.589432928596775 989.846785584049 0 0 0 0 0 0 132 34 4 0 0 0 
1671233671.4986315 21.99296875 28.869989090905573 989.826860096085 0 0 0 0 0 0 132 34 4 0 0 0 
1671233676.632393 21.99296875 28.816585862262546 989.8133628836076 0 0 0 0 0 0 132 34 4 0 0 0 
1671233681.7655616 21.987890625 28.7864655681571 989.863977453585 0 0 0 0 0 0 132 34 4 0 0 0 
1671233686.8992782 21.998046875 28.613740990544468 989.8420444654973 0 0 0 0 0 0 132 34 4 0 0 0 
1671233692.0334718 21.998046875 28.518131903530094 989.8521673816008 0 0 0 0 0 0 126 37 4 0 0 0 
1671233697.1667418 21.99296875 28.613740990544468 989.8184243377597 0 0 0 0 0 0 126 37 4 0 0 0 
1671233702.301322 21.987890625 28.92411334500563 989.8549010346085 0 0 0 0 0 0 126 37 4 0 0 0 
1671233707.4351351 21.998046875 28.756635246790854 989.8599625754231 0 0 0 0 0 0 162 46 4 0 0 0 
1671233712.569493 21.998046875 28.792286195340658 989.813042273115 0 0 0 0 0 0 162 46 4 0 0 0 
1671233717.7027464 21.998046875 28.57735212788634 989.8120797803671 0 0 0 0 0 0 162 46 4 0 0 0 
1671233722.83645 21.998046875 28.726804666575546 989.7776118268837 1 1 1 1 1 1 204 62 12 0 0 0 
1671233727.9705513 21.987890625 28.613446101053917 989.7857267068546 1 1 1 1 1 1 204 62 12 0 0 0 
1671233733.1003118 21.99296875 28.560044756395488 989.83802923646 1 1 1 1 1 1 168 53 10 0 0 0 
1671233738.2345467 22.008203125 28.816150498626666 989.7752825150524 1 1 1 1 1 1 168 53 10 0 0 0 
1671233743.3686087 21.998046875 28.90607244193692 989.8262189819371 1 1 1 1 1 1 168 53 10 0 0 0 
1671233748.5019307 21.998046875 28.762601331772025 989.8150500349215 0 1 1 0 1 1 162 48 8 0 0 0 
1671233753.6349423 21.998046875 28.69115418828612 989.8167371863054 0 1 1 0 1 1 162 48 8 0 0 0 
1671233758.7688565 21.998046875 28.60747975722368 989.8602829162924 0 1 1 0 1 1 162 48 8 0 0 0 
1671233763.9032857 21.998046875 28.613298640053902 989.8283098976806 0 1 1 0 1 1 168 50 8 0 0 0 
1671233769.0372293 22.008203125 28.714427812196693 989.8542599408382 0 1 1 0 1 1 168 50 8 0 0 0 
1671233774.1718721 22.003125 28.642830617463602 989.8357006648201 0 1 1 0 1 1 168 50 8 0 0 0 
1671233779.3058484 22.01328125 28.535586109706585 989.8488775663571 1 1 1 1 1 1 195 57 10 0 0 0 
1671233784.439761 22.008203125 28.68489478042214 989.8360214160333 1 1 1 1 1 1 195 57 10 0 0 0 
1671233789.5737486 22.008203125 28.702647138221327 989.8171413973048 1 1 1 1 1 1 195 57 10 0 0 0 
1671233794.7077942 22.003125 28.85805728333191 989.849198319263 0 1 1 0 1 1 195 57 8 0 0 0 
1671233799.8421788 22.008203125 28.923681712465896 989.8495189619518 0 1 1 0 1 1 195 57 8 0 0 0 
1671233804.9740055 21.998046875 28.637311372835242 989.8258982595457 0 1 1 0 1 1 183 53 10 0 0 0 
1671233810.1002917 22.003125 28.64342477254914 989.8552214161741 0 1 1 0 1 1 183 53 10 0 0 0 
1671233815.234175 21.998046875 28.57153353628484 989.8515266744166 0 1 1 0 1 1 183 53 10 0 0 0 
1671233820.3664174 21.998046875 28.69086105815053 989.8430907751667 0 1 1 0 1 1 210 62 10 0 0 0 
1671233825.498013 21.998046875 28.631345070420853 989.7857267068546 0 1 1 0 1 1 210 62 10 0 0 0 
1671233830.6302774 21.99296875 28.691007628636413 989.8248524287447 0 1 1 0 1 1 210 62 10 0 0 0 
1671233835.7618153 21.998046875 28.738882941384663 989.8177830879572 0 1 1 0 1 1 183 53 8 0 0 0 
1671233840.8939197 21.998046875 28.661176478953163 989.8329676983858 0 1 1 0 1 1 183 53 8 0 0 0 
1671233846.0275161 22.003125 28.846270213084576 989.8147294379943 0 1 1 0 1 1 183 53 8 0 0 0 
1671233851.161655 21.99296875 28.482333102301446 989.8279061609438 0 0 0 0 0 0 174 48 6 0 0 0 
1671233856.2923853 21.99296875 28.75081502612204 989.8386701606915 0 0 0 0 0 0 174 48 6 0 0 0 
1671233861.4229922 21.987890625 28.60180856654134 989.8369830083942 0 0 0 0 0 0 174 48 6 0 0 0 
1671233866.5586388 21.99296875 28.5900238036269 989.826860096085 0 1 1 0 1 1 189 55 6 0 0 0 
1671233871.6935759 21.9828125 28.67354923282765 989.8173780224093 0 1 1 0 1 1 189 55 6 0 0 0 
1671233876.8239481 21.9828125 28.571977325347458 989.8153705216412 0 1 1 0 1 1 189 55 6 0 0 0 
1671233881.955836 21.9828125 28.76900438141947 989.8049271280929 0 1 1 0 1 1 189 59 8 0 0 0 
1671233887.0862489 21.9828125 28.751106742946916 989.7819484278473 0 0 0 0 0 0 201 52 10 0 0 0 
1671233892.2179623 21.99296875 28.804363636729295 989.8271804878469 0 0 0 0 0 0 222 59 10 0 0 0 
1671233897.350258 21.987890625 28.679368582287236 989.8083014300879 0 0 0 0 0 0 222 59 10 0 0 0 
1671233902.4817917 21.99296875 28.697266798975637 989.846785584049 0 0 0 0 0 0 222 59 10 0 0 0 
1671233907.6162975 21.99296875 28.8167309618032 989.8285472479608 0 0 0 0 0 0 213 56 8 0 0 0 
1671233912.7465417 21.987890625 28.69130073709966 989.8248524287447 0 0 0 0 0 0 213 56 8 0 0 0 
1671233917.8804245 21.9828125 28.60777478371965 989.8383497536805 0 0 0 0 0 0 213 56 8 0 0 0 
1671233923.012585 21.987890625 28.523949856434292 989.8363420570317 0 0 0 0 0 0 204 56 8 0 0 0 
1671233928.1471882 21.987890625 28.828372567426754 989.8606031469524 0 0 0 0 0 0 204 56 8 0 0 0 
1671233933.2812061 22.018359375 28.73800109074501 989.8316843645698 0 0 0 0 0 0 204 56 8 0 0 0 
1671233938.4124534 22.003125 28.690714476828475 989.8295933400208 0 1 1 0 1 1 219 61 15 0 0 0 
1671233943.5466764 22.003125 28.666696514716214 989.8272646330774 0 1 1 0 1 1 219 61 15 0 0 0 
1671233948.6796725 22.008203125 28.625378757652506 989.8262189819371 0 1 1 0 1 1 219 61 15 0 0 0 
1671233953.813527 22.003125 28.589285182747766 989.8171413973048 0 0 0 0 0 0 228 64 19 0 0 0 
1671233958.948014 22.008203125 28.523498646076796 989.799224127385 0 0 0 0 0 0 228 64 19 0 0 0 
1671233964.0825589 22.008203125 28.52931689002829 989.8434950008952 0 0 0 0 0 0 228 64 19 0 0 0 
1671233969.2132943 22.003125 28.58331866049427 989.8424494914794 0 1 1 0 1 1 159 53 12 2 0 0 
1671233974.3452754 22.003125 28.67892849233955 989.780344086656 0 0 0 0 0 0 159 53 12 2 0 0 
1671233979.4741488 21.998046875 28.583466474846997 989.8532138544774 0 0 0 0 0 0 195 58 14 2 0 0 
1671233984.605636 22.003125 28.59554703850132 989.8357006648201 0 0 0 0 0 0 195 58 14 2 0 0 
1671233989.7366962 21.987890625 28.643277664895663 989.8265395941158 0 1 1 0 1 1 195 58 14 2 0 0 
1671233994.8665354 21.998046875 28.60180856654134 989.8309598374733 0 1 1 0 1 1 195 58 14 2 0 0 
1671234000.0023913 21.987890625 28.82866250336661 989.821798640879 0 1 1 0 1 1 195 58 14 2 0 0 
1671234005.1345792 21.99296875 28.762892796281132 989.8521673816008 0 1 1 0 1 1 195 58 14 2 0 0 
1671234010.266122 21.99296875 28.679221896474232 989.8018734216218 0 0 0 0 0 0 159 46 10 0 0 0 
1671234015.3983974 21.987890625 28.76274706944452 989.8248524287447 0 0 0 0 0 0 159 46 10 0 0 0 
1671234020.5287664 21.987890625 28.70308643868311 989.8369830083942 0 0 0 0 0 0 159 46 10 0 0 0 
1671234025.659164 21.987890625 28.66147027241744 989.8285472479608 0 1 1 0 1 1 165 46 17 0 0 0 
1671234030.7897983 21.9828125 28.78675648469665 989.8440518741132 0 1 1 0 1 1 165 46 17 0 0 0 
1671234035.9235208 21.99296875 28.518428963490386 989.8369830083942 0 1 1 0 1 1 165 46 17 0 0 0 
1671234041.0577533 21.9828125 28.76318421744674 989.8005067830392 0 1 1 0 1 1 180 48 19 0 0 0 
1671234046.1919022 21.987890625 28.804654142296652 989.835295856167 0 1 1 0 1 1 180 48 19 0 0 0 
1671234051.3259494 21.99296875 28.625526070811297 989.809988581191 0 0 0 0 0 0 183 57 4 0 0 0 
1671234056.4598556 21.99296875 28.60762727588992 989.8251729442795 0 0 0 0 0 0 183 57 4 0 0 0 
1671234061.5934145 21.977734375 28.64342477254914 989.8515266744166 0 0 0 0 0 0 183 57 4 0 0 0 
1671234066.727732 21.987890625 28.64342477254914 989.8032399772009 0 0 0 0 0 0 171 53 4 0 0 0 
1671234071.861275 21.998046875 28.51231406644804 989.85690858281 0 0 0 0 0 0 171 53 4 0 0 0 
1671234076.9949453 21.987890625 28.90578426513145 989.8501599166884 0 0 0 0 0 0 171 53 4 0 0 0 
1671234082.128337 21.99296875 28.702940016031974 989.7914299229229 0 0 0 0 0 0 177 55 6 0 0 0 
1671234087.2626746 21.987890625 28.572125233361675 989.8119962462148 0 0 0 0 0 0 177 55 6 0 0 0 
1671234092.3956008 21.987890625 28.79286775443735 989.8366625878177 0 0 0 0 0 0 177 55 6 0 0 0 
1671234097.5312972 21.9828125 28.67951525726403 989.8086219710696 0 0 0 0 0 0 168 50 6 0 0 0 
1671234102.6656036 21.977734375 28.566306988248616 989.8119962462148 0 0 0 0 0 0 168 50 6 0 0 0 
1671234107.7987576 21.977734375 28.470549169185865 989.8241265201249 0 0 0 0 0 0 168 50 6 0 0 0 
1671234112.9332104 21.97265625 28.66191088134166 989.83360870401 0 0 0 0 0 0 156 46 6 0 0 0 
1671234118.0629475 21.977734375 28.530509917091653 989.8207522711266 0 0 0 0 0 0 156 46 6 0 0 0 
1671234123.1970892 21.977734375 28.65579803554116 989.8598760651874 0 0 0 0 0 0 156 46 6 0 0 0 
1671234128.3312056 21.97265625 28.62596794526902 989.8443720200163 0 0 0 0 0 0 141 41 4 0 0 0 
1671234133.4648824 21.97265625 28.64401309479936 989.8109579010916 0 0 0 0 0 0 144 38 2 0 0 0 
1671234138.5984933 21.967578125 28.757364169278308 989.8430049439057 0 0 0 0 0 0 150 40 2 0 0 0 
1671234143.7327244 21.9828125 28.79315846897119 989.8544947737562 0 0 0 0 0 0 150 40 2 0 0 0 
1671234148.8657117 21.977734375 28.649832038192766 989.8379514515461 0 0 0 0 0 0 150 40 2 0 0 0 
1671234153.9986663 21.977734375 28.763329911775735 989.8143240538515 0 0 0 0 0 0 135 35 0 0 0 0 
1671234159.1328921 21.97265625 28.703525641619795 989.8156908981562 0 0 0 0 0 0 135 35 0 0 0 0 
1671234164.2662787 21.97265625 28.86460142033558 989.831195163189 0 0 0 0 0 0 135 35 0 0 0 0 
1671234169.4004166 21.967578125 28.60821724218975 989.8632579214327 0 0 0 0 0 0 135 42 0 0 0 0 
1671234174.53513 21.97265625 28.542886969639678 989.8480662795524 0 0 0 0 0 0 135 42 0 0 0 0 
1671234179.6688397 21.97265625 28.75750992126811 989.8467067398622 0 0 0 0 0 0 135 42 0 0 0 0 
1671234184.8025894 21.97265625 28.608659603131258 989.8430127442588 0 0 0 0 0 0 156 45 4 0 0 0 
1671234189.9355857 21.957421875 28.763475595268858 989.8298359008606 0 0 0 0 0 0 156 45 4 0 0 0 
1671234195.069022 21.9625 28.638488478656395 989.8750676127897 0 0 0 0 0 0 156 45 4 0 0 0 
1671234200.2021265 21.957421875 28.751690046565617 989.8389107247766 0 0 0 0 0 0 186 55 6 0 0 0 
1671234205.336252 21.957421875 28.57286461088286 989.8335298665374 0 0 0 0 0 0 186 55 6 0 0 0 
1671234210.470787 21.957421875 28.859358669057947 989.8105505378174 0 0 0 0 0 0 186 55 6 0 0 0 
1671234215.604377 21.957421875 28.686214141189097 989.8031626156858 0 0 0 0 0 0 120 33 2 0 0 0 
1671234220.7384868 21.957421875 28.811345739275943 989.7997884781074 0 0 0 0 0 0 120 33 2 0 0 0 
1671234225.8721251 21.957421875 28.614920115047205 989.8088634958425 0 0 0 0 0 0 126 35 2 0 0 0 
1671234231.0059292 21.957421875 28.656238784949757 989.7947272722669 0 0 0 0 0 0 126 35 2 0 0 0 
1671234236.1400814 21.967578125 28.66249820819926 989.8166591688095 0 0 0 0 0 0 126 35 2 0 0 0 
1671234241.274214 21.967578125 28.787483586419466 989.8180263177399 0 0 0 0 0 0 117 35 4 0 0 0 
1671234246.4085562 21.9625 28.602693796970026 989.8169789927091 0 0 0 0 0 0 117 35 4 0 0 0 
1671234251.5425036 21.957421875 28.75794711222216 989.8143320939148 0 0 0 0 0 0 117 35 4 0 0 0 
1671234256.6760726 21.957421875 28.680248469604745 989.836584235618 0 0 0 0 0 0 117 35 4 0 0 0 
1671234261.8090346 21.957421875 28.56063687146767 989.868319217307 0 0 0 0 0 0 117 35 4 0 0 0 
1671234266.942031 21.9625 28.88875235784755 989.854822429714 0 0 0 0 0 0 117 35 4 0 0 0 
1671234272.0762937 21.9625 28.602693796970026 989.8565095279171 0 0 0 0 0 0 132 40 4 0 0 0 
1671234277.210435 21.957421875 28.638341378356106 989.841645487424 0 0 0 0 0 0 132 40 4 0 0 0 
1671234282.3441756 21.97265625 28.578682683477474 989.8871967821314 0 0 0 0 0 0 132 40 4 0 0 0 
1671234287.4777367 21.957421875 28.638341378356106 989.8166591688095 0 0 0 0 0 0 153 45 6 0 0 0 
1671234292.6120262 21.957421875 28.72782747961696 989.850400571291 0 0 0 0 0 0 153 45 6 0 0 0 
1671234297.744559 21.9625 28.751544236914818 989.858188952743 0 1 1 0 1 1 213 66 8 2 0 0 
1671234302.878135 21.97265625 28.73961283715061 989.883503108724 0 1 1 0 1 1 213 66 8 2 0 0 
1671234308.010933 21.967578125 28.584648599550707 989.8301557264298 0 1 1 0 1 1 213 66 8 2 0 0 
1671234313.145201 21.967578125 28.608512160320597 989.8635775858894 0 1 1 0 1 1 213 66 6 2 0 0 
1671234318.2793994 21.957421875 28.775697972706244 989.8807678575523 0 1 1 0 1 1 213 66 6 2 0 0 
1671234323.4138174 21.95234375 28.525137374835875 989.850400571291 0 1 1 0 1 1 213 66 6 2 0 0 
1671234328.5485356 21.95234375 28.829532051131757 989.8703259262677 0 1 1 0 1 1 207 64 10 2 0 0 
1671234333.6806011 21.947265625 28.55511502351327 989.8537747130847 0 1 1 0 1 1 207 64 10 2 0 0 
1671234338.8106096 21.947265625 28.59702310758 989.8810871659707 0 1 1 0 1 1 207 64 10 2 0 0 
1671234343.944225 21.9625 28.66831709537984 989.8618905009706 0 1 1 0 1 1 207 62 10 2 0 0 
1671234349.0773568 21.9625 28.51290837369927 989.8402781475957 0 1 1 0 1 1 207 62 10 2 0 0 
1671234354.2120316 21.967578125 28.67428278766833 989.8514482335183 0 1 1 0 1 1 207 62 10 2 0 0 
1671234359.3479316 21.967578125 28.471443442349845 989.8014755468615 0 1 1 0 1 1 195 58 10 2 0 0 
1671234364.4829853 21.967578125 28.57271675705194 989.7879789987963 0 1 1 0 1 1 195 58 10 2 0 0 
1671234369.616726 21.957421875 28.7637669297475 989.8672712830702 0 1 1 0 1 1 195 58 10 2 0 0 
1671234374.750441 21.957421875 28.751690046565617 989.8753871822892 0 1 1 0 1 1 189 56 10 2 0 0 
1671234379.8820963 21.957421875 28.710076724005823 989.8405977815813 0 0 0 0 0 0 186 58 4 0 0 0 
1671234385.0157046 21.957421875 28.650272993104178 989.8338495547841 0 0 0 0 0 0 150 48 4 0 0 0 
1671234390.1484966 21.95234375 28.859069548078278 989.8520876421526 0 0 0 0 0 0 150 48 4 0 0 0 
1671234395.280571 21.947265625 28.66831709537984 989.8240468761453 0 0 0 0 0 0 150 48 4 0 0 0 
1671234400.413833 21.947265625 28.66846384233942 989.8490330666586 0 0 0 0 0 0 159 51 2 0 0 0 
1671234405.5459652 21.947265625 28.531103315573983 989.8655842115761 0 0 0 0 0 0 159 51 2 0 0 0 
1671234410.677857 21.957421875 28.73393914118947 989.836904006926 0 0 0 0 0 0 159 51 2 0 0 0 
1671234415.809456 21.947265625 28.626409722198815 989.8700063160722 0 0 0 0 0 0 159 51 2 0 0 0 
1671234420.9421191 21.957421875 28.674576133750943 989.8186660486004 0 0 0 0 0 0 159 51 2 0 0 0 
1671234426.0707476 21.957421875 28.710076724005823 989.8389107247766 0 0 0 0 0 0 159 51 2 0 0 0 
1671234431.2035482 21.9625 28.835352566375885 989.8186660486004 0 0 0 0 0 0 150 48 2 0 0 0 
1671234436.3395927 21.967578125 28.650272993104178 989.814972099423 0 0 0 0 0 0 150 48 2 0 0 0 
1671234441.4739993 21.9625 28.787774351258197 989.8088634958425 0 0 0 0 0 0 150 48 2 0 0 0 
1671234446.6084335 21.957421875 28.75183584538049 989.8129650688848 0 0 0 0 0 0 144 45 4 0 0 0 
1671234451.742951 21.9625 28.59672798045673 989.7707880196841 0 0 0 0 0 0 144 45 4 0 0 0 
1671234456.8769872 21.957421875 28.68054167868755 989.7748026182587 0 0 0 0 0 0 144 45 4 0 0 0 
1671234462.0097926 21.947265625 28.483524370393074 989.8038023703397 0 0 0 0 0 0 156 36 0 0 0 0 
1671234467.1432192 21.947265625 28.889329229964606 989.8054894121036 0 0 0 0 0 0 156 36 0 0 0 0 
1671234472.275619 21.957421875 28.823711651687933 989.8203531045621 0 0 0 0 0 0 156 41 0 0 0 0 
1671234477.4056659 21.947265625 28.591057417721082 989.813285030107 0 0 0 0 0 0 156 41 0 0 0 0 
1671234482.5396266 21.947265625 28.621033036796188 989.7771296407577 0 0 0 0 0 0 156 41 0 0 0 0 
1671234487.673006 21.947265625 28.752127410502506 989.8102307698463 0 0 0 0 0 0 150 41 0 0 0 0 
1671234492.8069756 21.95234375 28.608954456243065 989.8065367535451 0 0 0 0 0 0 150 41 0 0 0 0 
1671234497.9402547 21.957421875 28.608807035105414 989.8068566588365 0 0 0 0 0 0 150 41 0 0 0 0 
1671234503.07367 21.95234375 28.57301245387713 989.7663673486379 0 0 0 0 0 0 177 50 2 0 0 0 
1671234508.2073393 21.95234375 28.740050644578567 989.7548781897431 0 0 0 0 0 0 177 50 2 0 0 0 
1671234513.3408096 21.947265625 28.59702310758 989.7646802949245 0 0 0 0 0 0 177 50 2 0 0 0 
1671234518.4742687 21.947265625 28.817456296971702 989.7950472725149 0 0 0 0 0 0 171 50 2 0 0 0 
1671234523.6076179 21.95234375 28.59702310758 989.8014755468615 0 0 0 0 0 0 171 50 2 0 0 0 
1671234528.740923 21.947265625 28.501868103581387 989.8038023703397 0 0 0 0 0 0 171 50 2 0 0 0 
1671234533.874278 21.9421875 28.662791806610354 989.8058091105835 0 0 0 0 0 0 156 46 2 0 0 0 
1671234539.0076325 21.95234375 28.71633473092372 989.8152919368881 0 0 0 0 0 0 156 46 2 0 0 0 
1671234544.1410854 21.957421875 28.650566908863443 989.8470264297782 0 0 0 0 0 0 117 31 4 0 0 0 
1671234549.2734869 21.95234375 28.656532563707266 989.7768097116694 0 0 0 0 0 0 117 31 4 0 0 0 
1671234554.406955 21.947265625 28.734085134660372 989.841645487424 0 0 0 0 0 0 117 31 4 0 0 0 
1671234559.5405262 21.947265625 28.811781048339636 989.8021153286459 0 0 0 0 0 0 129 35 4 0 0 0 
1671234564.6739602 21.95234375 28.66846384233942 989.7913531353911 0 0 0 0 0 0 129 35 4 0 0 0 
1671234569.8073127 21.947265625 28.489341513013795 989.7744824552277 0 0 0 0 0 0 129 35 4 0 0 0 
1671234574.9398422 21.947265625 28.8234217304585 989.745802315074 0 0 0 0 0 0 162 44 6 0 0 0 
1671234580.0733736 21.957421875 28.525137374835875 989.75761178209 0 0 0 0 0 0 162 44 6 0 0 0 
1671234585.2072062 21.957421875 28.62655695950254 989.746122708714 0 0 0 0 0 0 162 44 6 0 0 0 
1671234590.340565 21.9625 28.710369248096676 989.7508635148021 0 0 0 0 0 0 174 46 4 0 0 0 
1671234595.4738865 21.957421875 28.638488478656395 989.7876588340949 0 0 0 0 0 0 174 46 4 0 0 0 
1671234600.6070795 21.957421875 28.590762153591363 989.772475100809 0 0 0 0 0 0 174 46 4 0 0 0 
1671234605.7413447 21.947265625 28.49560497216154 989.7744824552277 0 0 0 0 0 0 174 48 2 0 0 0 
1671234610.8750272 21.957421875 28.72782747961696 989.802842573072 0 0 0 0 0 0 174 48 2 0 0 0 
1671234616.0087998 21.967578125 28.704111093829745 989.7761695229278 0 0 0 0 0 0 174 48 2 0 0 0 
1671234621.1429381 21.9625 28.50097614573175 989.7805901783297 0 0 0 0 0 0 189 52 2 0 0 0 
1671234626.2769494 21.9625 28.584500871890878 989.7640396958867 0 0 0 0 0 0 162 42 4 2 0 0 
1671234631.4107108 21.957421875 28.632081185340603 989.7569708541421 0 0 0 0 0 0 120 33 4 2 0 0 
1671234636.5452888 21.967578125 28.716042343829837 989.7890174030191 0 0 0 0 0 0 120 33 4 2 0 0 
1671234641.6794803 21.9625 28.525137374835875 989.7606655344098 0 0 0 0 0 0 120 33 4 2 0 0 
1671234646.81328 21.9625 28.524988972964675 989.782597589034 0 0 0 0 0 0 135 38 4 2 0 0 
1671234651.947438 21.95234375 28.50738808706243 989.7636334266886 0 0 0 0 0 0 135 38 4 2 0 0 
1671234657.081249 21.95234375 28.704257429791948 989.75761178209 0 0 0 0 0 0 135 38 4 2 0 0 
1671234662.2140925 21.947265625 28.513353990350193 989.7427486030438 0 1 1 0 1 1 147 40 6 4 0 0 
1671234667.3480113 21.967578125 28.68054167868755 989.7711083200381 0 1 1 0 1 1 147 40 6 4 0 0 
1671234672.4821956 21.9625 28.584648599550707 989.7552837600841 0 1 1 0 1 1 147 40 6 4 0 0 
1671234677.6166596 21.967578125 28.656091879316534 989.7873385591984 0 1 1 0 1 1 147 40 6 4 0 0 
1671234682.7501082 21.967578125 28.548408499258702 989.8109579010916 0 1 1 0 1 1 147 40 6 4 0 0 
1671234687.8802512 21.977734375 28.66787678948354 989.7529464717483 0 1 1 0 1 1 147 40 6 4 0 0 
1671234693.0137217 21.97265625 28.6023987635066 989.7232289863339 0 1 1 0 1 1 156 43 8 4 0 0 
1671234698.148412 21.967578125 28.626115215082056 989.7549544718355 0 1 1 0 1 1 156 43 8 4 0 0 
1671234703.282249 21.977734375 28.62000189615555 989.7583287153533 0 1 1 0 1 1 156 43 8 4 0 0 
1671234708.416091 21.97265625 28.512611241747464 989.7347090166306 0 0 0 0 0 0 138 37 4 0 0 0 
1671234713.5498314 21.977734375 28.60821724218975 989.7178378116889 0 0 0 0 0 0 138 37 4 0 0 0 
1671234718.6837165 21.9828125 28.673402489350792 989.7107681141127 0 0 0 0 0 0 159 44 4 0 0 0 
1671234723.8133147 21.9828125 28.6857744517925 989.6874696604998 0 0 0 0 0 0 159 44 4 0 0 0 
1671234728.9472337 21.977734375 28.64386603049135 989.7131064314717 0 0 0 0 0 0 159 44 4 0 0 0 
1671234734.0814478 21.977734375 28.48904387635407 989.696235512322 0 0 0 0 0 0 165 46 4 0 0 0 
1671234739.214498 21.977734375 28.66191088134166 989.709402211853 0 0 0 0 0 0 165 46 4 0 0 0 
1671234744.348181 21.967578125 28.6680235689519 989.7077150920965 0 0 0 0 0 0 165 46 4 0 0 0 
1671234749.482707 21.9625 28.608364706673427 989.7333515437255 0 0 0 0 0 0 171 51 6 0 0 0 
1671234754.6166286 21.967578125 28.64401309479936 989.7282815055212 0 0 0 0 0 0 171 51 6 0 0 0 
1671234759.750042 21.967578125 28.60821724218975 989.7498931070857 0 0 0 0 0 0 171 51 6 0 0 0 
1671234764.8839726 21.9828125 28.655944962847006 989.7131064314717 0 0 0 0 0 0 171 51 6 0 0 0 
1671234770.0177078 21.9625 28.66176402253654 989.7164806161445 0 0 0 0 0 0 171 51 6 0 0 0 
1671234775.1519928 21.957421875 28.638341378356106 989.7417870101506 0 0 0 0 0 0 171 51 6 0 0 0 
1671234780.284913 21.957421875 28.50127350836276 989.7323057855568 0 0 0 0 0 0 171 51 8 0 0 0 
1671234785.419627 21.9625 28.48307772613642 989.7670934199648 0 0 0 0 0 0 171 51 8 0 0 0 
1671234790.550259 21.957421875 28.614330639487708 989.7421076513098 0 0 1 0 0 1 171 44 8 2 2 0 
1671234795.6844 21.957421875 28.66205772931049 989.7502224783321 0 0 1 0 0 1 171 44 8 2 2 0 
1671234800.8168228 21.9625 28.650272993104178 989.7218626976236 0 0 1 0 0 1 171 44 8 2 2 0 
1671234805.9485743 21.9625 28.57286461088286 989.7103739346817 0 0 1 0 0 1 156 39 10 2 2 0 
1671234811.080284 21.9625 28.495010016219183 989.7151143819763 0 0 1 0 0 1 156 39 10 2 2 0 
1671234816.2138832 21.967578125 28.465328311148188 989.7367257300847 0 0 1 0 0 1 156 39 10 2 2 0 
1671234821.344587 21.967578125 28.680395079564256 989.72660317185 0 0 2 0 0 2 183 48 12 2 2 0 
1671234826.477247 21.957421875 28.411632830391316 989.7168014607828 0 0 2 0 0 2 183 48 12 2 2 0 
1671234831.609164 21.97265625 28.6796619214046 989.7232201848399 0 0 2 0 0 2 183 48 12 2 2 0 
1671234836.7387757 21.967578125 28.608364706673427 989.7529464717483 0 1 1 0 1 1 210 53 10 0 0 0 
1671234841.8733764 21.967578125 28.55422656991718 989.7465188642706 0 1 1 0 1 1 210 53 10 0 0 0 
1671234847.0000823 21.977734375 28.471145394643493 989.7029749084385 0 1 1 0 1 1 210 53 10 0 0 0 
1671234852.1316404 21.987890625 28.48859734008697 989.7327008546027 0 1 1 0 1 1 231 57 10 0 0 0 
1671234857.2620134 22.018359375 28.720838519470597 989.740895588545 0 1 1 0 1 1 231 57 10 0 0 0 
1671234862.3928664 22.003125 28.452201872739387 989.7462788177274 0 1 1 0 1 1 231 57 10 0 0 0 
1671234867.5236359 21.99296875 28.374784271753658 989.7050638670001 0 1 1 0 1 1 219 55 8 0 0 0 
1671234872.6536844 21.998046875 28.60747975722368 989.7033767066881 0 1 1 0 1 1 180 44 11 0 0 0 
1671234877.784165 22.008203125 28.547519309530124 989.7327811975763 0 0 0 0 0 0 171 46 11 0 0 0 
1671234882.9133608 22.0234375 28.535734472097577 989.7422610869802 0 0 0 0 0 0 171 46 11 0 0 0 
1671234888.0482106 22.008203125 28.428185447496208 989.7631508492409 0 0 0 0 0 0 171 46 11 0 0 0 
1671234893.1802552 22.01328125 28.654763586799273 989.7597764423762 0 0 0 0 0 0 165 44 11 0 0 0 
1671234898.3143072 22.008203125 28.631050548598036 989.7314155876467 0 0 0 0 0 0 165 44 11 0 0 0 
1671234903.44819 22.003125 28.344950378270344 989.6979935830229 0 0 0 0 0 0 165 44 11 0 0 0 
1671234908.579221 22.003125 28.482184145023353 989.7162308930732 0 1 1 0 1 1 174 49 11 0 0 0 
1671234913.7091904 22.003125 28.5837620710426 989.7067510273823 0 0 0 0 0 0 174 49 11 0 0 0 
1671234918.8429115 21.998046875 28.512016847800982 989.6676244690415 0 0 0 0 0 0 174 49 11 0 0 0 
1671234923.97389 21.998046875 28.523949856434292 989.6558142641971 0 0 0 0 0 0 180 51 11 0 0 0 
1671234929.10881 21.998046875 28.57153353628484 989.7033767066881 0 0 0 0 0 0 180 51 11 0 0 0 
1671234934.242558 21.99296875 28.679221896474232 989.7009666137735 0 0 0 0 0 0 180 51 11 0 0 0 
1671234939.3756993 21.9828125 28.434451282173104 989.7384857704125 0 0 0 0 0 0 159 44 11 0 0 0 
1671234944.5082476 21.998046875 28.583614278363108 989.730049894702 0 0 0 0 0 0 159 44 11 0 0 0 
1671234949.6392634 21.99296875 28.679368582287236 989.7188825221803 0 0 0 0 0 0 159 44 11 0 0 0 
1671234954.7730901 21.987890625 28.440417926268253 989.7621062317475 0 0 0 0 0 0 111 29 2 0 0 0 
1671234959.908224 21.998046875 28.46428439910923 989.7536703511182 0 0 0 0 0 0 111 29 2 0 0 0 
1671234965.0442915 21.9828125 28.32138468042544 989.7391282953648 0 0 0 0 0 0 111 31 4 0 0 0 
1671234970.1798337 21.99296875 28.488150706286806 989.7472428976342 0 0 0 0 0 0 111 31 4 0 0 0 
1671234975.3112516 21.987890625 28.566011046048217 989.7188825221803 0 0 0 0 0 0 111 31 4 0 0 0 
1671234980.445135 21.987890625 28.649832038192766 989.722578049824 0 0 0 0 0 0 111 31 4 0 0 0 
1671234985.578945 21.977734375 28.35166939183569 989.7195249318669 0 0 0 0 0 0 111 31 4 0 0 0 
1671234990.7124941 21.9828125 28.476664618252837 989.7313347750803 0 0 0 0 0 0 111 31 4 0 0 0 
1671234995.8422234 21.977734375 28.619707187015802 989.7391282953648 0 0 0 0 0 0 126 38 8 0 0 0 
1671235000.9773395 21.977734375 28.60777478371965 989.7458768886748 0 0 0 0 0 0 126 38 8 0 0 0 
1671235006.111796 21.9828125 28.50679363582771 989.7053853456781 0 0 0 0 0 0 126 38 8 0 0 0 
1671235011.2438505 21.998046875 28.512016847800982 989.7253097962238 0 1 1 0 1 1 174 52 8 0 0 0 
1671235016.375765 21.987890625 28.649685031549616 989.7644355260741 0 1 1 0 1 1 174 52 8 0 0 0 
1671235021.5067225 21.9828125 28.45279905034555 989.7678098246965 0 1 1 0 1 1 174 52 8 0 0 0 
1671235026.6387193 21.977734375 28.387317905378367 989.7580078776156 0 1 1 0 1 1 189 57 8 0 0 0 
1671235031.7697263 21.987890625 28.500678739752935 989.7363961375113 0 1 1 0 1 1 189 57 8 0 0 0 
1671235036.9031456 21.977734375 28.392984442602568 989.7698178270988 0 0 0 0 0 0 171 46 2 0 0 0 
1671235042.0342994 21.987890625 28.506496345188776 989.7796198720883 0 0 0 0 0 0 171 46 2 0 0 0 
1671235047.169294 21.99296875 28.54214582531636 989.7610612277329 0 0 0 0 0 0 171 46 2 0 0 0 
1671235052.303971 21.998046875 28.52424680105584 989.7604190554811 0 0 0 0 0 0 150 39 2 0 0 0 
1671235057.4402642 21.99296875 28.59584233900954 989.7202483129691 0 0 0 0 0 0 150 39 2 0 0 0 
1671235062.5754569 21.987890625 28.42848462772399 989.6865051074335 0 0 0 0 0 0 150 39 2 0 0 0 
1671235067.7087286 21.99296875 28.744703045766617 989.7452344722458 0 0 0 0 0 0 150 39 0 0 0 0 
1671235072.8434365 21.998046875 28.488448472990587 989.7047422781105 0 0 0 0 0 0 150 39 0 0 0 0 
1671235077.9710062 21.998046875 28.410584602252875 989.6935753199277 0 0 0 0 0 0 150 39 0 0 0 0 
1671235083.1002693 21.987890625 28.405067417574887 989.7239439645277 0 0 0 0 0 0 171 50 0 0 0 0 
1671235088.2327838 21.998046875 28.482184145023353 989.7391282953648 0 0 0 0 0 0 171 50 0 0 0 0 
1671235093.3671062 21.987890625 28.381051252441267 989.7327008546027 0 0 0 0 0 0 171 50 0 0 0 0 
1671235098.501563 21.9828125 28.64357186936624 989.765801685026 0 0 0 0 0 0 150 43 2 0 0 0 
1671235103.635684 21.99296875 28.54826032806251 989.7593740786674 0 0 0 0 0 0 150 43 2 0 0 0 
1671235108.7691205 21.998046875 28.548112146029556 989.7391282953648 0 0 0 0 0 0 150 43 2 0 0 0 
1671235113.9001987 21.99296875 28.619412434530194 989.7340668511201 0 0 0 0 0 0 150 46 4 0 0 0 
1671235119.0331411 21.987890625 28.398801116579676 989.7090809807206 0 0 0 0 0 0 153 49 4 0 0 0 
1671235124.1678424 21.987890625 28.482333102301446 989.7323797031789 0 0 0 0 0 0 159 51 4 0 0 0 
1671235129.302211 21.987890625 28.351218095851962 989.6827296421548 0 0 0 0 0 0 159 51 4 0 0 0 
1671235134.4355452 21.987890625 28.506496345188776 989.7171953748714 0 0 0 0 0 0 159 51 4 0 0 0 
1671235139.5700698 21.987890625 28.4468326324856 989.6817652976205 0 0 0 0 0 0 144 46 4 0 0 0 
1671235144.702006 21.987890625 28.5837620710426 989.712133933367 0 0 0 0 0 0 144 46 4 0 0 0 
1671235149.8339243 21.977734375 28.60821724218975 989.6722855934421 0 0 0 0 0 0 144 46 4 0 0 0 
1671235154.967404 21.967578125 28.476962593965485 989.7023324478553 0 0 0 0 0 0 129 41 4 0 0 0 
1671235160.09979 21.977734375 28.52454370232994 989.7077150920965 0 0 0 0 0 0 129 41 4 0 0 0 
1671235165.2348669 21.967578125 28.548408499258702 989.7330218958205 0 0 0 0 0 0 129 41 4 0 0 0 
1671235170.3658397 21.967578125 28.572568892384357 989.6861129642048 0 0 0 0 0 0 129 41 4 0 0 0 
1671235175.5003166 21.97265625 28.459362188028862 989.7164806161445 0 0 0 0 0 0 129 41 4 0 0 0 
1671235180.6354494 21.9625 28.536624418870478 989.7519010103947 0 0 0 0 0 0 129 41 4 0 0 0 
1671235185.769584 21.97265625 28.470996354534705 989.7144635715438 0 1 1 0 1 1 150 48 6 2 0 0 
1671235190.9035287 21.9828125 28.530509917091653 989.7144635715438 0 1 1 0 1 1 150 48 6 2 0 0 
1671235196.036086 21.97265625 28.465179213368216 989.6894780631251 0 1 1 0 1 1 150 48 6 2 0 0 
1671235201.1680522 21.977734375 28.50082744816082 989.7228991724337 0 1 1 0 1 1 177 51 12 0 0 0 
1671235206.2997525 21.967578125 28.656091879316534 989.696235512322 0 1 1 0 1 1 177 51 12 0 0 0 
1671235211.4328856 21.977734375 28.596580400640264 989.6948694417797 0 1 1 0 1 1 177 53 16 0 0 0 
1671235216.5673866 21.967578125 28.584648599550707 989.7299773576472 0 1 1 0 1 1 177 53 16 0 0 0 
1671235221.6962783 21.9625 28.68010184880903 989.72660317185 0 1 1 0 1 1 177 53 16 0 0 0 
1671235226.830047 21.967578125 28.423714798421656 989.7302980937633 0 1 1 0 1 1 186 53 14 0 0 0 
1671235231.9637947 21.9625 28.465477398091057 989.7083660674533 0 1 1 0 1 1 186 53 14 0 0 0 
1671235237.0975676 21.9625 28.53721749998294 989.7164717582486 0 1 1 0 1 1 186 53 14 0 0 0 
1671235242.232714 21.957421875 28.6023987635066 989.731985173202 0 1 1 0 1 1 201 58 16 0 0 0 
1671235247.3679483 21.957421875 28.519022953368392 989.731985173202 0 1 1 0 1 1 201 58 16 0 0 0 
1671235252.5001352 21.97265625 28.375535115664395 989.7134273032402 0 1 1 0 1 1 201 58 16 0 0 0 
1671235257.6310892 21.967578125 28.399700387458882 989.7120609997121 0 0 0 0 0 0 195 58 16 0 0 0 
1671235262.7625456 21.957421875 28.62655695950254 989.731985173202 0 0 0 0 0 0 195 58 16 0 0 0 
1671235267.8940265 21.957421875 28.3822517511546 989.7154351299837 0 0 0 0 0 0 195 58 16 0 0 0 
1671235273.027428 21.957421875 28.334372388670907 989.680648511323 0 0 0 0 0 0 201 60 16 0 0 0 
1671235278.158786 21.95234375 28.650272993104178 989.705312740012 0 1 1 0 1 1 201 60 16 0 0 0 
1671235283.2897184 21.957421875 28.513205462303453 989.7103739346817 0 1 1 0 1 1 237 63 13 2 0 0 
1671235288.4248927 21.957421875 28.45384369392593 989.710694613191 0 1 1 0 1 1 237 63 13 2 0 0 
1671235293.5595043 21.957421875 28.644454222705217 989.6941448063736 0 1 1 0 1 1 237 63 13 2 0 0 
1671235298.6921718 21.95234375 28.537069245960026 989.6918162239842 0 1 1 0 1 1 231 61 13 2 0 0 
1671235303.8207595 21.95234375 28.489341513013795 989.6735794987319 0 1 1 0 1 1 231 61 13 2 0 0 
1671235308.9545896 21.947265625 28.62088576349975 989.683701799303 0 1 1 0 1 1 231 61 13 2 0 0 
1671235314.088793 21.947265625 28.489639106325523 989.6570300058041 0 1 1 0 1 1 267 71 13 2 0 0 
1671235319.222563 21.9421875 28.53169654066709 989.6772744382631 0 1 1 0 1 1 267 71 13 2 0 0 
1671235324.356193 21.93203125 28.4717414467079 989.6772744382631 0 1 1 0 1 1 267 71 13 2 0 0 
1671235329.487932 21.947265625 28.615214787808075 989.6607249422623 0 1 1 0 1 1 288 71 8 0 0 0 
1671235334.6222365 21.9421875 28.50201672529368 989.6789614747581 0 1 1 0 1 1 288 71 8 0 0 0 
1671235339.7552094 21.937109375 28.53169654066709 989.6796027963079 0 1 1 0 1 1 288 71 8 0 0 0 
1671235344.8876517 21.937109375 28.53139994979419 989.6823355479587 0 1 1 0 1 1 255 64 8 0 0 0 
1671235350.0195904 21.93203125 28.3822517511546 989.6755874018385 0 1 1 0 1 1 255 64 8 0 0 0 
1671235355.1507077 21.947265625 28.3822517511546 989.7123816646564 0 1 1 0 1 1 255 64 8 0 0 0 
1671235360.283811 21.947265625 28.53139994979419 989.7147096883798 0 1 1 0 1 1 261 66 8 0 0 0 
1671235365.414221 21.957421875 28.4778562610142 989.710694613191 0 0 0 0 0 0 153 38 4 2 0 0 
1671235370.5468302 21.947265625 28.507536672778798 989.710694613191 0 1 1 0 1 1 174 45 6 2 0 0 
1671235375.6814826 21.9421875 28.644895253083856 989.7380077963405 0 1 1 0 1 1 174 45 6 2 0 0 
1671235380.8129559 21.937109375 28.51976519688617 989.7160762954206 0 1 1 0 1 1 174 45 6 2 0 0 
1671235385.9473417 21.9421875 28.567342444594548 989.6978394474901 0 1 1 0 1 1 174 47 6 2 0 0 
1671235391.0785067 21.937109375 28.346756059234238 989.689724853971 0 1 1 0 1 1 174 47 6 2 0 0 
1671235396.2096808 21.937109375 28.60328373385852 989.6644197145548 0 1 1 0 1 1 174 47 6 2 0 0 
1671235401.3435695 21.947265625 28.633111291099006 989.6664273273761 0 0 0 0 0 0 138 38 6 2 0 0 
1671235406.474224 21.937109375 28.41834710304241 989.707961591181 0 0 0 0 0 0 138 38 6 2 0 0 
1671235411.6002824 21.937109375 28.454142065985998 989.7082819662559 0 0 0 0 0 0 138 38 6 2 0 0 
1671235416.7331312 21.937109375 28.501868103581387 989.7228244482852 0 1 2 0 1 2 174 50 8 4 2 0 
1671235421.865106 21.926953125 28.680981411040207 989.6930988737543 0 1 2 0 1 2 174 50 8 4 2 0 
1671235426.9987056 21.926953125 28.388517682600277 989.7194503717125 0 1 2 0 1 2 174 50 8 4 2 0 
1671235432.13213 21.93203125 28.51379950946903 989.7018542435931 0 1 2 0 1 2 168 48 8 4 2 0 
1671235437.2602792 21.937109375 28.50783381170077 989.6883582718574 0 1 2 0 1 2 168 48 8 4 2 0 
1671235442.393641 21.947265625 28.58523940182398 989.7251520757095 0 1 2 0 1 2 168 48 8 4 2 0 
1671235447.52864 21.947265625 28.50171947103215 989.6961524237876 0 1 1 0 1 1 228 59 6 2 0 0 
1671235452.6634765 21.947265625 28.41774867134633 989.6901291597969 0 1 1 0 1 1 228 59 6 2 0 0 
1671235457.798017 21.947265625 28.41834710304241 989.6529313674426 0 1 1 0 1 1 216 55 6 2 0 0 
1671235462.9317052 21.937109375 28.394333721680383 989.6907707321895 0 1 1 0 1 1 216 55 6 2 0 0 
1671235468.0657387 21.937109375 28.579569232889792 989.707961591181 0 1 1 0 1 1 216 55 6 2 0 0 
1671235473.1996307 21.926953125 28.555559104015494 989.7052282372298 0 1 1 0 1 1 204 51 6 2 0 0 
1671235478.333547 21.926953125 28.382851740412622 989.7403351802242 0 1 1 0 1 1 204 51 6 2 0 0 
1671235483.4676242 21.937109375 28.525879221639155 989.6759081448366 0 1 1 0 1 1 204 51 6 2 0 0 
1671235488.6002896 21.93203125 28.424312956077472 989.6509236466628 1 1 1 1 1 1 210 58 6 2 0 0 
1671235493.7342472 21.93203125 28.484119744350295 989.6512443727671 1 1 1 1 1 1 210 58 6 2 0 0 
1671235498.8685544 21.926953125 28.33482407368386 989.7197707620167 1 1 1 1 1 1 210 58 6 2 0 0 
1671235504.002021 21.93203125 28.43654337086001 989.6903655720048 1 1 1 1 1 1 204 58 4 2 0 0 
1671235509.1354806 21.921875 28.60954403242865 989.6934192607313 1 1 1 1 1 1 204 58 4 2 0 0 
1671235514.2640162 21.926953125 28.388667605984637 989.6920525547312 1 1 1 1 1 1 204 58 4 2 0 0 
1671235519.3979352 21.921875 28.460256958180086 989.7021744525641 0 1 1 0 1 1 174 46 4 2 0 0 
1671235524.531897 21.921875 28.3949331194983 989.6626478189412 0 1 1 0 1 1 174 46 4 2 0 0 
1671235529.6646163 21.921875 28.466669703498603 989.6991206122614 0 1 1 0 1 1 207 64 10 0 0 0 
1671235534.7995205 21.921875 28.49038289995742 989.7163101906439 0 1 1 0 1 1 207 64 10 0 0 0 
1671235539.9337075 21.91171875 28.454440394697503 989.6876319383431 0 1 1 0 1 1 207 64 10 0 0 0 
1671235545.0663564 21.916796875 28.591942950032426 989.7038614357821 0 1 1 0 1 1 222 66 10 0 0 0 
1671235550.200371 21.916796875 28.490531626172828 989.6886785893489 0 1 1 0 1 1 222 66 10 0 0 0 
1671235555.3335934 21.926953125 28.40074904371757 989.6583129135533 0 1 1 0 1 1 222 66 10 0 0 0 
1671235560.4670043 21.937109375 28.50783381170077 989.6762287776487 0 1 1 0 1 1 234 70 10 0 0 0 
1671235565.600304 21.926953125 28.340940543116997 989.6599998949449 0 1 1 0 1 1 234 70 10 0 0 0 
1671235570.7341995 21.926953125 28.675162695881404 989.6964728938183 0 1 1 0 1 1 234 70 10 0 0 0 
1671235575.868106 21.926953125 28.2274343405288 989.723465064448 0 1 1 0 1 1 261 79 12 0 0 0 
1671235581.0017579 21.921875 28.323042723752057 989.7271592027162 0 1 1 0 1 1 261 79 12 0 0 0 
1671235586.1355531 21.926953125 28.32334404528512 989.6988004863388 0 1 1 0 1 1 261 79 12 0 0 0 
1671235591.269866 21.916796875 28.424761460528046 989.707235402429 0 1 1 0 1 1 255 75 12 0 0 0 
1671235596.4037383 21.921875 28.46070419695461 989.7281188886685 0 1 1 0 1 1 255 75 12 0 0 0 
1671235601.5365114 21.916796875 28.66978407734419 989.7298058458102 0 1 1 0 1 1 255 75 12 0 0 0 
1671235606.670729 21.916796875 28.59790822887261 989.7061884522195 0 1 1 0 1 1 264 78 12 0 0 0 
1671235611.80554 21.916796875 28.567933895528217 989.748362379005 0 0 0 0 0 0 177 53 6 0 0 0 
1671235616.936393 21.916796875 28.531993088192717 989.700807581774 0 0 0 0 0 0 147 43 4 0 0 0 
1671235622.0710657 21.916796875 28.41924442546785 989.6994406280083 0 0 0 0 0 0 147 43 4 0 0 0 
1671235627.205514 21.906640625 28.448773152816113 989.6930127647548 0 0 0 0 0 0 147 43 4 0 0 0 
1671235632.3393564 21.906640625 28.544368445528104 989.6842580276425 0 0 0 0 0 0 132 41 4 0 0 0 
1671235637.4730573 21.91171875 28.693497668963182 989.6899587575555 0 0 0 0 0 0 132 41 4 0 0 0 
1671235642.6076431 21.906640625 28.47889837948553 989.683211044674 0 0 0 0 0 0 132 41 4 0 0 0 
1671235647.7393107 21.906640625 28.395382554069194 989.6545332774668 0 0 0 0 0 0 147 43 4 0 0 0 
1671235652.8730683 21.916796875 28.681567569136906 989.6559000562955 0 0 0 0 0 0 147 43 4 0 0 0 
1671235658.0065138 21.91171875 28.538106796547645 989.6805639522607 0 0 0 0 0 0 147 43 4 0 0 0 
1671235663.1404848 21.916796875 28.3054465438476 989.6353363540597 0 0 0 0 0 0 162 48 4 0 0 0 
1671235668.274416 21.91171875 28.532289592371068 989.6319624477143 0 0 0 0 0 0 162 48 4 0 0 0 
1671235673.4083965 21.91171875 28.51483867478839 989.6579071313787 0 0 0 0 0 0 162 48 4 0 0 0 
1671235678.5430167 21.91171875 28.639664890949057 989.655579798032 0 0 0 0 0 0 162 51 4 0 0 0 
1671235683.676924 21.91171875 28.478749537929314 989.6623276149373 0 0 0 0 0 0 162 51 4 0 0 0 
1671235688.8110566 21.906640625 28.329610999551726 989.65959405844 0 0 0 0 0 0 162 51 4 0 0 0 
1671235693.9439714 21.906640625 28.66978407734419 989.6680286948001 0 1 1 0 1 1 276 71 12 2 0 0 
1671235699.078373 21.916796875 28.56822955597503 989.6626478189412 0 0 0 0 0 0 276 71 12 2 0 0 
1671235704.2131038 21.906640625 28.52662079752133 989.6579071313787 0 0 1 0 0 1 249 69 14 4 0 0 
1671235709.3469326 21.916796875 28.43117529906898 989.6693955827105 0 0 1 0 0 1 249 69 14 4 0 0 
1671235714.480801 21.906640625 28.5861252801359 989.6724493424028 0 1 2 0 1 2 249 69 14 4 0 0 
1671235719.6147034 21.937109375 28.328858065381986 989.6877173063285 0 1 2 0 1 2 249 69 16 4 0 0 
1671235724.7484255 21.937109375 28.3707700350409 989.7049079452081 0 1 2 0 1 2 249 69 16 4 0 0 
1671235729.8823495 21.93203125 28.298876906687454 989.6857096214402 0 1 2 0 1 2 249 69 16 4 0 0 
1671235735.0156517 21.937109375 28.26323129088748 989.6542976632144 0 0 1 0 0 1 222 62 16 4 0 0 
1671235740.1493442 21.9421875 28.3822517511546 989.690450001089 0 0 1 0 0 1 222 62 16 4 0 0 
1671235745.2820678 21.957421875 28.15553409836446 989.680648511323 0 0 1 0 0 1 222 62 16 4 0 0 
1671235750.4157732 21.937109375 28.269046108555912 989.6873966582865 0 1 2 0 1 2 237 62 14 4 0 0 
1671235755.550458 21.947265625 28.280827280560636 989.6823355479587 0 1 2 0 1 2 237 62 14 4 0 0 
1671235760.684899 21.947265625 28.626851401600707 989.6992059181769 0 1 2 0 1 2 237 62 14 4 0 0 
1671235765.8189394 21.947265625 28.382551767458487 989.7042670306121 0 0 1 0 0 1 222 59 14 4 0 0 
1671235770.9518385 21.957421875 28.28679350870245 989.7062745670569 0 0 1 0 0 1 222 59 14 4 0 0 
1671235776.085771 21.937109375 28.322892046729 989.6829768152479 0 0 0 0 0 0 159 49 8 0 0 0 
1671235781.2204425 21.937109375 28.460107856914345 989.6616868764067 0 0 0 0 0 0 159 49 8 0 0 0 
1671235786.3502917 21.93203125 28.603578637283615 989.6981599039558 0 0 0 0 0 0 159 49 8 0 0 0 
1671235791.4844363 21.93203125 28.418795813022914 989.6920525547312 0 0 0 0 0 0 159 49 6 0 0 0 
1671235796.6179264 21.9421875 28.340489096156993 989.6880378441849 0 0 0 0 0 0 159 49 6 0 0 0 
1671235801.75139 21.93203125 28.502165336169025 989.7086022311471 0 0 0 0 0 0 159 49 6 0 0 0 
1671235806.8849728 21.93203125 28.50201672529368 989.686350834469 0 0 0 0 0 0 180 51 6 0 0 0 
1671235812.0187545 21.937109375 28.4186462538667 989.6866712757067 0 0 0 0 0 0 180 51 6 0 0 0 
1671235817.150885 21.937109375 28.250995984577685 989.6509236466628 0 0 0 0 0 0 180 51 6 0 0 0 
1671235822.284423 21.93203125 28.3707700350409 989.671167750187 0 0 0 0 0 0 192 51 4 0 0 0 
1671235827.4164717 21.937109375 28.353022694558106 989.6677937322304 0 0 0 0 0 0 192 51 4 0 0 0 
1671235832.5489523 21.9421875 28.41834710304241 989.6536559347113 0 0 0 0 0 0 192 51 4 0 0 0 
1671235837.6819396 21.937109375 28.346756059234238 989.6677937322304 0 0 0 0 0 0 165 42 4 0 0 0 
1671235842.8164265 21.93203125 28.460406048608707 989.6411224061891 0 0 0 0 0 0 165 42 4 0 0 0 
1671235847.9483967 21.926953125 28.31722749796135 989.6779157869432 0 0 0 0 0 0 165 42 4 0 0 0 
1671235853.079793 21.937109375 28.28724680554832 989.6718924488825 0 0 0 0 0 0 144 33 2 0 0 0 
1671235858.211025 21.937109375 28.322892046729 989.6992059181769 0 1 1 0 1 1 174 48 6 0 0 0 
1671235863.3434684 21.937109375 28.304692131018307 989.7042670306121 0 0 0 0 0 0 174 48 8 0 0 0 
1671235868.4783542 21.9421875 28.245181283726254 989.689724853971 0 0 0 0 0 0 174 48 8 0 0 0 
1671235873.6118777 21.947265625 28.346455220782858 989.7200910421357 0 0 0 0 0 0 174 48 8 0 0 0 
1671235878.7412057 21.9421875 28.120041253610765 989.7329466796899 0 1 1 0 1 1 180 53 8 0 0 0 
1671235883.873112 21.947265625 28.32870744603506 989.7380077963405 0 1 1 0 1 1 180 53 8 0 0 0 
1671235889.0080335 21.947265625 28.293363826550586 989.6981599039558 0 1 1 0 1 1 180 53 8 0 0 0 
1671235894.1426904 21.9421875 28.209687704439453 989.7116559875844 0 1 1 0 1 1 201 58 8 0 0 0 
1671235899.276133 21.93203125 28.299027868605833 989.7251520757095 0 1 1 0 1 1 201 58 8 0 0 0 
1671235904.407818 21.937109375 28.263534004397574 989.7096486153752 0 1 1 0 1 1 201 58 8 0 0 0 
1671235909.5382438 21.937109375 28.346906462203545 989.6900452680785 0 0 0 0 0 0 180 51 4 0 0 0 
1671235914.6687484 21.926953125 28.305144811229162 989.7204112120712 0 0 0 0 0 0 180 51 4 0 0 0 
1671235919.800743 21.937109375 28.197907484804052 989.7049079452081 0 0 0 0 0 0 180 51 4 0 0 0 
1671235924.9295256 21.926953125 28.33497461367957 989.7518242430665 0 0 0 0 0 0 186 53 6 0 0 0 
1671235930.0611634 21.926953125 28.245484430012098 989.740015062887 0 0 0 0 0 0 186 53 6 0 0 0 
1671235935.1902945 21.93203125 28.269499989529468 989.7055484190703 0 0 0 0 0 0 186 53 6 0 0 0 
1671235940.3206887 21.921875 28.406714790784594 989.7041815210096 1 1 1 1 1 1 240 73 4 0 0 0 
1671235945.45108 21.926953125 28.198211662347866 989.7055484190703 1 1 1 1 1 1 240 73 4 0 0 0 
1671235950.581499 21.916796875 28.347357606085954 989.6991206122614 1 1 1 1 1 1 225 68 6 0 0 0 
1671235955.7118719 21.926953125 28.245939068155813 989.7342271457195 1 1 1 1 1 1 225 68 6 0 0 0 
1671235960.8422968 21.916796875 28.341391892538507 989.6876319383431 1 1 1 1 1 1 225 68 6 0 0 0 
1671235965.972715 21.91171875 28.43102590944414 989.7081952461969 0 0 0 0 0 0 177 52 4 0 0 0 
1671235971.1031094 21.916796875 28.30589906149209 989.6913258227236 0 0 0 0 0 0 177 52 4 0 0 0 
1671235976.2316997 21.91171875 28.490829046092678 989.6707623876497 0 0 0 0 0 0 177 52 4 0 0 0 
1671235981.3637555 21.9015625 28.323946558299067 989.7267516201307 0 0 0 0 0 0 165 45 6 0 0 0 
1671235986.49667 21.916796875 28.317679637033244 989.687951938872 0 0 0 0 0 0 165 45 6 0 0 0 
1671235991.630291 21.926953125 28.25145051471278 989.6816102876754 0 0 0 0 0 0 165 45 6 0 0 0 
1671235996.7624657 21.916796875 28.204177624299465 989.6869916067631 0 0 0 0 0 0 150 38 6 0 0 0 
1671236001.892017 21.926953125 28.41268052750097 989.6971135033315 0 0 0 0 0 0 150 38 6 0 0 0 
1671236007.0237148 21.926953125 28.251753480612926 989.6751827306298 0 0 0 0 0 0 150 38 6 0 0 0 
1671236012.1567733 21.921875 28.382851740412622 989.6917322643699 0 0 0 0 0 0 156 38 4 0 0 0 
1671236017.2887964 21.926953125 28.454440394697503 989.6532519698005 0 0 0 0 0 0 156 38 4 0 0 0 
1671236022.417685 21.926953125 28.257568008915033 989.6775102070841 0 0 0 0 0 0 126 38 6 0 0 0 
1671236027.5454526 21.926953125 28.15614450206289 989.7119762253456 0 0 0 0 0 0 126 38 6 0 0 0 
1671236032.678536 21.916796875 28.25771941792953 989.6903655720048 0 0 0 0 0 0 126 38 6 0 0 0 
1671236037.8040762 21.916796875 28.132738224004438 989.6724493424028 0 0 0 0 0 0 126 40 6 0 0 0 
1671236042.9353783 21.91171875 28.287548949256397 989.6657015238115 0 0 0 0 0 0 126 40 6 0 0 0 
1671236048.063452 21.916796875 28.198211662347866 989.657266752153 0 0 0 0 0 0 126 40 6 0 0 0 
1671236053.196495 21.91171875 28.329610999551726 989.6825710723975 0 0 0 0 0 0 126 38 6 0 0 0 
1671236058.3266776 21.916796875 28.317528934846983 989.6842580276425 0 0 0 0 0 0 126 38 6 0 0 0 
1671236063.4587648 21.916796875 28.27607071314809 989.6974336428192 0 0 0 0 0 0 126 38 6 0 0 0 
1671236068.5872972 21.91171875 28.44310613127131 989.7031344184173 0 0 0 0 0 0 162 50 6 0 0 0 
1671236073.7144508 21.916796875 28.15644963888183 989.7095623647465 0 0 0 0 0 0 162 50 6 0 0 0 
1671236078.8416016 21.91171875 28.281885301079328 989.7169496203206 0 0 0 0 0 0 162 50 6 0 0 0 
1671236083.9747515 21.921875 28.233703923478398 989.707235402429 0 0 0 0 0 0 156 48 6 0 0 0 
1671236089.1072392 21.926953125 28.323193389937426 989.7156703202754 0 0 0 0 0 0 156 48 6 0 0 0 
1671236094.23821 21.937109375 28.33497461367957 989.6914118638275 0 0 0 0 0 0 156 48 6 0 0 0 
1671236099.3718095 21.926953125 28.251299015505733 989.6853046242475 0 0 0 0 0 0 177 55 8 0 0 0 
1671236104.5045726 21.937109375 28.227130761462636 989.686350834469 0 0 0 0 0 0 174 46 4 0 0 0 
1671236109.6345742 21.926953125 28.233703923478398 989.6917322643699 0 0 0 0 0 0 168 44 4 0 0 0 
1671236114.7649143 21.93203125 28.257265158372167 989.7332669614729 0 0 0 0 0 0 168 44 4 0 0 0 
1671236119.8963842 21.93203125 28.25771941792953 989.7136632225503 0 0 0 0 0 0 168 44 4 0 0 0 
1671236125.0258324 21.91171875 28.215805750719134 989.6903655720048 0 0 0 0 0 0 162 42 4 0 0 0 
1671236130.1586807 21.921875 28.25787081610607 989.6836176418022 0 0 0 0 0 0 162 42 4 0 0 0 
1671236135.2903686 21.916796875 28.186584115661198 989.6893188937988 0 0 0 0 0 0 162 42 4 0 0 0 
1671236140.4201593 21.91171875 28.26383667455594 989.6781502607505 0 0 0 0 0 0 174 49 8 0 0 0 
1671236145.5534742 21.91171875 28.239973178655426 989.7078754084479 0 0 0 0 0 0 174 49 8 0 0 0 
1671236150.6874743 21.906640625 28.240276353595217 989.6629679127733 0 1 1 0 1 1 174 49 8 0 0 0 
1671236155.8212667 21.906640625 28.38345155627167 989.6599140692333 0 1 1 0 1 1 201 51 10 0 0 0 
1671236160.954909 21.896484375 28.2821874951154 989.6666617239214 0 1 1 0 1 1 201 51 10 0 0 0 
1671236166.0872211 21.896484375 28.40149775878147 989.6720422713479 0 0 0 0 0 0 201 51 10 0 0 0 
1671236171.220747 21.896484375 28.126925090290857 989.6885916094191 0 0 0 0 0 0 195 51 10 0 0 0 
1671236176.3545277 21.89140625 28.312166187324003 989.6784701223296 0 0 0 0 0 0 195 51 10 0 0 0 
1671236181.488315 21.9015625 28.16899129275331 989.6703553709248 0 0 0 0 0 0 195 51 10 0 0 0 
1671236186.6214495 21.886328125 28.40776243643843 989.6838505762769 0 0 0 0 0 0 219 66 8 0 0 0 
1671236191.7556791 21.876171875 28.0021006719253 989.7024064909766 0 0 0 0 0 0 219 66 8 0 0 0 
1671236196.890036 21.89140625 28.37793599548409 989.710841000468 0 0 0 0 0 0 204 61 8 0 0 0 
1671236202.0240238 21.89140625 28.294571506451767 989.7195948274077 0 0 0 0 0 0 204 61 8 0 0 0 
1671236207.1580606 21.89140625 28.2769775112679 989.7145341611431 0 0 0 0 0 0 204 61 8 0 0 0 
1671236212.2919693 21.88125 28.36034033269825 989.6881827681141 0 0 0 0 0 0 192 57 8 0 0 0 
1671236217.422231 21.886328125 28.246545100615407 989.6777421725077 0 0 0 0 0 0 192 57 8 0 0 0 
1671236222.5550945 21.9015625 28.03774240268866 989.6990326876717 0 0 0 0 0 0 192 57 8 0 0 0 
1671236227.6882763 21.89140625 28.228496525860816 989.6953392688838 0 0 0 0 0 0 186 53 8 0 0 0 
1671236232.8213317 21.89140625 28.25251070569868 989.6737291718413 0 0 0 0 0 0 186 53 8 0 0 0 
1671236237.9541783 21.896484375 28.318282337401246 989.6574996950942 0 0 0 0 0 0 186 53 8 0 0 0 
1671236243.088601 21.896484375 28.115299170429292 989.6872243783173 0 0 0 0 0 0 165 46 8 0 0 0 
1671236248.2227707 21.876171875 28.431772749196018 989.6730010273964 0 0 0 0 0 0 165 46 8 0 0 0 
1671236253.3562863 21.88125 28.205241424669403 989.7047321581266 0 0 0 0 0 0 165 46 8 0 0 0 
1671236258.4897392 21.876171875 28.401946857771545 989.6699467001735 0 1 1 0 1 1 180 51 13 0 0 0 
1671236263.623849 21.866015625 28.318734248881412 989.6547650884927 0 1 1 0 1 1 180 51 13 0 0 0 
1671236268.756813 21.876171875 28.342595014141292 989.6365293463604 0 0 0 0 0 0 216 54 10 2 0 0 
1671236273.8910592 21.866015625 28.37853578194076 989.6783809313433 0 0 0 0 0 0 216 54 10 2 0 0 
1671236279.0244677 21.866015625 28.21732414935922 989.6800677777879 0 1 1 0 1 1 216 54 10 2 0 0 
1671236284.1574948 21.866015625 28.22955818012726 989.6750072386646 0 1 1 0 1 1 237 61 14 2 0 0 
1671236289.290646 21.8607421875 28.187801315199586 989.675326479981 0 1 1 0 1 1 237 61 14 2 0 0 
1671236294.4245358 21.8607421875 28.25341901814851 989.6864959077534 0 1 1 0 1 1 237 61 14 2 0 0 
1671236299.5575342 21.8556640625 28.49813160051818 989.6483371657029 0 1 1 0 1 1 252 63 19 2 0 0 
1671236304.6905081 21.8556640625 28.080577525965982 989.6604642417358 0 1 1 0 1 1 252 63 19 2 0 0 
1671236309.823435 21.8556640625 28.170362248397822 989.6574097750913 0 1 1 0 1 1 252 63 19 2 0 0 
1671236314.957096 21.8455078125 28.247605240156854 989.6341137647343 0 0 0 0 0 0 231 56 19 2 0 0 
1671236320.0913405 21.8505859375 28.396730272563463 989.6422285347164 0 0 0 0 0 0 231 56 19 2 0 0 
1671236325.2255964 21.8353515625 28.31948721792783 989.6189326552915 0 0 0 0 0 0 231 56 19 2 0 0 
1671236330.3595223 21.8556640625 28.450562776777748 989.6239930244736 0 1 1 0 1 1 201 51 17 0 0 0 
1671236335.4932988 21.8607421875 28.336930647399477 989.6267278856358 0 1 1 0 1 1 201 51 17 0 0 0 
1671236340.6268303 21.866015625 28.378685701461308 989.6081729017562 0 1 1 0 1 1 201 51 17 0 0 0 
1671236345.7609546 21.866015625 28.3246994557188 989.6783809313433 0 1 1 0 1 1 201 54 19 0 0 0 
1671236350.8950834 21.866015625 28.43237002592743 989.6533976607603 0 0 0 0 0 0 219 51 8 0 0 0 
1671236356.0293875 21.866015625 28.40254550470208 989.6702659821842 0 0 0 0 0 0 198 49 6 0 0 0 
1671236361.1638408 21.8607421875 28.25341901814851 989.68038697841 0 0 0 0 0 0 198 49 6 0 0 0 
1671236366.2982779 21.8556640625 28.13992590281707 989.665524697574 0 0 0 0 0 0 198 49 6 0 0 0 
1671236371.4322183 21.8556640625 28.31903546901305 989.6432766712774 0 0 0 0 0 0 183 47 6 0 0 0 
1671236376.5665624 21.866015625 28.343046005921984 989.6722719730083 0 0 0 0 0 0 183 47 6 0 0 0 
1671236381.7002785 21.8556640625 28.175870689232866 989.6621510602782 0 0 0 0 0 0 183 47 6 0 0 0 
1671236386.833876 21.8607421875 28.49813160051818 989.6880910888272 0 0 0 0 0 0 168 40 4 0 0 0 
1671236391.967602 21.8455078125 28.361090957978213 989.691464673971 0 0 0 0 0 0 168 40 4 0 0 0 
1671236397.1005218 21.8556640625 28.229861412375083 989.6978931105712 0 0 0 0 0 0 168 40 4 0 0 0 
1671236402.2343693 21.8556640625 28.277581826590403 989.6911458851816 0 0 0 0 0 0 168 38 2 0 0 0 
1671236407.3678954 21.8556640625 28.22955818012726 989.68207381136 0 0 0 0 0 0 168 38 2 0 0 0 
1671236412.5017018 21.8556640625 28.265802973887823 989.6712231673223 0 0 0 0 0 0 168 38 2 0 0 0 
1671236417.6359017 21.8505859375 28.038973133221816 989.6807060688812 0 0 0 0 0 0 168 45 2 0 0 0 
1671236422.7689629 21.8556640625 28.21793120534794 989.6688983351506 0 0 0 0 0 0 168 45 2 0 0 0 
1671236427.9032557 21.8455078125 28.164549457837552 989.66584379998 0 0 0 0 0 0 168 45 2 0 0 0 
1671236433.0376291 21.8505859375 28.0929678734987 989.6695363755581 0 0 0 0 0 0 129 43 8 0 0 0 
1671236438.1718194 21.8505859375 28.15843197146387 989.6516195690455 0 0 0 0 0 0 129 43 8 0 0 0 
1671236443.2998977 21.8455078125 28.307557458348597 989.7002172488827 0 0 0 0 0 0 123 41 8 0 0 0 
1671236448.4336166 21.8455078125 28.068800125284373 989.7055960474731 0 0 0 0 0 0 123 41 8 0 0 0 
1671236453.566837 21.8505859375 28.193918645312568 989.6823928882668 0 0 0 0 0 0 123 41 8 0 0 0 
1671236458.699065 21.8455078125 28.02092280485989 989.5703354410897 0 0 0 0 0 0 108 36 8 0 0 0 
1671236463.8315465 21.8556640625 28.265651785120564 989.6216674346439 0 0 0 0 0 0 108 36 8 0 0 0 
1671236468.9640098 21.8455078125 28.343346612921152 989.632426974515 0 0 0 0 0 0 108 36 8 0 0 0 
1671236474.0962298 21.8455078125 28.391064906247266 989.6739587920424 0 0 0 0 0 0 93 29 6 0 0 0 
1671236479.228298 21.8455078125 28.15858438271703 989.6624701898139 0 0 0 0 0 0 93 29 6 0 0 0 
1671236484.3622005 21.8556640625 28.24194304084559 989.632426974515 0 0 0 0 0 0 93 29 6 0 0 0 
1671236489.495177 21.8404296875 28.212117891733172 989.6378064581 0 0 0 0 0 0 93 29 6 0 0 0 
1671236494.6288948 21.8505859375 28.218234668313638 989.6111372574212 0 0 0 0 0 0 93 29 6 0 0 0 
1671236499.7621493 21.8404296875 28.116675676261572 989.6347519342858 0 0 0 0 0 0 93 29 6 0 0 0 
1671236504.8955123 21.8455078125 28.03928070746652 989.6428667889058 0 0 0 0 0 0 102 32 8 0 0 0 
1671236510.0288076 21.8353515625 28.15888917270828 989.6215768596187 0 0 0 0 0 0 102 32 8 0 0 0 
1671236515.1622975 21.8353515625 28.242094492840266 989.6502516027388 0 0 0 0 0 0 159 43 8 0 0 0 
1671236520.2961812 21.8404296875 28.2960801309267 989.6063961214782 0 0 0 0 0 0 159 43 8 0 0 0 
1671236525.4295442 21.8353515625 28.22435128667366 989.6154676984655 0 0 0 0 0 0 159 43 8 0 0 0 
1671236530.5629954 21.8353515625 28.313974200228817 989.6684872108285 0 0 0 0 0 0 186 52 8 0 0 0 
1671236535.6964316 21.8353515625 28.099392286801653 989.6688058591026 0 0 0 0 0 0 186 52 8 0 0 0 
1671236540.829921 21.8302734375 28.164549457837552 989.6704926101025 0 0 0 0 0 0 186 52 8 0 0 0 
1671236545.9633803 21.8505859375 28.05686935950134 989.649294879866 0 0 0 0 0 0 165 50 8 0 0 0 
1671236551.0967839 21.8505859375 27.91966257813879 989.6439153389216 0 0 0 0 0 0 165 50 8 0 0 0 
