timestamp temperature humidity pressure pm10_standard pm25_standard pm100_standard pm10_env pm25_env pm100_env particles_03um particles_05um particles_10um particles_25um particles_50um particles_100um
1661893735.5771687 20.9408203125 57.278513999909606 986.7653434853498 8 11 12 8 11 12 1473 425 64 6 2 0 
1661893740.708015 20.9509765625 57.36668138490166 986.7521926731617 8 11 12 8 11 12 1473 425 64 6 2 0 
1661893745.840541 20.9509765625 57.319830758433156 986.7569222265827 8 11 12 8 11 12 1473 430 69 6 2 0 
1661893750.975274 20.9611328125 57.21930691856971 986.7667045486096 8 11 12 8 11 12 1473 430 69 6 2 0 
1661893756.1094656 20.9712890625 57.296221243965064 986.766057841998 8 11 12 8 11 12 1473 430 69 6 2 0 
1661893761.2450914 20.9560546875 57.23719673643227 986.7667045486096 7 10 11 7 10 11 1332 399 61 6 2 0 
1661893766.3800714 20.9662109375 57.24973201864655 986.7562755767389 7 10 11 7 10 11 1332 399 61 6 2 0 
1661893771.5120924 20.9611328125 57.278696927382946 986.8145792342882 7 11 15 7 11 15 1404 423 68 8 4 2 
1661893776.6440918 20.9560546875 57.267074693786014 986.8280537026408 7 11 15 7 11 15 1404 423 68 8 4 2 
1661893781.7786038 20.9509765625 57.37866974000164 986.8023970447259 7 11 15 7 11 15 1404 423 68 8 4 2 
1661893786.9095032 20.9611328125 57.378853823240846 986.8270153437187 8 11 14 8 11 14 1446 438 68 6 4 2 
1661893792.0434399 20.9509765625 57.195878968001146 986.8007127912916 8 11 14 8 11 14 1446 438 68 6 4 2 
1661893797.1777062 20.9509765625 57.125228509182335 986.7835472076823 8 11 14 8 11 14 1446 438 68 6 4 2 
1661893802.308577 20.9509765625 57.449680140726414 986.7552379750394 7 10 13 7 10 13 1431 423 58 6 4 2 
1661893807.4395883 20.9560546875 57.502798905001136 986.7855545135347 7 10 13 7 10 13 1431 423 58 6 4 2 
1661893812.5732584 20.9611328125 57.372951563133384 986.7889230192128 7 10 13 7 10 13 1431 423 58 6 4 2 
1661893817.7057064 20.9408203125 57.40873377694458 986.768711989347 8 11 15 8 11 15 1476 439 65 6 4 2 
1661893822.837556 20.9560546875 57.49708228078345 986.7801786753074 8 11 15 8 11 15 1476 439 65 6 4 2 
1661893827.9723456 20.9458984375 57.37903789573085 986.8020741407512 8 11 15 8 11 15 1476 439 65 6 4 2 
1661893833.1002655 20.9560546875 57.33772138710068 986.8118568118226 8 12 16 8 12 16 1503 443 72 8 4 2 
1661893838.2321544 20.9611328125 57.31429504773393 986.7970213399828 8 12 16 8 12 16 1503 443 72 8 4 2 
1661893843.3659995 20.9611328125 57.34362377639267 986.8023970447259 7 10 11 7 10 11 1317 375 71 6 0 0 
1661893848.5002577 20.9611328125 57.36796887415717 986.81762464362 7 10 11 7 10 11 1317 375 71 6 0 0 
1661893853.632301 20.9611328125 57.160826485880655 986.7849083246815 7 10 11 7 10 11 1317 375 71 6 0 0 
1661893858.7631285 20.9662109375 57.32610003316439 986.844896794385 8 11 12 8 11 12 1416 403 78 6 0 0 
1661893863.8973815 20.9662109375 57.20232766049421 986.8175553287858 8 11 12 8 11 12 1416 403 78 6 0 0 
1661893869.0301232 20.9712890625 57.2316589954877 986.8684771345934 8 11 12 8 11 12 1416 403 78 6 0 0 
1661893874.1650622 20.9611328125 57.343807434017684 986.8057655518045 8 12 14 8 12 14 1473 422 87 8 2 0 
1661893879.2967992 20.9611328125 57.125047333043064 986.8169096551577 8 12 14 8 12 14 1473 422 87 8 2 0 
1661893884.4315991 20.9560546875 57.361330882436135 986.8192395829204 8 12 14 8 12 14 1473 422 87 8 2 0 
1661893889.5637326 20.9560546875 57.35561231639163 986.8286996253905 8 12 14 8 12 14 1515 437 82 10 2 0 
1661893894.6968663 20.9611328125 57.255634764590816 986.8546797437481 8 12 15 8 12 15 1515 437 82 10 2 0 
1661893899.8313305 20.9611328125 57.23147661761884 986.877543824343 8 12 15 8 12 15 1515 437 82 10 2 0 
1661893904.9635322 20.9662109375 57.30839253956022 986.8253310621168 8 14 16 8 14 16 1602 460 89 10 2 0 
1661893910.095879 20.9712890625 57.391210901872824 986.8597327145737 8 13 16 8 13 16 1602 460 89 10 2 0 
1661893915.2294626 20.9611328125 57.361514742120114 986.8438581635899 8 13 16 8 13 16 1602 460 89 10 2 0 
1661893920.3605545 20.9611328125 57.37331956266015 986.8539638588743 9 13 16 9 13 16 1623 471 84 10 2 0 
1661893925.494849 20.9611328125 57.20823042152857 986.8003898737584 7 12 13 7 12 13 1257 371 80 12 0 0 
1661893930.6284685 20.9560546875 57.307842746810095 986.813864011662 7 12 13 7 12 13 1293 374 87 12 0 0 
1661893935.7618997 20.9662109375 57.21985368027638 986.8536411557476 7 12 13 7 12 13 1293 374 87 12 0 0 
1661893940.8941524 20.9662109375 57.31447835783996 986.8539638588743 7 12 13 7 12 13 1293 374 87 12 0 0 
1661893946.0288475 20.9611328125 57.284782403808876 986.8115337697304 7 13 15 7 13 15 1365 400 85 14 0 0 
1661893951.162897 20.9662109375 57.455952152207324 986.8519568594664 7 13 15 7 13 15 1365 400 85 14 0 0 
1661893956.29447 20.9560546875 57.361514742120114 986.8051196883564 7 13 15 7 13 15 1365 400 85 14 0 0 
1661893961.4248588 20.9611328125 57.17263200720502 986.7906072721568 7 13 13 7 13 13 1407 409 83 10 0 0 
1661893966.5559556 20.9560546875 57.384940212884935 986.7936528064876 7 13 13 7 13 13 1407 409 83 10 0 0 
1661893971.6903179 20.9611328125 57.21985368027638 986.8189168145312 7 13 13 7 13 13 1407 409 83 10 0 0 
1661893976.82352 20.9560546875 57.40873377694458 986.8034354076651 7 12 13 7 12 13 1413 402 79 6 0 0 
1661893981.9560595 20.9611328125 57.231294229000504 986.8088112094229 7 12 13 7 12 13 1413 402 79 6 0 0 
1661893987.0890083 20.9560546875 57.4024627606189 986.7852314739747 7 12 13 7 12 13 1413 402 79 6 0 0 
1661893992.220419 20.9560546875 57.33790497737224 986.8219624991231 7 12 13 7 12 13 1434 416 82 8 0 0 
1661893997.3502622 20.9712890625 57.520876341252965 986.8216395383826 7 12 13 7 12 13 1434 416 82 8 0 0 
1661894002.4846306 20.9611328125 57.284782403808876 986.8475493760302 7 12 13 7 12 13 1434 416 82 8 0 0 
1661894007.618481 20.9560546875 57.20823042152857 986.8735300664241 9 14 15 9 14 15 1605 474 96 8 0 0 
1661894012.7520077 20.9509765625 57.22021813433333 986.8236467805848 9 14 15 9 14 15 1605 474 96 8 0 0 
1661894017.8850598 20.9560546875 57.39674481627684 986.8310293638235 9 14 14 9 14 14 1554 470 100 8 0 0 
1661894023.01855 20.9560546875 57.29050190176982 986.8152253739759 9 15 15 9 15 15 1554 470 100 8 0 0 
1661894028.1527088 20.9408203125 57.431973700474934 986.825976600159 9 15 15 9 15 15 1554 470 100 8 0 0 
1661894033.287035 20.9509765625 57.08963095908434 986.8215690175971 8 14 15 8 14 15 1521 453 100 8 0 0 
1661894038.4209533 20.9458984375 57.43178901107819 986.8377663830231 8 13 15 8 13 15 1521 453 100 8 0 0 
1661894043.555112 20.9509765625 57.431973700474934 986.8343978732831 8 13 15 8 13 15 1521 453 100 8 0 0 
1661894048.6889756 20.9509765625 57.2842334193214 986.849233644984 8 13 13 8 13 13 1521 446 95 6 0 0 
1661894053.8227916 20.9509765625 57.4494952492814 986.8364046511911 8 13 13 8 13 13 1521 446 95 6 0 0 
1661894058.9556813 20.9509765625 57.50242789909811 986.8411348930431 8 13 13 8 13 13 1521 446 95 6 0 0 
1661894064.0895762 20.9560546875 57.24309923355886 986.8424965695891 8 12 12 8 12 12 1500 435 78 2 0 0 
1661894069.222228 20.9509765625 57.08999249225974 986.8522795761518 8 12 12 8 12 12 1500 435 78 2 0 0 
1661894074.3561578 20.9662109375 57.255452138791384 986.8441808383328 8 12 12 8 12 12 1500 435 78 2 0 0 
1661894079.4900901 20.9662109375 57.30249002108086 986.8664700099888 8 11 11 8 11 11 1422 407 76 2 0 0 
1661894084.6239932 20.9712890625 57.20823042152857 986.8115337697304 8 11 11 8 11 11 1422 407 76 2 0 0 
1661894089.7574248 20.9712890625 57.06674178253635 986.8092030346822 8 14 14 8 14 14 1482 446 63 12 0 0 
1661894094.8915844 20.9712890625 57.26153750022897 986.7876303110302 8 13 13 8 13 13 1482 446 63 12 0 0 
1661894100.0245497 20.9662109375 57.26744022556099 986.8058343915973 8 13 13 8 13 13 1482 446 63 12 0 0 
1661894105.1583133 20.9763671875 57.362250073363796 986.8209932876854 8 12 12 8 12 12 1482 444 61 10 0 0 
1661894110.292937 20.9712890625 57.33218602258972 986.8189856620971 8 12 12 8 12 12 1482 444 61 10 0 0 
1661894115.4268248 20.9814453125 57.36206625667671 986.7940441430067 8 12 12 8 12 12 1482 444 61 10 0 0 
1661894120.5607984 20.9712890625 57.23792649583963 986.7977361551508 8 13 13 8 13 13 1488 461 68 12 0 0 
1661894125.6950488 20.9712890625 57.16709249328367 986.8044733859653 8 13 13 8 13 13 1488 461 68 12 0 0 
1661894130.8292708 20.9763671875 57.385860750856274 986.8294148990747 8 13 13 8 13 13 1488 461 68 12 0 0 
1661894135.9602768 20.9712890625 57.391210901872824 986.8162635425873 8 13 13 8 13 13 1473 461 66 8 0 0 
1661894141.094971 20.9763671875 57.1436621645282 986.836798196088 8 13 13 8 13 13 1473 461 66 8 0 0 
1661894146.2289283 20.9662109375 57.184801133055345 986.8236467805848 8 13 13 8 13 13 1473 461 66 8 0 0 
1661894151.3628736 20.9662109375 57.267074693786014 986.8253310621168 8 13 13 8 13 13 1524 466 71 8 0 0 
1661894156.4966908 20.9662109375 57.379590048705744 986.8381595568469 8 13 13 8 13 13 1524 466 71 8 0 0 
1661894161.630602 20.9509765625 57.190158305540926 986.8388053168932 8 13 13 8 13 13 1524 466 71 8 0 0 
1661894166.7639093 20.9560546875 57.24346426947641 986.8185939364095 9 15 15 9 15 15 1650 502 78 8 0 0 
1661894171.897848 20.8796875 57.2316589954877 986.8455424459622 8 15 16 8 15 16 1575 463 76 10 2 0 
1661894177.0302532 20.9611328125 57.391210901872824 986.8209238371251 8 15 17 8 15 17 1596 465 81 12 4 0 
1661894182.1641002 20.9662109375 57.31447835783996 986.8149023590009 8 15 17 8 15 17 1596 465 81 12 4 0 
1661894187.2980807 20.9712890625 57.255452138791384 986.8294148990747 8 15 17 8 15 17 1596 465 81 12 4 0 
1661894192.4319296 20.9712890625 57.396929080072375 986.8149023590009 9 15 20 9 15 20 1668 477 86 16 6 2 
1661894197.5657163 20.9662109375 57.402831433661305 986.8145792342882 9 15 20 9 15 20 1668 477 86 16 6 2 
1661894202.69915 20.9712890625 57.27297727409929 986.8230007764834 9 14 20 9 14 20 1668 477 86 16 6 2 
1661894207.8325045 20.9712890625 57.379590048705744 986.834790938498 9 16 20 9 16 20 1788 515 93 16 6 2 
1661894212.9664881 20.9712890625 57.178898263437574 986.8583712728233 9 16 20 9 16 20 1788 515 93 16 6 2 
1661894218.1000931 20.9814453125 57.10216002054928 986.8351139005072 9 16 20 9 16 20 1788 515 93 16 6 2 
1661894223.2327213 20.9712890625 57.23792649583963 986.8128949260592 8 15 19 8 15 19 1722 486 86 16 6 2 
1661894228.366631 20.9662109375 57.379406008463306 986.8398438661264 8 15 19 8 15 19 1722 486 86 16 6 2 
1661894233.5003293 20.9763671875 57.32646691204436 986.8277305766568 8 15 19 8 15 19 1722 486 86 16 6 2 
1661894238.6338518 20.9814453125 57.067102690801605 986.8104954767658 8 15 19 8 15 19 1758 491 81 16 6 2 
1661894243.7666123 20.9865234375 57.279428529782464 986.8445738039876 8 15 19 8 15 19 1758 491 81 16 6 2 
1661894248.9000244 20.9814453125 57.33863923096577 986.8644627485944 None None None None None None None None None None None None 
1661894254.03402 20.9814453125 57.291234043015116 986.8260462543087 8 15 18 8 15 18 1521 464 101 12 2 0 
1661894259.1694472 20.9712890625 57.17299538351369 986.8779374506954 8 16 20 8 16 20 1641 497 106 14 4 0 
1661894264.3035433 20.9712890625 57.10788208234383 986.834790938498 8 16 20 8 16 20 1632 497 113 14 4 0 
1661894269.4360683 20.9662109375 57.10824395519978 986.8728844368821 8 15 20 8 15 20 1611 485 106 14 4 0 
1661894274.569807 20.9712890625 57.238108908817814 986.8412051579611 8 15 20 8 15 20 1605 485 106 14 4 0 
1661894279.703204 20.9712890625 57.15564961105203 986.8543567249601 9 15 22 9 15 22 1668 511 101 16 6 0 
1661894284.8365276 20.9712890625 57.31466165719668 986.8378365122147 9 15 21 9 15 21 1668 511 101 16 6 0 
1661894289.9697163 20.9712890625 57.16709249328367 986.8762531126877 9 15 21 9 15 21 1668 511 101 16 6 0 
1661894295.103007 20.9814453125 57.22630321007066 986.834790938498 8 16 20 8 16 20 1641 499 113 14 4 0 
1661894300.237343 20.9814453125 57.2200359126796 986.8465811039448 8 16 20 8 16 20 1641 499 113 14 4 0 
1661894305.3707736 20.9712890625 57.30894223556639 986.8398438661264 8 16 20 8 16 20 1641 499 113 14 4 0 
1661894310.5035384 20.9662109375 57.08999249225974 986.8542864522657 8 16 21 8 16 21 1626 490 117 16 6 0 
1661894315.6369758 20.9814453125 57.04330960778626 986.8765759552123 8 16 21 8 16 21 1626 490 117 16 6 0 
1661894320.769548 20.9763671875 57.36796887415717 986.881951620876 8 16 21 8 16 21 1626 490 117 16 6 0 
1661894325.902262 20.9662109375 57.238108908817814 986.8482654135744 8 15 19 8 15 19 1647 493 108 12 6 0 
1661894331.0347705 20.9662109375 57.35579609797362 986.895748585538 8 11 11 8 11 11 1476 447 91 0 0 0 
1661894336.167154 20.9611328125 57.384940212884935 986.9092229723158 9 11 11 9 11 11 1518 455 81 0 0 0 
1661894341.30057 20.9662109375 57.29658749229585 986.8836359319764 9 11 11 9 11 11 1518 455 81 0 0 0 
1661894346.4325795 20.9611328125 57.32019754560198 986.8657538398928 9 11 11 9 11 11 1518 455 81 0 0 0 
1661894351.565691 20.9763671875 57.30857578231161 986.8667928241234 9 13 13 9 13 13 1695 497 88 2 0 0 
1661894356.698272 20.9611328125 57.19642488915398 986.8701614451336 9 13 13 9 13 13 1695 497 88 2 0 0 
1661894361.8301985 20.9712890625 57.27961140350888 986.8607009904647 9 14 14 9 14 14 1695 497 88 2 0 0 
1661894366.9645932 20.9662109375 57.44451719317373 986.8651085137233 9 14 15 9 14 15 1617 478 84 4 2 0 
1661894372.098522 20.9814453125 57.30267319647735 986.8307760129528 9 14 15 9 14 15 1617 478 84 4 2 0 
1661894377.230221 20.9814453125 57.34454195702517 986.8627784111469 9 13 15 9 13 15 1617 478 84 4 2 0 
1661894382.3629913 20.9712890625 57.10216002054928 986.8297380115001 8 12 13 8 12 13 1488 433 74 4 2 0 
1661894387.4934037 20.9611328125 57.184801133055345 986.8209932876854 8 12 13 8 12 13 1488 433 74 4 2 0 
1661894392.6238263 20.9611328125 57.361698591054875 986.8280537026408 8 12 13 8 12 13 1488 433 74 4 2 0 
1661894397.7542148 20.9662109375 57.38549256791528 986.8233238334029 8 12 15 8 12 15 1581 454 79 4 2 0 
1661894402.8845856 20.9611328125 57.37922195747168 986.8432124848955 8 12 15 8 12 15 1581 454 79 4 2 0 
1661894408.0150466 20.9712890625 57.202145630167 986.8526021831018 8 12 15 8 12 15 1581 454 79 4 2 0 
1661894413.144286 20.9560546875 57.32001415739222 986.8141868207267 8 16 16 8 16 16 1593 460 113 6 0 0 
1661894418.2758327 20.9509765625 57.384940212884935 986.8489110109168 8 16 16 8 16 16 1593 460 113 6 0 0 
1661894423.4062877 20.9611328125 57.113966017437924 986.870484122411 8 16 16 8 16 16 1593 460 113 6 0 0 
1661894428.5366464 20.9712890625 57.249366891012286 986.8718457557438 8 16 17 8 16 17 1602 463 120 6 2 0 
1661894433.6670728 20.9611328125 57.36741715754296 986.8286996253905 8 16 17 8 16 17 1602 463 120 6 2 0 
1661894438.7975087 20.9662109375 57.2143153265523 986.8651085137233 8 16 17 8 16 17 1602 463 120 6 2 0 
1661894443.928006 20.9611328125 57.25526950224252 986.8755370137756 8 15 17 8 15 17 1629 465 108 6 2 0 
1661894449.0609806 20.9662109375 57.24900172038026 986.8502725632554 8 15 17 8 15 17 1629 465 108 6 2 0 
1661894454.1943898 20.9712890625 57.22612093180822 986.8617398931331 8 15 17 8 15 17 1629 465 108 6 2 0 
1661894459.326375 20.9712890625 57.2672574650482 986.8472267284045 8 15 16 8 15 16 1623 460 106 4 2 0 
1661894464.4598775 20.9712890625 57.32646691204436 986.8634242033933 8 15 16 8 15 16 1623 460 106 4 2 0 
1661894469.5940661 20.9712890625 57.36778497936831 986.8667928241234 8 15 16 8 15 16 1623 460 106 4 2 0 
1661894474.7270226 20.9712890625 57.2200359126796 986.8398438661264 8 15 18 8 15 18 1665 474 104 6 4 2 
1661894479.8604567 20.9763671875 57.19678878284148 986.8459350405246 8 15 18 8 15 18 1665 474 104 6 4 2 
1661894484.9934452 20.9814453125 57.397481806964024 986.860770999471 8 15 18 8 15 18 1665 474 104 6 4 2 
1661894490.127954 20.9814453125 57.18534652105646 986.8728844368821 8 13 16 8 13 16 1578 434 92 6 4 2 
1661894495.2623813 20.9763671875 57.08463160952029 986.8779374506954 8 12 12 8 12 12 1536 437 89 2 0 0 
1661894500.3935142 20.9763671875 57.238108908817814 986.9113015580238 8 12 12 8 12 12 1536 435 82 0 0 0 
1661894505.523917 20.9763671875 57.36796887415717 986.8947808346254 8 12 12 8 12 12 1536 435 82 0 0 0 
1661894510.654426 20.9712890625 57.36206625667671 986.8816289287695 8 12 12 8 12 12 1536 435 82 0 0 0 
1661894515.788009 20.9814453125 57.356347378224186 986.8917348777752 7 11 11 7 11 11 1443 414 87 0 0 0 
1661894520.917565 20.9763671875 57.20287368697865 986.8816289287695 7 11 11 7 11 11 1443 414 87 0 0 0 
1661894526.0595095 20.9814453125 57.46259431382783 986.8816289287695 7 11 11 7 11 11 1443 414 87 0 0 0 
1661894531.191647 20.9712890625 57.232570723589866 986.8914121572791 7 11 11 7 11 11 1422 400 94 0 0 0 
1661894536.3260295 20.9814453125 57.267805714338344 986.9001565038726 7 11 11 7 11 11 1422 400 94 0 0 0 
1661894541.459864 20.9814453125 57.12631534027468 986.884351918951 7 11 11 7 11 11 1422 400 94 0 0 0 
1661894546.5931284 20.9865234375 57.26208551520116 986.8691927548523 8 12 12 8 12 12 1470 426 101 0 0 0 
1661894551.7276654 20.9966796875 57.227032215625634 986.8921277166273 8 12 12 8 12 12 1470 426 101 0 0 0 
1661894556.8597195 20.9916015625 57.30949183482864 986.8540335964269 8 12 12 8 12 12 1470 426 101 0 0 0 
1661894561.9889963 20.9865234375 57.303405790569954 986.8789758287218 8 12 12 8 12 12 1449 426 91 0 0 0 
1661894567.122421 20.9814453125 57.12059319903816 986.8671852738253 8 12 12 8 12 12 1449 426 91 0 0 0 
1661894572.2566082 20.9865234375 57.07890908082076 986.860770999471 8 12 12 8 12 12 1449 426 91 0 0 0 
1661894577.3913677 20.9712890625 57.2032376508873 986.8796217887732 9 16 17 9 16 17 1674 488 98 12 0 0 
1661894582.522898 20.9763671875 57.15528668190526 986.844896794385 9 16 17 9 16 17 1674 488 98 12 0 0 
1661894587.6576152 20.9763671875 57.26744022556099 986.844896794385 9 17 17 9 17 17 1653 480 100 14 0 0 
1661894592.7879066 20.9662109375 57.397481806964024 986.8735300664241 9 17 17 9 17 17 1653 480 100 14 0 0 
1661894597.9179647 20.9763671875 57.143480829302355 986.8566869627734 9 17 17 9 17 17 1653 480 100 14 0 0 
1661894603.046478 20.9712890625 57.38567666476036 986.841528175476 9 16 17 9 16 17 1653 478 90 14 0 0 
1661894608.1796122 20.9662109375 57.338272125667544 986.8556481416668 9 16 17 9 16 17 1653 478 90 14 0 0 
1661894613.3111975 20.9662109375 57.23202371897699 986.8687998254295 9 16 17 9 16 17 1653 478 90 14 0 0 
1661894618.442905 20.9611328125 57.30249002108086 986.870484122411 9 15 15 9 15 15 1617 471 86 12 0 0 
1661894623.5749753 20.9712890625 57.44986502142236 986.8741752570072 9 15 15 9 15 15 1617 471 86 12 0 0 
1661894628.7057877 20.9662109375 57.284782403808876 986.862062638204 9 15 15 9 15 15 1617 471 86 12 0 0 
1661894633.836173 20.9662109375 57.46240935217935 986.8900505527658 9 16 16 9 16 16 1611 476 86 12 0 0 
1661894638.9665263 20.9763671875 57.26744022556099 986.8765759552123 9 16 16 9 16 16 1611 476 86 12 0 0 
1661894644.0970156 20.9814453125 57.113966017437924 986.8681543340176 9 16 16 9 16 16 1611 476 86 12 0 0 
1661894649.2305171 20.9814453125 57.356347378224186 986.8610940737694 8 16 16 8 16 16 1611 474 79 12 0 0 
1661894654.3578775 20.9814453125 57.196970713560916 986.869515761357 8 16 16 8 16 16 1611 474 79 12 0 0 
1661894659.487355 20.9814453125 57.30912544606979 986.869515761357 8 15 15 8 15 15 1578 462 95 4 0 0 
1661894664.620522 20.9763671875 57.11414701585375 986.8378365122147 8 15 15 8 15 15 1578 462 95 4 0 0 
1661894669.749164 20.9814453125 57.26190285429317 986.869515761357 8 15 15 8 15 15 1578 462 95 4 0 0 
1661894674.8792698 20.9814453125 57.07872849733451 986.8574022978089 8 13 13 8 13 13 1572 460 88 2 0 0 
1661894680.0064433 20.9916015625 57.232570723589866 986.8304526945975 8 13 13 8 13 13 1572 460 88 2 0 0 
1661894685.1336615 20.9865234375 57.09071542961352 986.8489805448793 8 13 13 8 13 13 1572 460 88 2 0 0 
1661894690.266313 20.9916015625 57.344909154033395 986.8503416299268 8 13 13 8 13 13 1593 458 83 2 0 0 
1661894695.3980687 20.9814453125 57.13203732573039 986.8217074513741 8 13 13 8 13 13 1593 458 83 2 0 0 
1661894700.5293493 20.9865234375 57.09035398243613 986.8125716780472 8 13 13 8 13 13 1593 458 83 2 0 0 
1661894705.6611319 20.9814453125 57.30358891221977 986.8324603490696 8 13 13 8 13 13 1599 455 80 2 0 0 
1661894710.792327 20.9865234375 57.268171160118094 986.8105639850156 8 13 13 8 13 13 1599 455 80 2 0 0 
1661894715.9253461 20.9865234375 57.01987671846109 986.8324603490696 8 13 13 8 13 13 1599 455 80 2 0 0 
1661894721.059385 20.9916015625 57.267622975324365 986.8334979930326 8 13 13 8 13 13 1605 470 84 2 0 0 
1661894726.19351 20.9814453125 57.38567666476036 986.8257230050231 8 14 14 8 14 14 1605 470 84 2 0 0 
1661894731.3268478 20.9814453125 57.30894223556639 986.8331066294288 8 14 14 8 14 14 1605 470 84 2 0 0 
1661894736.4604092 20.9814453125 57.12005006620137 986.8472961945033 8 12 15 8 12 15 1569 447 81 2 2 2 
1661894741.5936947 20.9865234375 57.214679602894336 986.8203465980159 9 13 14 9 13 14 1716 504 94 6 0 0 
1661894746.7267625 20.9916015625 57.16191567748594 986.8257230050231 9 13 14 9 13 14 1716 504 94 6 0 0 
1661894751.86095 20.9865234375 57.25618257749257 986.8038266446113 9 13 14 9 13 14 1716 504 94 6 0 0 
1661894756.995074 20.9966796875 57.30967501308409 986.8099169131478 9 13 15 9 13 15 1746 499 89 6 0 0 
1661894762.1293633 20.9916015625 57.12041216550892 986.8270839954567 9 13 15 9 13 15 1746 499 89 6 0 0 
1661894767.2622967 21.0017578125 57.15601249720033 986.8166543631428 9 13 15 9 13 15 1746 499 89 6 0 0 
1661894772.39606 20.9865234375 56.98481578534205 986.8169778997159 8 12 12 8 12 12 1620 462 75 4 0 0 
1661894777.5269752 20.9916015625 57.16155265661595 986.8035031093167 8 12 12 8 12 12 1620 462 75 4 0 0 
1661894782.6603553 20.9966796875 57.18552829555771 986.81432257102 8 12 12 8 12 12 1620 462 75 4 0 0 
1661894787.7938235 20.9916015625 57.18552829555771 986.819699469354 9 12 12 9 12 12 1587 458 75 4 0 0 
1661894792.927401 20.9763671875 57.238108908817814 986.8260462543087 9 12 12 9 12 12 1587 458 75 4 0 0 
1661894798.0570955 20.9712890625 57.20804832384245 986.8226776098231 9 12 12 9 12 12 1587 458 75 4 0 0 
1661894803.1843333 20.9712890625 57.267074693786014 986.7613284131403 9 14 14 9 14 14 1680 492 80 8 0 0 
1661894808.3114812 20.9662109375 57.255452138791384 986.787953652681 9 13 13 9 13 13 1680 492 80 8 0 0 
1661894813.4386685 20.9712890625 57.131856135977515 986.8071953146734 9 13 13 9 13 13 1680 492 80 8 0 0 
1661894818.5716612 20.9712890625 57.255817379640824 986.8011047704179 9 15 15 9 15 15 1644 485 87 10 0 0 
1661894823.703144 20.9712890625 57.39157924101537 986.7825773899156 8 13 16 8 13 16 1506 444 80 12 4 0 
1661894828.8305466 20.9611328125 57.149383760756876 986.7930065337503 8 13 16 8 13 16 1533 451 84 14 4 0 
1661894833.957686 20.9763671875 57.1025217371799 986.7755166164408 8 13 16 8 13 16 1533 451 84 14 4 0 
1661894839.0895178 20.9814453125 57.20305567430774 986.8065481885708 8 13 16 8 13 16 1533 451 84 14 4 0 
1661894844.222423 20.9966796875 57.13239967298716 986.8075850128354 8 14 17 8 14 17 1491 441 95 14 4 0 
1661894849.3544185 20.9966796875 57.25673029364952 986.7840035680146 8 14 17 8 14 17 1491 441 95 14 4 0 
1661894854.4855633 21.0017578125 56.996981938900326 986.7819950426153 8 14 17 8 14 17 1491 441 95 14 4 0 
1661894859.615015 21.0017578125 57.014692687910724 986.7917772899464 8 14 17 8 14 17 1470 439 92 14 4 0 
1661894864.7421217 21.0017578125 57.050474282706205 986.795146121873 8 14 17 8 14 17 1470 439 92 14 4 0 
1661894869.8692112 21.0068359375 57.079992355993184 986.8089454822082 8 14 17 8 14 17 1470 439 92 14 4 0 
1661894874.996464 21.0017578125 57.0619208984066 986.7705284628522 8 14 16 8 14 16 1506 446 92 14 4 0 
1661894880.1308725 21.0017578125 57.24492398316862 986.8156830949083 8 13 16 8 13 16 1506 446 92 14 4 0 
1661894885.2611375 20.9916015625 57.16227865535752 986.7795984020398 8 13 16 8 13 16 1506 446 92 14 4 0 
1661894890.3946137 20.9966796875 57.215408026584356 986.8257895160599 8 13 16 8 13 16 1542 448 87 14 4 0 
1661894895.5258126 21.0068359375 57.33918980829363 986.7907411222767 8 13 16 8 13 16 1542 448 87 14 4 0 
1661894900.658813 20.9966796875 57.232753036961896 986.8123142884182 8 13 16 8 13 16 1542 448 87 14 4 0 
1661894905.7896268 20.9916015625 57.008609383113445 986.7762296799841 7 12 12 7 12 12 1458 429 63 2 0 0 
1661894910.917691 21.0017578125 57.055837137141985 986.8190519016786 7 12 12 7 12 12 1458 429 63 2 0 0 
1661894916.049912 20.9966796875 57.06746355606769 986.8031794642739 8 12 12 8 12 12 1458 434 70 2 0 0 
1661894921.1809058 20.9966796875 57.20914074871636 986.777590082802 8 12 12 8 12 12 1458 434 70 2 0 0 
1661894926.3102474 20.9916015625 57.22684998036111 986.7829671243755 8 12 12 8 12 12 1458 434 70 2 0 0 
1661894931.4444575 20.9916015625 57.356347378224186 986.7920363016002 8 12 12 8 12 12 1467 443 75 2 0 0 
1661894936.5750136 20.9712890625 57.26190285429317 986.7839382183745 8 12 12 8 12 12 1467 443 75 2 0 0 
1661894941.708236 20.9611328125 57.10788208234383 986.7859460039218 8 12 12 8 12 12 1467 443 75 2 0 0 
1661894946.842394 20.9712890625 57.13775915540604 986.7977361551508 8 12 12 8 12 12 1482 450 82 2 0 0 
1661894951.9775777 20.9712890625 57.125771973102076 986.7926832327753 8 12 12 8 12 12 1482 450 82 2 0 0 
1661894957.109841 20.9712890625 57.2672574650482 986.7792087761891 8 12 12 8 12 12 1482 450 82 2 0 0 
1661894962.2394679 20.9712890625 57.107520166488996 986.7913222399906 9 13 13 9 13 13 1611 481 94 4 0 0 
1661894967.3733735 20.9662109375 57.343991080893446 986.7697498085435 9 13 13 9 13 13 1611 481 94 4 0 0 
1661894972.5060072 20.9611328125 57.38530846032101 986.80479659203 9 13 13 9 13 13 1611 481 94 4 0 0 
1661894977.6397836 20.9611328125 57.31429504773393 986.7714340878341 9 15 15 9 15 15 1626 479 106 4 0 0 
1661894982.7737658 20.9611328125 57.24309923355886 986.7633360176354 9 15 15 9 15 15 1626 479 106 4 0 0 
1661894987.9087734 20.9509765625 57.361147012002924 986.7983825660108 9 16 16 9 16 16 1665 470 83 10 0 0 
1661894993.0437179 20.9560546875 57.266709119013406 986.7683888142016 9 16 16 9 16 16 1665 470 83 10 0 0 
1661894998.1782954 20.9509765625 57.29050190176982 986.7811475868241 9 16 16 9 16 16 1665 470 83 10 0 0 
1661895003.3073568 20.9458984375 57.22502703649428 986.8057655518045 9 16 16 9 16 16 1659 470 83 10 0 0 
1661895008.4381144 20.9611328125 57.284782403808876 986.7751258772705 9 16 16 9 16 16 1659 470 83 10 0 0 
1661895013.5697265 20.9560546875 57.30839253956022 986.7552379750394 9 16 16 9 16 16 1659 470 83 10 0 0 
1661895018.7002 20.9306640625 57.125047333043064 986.7849083246815 9 14 14 9 14 14 1596 453 71 10 0 0 
1661895023.8308065 20.9408203125 57.195878968001146 986.803758407814 9 14 14 9 14 14 1596 453 71 10 0 0 
1661895028.9642034 20.9509765625 57.33753778607985 986.7602907298794 9 15 15 9 15 15 1596 453 71 10 0 0 
1661895034.0969658 20.9560546875 57.33753778607985 986.7987056068356 8 15 15 8 15 15 1566 441 76 10 0 0 
1661895039.2315478 20.9560546875 57.23756163763488 986.747854184137 8 15 15 8 15 15 1566 441 76 10 0 0 
1661895044.3661149 20.9560546875 57.149020923333694 986.7758401627428 8 14 14 8 14 14 1566 441 76 10 0 0 
1661895049.4989564 20.9763671875 57.450419599015895 986.7573127937967 8 13 13 8 13 13 1515 432 69 6 0 0 
1661895054.6334884 20.9712890625 57.22612093180822 986.774155856125 8 13 13 8 13 13 1515 432 69 6 0 0 
1661895059.767378 20.9712890625 57.26153750022897 986.7404697384723 8 13 13 8 13 13 1515 432 69 6 0 0 
1661895064.9012256 20.9865234375 57.3032226581708 986.7819302960365 8 12 13 8 12 13 1515 424 74 6 2 0 
1661895070.0341022 20.9814453125 57.31484494580409 986.7718242929943 10 15 15 10 15 15 1737 517 92 2 0 0 
1661895075.1669555 20.9814453125 57.13830289450106 986.7718242929943 10 13 13 10 13 13 1710 510 80 0 0 0 
1661895080.301277 20.9865234375 57.32129764912517 986.721294315605 10 13 13 10 13 13 1710 510 80 0 0 0 
1661895085.4341466 20.9916015625 57.2032376508873 986.777914040977 10 13 13 10 13 13 1710 510 80 0 0 0 
1661895090.5684798 21.0017578125 57.150290666196256 986.7661235154983 10 12 12 10 12 12 1659 496 78 0 0 0 
1661895095.7024305 20.9966796875 57.09734162336171 986.8126381813689 10 12 12 10 12 12 1659 496 78 0 0 0 
1661895100.836412 21.0017578125 57.25064464961704 986.8176913505326 10 12 12 10 12 12 1659 496 78 0 0 0 
1661895105.9700754 21.0017578125 57.067824378334635 986.8086214523814 9 12 12 9 12 12 1596 475 74 0 0 0 
1661895111.1002588 20.9865234375 57.05011390762788 986.7904170530618 9 12 12 9 12 12 1596 475 74 0 0 0 
1661895116.234969 21.0119140625 56.95565649711206 986.7738972387226 9 12 12 9 12 12 1596 475 74 0 0 0 
1661895121.36812 21.0068359375 57.227214440140685 986.7685198295433 10 12 12 10 12 12 1653 494 74 0 0 0 
1661895126.5026245 21.0068359375 57.05601740817101 986.7550446209541 10 12 12 10 12 12 1653 494 74 0 0 0 
1661895131.636506 21.0017578125 57.22149338492358 986.7668354282245 10 12 12 10 12 12 1653 494 74 0 0 0 
1661895136.7697182 21.0068359375 57.144568679412814 986.7637909119522 10 13 13 10 13 13 1722 520 84 2 0 0 
1661895141.9036758 20.9916015625 57.13866533348282 986.7809588321153 10 13 13 10 13 13 1722 520 84 2 0 0 
1661895147.036557 21.0017578125 57.20932278190537 986.7526486334398 10 13 13 10 13 13 1722 520 84 2 0 0 
1661895152.170517 21.0017578125 57.00288553221133 986.7523244718842 10 16 17 10 16 17 1950 552 104 2 2 0 
1661895157.3044562 20.9966796875 57.13830289450106 986.7469470396053 10 16 17 10 16 17 1950 552 104 2 2 0 
1661895162.438552 21.0017578125 57.132761977245295 986.7621065244025 10 16 17 10 16 17 1950 552 104 2 2 0 
1661895167.5729494 20.9916015625 56.961560162575864 986.7755816267629 10 15 16 10 15 16 1893 533 100 2 2 0 
1661895172.7068398 20.9916015625 57.03812680668608 986.7475955538237 10 15 17 10 15 17 2025 573 109 2 2 0 
1661895177.8407395 20.9916015625 57.07318639633681 986.7809588321153 10 15 17 10 15 17 1968 554 102 6 2 0 
1661895182.9735959 20.9916015625 57.20914074871636 986.7540088454549 9 15 17 9 15 17 1890 540 107 8 2 0 
1661895188.1076407 20.9814453125 57.04921278181021 986.7536204596072 10 16 19 10 16 19 1953 570 112 8 2 0 
1661895193.2422962 20.9865234375 57.04366995563215 986.7549809601936 11 17 20 11 17 20 1881 554 112 8 2 0 
1661895198.3752117 20.9916015625 56.89000189334762 986.7431906314008 11 17 19 11 17 19 1902 566 102 8 2 0 
1661895203.5092044 20.9814453125 57.02595996752735 986.766447458833 12 17 20 12 17 20 1959 583 104 8 2 0 
1661895208.6443057 20.9865234375 57.1025217371799 986.7526486334398 12 17 19 12 17 19 1881 569 111 8 2 0 
1661895213.7787821 20.9712890625 57.16155265661595 986.7526486334398 9 15 16 9 15 16 1641 489 106 6 0 0 
1661895218.9134862 20.9712890625 57.23220606459741 986.7718242929943 9 17 17 9 17 17 1719 510 115 6 0 0 
1661895224.0482874 20.9712890625 57.0549356207497 986.7553047789434 8 17 17 8 17 17 1677 491 115 6 0 0 
1661895229.182232 20.9814453125 56.96620876829188 986.7387854333251 9 16 16 9 16 16 1743 505 106 2 0 0 
1661895234.3161283 20.9814453125 57.15528668190526 986.7401459074391 10 13 14 10 13 14 1719 513 67 6 0 0 
1661895239.4501214 20.9865234375 56.99662273341627 986.7422182319298 10 13 14 10 13 14 1719 513 67 6 0 0 
1661895244.584061 20.9966796875 57.103245041444495 986.755693219096 10 14 14 10 14 14 1677 504 70 8 0 0 
1661895249.7177227 21.0119140625 57.10932931577461 986.761457815215 10 15 15 10 15 15 1677 504 70 8 0 0 
1661895254.8502917 21.0119140625 57.17463004479826 986.7247254180194 10 15 15 10 15 15 1677 504 70 8 0 0 
1661895259.9842312 21.0119140625 56.873360431276325 986.744613672393 10 15 16 10 15 16 1677 508 82 8 0 0 
1661895265.1181126 21.0169921875 56.96227682771013 986.7547201572456 10 14 16 10 14 16 1677 508 82 8 0 0 
1661895270.25177 21.0271484375 57.12722073723556 986.7358668809917 10 14 16 10 14 16 1677 508 82 8 0 0 
1661895275.3848681 21.0169921875 56.93222057774296 986.7058721704856 10 14 14 10 14 14 1599 486 73 8 0 0 
1661895280.518933 21.0017578125 57.02667972583108 986.7166280870322 10 14 14 10 14 14 1599 486 73 8 0 0 
1661895285.6528125 21.0017578125 57.091438194971374 986.6916870699813 10 14 14 10 14 14 1599 486 73 8 0 0 
1661895290.786792 21.0068359375 57.26853656290025 986.7166280870322 10 13 14 10 13 14 1623 498 66 8 0 0 
1661895295.920653 20.9916015625 57.05529625955606 986.7284187881139 10 13 14 10 13 14 1623 498 66 8 0 0 
1661895301.0552933 20.9916015625 56.90806961792034 986.7287432492463 10 13 14 10 13 14 1623 498 66 8 0 0 
1661895306.18698 20.9966796875 57.06746355606769 986.6936960771404 10 13 16 10 13 16 1665 509 73 8 2 2 
1661895311.3214202 20.9865234375 57.24437667115489 986.6828791107329 10 13 16 10 13 16 1665 509 73 8 2 2 
1661895316.4542825 20.9814453125 57.150109306607646 986.7071709395871 10 15 15 10 15 15 1803 527 86 2 0 0 
1661895321.588169 20.9865234375 57.149746555181515 986.717277089364 10 14 14 10 14 14 1803 527 86 2 0 0 
1661895326.7243574 20.9865234375 57.20877665008979 986.732436318757 10 14 14 10 14 14 1803 527 86 2 0 0 
1661895331.859804 20.9916015625 57.03794672700332 986.7344448788783 9 13 13 9 13 13 1719 501 83 4 0 0 
1661895336.9942398 20.9916015625 57.07908965355724 986.7105396558993 9 13 13 9 13 13 1719 501 83 4 0 0 
1661895342.1291666 21.0017578125 56.9320417321814 986.7253745042759 9 13 13 9 13 13 1719 501 83 4 0 0 
1661895347.2624466 21.0068359375 57.22149338492358 986.7668354282245 9 13 14 9 13 14 1671 489 85 6 0 0 
1661895352.3956282 21.0017578125 56.984995258723835 986.7233656300872 9 13 14 9 13 14 1671 489 85 6 0 0 
1661895357.5277114 21.0017578125 57.014692687910724 986.7230410185217 9 13 14 9 13 14 1671 489 85 6 0 0 
1661895362.6616123 20.9966796875 57.244741556580145 986.7149437014435 9 14 14 9 14 14 1602 487 101 6 0 0 
1661895367.7956457 21.0017578125 57.21559010563312 986.7213566190943 9 14 14 9 14 14 1602 487 101 6 0 0 
1661895372.9280264 21.0017578125 56.89697614748377 986.7277695365758 9 14 14 9 14 14 1602 487 101 6 0 0 
1661895378.0601504 21.0119140625 57.16854502965184 986.7179878204493 8 13 13 8 13 13 1554 465 92 6 0 0 
1661895383.1943412 21.0169921875 57.22167552058138 986.7058721704856 8 13 13 8 13 13 1554 465 92 6 0 0 
1661895388.3288336 21.0119140625 56.97390538176803 986.750702017741 8 13 13 8 13 13 1554 465 92 6 0 0 
1661895393.4622226 21.0119140625 57.06246184908957 986.7186976451189 8 12 13 8 12 13 1524 458 94 6 0 0 
1661895398.593798 21.0119140625 57.074269202825505 986.7692176499799 9 14 14 9 14 14 1662 508 82 6 0 0 
1661895403.7262228 21.0119140625 57.132943113249866 986.7412448446693 10 16 16 10 16 16 1698 522 82 8 0 0 
1661895408.8605127 21.0119140625 57.10342584063635 986.744613672393 10 16 16 10 16 16 1698 522 82 8 0 0 
1661895413.9919703 21.0169921875 57.03276331503783 986.7142942329655 10 16 16 10 16 16 1698 522 82 8 0 0 
1661895419.1212642 21.0169921875 57.0386669812353 986.7321596306605 9 14 14 9 14 14 1668 514 77 8 0 0 
1661895424.2503514 21.0119140625 57.091618859436494 986.7142942329655 9 14 14 9 14 14 1668 514 77 8 0 0 
1661895429.3821864 21.0017578125 57.00914854716779 986.744613672393 9 14 14 9 14 14 1668 514 77 8 0 0 
1661895434.512592 21.0068359375 57.209868816975366 986.7557553420456 9 13 13 9 13 13 1560 474 67 6 0 0 
1661895439.642986 21.0017578125 57.07408876195181 986.7277695365758 9 13 13 9 13 13 1560 474 67 6 0 0 
1661895444.7733889 21.0017578125 56.996981938900326 986.7361916036089 9 13 13 9 13 13 1560 474 67 6 0 0 
1661895449.9038007 21.0119140625 56.92059169876297 986.747982500397 8 12 12 8 12 12 1455 443 63 4 0 0 
1661895455.0342185 21.0119140625 57.256912844203 986.7199968584196 8 12 12 8 12 12 1455 443 63 4 0 0 
1661895460.1646066 21.0119140625 57.01505225459732 986.7324980268506 8 12 12 8 12 12 1455 443 63 4 0 0 
1661895465.29499 21.0017578125 57.085895939726534 986.7361916036089 9 13 16 9 13 16 1554 469 70 8 2 2 
1661895470.4253936 21.0068359375 57.06764397257606 986.6994594329102 9 13 16 9 13 16 1554 469 70 8 2 2 
1661895475.5558748 21.0017578125 57.07927021554396 986.7186370151757 9 13 16 9 13 16 1554 469 70 8 2 2 
1661895480.6898773 20.9916015625 57.11468994660306 986.7236901318958 8 11 11 8 11 11 1518 444 68 2 0 0 
1661895485.8235514 20.9966796875 57.096980127455325 986.7169526430755 8 11 11 8 11 11 1518 444 68 2 0 0 
1661895490.9571025 20.9916015625 57.35062834401 986.7024423242085 8 11 11 8 11 11 1518 444 68 2 0 0 
1661895496.0878804 20.9916015625 57.04385011343034 986.7304276218366 8 12 12 8 12 12 1539 449 73 2 0 0 
1661895501.2182345 20.9916015625 57.10234088423945 986.7007579799262 8 12 12 8 12 12 1539 449 73 2 0 0 
1661895506.3486605 20.9865234375 56.913615868951204 986.7105396558993 8 12 12 8 12 12 1539 449 73 2 0 0 
1661895511.4790637 20.9814453125 57.25599998394141 986.7074953574753 8 12 12 8 12 12 1587 454 70 2 0 0 
1661895516.609572 20.9865234375 57.238473702525795 986.7263473105071 8 12 12 8 12 12 1587 454 70 2 0 0 
1661895521.7425206 20.9916015625 57.126496441166196 986.7439026050804 8 12 12 8 12 12 1587 454 70 2 0 0 
1661895526.8772638 20.9916015625 57.24455911924224 986.7422182319298 9 12 12 9 12 12 1674 471 70 2 0 0 
1661895532.0119615 20.9814453125 57.055656855363154 986.755693219096 9 12 12 9 12 12 1674 471 70 2 0 0 
1661895537.1431243 20.9916015625 57.17980685289214 986.7078196656138 9 12 12 9 12 12 1674 471 70 2 0 0 
1661895542.2773678 20.9916015625 57.014692687910724 986.7385251060587 8 12 12 8 12 12 1647 462 70 2 0 0 
1661895547.4080324 21.0119140625 57.150653353124625 986.6980998494098 8 12 12 8 12 12 1647 462 70 2 0 0 
1661895552.5402744 20.9966796875 57.091438194971374 986.7331474165582 8 12 12 8 12 12 1647 462 70 2 0 0 
1661895557.6704087 21.0068359375 57.04457063712476 986.7183124726909 9 15 15 9 15 15 1800 509 93 6 0 0 
1661895562.8008459 20.9966796875 57.09734162336171 986.7280942172247 9 13 13 9 13 13 1737 503 74 2 0 0 
1661895567.9379013 21.0119140625 57.056197668450224 986.7426045901141 9 14 14 9 14 14 1764 513 88 2 0 0 
1661895573.0703104 21.0068359375 57.09770307626919 986.7149437014435 9 14 14 9 14 14 1764 513 88 2 0 0 
1661895578.203848 21.0017578125 57.067824378334635 986.6997842342978 9 14 14 9 14 14 1764 513 88 2 0 0 
1661895583.3353324 20.9966796875 56.9320417321814 986.7206458065164 8 13 13 8 13 13 1644 477 88 2 0 0 
1661895588.4690833 20.9966796875 57.026499802379945 986.7270588767261 8 13 13 8 13 13 1644 477 88 2 0 0 
1661895593.6002674 20.9916015625 57.08517352982148 986.7216812442185 8 13 13 8 13 13 1644 477 88 2 0 0 
1661895598.7326427 20.9966796875 57.02041638346442 986.682940388568 8 13 13 8 13 13 1665 477 91 2 0 0 
1661895603.8643017 20.9916015625 57.18552829555771 986.7307519596553 8 13 13 8 13 13 1665 477 91 2 0 0 
1661895608.9959836 20.9916015625 57.179261731468124 986.722330165198 8 13 13 8 13 13 1665 477 91 2 0 0 
1661895614.1305685 21.0017578125 56.87229130342566 986.6977136810623 8 12 12 8 12 12 1608 460 84 2 0 0 
1661895619.2623389 20.9814453125 57.002346505758624 986.7358050371704 8 12 12 8 12 12 1608 460 84 2 0 0 
1661895624.3960102 20.9966796875 57.12667753130804 986.7199968584196 8 12 12 8 12 12 1608 460 84 2 0 0 
1661895629.530148 20.9916015625 57.25654773234662 986.7236901318958 9 13 13 9 13 13 1764 505 84 2 0 0 
1661895634.6617396 21.0017578125 57.10342584063635 986.7061970273983 9 13 13 9 13 13 1764 505 84 2 0 0 
1661895639.7969913 21.0017578125 57.067824378334635 986.7149437014435 None None None None None None None None None None None None 
1661895644.9269054 21.0068359375 56.843662729851765 986.7078814261954 8 17 17 8 17 17 1647 499 108 8 0 0 
1661895650.0613072 21.0169921875 56.9912578545314 986.7257603194095 8 17 17 8 17 17 1647 499 108 8 0 0 
1661895655.1929617 21.0119140625 57.03902704385224 986.730488726827 8 17 17 8 17 17 1647 499 108 8 0 0 
1661895660.3256013 21.0271484375 57.06890658714067 986.7099364691744 9 17 18 9 17 18 1656 502 108 10 0 0 
1661895665.4593403 21.0525390625 56.951184901704124 986.7345530501883 9 17 18 9 17 18 1656 502 108 10 0 0 
1661895670.594044 21.0474609375 56.88068981656039 986.7302075001198 9 17 18 9 17 18 1656 502 108 10 0 0 
1661895675.729904 21.0474609375 56.844907273741605 986.7355866973161 9 16 16 9 16 16 1698 509 101 10 0 0 
1661895680.8615913 21.0525390625 56.94563845452152 986.7389557427716 9 16 16 9 16 16 1698 509 101 10 0 0 
1661895685.996384 21.0474609375 56.94545957097063 986.707601131638 9 16 16 9 16 16 1698 509 101 10 0 0 
1661895691.128307 21.0373046875 57.08107524417431 986.7382472872304 9 15 15 9 15 15 1605 481 98 8 0 0 
1661895696.259627 21.0474609375 56.738802841742505 986.7274896317762 9 16 16 9 16 16 1605 481 98 8 0 0 
1661895701.393526 21.0423828125 56.939376441325884 986.741291032628 9 16 16 9 16 16 1605 481 98 8 0 0 
1661895706.5251374 21.0423828125 56.9631724172533 986.762539068808 9 17 18 9 17 18 1683 510 110 10 0 0 
1661895711.6589496 21.0474609375 56.774230606551455 986.7574854977871 9 17 18 9 17 18 1683 510 110 10 0 0 
1661895716.7894938 21.0423828125 56.86852481306407 986.7578108005989 9 17 18 9 17 18 1683 510 110 10 0 0 
1661895721.91953 21.0373046875 56.95082694611331 986.7696023723822 11 17 17 11 17 17 1911 569 89 4 0 0 
1661895727.054402 21.0322265625 56.89160725904033 986.7311840593887 11 17 17 11 17 17 1911 569 89 4 0 0 
1661895732.188911 21.0322265625 56.986430658780115 986.7736214257484 11 17 17 11 17 17 1911 569 89 4 0 0 
1661895737.3209598 21.0220703125 57.186618716824555 986.7388974498331 11 16 16 11 16 16 1863 557 77 2 0 0 
1661895742.45478 21.0220703125 57.162823041542886 986.7294539498423 11 16 16 11 16 16 1863 557 77 2 0 0 
1661895747.5881162 21.0119140625 56.91468782640519 986.7041877581997 11 15 15 11 15 15 1863 557 77 2 0 0 
1661895752.721723 21.0119140625 56.879442593511996 986.7173381866837 11 15 15 11 15 15 1833 555 86 2 0 0 
1661895757.8502698 21.0169921875 57.02095595171884 986.7203684498055 11 15 15 11 15 15 1833 555 86 2 0 0 
1661895762.982973 21.0169921875 57.21559010563312 986.7142942329655 11 15 15 11 15 15 1833 555 86 2 0 0 
1661895768.114003 21.0068359375 56.896797716896515 986.7098905450979 11 17 17 11 17 17 1896 581 93 2 0 0 
1661895773.2461693 21.0017578125 57.132943113249866 986.7129346230072 11 17 17 11 17 17 1896 581 93 2 0 0 
1661895778.3782806 20.9916015625 56.93168400880812 986.7267344020349 11 17 17 11 17 17 1896 581 93 2 0 0 
1661895783.5126715 21.0119140625 57.1626415902307 986.7267344020349 11 16 16 11 16 16 1833 550 84 2 0 0 
1661895788.6438138 21.0017578125 57.09107683379193 986.7402094926277 11 16 16 11 16 16 1833 550 84 2 0 0 
1661895793.777791 21.0119140625 57.109148449219745 986.7435782659766 11 16 16 11 16 16 1833 550 84 2 0 0 
1661895798.9114308 21.0017578125 57.1211362351278 986.748631426525 10 14 14 10 14 14 1755 524 84 4 0 0 
1661895804.046829 21.0068359375 57.044030260478685 986.742929258496 10 17 17 10 17 17 1860 547 88 8 0 0 
1661895809.1794574 20.9966796875 57.03204333026924 986.7418938792672 10 17 17 10 17 17 1890 557 93 8 0 0 
1661895814.3137548 21.0017578125 57.06228154294504 986.7668354282245 10 17 17 10 17 17 1890 557 93 8 0 0 
1661895819.4479103 21.0068359375 57.14438739793516 986.7348318164761 10 17 17 10 17 17 1890 557 93 8 0 0 
1661895824.5819092 21.0068359375 57.109148449219745 986.7513513286812 10 17 17 10 17 17 1884 552 91 8 0 0 
1661895829.7143705 21.0119140625 57.10360662907849 986.7459734450956 10 17 17 10 17 17 1884 552 91 8 0 0 
1661895834.8454642 21.0068359375 57.133124238504784 986.7496669145042 10 17 17 10 17 17 1884 552 91 8 0 0 
1661895839.9791083 21.0119140625 57.227578856922364 986.7264098175871 10 15 15 10 15 15 1884 537 89 8 0 0 
1661895845.111098 21.0169921875 56.79660821456646 986.7661865808689 10 15 15 10 15 15 1884 537 89 8 0 0 
1661895850.2428339 21.0169921875 57.145474925556535 986.7493423003574 10 15 15 10 15 15 1884 537 89 8 0 0 
1661895855.3771608 21.0119140625 57.22167552058138 986.7560800117213 9 14 15 9 14 15 1806 509 84 8 0 0 
1661895860.5083919 21.0119140625 57.09179951315187 986.7594488678237 9 14 15 9 14 15 1806 509 84 8 0 0 
1661895865.6376855 21.0169921875 56.956372892770545 986.7995508457603 9 14 15 9 14 15 1806 509 84 8 0 0 
1661895870.770871 21.0169921875 57.1157755178599 986.761457815215 9 13 15 9 13 15 1755 485 86 8 2 0 
1661895875.9023368 21.0169921875 56.968001534813915 986.7560800117213 9 14 16 9 14 16 1755 485 86 8 2 0 
1661895881.030228 21.0220703125 57.02095595171884 986.7409201627283 9 14 16 9 14 16 1755 485 86 8 2 0 
1661895886.163286 21.0169921875 56.885346595089885 986.7742842032228 10 19 20 10 19 20 1947 578 128 10 2 0 
1661895891.294911 21.0220703125 57.04457063712476 986.7389109301487 10 19 20 10 19 20 1947 578 128 10 2 0 
1661895896.4219403 21.0068359375 57.01487247662897 986.7375513081672 10 19 20 10 19 20 1899 559 133 10 2 0 
1661895901.553684 21.0169921875 56.94402811556288 986.719347471294 10 19 20 10 19 20 1899 559 133 10 2 0 
1661895906.6855605 21.0017578125 57.11541370377306 986.7115749304764 10 19 20 10 19 20 1899 559 133 10 2 0 
1661895911.8194118 21.0017578125 57.049933703963994 986.7540088454549 10 17 19 10 17 19 1872 552 126 8 2 0 
1661895916.9522583 20.9916015625 57.02613992322809 986.722330165198 10 17 19 10 17 19 1872 552 126 8 2 0 
1661895922.0858393 20.9966796875 57.06174056001267 986.7337963672273 10 17 19 10 17 19 1872 552 126 8 2 0 
1661895927.220396 20.9916015625 56.996802341533254 986.7385251060587 10 18 19 10 18 19 1926 566 128 8 2 0 
1661895932.3553798 21.0017578125 57.07336689095936 986.7021178656444 10 18 19 10 18 19 1926 566 128 8 2 0 
1661895937.4897091 21.0017578125 57.00288553221133 986.7017932973279 10 18 19 10 18 19 1926 566 128 8 2 0 
1661895942.6252809 21.0017578125 56.92041299869193 986.7092409952674 10 17 19 10 17 19 1941 571 118 8 2 0 
1661895947.759129 21.0068359375 57.091438194971374 986.677887236215 10 17 19 10 17 19 1941 571 118 8 2 0 
1661895952.8904557 21.0017578125 56.97927109712203 986.7078814261954 10 17 19 10 17 19 1941 571 118 8 2 0 
1661895958.0200665 21.0017578125 57.132761977245295 986.6725090661653 10 17 19 10 17 19 1914 556 111 8 2 0 
1661895963.149862 21.0017578125 56.996981938900326 986.7055472038102 10 17 19 10 17 19 1914 556 111 8 2 0 
1661895968.281377 21.0068359375 57.12685861070022 986.6755527600576 10 13 15 10 13 15 1725 507 81 6 2 0 
1661895973.414599 21.0017578125 56.94975282134071 986.6879935415516 10 13 15 10 13 15 1725 507 81 6 2 0 
1661895978.5496693 21.0017578125 56.93794543887538 986.6873436391937 10 13 15 10 13 15 1725 507 81 6 2 0 
1661895983.6845517 21.0017578125 56.91415189605359 986.7061970273983 9 13 16 9 13 16 1695 500 88 6 2 0 
1661895988.8164227 21.0017578125 57.050294100541954 986.7031530042844 9 13 16 9 13 16 1695 500 88 6 2 0 
1661895993.9482365 21.0119140625 56.902523044098366 986.6660965498427 9 13 16 9 13 16 1695 500 88 6 2 0 
1661895999.0819395 21.0068359375 57.02059625029911 986.7011438314272 9 13 17 9 13 17 1683 498 97 8 2 0 
1661896004.2132113 21.0017578125 57.05011390762788 986.6947310798435 9 13 17 9 13 17 1683 498 97 8 2 0 
1661896009.344607 21.0068359375 56.93794543887538 986.7048373893828 9 13 17 9 13 17 1683 498 97 8 2 0 
1661896014.4762304 21.0017578125 56.96138096941732 986.6913623105575 9 13 17 9 13 17 1641 493 92 10 2 0 
1661896019.6087248 21.0017578125 56.93776651519391 986.7253745042759 9 13 17 9 13 17 1641 493 92 10 2 0 
1661896024.7419357 20.9966796875 57.102883410811636 986.6900026990021 9 13 17 9 13 17 1641 493 92 10 2 0 
1661896029.8735702 20.9916015625 56.84348489486662 986.7206458065164 9 13 17 9 13 17 1641 493 97 10 2 0 
1661896035.0037973 20.9966796875 57.020236505879865 986.6785368622462 9 13 17 9 13 17 1641 493 97 10 2 0 
1661896040.1349235 20.9916015625 57.17980685289214 986.7273832416623 9 13 17 9 13 17 1641 493 97 10 2 0 
1661896045.2675405 20.9865234375 57.332736494599764 986.6886430048787 10 14 18 10 14 18 1734 517 95 10 2 0 
1661896050.3982043 20.9916015625 57.02613992322809 986.7082061597896 9 13 16 9 13 16 1581 482 90 6 2 0 
1661896055.5323179 20.9916015625 57.24455911924224 986.7220057595856 9 13 16 9 13 16 1623 499 90 6 2 0 
1661896060.6667912 20.9916015625 57.02041638346442 986.6936960771404 9 13 16 9 13 16 1623 499 90 6 2 0 
1661896065.8006687 20.9916015625 57.10270257937063 986.6940206034977 9 13 16 9 13 16 1623 499 90 6 2 0 
1661896070.9303043 20.9916015625 57.008609383113445 986.7058721704856 10 15 17 10 15 17 1773 537 99 6 2 0 
1661896076.0646894 20.9916015625 57.18534652105646 986.6738084809366 10 14 17 10 14 17 1773 537 99 6 2 0 
1661896081.197962 20.9865234375 57.13830289450106 986.6852742903876 10 14 17 10 14 17 1773 537 99 6 2 0 
1661896086.3318534 20.9814453125 57.02595996752735 986.6788615106314 10 14 17 10 14 17 1800 547 99 4 2 0 
1661896091.4656398 20.9865234375 57.08535414842237 986.7236901318958 10 14 17 10 14 17 1800 547 99 4 2 0 
1661896096.5978224 20.9916015625 57.13794041252069 986.7169526430755 10 14 17 10 14 17 1800 547 99 4 2 0 
1661896101.7317622 20.9814453125 57.19715263353081 986.6892920291955 10 16 16 10 16 16 1842 554 99 4 0 0 
1661896106.866236 20.9865234375 57.12631534027468 986.6839145409566 10 16 16 10 16 16 1842 554 99 4 0 0 
1661896111.999001 20.9916015625 56.849032919205975 986.7017932973279 10 16 16 10 16 16 1842 554 99 4 0 0 
1661896117.1334987 20.9966796875 56.9908988052822 986.6984245545988 11 17 17 11 17 17 1848 559 106 6 0 0 
1661896122.2664835 21.0068359375 57.16209717179653 986.6795716202625 11 17 17 11 17 17 1848 559 106 6 0 0 
1661896127.4005146 21.0068359375 56.88481170755804 986.6755527600576 11 17 17 11 17 17 1848 559 106 6 0 0 
1661896132.533441 21.0017578125 57.10360662907849 986.6462090781264 8 17 18 8 17 18 1563 482 112 18 0 0 
1661896137.6680748 21.0119140625 56.92023428787082 986.6762028522373 8 17 18 8 17 18 1563 482 112 18 0 0 
1661896142.8025136 21.0017578125 57.09107683379193 986.6745184683298 8 17 18 8 17 18 1563 482 112 18 0 0 
1661896147.9362583 21.0017578125 57.132761977245295 986.6694653170274 8 17 19 8 17 19 1605 489 116 18 0 0 
1661896153.0700457 21.0017578125 57.03794672700332 986.6563152941258 8 17 19 8 17 19 1605 489 116 18 0 0 
1661896158.2006695 21.0017578125 57.049753489550284 986.6873436391937 8 17 19 8 17 19 1605 489 116 18 0 0 
1661896163.3345766 21.0017578125 57.03812680668608 986.6478934472846 9 18 19 9 18 19 1647 500 119 20 0 0 
1661896168.468772 21.0017578125 57.008609383113445 986.6535963684614 9 18 19 9 18 19 1647 500 119 20 0 0 
1661896173.6002953 21.0017578125 56.9907192645327 986.6647371427182 9 18 19 9 18 19 1647 500 119 20 0 0 
1661896178.7341876 20.9916015625 56.902523044098366 986.7061970273983 9 18 20 9 18 20 1710 524 123 18 0 0 
1661896183.868117 20.9916015625 57.24437667115489 986.6448497383493 9 18 20 9 18 20 1710 524 123 18 0 0 
1661896189.002123 20.9916015625 57.055656855363154 986.6414810275005 9 18 20 9 18 20 1710 524 123 18 0 0 
1661896194.1361344 20.9916015625 57.12685861070022 986.6697902527142 9 18 18 9 18 18 1680 512 111 16 0 0 
1661896199.2691414 20.9865234375 56.86638775283848 986.6559902499696 9 18 18 9 18 18 1680 512 111 16 0 0 
1661896204.4030883 20.9814453125 57.06119948033213 986.6387621547656 9 18 18 9 18 18 1680 512 111 16 0 0 
1661896209.5369892 20.9865234375 56.97837401330308 986.6519120262105 9 16 17 9 16 17 1653 498 106 12 0 0 
1661896214.670901 20.9814453125 57.09071542961352 986.6350686075529 9 17 18 9 17 18 1848 534 111 12 0 0 
1661896219.804842 20.9814453125 57.196970713560916 986.6606584259457 9 17 18 9 17 18 1848 534 111 12 0 0 
1661896224.937494 20.9916015625 56.89018031031401 986.6485433419185 9 17 18 9 17 18 1848 534 111 12 0 0 
1661896230.0719476 20.9865234375 57.008070122309995 986.6522367817832 9 16 17 9 16 17 1827 534 107 8 0 0 
1661896235.2065544 20.9814453125 56.978553451566796 986.6549558725766 9 16 17 9 16 17 1827 534 107 8 0 0 
1661896240.3409944 20.9712890625 57.008070122309995 986.6606584259457 9 16 17 9 16 17 1827 534 107 8 0 0 
1661896245.4749236 20.9814453125 57.179261731468124 986.6673957425363 9 14 17 9 14 17 1755 513 98 11 2 2 
1661896250.6087022 20.9763671875 57.302856361124505 986.6687554518722 9 14 17 9 14 17 1755 513 98 11 2 2 
1661896255.7425294 20.9763671875 57.02560002387627 986.6427801557061 9 14 17 9 14 17 1755 513 98 11 2 2 
1661896260.876401 20.9712890625 57.125771973102076 986.6444644568613 9 13 16 9 13 16 1713 508 86 9 2 2 
1661896266.0191944 20.9763671875 57.09607619956904 986.6650004076114 9 13 16 9 13 16 1713 508 86 9 2 2 
1661896271.152645 20.9662109375 56.9957245315824 986.6798347972962 9 13 16 9 13 16 1713 508 86 9 2 2 
1661896276.2860682 20.9662109375 57.21413317225703 986.6299548715575 9 13 18 9 13 18 1692 501 89 11 4 2 
1661896281.4186227 20.9814453125 57.137577887541724 986.6811947944084 9 13 18 9 13 18 1692 501 89 11 4 2 
1661896286.5524664 20.9712890625 56.984277300696995 986.6663603782504 9 13 18 9 13 18 1692 501 89 11 4 2 
1661896291.6861594 20.9814453125 57.1966068413725 986.6899406145222 None None None None None None None None None None None None 
1661896296.8198698 20.9662109375 57.23220606459741 986.69972227783 10 16 16 10 16 16 1845 536 88 2 0 0 
1661896301.9537494 20.9712890625 57.16155265661595 986.6481575263933 11 16 17 11 16 17 1860 550 85 6 0 0 
1661896307.087237 20.9763671875 57.238108908817814 986.6637024234384 11 16 17 11 16 17 1860 550 85 6 0 0 
1661896312.2206542 20.9712890625 57.049573264386744 986.6572897680707 11 16 17 11 16 17 1860 550 85 6 0 0 
1661896317.3540897 20.9763671875 57.04348978708413 986.6741330602475 10 16 17 10 16 17 1833 540 92 4 0 0 
1661896322.487779 20.9865234375 57.04330960778626 986.6471837961263 10 16 17 10 16 17 1833 540 92 4 0 0 
1661896327.6203132 20.9814453125 56.960843325441715 986.6451746579069 10 16 17 10 16 17 1833 540 92 4 0 0 
1661896332.7532997 20.9763671875 57.05511594552779 986.6559300579455 10 16 17 10 16 17 1833 542 96 4 0 0 
1661896337.8857508 20.9712890625 57.0316832733858 986.630990049582 10 16 17 10 16 17 1833 542 96 4 0 0 
1661896343.018529 20.9763671875 57.05511594552779 986.6306653372418 10 16 17 10 16 17 1833 542 96 4 0 0 
1661896348.1523678 20.9357421875 57.16709249328367 986.6188751396396 10 14 16 10 14 16 1812 530 101 4 0 0 
1661896353.2858403 20.9763671875 57.13794041252069 986.6141470467862 10 14 16 10 14 16 1812 530 101 4 0 0 
1661896358.4197514 20.9763671875 57.1966068413725 986.5922511536224 10 14 16 10 14 16 1812 530 101 4 0 0 
1661896363.5536604 20.9865234375 56.925243962971635 986.6134972411893 10 14 16 10 14 16 1791 526 99 4 0 0 
1661896368.6865995 20.9916015625 57.049753489550284 986.6114878331989 10 14 16 10 14 16 1791 526 99 4 0 0 
1661896373.8203166 20.9916015625 56.996802341533254 986.6394716021944 None None None None None None None None None None None None 
1661896378.9537027 20.9916015625 56.955477371322424 986.6030661313997 9 14 14 9 14 14 1629 497 108 0 0 0 
1661896384.0877 20.9865234375 57.09107683379193 986.6212687682914 9 14 14 9 14 14 1629 497 108 0 0 0 
1661896389.2210312 20.9916015625 57.06728312880954 986.6111626424693 8 14 14 8 14 14 1593 483 101 2 0 0 
1661896394.3544648 20.9916015625 57.0084296402622 986.6091529743686 8 14 14 8 14 14 1593 483 101 2 0 0 
1661896399.4885416 20.9966796875 56.960843325441715 986.6044252266553 8 15 15 8 15 15 1593 483 101 2 0 0 
1661896404.6226041 20.9865234375 57.30395512327143 986.5996974511704 8 13 13 8 13 13 1572 468 103 2 0 0 
1661896409.7538455 20.9865234375 57.11450898043632 986.6283312420509 8 13 13 8 13 13 1572 468 103 2 0 0 
1661896414.8863533 20.9916015625 56.825417951122276 986.6195844138127 8 13 13 8 13 13 1572 468 103 2 0 0 
1661896420.019415 20.9916015625 57.22076473479751 986.6165408551191 8 14 14 8 14 14 1578 468 106 2 0 0 
1661896425.15218 20.9916015625 57.2386560832556 986.5895914121628 8 14 14 8 14 14 1578 468 106 2 0 0 
1661896430.2843642 20.9916015625 57.120231121229985 986.5949696479157 8 14 14 8 14 14 1578 468 106 2 0 0 
1661896435.4165978 20.9865234375 57.25618257749257 986.5996974511704 8 13 13 8 13 13 1536 454 97 2 0 0 
1661896440.548367 20.9814453125 56.97282944664395 986.6320248429377 8 13 13 8 13 13 1536 454 97 2 0 0 
1661896445.682463 20.9814453125 56.99053971303325 986.6118129141779 8 13 13 8 13 13 1536 454 97 2 0 0 
1661896450.816396 20.9814453125 57.21449747009807 986.6084442603651 8 13 13 8 13 13 1572 459 102 2 0 0 
1661896455.9500163 20.9712890625 56.9840977843154 986.6357182801218 None None None None None None None None None None None None 
1661896461.083234 20.9763671875 57.113966017437924 986.6202345499354 11 18 19 11 18 19 2082 608 106 6 0 0 
1661896466.2179422 20.9814453125 57.16709249328367 986.6006726495923 11 18 19 11 18 19 2082 608 106 6 0 0 
1661896471.3507767 20.9763671875 57.008070122309995 986.6050756068325 11 18 19 11 18 19 2082 608 106 6 0 0 
1661896476.4851835 20.9763671875 56.92506512027978 986.6171908259765 10 17 19 10 17 19 1938 575 97 10 2 0 
1661896481.6196811 20.9763671875 57.19678878284148 986.6074098476289 10 17 19 10 17 19 1938 575 97 10 2 0 
1661896486.7529306 20.9662109375 57.160826485880655 986.5908917826396 10 17 19 10 17 19 1938 575 97 10 2 0 
1661896491.8866215 20.9560546875 57.22593864279629 986.5962694167101 11 18 19 11 18 19 1995 596 88 12 2 0 
1661896497.02065 20.9611328125 57.09589538174257 986.5979536887871 11 18 19 11 18 19 1995 596 88 12 2 0 
1661896502.154981 20.9560546875 57.14311812660173 986.5814357610396 11 18 19 11 18 19 1995 596 88 12 2 0 
1661896507.2880118 20.9509765625 57.29068495320519 986.6249020515446 11 18 19 11 18 19 2052 613 81 10 2 0 
1661896512.4223359 20.9611328125 57.04276900539364 986.5929008727662 11 18 19 11 18 19 2052 613 81 10 2 0 
1661896517.5533895 20.9611328125 57.361147012002924 986.6063750502228 11 18 19 11 18 19 2052 613 81 10 2 0 
1661896522.6877515 20.9509765625 56.977476660734965 986.5932255677284 11 17 18 11 17 18 1917 576 76 8 2 0 
1661896527.821812 20.9560546875 56.942237828800764 986.5662774431966 11 17 18 11 17 18 1917 576 76 8 2 0 
1661896532.9567435 20.9408203125 57.23111182963268 986.5918659082047 11 17 18 11 17 18 1917 576 76 8 2 0 
1661896538.0904334 20.9560546875 57.078006055891784 986.594585144703 10 15 17 10 15 17 1791 532 85 8 2 2 
1661896543.2236118 20.9509765625 57.24309923355886 986.5767077086053 10 15 17 10 15 17 1791 532 85 8 2 2 
1661896548.3571305 20.9458984375 57.160463336015326 986.55410237177 10 16 17 10 16 17 1812 539 90 8 2 2 
1661896553.4891548 20.9458984375 56.98337961128944 986.5935501529547 10 16 17 10 16 17 1812 539 90 8 2 2 
1661896558.6187277 20.9408203125 57.05385344633494 986.5645931860087 10 16 17 10 16 17 1812 539 90 8 2 2 
1661896563.7498927 20.9408203125 57.05403383561197 986.5834446855047 10 16 17 10 16 17 1827 543 90 8 2 2 
1661896568.8819287 20.9408203125 57.207501966286955 986.5925147765753 10 16 17 10 16 17 1827 543 90 8 2 2 
1661896574.0139878 20.9560546875 57.242734154643465 986.6056642487498 10 16 17 10 16 17 1827 543 90 8 2 2 
1661896579.1458926 20.9458984375 57.266526315502986 986.6154453410787 10 17 19 10 17 19 1827 545 104 12 2 2 
1661896584.2740417 20.9408203125 57.319830758433156 986.5952343977748 10 17 19 10 17 19 1827 545 104 12 2 2 
1661896589.4058657 20.9509765625 57.21912464316847 986.5679617004546 10 17 19 10 17 19 1827 545 104 12 2 2 
1661896594.5394351 20.9458984375 57.21358664487413 986.5851289299046 10 18 18 10 18 18 1839 562 113 10 0 0 
1661896599.6735718 20.9458984375 57.06601983700827 986.5834446855047 10 18 18 10 18 18 1839 562 113 10 0 0 
1661896604.8061574 20.9560546875 57.019157014624945 986.5811109711684 10 18 18 10 18 18 1839 562 113 10 0 0 
1661896609.9372666 20.9611328125 57.007350957406686 986.5895323291023 10 18 18 10 18 18 1875 566 113 10 0 0 
1661896615.0715086 20.9509765625 56.99554485896582 986.5976289247612 10 18 18 10 18 18 1875 566 113 10 0 0 
1661896620.2021494 20.9509765625 57.1960609524683 986.5746987301869 11 16 18 11 16 18 2067 595 83 4 2 2 
1661896625.3322337 20.9712890625 57.20178153726398 986.6083838956564 11 17 19 11 17 19 2031 587 93 8 2 2 
1661896630.4645786 20.9611328125 57.27297727409929 986.5912166008992 11 17 20 11 17 20 2073 613 91 8 2 2 
1661896635.598301 20.9560546875 57.2842334193214 986.5999626016627 11 17 19 11 17 19 1983 585 87 8 2 2 
1661896640.7334077 20.9458984375 57.266709119013406 986.596918642665 10 17 19 10 17 19 1920 570 94 8 2 2 
1661896645.8651779 20.9509765625 57.131131269469286 986.5837692423474 11 17 19 11 17 19 1872 556 96 8 2 2 
1661896651.0000198 20.9560546875 57.23147661761884 986.5733392205759 11 19 23 11 19 23 2013 599 120 12 2 2 
1661896656.130309 20.9611328125 57.2200359126796 986.594585144703 11 19 23 11 19 23 1977 587 120 12 2 2 
1661896661.2642996 20.9509765625 57.23147661761884 986.5868131743746 11 18 22 11 18 22 1863 550 115 12 2 2 
1661896666.3935242 20.9509765625 57.1427553809025 986.5884974189145 9 17 18 9 17 18 1770 520 108 8 0 0 
1661896671.528287 20.9509765625 57.04240855004933 986.6117524137441 9 18 19 9 18 19 1791 536 127 8 0 0 
1661896676.6617105 20.9458984375 57.30212363803986 986.5965940845554 9 18 18 9 18 18 1806 532 122 4 0 0 
1661896681.7952914 20.9509765625 57.036866023159945 986.5767077086053 9 17 19 9 17 19 1791 523 124 6 2 0 
1661896686.925752 20.9662109375 57.07228376197734 986.5929008727662 9 17 19 9 17 19 1791 523 124 6 2 0 
1661896692.0555995 20.9611328125 57.1960609524683 986.6127874986324 9 17 19 9 17 19 1791 523 124 6 2 0 
1661896697.1886141 20.9611328125 57.06674178253635 986.5841546416383 8 17 19 8 17 19 1803 525 128 6 2 0 
1661896702.320318 20.9611328125 57.184437487306774 986.5541626375459 10 15 15 10 15 15 1740 514 76 4 0 0 
1661896707.45505 20.9662109375 57.19034021189917 986.5642682605534 10 15 15 10 15 15 1740 514 76 4 0 0 
1661896712.5862236 20.9662109375 57.07818668237713 986.580786071558 10 14 14 10 14 14 1740 512 73 2 0 0 
1661896717.7183702 20.9662109375 57.09589538174257 986.5376450805264 10 14 14 10 14 14 1740 512 73 2 0 0 
1661896722.8502657 20.9662109375 57.13721531956412 986.5686709742217 10 14 14 10 14 14 1740 512 73 2 0 0 
1661896727.9793353 20.9662109375 57.20804832384245 986.5457412869658 10 14 14 10 14 14 1710 507 78 2 0 0 
1661896733.111442 20.9611328125 57.296404373505126 986.5548125414213 10 14 14 10 14 14 1710 507 78 2 0 0 
1661896738.245205 20.9560546875 57.28459941972909 986.5696459577827 10 14 14 10 14 14 1710 507 78 2 0 0 
1661896743.3769028 20.9509765625 57.231294229000504 986.5979536887871 9 15 15 9 15 15 1710 514 85 2 0 0 
1661896748.5105596 20.9509765625 57.089811731046915 986.5524783672897 9 15 15 9 15 15 1710 514 85 2 0 0 
1661896753.6409466 20.9611328125 57.31429504773393 986.5524783672897 9 15 15 9 15 15 1710 514 85 2 0 0 
1661896758.770659 20.9611328125 57.19034021189917 986.5474255569418 9 16 16 9 16 16 1695 517 99 4 0 0 
1661896763.9024322 20.9560546875 57.14293675912694 986.5592154487343 9 16 16 9 16 16 1695 517 99 4 0 0 
1661896769.0380352 20.9611328125 57.24364677131101 986.6040412484706 9 16 16 9 16 16 1695 517 99 4 0 0 
1661896774.1699686 20.9611328125 57.320564289773586 986.567311794038 9 16 17 9 16 17 1653 503 108 6 0 0 
1661896779.301975 20.9560546875 57.11950683661736 986.6026817820879 9 16 17 9 16 17 1653 503 108 6 0 0 
1661896784.435539 20.9662109375 57.25526950224252 986.5905668546385 10 15 17 10 15 17 1731 521 83 8 0 0 
1661896789.5700135 20.9560546875 57.04867197732168 986.5507940971037 10 15 17 10 15 17 1731 521 83 8 0 0 
1661896794.7043893 20.9662109375 57.06674178253635 986.5349850274624 10 15 17 10 15 17 1731 521 83 8 0 0 
1661896799.835657 20.9662109375 57.28533129155197 986.546449715376 10 16 17 10 16 17 1809 547 81 6 0 0 
1661896804.9698787 20.9763671875 57.0195168880428 986.5559046336825 10 16 17 10 16 17 1809 547 81 6 0 0 
1661896810.1002648 20.9814453125 57.02005661754542 986.5390612549485 10 16 17 10 16 17 1809 547 81 6 0 0 
1661896815.2338777 20.9865234375 57.03186330720245 986.5228693726312 10 16 17 10 16 17 1854 555 79 6 0 0 
1661896820.366383 20.9814453125 57.025780001076754 986.5606320511814 10 16 17 10 16 17 1854 555 79 6 0 0 
1661896825.495269 20.9814453125 57.01379358307114 986.5360182711553 10 16 17 10 16 17 1854 555 79 6 0 0 
1661896830.6274128 20.9763671875 57.05511594552779 986.5393869189446 10 16 17 10 16 17 1797 532 75 10 0 0 
1661896835.7586782 20.9712890625 57.131856135977515 986.5282478414723 10 16 17 10 16 17 1797 532 75 10 0 0 
1661896840.8891659 20.9916015625 57.00216680877455 986.5168389230563 10 16 17 10 16 17 1797 532 75 10 0 0 
1661896846.0206418 20.9814453125 57.00216680877455 986.5137961999803 10 16 17 10 16 17 1833 551 75 10 0 0 
1661896851.1500201 20.9814453125 57.149746555181515 986.5174907133224 10 16 17 10 16 17 1833 551 75 10 0 0 
1661896856.2795925 20.9814453125 56.960664089283185 986.5356925800421 10 16 17 10 16 17 1833 551 75 10 0 0 
1661896861.411404 20.9763671875 57.09643780297276 986.5023318086718 10 18 18 10 18 18 1818 544 87 14 0 0 
1661896866.5443485 20.9814453125 57.067102690801605 986.5077105881157 10 16 16 10 16 16 1893 562 78 2 0 0 
1661896871.6782377 20.9865234375 57.01397342553884 986.5437885347607 10 16 16 10 16 16 1893 562 78 2 0 0 
1661896876.8090656 20.9763671875 57.07890908082076 986.5040161311305 10 16 16 10 16 16 1893 562 78 2 0 0 
1661896881.9419305 20.9865234375 57.0908961370776 986.4932580275241 10 16 16 10 16 16 1857 545 81 2 0 0 
1661896887.0735314 20.9865234375 56.96120176550878 986.5266190469315 10 16 16 10 16 16 1857 545 81 2 0 0 
1661896892.2072227 20.9966796875 57.22684998036111 986.5124377444752 10 16 16 10 16 16 1857 545 81 2 0 0 
1661896897.340111 20.9916015625 57.17354036735477 986.5586219784242 9 15 15 9 15 15 1743 508 76 2 0 0 
1661896902.4730673 20.9865234375 56.843129192645655 986.5370511301537 9 15 15 9 15 15 1743 508 76 2 0 0 
1661896907.6072948 20.9814453125 56.81915897710353 986.5057004536594 9 15 15 9 15 15 1743 508 76 2 0 0 
1661896912.7417073 20.9814453125 57.15564961105203 986.4928776334096 9 16 16 9 16 16 1737 511 86 4 0 0 
1661896917.876001 20.9916015625 57.15564961105203 986.4949423767497 9 16 16 9 16 16 1737 511 86 4 0 0 
1661896923.0095918 20.9814453125 57.06746355606769 986.5124377444752 9 16 16 9 16 16 1737 511 86 4 0 0 
1661896928.143135 20.9814453125 57.06101909893901 986.5137961999803 9 16 16 9 16 16 1716 513 86 4 0 0 
1661896933.2771788 20.9865234375 57.11432800351989 986.5020058463883 9 16 16 9 16 16 1716 513 86 4 0 0 
1661896938.4115562 20.9814453125 56.996263484932506 986.4935841673525 9 16 16 9 16 16 1716 513 86 4 0 0 
1661896943.5458527 20.9814453125 57.1025217371799 986.5087431908777 None None None None None None None None None None None None 
1661896948.6801438 20.9763671875 56.925422794913416 986.4972788417156 11 18 18 11 18 18 1893 562 116 10 0 0 
1661896953.8149617 20.9865234375 57.16727409795327 986.480435623081 11 18 18 11 18 18 1887 562 120 10 0 0 
1661896958.948837 20.9865234375 56.960664089283185 986.5134702228543 11 18 18 11 18 18 1887 562 120 10 0 0 
1661896964.0822182 20.9712890625 56.925422794913416 986.496246223323 11 18 18 11 18 18 1887 562 120 10 0 0 
1661896969.216424 20.9814453125 57.184801133055345 986.5427555670141 11 18 18 11 18 18 1872 555 118 10 0 0 
1661896974.349873 20.9814453125 57.01415325725666 986.5023318086718 11 18 18 11 18 18 1872 555 118 10 0 0 
1661896979.4841151 20.9814453125 57.191067729836575 986.5292809764173 11 18 18 11 18 18 1872 555 118 10 0 0 
1661896984.6172395 20.9763671875 57.20859458465223 986.5360182711553 10 17 17 10 17 17 1809 539 106 8 0 0 
1661896989.750773 20.9763671875 56.978553451566796 986.4773930361047 10 17 17 10 17 17 1809 539 106 8 0 0 
1661896994.8847601 20.9763671875 57.13775915540604 986.5292809764173 10 17 17 10 17 17 1809 539 106 8 0 0 
1661897000.0185628 20.9712890625 57.11432800351989 986.5329752321268 10 16 16 10 16 16 1782 532 97 6 0 0 
1661897005.1529226 20.9763671875 56.89000189334762 986.5262379921828 10 16 16 10 16 16 1782 532 97 6 0 0 
1661897010.287223 20.9763671875 57.244194212318085 986.5057004536594 10 16 16 10 16 16 1782 532 97 6 0 0 
1661897015.420746 20.9763671875 57.267805714338344 986.5012991087184 10 16 16 10 16 16 1746 517 92 6 0 0 
1661897020.555036 20.9814453125 57.007890347209035 986.4945619283313 10 16 16 10 16 16 1746 517 92 6 0 0 
1661897025.6893537 20.9814453125 57.17281370073415 986.5107534216662 10 16 21 10 16 21 1701 517 118 16 8 2 
1661897030.8232634 20.9763671875 57.208412508465166 986.514122067354 10 16 21 10 16 21 1701 517 118 16 8 2 
1661897035.9566376 20.9712890625 57.01361372985354 986.5097205857779 10 16 21 10 16 21 1701 517 118 16 8 2 
1661897041.0909405 20.9814453125 57.22684998036111 986.4966267260454 10 16 22 10 16 22 1737 529 109 16 8 2 
1661897046.2239316 20.9966796875 56.97909170185817 986.4898893292831 10 16 22 10 16 22 1737 529 109 16 8 2 
1661897051.3567822 20.9865234375 57.044030260478685 986.4632661373221 10 16 22 10 16 22 1737 529 109 16 8 2 
1661897056.4896548 20.9916015625 57.03204333026924 986.4912474152261 10 17 22 10 17 22 1824 557 113 16 8 2 
1661897061.623843 20.9865234375 57.05601740817101 986.4780988876457 10 17 22 10 17 22 1824 557 113 16 8 2 
1661897066.7579393 20.9763671875 56.93740863558084 986.4753826588563 10 17 22 10 17 22 1824 557 113 16 8 2 
1661897071.8920465 20.9814453125 57.143843489004404 986.450117847189 10 16 22 10 16 22 1788 545 106 16 8 4 
1661897077.02584 20.9916015625 57.14402480273097 986.5016797743525 10 16 23 10 16 23 1788 545 106 16 8 4 
1661897082.1596143 20.9865234375 56.866565900316594 986.4922258753899 10 16 23 10 16 23 1788 545 106 16 8 4 
1661897087.293323 20.9814453125 56.978553451566796 986.4716878100542 10 16 21 10 16 21 1794 538 106 14 6 4 
1661897092.426806 20.9916015625 57.06119948033213 986.4945619283313 10 16 21 10 16 21 1794 538 106 14 6 4 
1661897097.5605261 20.9814453125 57.01987671846109 986.4558231628529 10 16 21 10 16 21 1794 538 106 14 6 4 
1661897102.6935942 20.9712890625 56.942595972153484 986.4911933385581 10 16 19 10 16 19 1794 542 104 10 4 2 
1661897107.8268135 20.9814453125 56.91916179719254 986.4908675008635 10 17 17 10 17 17 1656 508 91 15 0 0 
1661897112.9610412 20.9712890625 57.11414701585375 986.495594519537 9 16 16 9 16 16 1599 482 82 13 0 0 
1661897118.0904496 20.9814453125 56.996263484932506 986.4871729096943 9 16 16 9 16 16 1599 482 82 13 0 0 
1661897123.224236 20.9865234375 57.11450898043632 986.5174907133224 9 16 16 9 16 16 1599 482 82 13 0 0 
1661897128.357872 21.0017578125 57.03204333026924 986.4730458422803 9 16 16 9 16 16 1599 475 86 13 0 0 
1661897133.4915516 20.9865234375 57.13239967298716 986.4845099650703 9 16 16 9 16 16 1599 475 86 13 0 0 
1661897138.6252818 20.9916015625 57.10306423150292 986.4679927975453 9 16 16 9 16 16 1599 475 86 13 0 0 
1661897143.7585251 21.0017578125 57.19751644122201 986.454844466341 9 15 15 9 15 15 1614 482 84 6 0 0 
1661897148.8920376 21.0017578125 57.097522355190314 986.4589179064537 9 15 15 9 15 15 1614 482 84 6 0 0 
1661897154.025715 21.0068359375 56.896797716896515 986.4973321194101 9 15 15 9 15 15 1614 482 84 6 0 0 
1661897159.1591136 21.0017578125 56.796253633338154 986.4686974982329 9 15 15 9 15 15 1608 470 84 6 0 0 
1661897164.293415 21.0017578125 57.00288553221133 986.450169224729 9 15 15 9 15 15 1608 470 84 6 0 0 
1661897169.4270205 21.0068359375 57.067824378334635 986.4956477293688 9 15 15 9 15 15 1608 470 84 6 0 0 
1661897174.5614066 21.0068359375 56.93812435180681 986.4599487182018 9 14 14 9 14 14 1644 472 84 6 0 0 
1661897179.695316 21.0119140625 57.09734162336171 986.4353366646233 9 14 14 9 14 14 1644 472 84 6 0 0 
1661897184.8293908 21.0068359375 56.90860537840978 986.4538647820486 9 14 14 9 14 14 1644 472 84 6 0 0 
1661897189.9621525 21.0017578125 57.07336689095936 986.4690241571552 12 20 20 12 20 20 2154 638 137 10 0 0 
1661897195.0960538 21.0017578125 57.00252619199277 986.4424009269866 11 19 19 11 19 19 2034 600 135 10 0 0 
1661897200.2299495 20.9966796875 57.150472015035255 986.4393588892874 11 20 20 11 20 20 2040 603 133 10 0 0 
1661897205.364006 21.0017578125 57.008609383113445 986.4686974982329 12 22 22 12 22 22 2088 624 152 10 0 0 
1661897210.4985452 20.9916015625 56.91415189605359 986.4289260440455 12 22 22 12 22 22 2124 638 152 10 0 0 
1661897215.63244 20.9966796875 57.09107683379193 986.4366432874101 11 22 22 11 22 22 2124 631 147 10 0 0 
1661897220.7657292 20.9763671875 56.86084034140541 986.4181157750332 11 21 21 11 21 21 2004 600 140 8 0 0 
1661897225.8996253 20.9814453125 56.96120176550878 986.4312637969094 11 21 21 11 21 21 1983 595 149 8 0 0 
1661897231.032466 20.9916015625 56.93740863558084 986.4646241014053 11 23 23 11 23 23 2082 633 160 8 0 0 
1661897236.1671453 20.9865234375 56.98445680632863 986.4295794639041 9 19 19 9 19 19 1848 557 139 6 0 0 
1661897241.3010886 20.9865234375 57.102883410811636 986.4444119304503 9 22 22 9 22 22 1878 567 146 8 0 0 
1661897246.4338882 20.9814453125 57.03186330720245 986.4801094845374 9 21 21 9 21 21 1863 563 137 8 0 0 
1661897251.5681698 20.9865234375 57.01379358307114 986.460223769965 9 19 19 9 19 19 1842 546 144 8 0 0 
1661897256.7026176 20.9865234375 56.931505130996406 986.4383276071374 9 19 19 9 19 19 1842 546 144 8 0 0 
1661897261.8365161 20.9865234375 57.16173417242575 986.4346324631307 8 19 19 8 19 19 1716 508 139 10 0 0 
1661897266.9704387 20.9814453125 57.05529625955606 986.4669610532162 8 19 19 8 19 19 1716 508 139 10 0 0 
1661897272.1002545 20.9814453125 56.91379455540209 986.4369696687226 11 18 20 11 18 20 1920 581 102 6 2 2 
1661897277.2341738 20.9814453125 57.05529625955606 986.4514757984388 11 18 20 11 18 20 1920 581 102 6 2 2 
1661897282.3682292 20.9814453125 57.09661858855001 986.4066521696611 11 18 20 11 18 20 1920 581 102 6 2 2 
1661897287.5018268 20.9916015625 57.09071542961352 986.4177891348266 11 19 20 11 19 20 1989 600 111 6 2 2 
1661897292.6357255 20.9763671875 57.01969680862689 986.4460962776446 11 19 20 11 19 20 1989 600 111 6 2 2 
1661897297.7681768 20.9814453125 57.126496441166196 986.4545180146671 11 19 20 11 19 20 1989 600 111 6 2 2 
1661897302.9013803 20.9916015625 56.89644082347164 986.4437585351294 11 19 21 11 19 21 2067 621 118 6 2 2 
1661897308.0341537 20.9916015625 56.919698090907026 986.4427275833259 11 19 21 11 19 21 2067 621 118 6 2 2 
1661897313.168184 20.9916015625 57.12041216550892 986.4191467309398 11 19 21 11 19 21 2067 621 118 6 2 2 
1661897318.3012471 20.9966796875 57.24437667115489 986.4424009269866 11 18 20 11 18 20 1983 595 111 6 2 2 
1661897323.4351926 20.9966796875 56.83132170860381 986.4626132598033 11 18 20 11 18 20 1983 595 111 6 2 2 
1661897328.5737207 20.9966796875 57.15601249720033 986.434305848755 11 18 20 11 18 20 1983 595 111 6 2 2 
1661897333.7074776 20.9916015625 57.06156021086896 986.4208310770837 10 18 19 10 18 19 1998 597 107 6 2 2 
1661897338.841303 20.9865234375 56.94921561382921 986.4292528088529 10 18 19 10 18 19 1998 597 107 6 2 2 
1661897343.9744596 20.9916015625 56.91379455540209 986.4275684623589 10 18 19 10 18 19 1998 597 107 6 2 2 
1661897349.1096022 20.9865234375 57.049573264386744 986.4528336671225 10 17 19 10 17 19 2004 585 102 4 2 2 
1661897354.2444403 20.9916015625 57.24437667115489 986.4248530512808 10 21 22 10 21 22 1986 612 136 15 0 0 
1661897359.3796504 20.9916015625 57.13258083049106 986.4444119304503 10 21 22 10 21 22 1986 612 136 15 0 0 
1661897364.5140533 20.9966796875 57.0084296402622 986.4053450096856 10 21 22 10 21 22 1986 612 136 15 0 0 
1661897369.6492603 20.9865234375 57.13221850473361 986.4241997695813 10 21 21 10 21 21 1965 589 125 19 0 0 
1661897374.7846293 20.9966796875 56.955119087493145 986.3854598227746 10 21 21 10 21 21 1965 589 125 19 0 0 
1661897379.9198766 20.9916015625 57.03204333026924 986.4107250012721 10 21 21 10 21 21 1965 589 125 19 0 0 
1661897385.0560238 20.9814453125 57.084812260370434 986.4228421325824 10 21 21 10 21 21 1998 596 125 21 0 0 
1661897390.1911705 20.9865234375 57.02595996752735 986.4059988091814 10 21 21 10 21 21 1998 596 125 21 0 0 
1661897395.3263245 20.9814453125 57.025780001076754 986.4130628185833 10 21 21 10 21 21 1998 596 125 21 0 0 
1661897400.461133 20.9916015625 57.15564961105203 986.4157780388626 10 21 22 10 21 22 1968 591 132 21 0 0 
1661897405.5963845 20.9814453125 57.008249886661055 986.401599255357 10 21 22 10 21 22 1968 591 132 21 0 0 
1661897410.7323153 20.9712890625 57.22040034523755 986.421484413017 10 21 22 10 21 22 1968 591 132 21 0 0 
1661897415.8669262 20.9712890625 57.16118959274753 986.450117847189 9 21 21 9 21 21 1869 560 132 19 0 0 
1661897421.0023992 20.9509765625 56.99554485896582 986.4211055030947 9 21 21 9 21 21 1869 560 132 19 0 0 
1661897426.134358 20.9611328125 57.21985368027638 986.3860623212552 9 21 21 9 21 21 1869 560 132 19 0 0 
