timestamp temperature humidity pressure pm10_standard pm25_standard pm100_standard pm10_env pm25_env pm100_env particles_03um particles_05um particles_10um particles_25um particles_50um particles_100um
1660393259.5217335 20.6357421875 51.19852851492726 986.7488711609611 2 2 2 2 2 2 396 113 14 0 0 0 
1660393264.652005 20.6458984375 51.13955190406312 986.7906405271975 2 3 3 2 3 3 447 127 21 4 0 0 
1660393269.7862546 20.6509765625 51.01545783613593 986.7667553429382 2 3 3 2 3 3 447 127 21 4 0 0 
1660393274.9201088 20.6357421875 51.11568875608316 986.7323590052101 2 3 3 2 3 3 447 127 21 4 0 0 
1660393280.054301 20.6306640625 51.03284886232518 986.7727608199611 2 3 3 2 3 3 453 127 23 4 0 0 
1660393285.1883347 20.6255859375 51.2692052579222 986.7609769531626 1 1 1 1 1 1 306 82 8 0 0 0 
1660393290.3222497 20.6255859375 51.2807922628757 986.7515095132319 1 1 1 1 1 1 348 92 8 0 0 0 
1660393295.4550867 20.5748046875 51.1264856678627 986.7925426213058 1 1 1 1 1 1 348 92 8 0 0 0 
1660393300.5868208 20.5951171875 51.22704180824577 986.7469884661275 1 1 1 1 1 1 348 92 8 0 0 0 
1660393305.7206955 20.5697265625 51.16761630136726 986.7691866516813 1 2 2 1 2 2 363 101 10 0 0 0 
1660393310.850283 20.5798828125 51.16148019919691 986.7944357686337 1 2 2 1 2 2 363 101 10 0 0 0 
1660393315.9807858 20.5849609375 51.1264856678627 986.7631900174486 1 2 2 1 2 2 363 101 10 0 0 0 
1660393321.1144087 20.6052734375 51.26874499038199 986.7487753803921 1 2 2 1 2 2 342 101 10 0 0 0 
1660393326.2488759 20.6103515625 51.28044660822033 986.7706589949372 1 2 2 1 2 2 342 101 10 0 0 0 
1660393331.3802729 20.6103515625 51.03797084639516 986.7544575551894 1 2 2 1 2 2 342 101 10 0 0 0 
1660393336.5138419 20.6154296875 51.132848293709344 986.7619260666775 1 2 2 1 2 2 342 101 8 0 0 0 
1660393341.6444328 20.6205078125 51.168186186012086 986.7403586087149 1 2 2 1 2 2 342 101 8 0 0 0 
1660393346.7764807 20.5900390625 51.22692715533816 986.7463568769525 1 2 2 1 2 2 342 101 8 0 0 0 
1660393351.9068162 20.6255859375 51.10353118307773 986.7531928950308 1 2 2 1 2 2 336 96 10 0 0 0 
1660393357.0400383 20.6306640625 51.150915419435194 986.743092605286 1 2 2 1 2 2 336 96 10 0 0 0 
1660393362.165862 20.6306640625 51.222049795198885 986.7697104134829 1 2 2 1 2 2 336 96 10 0 0 0 
1660393367.2977242 20.6255859375 50.9910372416897 986.7683433343703 2 3 4 2 3 4 444 135 19 2 2 0 
1660393372.4304874 20.6052734375 51.11489555308659 986.7413069361679 2 3 4 2 3 4 444 135 19 2 2 0 
1660393377.5596094 20.6001953125 51.22124807471354 986.7679241782795 2 3 4 2 3 4 492 142 19 2 2 0 
1660393382.6902678 20.5849609375 51.13830246777744 986.7433061261708 2 3 4 2 3 4 492 142 19 2 2 0 
1660393387.8180134 20.5900390625 51.345089804400025 986.7537216130321 2 3 4 2 3 4 492 142 19 2 2 0 
1660393392.9459176 20.5951171875 51.2328353855332 986.764873331883 2 4 5 2 4 5 504 144 21 4 2 0 
1660393398.0794094 20.5849609375 51.30929457951529 986.7399395263045 2 4 5 2 4 5 504 144 21 4 2 0 
1660393403.2115517 20.6052734375 50.99672217475488 986.7827583643791 2 4 5 2 4 5 504 144 21 4 2 0 
1660393408.3446465 20.6052734375 51.30396439788762 986.7443575908101 2 4 5 2 4 5 540 156 19 4 2 0 
1660393413.4768806 20.6154296875 51.12103093241159 986.7487753803921 2 4 5 2 4 5 540 156 19 4 2 0 
1660393418.6069837 20.6458984375 51.287046566617015 986.7387758716467 2 4 5 2 4 5 540 156 19 4 2 0 
1660393423.7410893 20.6458984375 51.24591463578127 986.7314026072112 2 4 5 2 4 5 534 154 19 4 2 0 
1660393428.8745763 20.6662109375 51.15750669348656 986.7630714112665 2 4 5 2 4 5 534 154 19 4 2 0 
1660393434.0059688 20.6662109375 51.05125123445495 986.710566101405 2 4 5 2 4 5 534 154 19 4 2 0 
1660393439.1374607 20.6408203125 51.15125648352145 986.7435039052563 2 3 5 2 3 5 507 144 17 4 2 0 
1660393444.270766 20.6205078125 51.00921231720015 986.7498261315027 2 3 5 2 3 5 507 144 17 4 2 0 
1660393449.4047022 20.6255859375 51.09182648202054 986.7458262723162 2 3 3 2 3 3 471 135 24 0 0 0 
1660393454.5337625 20.6255859375 51.11534887651879 986.7403586087149 2 3 3 2 3 3 471 135 24 0 0 0 
1660393459.6689742 20.6154296875 51.23352354712 986.770026716869 2 2 2 2 2 2 429 123 20 0 0 0 
1660393464.800282 20.6154296875 51.174094721890214 986.7518258561753 2 2 2 2 2 2 429 123 20 0 0 0 
1660393469.932397 20.6103515625 51.25692810240449 986.7319418387871 2 2 2 2 2 2 429 123 20 0 0 0 
1660393475.0614817 20.6052734375 51.055922049354145 986.7255247648272 2 2 2 2 2 2 438 121 20 0 0 0 
1660393480.1954176 20.6052734375 51.02035717967236 986.7295237434523 2 2 2 2 2 2 438 121 20 0 0 0 
1660393485.3261383 20.6052734375 51.06751387868251 986.737940309328 2 2 2 2 2 2 438 121 20 0 0 0 
1660393490.4581645 20.6052734375 51.29226327869254 986.731523027863 2 3 3 2 3 3 444 123 20 0 0 0 
1660393495.5921285 20.5900390625 51.10273870048168 986.6968059369815 2 3 3 2 3 3 444 123 20 0 0 0 
1660393500.7263277 20.5900390625 51.2564682034271 986.728788097295 2 3 3 2 3 3 444 123 20 0 0 0 
1660393505.8589551 20.5900390625 51.143983406951776 986.7517226270606 2 3 3 2 3 3 453 128 22 0 0 0 
1660393510.9932234 20.5900390625 51.138075157627526 986.6934393952596 2 3 3 2 3 3 453 128 22 0 0 0 
1660393516.122793 20.5849609375 51.120350347925836 986.6968059369815 2 3 3 2 3 3 453 128 22 0 0 0 
1660393521.2568936 20.6001953125 51.14443825460088 986.7241576696068 1 3 3 1 3 3 375 112 26 0 0 0 
1660393526.3862147 20.6205078125 51.109326787830845 986.7077416110135 1 3 3 1 3 3 375 112 26 0 0 0 
1660393531.5219355 20.6306640625 51.150915419435194 986.742142715677 1 2 2 1 2 2 375 115 14 0 0 0 
1660393536.6550946 20.6357421875 51.121257707804254 986.6986908570354 1 2 2 1 2 2 375 115 14 0 0 0 
1660393541.7896883 20.6408203125 51.13341582747768 986.7135190107931 1 2 2 1 2 2 375 115 14 0 0 0 
1660393546.9177 20.6458984375 51.12762022083485 986.7118411294784 1 2 2 1 2 2 354 108 12 0 0 0 
1660393552.051998 20.6306640625 51.150915419435194 986.7286753412345 1 2 2 1 2 2 354 108 12 0 0 0 
1660393557.1854572 20.6357421875 51.21602650443972 986.6889074817315 1 2 2 1 2 2 354 108 12 0 0 0 
1660393562.3179228 20.6560546875 51.09250445726412 986.7162514442026 1 2 2 1 2 2 342 101 12 0 0 0 
1660393567.4518726 20.6611328125 51.039319883193144 986.7078341338689 1 2 2 1 2 2 342 101 12 0 0 0 
1660393572.5858529 20.6763671875 50.868383188020864 986.6978281378861 1 2 2 1 2 2 342 101 12 0 0 0 
1660393577.719941 20.6814453125 51.181485445891155 986.7062457853986 1 1 1 1 1 1 300 92 8 0 0 0 
1660393582.8537214 20.6814453125 51.140119399136516 986.7119319615658 1 1 1 1 1 1 300 92 8 0 0 0 
1660393587.9866393 20.6662109375 50.81486338282178 986.6886807484204 1 1 1 1 1 1 300 92 8 0 0 0 
1660393593.120652 20.6611328125 50.968071140922085 986.7358184464657 1 1 1 1 1 1 294 87 13 0 0 0 
1660393598.2540472 20.6408203125 51.23386748261894 986.7219361866061 1 1 1 1 1 1 294 87 13 0 0 0 
1660393603.3866365 20.6306640625 51.20420889047016 986.7340424133538 1 1 1 1 1 1 294 87 13 0 0 0 
1660393608.520572 20.6357421875 51.086030486861354 986.6818567934424 1 2 2 1 2 2 285 87 13 0 0 0 
1660393613.6544259 20.6255859375 51.151029118226695 986.7091081995574 2 3 3 2 3 3 453 131 16 2 0 0 
1660393618.7875524 20.6662109375 50.956698069852614 986.703832145381 2 3 3 2 3 3 444 126 14 2 0 0 
1660393623.921776 20.6865234375 51.122164378862145 986.6843599055048 2 3 3 2 3 3 444 126 14 2 0 0 
1660393629.0555031 20.7119140625 50.827785956293276 986.6891836541331 2 3 3 2 3 3 444 126 14 2 0 0 
1660393634.1873999 20.7169921875 50.81005422914039 986.6807656030521 2 3 3 2 3 3 438 124 18 2 0 0 
1660393639.3186007 20.72734375 50.946328518455445 986.6713904837577 2 3 3 2 3 3 438 124 18 2 0 0 
1660393644.4477868 20.7375 50.95814961229592 986.6862242193195 2 3 3 2 3 3 438 124 18 2 0 0 
1660393649.5814903 20.74765625 50.85821940850665 986.6808539551442 2 3 3 2 3 3 438 124 18 2 0 0 
1660393654.7153115 20.7578125 50.77546370367552 986.6812595076705 2 3 3 2 3 3 438 124 18 2 0 0 
1660393659.8476322 20.778125 50.93539493611186 986.6856710654163 2 3 3 2 3 3 438 124 18 2 0 0 
1660393664.9804032 20.778125 50.67540366756273 986.7069202199017 2 3 3 2 3 3 474 136 27 2 0 0 
1660393670.115372 20.762890625 50.87606276311315 986.6644221891897 2 3 3 2 3 3 474 136 27 2 0 0 
1660393675.2462883 20.752734375 50.81662262463016 986.6745245794384 2 3 3 2 3 3 474 136 27 2 0 0 
1660393680.3785021 20.732421875 50.95837210591196 986.6734802650955 2 3 3 2 3 3 501 143 27 2 0 0 
1660393685.5123658 20.7220703125 50.86324913265288 986.6730741341561 2 3 3 2 3 3 501 143 27 2 0 0 
1660393690.6470397 20.7068359375 50.92235360304134 986.6706639440645 2 3 3 2 3 3 501 143 27 2 0 0 
1660393695.7797105 20.7119140625 50.91031127181105 986.7043361504876 1 2 2 1 2 2 420 115 17 0 0 0 
1660393700.9095438 20.6916015625 50.87484940090358 986.6901393308588 1 2 2 1 2 2 420 115 17 0 0 0 
1660393706.0421839 20.7017578125 50.86871843704476 986.6918229006131 1 2 2 1 2 2 393 113 19 0 0 0 
1660393711.17176 20.6865234375 50.768134072832474 986.6547843821834 1 2 2 1 2 2 393 113 19 0 0 0 
1660393716.3031642 20.7017578125 51.05761514954941 986.6402696539877 1 2 2 1 2 2 393 113 19 0 0 0 
1660393721.4371562 20.6916015625 51.09898316960164 986.6753056679283 1 2 2 1 2 2 387 106 19 0 0 0 
1660393726.5721395 20.6712890625 51.06943463531448 986.6644757931374 1 2 2 1 2 2 387 106 19 0 0 0 
1660393731.7003324 20.6763671875 50.96260771982975 986.6748949174922 1 2 2 1 2 2 387 106 19 0 0 0 
1660393736.8349671 20.6560546875 51.04522932147893 986.6906819323641 1 2 2 1 2 2 408 113 21 0 0 0 
1660393741.9699457 20.6814453125 51.0453417388568 986.6762603954485 1 2 2 1 2 2 408 113 21 0 0 0 
1660393747.100269 20.6560546875 50.92703860034111 986.7051979510335 1 2 2 1 2 2 408 113 21 0 0 0 
1660393752.2330883 20.6662109375 51.01010854034499 986.6550109976882 1 2 3 1 2 3 387 111 21 2 2 0 
1660393757.3623936 20.6966796875 51.099096141179366 986.6884557611745 1 2 3 1 2 3 387 111 21 2 2 0 
1660393762.4976783 20.6966796875 50.999076107056304 986.6665693616465 1 2 3 1 2 3 387 111 21 2 2 0 
1660393767.6288278 20.7017578125 50.85689798091711 986.6783543445381 1 2 3 1 2 3 360 109 14 2 2 0 
1660393772.7634146 20.6966796875 51.028514831773386 986.644364158599 1 2 3 1 2 3 360 109 14 2 2 0 
1660393777.8940682 20.7169921875 50.93428538763316 986.7219000261514 2 2 3 2 2 3 426 113 14 2 0 0 
1660393783.0264587 20.7375 50.90506500942956 986.6875886672964 2 2 3 2 2 3 426 113 14 2 0 0 
1660393788.1602206 20.74765625 50.86391018753791 986.6583269253325 2 2 3 2 2 3 426 113 14 2 0 0 
1660393793.2943764 20.762890625 50.597801968856864 986.6835824947535 2 2 3 2 2 3 420 118 14 2 0 0 
1660393798.4283752 20.74765625 51.05885203951341 986.6569629011614 2 2 3 2 2 3 420 118 14 2 0 0 
1660393803.5623293 20.7375 50.9229078895466 986.6794895616769 2 2 3 2 2 3 420 118 14 2 0 0 
1660393808.6956255 20.74765625 50.92859680048214 986.6966452470813 2 2 3 2 2 3 426 118 10 2 0 0 
1660393813.827014 20.72734375 50.68001873241928 986.7138005587158 2 2 3 2 2 3 426 118 10 2 0 0 
1660393818.9603114 20.7169921875 50.90440098572771 986.6834950760526 2 2 3 2 2 3 426 118 10 2 0 0 
1660393824.0903375 20.7169921875 51.081817816130204 986.6787631335709 1 2 2 1 2 2 372 102 10 2 0 0 
1660393829.2253234 20.7169921875 51.02294086831094 986.6989666209524 1 2 2 1 2 2 372 102 10 2 0 0 
1660393834.360282 20.7220703125 50.86915962601609 986.6969641766591 1 2 2 1 2 2 372 102 10 2 0 0 
1660393839.4949434 20.7119140625 50.95168298616715 986.679081993046 1 1 2 1 1 2 378 104 10 2 0 0 
1660393844.6293924 20.7119140625 50.863028694917105 986.6740311634471 1 1 2 1 1 2 378 104 10 2 0 0 
1660393849.7554185 20.7068359375 51.02840270372741 986.6615186557425 1 1 2 1 1 2 378 104 10 2 0 0 
1660393854.8885174 20.6966796875 51.09329928051804 986.6810843393569 1 1 1 1 1 1 321 97 8 0 0 0 
1660393860.0192783 20.7017578125 50.93941802746393 986.6598350872478 0 1 1 0 1 1 417 120 26 0 0 0 
1660393865.1523602 20.7017578125 50.863028694917105 986.6766707753438 1 2 2 1 2 2 459 137 30 0 0 0 
1660393870.284289 20.7119140625 50.91622154760055 986.6898208815588 2 3 3 2 3 3 459 137 30 0 0 0 
1660393875.41594 20.6966796875 50.88053885199898 986.7083403018346 2 3 3 2 3 3 459 137 30 0 0 0 
1660393880.547359 20.7017578125 51.09329928051804 986.6463665418094 2 3 3 2 3 3 465 139 30 0 0 0 
1660393885.6772249 20.7068359375 50.933730209771745 986.6379487031846 2 3 3 2 3 3 465 139 30 0 0 0 
1660393890.8043525 20.7068359375 51.058065078399565 986.6922321240388 2 3 3 2 3 3 465 139 30 0 0 0 
1660393895.9376307 20.7068359375 51.010560699048874 986.6628835580913 1 2 2 1 2 2 417 123 25 0 0 0 
1660393901.0693178 20.6916015625 50.78597437950913 986.6429994061494 1 2 2 1 2 2 417 123 25 0 0 0 
1660393906.2044706 20.7068359375 50.880759738456064 986.6726663578119 1 2 2 1 2 2 417 123 25 0 0 0 
1660393911.3405373 20.7220703125 50.78652110590071 986.6568760336128 2 3 3 2 3 3 447 133 34 0 0 0 
1660393916.4704595 20.742578125 50.875621691179035 986.6589661483828 2 3 3 2 3 3 447 133 34 0 0 0 
1660393921.6002703 20.742578125 50.92848587557186 986.6572824714295 2 3 3 2 3 3 447 133 34 0 0 0 
1660393926.7346628 20.74765625 50.828334833900506 986.6701128557693 1 3 3 1 3 3 420 128 34 0 0 0 
1660393931.8688543 20.7578125 50.970416149997405 986.6378025424735 1 3 3 1 3 3 420 128 34 0 0 0 
1660393937.0028214 20.76796875 50.6870108031961 986.6691534836614 1 3 3 1 3 3 420 128 34 0 0 0 
1660393942.136333 20.762890625 50.88788491536637 986.653679647111 2 2 3 2 2 3 456 134 17 2 2 0 
1660393947.2671864 20.752734375 50.89379597604834 986.6798954848642 2 2 3 2 2 3 456 134 17 2 2 0 
1660393952.3973417 20.7578125 50.7579478641679 986.6711571157421 2 2 4 2 2 4 477 144 17 2 2 0 
1660393957.5322847 20.752734375 50.97019342900322 986.6448572947468 2 2 4 2 2 4 477 144 17 2 2 0 
1660393962.6664925 20.76796875 50.84661710530805 986.6657859932701 1 1 3 1 1 3 477 144 17 2 2 0 
1660393967.7958305 20.783203125 50.71700164642081 986.6435770992114 1 1 2 1 1 2 426 128 21 2 2 0 
1660393972.930337 20.778125 50.75827446598971 986.6678727858978 1 1 2 1 1 2 426 128 21 2 2 0 
1660393978.0612898 20.793359375 50.55738192502972 986.6941730138744 2 2 3 2 2 3 426 128 21 2 2 0 
1660393983.1913974 20.81875 50.65831478370289 986.6659484497368 2 2 4 2 2 4 447 135 21 2 2 0 
1660393988.3256187 20.7984375 50.882856012503524 986.6716418952482 2 2 4 2 2 4 447 135 21 2 2 0 
1660393993.4590433 20.803515625 50.6345590147261 986.6719626320933 2 2 4 2 2 4 447 135 21 2 2 0 
1660393998.5915952 20.7984375 50.681639201925556 986.6517565525847 2 2 3 2 2 3 426 131 19 2 2 0 
1660394003.7255754 20.7984375 50.75838331173629 986.6568080715168 2 2 3 2 2 3 426 131 19 2 2 0 
1660394008.859246 20.78828125 50.6640114021557 986.6389275255433 2 2 3 2 2 3 426 131 19 2 2 0 
1660394013.9930615 20.78828125 50.83534335117689 986.677334740061 2 2 3 2 2 3 405 124 17 2 2 0 
1660394019.1273305 20.773046875 50.562867378701114 986.6900823479187 2 2 3 2 2 3 405 124 17 2 2 0 
1660394024.260782 20.793359375 50.83523363720435 986.6793390304315 1 2 2 1 2 2 381 117 14 0 0 0 
1660394029.394785 20.78828125 50.835123912468326 986.6564066249516 1 2 2 1 2 2 381 117 14 0 0 0 
1660394034.5275846 20.78828125 50.78192063487431 986.6510347944375 1 2 2 1 2 2 381 117 14 0 0 0 
1660394039.660751 20.81875 50.646490611161774 986.6353172553725 1 2 3 1 2 3 375 113 18 2 2 0 
1660394044.7949517 20.81875 50.6821788202345 986.6518348656411 1 2 3 1 2 3 375 113 18 2 2 0 
1660394049.9289517 20.813671875 50.68809098510128 986.6437367219478 1 2 3 1 2 3 375 113 18 2 2 0 
1660394055.063254 20.80859375 50.65820713051995 986.6572078721084 1 2 3 1 2 3 369 111 16 2 2 0 
1660394060.197927 20.803515625 50.73517090111113 986.651435653047 1 2 3 1 2 3 369 111 16 2 2 0 
1660394065.332055 20.793359375 50.83523363720435 986.6591332729475 1 2 3 1 2 3 369 111 16 2 2 0 
1660394070.4662523 20.793359375 50.72291334378728 986.6517565525847 1 2 3 1 2 3 384 113 16 2 2 0 
1660394075.6002939 20.783203125 50.72893352775549 986.6439789614493 1 2 3 1 2 3 384 113 16 2 2 0 
1660394080.7344255 20.7984375 50.52190985636835 986.6355599019558 1 2 3 1 2 3 384 113 16 2 2 0 
1660394085.868259 20.793359375 50.71700164642081 986.6285037855868 1 2 4 1 2 4 414 120 18 2 2 0 
1660394091.000921 20.803515625 50.782247951210834 986.6554449945687 1 2 4 1 2 4 414 120 18 2 2 0 
1660394096.1332989 20.813671875 50.72334699633243 986.6673112376691 1 2 4 1 2 4 414 120 18 2 2 0 
1660394101.265776 20.823828125 50.69378705416096 986.6198406377172 2 3 4 2 3 4 420 125 25 2 2 0 
1660394106.3994687 20.82890625 50.735387933270644 986.6582491157227 1 2 3 1 2 3 387 103 12 4 0 0 
1660394111.533508 20.81875 50.92479045093175 986.6801400977033 1 2 3 1 2 3 402 106 12 4 0 0 
1660394116.6663215 20.82890625 50.67637446881949 986.6380420659341 1 2 3 1 2 3 402 106 12 4 0 0 
1660394121.8016312 20.81875 50.717868238349354 986.6666687227766 1 2 3 1 2 3 402 106 12 4 0 0 
1660394126.9356465 20.823828125 50.66433456456474 986.6518348656411 1 2 2 1 2 2 423 113 12 2 0 0 
1660394132.0695992 20.833984375 50.759362439090346 986.6461298509996 1 2 2 1 2 2 423 113 12 2 0 0 
1660394137.2021391 20.854296875 50.5233946989086 986.6404342038794 1 2 2 1 2 2 423 113 12 2 0 0 
1660394142.3358355 20.854296875 50.68293383378513 986.6636879891377 1 2 2 1 2 2 465 127 12 2 0 0 
1660394147.469724 20.854296875 50.517057949724936 986.6785220370401 1 2 2 1 2 2 465 127 12 2 0 0 
1660394152.600393 20.84921875 50.694759099886895 986.6626476684337 1 2 2 1 2 2 465 127 12 2 0 0 
1660394157.7309434 20.84921875 50.52909555641059 986.6973677999468 1 3 3 1 3 3 480 131 14 2 0 0 
1660394162.8645406 20.859375 50.48200352286619 986.6876600578967 1 3 3 1 3 3 480 131 14 2 0 0 
1660394167.998003 20.84921875 50.623592573308166 986.6883041706362 1 3 3 1 3 3 480 131 14 2 0 0 
1660394173.1322167 20.844140625 50.51684600767066 986.6707457706609 1 3 3 1 3 3 486 126 14 2 0 0 
1660394178.264397 20.84921875 50.57048520885599 986.688947844619 1 3 3 1 3 3 486 126 14 2 0 0 
1660394183.39677 20.8390625 50.67078541954528 986.708114685621 1 3 3 1 3 3 486 126 14 2 0 0 
1660394188.5299606 20.82890625 50.55823391081897 986.726638299848 2 4 4 2 4 4 498 153 25 4 0 0 
1660394193.662857 20.82890625 50.61144618758856 986.676762385366 2 4 4 2 4 4 498 153 25 4 0 0 
1660394198.7974367 20.84921875 50.73582186842497 986.7226276764318 2 4 4 2 4 4 510 157 27 4 0 0 
1660394203.931237 20.844140625 50.58220404314856 986.7061092939089 2 4 4 2 4 4 510 157 27 4 0 0 
1660394209.060234 20.859375 50.6180012059225 986.6919940715081 2 4 4 2 4 4 510 157 27 4 0 0 
1660394214.190311 20.859375 50.54134597372917 986.7213409743543 2 4 4 2 4 4 459 138 23 4 0 0 
1660394219.3211398 20.864453125 50.60564074436148 986.7294393258879 2 4 4 2 4 4 459 138 23 4 0 0 
1660394224.4544246 20.874609375 50.61832647463024 986.7045005126247 2 4 4 2 4 4 459 138 23 4 0 0 
1660394229.586959 20.874609375 50.56521520980073 986.7038562322706 1 3 3 1 3 3 432 129 23 4 0 0 
1660394234.7213275 20.874609375 50.5238226267974 986.7058624867118 1 3 3 1 3 3 432 129 23 4 0 0 
1660394239.8542984 20.88984375 50.49436178487116 986.7214142429772 1 3 3 1 3 3 432 129 23 4 0 0 
1660394244.9880285 20.88984375 50.60090778431281 986.6951134959348 1 2 2 1 2 2 411 117 14 2 0 0 
1660394250.1216676 20.884765625 50.624560755978436 986.7180460143493 2 3 3 2 3 3 411 117 14 2 0 0 
1660394255.2551336 20.874609375 50.452862738664074 986.6988040137683 2 3 3 2 3 3 411 117 14 2 0 0 
1660394260.3890164 20.8796875 50.76034487329575 986.733847495841 2 2 2 2 2 2 423 122 12 0 0 0 
1660394265.5221415 20.86953125 50.47651619953846 986.7412277506222 2 2 2 2 2 2 423 122 12 0 0 0 
1660394270.6561513 20.884765625 50.582954733702664 986.7298348157724 2 2 2 2 2 2 477 131 10 0 0 0 
1660394275.7878475 20.8796875 50.32878306902994 986.6937517958962 2 2 2 2 2 2 477 131 10 0 0 0 
1660394280.9214215 20.88984375 50.59478103146127 986.7004880865322 2 2 2 2 2 2 477 131 10 0 0 0 
1660394286.054114 20.8796875 50.64799886143234 986.7052180140786 2 2 2 2 2 2 513 143 12 0 0 0 
1660394291.188688 20.8796875 50.48844839838385 986.7358536307528 2 2 2 2 2 2 513 143 12 0 0 0 
1660394296.3226717 20.8796875 50.48242953900237 986.7038562322706 2 2 2 2 2 2 513 143 12 0 0 0 
1660394301.4565089 20.884765625 50.600694164887756 986.7257491863961 2 2 2 2 2 2 471 136 12 0 0 0 
1660394306.5903258 20.884765625 50.67175858901039 986.7348871602896 2 2 2 2 2 2 471 136 12 0 0 0 
1660394311.7242332 20.894921875 50.482745894485575 986.6984816683694 2 2 2 2 2 2 471 136 12 0 0 0 
1660394316.858185 20.88984375 50.34081803465088 986.7150002152243 2 2 2 2 2 2 459 136 12 0 0 0 
1660394321.9912913 20.9 50.411887325105674 986.7163619001403 2 2 2 2 2 2 459 136 12 0 0 0 
1660394327.1254933 20.9 50.40597359149746 986.710986991888 2 2 2 2 2 2 459 136 12 0 0 0 
1660394332.2590752 20.9 50.648428221125066 986.7113095579339 3 3 3 3 3 3 609 179 19 0 0 0 
1660394337.3924642 20.905078125 50.429523642471715 986.701204875411 3 3 3 3 3 3 609 179 19 0 0 0 
1660394342.5254805 20.884765625 50.74884463692011 986.7214142429772 3 3 3 3 3 3 609 179 19 0 0 0 
1660394347.6603725 20.9 50.405869040376245 986.7170066217653 3 3 3 3 3 3 588 172 17 0 0 0 
1660394352.7943249 20.884765625 50.45307297680303 986.7129936719326 1 2 2 1 2 2 324 103 13 0 0 0 
1660394357.9294589 20.9 50.435227456403254 986.712671119445 1 2 2 1 2 2 345 110 15 0 0 0 
1660394363.0643249 20.8796875 50.51822693221204 986.6900612378082 1 2 2 1 2 2 345 110 15 0 0 0 
1660394368.1956484 20.874609375 50.5888678877329 986.7203747960203 1 2 2 1 2 2 345 110 15 0 0 0 
1660394373.3280947 20.8796875 50.53564913059342 986.7254270579281 1 2 2 1 2 2 366 113 17 0 0 0 
1660394378.460314 20.8796875 50.47070817710929 986.7102702740957 1 2 2 1 2 2 366 113 17 0 0 0 
1660394383.592485 20.905078125 50.54790035451742 986.7652012406281 1 2 2 1 2 2 366 113 17 0 0 0 
1660394388.7244313 20.88984375 50.50038081576553 986.6863705160661 1 2 2 1 2 2 375 113 26 0 0 0 
1660394393.8561873 20.88984375 50.54779418032982 986.7032115131202 0 1 1 0 1 1 375 113 26 0 0 0 
1660394398.9907486 20.894921875 50.601121360681674 986.7446695563344 0 1 1 0 1 1 375 113 26 0 0 0 
1660394404.1206276 20.91015625 50.49499514590019 986.7302286588912 0 2 2 0 2 2 423 127 30 0 0 0 
1660394409.251866 20.9306640625 50.7022950190545 986.7396880429618 0 2 2 0 2 2 423 127 30 0 0 0 
1660394414.382946 20.9509765625 50.619823897267224 986.6942147609839 1 3 3 1 3 3 423 127 30 0 0 0 
1660394419.5168178 20.9408203125 50.49562811941448 986.732305078459 1 3 3 1 3 3 423 129 23 0 0 0 
1660394424.6474154 20.9408203125 50.466162146066615 986.7373577490067 1 3 3 1 3 3 423 129 23 0 0 0 
1660394429.780967 20.9255859375 50.578106531002206 986.7205155162982 1 3 3 1 3 3 423 129 23 0 0 0 
1660394434.9110377 20.9408203125 50.5250931481025 986.768711989347 1 2 2 1 2 2 384 112 11 0 0 0 
1660394440.0461519 20.9357421875 50.631544805535036 986.7744106856169 1 2 2 1 2 2 384 112 11 0 0 0 
1660394445.180986 20.9357421875 50.43648567555176 986.7488241976824 1 2 2 1 2 2 384 112 15 0 0 0 
1660394450.312176 20.9306640625 50.47186606736437 986.7666351971129 1 2 2 1 2 2 384 112 15 0 0 0 
1660394455.4441957 20.9408203125 50.4305713744883 986.7528387459763 1 2 2 1 2 2 384 112 15 0 0 0 
1660394460.5750012 20.9306640625 50.536709358503174 986.7817929792011 1 2 2 1 2 2 369 112 15 0 0 0 
1660394465.7093484 20.9154296875 50.518756004869594 986.7784245826914 1 2 2 1 2 2 369 112 15 0 0 0 
1660394470.8392828 20.9306640625 50.63735158618542 986.7764177025393 1 2 2 1 2 2 369 112 15 0 0 0 
1660394475.9733412 20.9560546875 50.54917360516363 986.7532304263939 1 2 3 1 2 3 363 107 15 2 0 0 
1660394481.1002672 20.9763671875 50.472497094885114 986.7738322962641 1 2 3 1 2 3 363 107 15 2 0 0 
1660394486.2341738 20.9814453125 50.48495767025783 986.7711765974261 1 2 3 1 2 3 363 107 15 2 0 0 
1660394491.3658834 20.9966796875 50.25406132822075 986.777266014873 1 2 2 1 2 2 321 98 8 2 0 0 
1660394496.4995196 20.9966796875 50.32535344219897 986.8099169131478 1 2 2 1 2 2 321 98 8 2 0 0 
1660394501.6300876 20.9916015625 50.396127949440434 986.7711765974261 1 2 2 1 2 2 321 98 8 2 0 0 
1660394506.7606742 20.9916015625 50.27180695412926 986.7984500640727 1 1 2 1 1 2 291 88 8 2 0 0 
1660394511.8904727 20.9763671875 50.54938566290639 986.7903519671645 1 1 2 1 1 2 291 88 8 2 0 0 
1660394517.022933 20.9662109375 50.4843262187173 986.766057841998 1 1 3 1 1 3 312 97 10 2 2 2 
1660394522.152909 20.9611328125 50.466372353316956 986.7602907298794 1 1 3 1 1 3 312 97 10 2 2 2 
1660394527.2866168 20.9458984375 50.44271448178586 986.793329724987 1 1 3 1 1 3 312 97 10 2 2 2 
1660394532.4186795 20.9408203125 50.39498103272513 986.825976600159 1 2 3 1 2 3 339 102 12 2 2 2 
1660394537.553149 20.9458984375 50.37132374862995 986.7457788679874 1 2 3 1 2 3 339 102 12 2 2 2 
1660394542.6865013 20.9306640625 50.578319394159394 986.7727264604903 1 2 3 1 2 3 339 102 12 2 2 2 
1660394547.8185644 20.9357421875 50.62541696703278 986.750831540216 1 2 3 1 2 3 324 97 12 2 2 2 
1660394552.9521146 20.9205078125 50.64326539133308 986.7834771775612 1 2 3 1 2 3 324 97 12 2 2 2 
1660394558.082201 20.9255859375 50.48939768596452 986.7834771775612 1 2 3 1 2 3 324 97 12 2 2 2 
1660394563.2118142 20.9154296875 50.595848021795426 986.7882071859681 1 1 1 1 1 1 330 95 8 0 0 0 
1660394568.3439238 20.9255859375 50.37111561943233 986.7720104034687 1 1 1 1 1 1 330 95 8 0 0 0 
1660394573.478514 20.905078125 50.61305504489297 986.762872723271 1 1 1 1 1 1 330 95 8 0 0 0 
1660394578.6130044 20.9 50.660469718953365 986.7530902018225 1 1 1 1 1 1 315 90 6 0 0 0 
1660394583.7423778 20.894921875 50.55983361556871 986.7446695563344 1 1 1 1 1 1 315 90 6 0 0 0 
1660394588.8760345 20.9154296875 50.518756004869594 986.7740170775298 1 1 1 1 1 1 315 90 6 0 0 0 
1660394594.0106382 20.91015625 50.672296560305696 986.7622278832396 1 1 1 1 1 1 330 92 8 0 0 0 
1660394599.1460733 20.905078125 50.60144164450469 986.7760236148284 2 2 2 2 2 2 417 117 19 0 0 0 
1660394604.2772584 20.91015625 50.56574714892806 986.7712934404018 2 2 2 2 2 2 396 112 21 0 0 0 
1660394609.4110842 20.884765625 50.55972731689585 986.7736218225261 2 2 2 2 2 2 396 112 21 0 0 0 
1660394614.5417593 20.9 50.624774873325904 986.7635171244584 2 2 2 2 2 2 396 112 21 0 0 0 
1660394619.6735985 20.884765625 50.57725464780968 986.7702535895568 2 2 2 2 2 2 396 112 21 0 0 0 
1660394624.8070233 20.8796875 50.77830105389094 986.761833008359 2 2 2 2 2 2 396 112 21 0 0 0 
1660394629.9380536 20.9 50.59520795676358 986.7870947572042 2 2 2 2 2 2 396 112 21 0 0 0 
1660394635.0698004 20.9 50.71938727545219 986.7648791084467 2 3 3 2 3 3 423 124 21 0 0 0 
1660394640.200513 20.905078125 50.61886151061907 986.7416236206265 2 3 3 2 3 3 423 124 21 0 0 0 
1660394645.3302476 20.905078125 50.618968485524846 986.7712934404018 2 3 3 2 3 3 423 124 21 0 0 0 
1660394650.4624112 20.894921875 50.81388782298723 986.7732997581363 2 2 2 2 2 2 432 126 19 0 0 0 
1660394655.5961967 20.905078125 50.70766885863668 986.7938312262237 2 2 2 2 2 2 432 126 19 0 0 0 
1660394660.7306652 20.894921875 50.707344858712815 986.7621550579511 2 2 2 2 2 2 432 126 19 0 0 0 
1660394665.865101 20.894921875 50.61284121956188 986.8083446165751 2 2 2 2 2 2 417 122 24 0 0 0 
1660394670.99836 20.8796875 50.636387179997186 986.7992053300337 2 2 2 2 2 2 417 122 24 0 0 0 
1660394676.128218 20.9 50.731105369820355 986.8069823744001 2 2 2 2 2 2 417 122 24 0 0 0 
1660394681.261914 20.894921875 50.77862748803163 986.7847665914527 2 2 2 2 2 2 426 130 8 0 0 0 
1660394686.3985097 20.9 50.60714159395804 986.7948714576818 2 2 2 2 2 2 384 119 8 0 0 0 
1660394691.5329933 20.9 50.8199100627714 986.7830824473261 2 2 2 2 2 2 384 119 8 0 0 0 
1660394696.6666512 20.9205078125 50.83797746709213 986.8113909350318 2 2 2 2 2 2 384 119 8 0 0 0 
1660394701.800508 20.9255859375 50.66079196684259 986.779069590419 2 2 2 2 2 2 369 112 10 0 0 0 
1660394706.9347897 20.9306640625 50.68444641977441 986.8205295591973 2 2 2 2 2 2 369 112 10 0 0 0 
1660394712.0686288 20.9306640625 50.672834262504374 986.8309568984831 2 2 2 2 2 2 369 112 10 0 0 0 
1660394717.2030015 20.9205078125 50.77304046000277 986.8292727117208 1 2 2 1 2 2 327 95 8 2 0 0 
1660394722.3363507 20.9154296875 50.642943816615166 986.8174834063454 1 2 2 1 2 2 327 95 8 2 0 0 
1660394727.4707668 20.9154296875 50.79067162142587 986.798957361974 1 2 2 1 2 2 327 95 8 2 0 0 
1660394732.605001 20.9205078125 50.49510066839665 986.8056941044015 0 1 1 0 1 1 315 93 8 2 0 0 
1660394737.7388744 20.9255859375 50.82647896293956 986.8272663595 0 1 1 0 1 1 315 93 8 2 0 0 
1660394742.873204 20.9154296875 50.75530030228894 986.822858061858 0 1 1 0 1 1 315 93 8 2 0 0 
1660394748.0072095 20.9205078125 50.849803825473444 986.8110688533521 0 1 1 0 1 1 363 102 8 2 0 0 
1660394753.141388 20.9154296875 50.690144509885954 986.8366533255128 1 2 2 1 2 2 363 102 8 2 0 0 
1660394758.2757373 20.9306640625 50.55423870046617 986.822858061858 None None None None None None None None None None None None 
1660394763.4098706 20.9458984375 50.448104380699625 986.8575819747276 1 1 1 1 1 1 489 140 10 0 0 0 
1660394768.5446408 20.9458984375 50.590360426082356 986.8532470678068 2 3 3 2 3 3 483 138 12 0 0 0 
1660394773.6781447 20.9458984375 50.6612214800004 986.8313519275721 2 3 3 2 3 3 483 138 12 0 0 0 
1660394778.8110244 20.9509765625 50.613909915657004 986.8212464822249 2 3 3 2 3 3 483 138 12 0 0 0 
1660394783.9451365 20.9509765625 50.519284808421155 986.8256538860043 1 2 2 1 2 2 477 138 12 0 0 0 
1660394789.0782485 20.9458984375 50.50143677082151 986.8421020110555 1 2 2 1 2 2 477 138 12 0 0 0 
1660394794.2113008 20.9306640625 50.471760858435694 986.8336809399084 1 2 2 1 2 2 477 138 12 0 0 0 
1660394799.3456964 20.9357421875 50.661114117856776 986.8262992045834 1 2 2 1 2 2 450 129 14 0 0 0 
1660394804.4800324 20.9357421875 50.590147335486925 986.8502008888009 2 3 3 2 3 3 450 129 14 0 0 0 
1660394809.614064 20.9306640625 50.73756005184125 986.8238979592086 2 3 3 2 3 3 450 129 14 0 0 0 
1660394814.7484689 20.905078125 50.589721025127325 986.8032921814649 1 3 3 1 3 3 459 127 16 0 0 0 
1660394819.8820505 20.91015625 50.74293155818943 986.8201336342833 0 2 2 0 2 2 459 127 16 0 0 0 
1660394825.0159934 20.9 50.77260559258139 986.8571848551322 0 2 2 0 2 2 459 127 16 0 0 0 
1660394830.1492593 20.88984375 51.020611922301015 986.8194145836358 0 1 1 0 1 1 474 127 14 0 0 0 
1660394835.283566 20.884765625 50.831736077290735 986.8231042453414 None None None None None None None None None None None None 
1660394840.4167893 20.874609375 50.69551868195032 986.8247883368449 2 3 3 2 3 3 423 128 20 0 0 0 
1660394845.5531673 20.8796875 50.73701846915618 986.8315247035603 2 3 3 2 3 3 423 128 20 0 0 0 
1660394850.6875656 20.874609375 50.872907006403445 986.8416292557337 1 2 2 1 2 2 393 121 20 0 0 0 
1660394855.8210623 20.884765625 50.884732565025324 986.8645642185706 1 2 2 1 2 2 393 121 20 0 0 0 
1660394860.9555197 20.88984375 50.76669248744497 986.8426706601213 1 2 2 1 2 2 393 121 20 0 0 0 
1660394866.088593 20.8796875 50.81980077808695 986.8645642185706 2 3 3 2 3 3 414 128 27 0 0 0 
1660394871.222384 20.88984375 50.90838355864095 986.8460388991125 2 3 3 2 3 3 414 128 27 0 0 0 
1660394876.3549845 20.8796875 50.86699421163899 986.8449974403517 2 3 3 2 3 3 414 128 27 0 0 0 
1660394881.4886756 20.88984375 50.94408115981258 986.8527753779351 1 3 3 1 3 3 393 124 31 0 0 0 
1660394886.6227968 20.88984375 50.92042987257669 986.8393024214101 1 3 3 1 3 3 393 124 31 0 0 0 
1660394891.7590427 20.9154296875 50.77862748803163 986.8672897394277 1 3 3 1 3 3 393 124 31 0 0 0 
1660394896.8926396 20.91015625 50.73756005184125 986.8562197083214 1 3 3 1 3 3 414 128 26 0 0 0 
1660394902.0261953 20.9205078125 50.64864283638788 986.8565415336388 1 3 3 1 3 3 414 128 26 0 0 0 
1660394907.1601157 20.91015625 50.56574714892806 986.8619157317494 1 3 3 1 3 3 414 128 26 0 0 0 
1660394912.2945817 20.91015625 50.6960579518165 986.8555007079949 2 3 3 2 3 3 420 133 28 0 0 0 
1660394917.42795 20.9 50.76669248744497 986.8622372969648 1 2 2 1 2 2 348 102 14 0 0 0 
1660394922.5610344 20.9 50.73701846915618 986.8925519611953 1 2 2 1 2 2 384 109 16 0 0 0 
1660394927.6955128 20.8796875 50.93192379658361 986.8800424049408 1 2 2 1 2 2 384 109 16 0 0 0 
1660394932.8246307 20.8796875 50.91998807163964 986.8237468198271 1 2 2 1 2 2 384 109 16 0 0 0 
1660394937.9572282 20.8796875 50.730888796635305 986.8271149486715 1 2 2 1 2 2 348 102 14 0 0 0 
1660394943.0874164 20.86953125 50.90805256516488 986.8722638762804 1 2 2 1 2 2 348 102 14 0 0 0 
1660394948.22043 20.8796875 50.83140778526399 986.870258833914 1 2 2 1 2 2 348 102 14 0 0 0 
1660394953.350275 20.884765625 50.82571372288408 986.8679324593825 2 2 2 2 2 2 399 114 14 0 0 0 
1660394958.480941 20.884765625 50.760779372005736 986.8541380842252 2 2 2 2 2 2 399 114 14 0 0 0 
1660394963.6106052 20.894921875 50.867323688407154 986.8598331210894 2 2 2 2 2 2 399 114 14 0 0 0 
1660394968.74312 20.884765625 50.69562655745117 986.8645642185706 1 2 2 1 2 2 405 111 12 0 0 0 
1660394973.8739529 20.9 50.67208140407917 986.8656055918701 1 2 2 1 2 2 405 111 12 0 0 0 
1660394979.007885 20.9 50.914517025010674 986.8716218687773 1 2 2 1 2 2 405 111 12 0 0 0 
1660394984.144996 20.9205078125 50.60746204835712 986.9081080505282 2 2 2 2 2 2 420 116 8 0 0 0 
1660394989.2790473 20.91015625 50.75530030228894 986.8922306400309 2 2 2 2 2 2 420 116 8 0 0 0 
1660394994.4110763 20.9408203125 50.625630912156566 986.8488388692335 2 2 2 2 2 2 420 116 8 0 0 0 
1660394999.5435107 20.9560546875 50.626165586596535 986.8657538398928 1 1 1 1 1 1 324 99 4 0 0 0 
1660395004.6759868 20.9712890625 50.54938566290639 986.9038476706451 1 1 1 1 1 1 324 99 4 0 0 0 
1660395009.8099778 20.9763671875 50.614443860054415 986.862062638204 1 1 1 1 1 1 324 95 8 0 0 0 
1660395014.9416242 20.9814453125 50.57293703943983 986.8816289287695 1 1 1 1 1 1 324 95 8 0 0 0 
1660395020.0751412 20.9814453125 50.5259393011681 986.8678314236994 1 1 1 1 1 1 324 95 8 0 0 0 
1660395025.208607 20.9865234375 50.549597677592516 986.8644627485944 1 1 1 1 1 1 324 98 8 0 0 0 
1660395030.3416638 20.9763671875 50.72111597496272 986.8768986879946 1 1 1 1 1 1 324 98 8 0 0 0 
1660395035.4758565 20.9814453125 50.73864240993368 986.8583712728233 1 1 1 1 1 1 324 98 8 0 0 0 
1660395040.60954 20.9712890625 50.614550616641885 986.8975038504934 1 1 1 1 1 1 324 98 8 0 0 0 
1660395045.7430506 20.9763671875 50.47270735127724 986.8914121572791 1 1 1 1 1 1 324 98 8 0 0 0 
1660395050.8774142 20.9814453125 50.54357716461061 986.8877206228545 1 1 1 1 1 1 324 98 8 0 0 0 
1660395056.0069466 20.9763671875 50.70348085414985 986.882990465139 1 1 1 1 1 1 360 103 8 0 0 0 
1660395061.140636 20.9814453125 50.596700839051174 986.8516340330439 1 1 1 1 1 1 360 103 8 0 0 0 
1660395066.274583 20.9712890625 50.4843262187173 986.8802673098455 1 1 1 1 1 1 360 103 8 0 0 0 
1660395071.408468 20.9916015625 50.6030416104752 986.8523492458409 1 1 1 1 1 1 351 98 12 0 0 0 
1660395076.5430598 21.0017578125 50.55593641663487 986.8861046898039 1 1 1 1 1 1 351 98 12 0 0 0 
1660395081.67727 21.0169921875 50.47935808529554 986.9026255111748 1 2 2 1 2 2 345 111 19 0 0 0 
1660395086.8113103 21.0119140625 50.4439715748906 986.9073553643398 1 2 2 1 2 2 345 111 19 0 0 0 
1660395091.945025 21.0169921875 50.657129930538545 986.8736540686551 1 2 2 1 2 2 345 111 19 0 0 0 
1660395097.079191 21.0271484375 50.46171742864497 986.885457548282 1 3 3 1 3 3 351 113 23 2 0 0 
1660395102.212738 21.0068359375 50.674553101212304 986.9059943794656 1 3 3 1 3 3 351 113 23 2 0 0 
1660395107.3467364 21.0119140625 50.74509762672234 986.8769683053185 1 3 3 1 3 3 351 113 23 2 0 0 
1660395112.4798105 20.9966796875 50.54410672864745 986.8772914635265 1 3 3 1 3 3 378 124 30 2 0 0 
1660395117.6135228 20.9916015625 50.44915328044444 986.8728844368821 1 3 3 1 3 3 378 124 30 2 0 0 
1660395122.7472537 20.9814453125 50.61487082182037 986.8776145119845 1 3 3 1 3 3 378 124 30 2 0 0 
1660395127.8811486 20.9865234375 50.721331868654225 986.8837058207553 2 3 3 2 3 3 405 133 30 2 0 0 
1660395133.0144544 20.9865234375 50.50819541063053 986.8678314236994 2 3 3 2 3 3 405 133 30 2 0 0 
1660395138.14855 20.9814453125 50.36613704152503 986.8998338511702 2 3 3 2 3 3 405 133 30 2 0 0 
1660395143.2815833 20.9712890625 50.60874289719174 986.8998338511702 2 3 3 2 3 3 411 135 30 2 0 0 
1660395148.4156096 21.0017578125 50.3311652945149 986.8631699013756 2 3 3 2 3 3 411 135 30 2 0 0 
1660395153.5496807 20.9966796875 50.4316180300596 986.9187548661951 2 3 3 2 3 3 411 135 30 2 0 0 
1660395158.6831286 21.0169921875 50.62691367872578 986.922838725122 1 3 3 1 3 3 363 119 23 2 0 0 
1660395163.8174312 21.0017578125 50.41989251550808 986.90800215333 1 1 1 1 1 1 339 85 10 0 0 0 
1660395168.9506133 21.0169921875 50.48527325070989 986.9225034536934 1 1 1 1 1 1 345 89 8 0 0 0 
1660395174.0844488 21.0068359375 50.5088283560555 986.9130554158249 1 1 1 1 1 1 345 89 8 0 0 0 
1660395179.2182603 21.0119140625 50.40806235337371 986.9076788137158 1 1 1 1 1 1 345 89 8 0 0 0 
1660395184.3502865 21.0169921875 50.36696798385506 986.880727874115 1 2 2 1 2 2 330 87 10 2 0 0 
1660395189.483735 21.0119140625 50.46150761499661 986.9029488914656 1 2 2 1 2 2 330 87 10 2 0 0 
1660395194.6150005 21.0068359375 50.26609719180799 986.8763216596423 1 2 2 1 2 2 330 87 10 2 0 0 
1660395199.7490792 21.0017578125 50.49087262248074 986.9002265361132 1 1 1 1 1 1 300 84 6 2 0 0 
1660395204.88286 21.0068359375 50.496682214128285 986.8463259877021 1 1 1 1 1 1 300 84 6 2 0 0 
1660395210.0154843 21.0119140625 50.59163806547421 986.8972365230424 1 1 1 1 1 1 300 84 6 2 0 0 
1660395215.1492743 21.0068359375 50.42601662626581 986.9113709949232 1 1 1 1 1 1 294 81 8 2 0 0 
1660395220.2831843 21.0220703125 50.46763269261278 986.9174500663023 1 1 1 1 1 1 294 81 8 2 0 0 
1660395225.4165876 21.0169921875 50.449677326651745 986.8837731013832 1 1 1 1 1 1 294 81 8 2 0 0 
1660395230.5506396 21.0220703125 50.47375798737744 986.9471236001234 0 1 1 0 1 1 267 72 8 2 0 0 
1660395235.6815782 21.0220703125 50.53872082599704 986.8820763722174 0 1 1 0 1 1 267 72 8 2 0 0 
1660395240.8159606 21.0220703125 50.47946318962294 986.8840967405844 0 1 1 0 1 1 267 72 8 2 0 0 
1660395245.9499145 21.0271484375 50.45580215436866 986.9090398122192 1 2 2 1 2 2 372 97 17 2 0 0 
1660395251.084008 21.0220703125 50.237032079889616 986.8820886545547 1 2 2 1 2 2 372 97 17 2 0 0 
1660395256.2178414 21.0119140625 50.53259420292764 986.8608384004455 1 2 2 1 2 2 378 101 21 2 0 0 
1660395261.3502586 21.0169921875 50.46150761499661 986.9039864687911 1 2 2 1 2 2 378 101 21 2 0 0 
1660395266.481444 21.0068359375 50.34320287610514 986.8810514306714 1 2 2 1 2 2 378 101 21 2 0 0 
1660395271.6147244 21.0220703125 50.491293645399146 986.8702975287154 1 3 3 1 3 3 414 110 21 2 0 0 
1660395276.7490368 21.0474609375 50.533016990225995 986.8952282961243 1 3 3 1 3 3 414 110 21 2 0 0 
1660395281.8798459 21.0423828125 50.556784241361854 986.8996339426312 1 3 3 1 3 3 414 110 21 2 0 0 
1660395287.0132468 21.0322265625 50.34932545464382 986.9070196228892 1 3 3 1 3 3 429 117 23 2 0 0 
1660395292.1473 21.0119140625 50.3965446871282 986.8804042077959 1 3 3 1 3 3 429 117 23 2 0 0 
1660395297.2803075 21.0119140625 50.627020505974095 986.8709449142978 1 3 3 1 3 3 429 117 23 2 0 0 
1660395302.4142027 21.0119140625 50.75714311908359 986.8695840368555 2 3 3 2 3 3 429 120 18 0 0 0 
1660395307.5484874 21.0119140625 50.627020505974095 986.9366373158031 2 3 3 2 3 3 429 120 18 0 0 0 
1660395312.6821995 20.9916015625 50.58529771615444 986.9059256813729 2 3 3 2 3 3 429 120 18 0 0 0 
1660395317.8162565 20.9865234375 50.354411140384364 986.9230920307564 1 2 2 1 2 2 399 110 18 0 0 0 
1660395322.949795 20.9865234375 50.53164230180104 986.9453110284398 1 2 2 1 2 2 399 110 18 0 0 0 
1660395328.0839908 20.9916015625 50.738966907469326 986.8836359319764 2 3 4 2 3 4 528 151 26 2 0 0 
1660395333.2178154 20.9814453125 50.36032604884168 986.9433042777114 2 3 4 2 3 4 528 151 26 2 0 0 
1660395338.3502643 20.9814453125 50.685522584557205 986.9240594193993 2 3 4 2 3 4 528 151 26 2 0 0 
1660395343.4840484 20.9712890625 50.75047060621465 986.9577456897351 2 3 3 2 3 3 501 140 19 2 0 0 
1660395348.6177626 20.9662109375 50.7741268751031 986.9095452280069 2 3 3 2 3 3 501 140 19 2 0 0 
1660395353.751609 20.9662109375 50.566916467765225 986.9533366634653 2 3 3 2 3 3 501 140 19 2 0 0 
1660395358.8855 20.9611328125 50.519707657506174 986.9230195107976 1 2 2 1 2 2 492 137 17 0 0 0 
1660395364.019547 20.9662109375 50.60831611980445 986.9358496108302 1 2 2 1 2 2 492 137 17 0 0 0 
1660395369.1516514 20.9712890625 50.597020467915364 986.9196509396797 1 2 2 1 2 2 492 137 17 0 0 0 
1660395374.2850482 20.9916015625 50.61476409752487 986.9301519636766 1 2 2 1 2 2 534 151 19 0 0 0 
1660395379.417004 20.9814453125 50.52604502186234 986.9433042777114 2 3 3 2 3 3 534 151 19 0 0 0 
1660395384.5494711 20.9814453125 50.63240069644671 986.9453110284398 2 3 3 2 3 3 534 151 19 0 0 0 
1660395389.682163 20.9763671875 50.64390825014278 986.9372116795031 2 3 3 2 3 3 465 135 19 0 0 0 
1660395394.8117492 20.9712890625 50.74444825823718 986.9732263707227 2 3 3 2 3 3 465 135 19 0 0 0 
1660395399.9467068 20.9611328125 50.590573473621546 986.9513304598867 2 3 3 2 3 3 465 135 19 0 0 0 
1660395405.078697 20.9611328125 50.75627629867169 986.9429089588706 2 3 3 2 3 3 465 135 23 2 0 0 
1660395410.209802 20.9611328125 50.78573748033576 986.9661672616966 0 2 2 0 2 2 345 107 16 2 0 0 
1660395415.3453474 20.9763671875 50.56702270489298 986.9611143183096 1 2 2 1 2 2 330 100 16 2 0 0 
1660395420.4782403 20.9662109375 50.726706120291226 986.9523706247587 1 2 2 1 2 2 330 100 16 2 0 0 
1660395425.6113229 20.9712890625 50.69713568426355 986.9614362634171 1 2 2 1 2 2 330 100 16 2 0 0 
1660395430.745769 20.9662109375 50.50756207769231 986.9684952483085 0 1 1 0 1 1 351 104 12 2 0 0 
1660395435.8801377 20.9560546875 50.68498463671366 986.9870224152652 0 1 1 0 1 1 351 104 12 2 0 0 
1660395441.0133314 20.9509765625 50.590147335486925 986.9778811684238 0 1 1 0 1 1 351 104 12 2 0 0 
1660395446.1477535 20.9408203125 50.572511755847025 986.9573486602818 0 1 1 0 1 1 372 104 10 2 0 0 
1660395451.2816918 20.9357421875 50.631330725167544 986.9630443429659 1 2 2 1 2 2 372 104 10 2 0 0 
1660395456.4159358 20.9306640625 50.55445106568531 986.9717867278041 1 2 2 1 2 2 372 104 10 2 0 0 
1660395461.5502484 20.9408203125 50.89776940897211 986.9849393779515 2 2 2 2 2 2 399 111 10 2 0 0 
1660395466.6842132 20.9611328125 50.74433999248343 986.9550209503899 2 2 2 2 2 2 399 111 10 2 0 0 
1660395471.8181953 20.9509765625 50.64369400692859 986.9603955507806 2 2 2 2 2 2 399 111 10 2 0 0 
1660395476.9515579 20.9560546875 50.77993225587008 986.9684952483085 2 2 2 2 2 2 432 120 10 2 0 0 
1660395482.0851152 20.9662109375 50.685415016516146 986.9429089588706 2 2 2 2 2 2 432 120 10 2 0 0 
1660395487.2197554 20.9662109375 50.685630141834444 986.9375339241717 1 1 1 1 1 1 432 120 10 2 0 0 
1660395492.351951 20.9662109375 50.71498589369825 986.9695358909713 2 3 3 2 3 3 489 136 17 0 0 0 
1660395497.487237 20.9712890625 50.60272181103362 986.9459554919308 2 3 3 2 3 3 489 136 17 0 0 0 
1660395502.617115 20.9712890625 50.60272181103362 986.9624765914144 2 3 3 2 3 3 459 131 17 2 0 0 
1660395507.7494872 20.9814453125 50.697243398307364 986.9823665439668 2 3 3 2 3 3 459 131 17 2 0 0 
1660395512.8842812 20.9560546875 50.54906756014601 986.9311188603898 2 3 3 2 3 3 459 131 17 2 0 0 
1660395518.0192943 20.9712890625 50.70907173887407 986.962154440386 2 3 3 2 3 3 486 143 21 2 0 0 
1660395523.1534257 20.9560546875 50.673371695606555 986.9546990607834 2 3 3 2 3 3 486 143 21 2 0 0 
1660395528.2823315 20.9509765625 50.77380106359092 986.9668109608235 2 3 3 2 3 3 486 143 21 2 0 0 
1660395533.4136941 20.9408203125 50.88605232490276 986.980285262664 2 4 4 2 4 4 480 143 23 2 0 0 
1660395538.5469909 20.9712890625 50.66165082093603 986.9422646606248 2 4 4 2 4 4 480 143 23 2 0 0 
1660395543.675784 20.9763671875 50.66165082093603 986.9510084334268 2 4 4 2 4 4 480 143 23 2 0 0 
1660395548.8111825 20.9611328125 50.513898847940574 986.9627986327017 2 4 4 2 4 4 495 143 27 2 0 0 
1660395553.944797 20.9712890625 50.70885602954673 986.9280723679997 2 4 4 2 4 4 495 143 27 2 0 0 
1660395559.0789328 20.9662109375 50.76821282334018 986.9715420694688 2 4 4 2 4 4 495 143 27 2 0 0 
1660395564.208541 20.9611328125 50.91014722115998 986.9594300039873 2 4 4 2 4 4 489 141 25 2 0 0 
1660395569.3400548 20.9814453125 50.70928740514635 986.9820444459004 2 4 4 2 4 4 489 141 25 2 0 0 
1660395574.4741573 20.9916015625 50.674123649867724 986.9368893250933 0 1 1 0 1 1 360 105 21 0 0 0 
1660395579.605994 21.0119140625 50.443343222097695 986.9591803430653 1 2 2 1 2 2 360 105 21 0 0 0 
1660395584.7395582 21.0220703125 50.71595666143336 986.9484282709404 1 2 2 1 2 2 360 105 21 0 0 0 
1660395589.8722947 21.0271484375 50.52699602372099 986.9545199314421 1 2 2 1 2 2 339 105 25 0 0 0 
1660395595.0055473 21.0220703125 50.509144683450586 986.9477821327794 1 2 2 1 2 2 339 105 25 0 0 0 
1660395600.137503 21.0271484375 50.4915040922726 986.9356557164657 1 2 2 1 2 2 339 105 25 0 0 0 
1660395605.2694337 21.0169921875 50.55614843740142 986.98010955275 1 2 2 1 2 2 327 100 25 0 0 0 
1660395610.4036608 21.0220703125 50.656701419808236 986.9646266315377 1 2 2 1 2 2 327 100 25 0 0 0 
1660395615.5354245 21.0169921875 50.47333786210943 986.9416905818703 1 2 2 1 2 2 327 100 25 0 0 0 
1660395620.6688638 21.0017578125 50.680145651231186 986.9854855808607 1 2 2 1 2 2 321 95 25 0 0 0 
1660395625.8023498 21.0271484375 50.45580215436866 986.9538615636342 1 2 2 1 2 2 321 95 25 0 0 0 
1660395630.93734 21.0423828125 50.45622138197709 986.9650060617054 1 2 2 1 2 2 321 95 25 0 0 0 
1660395636.0666125 21.0373046875 50.385026071191945 986.9642918302874 1 2 2 1 2 2 321 95 25 0 0 0 
1660395641.1987147 21.0373046875 50.55065710517404 986.9407091468455 1 2 2 1 2 2 321 95 25 0 0 0 
1660395646.3322897 21.0322265625 50.5799144954173 986.9609228746693 1 2 2 1 2 2 321 95 25 0 0 0 
1660395651.4640727 21.0068359375 50.627020505974095 986.9332684721084 1 2 2 1 2 2 357 104 25 0 0 0 
1660395656.5971534 21.0017578125 50.5203416082068 986.9611873288289 3 3 3 3 3 3 582 168 26 0 0 0 
1660395661.7287004 20.9916015625 50.57325588911137 986.9948749872638 2 3 3 2 3 3 540 159 21 0 0 0 
1660395666.8634171 20.9763671875 50.8157430493437 986.9526927473988 2 3 3 2 3 3 540 159 21 0 0 0 
1660395671.9948318 20.9611328125 50.59067998124506 986.9631205642507 2 3 3 2 3 3 540 159 21 0 0 0 
1660395677.1243162 20.9560546875 50.57874499130469 986.982291113643 2 3 3 2 3 3 561 162 17 0 0 0 
1660395682.2576897 20.9408203125 50.7499288855416 986.9576702071365 2 3 3 2 3 3 561 162 17 0 0 0 
1660395687.3910372 20.9306640625 50.65487832784963 986.957271105237 2 3 3 2 3 3 561 162 17 0 0 0 
1660395692.5245104 20.9205078125 50.672511673476755 986.9643288315697 2 3 3 2 3 3 531 155 10 0 0 0 
1660395697.6575627 20.91015625 50.90313211636982 986.9727497263004 2 3 3 2 3 3 531 155 10 0 0 0 
1660395702.790063 20.9 50.80819314573312 986.9535020810721 2 3 3 2 3 3 531 155 10 0 0 0 
1660395707.9166899 20.905078125 50.81980077808695 986.9616021144149 2 2 2 2 2 2 495 141 8 0 0 0 
1660395713.050338 20.9 50.849584633786996 986.9571909429527 2 2 2 2 2 2 495 141 8 0 0 0 
1660395718.1779733 20.905078125 50.825932416717386 986.9680180099967 2 2 2 2 2 2 495 141 8 0 0 0 
1660395723.3113182 20.894921875 50.7489531102188 986.9919168530114 2 2 2 2 2 2 531 146 6 0 0 0 
1660395728.4414728 20.884765625 50.70756086942584 986.9571909429527 2 2 2 2 2 2 531 146 6 0 0 0 
1660395733.5748918 20.8796875 50.849146121252886 986.9530997941124 2 2 2 2 2 2 531 146 6 0 0 0 
1660395738.709053 20.86953125 50.848812905291666 986.921019343035 1 2 2 1 2 2 405 126 16 0 0 0 
1660395743.836549 20.859375 50.80118464068027 986.9486878929933 1 2 2 1 2 2 405 126 16 0 0 0 
1660395748.9697688 20.859375 51.06143405567081 986.9732238140979 1 3 4 1 3 4 411 128 20 2 2 0 
1660395754.1002696 20.854296875 51.15591233973183 986.9510118315966 1 3 4 1 3 4 411 128 20 2 2 0 
1660395759.231293 20.859375 50.967062000430595 986.9358555740729 1 3 4 1 3 4 411 128 20 2 2 0 
1660395764.3636758 20.894921875 50.89655808243782 986.965291046026 1 3 4 1 3 4 432 137 20 2 2 0 
1660395769.4989483 20.9 51.03868466030558 986.9319290880236 1 3 4 1 3 4 432 137 20 2 2 0 
1660395774.6333213 20.905078125 50.78454064017803 986.9616021144149 1 3 4 1 3 4 432 137 20 2 2 0 
1660395779.7677822 20.88984375 50.890755435682266 986.9928777584221 1 3 4 1 3 4 405 130 18 2 2 0 
1660395784.89824 20.9 50.96773228220343 986.9895915210134 1 3 4 1 3 4 405 130 18 2 2 0 
1660395790.032096 20.9 50.973756068851166 986.9885485476024 1 3 4 1 3 4 405 130 18 2 2 0 
1660395795.165954 20.9 51.06813558904512 986.942674916108 1 2 3 1 2 3 399 126 16 2 2 0 
1660395800.2977927 20.88984375 50.8613009332898 986.9642478628543 1 2 3 1 2 3 399 126 16 2 2 0 
1660395805.429664 20.8796875 51.06199892104019 986.9760366409317 1 2 3 1 2 3 399 126 16 2 2 0 
1660395810.5635986 20.874609375 50.70690855199126 986.9527794960093 1 2 3 1 2 3 357 112 12 2 2 0 
1660395815.6942887 20.859375 50.90805256516488 986.9786810365516 1 2 3 1 2 3 357 112 12 2 2 0 
1660395820.8249357 20.864453125 50.93761506123342 986.9803651073805 2 2 2 2 2 2 450 134 17 0 0 0 
1660395825.95932 20.854296875 50.931587704547276 986.9652084724408 2 2 2 2 2 2 450 134 17 0 0 0 
1660395831.0918722 20.8796875 50.92590063846321 986.9645681757469 2 2 2 2 2 2 450 134 17 0 0 0 
1660395836.2193627 20.894921875 50.90849386827304 986.9510953991839 2 3 3 2 3 3 492 143 19 0 0 0 
1660395841.3489738 20.9154296875 50.83808691156386 986.964007873995 2 3 3 2 3 3 492 143 19 0 0 0 
1660395846.4818702 20.9205078125 50.944523870291185 986.936018880937 2 3 3 2 3 3 492 143 19 0 0 0 
1660395851.6132317 20.905078125 50.73153838702577 986.9518179435016 2 3 3 2 3 3 513 147 23 2 0 0 
1660395856.743849 20.9 50.95590674161364 986.9902327002719 2 3 3 2 3 3 513 147 23 2 0 0 
1660395861.8759491 20.874609375 50.93203438741907 986.923106738477 2 3 3 2 3 3 513 147 23 2 0 0 
1660395867.010299 20.864453125 50.96717729976108 986.9537400612343 2 3 3 2 3 3 513 144 23 2 0 0 
1660395872.1391668 20.854296875 50.972752121133816 986.9617552875828 2 3 3 2 3 3 513 144 23 2 0 0 
1660395877.272754 20.8390625 51.09076921231155 986.9617552875828 2 3 3 2 3 3 513 144 23 2 0 0 
1660395882.4046261 20.833984375 51.084520004509216 986.962713386717 2 3 3 2 3 3 501 142 18 2 0 0 
1660395887.5375166 20.82890625 51.04871356651546 986.9596721384646 2 3 3 2 3 3 501 142 18 2 0 0 
1660395892.6707811 20.833984375 51.190928440810815 986.9209416803418 2 3 3 2 3 3 501 142 18 2 0 0 
1660395897.8032606 20.8390625 51.04325002813842 986.9634392898504 2 3 3 2 3 3 516 140 16 2 0 0 
1660395902.934842 20.854296875 51.03800947964715 986.9695361540496 2 4 4 2 4 4 501 145 23 2 0 0 
1660395908.06167 20.859375 50.895561786974596 986.9597516860921 2 3 3 2 3 3 471 135 23 2 0 0 
1660395913.1954904 20.844140625 50.86008877773875 986.9802793163761 2 3 3 2 3 3 471 135 23 2 0 0 
1660395918.3298826 20.833984375 51.1201027163286 986.9738626860733 2 3 3 2 3 3 471 135 23 2 0 0 
1660395923.4618952 20.8390625 51.17921898428581 986.9738626860733 2 3 3 2 3 3 456 130 23 2 0 0 
1660395928.59591 20.833984375 50.901142836634165 986.9579806900615 2 3 3 2 3 3 456 130 23 2 0 0 
1660395933.7294512 20.81875 51.16694213624264 986.9680918081743 2 3 3 2 3 3 456 130 23 2 0 0 
1660395938.8630755 20.82890625 51.06656040072405 986.9660813099731 2 3 3 2 3 3 456 132 23 2 0 0 
1660395943.995577 20.82890625 50.87147304272062 986.9613560722665 2 3 3 2 3 3 456 132 23 2 0 0 
1660395949.129358 20.82890625 51.14943456775824 986.9862888553906 2 3 3 2 3 3 456 132 23 2 0 0 
1660395954.2613468 20.823828125 51.16694213624264 986.9765114796344 2 3 3 2 3 3 447 132 18 2 0 0 
1660395959.3920088 20.81875 51.07247196375789 986.9694492335092 2 3 3 2 3 3 447 132 18 2 0 0 
1660395964.5234292 20.813671875 51.072359610029764 986.9781954141364 2 3 3 2 3 3 447 132 18 2 0 0 
1660395969.6563487 20.803515625 51.1195382973922 986.983565981447 2 2 2 2 2 2 432 125 16 0 0 0 
1660395974.7863798 20.80859375 51.16671523324081 986.959263413775 2 2 2 2 2 2 432 125 16 0 0 0 
1660395979.9184768 20.803515625 51.077933766588295 986.9704133763598 2 2 2 2 2 2 432 125 16 0 0 0 
1660395985.051043 20.813671875 51.32642889941109 986.9785142181952 1 2 2 1 2 2 420 115 8 0 0 0 
1660395990.1818252 20.82890625 51.16705557159953 986.9748275452024 1 2 2 1 2 2 420 115 8 0 0 0 
1660395995.313849 20.80859375 50.90672337346099 986.9599910916621 2 2 2 2 2 2 471 129 12 0 0 0 
1660396000.4478369 20.8390625 51.20263757497826 986.9826018364497 2 2 2 2 2 2 471 129 12 0 0 0 
1660396005.581457 20.833984375 51.031538220592545 986.9640781051661 2 2 2 2 2 2 471 129 12 0 0 0 
1660396010.7108715 20.833984375 50.95457168646331 986.9441898138139 1 2 2 1 2 2 420 117 10 0 0 0 
1660396015.8403914 20.8390625 51.06109759384274 986.949241696493 1 2 2 1 2 2 420 117 10 0 0 0 
1660396020.9729967 20.81875 51.02506735821673 986.9468386842277 1 2 2 1 2 2 420 117 10 0 0 0 
1660396026.1002655 20.813671875 51.15500615373309 986.9670455623581 1 2 2 1 2 2 411 114 8 0 0 0 
1660396031.2349076 20.81875 51.31472205519891 986.9518904028151 1 2 2 1 2 2 411 114 8 0 0 0 
1660396036.3692007 20.80859375 51.19035991203763 986.9700034756963 1 2 2 1 2 2 411 114 8 0 0 0 
1660396041.5032225 20.823828125 51.22605487625218 986.9586260285786 1 1 1 1 1 1 369 102 6 0 0 0 
1660396046.6373127 20.823828125 50.96583996895135 986.9599910916621 1 1 1 1 1 1 369 102 6 0 0 0 
1660396051.7707348 20.823828125 51.17319393317127 986.9950275583818 1 1 1 1 1 1 369 102 6 0 0 0 
1660396056.9022412 20.8390625 51.0964559207465 986.9809178605284 1 1 1 1 1 1 375 109 8 0 0 0 
1660396062.036214 20.8390625 51.18513055443168 986.9668072945954 1 1 1 1 1 1 375 109 8 0 0 0 
1660396067.169523 20.833984375 51.2385626184608 986.9934320145085 0 1 1 0 1 1 363 106 6 0 0 0 
1660396072.3041606 20.833984375 51.14954777878891 986.989337740835 0 1 1 0 1 1 363 106 6 0 0 0 
1660396077.4381268 20.833984375 51.09623072627876 986.9529364039569 0 1 1 0 1 1 363 106 6 0 0 0 
1660396082.5721567 20.81875 51.131473997883624 986.9798793487083 0 1 1 0 1 1 393 116 8 0 0 0 
1660396087.7062585 20.81875 50.977551870898765 986.9720972834657 1 2 2 1 2 2 393 116 8 0 0 0 
1660396092.8400846 20.81875 51.267433181466735 986.9903016667631 1 2 2 1 2 2 393 116 8 0 0 0 
1660396097.974002 20.82890625 51.22605487625218 987.0068152054077 1 2 2 1 2 2 399 118 6 0 0 0 
1660396103.1079268 20.82890625 51.20240990383669 986.9818820602932 1 2 2 1 2 2 399 118 6 0 0 0 
1660396108.242644 20.81875 51.20240990383669 986.9740998160477 1 2 2 1 2 2 399 118 6 0 0 0 
1660396113.3772957 20.80859375 51.219915528816195 986.9855685428331 1 1 1 1 1 1 363 111 4 0 0 0 
1660396118.5104926 20.81875 51.19649863498525 986.9967186982789 1 1 1 1 1 1 363 111 4 0 0 0 
1660396123.6434371 20.80859375 51.26708936332854 986.977786092124 1 1 1 1 1 1 363 111 4 0 0 0 
1660396128.7778676 20.813671875 51.161144173353904 986.9822007275711 1 1 1 1 1 1 369 116 6 0 0 0 
1660396133.9124212 20.81875 51.19058735583478 986.997037353199 1 1 1 1 1 1 369 116 6 0 0 0 
1660396139.0469453 20.81875 51.201954432402374 987.0024076233425 1 1 1 1 1 1 369 116 6 0 0 0 
1660396144.1811812 20.803515625 51.10749002371545 986.9996765410931 1 1 1 1 1 1 369 111 6 0 0 0 
1660396149.315492 20.7984375 51.379279597508656 986.9868420068865 0 1 1 0 1 1 366 107 12 0 0 0 
1660396154.4487138 20.783203125 51.31403107750546 986.9938954589682 1 2 2 1 2 2 366 107 12 0 0 0 
1660396159.5826085 20.78828125 51.22514159804743 987.0161031391108 1 2 2 1 2 2 366 107 12 0 0 0 
1660396164.7167792 20.778125 51.295954018006114 986.9772800392478 1 2 2 1 2 2 357 109 10 0 0 0 
1660396169.8502944 20.773046875 51.372789525272566 986.9890663474818 1 2 2 1 2 2 357 109 10 0 0 0 
1660396174.984178 20.76796875 51.408018840651195 986.9954840025093 0 1 1 0 1 1 357 109 10 0 0 0 
1660396180.117106 20.76796875 51.532012169683775 986.9907501060808 0 1 1 0 1 1 351 107 10 0 0 0 
1660396185.25093 20.7578125 51.57929084768066 987.0001203003516 0 1 1 0 1 1 351 107 10 0 0 0 
1660396190.3840077 20.7578125 51.177173648770506 987.024742332433 1 2 2 1 2 2 351 107 10 0 0 0 
1660396195.5168757 20.74765625 51.15955604535216 986.9897008866214 1 2 2 1 2 2 351 107 8 0 0 0 
1660396200.6508336 20.76796875 51.15421267594195 986.9884313698058 1 2 2 1 2 2 351 107 8 0 0 0 
1660396205.783802 20.78828125 51.31403107750546 986.9905277787261 1 2 2 1 2 2 351 107 8 0 0 0 
1660396210.9176934 20.803515625 51.44441315783648 986.9946248979732 1 2 2 1 2 2 363 109 10 0 0 0 
1660396216.0517366 20.80859375 51.154779499606335 986.9852499026711 1 2 2 1 2 2 363 109 10 0 0 0 
1660396221.1856115 20.82890625 51.24947088813089 987.0118741188779 1 2 2 1 2 2 363 109 10 0 0 0 
1660396226.320152 20.80859375 51.131473997883624 987.0105087294312 1 1 1 1 1 1 351 105 10 0 0 0 
1660396231.4541197 20.813671875 51.3263136174182 987.0158788927905 1 3 3 1 3 3 372 104 16 0 0 0 
1660396236.5871391 20.803515625 51.355752419143315 986.9801065935706 2 3 3 2 3 3 399 111 14 0 0 0 
1660396241.7217042 20.7984375 51.08964370074451 987.0120998167965 2 3 3 2 3 3 399 111 14 0 0 0 
1660396246.8555934 20.7984375 51.26094927984189 987.0266186483723 2 3 3 2 3 3 399 111 14 0 0 0 
1660396251.9895241 20.7984375 51.325852381823644 986.9885258603904 2 3 3 2 3 3 411 113 21 0 0 0 
1660396257.1236143 20.78828125 51.17808311728361 986.9756912982344 2 3 3 2 3 3 411 113 21 0 0 0 
1660396262.257199 20.7984375 51.036330581010446 986.9918935676084 2 3 3 2 3 3 411 113 21 0 0 0 
1660396267.3913891 20.778125 51.11886063949626 986.9945312053146 2 3 3 2 3 3 396 111 19 0 0 0 
1660396272.5245645 20.783203125 51.30197959037691 987.002950271566 2 3 3 2 3 3 396 111 19 0 0 0 
1660396277.6584237 20.783203125 51.16614778738927 986.9864299173079 2 3 3 2 3 3 396 111 19 0 0 0 
1660396282.7939305 20.78828125 51.36722662256257 986.9827445155023 2 3 3 2 3 3 396 115 19 0 0 0 
1660396287.9278164 20.78828125 51.28436277385724 986.9776930780613 2 3 3 2 3 3 396 115 19 0 0 0 
1660396293.0616832 20.7984375 51.485787376256106 986.9784227404165 2 3 3 2 3 3 396 115 19 0 0 0 
1660396298.1956148 20.803515625 51.20786542056143 986.9214903954655 2 3 3 2 3 3 432 127 21 0 0 0 
1660396303.329579 20.7984375 51.060199888732186 986.9383287707767 2 3 3 2 3 3 432 127 21 0 0 0 
1660396308.4638693 20.813671875 51.349957183971135 986.9747367378836 2 3 3 2 3 3 432 127 21 0 0 0 
1660396313.597592 20.793359375 51.27879647521983 986.9817904467943 2 3 3 2 3 3 483 136 19 2 0 0 
1660396318.731829 20.778125 51.29629904379612 986.9877959535733 2 3 3 2 3 3 483 136 19 2 0 0 
1660396323.8655884 20.778125 51.46735391456564 986.9634923395087 2 4 4 2 4 4 492 143 30 4 0 0 
1660396328.9990637 20.76796875 51.378583900407904 986.9752787387271 2 4 4 2 4 4 492 143 30 4 0 0 
1660396334.131865 20.783203125 51.16023692994345 986.9530718859669 2 4 4 2 4 4 492 143 30 4 0 0 
1660396339.2651181 20.773046875 51.343353173139334 986.9665421618848 2 4 4 2 4 4 459 134 28 4 0 0 
1660396344.3991327 20.778125 51.19558806070338 986.9729595262079 2 4 4 2 4 4 459 134 28 4 0 0 
1660396349.5337553 20.76796875 51.437802826076336 986.9772800392478 2 4 4 2 4 4 459 134 28 4 0 0 
1660396354.6675806 20.762890625 51.1361405987841 987.0123217300272 2 4 4 2 4 4 471 136 28 4 0 0 
1660396359.8020887 20.752734375 51.171490581620745 986.9815994031669 2 4 4 2 4 4 471 136 28 4 0 0 
1660396364.9361703 20.752734375 51.49631799701225 987.005171455599 2 4 4 2 4 4 471 136 28 4 0 0 
1660396370.0685182 20.72734375 51.50766744819783 987.0000201244148 2 4 4 2 4 4 462 133 24 4 0 0 
1660396375.2024665 20.7375 51.53154104111023 986.9872844917088 2 4 4 2 4 4 462 133 24 4 0 0 
1660396380.336914 20.7375 51.52563143036845 987.0004372145042 2 4 4 2 4 4 462 133 24 4 0 0 
1660396385.468619 20.74765625 51.28332852574754 986.9889681823795 2 3 3 2 3 3 462 133 24 4 0 0 
1660396390.6002614 20.74765625 51.34265965105642 987.0034877371131 2 3 3 2 3 3 462 133 24 4 0 0 
1660396395.73542 20.742578125 51.53780420688444 987.0290602054208 1 2 2 1 2 2 426 119 6 0 0 0 
1660396400.8675315 20.7375 51.37777176411109 987.0074887843749 1 2 2 1 2 2 426 119 6 0 0 0 
1660396405.9966881 20.7220703125 51.45448142683044 986.9949691733718 1 2 2 1 2 2 426 119 6 0 0 0 
1660396411.1266558 20.732421875 51.47858854306584 986.9876012950776 1 1 1 1 1 1 399 112 6 0 0 0 
1660396416.2558622 20.732421875 51.507902536371645 987.0223253822089 1 1 1 1 1 1 399 112 6 0 0 0 
1660396421.3899388 20.74765625 51.319019287781565 987.0203249251207 1 1 1 1 1 1 399 112 6 0 0 0 
1660396426.5248632 20.752734375 51.61486812514522 987.0082219367904 1 2 2 1 2 2 429 126 8 0 0 0 
1660396431.6586432 20.7578125 51.45471529843784 987.0085388927805 1 2 2 1 2 2 429 126 8 0 0 0 
1660396436.791283 20.742578125 51.283558433997676 987.0102226114764 1 2 2 1 2 2 429 126 8 0 0 0 
1660396441.924758 20.742578125 51.41937319065696 987.015590560117 1 1 1 1 1 1 435 130 10 0 0 0 
1660396447.0603092 20.74765625 51.425049880106116 986.9836001704722 1 1 1 1 1 1 435 130 10 0 0 0 
1660396452.1951513 20.74765625 51.43710275070742 987.0169574869593 1 1 1 1 1 1 435 130 10 0 0 0 
1660396457.3273757 20.752734375 51.455182912508576 987.005171455599 1 2 2 1 2 2 441 134 15 2 0 0 
1660396462.4620233 20.7578125 51.33083949001043 986.9731808163369 2 3 3 2 3 3 441 134 15 2 0 0 
1660396467.5944564 20.76796875 51.3548269859456 987.0106379569604 2 3 3 2 3 3 441 134 15 2 0 0 
1660396472.7283578 20.76796875 51.28992855976519 987.0052692301019 2 3 3 2 3 3 462 141 15 2 0 0 
1660396477.8604333 20.76796875 51.53212992492261 987.0045373797587 2 3 3 2 3 3 426 125 19 0 0 0 
1660396482.9937348 20.7578125 51.277877985675616 987.0109552147289 2 2 2 2 2 2 435 130 19 0 0 0 
1660396488.1273642 20.762890625 51.46723692430105 987.0213748396205 2 2 2 2 2 2 435 130 19 0 0 0 
1660396493.2644215 20.778125 51.520780389945095 987.0173730496474 2 2 2 2 2 2 435 130 19 0 0 0 
1660396498.3964155 20.76796875 51.295838987884686 987.0106379569604 2 3 3 2 3 3 456 141 21 2 0 0 
1660396503.5327685 20.762890625 51.48473283273058 987.0089541839639 2 3 3 2 3 3 456 141 21 2 0 0 
1660396508.667656 20.752734375 51.52019239722262 987.024742332433 2 3 3 2 3 3 456 141 21 2 0 0 
1660396513.8032632 20.742578125 51.490173549717596 987.0260093948388 2 3 3 2 3 3 435 141 19 2 0 0 
1660396518.936929 20.732421875 51.50164043880356 987.0266422683064 1 2 2 1 2 2 435 141 19 2 0 0 
1660396524.0706089 20.732421875 51.578580846212695 987.0212748506337 1 2 2 1 2 2 435 141 19 2 0 0 
1660396529.2026627 20.72734375 51.40743705353096 987.0411626278806 1 2 2 1 2 2 483 157 19 2 0 0 
1660396534.3337357 20.74765625 51.66154987273167 987.0220086443063 2 3 3 2 3 3 483 157 19 2 0 0 
1660396539.46712 20.7578125 51.413812591757704 987.0163236009271 2 3 3 2 3 3 483 157 19 2 0 0 
1660396544.5989704 20.773046875 51.449506504862384 986.9836975974115 2 3 3 2 3 3 441 143 15 2 0 0 
1660396549.729234 20.783203125 51.39654703815428 986.9823313137853 2 3 3 2 3 3 441 143 15 2 0 0 
1660396554.860291 20.793359375 51.42633180546422 987.0110516567963 2 3 3 2 3 3 441 143 15 2 0 0 
1660396559.988857 20.78828125 51.408716630045795 987.0046340850263 1 3 3 1 3 3 342 103 21 2 0 0 
1660396565.1236322 20.7984375 51.35540546241092 986.9897975157828 1 3 3 1 3 3 342 103 21 2 0 0 
1660396570.258224 20.783203125 51.30777497854378 987.0153719496394 0 1 1 0 1 1 306 92 17 2 0 0 
1660396575.3869956 20.783203125 51.47338114846304 987.0083193123996 0 1 1 0 1 1 306 92 17 2 0 0 
1660396580.5215063 20.783203125 51.46144371746158 987.0120043761802 0 1 1 0 1 1 306 92 17 2 0 0 
1660396585.6493492 20.76796875 51.520662812924286 987.0100031125121 0 1 1 0 1 1 327 94 13 2 0 0 
1660396590.7834623 20.76796875 51.425749273550686 986.9954840025093 1 2 2 1 2 2 327 94 13 2 0 0 
1660396595.9111423 20.76796875 51.544067671015455 986.997485141177 1 2 2 1 2 2 327 94 13 2 0 0 
1660396601.0443656 20.7578125 51.443713064368 987.017055736474 1 2 2 1 2 2 306 89 11 2 0 0 
1660396606.1773932 20.76796875 51.508607542608 986.9604424620063 1 2 2 1 2 2 306 89 11 2 0 0 
1660396611.3068159 20.78828125 51.47361521035766 987.0157853873673 1 2 2 1 2 2 306 89 11 2 0 0 
1660396616.4368842 20.803515625 51.35528978864234 986.9902097139644 1 2 2 1 2 2 279 80 15 4 0 0 
1660396621.5688393 20.80859375 51.308695913579996 987.0141949838644 1 2 2 1 2 2 279 80 15 4 0 0 
1660396626.6974964 20.80859375 51.27879647521983 987.0077777031061 0 1 1 0 1 1 279 80 15 4 0 0 
1660396631.8296778 20.813671875 51.486021600880626 986.9963087789431 0 1 1 0 1 1 237 68 13 4 0 0 
1660396636.9625828 20.803515625 51.367458208181205 986.9787409000834 0 1 1 0 1 1 237 68 13 4 0 0 
1660396642.0966182 20.7984375 51.46179442091995 986.9925295603664 1 2 2 1 2 2 339 98 8 2 0 0 
1660396647.2305508 20.793359375 51.41451085126477 986.9874780809919 1 2 2 1 2 2 339 98 8 2 0 0 
1660396652.3649638 20.778125 51.18990489529183 986.997581040371 1 2 2 1 2 2 339 98 8 2 0 0 
1660396657.499795 20.76796875 51.45553351006062 987.0140055031641 1 1 1 1 1 1 324 88 8 2 0 0 
1660396662.6327763 20.773046875 51.431892577487766 987.0019016574828 0 0 0 0 0 0 324 88 8 2 0 0 
1660396667.7666454 20.76796875 51.443479613782316 986.9651761106156 0 0 0 0 0 0 324 88 8 2 0 0 
1660396672.9010057 20.76796875 51.461092917145365 987.0055866381803 0 0 0 0 0 0 309 86 8 2 0 0 
1660396678.032894 20.7578125 51.401992407448866 986.9961186524524 1 1 1 1 1 1 309 86 8 2 0 0 
1660396683.1658187 20.762890625 51.496552728746025 986.979281203089 1 1 1 1 1 1 309 86 8 2 0 0 
1660396688.2968984 20.7578125 51.36676332217885 987.0143227338168 1 1 1 1 1 1 309 86 10 2 0 0 
1660396693.4281104 20.7578125 51.59134726561217 987.0055866381803 1 1 1 1 1 1 309 86 10 2 0 0 
1660396698.559542 20.76796875 51.52031001729081 987.0345278542237 1 1 1 1 1 1 309 86 10 2 0 0 
1660396703.6914673 20.762890625 51.69181421608894 987.0089541839639 1 2 2 1 2 2 318 93 10 2 0 0 
1660396708.82555 20.78828125 51.44974006910112 986.9965327135725 1 2 2 1 2 2 318 93 10 2 0 0 
1660396713.959291 20.803515625 51.3201722389481 986.9902097139644 1 2 2 1 2 2 318 93 10 2 0 0 
1660396719.0935733 20.80859375 51.49796021514922 987.0354492288585 1 2 2 1 2 2 318 93 10 2 0 0 
1660396724.2266874 20.833984375 51.15534605420291 987.004812447546 1 1 3 1 1 3 423 126 18 2 2 0 
1660396729.3610332 20.854296875 51.13226498013797 987.034486341359 1 1 3 1 1 3 417 124 18 2 2 0 
1660396734.495478 20.84921875 51.1140782382233 987.0058584928339 2 2 4 2 2 4 417 124 18 2 2 0 
1660396739.6299162 20.84921875 51.49263511860262 987.0176464280116 2 2 4 2 2 4 417 124 18 2 2 0 
1660396744.763197 20.84921875 51.41567375614262 987.0064964108893 2 2 3 2 2 3 375 114 14 2 2 0 
1660396749.897313 20.844140625 51.37429536071444 987.0011255762047 2 2 3 2 2 3 375 114 14 2 2 0 
1660396755.031324 20.84921875 51.10281816528412 987.0358514535844 2 2 3 2 2 3 375 114 14 2 2 0 
1660396760.165057 20.84921875 51.14397558015728 987.0557406959076 2 2 4 2 2 4 390 112 19 2 2 0 
1660396765.2994921 20.844140625 51.14374934711115 987.0361703330789 2 2 4 2 2 4 390 112 19 2 2 0 
1660396770.4332583 20.8390625 51.33291646058764 987.0176464280116 2 2 4 2 2 4 390 112 19 2 2 0 
1660396775.5667698 20.8390625 51.17933251179145 986.9778690435747 2 2 3 2 2 3 384 110 17 2 2 0 
1660396780.700775 20.8390625 51.40373530207084 987.0348051247348 2 2 3 2 2 3 384 110 17 2 2 0 
1660396785.8341556 20.82890625 51.18478970454083 987.0351237984364 2 2 3 2 2 3 384 110 17 2 2 0 
1660396790.967806 20.8390625 51.37997490717111 987.0449089947546 2 2 4 2 2 4 396 115 17 2 2 0 
1660396796.098174 20.8390625 51.40976258769565 987.066800721777 2 2 4 2 2 4 396 115 17 2 2 0 
1660396801.233558 20.8390625 51.42726329689861 987.0351237984364 2 2 4 2 2 4 396 115 17 2 2 0 
1660396806.3677013 20.823828125 51.23185190390437 987.0219777357609 0 1 1 0 1 1 342 98 14 0 0 0 
1660396811.5024555 20.81875 51.338597025435824 987.038817102833 0 1 1 0 1 1 342 98 14 0 0 0 
1660396816.6348178 20.81875 51.24958529138829 987.003773040755 1 1 1 1 1 1 369 110 10 0 0 0 
1660396821.7644641 20.80859375 51.479993854625675 987.0246166571359 1 1 1 1 1 1 369 110 10 0 0 0 
1660396826.8987594 20.81875 51.39712771888637 987.0276662572327 2 2 2 2 2 2 369 110 10 0 0 0 
1660396832.0277855 20.823828125 51.308695913579996 987.0495570860113 2 2 2 2 2 2 396 117 10 2 0 0 
1660396837.1597338 20.813671875 51.25526744748182 987.0353559785742 2 2 2 2 2 2 396 117 10 2 0 0 
1660396842.2941592 20.81875 51.46237871144433 987.0812335281562 2 2 2 2 2 2 396 117 10 2 0 0 
1660396847.4275007 20.81875 51.31437661478267 987.0330361367758 2 3 3 2 3 3 411 124 12 2 0 0 
1660396852.5610836 20.803515625 51.557067187703616 987.0630283711404 2 3 3 2 3 3 411 124 12 2 0 0 
1660396857.6961927 20.82890625 51.39770813056517 987.025664033048 2 3 3 2 3 3 411 124 12 2 0 0 
1660396862.830554 20.823828125 51.468406342658504 987.0556564769057 2 3 3 2 3 3 453 136 14 2 0 0 
1660396867.9655223 20.823828125 51.36792125027203 987.0475550371717 2 3 3 2 3 3 453 136 14 2 0 0 
1660396873.0973017 20.81875 51.574680968689044 987.0859673678784 2 3 3 2 3 3 453 136 14 2 0 0 
1660396878.2291605 20.81875 51.25538192909816 987.0963888582351 2 3 3 2 3 3 444 136 14 2 0 0 
1660396883.3604522 20.81875 51.22605487625218 987.0963888582351 2 3 3 2 3 3 444 136 14 2 0 0 
1660396888.4915702 20.833984375 51.48648992098667 987.0870084802995 1 1 2 1 1 2 381 102 12 2 0 0 
1660396893.625478 20.833984375 51.31495229499809 987.0991145025832 1 1 2 1 1 2 381 102 12 2 0 0 
1660396898.7569203 20.8390625 51.39214498148918 987.0536474129248 1 1 2 1 1 2 381 102 12 2 0 0 
1660396903.888108 20.833984375 51.16137087657956 987.0735366401644 1 1 2 1 1 2 339 86 14 2 0 0 
1660396909.0186045 20.82890625 51.36792125027203 987.052288601531 1 1 2 1 1 2 339 86 14 2 0 0 
1660396914.147874 20.823828125 51.196726170929594 987.0910127839251 1 1 2 1 1 2 339 86 14 2 0 0 
1660396919.2821443 20.823828125 51.362010269793345 987.075863735034 1 1 2 1 1 2 345 88 16 2 0 0 
1660396924.4162996 20.82890625 51.25004279679314 987.0573404146979 1 1 2 1 1 2 345 88 16 2 0 0 
1660396929.5456014 20.833984375 51.285166586359004 987.0472300212537 1 1 2 1 1 2 345 88 16 2 0 0 
1660396934.6761966 20.81875 51.43885221269212 987.0896531552776 1 1 2 1 1 2 357 95 12 2 0 0 
1660396939.8113701 20.81875 51.39144905445153 987.0849192190303 1 1 2 1 1 2 357 95 12 2 0 0 
1660396944.9447074 20.82890625 51.41544126126373 987.0623855875922 1 1 2 1 1 2 357 95 12 2 0 0 
1660396950.0756698 20.84921875 51.45125718735732 987.1001620703099 0 1 2 0 1 2 357 104 21 4 0 0 
