timestamp temperature humidity pressure pm10_standard pm25_standard pm100_standard pm10_env pm25_env pm100_env particles_03um particles_05um particles_10um particles_25um particles_50um particles_100um
1658922360.885729 22.1708984375 51.220705273974936 986.0667786358367 1 4 4 1 4 4 432 130 32 4 0 0 
1658922366.0144358 22.1708984375 50.98912542146383 986.0954663453429 1 4 4 1 4 4 432 130 32 4 0 0 
1658922371.144765 22.1759765625 51.06653686359525 986.0664238144558 1 4 4 1 4 4 432 130 32 4 0 0 
1658922376.2751784 22.1708984375 51.02513737450019 986.0657138406182 1 4 4 1 4 4 453 137 34 4 0 0 
1658922381.4055662 22.1810546875 51.13769238498978 986.0761941171063 1 4 4 1 4 4 453 137 34 4 0 0 
1658922386.5360842 22.1810546875 50.93618877210216 986.0525685741356 1 4 4 1 4 4 453 137 34 4 0 0 
1658922391.6665142 22.1759765625 51.209067770035034 986.0343608466349 1 4 4 1 4 4 432 130 34 2 0 0 
1658922396.7976084 22.1708984375 50.98330394194858 986.0650911241455 1 4 4 1 4 4 432 130 34 2 0 0 
1658922401.9272606 22.1556640625 50.92993623301101 986.072904851278 1 4 4 1 4 4 432 130 34 2 0 0 
1658922407.056879 22.1759765625 51.29185756226924 986.0785912196432 2 4 4 2 4 4 432 132 36 2 0 0 
1658922412.1899602 22.1607421875 51.10167683755387 986.0378225947373 2 2 2 2 2 2 471 132 19 0 0 0 
1658922417.3219633 22.1505859375 51.060171089225655 986.0671333468619 2 3 3 2 3 3 486 132 19 0 0 0 
1658922422.4554982 22.1810546875 51.32150390865226 986.0596737138579 2 3 3 2 3 3 486 132 19 0 0 0 
1658922427.5877416 22.1912109375 50.96001646038584 986.0643813438984 2 3 3 2 3 3 486 132 19 0 0 0 
1658922432.721456 22.2115234375 51.07927368398222 986.0474165053478 2 3 3 2 3 3 501 139 28 0 0 0 
1658922437.8502698 22.2166015625 51.04962249591976 986.0656245948994 2 3 3 2 3 3 501 139 28 0 0 0 
1658922442.9851987 22.2318359375 50.96702902572439 986.0912039716379 2 3 3 2 3 3 501 139 28 0 0 0 
1658922448.1174324 22.2318359375 50.9312299801513 986.0726395433135 2 3 3 2 3 3 522 144 32 0 0 0 
1658922453.251931 22.2318359375 50.931122571741426 986.0547872196703 2 3 3 2 3 3 522 144 32 0 0 0 
1658922458.3837137 22.2267578125 51.09124333133502 986.0848091285691 2 3 3 2 3 3 522 144 32 0 0 0 
1658922463.517324 22.2216796875 50.77109983905429 986.0581625138385 2 3 3 2 3 3 534 148 27 0 0 0 
1658922468.6485949 22.2421875 50.96702902572439 986.063845037336 2 3 3 2 3 3 534 148 27 0 0 0 
1658922473.7825706 22.2421875 50.79492914215442 986.0790342333354 2 3 3 2 3 3 534 148 27 0 0 0 
1658922478.9133816 22.2267578125 50.836338956795814 986.052743566233 2 3 3 2 3 3 513 144 23 0 0 0 
1658922484.0466619 22.25234375 50.84248247953266 986.048299482288 2 3 3 2 3 3 513 144 23 0 0 0 
1658922489.17938 22.2625 50.825008187408116 986.0712146231384 2 3 3 2 3 3 513 144 23 0 0 0 
1658922494.3145266 22.27265625 50.83697669004883 986.0293781505512 1 4 4 1 4 4 420 119 25 6 0 0 
1658922499.4493754 22.2625 51.003153743379 986.0806280397535 1 4 4 1 4 4 420 119 25 6 0 0 
1658922504.5821025 22.27265625 50.86091435006321 986.092442338533 1 4 4 1 4 4 429 119 23 6 0 0 
1658922509.7165136 22.267578125 50.93208885996116 986.0907545813535 1 4 4 1 4 4 429 119 23 6 0 0 
1658922514.8495188 22.2625 50.80732067252486 986.0479430071523 1 4 4 1 4 4 429 119 23 6 0 0 
1658922519.9827578 22.27265625 50.890356868514985 986.0485606747237 1 3 3 1 3 3 408 112 18 4 0 0 
1658922525.1162653 22.2421875 50.86620598361025 986.0702396019991 1 3 3 1 3 3 408 112 18 4 0 0 
1658922530.2473195 22.2421875 50.75955432442478 986.0824096109976 1 3 3 1 3 3 408 112 18 4 0 0 
1658922535.3802376 22.2369140625 50.7060691126442 986.0756588559544 1 3 3 1 3 3 393 109 18 4 0 0 
1658922540.5138133 22.2421875 51.04401830634402 986.0561188873887 1 3 3 1 3 3 393 109 18 4 0 0 
1658922545.6458826 22.2369140625 51.10343190287496 986.0912039716379 1 3 3 1 3 3 393 109 18 4 0 0 
1658922550.7795541 22.2318359375 50.812827866215216 986.092891647362 2 3 3 2 3 3 429 118 16 4 0 0 
1658922555.9132705 22.2421875 50.84248247953266 986.0463489854801 2 3 3 2 3 3 429 118 16 4 0 0 
1658922561.0445623 22.2267578125 51.008110397327286 986.0581625138385 2 3 3 2 3 3 429 118 16 4 0 0 
1658922566.17976 22.2216796875 51.032048785117766 986.0868525256254 1 3 5 1 3 5 423 116 18 6 2 2 
1658922571.3117843 22.2115234375 50.87170992623204 986.0733513410767 1 3 5 1 3 5 423 116 18 6 2 2 
1658922576.4438012 22.2216796875 50.83040817973462 986.0659801752751 2 3 3 2 3 3 495 140 20 2 0 0 
1658922581.5777843 22.2013671875 50.94287607346294 986.077793424204 2 3 3 2 3 3 495 140 20 2 0 0 
1658922586.7098787 22.2013671875 51.12034647347357 986.0683785845602 2 3 3 2 3 3 495 140 20 2 0 0 
1658922591.8440576 22.2013671875 51.1616308347045 986.112965335878 2 3 3 2 3 3 465 135 22 2 0 0 
1658922596.978963 22.1759765625 51.07861460197797 986.0508810358795 2 3 3 2 3 3 465 135 22 2 0 0 
1658922602.1134608 22.1810546875 50.97769841004457 986.0617161009742 2 3 3 2 3 3 465 135 22 2 0 0 
1658922607.2488625 22.1658203125 51.0072394558914 986.1052369147244 2 3 3 2 3 3 492 142 29 2 0 0 
1658922612.383599 22.1607421875 51.35081301425019 986.0843627970369 2 3 3 2 3 3 492 142 29 2 0 0 
1658922617.5156684 22.1708984375 51.19698751294348 986.0708629168726 2 3 3 2 3 3 492 142 29 2 0 0 
1658922622.649973 22.1607421875 51.113645174210866 986.0705083433276 2 4 4 2 4 4 501 145 31 2 0 0 
1658922627.784173 22.1708984375 51.06631870978737 986.0887162942192 2 4 4 2 4 4 501 145 31 2 0 0 
1658922632.917897 22.1708984375 50.97155252411987 986.1106539644838 2 4 4 2 4 4 501 145 31 2 0 0 
1658922638.0518563 22.1556640625 51.083670076307506 986.1083417629438 2 4 4 2 4 4 456 133 31 2 0 0 
1658922643.1868172 22.1607421875 50.98308763818565 986.1040304018047 2 4 4 2 4 4 456 133 31 2 0 0 
1658922648.3207476 22.1404296875 51.14911135680724 986.0820938010401 2 4 4 2 4 4 456 133 31 2 0 0 
1658922653.4541538 22.1404296875 51.08938049952069 986.092218384532 2 4 4 2 4 4 450 135 31 2 0 0 
1658922658.5889945 22.1302734375 51.17194541444796 986.0814678967912 2 4 4 2 4 4 495 139 25 2 0 0 
1658922663.7238295 22.1302734375 51.08927107146297 986.0966544061273 2 4 4 2 4 4 543 155 34 2 0 0 
1658922668.8562362 22.1251953125 51.266691648018565 986.0909651753628 2 4 4 2 4 4 543 155 34 2 0 0 
1658922673.9875915 22.1251953125 51.19543870949751 986.1172564306254 2 4 4 2 4 4 543 155 34 2 0 0 
1658922679.1194465 22.1201171875 51.225192189455505 986.1010892722522 2 4 4 2 4 4 555 157 32 2 0 0 
1658922684.2519794 22.1201171875 51.31423101913137 986.1051700895637 2 4 4 2 4 4 555 157 32 2 0 0 
1658922689.3802977 22.0998046875 50.99979208936716 986.1119193809499 2 4 4 2 4 4 555 157 32 2 0 0 
1658922694.5093524 22.1099609375 51.236715681149995 986.1068574123049 2 5 5 2 5 5 561 161 36 2 0 0 
1658922699.6437585 22.1048828125 51.27821357505933 986.1021483648318 2 5 5 2 5 5 561 161 36 2 0 0 
1658922704.7775526 22.1099609375 51.112438490849975 986.1051700895637 2 5 5 2 5 5 561 161 36 2 0 0 
1658922709.9110363 22.1048828125 51.15382861766863 986.0933588323438 2 3 3 2 3 3 456 131 25 2 0 0 
1658922715.0436366 22.1099609375 51.33179180372877 986.0967334769122 2 3 3 2 3 3 456 131 25 2 0 0 
1658922720.1788783 22.1302734375 51.07719435469826 986.0972806772271 2 3 3 2 3 3 456 131 25 2 0 0 
1658922725.309641 22.1404296875 50.98265490150477 986.1003016394342 2 4 4 2 4 4 471 136 32 2 0 0 
1658922730.4430246 22.1708984375 51.1435119939976 986.1245083250236 2 4 4 2 4 4 471 136 32 2 0 0 
1658922735.5726101 22.1861328125 51.04281802486372 986.1136745501391 2 4 4 2 4 4 471 136 32 2 0 0 
1658922740.7071424 22.1912109375 51.037214425122635 986.0994649030358 2 3 4 2 3 4 522 150 28 4 0 0 
1658922745.8418734 22.2013671875 51.173714872260724 986.1186510676373 2 3 4 2 3 4 522 150 28 4 0 0 
1658922750.9756072 22.2013671875 50.91872494681224 986.1203386630317 2 4 4 2 4 4 528 152 28 4 0 0 
1658922756.1090894 22.2216796875 50.93683812064759 986.1007092309593 2 4 4 2 4 4 528 152 28 4 0 0 
1658922761.2424448 22.2318359375 50.960882880793704 986.0720194401977 2 4 4 2 4 4 528 152 28 4 0 0 
1658922766.3757377 22.25234375 50.884318976132406 986.0921797335947 2 4 4 2 4 4 543 157 26 4 0 0 
1658922771.504123 22.247265625 50.902004994092735 986.0777025683763 2 4 4 2 4 4 543 157 26 4 0 0 
1658922776.6375444 22.2267578125 51.00854352531698 986.0679325136489 2 4 4 2 4 4 543 157 26 4 0 0 
1658922781.7679205 22.2216796875 50.907507473069536 986.1213161033417 2 4 4 2 4 4 522 152 28 4 0 0 
1658922786.9006205 22.2115234375 51.055335043921566 986.1095027466673 2 4 4 2 4 4 522 152 28 4 0 0 
1658922792.0347242 22.2216796875 50.91333090982211 986.1023968663429 2 4 4 2 4 4 522 152 28 4 0 0 
1658922797.1664522 22.2216796875 51.09124333133502 986.0986660657973 2 4 5 2 4 5 513 152 30 6 0 0 
1658922802.2970145 22.2421875 50.972959699619395 986.0672204137325 2 4 5 2 4 5 513 152 30 6 0 0 
1658922807.4309235 22.2318359375 50.836445272579475 986.0733513410767 2 4 5 2 4 5 513 152 30 6 0 0 
1658922812.5621924 22.2421875 50.712000242614764 986.1090567659863 2 4 4 2 4 4 492 145 28 6 0 0 
1658922817.6902654 22.2318359375 50.854237744427756 986.1047053794 2 4 4 2 4 4 492 145 28 6 0 0 
1658922822.8236654 22.2369140625 50.883998502832235 986.0696201748245 2 3 3 2 3 3 438 125 21 2 0 0 
1658922827.9557586 22.2216796875 50.824477392308545 986.0999980880096 2 3 3 2 3 3 438 125 21 2 0 0 
1658922833.0868936 22.2216796875 50.960775134314105 986.1013300270376 2 3 3 2 3 3 438 125 21 2 0 0 
1658922838.2182605 22.2166015625 51.01414909397244 986.085876043655 2 3 3 2 3 3 453 129 23 2 0 0 
1658922843.3476324 22.2216796875 51.01404072821943 986.0592297488624 2 3 3 2 3 3 453 129 23 2 0 0 
1658922848.4799824 22.2013671875 50.91893959004049 986.0477721245535 2 3 3 2 3 3 453 129 23 2 0 0 
1658922853.6138072 22.2013671875 50.91861348046324 986.1190060067867 2 3 3 2 3 3 459 131 21 2 0 0 
1658922858.7462318 22.1912109375 51.07279390018995 986.0674013930712 2 3 3 2 3 3 459 131 21 2 0 0 
1658922863.880218 22.1810546875 51.23256409231566 986.0512360896923 2 3 3 2 3 3 459 131 21 2 0 0 
1658922869.0137277 22.1810546875 51.02437703604148 986.0954663453429 1 3 3 1 3 3 402 117 21 2 0 0 
1658922874.1472816 22.1658203125 51.00713106047009 986.0894252532585 1 3 3 1 3 3 402 117 21 2 0 0 
1658922879.281283 22.1607421875 51.261877017071036 986.0742378864918 1 3 3 1 3 3 402 117 21 2 0 0 
1658922884.4147353 22.1556640625 51.01273532658594 986.0783215639241 1 2 2 1 2 2 393 114 17 2 0 0 
1658922889.547962 22.1556640625 51.13121363154204 986.0753440801179 1 2 2 1 2 2 393 114 17 2 0 0 
1658922894.6812735 22.1556640625 51.18468681106204 986.0918212293185 1 2 2 1 2 2 393 114 17 2 0 0 
1658922899.8139927 22.1505859375 51.20818208833496 986.0834271958682 1 2 2 1 2 2 408 117 8 0 0 0 
1658922904.9473035 22.1505859375 51.24375610966684 986.090176972451 2 3 3 2 3 3 519 149 25 0 0 0 
1658922910.0809932 22.1505859375 51.25561403388883 986.0652195008439 2 3 3 2 3 3 507 144 25 0 0 0 
1658922915.2144785 22.1404296875 51.13681302113596 986.1023429705549 2 3 3 2 3 3 507 144 25 0 0 0 
1658922920.3479812 22.1404296875 51.160529033289066 986.0861763749348 2 3 3 2 3 3 507 144 25 0 0 0 
1658922925.4802604 22.1302734375 51.06555483243422 986.1057178331249 2 2 2 2 2 2 471 130 18 0 0 0 
1658922930.6133811 22.1353515625 50.94093410938697 986.0861763749348 2 2 2 2 2 2 471 130 18 0 0 0 
1658922935.7461667 22.1251953125 51.195881440015846 986.0963007965067 2 2 2 2 2 2 471 130 18 0 0 0 
1658922940.8795671 22.1302734375 51.326424344626425 986.1047378164163 2 2 2 2 2 2 465 132 18 0 0 0 
1658922946.0130587 22.1353515625 51.45673794904268 986.1030504122938 2 2 2 2 2 2 465 132 18 0 0 0 
1658922951.145642 22.1302734375 51.17820549146829 986.0544696720307 2 2 2 2 2 2 465 132 18 0 0 0 
1658922956.2796428 22.1251953125 51.14845082892186 986.0895511818443 2 2 2 2 2 2 471 134 16 0 0 0 
1658922961.4132462 22.1353515625 51.21970742305576 986.0730309496203 2 2 2 2 2 2 471 134 16 0 0 0 
1658922966.5471637 22.1302734375 51.249128810037895 986.0747183389138 2 2 2 2 2 2 471 134 16 0 0 0 
1658922971.6806233 22.1404296875 51.19006323800941 986.1074052645154 2 2 2 2 2 2 471 130 14 0 0 0 
1658922976.8102694 22.1404296875 51.30875035352666 986.0777393588914 2 2 2 2 2 2 471 130 14 0 0 0 
1658922981.9436853 22.1404296875 51.20796056028624 986.1057178331249 2 2 2 2 2 2 471 130 14 0 0 0 
1658922987.0772119 22.1353515625 51.036235726983314 986.0571364956388 2 3 3 2 3 3 519 153 23 0 0 0 
1658922992.2099316 22.1404296875 51.27899501612085 986.1030504122938 2 3 3 2 3 3 519 153 23 0 0 0 
1658922997.3433626 22.1302734375 51.2313428911076 986.1145086718725 2 3 3 2 3 3 528 157 27 0 0 0 
1658923002.4767654 22.1353515625 51.059516645998016 986.1023429705549 2 3 3 2 3 3 528 157 27 0 0 0 
1658923007.6101468 22.1302734375 51.017904591298326 986.1101535303175 2 3 3 2 3 3 528 157 27 0 0 0 
1658923012.7440722 22.1556640625 51.22004013688991 986.1006555393753 2 4 4 2 4 4 534 161 27 0 0 0 
1658923017.8774981 22.1353515625 51.12495495289577 986.1178835082993 2 4 4 2 4 4 534 161 27 0 0 0 
1658923023.0111592 22.1404296875 50.96475896723637 986.1239258722374 2 4 4 2 4 4 534 161 27 0 0 0 
1658923028.1446006 22.1353515625 51.29074067305862 986.1141549907802 2 4 4 2 4 4 528 156 29 0 0 0 
1658923033.2770128 22.1302734375 51.201588740840734 986.1246331819966 2 4 4 2 4 4 528 156 29 0 0 0 
1658923038.410553 22.1353515625 50.99429676368843 986.1111338357266 2 4 4 2 4 4 528 156 29 0 0 0 
1658923043.5444527 22.1302734375 51.225414230744384 986.0979882003479 2 3 3 2 3 3 501 147 29 0 0 0 
1658923048.6778586 22.1404296875 51.326312201681006 986.0979882003479 2 3 3 2 3 3 501 147 29 0 0 0 
1658923053.8110576 22.1455078125 51.249462602477 986.1317362919376 2 3 3 2 3 3 501 147 29 0 0 0 
1658923058.9435806 22.1505859375 51.22026189230095 986.1006555393753 2 3 3 2 3 3 480 140 29 0 0 0 
1658923064.0769956 22.1556640625 51.113645174210866 986.1008833241731 2 3 3 2 3 3 480 140 29 0 0 0 
1658923069.2103379 22.1708984375 51.2265237914489 986.1093208228949 2 4 4 2 4 4 483 150 27 4 0 0 
1658923074.3437223 22.1658203125 51.10211481081753 986.1187371322318 2 4 4 2 4 4 483 150 27 4 0 0 
1658923079.4771104 22.1912109375 51.03710572393607 986.1062151188943 2 4 4 2 4 4 483 150 27 4 0 0 
1658923084.610633 22.2064453125 50.88292544549288 986.0839219182083 2 4 4 2 4 4 468 143 27 4 0 0 
1658923089.7431924 22.2064453125 51.019754149730495 986.1503606003566 2 4 4 2 4 4 468 143 27 4 0 0 
1658923094.875658 22.2064453125 51.173714872260724 986.1085254967454 2 4 4 2 4 4 468 143 27 4 0 0 
1658923100.0090575 22.1912109375 51.00163457697971 986.1058602919657 2 4 4 2 4 4 435 132 25 4 0 0 
1658923105.1423385 22.1912109375 51.17349013071498 986.0910271347949 2 4 4 2 4 4 435 132 25 4 0 0 
1658923110.274773 22.1912109375 51.00756457757822 986.1156308433361 2 4 4 2 4 4 435 132 25 4 0 0 
1658923115.4085238 22.2013671875 51.00789376875535 986.1085254967454 2 4 4 2 4 4 450 135 27 4 0 0 
1658923120.5442238 22.1861328125 51.090474188151745 986.0792142622105 2 4 4 2 4 4 450 135 27 4 0 0 
1658923125.6791537 22.2115234375 51.11452615772844 986.0963571080534 2 4 4 2 4 4 450 135 27 4 0 0 
1658923130.8128378 22.2013671875 51.0671952590738 986.0707764981879 1 3 3 1 3 3 423 128 27 4 0 0 
1658923135.947209 22.1912109375 50.8890737118661 986.1102130917184 1 3 3 1 3 3 423 128 27 4 0 0 
1658923141.0809462 22.2013671875 51.031284476340176 986.0852543849377 1 3 3 1 3 3 423 128 27 4 0 0 
1658923146.2131505 22.2013671875 51.05522617260771 986.0933371451544 1 3 3 1 3 3 402 121 25 2 0 0 
1658923151.3463397 22.2013671875 50.7943998222735 986.1119006867614 1 3 4 1 3 4 426 124 24 4 0 0 
1658923156.4802098 22.2115234375 50.841950508706944 986.0815239867433 1 3 4 1 3 4 441 129 24 4 0 0 
1658923161.610267 22.2064453125 50.94859124204373 986.0983999283852 1 3 4 1 3 4 441 129 24 4 0 0 
1658923166.7438672 22.2115234375 51.0255757914088 986.0815239867433 1 3 4 1 3 4 441 129 24 4 0 0 
1658923171.8771017 22.2166015625 51.19798630671715 986.1037290126401 1 3 4 1 3 4 447 131 22 4 0 0 
1658923177.0114224 22.2216796875 51.04962249591976 986.1307314064901 1 3 4 1 3 4 447 131 22 4 0 0 
1658923182.1452594 22.2369140625 51.02622682954694 986.0801019327886 1 3 4 1 3 4 447 131 22 4 0 0 
1658923187.279331 22.2267578125 50.960775134314105 986.0885401740104 1 3 3 1 3 3 411 121 15 4 0 0 
1658923192.4139943 22.2216796875 51.043583512645206 986.1357943573411 1 3 3 1 3 3 411 121 15 4 0 0 
1658923197.5486908 22.2318359375 50.91926147415985 986.1033734131031 1 3 3 1 3 3 411 121 15 4 0 0 
1658923202.6827817 22.2216796875 50.80668496784104 986.1222931564782 1 3 4 1 3 4 384 119 15 6 0 0 
1658923207.8187673 22.2216796875 50.86006196139179 986.1003537146747 1 3 4 1 3 4 384 119 15 6 0 0 
1658923212.954666 22.2267578125 50.9072931864068 986.0855205156716 1 3 4 1 3 4 384 119 15 6 0 0 
1658923218.0902128 22.2115234375 51.019754149730495 986.0909389074259 1 2 3 1 2 3 369 109 12 6 0 0 
1658923223.224832 22.2166015625 50.97231237709556 986.1550685699683 1 2 3 1 2 3 369 109 12 6 0 0 
1658923228.3569138 22.2115234375 50.96659779087893 986.1139432617164 1 2 3 1 2 3 369 109 12 6 0 0 
1658923233.4912317 22.1861328125 51.04303559474526 986.1490277954998 2 3 4 2 3 4 471 134 19 4 2 0 
1658923238.6237001 22.1912109375 50.971876461078594 986.139611659411 2 3 4 2 3 4 471 134 19 4 2 0 
1658923243.7553134 22.1861328125 50.764214862706005 986.1234452443896 1 3 4 1 3 4 438 130 19 4 2 0 
1658923248.8867266 22.1759765625 51.0311758427639 986.0954663453429 1 3 4 1 3 4 438 130 19 4 2 0 
1658923254.017083 22.2013671875 51.04918730262834 986.1227359721728 1 3 4 1 3 4 438 130 19 4 2 0 
1658923259.1515052 22.1810546875 50.91257604309582 986.1095902272455 2 3 4 2 3 4 480 144 19 4 2 0 
1658923264.282365 22.1912109375 51.18512857025275 986.0748614417851 2 3 4 2 3 4 480 144 19 4 2 0 
1658923269.4164195 22.1810546875 51.00734784054986 986.1234452443896 2 3 4 2 3 4 480 144 19 4 2 0 
1658923274.5485373 22.1912109375 51.13198241332624 986.1325066634013 2 3 4 2 3 4 465 134 19 4 2 0 
1658923279.6816187 22.1861328125 50.817693218824644 986.08125673525 2 3 4 2 3 4 465 134 19 4 2 0 
1658923284.81267 22.2064453125 50.85349188793662 986.0586084247919 2 3 4 2 3 4 465 134 19 4 2 0 
1658923289.9457517 22.2064453125 50.91311646640248 986.0903171264221 1 3 4 1 3 4 450 134 21 4 2 0 
1658923295.0760345 22.2267578125 51.17415574456193 986.1087919601158 1 3 4 1 3 4 450 134 21 4 2 0 
1658923300.2099986 22.2421875 50.961206055654756 986.1255779542255 1 3 4 1 3 4 450 134 21 4 2 0 
1658923305.3457665 22.2421875 50.74186615088941 986.107724952431 2 3 4 2 3 4 492 143 16 2 2 0 
1658923310.4801385 22.25234375 50.73010876930778 986.096886760798 2 3 4 2 3 4 492 143 16 2 2 0 
1658923315.6110845 22.27265625 50.83708294125292 986.1029252417919 1 4 4 1 4 4 423 127 29 2 0 0 
1658923320.7445633 22.277734375 50.78391256750787 986.1025688830865 1 4 4 1 4 4 423 127 29 2 0 0 
1658923325.876977 22.2828125 50.973822193593755 986.093416911525 1 4 4 1 4 4 423 127 29 2 0 0 
1658923331.0094864 22.277734375 50.84905178661203 986.1352551252113 1 4 4 1 4 4 429 127 31 2 0 0 
1658923336.144593 22.29296875 50.630209898997464 986.1092245616701 1 4 4 1 4 4 429 127 31 2 0 0 
1658923341.2795806 22.29296875 50.65362587073754 986.1146448416346 1 4 4 1 4 4 429 127 31 2 0 0 
1658923346.4106162 22.29296875 50.64197009678812 986.1311663031399 2 4 4 2 4 4 456 136 29 2 0 0 
1658923351.5463283 22.29296875 50.71304850044449 986.1014991445568 2 4 4 2 4 4 456 136 29 2 0 0 
1658923356.6802137 22.287890625 50.69504389100914 986.1288603997154 2 4 4 2 4 4 456 136 29 2 0 0 
1658923361.814522 22.2828125 50.67152563928091 986.1271726138604 2 5 5 2 5 5 492 148 33 4 0 0 
1658923366.9471185 22.277734375 50.71877059557855 986.118733685639 2 5 5 2 5 5 492 148 33 4 0 0 
1658923372.078277 22.2828125 50.67131702056375 986.1221092567165 2 5 5 2 5 5 492 148 33 4 0 0 
1658923377.2117198 22.29296875 50.534987055771474 986.131522969715 2 4 4 2 4 4 486 146 29 4 0 0 
1658923382.3443995 22.2828125 50.8727768720473 986.1089634993466 2 4 4 2 4 4 486 146 29 4 0 0 
1658923387.4784548 22.27265625 50.617723511076754 986.1042566407582 2 4 4 2 4 4 486 146 29 4 0 0 
1658923392.6120875 22.2828125 50.73635536565402 986.1224656734543 2 5 5 2 5 5 570 167 33 4 0 0 
1658923397.7402813 22.27265625 50.878601403725035 986.1211342213438 3 5 5 3 5 5 543 165 30 6 0 0 
1658923402.8726718 22.267578125 50.67703995670417 986.1211342213438 3 5 5 3 5 5 522 163 30 6 0 0 
1658923408.0050404 22.27265625 50.98546876272432 986.1157145858378 3 5 5 3 5 5 522 163 30 6 0 0 
1658923413.140207 22.2828125 50.8905705772726 986.1224656734543 3 5 5 3 5 5 522 163 30 6 0 0 
1658923418.2742438 22.277734375 50.73063388565975 986.111982544328 3 6 6 3 6 6 579 181 34 8 0 0 
1658923423.4062734 22.277734375 50.86684561623864 986.1633282035759 3 6 6 3 6 6 579 181 34 8 0 0 
1658923428.5406976 22.29296875 50.60034240965139 986.1298351565904 3 6 6 3 6 6 579 181 34 8 0 0 
1658923433.6743255 22.287890625 50.67745750769316 986.1166893323699 3 7 7 3 7 7 606 192 41 10 0 0 
1658923438.8078346 22.27265625 50.64758998424235 986.1322359716369 3 7 7 3 7 7 606 192 41 10 0 0 
1658923443.9414124 22.27265625 50.86091435006321 986.1464506054085 3 7 7 3 7 7 606 192 41 10 0 0 
1658923449.0737562 22.2625 50.736040060684545 986.1252219926479 3 6 6 3 6 6 585 185 39 10 0 0 
1658923454.2090816 22.2625 50.83104550727664 986.1141198770752 3 6 6 3 6 6 585 185 39 10 0 0 
1658923459.3440502 22.257421875 50.83687042808149 986.1475182923241 3 6 6 3 6 6 585 185 39 10 0 0 
1658923464.478276 22.247265625 50.90211201061144 986.1276215097394 3 6 6 3 6 6 534 169 30 10 0 0 
1658923469.6104488 22.2421875 50.931337377798144 986.1191829887969 3 6 6 3 6 6 534 169 30 10 0 0 
1658923474.7382536 22.2421875 50.759448909226535 986.1161634030916 3 6 6 3 6 6 534 169 30 10 0 0 
1658923479.871736 22.2421875 50.82479590165816 986.1634187592797 2 4 4 2 4 4 516 150 20 2 0 0 
1658923485.0062811 22.2369140625 50.82458357285505 986.1408573088249 2 4 4 2 4 4 516 150 20 2 0 0 
1658923490.1396227 22.2318359375 51.049840027988985 986.1425449594601 3 4 4 3 4 4 543 162 18 2 0 0 
1658923495.2719436 22.2216796875 50.83040817973462 986.1007092309593 3 4 4 3 4 4 543 162 18 2 0 0 
1658923500.405466 22.2166015625 51.09673627101102 986.1246913487386 3 4 4 3 4 4 543 162 18 2 0 0 
1658923505.5366266 22.2064453125 50.96066737707154 986.1297542173614 2 4 4 2 4 4 528 155 16 2 0 0 
1658923510.6722887 22.2115234375 50.74123478002101 986.1398799565058 2 4 4 2 4 4 528 155 16 2 0 0 
1658923515.8064055 22.2216796875 51.09113408665636 986.123003726005 2 4 4 2 4 4 528 155 16 2 0 0 
1658923520.939977 22.2267578125 51.05587923904982 986.1222931564782 2 3 3 2 3 3 507 148 14 0 0 0 
1658923526.07317 22.2115234375 50.91311646640248 986.1344619519907 2 3 3 2 3 3 507 148 14 0 0 0 
1658923531.207481 22.2216796875 51.15647554866285 986.1381923331392 2 3 3 2 3 3 507 148 14 0 0 0 
1658923536.3396432 22.2064453125 50.90093423693493 986.1254014496378 2 3 3 2 3 3 528 153 14 0 0 0 
1658923541.474436 22.2013671875 51.05511729053113 986.1615500633326 2 3 3 2 3 3 528 153 14 0 0 0 
1658923546.6058803 22.1912109375 50.971984418538945 986.1285078684393 2 3 3 2 3 3 528 153 14 0 0 0 
1658923551.737818 22.1759765625 51.0667549743523 986.0981321336326 2 3 4 2 3 4 501 148 18 2 0 0 
1658923556.8686244 22.1810546875 51.12572348744888 986.1224665610862 2 3 4 2 3 4 501 148 18 2 0 0 
1658923561.999677 22.1708984375 51.090255536526776 986.125487242673 1 2 3 1 2 3 411 109 23 2 0 0 
1658923567.1324713 22.1708984375 50.87085148560352 986.1237997149573 1 2 3 1 2 3 411 109 23 2 0 0 
1658923572.2673998 22.1759765625 50.98341207768567 986.1406749952783 1 2 3 1 2 3 411 109 23 2 0 0 
1658923577.4021528 22.1759765625 51.042600411931105 986.1275291035421 1 2 3 1 2 3 411 109 21 2 0 0 
1658923582.5340624 22.1607421875 50.88832037000098 986.155862753579 1 2 3 1 2 3 411 109 21 2 0 0 
1658923587.66609 22.1708984375 51.083998028504595 986.1359666757076 1 2 3 1 2 3 411 109 21 2 0 0 
1658923592.8006465 22.1556640625 51.101895845710956 986.1481333396545 1 2 2 1 2 2 411 111 26 0 0 0 
1658923597.9347193 22.1607421875 50.97715806942094 986.1454661798477 1 2 2 1 2 2 411 111 26 0 0 0 
1658923603.0671163 22.1708984375 50.876567684749276 986.1278833262701 1 2 2 1 2 2 411 111 26 0 0 0 
1658923608.2002873 22.1708984375 51.23838245386001 986.0961751958719 1 3 3 1 3 3 438 121 24 0 0 0 
1658923613.3319972 22.1912109375 51.1320921962452 986.1183826209727 1 3 3 1 3 3 438 121 24 0 0 0 
1658923618.465112 22.1759765625 51.108373002181644 986.1048822949543 1 3 3 1 3 3 438 121 24 0 0 0 
1658923623.597242 22.1861328125 50.96001646038584 986.1281533282038 1 3 3 1 3 3 453 130 28 0 0 0 
1658923628.7245157 22.1810546875 50.90082298123353 986.1015072141528 1 3 3 1 3 3 453 130 28 0 0 0 
1658923633.857665 22.1912109375 51.054895305274734 986.0876520279905 1 3 3 1 3 3 453 130 28 0 0 0 
1658923638.9891272 22.2166015625 50.9250846765747 986.1095027466673 2 3 3 2 3 3 447 130 28 0 0 0 
1658923644.1234922 22.2369140625 50.872030122989976 986.0885401740104 2 3 3 2 3 3 459 131 35 0 0 0 
1658923649.254022 22.2318359375 50.996682291545866 986.1414787656216 2 3 3 2 3 3 459 131 35 0 0 0 
1658923654.3886366 22.25234375 50.78317299376393 986.0962669990212 2 3 3 2 3 3 459 131 35 0 0 0 
1658923659.5233078 22.25234375 50.996898520516666 986.1090567659863 2 4 4 2 4 4 495 143 35 0 0 0 
1658923664.658019 22.2318359375 50.90168387995802 986.1485849857087 2 4 4 2 4 4 495 143 35 0 0 0 
1658923669.7923303 22.2216796875 50.92529936892818 986.0618936365453 2 4 4 2 4 4 495 143 35 0 0 0 
1658923674.924261 22.2216796875 51.00832698284782 986.0999980880096 1 3 3 1 3 3 465 136 35 0 0 0 
1658923680.0551808 22.2115234375 51.04369222721405 986.0960017718297 1 3 3 1 3 3 465 136 35 0 0 0 
1658923685.188328 22.2115234375 50.90125557709491 986.1031075406539 1 3 3 1 3 3 465 136 35 0 0 0 
1658923690.3217707 22.2166015625 51.02579284717274 986.1162532357736 2 3 3 2 3 3 456 136 28 0 0 0 
1658923695.4533806 22.2013671875 50.971984418538945 986.0781487992585 2 3 3 2 3 3 456 136 28 0 0 0 
1658923700.5850842 22.2267578125 51.032048785117766 986.0902278224659 2 3 3 2 3 3 456 136 28 0 0 0 
1658923705.7153773 22.2318359375 50.907507473069536 986.078414284755 2 3 3 2 3 3 489 143 28 0 0 0 
1658923710.8499095 22.2166015625 50.9134381153873 986.0757503180116 2 3 3 2 3 3 489 143 28 0 0 0 
1658923715.9805954 22.257421875 50.77162759125771 986.1107444696122 2 3 3 2 3 3 489 143 28 0 0 0 
1658923721.1143913 22.2369140625 50.996682291545866 986.097598813959 None None None None None None None None None None None None 
1658923726.248001 22.2267578125 50.86016854764695 986.0834772290661 1 3 3 1 3 3 417 126 18 2 0 0 
1658923731.3848677 22.2318359375 50.74165573698727 986.0861409448875 1 3 3 1 3 3 417 126 18 2 0 0 
1658923736.517703 22.2267578125 50.872030122989976 986.0244095848129 1 3 3 1 3 3 417 126 18 2 0 0 
1658923741.6519606 22.2318359375 50.86016854764695 986.07637082023 2 3 3 2 3 3 480 145 16 0 0 0 
1658923746.7862413 22.25234375 51.06806692387556 986.0732587344127 2 3 3 2 3 3 480 145 16 0 0 0 
1658923751.9190292 22.247265625 50.68255355054339 986.0901358947101 2 3 3 2 3 3 480 145 16 0 0 0 
1658923757.0524068 22.247265625 50.79524660492256 986.0857849889413 2 3 3 2 3 3 480 142 16 0 0 0 
1658923762.1862197 22.2318359375 50.88960854882468 986.0990215956461 2 3 3 2 3 3 480 142 16 0 0 0 
1658923767.320238 22.2166015625 50.88357105441458 986.0821452463813 2 3 3 2 3 3 480 142 16 0 0 0 
1658923772.4537342 22.2115234375 51.019754149730495 986.0781487992585 2 3 3 2 3 3 486 144 18 0 0 0 
1658923777.587962 22.2013671875 50.94276850829845 986.0811686388165 2 3 3 2 3 3 486 144 18 0 0 0 
1658923782.7216792 22.2064453125 50.889394646330665 986.0950247394944 2 3 3 2 3 3 486 144 18 0 0 0 
1658923787.8551118 22.2115234375 50.7110518527181 986.1304642368766 2 3 3 2 3 3 501 144 18 0 0 0 
1658923792.9887555 22.2115234375 50.859528868667915 986.1132331916637 2 3 3 2 3 3 501 144 18 0 0 0 
1658923798.1217346 22.2115234375 50.91311646640248 986.0875636648416 2 3 3 2 3 3 501 144 18 0 0 0 
1658923803.2547474 22.2115234375 50.88960854882468 986.1010646368663 2 3 3 2 3 3 453 133 26 2 0 0 
1658923808.38896 22.2166015625 50.98428093165772 986.1273561062744 2 3 3 2 3 3 453 133 26 2 0 0 
1658923813.5232785 22.2421875 50.67641330731109 986.114831438175 2 4 4 2 4 4 468 137 30 2 0 0 
1658923818.6580167 22.257421875 50.6527926744419 986.0938674365175 2 4 4 2 4 4 468 137 30 2 0 0 
1658923823.7922513 22.25234375 50.84873262729061 986.1141198770752 2 4 4 2 4 4 468 137 30 2 0 0 
1658923828.9264762 22.247265625 50.84269519252019 986.1306411081164 2 4 4 2 4 4 516 146 28 2 0 0 
1658923834.0577712 22.247265625 50.83083310781574 986.1441428549199 2 4 4 2 4 4 516 146 28 2 0 0 
1658923839.188539 22.267578125 50.62365520228998 986.1117201435192 2 4 4 2 4 4 516 146 28 2 0 0 
1658923844.3217797 22.277734375 50.96174446516401 986.1204214711424 2 3 3 2 3 3 480 137 21 2 0 0 
1658923849.4503226 22.287890625 50.7367756215909 986.1213960920228 2 3 3 2 3 3 480 137 21 2 0 0 
1658923854.5833416 22.31328125 50.59461722382693 986.1135741037367 2 3 3 2 3 3 480 137 21 2 0 0 
1658923859.717968 22.308203125 50.50563390290943 986.1189946458561 2 4 4 2 4 4 531 154 23 2 0 0 
1658923864.8502786 22.29296875 50.707221393198346 986.1334713759028 2 4 4 2 4 4 531 154 23 2 0 0 
1658923869.9843729 22.303125 50.7606078844175 986.1527514558454 2 4 4 2 4 4 531 154 23 2 0 0 
1658923875.118415 22.287890625 50.61803466168217 986.1396054376394 2 4 4 2 4 4 543 154 23 2 0 0 
1658923880.2520053 22.298046875 50.57088856634928 986.118020466688 2 4 4 2 4 4 543 154 23 2 0 0 
1658923885.3848093 22.298046875 50.73105378499797 986.1237012238997 1 2 2 1 2 2 375 106 15 2 0 0 
1658923890.5180047 22.303125 50.784229366232985 986.1227271703988 1 2 2 1 2 2 375 106 15 2 0 0 
1658923895.6515605 22.29296875 50.576511112730245 986.1268161274103 1 2 2 1 2 2 375 106 15 2 0 0 
1658923900.7858777 22.29296875 50.4641075547967 986.1251283280611 2 3 3 2 3 3 429 124 22 2 0 0 
1658923905.9201264 22.2828125 50.67724875372597 986.1251283280611 2 3 3 2 3 3 429 124 22 2 0 0 
1658923911.0549421 22.29296875 50.938342106917716 986.1173068060951 2 3 3 2 3 3 429 124 22 2 0 0 
1658923916.188738 22.303125 50.778614183432055 986.1186376635018 2 2 2 2 2 2 396 113 22 2 0 0 
1658923921.3230133 22.29296875 50.481904623339915 986.0953648956031 2 2 2 2 2 2 396 113 22 2 0 0 
1658923926.4569807 22.31328125 50.772682288408035 986.1300956409275 2 2 2 2 2 2 396 113 22 2 0 0 
1658923931.5884776 22.318359375 50.6129314775413 986.1222723530507 1 3 3 1 3 3 402 113 26 2 0 0 
1658923936.722991 22.328515625 50.6721512371045 986.1260055250691 1 3 3 1 3 3 402 113 26 2 0 0 
1658923941.8568869 22.318359375 50.559333103402814 986.1040629037404 1 3 3 1 3 3 402 113 26 2 0 0 
1658923946.9911513 22.31328125 50.553297791880304 986.0929625747682 2 3 3 2 3 3 417 117 24 0 0 0 
1658923952.124463 22.29296875 50.7254364832673 986.1186376635018 2 3 3 2 3 3 417 117 24 0 0 0 
1658923957.2579818 22.298046875 50.760713181217824 986.110912387515 2 3 3 2 3 3 417 117 24 0 0 0 
1658923962.3909304 22.29296875 50.73094882630869 986.1126002134303 2 3 3 2 3 3 438 127 24 0 0 0 
1658923967.5253885 22.2828125 50.67142133530416 986.13321078291 1 3 3 1 3 3 465 134 31 2 0 0 
1658923972.6593173 22.29296875 50.45203921951764 986.1261028232842 1 3 3 1 3 3 438 132 31 2 0 0 
1658923977.793925 22.298046875 50.74853393687421 986.1116259357992 1 3 3 1 3 3 438 132 31 2 0 0 
1658923982.9281032 22.2828125 50.902646931758426 986.1487575253501 1 3 3 1 3 3 438 132 31 2 0 0 
1658923988.0627222 22.277734375 50.81356980665768 986.1369429249825 1 3 3 1 3 3 468 132 33 2 0 0 
1658923993.1965735 22.287890625 50.84333307316485 986.1200649304354 1 3 3 1 3 3 468 132 33 2 0 0 
1658923998.3308203 22.287890625 50.683180476520945 986.1059443985002 1 3 3 1 3 3 468 132 33 2 0 0 
1658924003.4655962 22.2828125 50.564647148293744 986.1406749026712 1 3 3 1 3 3 462 125 33 2 0 0 
1658924008.5994277 22.2828125 50.69504389100914 986.1237970423608 1 3 3 1 3 3 462 125 33 2 0 0 
1658924013.7336457 22.29296875 50.59420354603511 986.1112692168624 1 3 3 1 3 3 462 125 33 2 0 0 
1658924018.8663938 22.277734375 50.6771443605969 986.1365864095106 1 3 3 1 3 3 453 123 29 2 0 0 
1658924023.9997792 22.2828125 50.4401746843784 986.0866657744338 1 3 3 1 3 3 453 123 29 2 0 0 
1658924029.13347 22.27265625 50.87892151272799 986.1082503384372 1 3 3 1 3 3 453 123 29 2 0 0 
1658924034.2668793 22.277734375 50.7719441134187 986.093416911525 2 3 3 2 3 3 510 142 27 2 0 0 
1658924039.3998742 22.2828125 50.82532653530835 986.1153581148428 2 3 3 2 3 3 510 142 27 2 0 0 
1658924044.5342555 22.267578125 50.7896326478639 986.1049692206427 2 3 3 2 3 3 510 142 27 2 0 0 
1658924049.6678872 22.2625 50.74800786000428 986.1083446819403 2 3 3 2 3 3 516 147 16 2 0 0 
1658924054.801993 22.2625 50.70638350014012 986.0961742660652 2 3 3 2 3 3 516 147 16 2 0 0 
1658924059.9364371 22.257421875 50.605549255834994 986.0972428425739 2 3 3 2 3 3 516 152 18 2 0 0 
1658924065.070901 22.267578125 50.42207338108352 986.1136703295502 2 3 3 2 3 3 516 152 18 2 0 0 
1658924070.2054393 22.287890625 50.701080235565456 986.1281473435363 2 3 3 2 3 3 516 152 18 2 0 0 
1658924075.3392155 22.2828125 50.683076015767114 986.0896845579741 2 4 4 2 4 4 543 161 21 2 0 0 
1658924080.4721289 22.2828125 50.51105380682365 986.0694309889928 2 4 4 2 4 4 543 161 21 2 0 0 
1658924085.6061838 22.27265625 50.67142133530416 986.0714757200928 2 4 4 2 4 4 543 161 21 2 0 0 
1658924090.7401612 22.2828125 50.582133146095074 986.0802713943126 2 4 4 2 4 4 558 164 23 2 0 0 
1658924095.8739855 22.257421875 50.67672668044408 986.0627759781578 2 4 4 2 4 4 558 164 23 2 0 0 
1658924101.0091567 22.267578125 50.94373620731071 986.1008811254852 2 4 4 2 4 4 558 164 23 2 0 0 
1658924106.1402905 22.267578125 50.73021381410523 986.0991933679538 2 4 4 2 4 4 564 166 23 2 0 0 
1658924111.2743244 22.267578125 50.69483468824027 986.0721892570213 2 4 4 2 4 4 564 166 23 2 0 0 
1658924116.4089422 22.2625 50.76559090078464 986.0634887946684 2 4 4 2 4 4 564 166 23 2 0 0 
1658924121.5434515 22.2625 50.67683111662777 986.0918236111266 2 4 4 2 4 4 531 157 19 2 0 0 
1658924126.6773582 22.247265625 50.89618100948449 986.0739711673693 2 4 4 2 4 4 531 157 19 2 0 0 
1658924131.8110082 22.2421875 50.65289686165185 986.07637082023 2 3 3 2 3 3 480 130 21 0 0 0 
1658924136.9449449 22.2318359375 50.69410213949549 986.0490121013886 2 3 3 2 3 3 480 130 21 0 0 0 
1658924142.0791714 22.2318359375 50.80668496784104 986.0544312267758 2 3 3 2 3 3 480 130 21 0 0 0 
1658924147.2131793 22.2318359375 50.84248247953266 986.07637082023 2 3 3 2 3 3 492 137 21 0 0 0 
1658924152.3471627 22.2216796875 50.74134003540782 986.0662448525436 2 3 3 2 3 3 492 137 21 0 0 0 
1658924157.4811418 22.2216796875 50.759027140798985 986.1037290126401 2 3 3 2 3 3 492 137 21 0 0 0 
1658924162.614461 22.2216796875 50.794611582515984 986.0888957852434 2 3 3 2 3 3 486 132 23 0 0 0 
1658924167.7477791 22.2318359375 50.85413122579012 986.0635812703116 2 3 3 2 3 3 486 132 23 0 0 0 
1658924172.8819454 22.2166015625 51.102666243613854 986.0764612056216 2 3 3 2 3 3 486 132 23 0 0 0 
1658924178.0165966 22.2013671875 51.00185529990316 986.0764612056216 2 3 3 2 3 3 513 136 23 0 0 0 
1658924183.1502738 22.2013671875 50.888962596597665 986.0768164838701 2 3 3 2 3 3 513 136 23 0 0 0 
1658924188.2802896 22.1861328125 51.007677097132024 986.0619835563333 2 3 3 2 3 3 513 136 23 0 0 0 
1658924193.413447 22.2064453125 51.00756457757822 986.0809018152258 2 3 3 2 3 3 498 131 23 0 0 0 
1658924198.545772 22.2013671875 50.62791961151776 986.0707764981879 2 3 3 2 3 3 498 131 23 0 0 0 
1658924203.6799808 22.1861328125 51.09069700031523 986.0724640508519 2 3 3 2 3 3 498 131 23 0 0 0 
1658924208.8118906 22.1912109375 50.877102170508955 986.0974224544989 2 3 3 2 3 3 519 138 21 0 0 0 
1658924213.9461448 22.1810546875 50.7936542467464 986.0647362892008 1 2 2 1 2 2 390 104 25 2 0 0 
1658924219.0806842 22.1810546875 51.14406586545799 986.0778816564172 1 3 3 1 3 3 405 109 27 2 0 0 
1658924224.2140615 22.1861328125 51.054895305274734 986.0795691957985 1 3 3 1 3 3 405 109 27 2 0 0 
1658924229.3485248 22.1861328125 50.88303238873491 986.0586084247919 1 3 3 1 3 3 405 109 27 2 0 0 
1658924234.4832292 22.1810546875 50.89457152638513 986.0806333344116 1 3 3 1 3 3 411 116 30 2 0 0 
1658924239.6155417 22.1708984375 51.137472608601584 986.0684661475981 1 3 3 1 3 3 411 116 30 2 0 0 
1658924244.7470841 22.1810546875 50.675154822848484 986.0343608466349 1 3 3 1 3 3 411 116 30 2 0 0 
1658924249.8808682 22.1912109375 50.983956751709485 986.0420881136597 2 3 3 2 3 3 423 118 28 2 0 0 
1658924255.0109901 22.2115234375 50.663715859330416 986.0177512256154 2 3 3 2 3 3 423 118 28 2 0 0 
1658924260.1447418 22.2216796875 50.7530963642374 986.0429736922962 2 3 3 2 3 3 423 118 28 2 0 0 
1658924265.2782438 22.25234375 50.80117771465265 986.0719273040075 1 3 3 1 3 3 375 104 26 2 0 0 
1658924270.4104366 22.267578125 50.700452156933046 986.066151435939 1 3 3 1 3 3 375 104 26 2 0 0 
1658924275.542845 22.277734375 50.74853393687421 986.0617059254153 1 3 3 1 3 3 375 104 26 2 0 0 
1658924280.677702 22.287890625 50.66548952414944 986.074851287232 1 3 3 1 3 3 390 106 26 2 0 0 
1658924285.8121326 22.27265625 50.605860097549964 986.050248430145 1 3 3 1 3 3 390 106 26 2 0 0 
1658924290.945561 22.2828125 50.65362587073754 986.0555714487396 1 3 3 1 3 3 390 106 26 2 0 0 
1658924296.0754373 22.298046875 50.64238580948814 986.0595628389641 2 4 4 2 4 4 534 151 29 4 0 0 
1658924301.2070973 22.3234375 50.68994802848517 986.0564440011984 2 4 4 2 4 4 534 151 29 4 0 0 
1658924306.3409915 22.3234375 50.423087747094044 986.0348593297231 2 4 4 2 4 4 525 146 29 4 0 0 
1658924311.474699 22.318359375 50.74926999242622 986.0473902219187 2 4 4 2 4 4 525 146 29 4 0 0 
1658924316.607967 22.31328125 50.67787488646377 986.0470324490201 2 4 4 2 4 4 525 146 29 4 0 0 
1658924321.7406323 22.318359375 50.70202162697172 986.0851383978265 2 3 3 2 3 3 531 146 27 2 0 0 
1658924326.8750362 22.318359375 50.63062502762951 986.0986416503328 2 3 3 2 3 3 531 146 27 2 0 0 
1658924332.0072882 22.3234375 50.56536852905193 986.0648835275083 2 3 3 2 3 3 531 146 27 2 0 0 
1658924337.1408465 22.338671875 50.42902052439596 986.0624795746061 2 3 3 2 3 3 504 139 25 2 0 0 
1658924342.2719479 22.328515625 50.256965772670945 986.0480044766472 2 3 3 2 3 3 504 139 25 2 0 0 
1658924347.402309 22.3234375 50.5830626553768 986.0520960819422 2 3 3 2 3 3 504 139 25 2 0 0 
1658924352.5327299 22.3234375 50.54174132294955 986.0594618158485 2 4 4 2 4 4 531 148 25 4 0 0 
1658924357.6631842 22.318359375 50.57130098985926 986.0655991061627 2 4 4 2 4 4 531 148 25 4 0 0 
1658924362.793483 22.31328125 50.62458897212828 986.0470324490201 2 4 4 2 4 4 531 148 25 4 0 0 
1658924367.9239352 22.31328125 50.54143306820242 986.0558295426521 2 4 4 2 4 4 510 148 28 2 0 0 
1658924373.0543482 22.3234375 50.55943605787545 986.0821202942991 2 4 4 2 4 4 510 148 28 2 0 0 
1658924378.188311 22.31328125 50.476074317452614 986.0321994490303 2 4 4 2 4 4 549 165 25 2 0 0 
1658924383.3216853 22.303125 50.45797147153567 986.0818621873623 2 4 4 2 4 4 549 165 25 2 0 0 
1658924388.454967 22.29296875 50.63041748484101 986.0409964833328 2 4 4 2 4 4 549 165 25 2 0 0 
1658924393.58683 22.29296875 50.648006096612065 986.0663142431218 2 4 4 2 4 4 528 160 27 2 0 0 
1658924398.7184198 22.27265625 50.83740163028562 986.0697879366288 2 4 4 2 4 4 528 160 27 2 0 0 
1658924403.8465068 22.277734375 50.878601403725035 986.0691703744102 2 4 4 2 4 4 528 160 27 2 0 0 
1658924408.97864 22.267578125 50.83115169086218 986.0873790672055 2 4 4 2 4 4 522 160 25 2 0 0 
1658924414.1112003 22.2828125 50.896394875000716 986.038434143673 2 4 4 2 4 4 522 160 25 2 0 0 
1658924419.2427967 22.277734375 50.58223646795969 986.0819591646342 2 4 4 2 4 4 522 160 25 2 0 0 
1658924424.372712 22.277734375 50.582133146095074 986.0688137444204 2 4 4 2 4 4 528 162 16 2 0 0 
1658924429.5067816 22.27265625 50.80160111813626 986.0785836240611 2 4 4 2 4 4 528 162 16 2 0 0 
1658924434.6351857 22.267578125 50.58202981346657 986.0522929512684 2 4 4 2 4 4 528 162 16 2 0 0 
1658924439.76576 22.277734375 50.65903669754186 986.0522929512684 2 3 3 2 3 3 516 160 14 2 0 0 
1658924444.8989418 22.2625 50.57006320266155 986.0526496065015 2 3 3 2 3 3 516 160 14 2 0 0 
1658924450.0313182 22.267578125 50.66486388000321 986.1046129858994 2 3 3 2 3 3 516 160 14 2 0 0 
1658924455.1618526 22.2625 50.7242824447396 986.0624194043096 2 3 3 2 3 3 447 139 21 2 0 0 
1658924460.2949023 22.2625 50.54643948105706 986.0931551083164 1 3 3 1 3 3 417 118 30 0 0 0 
1658924465.4277997 22.27265625 50.552474223524 986.1025688830865 1 4 4 1 4 4 423 123 32 7 0 0 
1658924470.5606558 22.2828125 50.69493929500651 986.0903980172977 2 4 4 2 4 4 474 140 37 7 0 0 
1658924475.6950634 22.277734375 50.67745750769316 986.0613490203639 2 5 5 2 5 5 474 138 39 9 0 0 
1658924480.827286 22.287890625 50.570475970616734 986.0910154741376 1 5 5 1 5 5 429 126 34 9 0 0 
1658924485.9598892 22.2828125 50.44007301796243 986.0782268546523 1 5 5 1 5 5 429 126 36 9 0 0 
1658924491.0916657 22.2828125 50.69504389100914 986.0728065831197 2 5 5 2 5 5 429 130 40 9 0 0 
1658924496.2236192 22.2828125 50.57057913569574 986.0943910972218 2 5 5 2 5 5 450 137 38 9 0 0 
1658924501.3561602 22.308203125 50.83178856634666 986.0673861204259 2 6 6 2 6 6 456 144 43 11 0 0 
1658924506.4866238 22.303125 50.61813835702304 986.0940341322308 2 7 7 2 7 7 486 149 50 13 0 0 
1658924511.6165774 22.29296875 50.47576816538344 986.1078935923717 2 7 8 2 7 8 522 161 52 15 0 0 
1658924516.7464516 22.29296875 50.67735313609139 986.074137362937 2 5 6 2 5 6 480 149 47 8 0 0 
1658924521.8804848 22.27265625 50.682867061968544 986.0958178531027 2 5 6 2 5 6 459 142 44 8 0 0 
1658924527.013477 22.267578125 50.48139392408559 986.1005246428149 2 5 6 2 5 6 507 158 49 6 0 0 
1658924532.1463661 22.27265625 50.96767555510425 986.0705015006855 2 5 6 2 5 6 507 158 49 6 0 0 
1658924537.278601 22.25234375 50.80128358166858 986.0526496065015 2 5 6 2 5 6 507 158 49 6 0 0 
1658924542.405844 22.2421875 50.54009617817707 986.0891603671662 2 3 4 2 3 4 435 122 19 4 2 2 
1658924547.5379755 22.247265625 50.70034743948839 986.074946450126 2 3 4 2 3 4 435 122 19 4 2 2 
1658924552.6705158 22.25234375 50.83083310781574 986.068551900061 2 3 4 2 3 4 435 122 19 4 2 2 
1658924557.7977102 22.25234375 50.74186615088941 986.0779655403888 2 3 5 2 3 5 435 122 21 6 2 2 
1658924562.924844 22.25234375 50.712314832981136 986.066151435939 2 3 5 2 3 5 435 122 21 6 2 2 
1658924568.05884 22.257421875 50.759659728859575 986.0783218817636 2 3 5 2 3 5 435 122 21 6 2 2 
1658924573.1916556 22.27265625 50.890463728275364 986.0742336027242 1 4 4 1 4 4 429 122 26 6 0 0 
1658924578.3227043 22.267578125 50.77776997085125 986.0931551083164 1 4 4 1 4 4 429 122 26 6 0 0 
1658924583.4530945 22.267578125 50.7242824447396 986.1059443985002 1 4 4 1 4 4 429 122 26 6 0 0 
1658924588.5836759 22.2625 50.77173310940813 986.1079884743253 1 4 4 1 4 4 444 125 26 6 0 0 
1658924593.7158701 22.267578125 50.68879857152276 986.0836469350263 1 4 4 1 4 4 444 125 26 6 0 0 
1658924598.8444142 22.267578125 50.617723511076754 986.1200649304354 1 4 4 1 4 4 444 125 26 6 0 0 
1658924603.9739394 22.287890625 50.63583031286355 986.1129570292132 1 4 4 1 4 4 423 125 28 6 0 0 
1658924609.1011941 22.29296875 50.604823581765906 986.1174023576365 1 4 4 1 4 4 423 125 28 6 0 0 
1658924614.2347927 22.27265625 50.64738186347516 986.0785836240611 1 4 4 1 4 4 423 125 28 6 0 0 
1658924619.3657587 22.2625 50.70648827444493 986.1059443985002 1 3 5 1 3 5 381 118 30 8 2 2 
1658924624.4961462 22.267578125 50.84290786245472 986.0938674365175 3 3 4 3 3 4 531 159 25 2 0 0 
1658924629.628299 22.27265625 50.74832353841667 986.0954613297398 2 3 3 2 3 3 468 143 23 0 0 0 
1658924634.7605796 22.2828125 50.505224282918086 986.0714757200928 2 3 3 2 3 3 468 143 23 0 0 0 
1658924639.892807 22.29296875 50.51125879513889 986.1058489101911 2 3 3 2 3 3 468 143 23 0 0 0 
1658924645.022195 22.27265625 50.760186589581785 986.1065625398614 2 3 3 2 3 3 441 136 23 0 0 0 
1658924650.1573412 22.27265625 50.67121269505967 986.0917291271467 2 3 3 2 3 3 441 136 23 0 0 0 
1658924655.290018 22.27265625 50.62948300948642 986.088353558601 2 3 3 2 3 3 441 136 23 0 0 0 
1658924660.4241025 22.277734375 50.62979459814519 986.0988368717195 2 3 3 2 3 3 405 129 23 0 0 0 
1658924665.5577674 22.2828125 50.7364604457835 986.0755647699032 2 3 3 2 3 3 405 129 23 0 0 0 
1658924670.69142 22.2828125 50.653417636245905 986.1268161274103 2 3 3 2 3 3 405 129 23 0 0 0 
1658924675.825313 22.277734375 50.73656551514948 986.0866657744338 2 2 2 2 2 2 399 124 21 0 0 0 
1658924680.9602294 22.27265625 50.777981088576865 986.0951046959735 2 2 2 2 2 2 399 124 21 0 0 0 
1658924686.0942557 22.27265625 50.706802532777864 986.1045179681622 2 2 2 2 2 2 399 124 21 0 0 0 
1658924691.2251382 22.2828125 50.724702245802774 986.0981235480388 2 2 2 2 2 2 405 126 21 0 0 0 
1658924696.3574164 22.277734375 50.641554211868325 986.1007854335004 2 2 2 2 2 2 405 126 21 0 0 0 
1658924701.491455 22.29296875 50.62979459814519 986.1092245616701 2 2 2 2 2 2 405 126 21 0 0 0 
1658924706.6263757 22.287890625 50.56475023497955 986.1075367358956 1 3 3 1 3 3 387 110 18 2 0 0 
1658924711.759681 22.2828125 50.576511112730245 986.1129570292132 1 3 3 1 3 3 387 110 18 2 0 0 
1658924716.8943567 22.287890625 50.62989843950391 986.109581404582 1 3 3 1 3 3 372 108 18 2 0 0 
1658924722.0251386 22.31328125 50.5177034964226 986.1196112480611 1 3 3 1 3 3 372 108 18 2 0 0 
1658924727.1588523 22.303125 50.38105333444615 986.1051348388683 1 3 3 1 3 3 372 108 18 2 0 0 
1658924732.2935898 22.31328125 50.535397985330675 986.1030897712537 1 2 2 1 2 2 372 106 14 2 0 0 
1658924737.4271424 22.318359375 50.62448526297914 986.1141902659533 1 2 2 1 2 2 372 106 14 2 0 0 
1658924742.5615487 22.318359375 50.71939956852841 986.1209418421688 1 2 2 1 2 2 372 106 14 2 0 0 
1658924747.6949663 22.3234375 50.535706069478096 986.0922476510257 2 3 3 2 3 3 414 120 14 2 0 0 
1658924752.8284256 22.3234375 50.72554133127955 986.1044203258722 2 3 3 2 3 3 414 120 14 2 0 0 
1658924757.9602513 22.303125 50.34565913960938 986.1115291035925 2 3 3 2 3 3 414 120 14 2 0 0 
1658924763.0925882 22.303125 50.659974312949046 986.0916320187363 2 3 3 2 3 3 420 127 16 2 0 0 
1658924768.2276216 22.308203125 50.66580220091288 986.1439554718222 2 3 3 2 3 3 420 127 16 2 0 0 
1658924773.3593612 22.29296875 50.606481490356565 986.1321404926367 2 3 3 2 3 3 420 127 16 2 0 0 
1658924778.493411 22.318359375 50.381255239215996 986.109841236984 2 3 3 2 3 3 405 120 14 2 0 0 
1658924783.6246214 22.318359375 50.612620788149385 986.1580755314711 2 3 3 2 3 3 405 120 14 2 0 0 
1658924788.7564564 22.31328125 50.58889171406582 986.1250320389921 1 3 3 1 3 3 375 112 25 2 0 0 
1658924793.8906085 22.318359375 50.606585018150945 986.1415537012813 1 3 3 1 3 3 375 112 25 2 0 0 
1658924799.0260718 22.308203125 50.6539381417472 986.1274338457158 1 3 3 1 3 3 375 112 25 2 0 0 
1658924804.1586862 22.303125 50.5827529158245 986.1476879325535 1 3 3 1 3 3 402 116 25 2 0 0 
1658924809.2911046 22.303125 50.60034240965139 986.1365864095106 1 3 3 1 3 3 402 116 25 2 0 0 
1658924814.4237895 22.287890625 50.653417636245905 986.1538209265627 1 3 3 1 3 3 402 116 25 2 0 0 
1658924819.556474 22.2828125 50.487632576109995 986.1112692168624 1 3 3 1 3 3 408 118 28 2 0 0 
1658924824.692325 22.287890625 50.6296907460227 986.1052314041424 1 3 3 1 3 3 408 118 28 2 0 0 
1658924829.8240123 22.2828125 50.475564010183255 986.1659917063239 1 3 3 1 3 3 408 118 28 2 0 0 
1658924834.9569037 22.287890625 50.825432629748526 986.1035436192717 2 3 3 2 3 3 423 123 21 2 0 0 
1658924840.088634 22.2828125 50.69493929500651 986.1072757278997 2 3 3 2 3 3 423 123 21 2 0 0 
1658924845.2221248 22.277734375 50.63572640387816 986.1356115438397 2 3 3 2 3 3 423 123 21 2 0 0 
1658924850.3568234 22.27265625 50.68297154424965 986.1261974968907 2 3 3 2 3 3 408 120 23 2 0 0 
1658924855.4910493 22.2828125 50.68911218894867 986.1396995681107 2 3 3 2 3 3 408 120 23 2 0 0 
1658924860.6239352 22.277734375 50.831257863684435 986.1619963273994 2 3 3 2 3 3 408 120 23 2 0 0 
1658924865.755502 22.267578125 50.7242824447396 986.1565771634649 1 3 3 1 3 3 408 116 23 2 0 0 
1658924870.8862312 22.27265625 50.64738186347516 986.1417433740576 1 2 4 1 2 4 378 110 26 2 2 0 
1658924876.0209563 22.2828125 50.70076624468542 986.1447628459784 1 2 3 1 2 3 324 96 19 2 2 0 
1658924881.1558313 22.29296875 50.71918995393264 986.1476879325535 1 2 3 1 2 3 324 96 19 2 2 0 
1658924886.2897623 22.31328125 50.571094799632085 986.1486621867731 1 2 3 1 2 3 324 96 19 2 2 0 
1658924891.4237916 22.318359375 50.83210685878476 986.109841236984 1 2 3 1 2 3 387 113 21 2 2 0 
1658924896.557794 22.3234375 50.434547133016096 986.1445723677857 1 2 3 1 2 3 387 113 21 2 2 0 
1658924901.6920226 22.31328125 50.53550069081048 986.1668719313062 1 2 3 1 2 3 387 113 21 2 2 0 
1658924906.8262143 22.31328125 50.51177107755596 986.1419107145718 2 2 4 2 2 4 444 130 25 2 2 0 
1658924911.9601026 22.318359375 50.67787488646377 986.1749544924081 2 2 4 2 2 4 444 130 25 2 2 0 
1658924917.093598 22.318359375 50.464515108848005 986.1402228466974 2 2 4 2 2 4 444 130 25 2 2 0 
1658924922.226409 22.308203125 50.3932215943137 986.1706044791998 1 2 3 1 2 3 423 123 21 2 2 0 
1658924927.3588357 22.303125 50.53519254207907 986.1696298713902 1 2 3 1 2 3 423 123 21 2 2 0 
1658924932.493042 22.303125 50.60034240965139 986.1578149797704 1 2 3 1 2 3 423 123 21 2 2 0 
1658924937.6277218 22.277734375 50.58202981346657 986.1646599965517 1 2 3 1 2 3 393 111 12 2 2 0 
1658924942.7615354 22.277734375 50.546748229322354 986.172742856637 1 2 3 1 2 3 393 111 12 2 2 0 
1658924947.8954937 22.27265625 50.463597870038605 986.1913085258009 1 2 3 1 2 3 393 111 12 2 2 0 
1658924953.028547 22.2625 50.72417746756497 986.1572889023668 1 3 5 1 3 5 438 122 28 2 2 2 
1658924958.162768 22.25234375 50.688589439420696 986.1444985568987 1 3 5 1 3 5 438 122 28 2 2 2 
1658924963.2966735 22.2625 50.75955432442478 986.196106774415 2 3 5 2 3 5 465 131 28 2 2 2 
1658924968.430968 22.2421875 50.67069090608425 986.1546247885699 2 3 5 2 3 5 465 131 28 2 2 2 
1658924973.565095 22.247265625 50.735619503369435 986.1705248066895 2 3 5 2 3 5 465 131 28 2 2 2 
1658924978.6988797 22.2216796875 50.61678947801526 986.1796732912261 2 3 5 2 3 5 507 143 26 2 2 2 
1658924983.831715 22.2369140625 50.62865163279038 986.1901540031852 2 3 5 2 3 5 507 143 26 2 2 2 
1658924988.965644 22.2267578125 50.937053104985246 986.1790499849292 2 3 5 2 3 5 507 143 26 2 2 2 
1658924994.0991411 22.2115234375 50.73498834449133 986.1810921440705 2 3 5 2 3 5 534 147 28 2 2 2 
1658924999.2321196 22.2115234375 50.79418801897753 986.1827797420668 2 3 5 2 3 5 534 147 28 2 2 2 
1658925004.3661246 22.2064453125 50.83570083606519 986.1868636210842 2 3 5 2 3 5 534 147 28 2 2 2 
1658925009.499691 22.2013671875 50.8118690860514 986.2071144786761 2 3 5 2 3 5 534 145 24 2 2 2 
1658925014.6335597 22.2013671875 51.019424547685624 986.1868636210842 2 3 5 2 3 5 534 145 24 2 2 2 
1658925019.766913 22.1810546875 50.936403886424046 986.1973431430905 2 3 5 2 3 5 534 145 24 2 2 2 
1658925024.9007475 22.1912109375 50.96001646038584 986.2374907840483 2 3 5 2 3 5 555 155 22 2 2 2 
1658925030.0333583 22.1912109375 51.066645924355136 986.186238287265 2 3 5 2 3 5 555 155 22 2 2 2 
1658925035.164418 22.2115234375 51.06730425484348 986.2259488414364 2 4 5 2 4 5 507 155 33 4 2 0 
1658925040.298564 22.2115234375 51.01404072821943 986.2374079248559 2 4 5 2 4 5 507 155 33 4 2 0 
1658925045.4311955 22.2369140625 50.71803630406223 986.1866912055639 2 4 5 2 4 5 507 155 33 4 2 0 
1658925050.565805 22.247265625 50.90772171667992 986.2052559849004 2 4 5 2 4 5 507 155 35 4 2 0 
1658925055.6998763 22.27265625 50.76580181260662 986.1636840739683 2 4 5 2 4 5 507 155 35 4 2 0 
1658925060.8339162 22.27265625 50.783595671912245 986.2136054664122 2 4 5 2 4 5 507 155 35 4 2 0 
1658925065.9668815 22.267578125 50.61751602352082 986.1802058087761 2 4 5 2 4 5 549 160 28 2 2 0 
1658925071.100267 22.27265625 50.522609718358964 986.2025022644644 2 4 5 2 4 5 549 160 28 2 2 0 
1658925076.234635 22.267578125 50.52874689886518 986.212273278032 2 4 5 2 4 5 549 160 28 2 2 0 
1658925081.3684318 22.267578125 50.67703995670417 986.173810554859 2 4 5 2 4 5 549 155 28 4 2 0 
1658925086.5020437 22.277734375 50.52895231449545 986.1896207373434 2 4 5 2 4 5 549 155 28 4 2 0 
1658925091.6361842 22.277734375 50.74821832304268 986.1980596803339 2 4 5 2 4 5 549 155 28 4 2 0 
1658925096.7693791 22.277734375 50.66517675051289 986.1751425264775 2 4 4 2 4 4 504 141 23 2 0 0 
1658925101.9033053 22.2828125 50.612102757220065 986.1862451606395 2 4 4 2 4 4 504 141 23 2 0 0 
1658925107.0362744 22.29296875 50.707116694238586 986.193615940074 2 4 4 2 4 4 504 141 23 2 0 0 
1658925112.1702483 22.2828125 50.60023891719341 986.1757623391313 2 4 4 2 4 4 525 148 23 2 0 0 
1658925117.304857 22.29296875 50.4106144825719 986.1808257437198 2 3 3 2 3 3 411 125 19 0 0 0 
1658925122.4379516 22.29296875 50.55861212070404 986.2348354320487 2 3 3 2 3 3 420 125 15 0 0 0 
1658925127.5720165 22.2828125 50.53508980430727 986.2277284340737 2 3 3 2 3 3 420 125 15 0 0 0 
1658925132.7060876 22.2828125 50.70087091907569 986.184557372393 2 3 3 2 3 3 420 125 15 0 0 0 
1658925137.840054 22.2828125 50.760186589581785 986.2038344678715 2 3 3 2 3 3 441 127 15 0 0 0 
1658925142.970321 22.27265625 50.683076015767114 986.2274631407512 2 3 3 2 3 3 441 127 15 0 0 0 
1658925148.1002634 22.267578125 50.74790261233986 986.1913990041761 2 3 3 2 3 3 441 127 15 0 0 0 
1658925153.233617 22.2625 50.63510272392699 986.2366124196939 2 3 3 2 3 3 474 137 19 0 0 0 
1658925158.3677177 22.25234375 50.74176094932009 986.1853587648221 2 3 3 2 3 3 474 137 19 0 0 0 
1658925163.5018916 22.25234375 50.9967904114127 986.2086314002397 2 3 3 2 3 3 474 137 19 0 0 0 
1658925168.6357875 22.2318359375 50.88992932184219 986.177630636327 2 3 3 2 3 3 468 130 14 0 0 0 
1658925173.769054 22.2369140625 50.717826409614155 986.1961949634047 2 3 3 2 3 3 468 130 14 0 0 0 
1658925178.9022226 22.2267578125 50.65237581796491 986.20534275771 2 3 3 2 3 3 468 130 14 0 0 0 
1658925184.0350516 22.2216796875 50.71761647211185 986.2066757357055 2 3 3 2 3 3 453 128 14 0 0 0 
1658925189.1691952 22.2115234375 50.66382027866459 986.2175107073765 2 3 3 2 3 3 453 128 14 0 0 0 
1658925194.3038073 22.2166015625 50.901148474471356 986.2135106975901 2 3 3 2 3 3 453 128 14 0 0 0 
1658925199.4383073 22.2115234375 50.77660805377668 986.2135106975901 2 3 3 2 3 3 480 136 12 0 0 0 
1658925204.5724628 22.2013671875 50.800118452509 986.2185734551059 2 3 3 2 3 3 480 136 12 0 0 0 
1658925209.7063274 22.2013671875 50.98373642031945 986.2047185224176 2 3 3 2 3 3 465 131 12 0 0 0 
1658925214.8388069 22.2013671875 50.758921671783455 986.1993013274504 2 3 3 2 3 3 465 131 12 0 0 0 
1658925219.9718158 22.2216796875 50.75330713473503 986.2049880823982 2 3 3 2 3 3 465 131 12 0 0 0 
1658925225.1061697 22.257421875 50.74207652173756 986.1947744455184 2 3 3 2 3 3 456 135 14 0 0 0 
1658925230.239965 22.25234375 50.80710881401693 986.218402542791 2 3 3 2 3 3 456 135 14 0 0 0 
1658925235.3743854 22.2625 50.60544562040234 986.2103191080146 2 3 3 2 3 3 456 135 14 0 0 0 
1658925240.509235 22.27265625 50.85487663022592 986.2160042524879 2 3 3 2 3 3 471 135 16 0 0 0 
1658925245.6435502 22.27265625 50.59399664255607 986.2335032600942 2 3 3 2 3 3 471 135 16 0 0 0 
1658925250.7770188 22.2828125 50.683076015767114 986.2314598244182 2 3 3 2 3 3 471 135 16 0 0 0 
1658925255.9115818 22.29296875 50.49346249080585 986.1710550689533 2 3 3 2 3 3 507 149 18 0 0 0 
1658925261.0466707 22.29296875 50.665593760500926 986.1993915659597 2 3 3 2 3 3 507 149 18 0 0 0 
1658925266.1791308 22.29296875 50.582649647779306 986.2324360331846 2 3 3 2 3 3 507 149 18 0 0 0 
1658925271.3116581 22.29296875 50.69514847624817 986.2324360331846 2 3 3 2 3 3 519 151 18 0 0 0 
1658925276.4434035 22.287890625 50.617723511076754 986.1913085258009 2 3 3 2 3 3 519 151 18 0 0 0 
1658925281.5783315 22.29296875 50.695253050723586 986.2074746331136 2 3 3 2 3 3 492 145 30 0 0 0 
1658925286.7119696 22.277734375 50.68911218894867 986.2263964134999 2 3 3 2 3 3 492 145 30 0 0 0 
1658925291.8436692 22.2828125 50.70087091907569 986.1960159612831 2 3 3 2 3 3 492 145 30 0 0 0 
1658925296.9762464 22.277734375 50.81950122338661 986.193707898 2 3 3 2 3 3 420 128 30 0 0 0 
1658925302.1093645 22.27265625 50.67110835879192 986.2058777610483 2 3 3 2 3 3 420 128 30 0 0 0 
1658925307.2439427 22.287890625 50.380851386618765 986.1973477364317 2 3 3 2 3 3 420 128 30 0 0 0 
1658925312.3774498 22.303125 50.86748486139235 986.1881961366132 1 3 3 1 3 3 399 123 35 0 0 0 
1658925317.5114553 22.308203125 50.50594100488017 986.2161769706831 1 3 3 1 3 3 399 123 35 0 0 0 
1658925322.6464295 22.298046875 50.66590640497333 986.1878397104005 1 3 3 1 3 3 399 123 35 0 0 0 
1658925327.7774284 22.303125 50.677666218605765 986.214489099714 2 4 4 2 4 4 435 135 37 0 0 0 
1658925332.9080904 22.308203125 50.7251218746494 986.2229284552639 2 4 4 2 4 4 435 135 37 0 0 0 
1658925338.0430133 22.308203125 50.40488454736554 986.2043618753751 2 4 4 2 4 4 435 135 37 0 0 0 
1658925343.176794 22.298046875 50.606481490356565 986.1814447664566 2 3 3 2 3 3 429 130 28 0 0 0 
1658925348.3113642 22.298046875 50.35108869707578 986.2185773162445 2 3 3 2 3 3 429 130 28 0 0 0 
1658925353.445665 22.29296875 50.67724875372597 986.1943281590503 2 3 3 2 3 3 429 130 28 0 0 0 
1658925358.5793915 22.277734375 50.52291768734978 986.2078305788818 2 3 3 2 3 3 456 140 32 0 0 0 
1658925363.7128258 22.2828125 50.83147017703914 986.2064986250828 1 3 3 1 3 3 390 118 34 0 0 0 
1658925368.847148 22.267578125 50.70076624468542 986.1987711826192 1 3 3 1 3 3 426 125 34 0 0 0 
1658925373.9814699 22.277734375 50.576304636550255 986.2055222297629 1 3 3 1 3 3 426 125 34 0 0 0 
1658925379.116708 22.2828125 50.55861212070404 986.2081864142434 1 3 3 1 3 3 426 125 34 0 0 0 
1658925384.249985 22.2828125 50.56423469391123 986.2004589442997 1 3 3 1 3 3 417 122 32 0 0 0 
1658925389.3795354 22.27265625 50.59399664255607 986.2216887300611 1 3 3 1 3 3 417 122 32 0 0 0 
1658925394.509432 22.27265625 50.5999283752364 986.2190243274262 1 3 3 1 3 3 417 122 32 0 0 0 
1658925399.6440494 22.27265625 50.55819989378371 986.212273278032 2 3 3 2 3 3 459 131 36 0 0 0 
1658925404.775342 22.267578125 50.73625027476104 986.2011699778595 2 3 3 2 3 3 459 131 36 0 0 0 
1658925409.910211 22.2625 50.70034743948839 986.2197350625714 2 3 3 2 3 3 459 131 36 0 0 0 
1658925415.042756 22.2625 50.825114314138155 986.2214227979672 2 4 4 2 4 4 510 145 39 0 0 0 
1658925420.1760945 22.257421875 50.736145173104546 986.2430082420376 2 4 4 2 4 4 510 145 39 0 0 0 
1658925425.3087068 22.2625 50.67672668044408 986.1842926355054 2 4 4 2 4 4 510 145 39 0 0 0 
1658925430.4423892 22.27265625 50.62365520228998 986.2413204921633 2 3 3 2 3 3 489 138 39 0 0 0 
1658925435.5766642 22.2828125 50.67724875372597 986.2470055843515 2 3 3 2 3 3 489 138 39 0 0 0 
1658925440.708322 22.298046875 50.5527831423873 986.2192893491094 2 3 3 2 3 3 489 138 39 0 0 0 
1658925445.8417773 22.298046875 50.576717545854635 986.2273725406689 2 3 3 2 3 3 438 130 24 2 0 0 
1658925450.9744177 22.3234375 50.559333103402814 986.2310115181998 2 3 3 2 3 3 438 130 24 2 0 0 
1658925456.1095016 22.31328125 50.666218952572656 986.2242599779544 2 3 3 2 3 3 444 132 24 2 0 0 
1658925461.241671 22.31328125 50.5830626553768 986.2141326696964 2 3 3 2 3 3 444 132 24 2 0 0 
1658925466.376684 22.308203125 50.606792041448244 986.234743555988 2 3 3 2 3 3 444 132 24 2 0 0 
1658925471.5101163 22.308203125 50.64228189745873 986.2546419179217 2 3 3 2 3 3 435 130 28 2 0 0 
1658925476.644406 22.303125 50.446208680417904 986.2675248202504 2 3 3 2 3 3 435 130 28 2 0 0 
1658925481.7798548 22.2828125 50.62979459814519 986.2216887300611 2 3 3 2 3 3 435 130 28 2 0 0 
1658925486.9134133 22.27265625 50.65320935869942 986.267614329382 2 3 3 2 3 3 429 132 26 2 0 0 
1658925492.0448802 22.267578125 50.7243874111507 986.1809171678786 2 3 3 2 3 3 429 132 26 2 0 0 
1658925497.1796699 22.2625 50.7896326478639 986.2214227979672 2 3 3 2 3 3 429 132 26 2 0 0 
1658925502.3121657 22.2625 50.587754666446266 986.2281737402537 2 3 3 2 3 3 429 127 31 4 0 0 
1658925507.44691 22.2625 50.80732067252486 986.22479826897 2 3 3 2 3 3 429 127 31 4 0 0 
1658925512.5792675 22.2625 50.67079528540668 986.2268411523002 2 3 3 2 3 3 429 127 31 4 0 0 
1658925517.713808 22.2421875 50.9967904114127 986.2376772875369 2 3 3 2 3 3 408 120 24 4 0 0 
1658925522.8448083 22.2421875 50.7832786794461 986.228883898181 2 3 3 2 3 3 408 120 24 4 0 0 
1658925527.9771183 22.2421875 50.82490204991478 986.2292388115603 2 3 3 2 3 3 483 139 21 2 0 0 
1658925533.1121905 22.2421875 50.75955432442478 986.20996393504 2 3 3 2 3 3 483 139 21 2 0 0 
1658925538.2448862 22.257421875 50.71824615545608 986.2349246836652 2 3 3 2 3 3 483 139 21 2 0 0 
1658925543.376778 22.267578125 50.55840602877176 986.2311939943943 2 4 4 2 4 4 519 151 28 4 0 0 
1658925548.5103102 22.2625 50.700556863614096 986.2231105334333 2 4 4 2 4 4 519 151 28 4 0 0 
1658925553.6455345 22.2625 50.74186615088941 986.2133393779294 2 4 4 2 4 4 519 151 28 4 0 0 
1658925558.7807577 22.257421875 50.80128358166858 986.2615734952965 2 4 4 2 4 4 546 158 28 4 0 0 
1658925563.9118278 22.267578125 50.61761977268069 986.2396327423593 2 4 4 2 4 4 546 158 28 4 0 0 
1658925569.0460072 22.2625 50.87095831513879 986.1180279993537 2 4 4 2 4 4 546 158 28 4 0 0 
1658925574.180851 22.27265625 50.920226545312595 986.2291509036272 2 4 4 2 4 4 546 158 28 4 0 0 
1658925579.3132858 22.2828125 50.62989843950391 986.2530456995158 2 4 4 2 4 4 546 158 28 4 0 0 
1658925584.4450076 22.287890625 50.61793095557749 986.2119176906049 2 4 4 2 4 4 546 158 28 4 0 0 
1658925589.5799649 22.29296875 50.5054291144419 986.2112061845431 2 4 4 2 4 4 525 156 30 4 0 0 
1658925594.7113373 22.29296875 50.541021911177175 986.2344797033107 2 4 4 2 4 4 525 156 30 4 0 0 
1658925599.8465004 22.29296875 50.546748229322354 986.2766751615393 2 4 4 2 4 4 525 156 30 4 0 0 
1658925604.980326 22.298046875 50.51156619688132 986.2300361384877 2 4 4 2 4 4 462 142 30 4 0 0 
1658925610.1115959 22.298046875 50.51760099383583 986.2384754293802 2 3 3 2 3 3 423 121 20 2 0 0 
1658925615.2469282 22.318359375 50.565059430453395 986.2728526045518 2 3 3 2 3 3 444 128 20 2 0 0 
1658925620.3765619 22.31328125 50.63031369730112 986.2384754293802 2 3 3 2 3 3 444 128 20 2 0 0 
1658925625.508953 22.31328125 50.54746826520237 986.246202487867 2 3 3 2 3 3 444 128 20 2 0 0 
1658925630.6433625 22.31328125 50.339826882826 986.2580176904358 2 3 3 2 3 3 477 139 20 2 0 0 
1658925635.778286 22.318359375 50.28039865419309 986.2469147220312 2 3 3 2 3 3 477 139 20 2 0 0 
1658925640.9121351 22.303125 50.683807015007595 986.26414912842 2 3 3 2 3 3 477 139 20 2 0 0 
1658925646.0432248 22.287890625 50.677561868531285 986.2830709931575 2 3 3 2 3 3 483 141 20 2 0 0 
1658925651.1791635 22.27265625 50.659245131867095 986.2696572337496 2 3 3 2 3 3 483 141 20 2 0 0 
1658925656.3145819 22.2625 50.69493929500651 986.2662817046922 2 3 3 2 3 3 483 141 20 2 0 0 
1658925661.4467673 22.2625 50.54633654344067 986.3165599236546 2 2 2 2 2 2 477 134 18 0 0 0 
1658925666.5798013 22.27265625 50.61793095557749 986.2507365519677 2 2 2 2 2 2 477 134 18 0 0 0 
1658925671.7117615 22.287890625 50.523020322151986 986.2955964175039 2 2 2 2 2 2 477 134 18 0 0 0 
1658925676.8463833 22.277734375 50.71898029628268 986.2766751615393 1 2 2 1 2 2 405 115 18 0 0 0 
1658925681.9791887 22.308203125 50.64207404110873 986.2928425179467 1 2 2 1 2 2 405 115 18 0 0 0 
1658925687.113216 22.298046875 50.53529526908688 986.2746318287661 1 2 2 1 2 2 405 115 18 0 0 0 
1658925692.2469664 22.29296875 50.55298903447637 986.2824492069428 2 4 4 2 4 4 543 149 41 2 0 0 
1658925697.3805997 22.29296875 50.69504389100914 986.2871573862957 2 4 4 2 4 4 543 149 41 2 0 0 
1658925702.5127375 22.277734375 50.54664532399789 986.3124744851956 2 4 4 2 4 4 516 139 38 4 0 0 
1658925707.6467636 22.267578125 50.48732592136722 986.2764082927085 2 4 4 2 4 4 516 139 38 4 0 0 
1658925712.7784917 22.267578125 50.75414978618685 986.3081210238705 2 4 4 2 4 4 516 139 38 4 0 0 
1658925717.9138246 22.25234375 50.658932464233686 986.3108728745792 2 4 4 2 4 4 453 125 38 4 0 0 
1658925723.0470483 22.25234375 50.759659728859575 986.3179782470262 2 4 4 2 4 4 453 125 38 4 0 0 
1658925728.1810658 22.257421875 50.65914092008632 986.3007464408959 2 4 4 2 4 4 453 125 38 4 0 0 
1658925733.3166242 22.257421875 50.759027140798985 986.2828906088657 2 4 4 2 4 4 426 128 33 4 0 0 
1658925738.4512343 22.267578125 50.629379125072624 986.3219779701124 2 4 4 2 4 4 426 128 33 4 0 0 
1658925743.5830584 22.2828125 50.61793095557749 986.2942637546989 2 4 4 2 4 4 426 128 33 4 0 0 
1658925748.7103186 22.29296875 50.48620069180616 986.2817386194807 2 4 4 2 4 4 438 132 31 4 0 0 
1658925753.8423412 22.29296875 50.61793095557749 986.3158500995779 2 4 4 2 4 4 438 132 31 4 0 0 
1658925758.976221 22.31328125 50.381255239215996 986.3090099823146 2 4 4 2 4 4 438 132 31 4 0 0 
1658925764.1102467 22.308203125 50.51177107755596 986.3032348253979 2 4 4 2 4 4 459 139 33 4 0 0 
1658925769.2423632 22.318359375 50.45858246139605 986.2657447726525 2 4 4 2 4 4 459 139 33 4 0 0 
1658925774.3763416 22.3234375 50.51177107755596 986.274540505112 3 4 4 3 4 4 573 176 37 0 0 0 
1658925779.5105152 22.308203125 50.54726259448507 986.2772961901342 3 4 4 3 4 4 573 176 37 0 0 0 
1658925784.64132 22.303125 50.606481490356565 986.3130966874977 3 4 4 3 4 4 573 176 37 0 0 0 
1658925789.776043 22.287890625 50.724912081753146 986.2972842239567 3 5 5 3 5 5 615 190 37 2 0 0 
1658925794.9097376 22.29296875 50.48773477282935 986.2888451923967 3 5 5 3 5 5 615 190 37 2 0 0 
1658925800.0447612 22.2828125 50.62979459814519 986.2837817743047 3 5 5 3 5 5 615 190 37 2 0 0 
1658925805.1805701 22.27265625 50.5409190950109 986.2726776639778 2 4 4 2 4 4 573 176 33 2 0 0 
1658925810.311284 22.267578125 50.7421816910164 986.303412539796 2 4 4 2 4 4 573 176 33 2 0 0 
1658925815.4450495 22.257421875 50.76580181260662 986.2585529944668 2 4 4 2 4 4 573 176 33 2 0 0 
1658925820.5796888 22.2625 50.76580181260662 986.2771181054803 2 5 5 2 5 5 573 176 40 2 0 0 
1658925825.7135358 22.25234375 50.54613063591596 986.3061641676229 2 5 5 2 5 5 573 176 40 2 0 0 
1658925830.848154 22.2421875 50.71179046188599 986.2954132447896 2 5 5 2 5 5 573 176 40 2 0 0 
1658925835.9816365 22.2421875 50.56985675410044 986.2956832250036 2 4 4 2 4 4 588 181 38 2 0 0 
1658925841.1126435 22.2625 50.56433782365276 986.2625509954195 2 4 4 2 4 4 588 181 38 2 0 0 
1658925846.2445366 22.2828125 50.57037279477381 986.3111416860428 2 4 4 2 4 4 588 181 38 2 0 0 
1658925851.3773541 22.29296875 50.57661433467439 986.2648604288044 3 5 5 3 5 5 615 193 36 2 0 0 
1658925856.5118735 22.287890625 50.69504389100914 986.2918655372625 2 3 3 2 3 3 495 152 14 0 0 0 
1658925861.645923 22.298046875 50.4401746843784 986.2277284340737 2 3 3 2 3 3 453 138 12 0 0 0 
1658925866.779852 22.303125 50.83189467458929 986.2600616405737 2 3 3 2 3 3 453 138 12 0 0 0 
1658925871.9136035 22.298046875 50.7251218746494 986.2391873575237 2 3 3 2 3 3 453 138 12 0 0 0 
1658925877.047391 22.2828125 50.71304850044449 986.2429187914399 2 3 4 2 3 4 459 140 21 2 2 2 
1658925882.1809516 22.287890625 50.60054936227585 986.2256847099711 2 3 4 2 3 4 459 140 21 2 2 2 
1658925887.3145592 22.303125 50.5114637403979 986.2435390047597 2 3 4 2 3 4 459 140 21 2 2 2 
1658925892.4481246 22.298046875 50.68359821189991 986.2324360331846 2 3 4 2 3 4 474 142 24 2 2 2 
1658925897.5817616 22.29296875 50.59451382052475 986.2438949833453 2 3 4 2 3 4 474 142 24 2 2 2 
1658925902.7150767 22.298046875 50.570475970616734 986.2486025807724 2 3 4 2 3 4 474 142 24 2 2 2 
1658925907.8485434 22.29296875 50.51136127315043 986.2408751887845 2 3 4 2 3 4 453 137 26 2 2 2 
1658925912.9820335 22.287890625 50.59420354603511 986.2145817904856 2 3 4 2 3 4 453 137 26 2 2 2 
1658925918.1150577 22.298046875 50.4106144825719 986.1960159612831 2 3 4 2 3 4 453 137 26 2 2 2 
1658925923.248281 22.27265625 50.74249713427195 986.181272681837 2 3 4 2 3 4 489 141 24 2 2 2 
1658925928.3817062 22.2828125 50.6771443605969 986.2162695935623 2 3 4 2 3 4 489 141 24 2 2 2 
1658925933.5157006 22.2828125 50.617827238709026 986.2554445392982 2 3 4 2 3 4 489 141 24 2 2 2 
1658925938.6491005 22.287890625 50.49929224910562 986.1626161315893 2 4 4 2 4 4 474 152 35 2 0 0 
1658925943.7828562 22.287890625 50.534987055771474 986.2260406169402 2 4 4 2 4 4 474 152 35 2 0 0 
1658925948.9165022 22.287890625 50.475564010183255 986.2277284340737 2 4 4 2 4 4 495 157 28 2 0 0 
1658925954.0498838 22.29296875 50.4045808301353 986.2192893491094 2 4 4 2 4 4 495 157 28 2 0 0 
1658925959.18342 22.303125 50.58285617310581 986.2003672579423 2 4 4 2 4 4 495 157 28 2 0 0 
1658925964.3171673 22.298046875 50.55298903447637 986.2337679146059 2 5 5 2 5 5 543 173 32 4 0 0 
1658925969.4505131 22.29296875 50.60627440247633 986.2189333878828 2 5 5 2 5 5 543 173 32 4 0 0 
1658925974.5840204 22.29296875 50.582649647779306 986.2088064068603 2 5 5 2 5 5 543 173 32 4 0 0 
1658925979.7178035 22.298046875 50.45807333008955 986.1915718221136 2 5 5 2 5 5 543 166 34 4 0 0 
1658925984.8511431 22.303125 50.41674961273107 986.1938780607768 2 5 5 2 5 5 543 166 34 4 0 0 
1658925989.984435 22.3234375 50.500110775807684 986.1435985825166 2 5 5 2 5 5 543 166 34 4 0 0 
1658925995.117507 22.31328125 50.62448526297914 986.1976103938891 2 5 5 2 5 5 543 166 34 4 0 0 
1658926000.2512622 22.298046875 50.50563390290943 986.1564837119136 2 5 5 2 5 5 543 166 34 4 0 0 
1658926005.3844872 22.31328125 50.464311353350695 986.1891710436146 2 5 5 2 5 5 543 166 34 4 0 0 
1658926010.5169895 22.3234375 50.48824559496437 986.1793042273242 2 4 4 2 4 4 501 152 27 4 0 0 
1658926015.6504261 22.33359375 50.506248009974286 986.1563876357641 2 4 4 2 4 4 501 152 27 4 0 0 
1658926020.784317 22.33359375 50.577439722727306 986.186055923029 2 4 4 2 4 4 561 160 28 0 0 0 
1658926025.9182382 22.33359375 50.38145710092833 986.1705073984409 2 4 4 2 4 4 561 160 28 0 0 0 
1658926031.051693 22.318359375 50.5830626553768 986.1938780607768 2 4 4 2 4 4 561 160 28 0 0 0 
1658926036.1857123 22.3234375 50.529670930134884 986.1739802175513 2 3 3 2 3 3 540 153 28 0 0 0 
1658926041.3192234 22.3234375 50.56536852905193 986.1567446373972 2 3 3 2 3 3 540 153 28 0 0 0 
1658926046.4525208 22.3234375 50.53580874266591 986.1961834686964 2 3 3 2 3 3 540 153 28 0 0 0 
1658926051.5860572 22.33359375 50.221664349741395 986.1620677143285 2 3 3 2 3 3 498 144 28 0 0 0 
