timestamp temperature humidity pressure pm10_standard pm25_standard pm100_standard pm10_env pm25_env pm100_env particles_03um particles_05um particles_10um particles_25um particles_50um particles_100um
1663250077.499961 20.6458984375 59.19003629704681 986.6677487349142 8 12 13 8 12 13 1443 426 73 6 2 0
1663250082.628628 20.6408203125 59.27866809686183 986.6808987525557 8 12 13 8 12 13 1500 441 66 4 2 0
1663250087.7570984 20.6560546875 59.33130850507315 986.6842656742404 8 12 13 8 12 13 1500 441 66 4 2 0
1663250092.890229 20.6509765625 59.207927248481745 986.6882674938497 8 12 13 8 12 13 1500 441 66 4 2 0
1663250098.020377 20.6560546875 59.20182646855078 986.7027837485084 8 12 14 8 12 14 1506 441 73 4 2 0
1663250103.1537013 20.6560546875 59.26118932806004 986.7011002868613 8 12 14 8 12 14 1506 441 73 4 2 0
1663250108.2877169 20.6560546875 59.272566633111786 986.7142505857099 8 12 14 8 12 14 1506 441 73 4 2 0
1663250113.41896 20.6611328125 59.26687805837974 986.7088826122941 8 11 13 8 11 13 1437 415 71 4 2 0
1663250118.550265 20.6611328125 59.22012914889638 986.7071991232531 8 11 13 8 11 13 1437 415 71 4 2 0
1663250123.6831524 20.6662109375 59.31403796531304 986.677531831151 8 11 13 8 11 13 1437 415 71 4 2 0
1663250128.8163393 20.6560546875 59.261395621672776 986.700782782119 8 11 12 8 11 12 1452 415 69 2 0 0
1663250133.9484074 20.6560546875 59.360989754840304 986.7027837485084 8 11 12 8 11 12 1452 415 69 2 0 0
1663250139.080217 20.6611328125 59.34330531573662 986.6432265915439 8 11 12 8 11 12 1452 415 69 2 0 0
1663250144.2081118 20.6611328125 59.355302343578046 986.6657476084384 8 11 11 8 11 11 1443 418 57 2 0 0
1663250149.3375404 20.6662109375 59.40266893443745 986.6822645594928 8 11 11 8 11 11 1443 418 57 2 0 0
1663250154.4718554 20.6611328125 59.48519596723319 986.6987816790977 8 10 12 8 10 12 1515 445 58 2 2 2
1663250159.600888 20.6560546875 59.17255626855289 986.6839480339272 8 10 12 8 10 12 1515 445 58 2 2 2
1663250164.7347045 20.6662109375 59.04326712497533 986.6853137720877 8 10 12 8 10 12 1515 445 58 2 2 2
1663250169.8646133 20.6662109375 59.20203211088892 986.6839480339272 8 10 12 8 10 12 1536 450 58 2 2 2
1663250174.992599 20.6611328125 59.23781484183786 986.6886807484204 8 10 12 8 10 12 1536 450 58 2 2 2
1663250180.1259098 20.6712890625 59.41466667674629 986.6833124245351 8 10 12 8 10 12 1536 450 58 2 2 2
1663250185.2588894 20.6560546875 59.18434663636168 986.7112010577926 8 10 12 8 10 12 1500 443 65 2 2 2
1663250190.3909192 20.6662109375 59.178656820082146 986.6903642366917 8 10 12 8 10 12 1500 443 65 2 2 2
1663250195.5182655 20.6662109375 59.255087978731815 986.6822645594928 8 10 12 8 10 12 1500 443 65 2 2 2
1663250200.6503499 20.6611328125 59.16097102022007 986.7136154643737 8 10 12 8 10 12 1500 443 65 2 2 2
1663250205.7819922 20.6712890625 59.42604010452024 986.7240340168115 8 10 12 8 10 12 1500 443 65 2 2 2
1663250210.913819 20.6611328125 59.34392705431157 986.6812163103978 8 10 12 8 10 12 1500 443 65 2 2 2
1663250216.0452864 20.6560546875 59.32603488350593 986.6974158319207 8 10 12 8 10 12 1458 426 62 2 2 2
1663250221.1802251 20.6611328125 59.4024610155362 986.7206670375401 8 10 12 8 10 12 1458 426 62 2 2 2
1663250226.3108294 20.6560546875 59.15487063965376 986.7237164826914 8 10 12 8 10 12 1458 426 62 2 2 2
1663250231.4440765 20.6560546875 59.202443363327525 986.7304504963024 7 10 11 7 10 11 1437 410 60 2 2 2
1663250236.5760612 20.6611328125 59.290664734910884 986.7206670375401 6 9 9 6 9 9 1275 384 67 0 0 0
1663250241.711199 20.6712890625 59.379297050783705 986.7092001588384 6 10 10 6 10 10 1287 387 74 2 0 0
1663250246.8454769 20.6662109375 59.07274477220792 986.7206670375401 7 11 11 7 11 11 1287 387 74 2 0 0
1663250251.977785 20.6814453125 59.408979729495535 986.7250823558338 7 11 11 7 11 11 1287 387 74 2 0 0
1663250257.1088834 20.6865234375 59.07884446799259 986.735183458433 7 11 11 7 11 11 1293 392 76 2 0 0
1663250262.2394848 20.6763671875 59.368129542251914 986.721715322194 7 11 11 7 11 11 1293 392 76 2 0 0
1663250267.3723686 20.6763671875 59.391502482266915 986.7082471904328 7 11 11 7 11 11 1293 392 76 2 0 0
1663250272.5070066 20.6763671875 59.1375946904296 986.7001474438688 7 11 11 7 11 11 1323 394 73 2 0 0
1663250277.6413698 20.6662109375 59.25550044215195 986.7169824701997 7 11 11 7 11 11 1323 394 73 2 0 0
1663250282.7754822 20.6662109375 59.397189740218934 986.7156165691578 7 11 11 7 11 11 1323 394 73 2 0 0
1663250287.9093344 20.6712890625 59.27339236725605 986.7341349563052 6 10 10 6 10 10 1287 382 61 2 0 0
1663250293.0436122 20.6662109375 59.34982207945342 986.7411862063263 6 10 10 6 10 10 1287 382 61 2 0 0
1663250298.177608 20.6763671875 59.32055380643465 986.7520186350297 6 10 10 6 10 10 1287 382 61 2 0 0
1663250303.3123384 20.6712890625 59.38519201417397 986.7624370762439 7 11 11 7 11 11 1365 408 68 2 0 0
1663250308.4471061 20.6560546875 59.42056157838496 986.7722208561821 7 11 11 7 11 11 1365 408 68 2 0 0
1663250313.5811565 20.6662109375 59.4024610155362 986.7529705459787 7 11 11 7 11 11 1365 408 68 2 0 0
1663250318.7146678 20.6611328125 59.33192987225084 986.6987816790977 8 13 13 8 13 13 1479 442 66 8 0 0
1663250323.8483136 20.6662109375 59.238020855601036 986.7577038249198 8 13 13 8 13 13 1479 442 66 8 0 0
1663250328.982298 20.6611328125 59.11970379366586 986.714567981996 7 11 11 7 11 11 1365 404 66 6 0 0
1663250334.1162133 20.6611328125 59.26687805837974 986.7459193888982 7 11 11 7 11 11 1365 404 66 6 0 0
1663250339.249901 20.6560546875 59.06034169362021 986.7095175957958 6 10 10 6 10 10 1365 404 66 6 0 0
1663250344.3835475 20.6611328125 59.40266893443745 986.7428696832096 6 10 10 6 10 10 1344 396 63 4 0 0
1663250349.516757 20.6611328125 59.161176170115894 986.7492863702688 6 10 10 6 10 10 1344 396 63 4 0 0
1663250354.650565 20.6662109375 59.16686629713245 986.7456020310207 7 11 11 7 11 11 1344 396 63 4 0 0
1663250359.7802758 20.6611328125 59.15507573301598 986.7361357760964 6 10 10 6 10 10 1308 380 65 2 0 0
1663250364.9141803 20.6763671875 59.396774069192894 986.7476028795485 6 10 10 6 10 10 1308 380 65 2 0 0
1663250370.048488 20.6662109375 59.496985378679746 986.7684388073139 6 10 10 6 10 10 1308 380 65 2 0 0
1663250375.183034 20.6712890625 59.47403262851217 986.7590700666395 6 9 9 6 9 9 1287 375 56 2 0 0
1663250380.316882 20.6611328125 59.12621334902625 986.8011577068115 6 9 9 6 9 9 1287 375 56 2 0 0
1663250385.451339 20.6662109375 59.27297952167547 986.7843226454949 6 9 9 6 9 9 1287 375 56 2 0 0
1663250390.5856218 20.6662109375 59.51508778039468 986.7997911244132 6 9 9 6 9 9 1257 363 49 2 0 0
1663250395.7195868 20.6611328125 59.32055380643465 986.7893731631551 6 9 9 6 9 9 1257 363 49 2 0 0
1663250400.8502793 20.6662109375 59.22033496082926 986.7924230874106 8 10 10 8 10 10 1470 433 52 2 0 0
1663250405.9843714 20.6712890625 59.444349450313304 986.7708546014795 8 10 10 8 10 10 1470 433 52 2 0 0
1663250411.118207 20.6763671875 59.19085826369961 986.7479201142794 8 10 10 8 10 10 1470 433 52 2 0 0
1663250416.2526398 20.6865234375 59.037371564653014 986.7957901269282 8 11 11 8 11 11 1542 457 54 2 0 0
1663250421.386218 20.6662109375 59.21992332621764 986.7324514662147 8 11 11 8 11 11 1542 457 54 2 0 0
1663250426.520701 20.6712890625 59.23781484183786 986.7472855352281 8 11 11 8 11 11 1542 457 54 2 0 0
1663250431.650308 20.6763671875 59.308970318710436 986.7324514662147 9 11 11 9 11 11 1530 462 61 2 0 0
1663250436.7840445 20.6763671875 59.14389993966376 986.7570691893732 9 11 11 9 11 11 1530 462 61 2 0 0
1663250441.9178529 20.6865234375 59.41508272989936 986.7598012062576 9 11 11 9 11 11 1530 462 61 2 0 0
1663250447.052577 20.6814453125 59.29170572282827 986.7662177686966 8 11 11 8 11 11 1488 448 59 2 0 0
1663250452.1864493 20.6865234375 59.13252631687433 986.7786376262192 8 11 11 8 11 11 1488 448 59 2 0 0
1663250457.3206584 20.6865234375 59.13210888953115 986.7564341154499 8 11 11 8 11 11 1488 448 59 2 0 0
1663250462.4544146 20.6712890625 59.196753623709874 986.7739043750662 7 10 10 7 10 10 1425 422 59 2 0 0
1663250467.5886178 20.6712890625 59.35613180204613 986.788421489424 7 10 10 7 10 10 1425 422 59 2 0 0
1663250472.7226076 20.6712890625 59.231919621149295 986.7526533519193 7 10 10 7 10 10 1425 422 59 2 0 0
1663250477.857222 20.6662109375 59.10811760925327 986.7860061513115 8 10 10 8 10 10 1482 441 61 2 0 0
1663250482.991782 20.6712890625 59.4264564697317 986.7630714112665 8 13 13 8 13 13 1587 474 96 6 0 0
1663250488.1257222 20.6662109375 59.355717094303344 986.7607535714067 8 13 13 8 13 13 1596 477 89 6 0 0
1663250493.2597914 20.6662109375 59.23212556763595 986.7691710962924 8 13 13 8 13 13 1596 477 89 6 0 0
1663250498.393663 20.6814453125 59.42666463621918 986.7870552905254 8 13 13 8 13 13 1596 477 89 6 0 0
1663250503.5267518 20.6662109375 59.29697316918269 986.7887388235965 8 13 13 8 13 13 1560 475 84 4 0 0
1663250508.6606119 20.6763671875 59.450452792575895 986.8089412259084 8 13 13 8 13 13 1560 475 84 4 0 0
1663250513.79511 20.6916015625 59.02640254428635 986.7803211589403 8 13 13 8 13 13 1560 475 84 4 0 0
1663250518.9289448 20.6814453125 59.30939186030996 986.7833708497487 8 12 12 8 12 12 1527 468 79 4 0 0
1663250524.063355 20.6814453125 59.0796690012584 986.7699024803601 8 12 12 8 12 12 1527 468 79 4 0 0
1663250529.197765 20.6865234375 59.13883162675509 986.7692671849555 8 12 12 8 12 12 1527 468 79 4 0 0
1663250534.3317986 20.6865234375 59.13820926828168 986.7415999240538 9 13 13 9 13 13 1578 484 81 4 0 0
1663250539.4656897 20.6966796875 59.20958044694377 986.7662177686966 9 13 13 9 13 13 1578 484 81 4 0 0
1663250544.5992649 20.6966796875 58.97964136187757 986.7962043620443 9 13 13 9 13 13 1578 484 81 4 0 0
1663250549.7334075 20.7068359375 59.05669717877901 986.7753658521852 8 13 13 8 13 13 1527 466 86 4 0 0
1663250554.867616 20.7119140625 59.01542439842674 986.7406464539275 8 13 13 8 13 13 1527 466 86 4 0 0
1663250560.0020103 20.7017578125 59.05669717877901 986.742330025781 8 13 13 8 13 13 1527 466 86 4 0 0
1663250565.1357386 20.7068359375 59.003632082824474 986.7952512476514 8 12 12 8 12 12 1491 433 45 10 0 0
1663250570.2689595 20.7017578125 59.29842762028464 986.8023034675872 8 12 12 8 12 12 1491 433 45 10 0 0
1663250575.4027843 20.7068359375 59.204095848219254 986.7760014775484 9 13 13 9 13 13 1548 447 54 12 0 0
1663250580.5356457 20.7068359375 59.144727418384285 986.7810521977276 9 13 13 9 13 13 1548 447 54 12 0 0
1663250585.669006 20.7068359375 59.121553385957654 986.8269222750553 9 13 13 9 13 13 1548 447 54 12 0 0
1663250590.803592 20.7119140625 59.10386545298035 986.7945207879515 9 14 14 9 14 14 1569 463 59 12 0 0
1663250595.9381008 20.7068359375 59.0211170920497 986.8258738957596 9 14 14 9 14 14 1569 463 59 12 0 0
1663250601.0723436 20.7068359375 59.31021890650387 986.8006198660997 9 14 14 9 14 14 1569 463 59 12 0 0
1663250606.2062628 20.7119140625 59.033112794626405 986.8036693225258 8 12 12 8 12 12 1578 465 54 12 0 0
1663250611.34037 20.7068359375 59.25084990754552 986.7719986515195 8 12 12 8 12 12 1578 465 54 12 0 0
1663250616.474387 20.7068359375 58.96256141908794 986.7787330531307 8 12 12 8 12 12 1578 465 54 12 0 0
1663250621.6087747 20.7068359375 58.88590855252746 986.7568462519881 8 12 12 8 12 12 1599 467 54 12 0 0
1663250626.743072 20.7068359375 59.127244683195876 986.772634331112 9 13 13 9 13 13 1599 467 54 12 0 0
1663250631.8771846 20.7017578125 59.121553385957654 986.7662177686966 9 13 13 9 13 13 1599 467 54 12 0 0
1663250637.011758 20.7017578125 59.18051249344968 986.8168204981931 9 13 13 9 13 13 1584 460 54 10 0 0
1663250642.1455216 20.7169921875 59.12196253882384 986.7966169520269 9 13 13 9 13 13 1584 460 54 10 0 0
1663250647.2794595 20.7068359375 59.09776513130819 986.7800987172865 6 12 12 6 12 12 1443 416 64 6 0 0
1663250652.411957 20.7068359375 58.94487245044652 986.7703150512917 6 12 12 6 12 12 1443 416 64 6 0 0
1663250657.5475204 20.7169921875 59.13924122629048 986.7938854608495 6 12 12 6 12 12 1443 416 64 6 0 0
1663250662.681509 20.72734375 59.1276539921163 986.7767314890863 7 12 12 7 12 12 1386 404 67 6 0 0
1663250667.8113503 20.7119140625 59.10976144093328 986.7703150512917 7 12 12 7 12 12 1386 404 67 6 0 0
1663250672.945095 20.7017578125 59.11545289332159 986.7790508935009 7 12 12 7 12 12 1386 404 67 6 0 0
1663250678.0798573 20.7119140625 59.07438535880824 986.7810521977276 8 14 14 8 14 14 1473 432 83 6 0 0
1663250683.2122948 20.7068359375 59.08007727665245 986.7945207879515 8 14 14 8 14 14 1473 432 83 6 0 0
1663250688.3458133 20.6966796875 59.07438535880824 986.8164072566169 8 14 14 8 14 14 1473 432 83 6 0 0
1663250693.477646 20.7017578125 59.032705617265414 986.8116738955997 6 12 12 6 12 12 1464 422 83 4 0 0
1663250698.6088958 20.7017578125 58.997329539647076 986.8076718823645 6 12 12 6 12 12 1464 422 83 4 0 0
1663250703.7410564 20.6916015625 59.03860159417505 986.8012550847427 6 12 12 6 12 12 1464 422 83 4 0 0
1663250708.8752918 20.6966796875 59.15082813942133 986.8009375302241 7 12 12 7 12 12 1464 434 76 4 0 0
1663250714.0093317 20.7068359375 59.08536060743954 986.8160898241144 8 13 13 8 13 13 1464 434 76 4 0 0
1663250719.1401043 20.7068359375 59.02742017813002 986.7753658521852 8 13 13 8 13 13 1464 434 76 4 0 0
1663250724.270968 20.6966796875 58.99204282760898 986.7958867668538 7 12 12 7 12 12 1371 400 71 4 0 0
1663250729.4032617 20.7068359375 59.22747323471188 986.7989362646823 7 11 11 7 11 11 1497 446 61 4 0 0
1663250734.5357254 20.7068359375 59.05100487259605 986.7770494526229 8 12 12 8 12 12 1497 434 61 4 0 0
1663250739.66787 20.7119140625 59.19230419142213 986.8039870691447 8 12 12 8 12 12 1497 434 61 4 0 0
1663250744.8007677 20.7068359375 59.01562776913261 986.7753658521852 8 12 12 8 12 12 1497 434 61 4 0 0
1663250749.9311533 20.7119140625 59.10976144093328 986.8191394863107 8 12 12 8 12 12 1560 457 64 4 0 0
1663250755.0615358 20.7119140625 59.19250958058588 986.8067187238502 8 12 12 8 12 12 1560 457 64 4 0 0
1663250760.1919842 20.7169921875 58.94487245044652 986.8235550158212 8 12 12 8 12 12 1560 457 64 4 0 0
1663250765.3224266 20.7068359375 59.14534200340953 986.8350227161125 8 12 12 8 12 12 1524 440 62 4 0 0
1663250770.4528365 20.7119140625 59.121553385957654 986.8117696107068 8 12 12 8 12 12 1524 440 62 4 0 0
1663250775.5860512 20.7017578125 59.204095848219254 986.8124050779816 8 12 12 8 12 12 1524 440 62 4 0 0
1663250780.7176247 20.6966796875 59.05669717877901 986.7857852420024 8 11 11 8 11 11 1461 421 58 4 0 0
1663250785.8465157 20.6966796875 59.109148034727426 986.7827357712606 8 11 11 8 11 11 1461 421 58 4 0 0
1663250790.9806645 20.7017578125 59.07377316368523 986.7998889689117 8 11 11 8 11 11 1461 421 58 4 0 0
1663250796.110269 20.6916015625 59.10345666081942 986.7810521977276 8 10 10 8 10 10 1497 430 51 2 0 0
1663250801.243475 20.7017578125 59.10325224861986 986.7891524166729 8 10 10 8 10 10 1497 430 51 2 0 0
1663250806.375903 20.7017578125 59.121144190107366 986.7638986134662 7 9 9 7 9 9 1497 430 51 2 0 0
1663250811.5064926 20.7017578125 59.02132054078713 986.8157722820063 7 12 12 7 12 12 1344 406 69 6 0 0
1663250816.6369593 20.6966796875 59.12704001261663 986.778002685588 7 12 12 7 12 12 1344 406 69 6 0 0
1663250821.7672691 20.6916015625 59.10345666081942 986.7951556766374 8 12 12 8 12 12 1374 418 71 6 0 0
1663250826.897642 20.6966796875 58.96784919189778 986.7962043620443 8 12 12 8 12 12 1374 418 71 6 0 0
1663250832.0281067 20.7017578125 58.88510092657546 986.7776850508714 8 12 12 8 12 12 1374 418 71 6 0 0
1663250837.158448 20.6966796875 59.03250201246563 986.8130401068217 7 12 12 7 12 12 1275 390 73 6 0 0
1663250842.2890258 20.6966796875 59.02680963006242 986.8009375302241 7 12 12 7 12 12 1275 390 73 6 0 0
1663250847.4221594 20.6966796875 59.097152096555554 986.7931547266293 7 12 12 7 12 12 1275 390 73 6 0 0
1663250852.5556936 20.6814453125 59.232957165275046 986.798522770664 7 13 13 7 13 13 1353 408 78 8 0 0
1663250857.6897483 20.6916015625 59.15569094862675 986.8187253407012 7 13 13 7 13 13 1353 408 78 8 0 0
1663250862.8243175 20.6966796875 59.20937482370831 986.808624054423 7 13 13 7 13 13 1353 408 78 8 0 0
1663250867.9589286 20.6916015625 58.956056980744556 986.8147236816844 8 13 13 8 13 13 1410 427 75 8 0 0
1663250873.0930145 20.6916015625 59.10325224861986 986.8029386591156 8 13 13 8 13 13 1410 427 75 8 0 0
1663250878.2290287 20.6966796875 59.20389031375333 986.8612295637358 8 13 13 8 13 13 1410 427 75 8 0 0
1663250883.3629699 20.7017578125 59.0796690012584 986.826508707682 7 13 13 7 13 13 1368 401 78 8 0 0
1663250888.4985487 20.6966796875 58.95036351177196 986.8180908316197 7 13 13 7 13 13 1368 401 78 8 0 0
1663250893.6305275 20.6916015625 58.96744345184458 986.8450280411777 8 12 12 8 12 12 1500 443 89 0 0 0
1663250898.76259 20.6966796875 59.19168795945548 986.8433444650556 8 11 11 8 11 11 1443 422 78 0 0 0
1663250903.8995662 20.6916015625 59.14452253521723 986.8251423874416 8 11 11 8 11 11 1443 422 78 0 0 0
1663250909.0363495 20.6916015625 59.168310481967474 986.8292411009039 8 11 11 8 11 11 1443 422 78 0 0 0
1663250914.173606 20.6966796875 59.11524835730474 986.8349265854941 8 11 11 8 11 11 1464 429 69 0 0 0
1663250919.3061166 20.6865234375 59.05628946314381 986.8197744066922 8 11 11 8 11 11 1464 429 69 0 0 0
1663250924.4371061 20.7068359375 58.949958196937516 986.8285095111017 8 11 11 8 11 11 1464 429 69 0 0 0
1663250929.571331 20.6916015625 59.05608558920699 986.8147236816844 8 10 10 8 10 10 1434 421 60 0 0 0
1663250934.7062104 20.6865234375 59.13252631687433 986.832193726324 8 10 10 8 10 10 1434 421 60 0 0 0
1663250939.8360963 20.6865234375 59.156108924562474 986.8288266294984 8 10 10 8 10 10 1434 421 60 0 0 0
1663250944.9689534 20.6916015625 58.88489899322131 986.8002063177823 8 10 10 8 10 10 1380 407 55 0 0 0
1663250950.1002629 20.7068359375 59.13293582483254 986.8119911495692 8 10 10 8 10 10 1380 407 55 0 0 0
1663250955.2315636 20.7017578125 59.091664923160664 986.826508707682 8 10 10 8 10 10 1380 407 55 0 0 0
1663250960.3643138 20.6966796875 59.203684768541514 986.7766366644946 8 10 10 8 10 10 1395 407 52 0 0 0
1663250965.4994824 20.6966796875 59.07397723947235 986.823141557047 8 10 10 8 10 10 1395 407 52 0 0 0
1663250970.6330714 20.7017578125 59.01522101697466 986.8029386591156 8 10 10 8 10 10 1395 407 52 0 0 0
1663250975.7666528 20.7017578125 59.121553385957654 986.7793686242646 8 13 14 8 13 14 1521 458 85 6 2 0
1663250980.901832 20.6916015625 59.12134879340553 986.8346093021224 8 13 14 8 13 14 1521 458 85 6 2 0
1663250986.0341413 20.6966796875 58.83833397820205 986.8063058080711 8 12 13 8 12 13 1428 436 73 4 2 0
1663250991.1690996 20.6966796875 59.150000432389895 986.8200917024759 8 12 13 8 12 13 1428 436 73 4 2 0
1663250996.3034108 20.6916015625 59.08556482853845 986.7951556766374 8 12 13 8 12 13 1428 436 73 4 2 0
1663251001.4372873 20.6966796875 59.08007727665245 986.8248251323297 7 11 12 7 11 12 1371 412 66 4 2 0
1663251006.570262 20.7068359375 59.10345666081942 986.8359755120323 7 11 12 7 11 12 1371 412 66 4 2 0
1663251011.703852 20.6966796875 59.144727418384285 986.8144062356246 7 11 12 7 11 12 1371 412 66 4 2 0
1663251016.8392975 20.7017578125 59.18030722809726 986.8362928914522 8 12 13 8 12 13 1464 436 75 4 2 0
1663251021.9730299 20.6916015625 59.10345666081942 986.8419780085418 8 12 13 8 12 13 1464 436 75 4 2 0
1663251027.108009 20.6966796875 59.10304782567424 986.823141557047 8 12 13 8 12 13 1464 436 75 4 2 0
1663251032.2431407 20.6814453125 59.073569077151994 986.8170417928133 8 12 13 8 12 13 1455 438 77 4 2 0
1663251037.3752372 20.6865234375 59.23864675456736 986.8436615710368 8 12 13 8 12 13 1455 438 77 4 2 0
1663251042.5094118 20.6814453125 59.19168795945548 986.8271430811907 8 12 13 8 12 13 1455 438 77 4 2 0
1663251047.6404364 20.6966796875 59.27422586673165 986.8288266294984 7 12 13 7 12 13 1365 422 84 2 2 0
1663251052.7695758 20.6966796875 58.9322699739926 986.8318766350418 None None None None None None None None None None None None
1663251057.9000788 20.6966796875 58.97964136187757 986.8160898241144 9 13 15 9 13 15 1638 476 88 8 4 0
1663251063.0349503 20.6916015625 59.10935251420876 986.8399773130211 9 13 15 9 13 15 1638 476 88 8 4 0
1663251068.1645257 20.6916015625 59.026191155871814 986.8220924366871 9 13 16 9 13 16 1659 488 91 8 4 0
1663251073.2942736 20.6865234375 58.88530284918314 986.8271430811907 9 13 16 9 13 16 1659 488 91 8 4 0
1663251078.428812 20.6865234375 58.949755523400775 986.8119911495692 9 13 16 9 13 16 1659 488 91 8 4 0
1663251083.5585182 20.6916015625 59.1384219842357 986.8170417928133 9 13 16 9 13 16 1680 498 96 6 4 0
1663251088.691463 20.6966796875 59.03860159417505 986.8514451985683 9 13 16 9 13 16 1680 498 96 6 4 0
1663251093.8264174 20.6916015625 59.03250201246563 986.8274601035461 9 13 16 9 13 16 1680 498 96 6 4 0
1663251098.9572048 20.6865234375 59.0796690012584 986.8005235570538 9 14 17 9 14 17 1695 510 98 8 4 0
1663251104.0873244 20.6865234375 59.04998589306226 986.8167245795154 9 14 17 9 14 17 1695 510 98 8 4 0
1663251109.2172282 20.6966796875 59.05018971046133 986.8197744066922 9 14 17 9 14 17 1695 510 98 8 4 0
1663251114.349805 20.6916015625 59.10894354450003 986.8285095111017 9 14 15 9 14 15 1632 494 93 6 2 0
1663251119.4818916 20.6916015625 59.03798271110037 986.8568130759926 9 14 15 9 14 15 1632 494 93 6 2 0
1663251124.6137836 20.6865234375 59.17400100256455 986.8315594341593 9 14 15 9 14 15 1632 494 93 6 2 0
1663251129.7483253 20.6916015625 59.30349649144228 986.8392448482693 9 15 16 9 15 16 1689 513 97 6 2 0
1663251134.8818903 20.6763671875 59.19106372849801 986.8496627972762 8 11 12 8 11 12 1491 415 89 2 2 0
1663251140.0158205 20.6763671875 59.01439955947269 986.8348278504362 8 11 12 8 11 12 1485 417 91 2 2 0
1663251145.1463056 20.6662109375 59.0843314838147 986.8550299500457 8 11 12 8 11 12 1485 417 91 2 2 0
1663251150.2790623 20.6560546875 59.15528081563222 986.8328275800956 8 11 12 8 11 12 1485 417 91 2 2 0
1663251155.408816 20.6712890625 59.202648973427976 986.8017914182046 7 10 11 7 10 11 1464 403 91 2 2 0
1663251160.5411682 20.6662109375 59.21402814193051 986.8536629315779 7 10 11 7 10 11 1464 403 91 2 2 0
1663251165.672672 20.6662109375 59.09043123704429 986.8284105130482 7 10 11 7 10 11 1464 403 91 2 2 0
1663251170.8050191 20.6560546875 59.0839229010909 986.800741239036 8 10 12 8 10 12 1485 419 81 2 2 0
1663251175.9365604 20.6560546875 59.066645189951224 986.830094007127 8 10 12 8 10 12 1485 419 81 2 2 0
1663251181.0634122 20.6611328125 59.04916267500571 986.8334609954945 8 10 12 8 10 12 1485 419 81 2 2 0
1663251186.195865 20.6814453125 59.04957038585365 986.8624976103496 8 10 12 8 10 12 1476 421 81 2 2 0
1663251191.3276901 20.6814453125 58.967232762170596 986.8473456655028 8 10 12 8 10 12 1476 421 81 2 2 0
1663251196.4602149 20.6763671875 59.073569077151994 986.8014746173025 8 10 12 8 10 12 1476 421 81 2 2 0
1663251201.592542 20.6712890625 59.014196123876175 986.8493460607609 8 10 10 8 10 10 1464 424 67 0 0 0
1663251206.7277012 20.6814453125 59.03777900636411 986.8213597896278 8 10 10 8 10 10 1464 424 67 0 0 0
1663251211.856694 20.6712890625 59.16686629713245 986.7950575012958 8 10 10 8 10 10 1464 424 67 0 0 0
1663251216.9903517 20.6560546875 59.12559914262012 986.8435619622769 7 13 13 7 13 13 1389 405 88 6 0 0
1663251222.121706 20.6560546875 59.13718491813149 986.8421949431681 7 13 13 7 13 13 1389 405 88 6 0 0
1663251227.255284 20.6458984375 58.942230493740276 986.8643963923859 6 12 12 6 12 12 1389 405 88 6 0 0
1663251232.3888462 20.6560546875 59.184141195858 986.8243095764542 6 11 11 6 11 11 1368 395 86 6 0 0
1663251237.5222971 20.6458984375 59.1664558305442 986.8111583577593 6 11 11 6 11 11 1368 395 86 6 0 0
1663251242.654659 20.6458984375 59.13087997631999 986.8411441115776 7 12 12 7 12 12 1368 395 86 6 0 0
1663251247.7870743 20.6560546875 59.19572580213826 986.7943239708009 7 11 11 7 11 11 1227 365 72 6 0 0
1663251252.9187539 20.6509765625 59.113194534986086 986.8596621082944 7 11 11 7 11 11 1227 365 72 6 0 0
1663251258.0536308 20.6509765625 59.02496957367745 986.8344102966886 7 11 11 7 11 11 1227 365 72 6 0 0
1663251263.1839669 20.6509765625 59.207721538865925 986.8647124725047 6 11 11 6 11 11 1257 379 76 8 0 0
1663251268.3155048 20.6458984375 59.143080168930375 986.8279927517143 6 11 11 6 11 11 1257 379 76 8 0 0
1663251273.4485307 20.6509765625 59.20203211088892 986.831359631345 6 11 11 6 11 11 1257 379 76 8 0 0
1663251278.5817232 20.6611328125 59.20813294735169 986.8509286474339 6 12 12 6 12 12 1200 363 67 8 0 0
1663251283.7159748 20.6458984375 59.060545721223185 986.8425113091129 6 12 12 6 12 12 1200 363 67 8 0 0
1663251288.84961 20.6560546875 58.98959708325065 986.8610294557282 6 12 12 6 12 12 1200 363 67 8 0 0
1663251293.9835732 20.6662109375 58.92494903525958 986.8610294557282 6 11 11 6 11 11 1164 346 57 6 0 0
1663251299.1181173 20.6611328125 59.17845145760302 986.8354610195421 7 11 11 7 11 11 1560 436 78 4 0 0
1663251304.2512867 20.6611328125 59.21402814193051 986.8486124466125 7 11 11 7 11 11 1623 460 85 4 0 0
1663251309.3855793 20.6712890625 58.94304119979326 986.82472680441 7 11 11 7 11 11 1623 460 85 4 0 0
1663251314.518452 20.6662109375 58.95483263948777 986.8385114785709 7 11 11 7 11 11 1623 460 85 4 0 0
1663251319.6521382 20.6814453125 59.19085826369961 986.8176758906155 7 11 11 7 11 11 1554 442 85 4 0 0
1663251324.7848592 20.6814453125 59.06684926334527 986.8513463193792 7 11 11 7 11 11 1554 442 85 4 0 0
1663251329.9193008 20.6662109375 58.88408338380476 986.8196762823416 7 11 11 7 11 11 1554 442 85 4 0 0
1663251335.0532236 20.6662109375 58.94304119979326 986.8421949431681 8 11 11 8 11 11 1533 442 88 2 0 0
1663251340.1861663 20.6611328125 59.249192923470666 986.8553464267062 8 11 11 8 11 11 1533 442 88 2 0 0
1663251345.3187482 20.6611328125 59.07213231793801 986.846928951764 8 11 11 8 11 11 1533 442 88 2 0 0
1663251350.452777 20.6509765625 59.0192777409473 986.8812310798729 8 11 11 8 11 11 1482 428 79 2 0 0
1663251355.5867305 20.6458984375 59.143080168930375 986.8862814874833 8 11 11 8 11 11 1482 428 79 2 0 0
1663251360.7204976 20.6560546875 58.9245440644716 986.8330476102844 8 11 11 8 11 11 1482 428 79 2 0 0
1663251365.8502924 20.6458984375 58.906857542584035 986.8633450017936 7 11 12 7 11 12 1476 423 79 6 0 0
1663251370.9842205 20.6509765625 59.31383104473935 986.8700787672118 7 11 12 7 11 12 1476 423 79 6 0 0
1663251376.1180718 20.6458984375 59.00728337477456 986.8697628373446 7 11 12 7 11 12 1476 423 79 6 0 0
1663251381.251632 20.6458984375 59.154665535545554 986.8700787672118 7 11 11 7 11 11 1305 372 65 2 0 0
1663251386.3856077 20.6662109375 58.98410792720988 986.846928951764 7 11 11 7 11 11 1305 372 65 2 0 0
1663251391.5187173 20.6560546875 59.090226894519134 986.8539793122076 7 11 11 7 11 11 1299 379 74 2 0 0
1663251396.653379 20.6509765625 58.97760307442099 986.8495613817629 7 11 11 7 11 11 1299 379 74 2 0 0
1663251401.785988 20.6458984375 59.319725919521254 986.8327268431412 7 11 11 7 11 11 1299 379 74 2 0 0
1663251406.9201314 20.6458984375 59.172350962606686 986.8832304799965 7 11 11 7 11 11 1320 388 76 2 0 0
1663251412.0537853 20.6509765625 59.02496957367745 986.826309312004 7 11 11 7 11 11 1320 388 76 2 0 0
1663251417.187695 20.6458984375 59.29025144269952 986.8243095764542 7 11 11 7 11 11 1320 388 76 2 0 0
1663251422.3216066 20.6560546875 58.98959708325065 986.8627129240219 7 11 11 7 11 11 1335 388 72 2 0 0
1663251427.4559715 20.6560546875 59.00748679681678 986.8694467978972 7 11 11 7 11 11 1335 388 72 2 0 0
1663251432.5898867 20.6560546875 59.201620815466725 986.8344102966886 7 11 11 7 11 11 1335 388 72 2 0 0
1663251437.7235665 20.6509765625 59.307729295620256 986.8212589932928 7 10 11 7 10 11 1356 390 65 2 0 0
1663251442.8576045 20.6458984375 59.14246522804727 986.844827152666 7 10 11 7 10 11 1356 390 65 2 0 0
1663251447.9914615 20.6458984375 59.00098121280601 986.888596627884 7 10 11 7 10 11 1356 390 65 2 0 0
1663251453.125471 20.6357421875 59.16625058113113 986.8555637050895 8 11 12 8 11 12 1371 404 72 2 0 0
1663251458.2589645 20.6357421875 59.242267184075004 986.8263139073912 8 11 12 8 11 12 1371 404 72 2 0 0
1663251463.3928697 20.6255859375 59.03045753812529 986.8417806800535 9 13 14 9 13 14 1521 464 90 6 0 0
1663251468.5257943 20.6255859375 59.13006048592529 986.8743965684196 9 13 14 9 13 14 1521 464 90 6 0 0
1663251473.6597264 20.6205078125 59.082696895012766 986.8561948194805 9 13 14 9 13 14 1521 464 90 6 0 0
1663251478.7942593 20.6205078125 58.94141961574541 986.8760799553258 9 12 13 9 12 13 1500 454 81 4 0 0
1663251483.9288394 20.6205078125 59.13006048592529 986.8693464081206 9 12 13 9 12 13 1500 454 81 4 0 0
1663251489.063143 20.6205078125 59.3064878856843 986.8349420109237 9 12 13 9 12 13 1500 454 81 4 0 0
1663251494.196983 20.6154296875 59.253231361423644 986.8548268533744 9 12 12 9 12 12 1515 454 72 4 0 0
1663251499.3311114 20.6205078125 59.00585911958391 986.8433587344047 9 12 12 9 12 12 1515 454 72 4 0 0
1663251504.464105 20.6154296875 59.171118901264336 986.8642962484514 9 12 12 9 12 12 1515 454 72 4 0 0
1663251509.5976942 20.6154296875 59.28921802412052 986.839361097532 8 11 11 8 11 11 1503 449 61 2 0 0
1663251514.7320235 20.6154296875 59.19469771191878 986.8898622843656 8 11 11 8 11 11 1503 449 61 2 0 0
1663251519.8655348 20.6154296875 59.22965350057001 986.8534588048902 8 11 11 8 11 11 1503 449 61 2 0 0
1663251524.999004 20.6154296875 59.24795567896549 986.8609294756886 9 11 11 9 11 11 1518 456 56 2 0 0
1663251530.1325667 20.6255859375 59.0948956104199 986.8771323612569 9 11 11 9 11 11 1518 456 56 2 0 0
1663251535.2670145 20.6255859375 59.159329434198284 986.8491457732218 9 11 11 9 11 11 1518 456 56 2 0 0
1663251540.4021502 20.6357421875 59.07741486182639 986.837362074183 8 10 10 8 10 10 1467 440 45 2 0 0
1663251545.5366523 20.6255859375 59.10689018183616 986.8505135064283 7 9 9 7 9 9 1227 378 32 4 0 0
1663251550.6704774 20.6306640625 59.13595534333271 986.8440956160712 5 8 8 5 8 8 1206 366 36 4 0 0
1663251555.8050518 20.6205078125 59.0066730441704 986.835678688886 5 8 8 5 8 8 1206 366 36 4 0 0
1663251560.9395008 20.6205078125 59.159534670061944 986.86492700814 5 8 8 5 8 8 1206 366 36 4 0 0
1663251566.0738292 20.6255859375 59.212587553235224 986.8565102123271 5 7 7 5 7 7 1206 361 32 2 0 0
1663251571.2077177 20.6205078125 58.99996417036684 986.8444112133818 5 7 7 5 7 7 1206 361 32 2 0 0
1663251576.3415706 20.6255859375 59.129855586461524 986.8925985145115 5 7 7 5 7 7 1206 361 32 2 0 0
1663251581.4755597 20.6205078125 59.11217115434179 986.867978429007 6 8 8 6 8 8 1227 366 32 2 0 0
1663251586.6095035 20.6255859375 59.26522669846045 986.8676630214944 6 8 8 6 8 8 1227 366 32 2 0 0
1663251591.7428508 20.6154296875 58.98817424106397 986.8750271654241 6 8 8 6 8 8 1227 366 32 2 0 0
1663251596.875683 20.6154296875 59.135545399098234 986.8699770864673 6 8 8 6 8 8 1284 375 34 2 0 0
1663251602.0096219 20.6052734375 59.01724169123747 986.8271560151327 6 8 8 6 8 8 1284 375 34 2 0 0
1663251607.1424174 20.5951171875 59.128830927952045 986.8776555583436 6 8 8 6 8 8 1284 375 34 2 0 0
1663251612.2765985 20.5849609375 59.10504831535019 986.8550337135359 6 8 8 6 8 8 1278 377 32 0 0 0
1663251617.4105508 20.5849609375 59.252405918784234 986.8712371284355 5 7 7 5 7 7 1278 377 32 0 0 0
1663251622.5431216 20.5951171875 59.32902933133765 986.8645039077164 5 7 7 5 7 7 1278 377 32 0 0 0
1663251627.677147 20.5900390625 59.045491343061684 986.8847035732313 7 9 9 7 9 9 1398 399 47 4 0 0
1663251632.8110323 20.5748046875 59.151587684403005 986.8405136594437 7 9 9 7 9 9 1398 399 47 4 0 0
1663251637.9445953 20.5595703125 59.29304428786662 986.8923801904332 7 10 11 7 10 11 1410 399 45 4 2 0
1663251643.0768392 20.5595703125 59.16296512906905 986.85292522217 7 10 11 7 10 11 1410 399 45 4 2 0
1663251648.2088208 20.5544921875 59.280429374886204 986.8731239048799 7 10 11 7 10 11 1410 399 45 4 2 0
1663251653.344269 20.5544921875 59.31620548203158 986.8586031850842 6 10 11 6 10 11 1299 368 47 8 2 0
1663251658.4763312 20.5646484375 59.174753095420726 986.8865896989488 6 10 11 6 10 11 1299 368 47 8 2 0
1663251663.60833 20.5646484375 59.287563995614754 986.8825949253855 6 10 11 6 10 11 1299 368 47 8 2 0
1663251668.7428493 20.5748046875 59.24548002940522 986.8623959122773 7 10 11 7 10 11 1356 387 44 8 2 0
1663251673.8770204 20.5849609375 59.045491343061684 986.8769163270304 7 10 11 7 10 11 1356 387 44 8 2 0
1663251679.0068119 20.5951171875 59.170091887964986 986.8709222822778 7 10 11 7 10 11 1356 387 44 8 2 0
1663251684.1352985 20.5951171875 59.14630909248029 986.8796536559082 6 10 11 6 10 11 1326 371 44 8 2 0
1663251689.269389 20.5849609375 59.18146949142932 986.9052177142876 6 10 11 6 10 11 1326 371 44 8 2 0
1663251694.4003036 20.5748046875 59.34650394648737 986.8971156730565 6 10 11 6 10 11 1326 371 44 8 2 0
1663251699.5312397 20.5798828125 59.42333268295849 986.8704977449929 7 11 12 7 11 12 1410 392 46 10 2 0
1663251704.6632576 20.5646484375 59.192640725535206 986.8744929535662 7 11 12 7 11 12 1410 392 46 10 2 0
1663251709.7979274 20.5544921875 59.22190454933908 986.8852204588957 6 9 9 6 9 9 1362 389 51 2 0 0
1663251714.9323566 20.5595703125 59.35136006793272 986.8734379842272 6 9 9 6 9 9 1362 389 51 2 0 0
1663251720.0640655 20.5443359375 59.386513465499576 986.8902700919456 6 9 9 6 9 9 1362 389 51 2 0 0
1663251725.197938 20.5595703125 59.351567652835456 986.9098409587059 6 9 9 6 9 9 1362 387 53 2 0 0
1663251730.3318703 20.5595703125 59.31641265255552 986.8832232500118 7 10 10 7 10 10 1362 387 53 2 0 0
1663251735.4651196 20.5646484375 59.27474243767203 986.8845923804583 7 10 10 7 10 10 1362 387 53 2 0 0
1663251740.5985918 20.5595703125 59.227592262636634 986.9011106962498 7 10 10 7 10 10 1398 394 58 0 0 0
1663251745.7284663 20.5494140625 59.080243722274574 986.8613413387418 7 10 10 7 10 10 1398 394 58 0 0 0
1663251750.8591208 20.5697265625 59.39934094255093 986.8657624137626 7 10 10 7 10 10 1398 394 58 0 0 0
1663251755.9944808 20.5595703125 59.21601065360451 986.8873303942822 7 10 10 7 10 10 1353 389 60 0 0 0
1663251761.1288555 20.5595703125 59.24548002940522 986.8781735771311 7 10 10 7 10 10 1353 389 60 0 0 0
1663251766.2588978 20.5646484375 59.31031175089237 986.8825949253855 7 10 10 7 10 10 1353 389 60 0 0 0
1663251771.3928785 20.5595703125 59.40481839424548 986.8825949253855 7 11 11 7 11 11 1416 411 55 0 0 0
1663251776.5279825 20.5544921875 59.3869294532998 986.9051051731033 7 11 11 7 11 11 1416 411 55 0 0 0
1663251781.6598353 20.5595703125 59.103615150746556 986.9488690547495 7 11 11 7 11 11 1416 411 55 0 0 0
1663251786.7941773 20.5595703125 59.233898538626796 986.8720687572096 7 11 11 7 11 11 1416 413 64 0 0 0
1663251791.9288735 20.5544921875 59.28084294088817 986.9219374296789 9 13 14 9 13 14 1620 479 70 8 2 0
1663251797.0612416 20.5494140625 59.13328993746699 986.9118380748941 9 12 13 9 12 13 1557 461 68 4 2 0
1663251802.1947372 20.5544921875 59.27453571657257 986.9067883984459 8 11 12 8 11 12 1557 461 68 4 2 0
1663251807.3266528 20.5646484375 59.145488321898085 986.9148906762441 8 11 12 8 11 12 1557 461 68 4 2 0
1663251812.4602377 20.5544921875 59.32230644068029 986.8741786686996 8 11 12 8 11 12 1608 468 68 4 2 0
1663251817.593663 20.5798828125 59.281463209297705 986.9240481500942 8 11 12 8 11 12 1608 468 68 4 2 0
1663251822.7256446 20.5798828125 59.210734594065585 986.9310953151717 8 11 12 8 11 12 1608 468 68 4 2 0
1663251827.8502674 20.5798828125 59.29914513162759 986.9341478336002 8 12 13 8 12 13 1692 496 80 4 2 0
1663251832.9802377 20.5849609375 59.251786723973446 986.9476140821921 8 12 13 8 12 13 1692 496 80 4 2 0
1663251838.1097288 20.5646484375 59.098539930383446 986.9314092486487 9 13 14 9 13 14 1692 496 80 4 2 0
1663251843.2445707 20.5544921875 59.15076651574999 986.9455026006364 9 13 14 9 13 14 1635 475 73 4 2 0
1663251848.3782735 20.5595703125 59.080652691859 986.9148906762441 9 13 14 9 13 14 1635 475 73 4 2 0
1663251853.5102582 20.5849609375 59.11073797010469 986.9099531692905 9 13 14 9 13 14 1635 475 73 4 2 0
1663251858.6440086 20.5951171875 59.134725381676915 986.9281551645146 8 12 14 8 12 14 1557 449 80 4 2 0
1663251863.775347 20.6001953125 59.18777500221256 986.9308927622831 8 12 14 8 12 14 1557 449 80 4 2 0
1663251868.9076827 20.6001953125 59.32375680437741 986.9281551645146 8 12 14 8 12 14 1557 449 80 4 2 0
1663251874.0381534 20.6052734375 59.35891457630463 986.9406782491599 7 9 9 7 9 9 1320 393 48 0 0 0
1663251879.1690001 20.6052734375 59.0585049616162 986.9618216036064 7 9 9 7 9 9 1320 393 48 0 0 0
1663251884.299145 20.5951171875 58.958090296338284 986.940252705338 8 10 10 8 10 10 1362 409 58 2 0 0
1663251889.4334147 20.6001953125 59.12273156727914 986.9267862420742 8 10 10 8 10 10 1362 409 58 2 0 0
1663251894.5650704 20.5849609375 59.151587684403005 986.9139484691066 8 10 10 8 10 10 1362 409 58 2 0 0
1663251899.6962833 20.5951171875 59.11724680826891 986.9345740095456 7 10 10 7 10 10 1362 404 62 2 0 0
1663251904.8313317 20.6001953125 59.252405918784234 986.9456167703189 7 10 10 7 10 10 1362 404 62 2 0 0
1663251909.9651701 20.5849609375 59.09285027654508 986.9597108659359 7 10 10 7 10 10 1362 404 62 2 0 0
1663251915.0970995 20.5798828125 59.15199820425341 986.9425642384455 8 11 11 8 11 11 1434 425 69 2 0 0
1663251920.2311091 20.5798828125 59.21642269655972 986.9330925022243 8 11 11 8 11 11 1434 425 69 2 0 0
1663251925.3656125 20.5697265625 59.06276575369549 986.9297259951431 8 11 11 8 11 11 1434 425 69 2 0 0
1663251930.4997802 20.5748046875 59.198534729696334 986.9832766288035 7 11 11 7 11 11 1407 420 83 2 0 0
1663251935.6340575 20.5748046875 59.033702654936796 986.9516082961723 7 11 11 7 11 11 1407 420 83 2 0 0
1663251940.7650967 20.5798828125 59.13390519231895 986.9327785823042 7 11 11 7 11 11 1407 420 83 2 0 0
1663251945.898776 20.5849609375 59.134315308490024 986.9893824598224 7 11 11 7 11 11 1380 415 78 4 0 0
1663251951.0310524 20.5748046875 59.35787658407542 986.9560304898355 7 11 11 7 11 11 1380 415 78 4 0 0
1663251956.1616337 20.5849609375 59.16358136087743 986.9456167703189 7 11 11 7 11 11 1356 398 63 6 0 0
1663251961.2911391 20.5849609375 59.21094052140138 986.9375143953284 7 11 11 7 11 11 1356 398 63 6 0 0
1663251966.4231663 20.5849609375 59.24020503045086 986.9462447218816 7 11 11 7 11 11 1356 398 63 6 0 0
1663251971.5554516 20.5595703125 59.157276484532034 986.9431920251467 7 12 12 7 12 12 1350 405 61 6 0 0
1663251976.6871383 20.5646484375 59.210116747582745 986.9381422633707 7 12 12 7 12 12 1350 405 61 6 0 0
1663251981.8191156 20.5849609375 59.29325116780555 986.9317230725844 7 12 12 7 12 12 1350 405 61 6 0 0
1663251986.9518037 20.5646484375 59.31641265255552 986.9367727928507 8 12 12 8 12 12 1392 414 64 6 0 0
1663251992.0826025 20.5646484375 59.104434166425236 986.932036786982 8 12 12 8 12 12 1392 414 64 6 0 0
1663251997.2157638 20.5646484375 59.17516419648753 986.9512945253774 8 12 12 8 12 12 1392 414 64 6 0 0
1663252002.3469255 20.5748046875 59.058096680740796 986.9607664267186 8 11 11 8 11 11 1383 414 64 6 0 0
1663252007.479435 20.5900390625 59.246305417858785 986.9314092486487 8 11 11 8 11 11 1383 414 64 6 0 0
1663252012.6129916 20.5697265625 59.069068595859285 986.9229929818201 8 11 11 8 11 11 1383 414 64 6 0 0
1663252017.7470627 20.5900390625 59.26946859879661 986.9425642384455 7 10 10 7 10 10 1278 385 55 6 0 0
1663252022.8809826 20.5900390625 58.9989468592708 986.9456167703189 7 10 10 7 10 10 1278 385 55 6 0 0
1663252028.0120142 20.5849609375 59.03411048351136 986.9742327927197 7 10 10 7 10 10 1278 385 55 6 0 0
1663252033.144236 20.5849609375 59.34650394648737 986.9486692471514 7 10 10 7 10 10 1278 378 55 4 0 0
1663252038.274764 20.5798828125 59.057892524183835 986.9644468992279 8 12 12 8 12 12 1578 479 76 2 0 0
1663252043.4067056 20.5748046875 59.02191392566118 986.9300398326357 8 12 12 8 12 12 1551 469 73 2 0 0
1663252048.5365627 20.5798828125 58.86865670036213 986.9512945253774 8 12 12 8 12 12 1551 469 73 2 0 0
1663252053.6681795 20.5697265625 59.128216003893776 987.0135754869222 8 12 12 8 12 12 1551 469 73 2 0 0
1663252058.8018296 20.5646484375 59.139594225149935 986.9617078237112 8 11 11 8 11 11 1551 469 68 0 0 0
1663252063.9335024 20.5697265625 59.12211681282451 986.9765435522995 8 11 11 8 11 11 1551 469 68 0 0 0
1663252069.0653024 20.5595703125 59.18105829878946 986.9718073537686 7 10 10 7 10 10 1551 469 68 0 0 0
1663252074.199685 20.5646484375 59.021710129823525 986.9606516463487 7 10 10 7 10 10 1593 474 66 0 0 0
1663252079.3318765 20.5544921875 59.115403053717834 986.944132883649 7 10 10 7 10 10 1593 474 66 0 0 0
1663252084.4662807 20.5595703125 59.18654102062357 986.9724342413751 7 10 10 7 10 10 1593 474 66 0 0 0
1663252089.60027 20.5595703125 59.23307355943064 986.9892665259301 8 10 10 8 10 10 1431 425 55 0 0 0
1663252094.7297041 20.5544921875 59.05646312739194 986.9993659000206 8 10 10 8 10 10 1431 425 55 0 0 0
1663252099.8619719 20.5443359375 59.298110288106685 986.9912628851446 8 10 10 8 10 10 1431 425 55 0 0 0
1663252104.9942613 20.5494140625 59.15056119672168 987.0262975765727 8 10 10 8 10 10 1476 432 64 0 0 0
1663252110.1297388 20.5392578125 59.25644160912411 986.9922016190827 8 10 10 8 10 10 1476 432 64 0 0 0
1663252115.2641087 20.5443359375 59.22717988609941 987.0084079270997 8 10 10 8 10 10 1476 432 64 0 0 0
1663252120.3952165 20.5544921875 59.18612960745961 986.980106501578 7 10 10 7 10 10 1323 384 68 0 0 0
1663252125.5305498 20.5443359375 59.13918390994239 986.971690563876 7 10 10 7 10 10 1323 384 68 0 0 0
1663252130.664005 20.5341796875 59.25623505761178 986.975056938747 6 9 9 6 9 9 1287 377 71 0 0 0
1663252135.79521 20.5392578125 59.103819920785384 986.9935720055383 6 9 9 6 9 9 1287 377 71 0 0 0
1663252140.929688 20.5544921875 59.280429374886204 987.0104038917835 6 9 9 6 9 9 1287 377 71 0 0 0
1663252146.057569 20.5443359375 59.2099107772633 986.9629614861461 7 10 10 7 10 10 1344 396 76 0 0 0
1663252151.189169 20.5544921875 59.33347183680574 987.0131446901942 7 10 10 7 10 10 1344 396 76 0 0 0
1663252156.3202412 20.5443359375 59.203811014443474 987.0269231584032 7 10 10 7 10 10 1344 396 76 0 0 0
1663252161.4499178 20.5544921875 59.138773551750674 987.0565957340978 7 10 10 7 10 10 1386 403 78 0 0 0
1663252166.582796 20.5494140625 59.168448107895124 987.0120870807929 7 10 10 7 10 10 1386 403 78 0 0 0
1663252171.7177498 20.5443359375 59.062152856505264 986.997251143342 7 10 10 7 10 10 1386 403 78 0 0 0
1663252176.8476572 20.5443359375 59.15645500377744 987.0050415223175 7 10 10 7 10 10 1392 406 76 0 0 0
1663252181.9825618 20.5443359375 59.245067270703345 987.0218735490265 7 10 10 7 10 10 1392 406 76 0 0 0
1663252187.1140623 20.5544921875 59.297489253045015 987.0104038917835 7 10 10 7 10 10 1392 406 76 0 0 0
1663252192.2478123 20.5443359375 59.10320557843058 987.0117743321617 7 10 10 7 10 10 1428 409 79 0 0 0
1663252197.37893 20.5341796875 59.409670686302576 987.0107165444439 7 10 10 7 10 10 1428 409 79 0 0 0
1663252202.5100968 20.5341796875 59.16803705541777 987.0309146544901 6 10 10 6 10 10 1395 378 76 4 0 0
1663252207.6433935 20.5544921875 59.30969037666519 987.0538544190437 6 10 10 6 10 10 1395 378 76 4 0 0
1663252212.7761993 20.5544921875 59.227592262636634 987.0027323586104 6 10 10 6 10 10 1395 378 76 4 0 0
1663252217.9083424 20.5798828125 59.14589872868123 987.0098955401653 6 10 10 6 10 10 1353 376 73 4 0 0
1663252223.0405722 20.5951171875 58.939797343929435 987.0068424053816 6 10 10 6 10 10 1353 376 73 4 0 0
1663252228.1756706 20.5900390625 59.06947723183643 987.0378846978936 6 10 10 6 10 10 1353 376 73 4 0 0
1663252233.31013 20.5798828125 58.94000016551878 987.0432479887437 6 10 10 6 10 10 1332 376 73 4 0 0
1663252238.444468 20.5798828125 58.962969662022225 987.0082122562583 6 10 10 6 10 10 1332 376 73 4 0 0
1663252243.575935 20.5849609375 58.86906076083317 987.0519776605764 6 10 10 6 10 10 1332 376 73 4 0 0
1663252248.7094965 20.5849609375 59.11073797010469 987.0236751113314 7 11 11 7 11 11 1332 390 85 6 0 0
1663252253.8429093 20.5748046875 59.128216003893776 987.018938527332 7 11 11 7 11 11 1332 390 85 6 0 0
1663252258.9762733 20.5798828125 59.02841982033219 987.0126350220862 7 11 11 7 11 11 1332 390 85 6 0 0
1663252264.1078632 20.6103515625 58.90503645889908 986.995174118183 7 10 10 7 10 10 1290 380 85 4 0 0
1663252269.2409418 20.6052734375 59.01134689716984 987.0002241313285 7 10 10 7 10 10 1290 380 85 4 0 0
1663252274.3761852 20.6052734375 59.08249252305498 987.018426979328 7 10 10 7 10 10 1290 380 85 4 0 0
1663252279.5107195 20.6103515625 58.97008305060161 987.0150602751745 8 11 11 8 11 11 1398 410 89 4 0 0
1663252284.641085 20.6052734375 58.793031176356784 987.015374174543 7 11 12 7 11 12 1389 420 61 2 2 0
1663252289.7739234 20.5951171875 58.88125458087832 986.9846462889043 8 11 13 8 11 13 1380 420 59 4 4 0
1663252294.9086154 20.5900390625 58.89284206975311 987.0126350220862 8 11 13 8 11 13 1380 420 59 4 4 0
1663252300.0425634 20.5849609375 58.892437492451855 986.9958019136254 8 11 13 8 11 13 1380 420 59 4 4 0
1663252305.1767988 20.5849609375 59.004637910316234 986.9843325701586 8 11 13 8 11 13 1395 427 59 4 4 0
1663252310.3107266 20.5748046875 58.97475859705147 986.9751738643473 8 11 13 8 11 13 1395 427 59 4 4 0
1663252315.4445786 20.5748046875 59.05158979320469 987.0031624049567 8 11 13 8 11 13 1395 427 59 4 4 0
1663252320.5785117 20.5849609375 58.86865670036213 987.0051591351713 9 11 13 9 11 13 1467 448 52 4 4 0
1663252325.712443 20.5748046875 59.09264568405397 986.990323165414 9 11 13 9 11 13 1467 448 52 4 4 0
1663252330.8465095 20.5697265625 58.99813281696086 986.980537061528 9 11 13 9 11 13 1467 448 52 4 4 0
1663252335.9803307 20.5595703125 58.879839389548074 987.0209348899688 9 10 13 9 10 13 1467 446 47 4 4 0
1663252341.1147873 20.5494140625 59.26905534487602 987.0397634215637 9 10 13 9 10 13 1467 446 47 4 4 0
1663252346.2486553 20.5544921875 59.18654102062357 987.0138887561129 9 10 13 9 10 13 1467 446 47 4 4 0
1663252351.3828614 20.5443359375 59.21580461600806 987.0108354290813 9 11 13 9 11 13 1545 467 56 4 4 0
1663252356.5161178 20.5494140625 59.174753095420726 986.9878964546477 9 11 13 9 11 13 1545 467 56 4 4 0
1663252361.6506495 20.5544921875 59.13918390994239 987.0067247246737 9 11 13 9 11 13 1545 467 56 4 4 0
1663252366.7845955 20.5544921875 59.01540832769458 987.001675117815 8 10 12 8 10 12 1452 437 55 4 2 0
1663252371.9175453 20.5544921875 59.03837285680534 987.0027323586104 8 10 12 8 10 12 1452 437 55 4 2 0
1663252377.0520873 20.5494140625 59.16824258702944 987.0050415223175 8 11 12 8 11 12 1452 440 66 6 2 0
1663252382.1861765 20.5392578125 59.244654469018045 987.0235567520822 8 11 12 8 11 12 1452 440 66 6 2 0
1663252387.3203247 20.5494140625 59.274328984727305 986.9753698760987 8 11 12 8 11 12 1452 440 66 6 2 0
1663252392.4535124 20.5443359375 59.09182720662833 987.0235567520822 8 10 12 8 10 12 1437 428 59 6 2 0
1663252397.5873015 20.5392578125 59.16803705541777 986.9986215706775 8 10 12 8 10 12 1437 428 59 6 2 0
1663252402.7212849 20.5494140625 59.239173550669285 987.0252399552077 8 10 12 8 10 12 1437 428 59 6 2 0
1663252407.8502922 20.5544921875 59.327578271072746 987.007037513975 7 10 12 7 10 12 1392 412 54 6 2 0
1663252412.9842064 20.5494140625 59.138978736219556 986.9993659000206 7 10 12 7 10 12 1392 412 54 6 2 0
1663252418.1179562 20.5443359375 59.28001576590107 986.9902056291285 7 10 12 7 10 12 1392 412 54 6 2 0
1663252423.251251 20.5544921875 59.17413636322569 986.9862132395042 8 11 12 8 11 12 1476 440 56 6 2 0
1663252428.385075 20.5341796875 59.09182720662833 986.9781102941316 8 11 12 8 11 12 1476 440 56 6 2 0
1663252433.518997 20.5646484375 59.16337596102063 986.9926329836803 8 11 12 8 11 12 1476 440 56 6 2 0
1663252438.6534698 20.5646484375 59.16317055041784 987.0094652766292 8 11 12 8 11 12 1521 442 59 6 2 0
1663252443.7874246 20.5646484375 58.93309156058749 986.990636514861 8 11 12 8 11 12 1521 442 59 6 2 0
1663252448.9211073 20.5748046875 58.9627665390435 987.0259846213568 6 9 9 6 9 9 1383 404 53 4 0 0
1663252454.0548854 20.5646484375 59.04508320236622 986.9825336112688 6 9 9 6 9 9 1383 404 53 4 0 0
1663252459.1891935 20.5849609375 58.98634409880486 986.9802236307399 6 9 9 6 9 9 1383 404 53 4 0 0
1663252464.3235092 20.5748046875 59.074962883339474 986.9667575884251 6 9 9 6 9 9 1353 390 46 4 0 0
1663252469.4581046 20.5646484375 58.85036716116723 986.9536051982845 7 10 10 7 10 10 1353 390 46 4 0 0
1663252474.5919642 20.5748046875 59.23410475656115 986.9953729336953 7 10 10 7 10 10 1353 390 46 4 0 0
1663252479.724721 20.5646484375 58.874147099584924 986.9940029998648 7 10 10 7 10 10 1338 397 49 4 0 0
1663252484.859893 20.5595703125 59.2099107772633 986.997056189929 7 10 10 7 10 10 1338 397 49 4 0 0
1663252489.993539 20.5697265625 59.233898538626796 986.9880128548298 7 10 10 7 10 10 1338 397 49 4 0 0
1663252495.1287618 20.5595703125 59.09813057859935 987.0138887561129 8 10 10 8 10 10 1389 404 49 4 0 0
1663252500.2632844 20.5748046875 59.080652691859 986.9835901420181 8 10 10 8 10 10 1389 404 49 4 0 0
1663252505.39836 20.5595703125 59.01561207773993 986.9687543691557 8 10 10 8 10 10 1389 404 49 4 0 0
1663252510.533034 20.5443359375 59.05646312739194 986.9612782856084 7 10 10 7 10 10 1362 394 49 4 0 0
1663252515.6690598 20.5544921875 59.21539250857742 986.9932591077829 7 10 10 7 10 10 1362 394 49 4 0 0
1663252520.8041792 20.5544921875 59.185923884758694 987.0047286099299 6 9 9 6 9 9 1362 394 49 4 0 0
1663252525.9391177 20.5443359375 59.06845556129734 986.9862132395042 7 8 8 7 8 8 1377 398 51 2 0 0
1663252531.074659 20.5494140625 59.02089483901036 986.9811635944934 7 11 12 7 11 12 1341 398 78 4 0 0
1663252536.209205 20.5595703125 58.88553152389704 986.9976826708307 8 12 13 8 12 13 1404 422 80 4 0 0
1663252541.342857 20.5595703125 59.03309083147826 986.9704376107132 8 12 13 8 12 13 1404 422 80 4 0 0
1663252546.4765549 20.5595703125 59.057279990035845 986.9623348739998 8 12 13 8 12 13 1404 422 80 4 0 0
1663252551.6100316 20.5595703125 59.05687158020628 986.9522355091424 8 13 13 8 13 13 1404 422 85 6 0 0
1663252556.7436378 20.5595703125 58.850569027142036 986.9976826708307 8 13 13 8 13 13 1404 422 85 6 0 0
1663252561.8778362 20.5849609375 59.192640725535206 987.0034758650311 8 13 13 8 13 13 1404 422 85 6 0 0
1663252567.0111198 20.5646484375 59.045491343061684 986.9855867878797 7 12 12 7 12 12 1368 408 78 6 0 0
1663252572.1448796 20.5748046875 58.89853451716597 986.9765435522995 7 12 12 7 12 12 1368 408 78 6 0 0
1663252577.2779374 20.5646484375 59.275362536495635 986.9532915505872 7 12 12 7 12 12 1368 408 78 6 0 0
1663252582.4114614 20.5697265625 59.17516419648753 986.9765435522995 8 11 12 8 11 12 1389 411 73 6 0 0
1663252587.5457385 20.5595703125 59.04569539729011 986.9835901420181 8 11 12 8 11 12 1389 411 73 6 0 0
1663252592.680361 20.5646484375 58.96886413468068 986.9687543691557 8 11 12 8 11 12 1389 411 73 6 0 0
1663252597.8143187 20.5697265625 59.10971394469565 987.0105222423167 7 11 11 7 11 11 1326 392 66 6 0 0
1663252602.9482408 20.5646484375 59.098539930383446 986.963391078546 7 11 11 7 11 11 1326 392 66 6 0 0
1663252608.08212 20.5595703125 59.19874054396916 987.0088389855233 7 11 11 7 11 11 1326 392 66 6 0 0
1663252613.21614 20.5798828125 59.04569539729011 986.9765435522995 8 10 10 8 10 10 1449 410 54 2 0 0
1663252618.3502467 20.5798828125 58.99853985960841 986.9563443295027 8 10 10 8 10 10 1449 410 54 2 0 0
1663252623.4837213 20.5798828125 59.204840475924776 986.9583413142517 7 9 9 7 9 9 1377 389 49 2 0 0
1663252628.618157 20.5646484375 58.927805318535746 986.9731770144672 7 9 9 7 9 9 1377 389 49 2 0 0
1663252633.751334 20.5595703125 59.09264568405397 986.9468722352716 7 9 9 7 9 9 1377 389 49 2 0 0
1663252638.8851614 20.5646484375 58.939391668511554 986.9681272082433 7 10 10 7 10 10 1413 408 56 2 0 0
1663252644.019186 20.5697265625 59.08675142743682 986.9583413142517 7 10 10 7 10 10 1413 408 56 2 0 0
1663252649.1512723 20.5697265625 59.093054858290074 986.9927490532813 7 10 10 7 10 10 1413 408 56 2 0 0
1663252654.2844663 20.5849609375 59.14610391595377 986.9678134634743 7 9 9 7 9 9 1344 385 51 2 0 0
1663252659.415045 20.5951171875 58.89263978647572 986.9573998359178 7 9 9 7 9 9 1344 385 51 2 0 0
1663252664.5472894 20.6001953125 59.08756946379644 986.9971713947688 7 9 9 7 9 9 1344 385 51 2 0 0
1663252669.6781304 20.5951171875 58.975368305230674 986.9783407455781 7 9 9 7 9 9 1245 359 48 2 0 0
1663252674.8101015 20.6052734375 59.03472214577652 986.9595096970429 7 9 9 7 9 9 1245 359 48 2 0 0
1663252679.9421825 20.6052734375 58.99976072964019 987.0002241313285 7 9 9 7 9 9 1245 359 48 2 0 0
1663252685.0726054 20.6052734375 58.96967678827998 986.9483550246118 6 9 9 6 9 9 1212 350 48 2 0 0
1663252690.202989 20.6052734375 58.74017524754323 986.9598240437929 6 9 9 6 9 9 1212 350 48 2 0 0
1663252695.3334026 20.6052734375 59.03492601170581 986.9581407076867 8 10 12 8 10 12 1443 416 59 4 2 2
1663252700.463836 20.5900390625 58.958293287551655 986.950352555724 8 10 12 8 10 12 1443 416 59 4 2 2
1663252705.5943255 20.6001953125 59.02293274365581 986.9783407455781 8 10 12 8 10 12 1443 416 59 4 2 2
1663252710.7246494 20.6052734375 58.940608565808496 986.986757431006 7 10 10 7 10 10 1395 409 59 2 0 0
1663252715.8550596 20.5951171875 59.099358504998314 986.9968574558281 7 10 10 7 10 10 1395 409 59 2 0 0
1663252720.9854991 20.6001953125 59.05261023957225 986.9870714512887 6 9 9 6 9 9 1395 409 59 2 0 0
1663252726.1158316 20.6001953125 58.934308183112215 986.9725494967247 6 9 9 6 9 9 1344 394 56 2 0 0
1663252731.246277 20.5951171875 59.00504502305721 986.9901241056667 6 9 9 6 9 9 1344 394 56 2 0 0
1663252736.376638 20.5849609375 58.875359684742534 987.0042184669812 6 9 9 6 9 9 1344 394 56 2 0 0
1663252741.5071197 20.5951171875 58.91662374163188 986.9904380988356 7 9 9 7 9 9 1266 373 56 2 0 0
1663252746.636814 20.6103515625 59.02272900154938 987.015374174543 7 9 9 7 9 9 1266 373 56 2 0 0
1663252751.7678254 20.5951171875 58.9231263282019 986.9837048040217 7 9 9 7 9 9 1266 373 56 2 0 0
1663252756.8997934 20.6001953125 58.963985115720554 987.0063294393035 7 9 9 7 9 9 1194 361 47 2 0 0
1663252762.0317304 20.6154296875 58.828804677767685 986.9648740525311 7 9 9 7 9 9 1194 361 47 2 0 0
1663252767.1636555 20.6052734375 58.85807863993772 986.9561429977865 7 9 9 7 9 9 1194 361 47 2 0 0
1663252772.2956636 20.6103515625 58.85828047648507 987.0096961698716 7 9 9 7 9 9 1185 356 45 2 0 0
1663252777.4273202 20.6205078125 58.84119986765953 987.0104367697694 8 11 11 8 11 11 1479 441 78 0 0 0
1663252782.5606751 20.6255859375 58.90015302080272 986.9838168628429 9 11 11 9 11 11 1506 453 71 0 0 0
1663252787.6951382 20.6306640625 58.97719684946684 986.9831875899912 9 11 11 9 11 11 1506 453 71 0 0 0
1663252792.8284342 20.6357421875 58.954021395131136 987.0384260862802 9 11 11 9 11 11 1506 453 71 0 0 0
1663252797.962031 20.6408203125 58.89466213565841 987.0266420472016 8 11 11 8 11 11 1485 439 59 0 0 0
1663252803.0926807 20.6255859375 58.94162235136369 987.02895424105 8 11 11 8 11 11 1485 439 59 0 0 0
1663252808.2226117 20.6154296875 58.83490141472311 986.9858147128159 8 11 11 8 11 11 1485 439 59 0 0 0
1663252813.3554928 20.6205078125 58.96479728524501 986.9908648469255 8 11 11 8 11 11 1449 432 57 0 0 0
1663252818.4902792 20.6306640625 58.917231302219776 987.0174847052098 8 11 11 8 11 11 1449 432 57 0 0 0
1663252823.6224473 20.6205078125 58.77005312503593 986.9972839964315 8 11 11 8 11 11 1449 432 57 0 0 0
1663252828.7538824 20.6205078125 58.96479728524501 987.0076986318385 7 9 9 7 9 9 1365 411 57 0 0 0
1663252833.8861024 20.6154296875 58.82699079010379 987.0430496029272 7 9 9 7 9 9 1365 411 57 0 0 0
1663252839.0203197 20.6255859375 58.87067657285666 986.9790812016493 7 9 9 7 9 9 1365 411 57 0 0 0
1663252844.1513016 20.6306640625 58.83530449574998 987.0006507805284 7 10 10 7 10 10 1443 435 64 0 0 0
1663252849.2832096 20.6357421875 58.76455923021201 987.0084388758565 8 11 11 8 11 11 1443 435 64 0 0 0
1663252854.4150174 20.6306640625 58.76475994707995 987.0421072814977 8 11 11 8 11 11 1443 435 64 0 0 0
1663252859.54723 20.6255859375 58.85908771520918 987.0168559746431 7 10 11 7 10 11 1308 384 52 6 2 0
1663252864.6801014 20.6357421875 58.79443870019744 987.0249586133275 7 10 11 7 10 11 1308 384 52 6 2 0
1663252869.811781 20.6306640625 58.853394022401325 987.0205372076002 7 10 10 7 10 10 1245 366 47 4 0 0
1663252874.945567 20.6357421875 58.95951100915854 987.0219062347547 7 10 10 7 10 10 1245 366 47 4 0 0
1663252880.076825 20.6357421875 58.871080418397455 987.02895424105 7 10 10 7 10 10 1245 366 47 4 0 0
1663252885.2100806 20.6357421875 58.929629211497705 987.0067554563091 7 10 10 7 10 10 1245 373 51 6 0 0
1663252890.3409576 20.6408203125 58.824117858245984 987.0333757833982 7 10 10 7 10 10 1245 373 51 6 0 0
1663252895.4738846 20.6458984375 58.782647512270486 987.0387404396741 7 10 10 7 10 10 1245 373 51 6 0 0
1663252900.6061702 20.6357421875 58.723891179506865 987.0219062347547 7 10 10 7 10 10 1230 366 47 6 0 0
1663252905.740234 20.6357421875 58.77065550976512 987.0252730751788 7 10 10 7 10 10 1230 366 47 6 0 0
1663252910.869256 20.6255859375 58.84749853648825 987.00264849563 7 10 10 7 10 10 1230 366 47 6 0 0
1663252916.0038366 20.6357421875 58.794237657603 987.0373712762485 7 10 10 7 10 10 1230 369 45 6 0 0
1663252921.138519 20.6306640625 58.77065550976512 987.0235896549317 7 10 10 7 10 10 1230 369 45 6 0 0
1663252926.273146 20.6255859375 58.88836247249442 986.9919193069546 7 10 10 7 10 10 1230 369 45 6 0 0
1663252931.4041662 20.6306640625 58.80582748185157 987.0202228146476 7 10 10 7 10 10 1281 385 52 6 0 0
1663252936.5367103 20.6357421875 58.935929744680244 987.0232751795232 7 10 10 7 10 10 1281 385 52 6 0 0
1663252941.6715949 20.6306640625 58.7588643741045 987.05557465159 8 14 14 8 14 14 1530 451 73 12 0 0
1663252946.8060725 20.6357421875 58.823916489930824 987.0434736122775 8 14 14 8 14 14 1530 451 73 12 0 0
1663252951.9379025 20.6357421875 58.93633502760837 987.0084388758565 8 14 14 8 14 14 1530 451 73 12 0 0
1663252957.066693 20.6408203125 58.888968830301486 987.0283254811459 8 14 14 8 14 14 1542 451 80 12 0 0
1663252962.1986225 20.6509765625 58.971707670035 987.0081212049846 8 14 14 8 14 14 1542 451 80 12 0 0
1663252967.332351 20.6458984375 58.700108044244104 987.050207407641 8 14 14 8 14 14 1542 451 80 12 0 0
1663252972.4633157 20.6458984375 58.729786948817534 987.0316923492443 7 13 13 7 13 13 1476 432 73 8 0 0
1663252977.5940945 20.6509765625 58.81822225358734 987.0300060249086 7 13 13 7 13 13 1476 432 73 8 0 0
1663252982.7264388 20.6509765625 58.66533199081095 987.0482094658905 7 13 13 7 13 13 1476 432 73 8 0 0
1663252987.8607135 20.6458984375 58.747674677746055 987.0434736122775 7 11 11 7 11 11 1356 399 64 6 0 0
1663252992.9943957 20.6560546875 58.76556270708477 987.0549433163228 7 11 11 7 11 11 1356 399 64 6 0 0
1663252998.1232796 20.6509765625 58.80703444822447 987.0566267791057 7 11 11 7 11 11 1356 399 64 6 0 0
1663253003.2544127 20.6458984375 58.877379800285006 987.0465260034574 6 11 11 6 11 11 1335 387 64 4 0 0
1663253008.3856232 20.6509765625 58.86599225631501 987.0445279115972 6 11 11 6 11 11 1335 387 64 4 0 0
1663253013.5161424 20.6458984375 58.68301998038673 987.0529452918993 6 11 11 6 11 11 1335 387 64 4 0 0
1663253018.6488485 20.6611328125 58.75437256587001 987.0428444357469 6 10 10 6 10 10 1299 375 62 4 0 0
1663253023.7781293 20.6611328125 58.76596402260706 987.0523158397361 7 10 11 7 10 11 1281 375 56 4 2 0
1663253028.9103992 20.6662109375 58.77206069799936 987.0495783395687 7 10 11 7 10 11 1269 373 54 4 2 0
1663253034.0414462 20.6662109375 58.57708916318171 987.0573663501008 6 9 10 6 9 10 1269 373 54 4 2 0
1663253039.175779 20.6712890625 58.801540712376294 987.0506323364212 6 9 10 6 9 10 1269 373 54 4 2 0
1663253044.3066947 20.6662109375 58.74258042632412 987.0789372287514 6 8 9 6 8 9 1257 366 47 2 2 0
1663253049.4405012 20.6560546875 58.71269981465601 987.0748304888705 7 9 10 7 9 10 1257 366 47 2 2 0
1663253054.5697875 20.6509765625 58.889170928077576 987.1334382112586 7 9 10 7 9 10 1257 366 47 2 2 0
1663253059.7007616 20.6458984375 58.588881609865346 987.0899817860083 6 9 10 6 9 10 1200 352 54 4 2 0
1663253064.8341503 20.6458984375 58.73038775913356 987.0939794595419 5 8 9 5 8 9 1200 352 54 4 2 0
1663253069.96661 20.6509765625 58.677123994152694 987.1276461347834 5 8 9 5 8 9 1200 352 54 4 2 0
1663253075.098786 20.6458984375 58.8777836944356 987.1007109085508 5 9 9 5 9 9 1200 355 59 2 0 0
1663253080.2321882 20.6357421875 58.83021487747522 987.0973440065312 5 9 9 5 9 9 1200 355 59 2 0 0
1663253085.3669689 20.6509765625 58.78874407593285 987.1172314858908 5 9 9 5 9 9 1200 355 59 2 0 0
1663253090.499309 20.6458984375 58.865588631328485 987.1222818822159 5 8 9 5 8 9 1221 355 54 4 2 0
1663253095.63369 20.6458984375 58.753570473189555 987.1256488134492 5 8 9 5 8 9 1221 355 54 4 2 0
1663253100.7687984 20.6408203125 58.676924329727036 987.0956605556261 5 8 9 5 8 9 1221 355 54 4 2 0
1663253105.8984845 20.6458984375 58.8361105288449 987.1175454228472 5 8 10 5 8 10 1182 350 60 8 2 2
1663253111.0328593 20.6458984375 58.676924329727036 987.1023943596655 5 8 10 5 8 10 1182 350 60 8 2 2
1663253116.167937 20.6509765625 58.82452056263655 987.108500045762 5 9 11 5 9 11 1188 357 64 8 2 2
1663253121.3001957 20.6458984375 58.78325017180815 987.1091281648245 5 9 11 5 9 11 1188 357 64 8 2 2
1663253126.4344802 20.6458984375 58.73038775913356 987.1023943596655 5 9 11 5 9 11 1188 357 64 8 2 2
1663253131.5660295 20.6560546875 58.606371356628834 987.1219678763549 6 8 10 6 8 10 1194 354 59 6 2 2
1663253136.699932 20.6611328125 58.801138610812394 987.1485896524526 6 8 10 6 8 10 1194 354 59 6 2 2
1663253141.8329053 20.6560546875 58.913360096498465 987.1273322791708 6 8 10 6 8 10 1194 354 59 6 2 2
1663253146.965872 20.6509765625 58.718595806439986 987.1314405744656 6 9 10 6 9 10 1209 361 54 6 2 2
1663253152.1002657 20.6611328125 58.618561516405784 987.1068165672527 6 9 10 6 9 10 1209 361 54 6 2 2
1663253157.2322354 20.6662109375 58.82472189871196 987.139858108533 6 9 10 6 9 10 1209 361 54 6 2 2
1663253162.3640785 20.6662109375 58.79564473008477 987.1583766896385 6 9 11 6 9 11 1209 361 61 6 2 2
1663253167.4978595 20.6611328125 58.70720376068009 987.1314405744656 6 9 11 6 9 11 1209 361 61 6 2 2
1663253172.6327784 20.6662109375 58.73098847272885 987.1429109642905 6 9 11 6 9 11 1209 361 61 6 2 2
1663253177.7641811 20.6712890625 58.677722922948604 987.1162890175524 6 11 12 6 11 12 1209 363 77 6 2 2
1663253182.8992178 20.6712890625 58.683818799815775 987.1375460939307 6 11 12 6 11 12 1209 363 77 6 2 2
1663253188.0319262 20.6662109375 58.77815748694318 987.1846850742918 6 8 8 6 8 8 1182 346 43 2 0 0
1663253193.1618536 20.6763671875 58.560193539120775 987.1142911227436 6 8 8 6 8 8 1182 346 43 2 0 0
1663253198.2941117 20.6662109375 58.730788245610505 987.1530120896646 6 8 8 6 8 8 1182 346 43 2 0 0
1663253203.4289382 20.6611328125 58.65433741974963 987.1600601974316 6 8 9 6 8 9 1224 358 45 2 0 0
1663253208.5581665 20.6712890625 58.713099897350595 987.1314405744656 6 8 9 6 8 9 1224 358 45 2 0 0
1663253213.6898956 20.6712890625 58.73668434111328 987.1314405744656 5 7 8 5 7 8 1224 358 45 2 0 0
1663253218.8219714 20.6712890625 58.84870820019892 987.1361768821074 6 8 8 6 8 8 1275 379 47 2 0 0
1663253223.9561064 20.6712890625 58.831624550600765 987.1863686103192 6 8 8 6 8 8 1275 379 47 2 0 0
1663253229.0878322 20.6712890625 58.70740371860966 987.1799484363104 7 9 9 7 9 9 1275 379 47 2 0 0
1663253234.218198 20.6662109375 58.81333264608354 987.1748978699497 7 9 9 7 9 9 1287 381 47 2 0 0
1663253239.350264 20.6712890625 58.660433125141 987.1712167885909 7 9 9 7 9 9 1287 381 47 2 0 0
1663253244.4853106 20.6712890625 58.58358105778976 987.1830015383342 7 9 9 7 9 9 1287 381 47 2 0 0
1663253249.6164875 20.6712890625 58.60696786261597 987.154381437762 7 9 10 7 9 10 1320 398 45 2 0 0
1663253254.7454426 20.6662109375 58.565891735726 987.1583766896385 7 9 10 7 9 10 1320 398 45 2 0 0
1663253259.8773499 20.6662109375 58.465453295836106 987.1566931819154 7 9 10 7 9 10 1320 398 45 2 0 0
1663253265.0085025 20.6712890625 58.595175208473485 987.1384886910269 7 9 9 7 9 9 1272 379 45 2 0 0
1663253270.1422527 20.6662109375 58.618760475590726 987.1526979030641 6 9 9 6 9 9 1140 343 55 4 0 0
1663253275.2727656 20.6763671875 58.51832413805353 987.1550096742624 6 9 9 6 9 9 1140 343 55 4 0 0
1663253280.4049852 20.6865234375 58.5780815498004 987.1560649725302 6 9 9 6 9 9 1140 343 55 4 0 0
1663253285.5399787 20.6865234375 58.542907601665334 987.1621705730224 6 9 10 6 9 10 1176 362 62 4 0 0
1663253290.6715817 20.6814453125 58.61366728213405 987.1386007091102 6 9 10 6 9 10 1176 362 62 4 0 0
1663253295.805922 20.6865234375 58.555295446557516 987.149756471893 6 9 10 6 9 10 1176 362 62 4 0 0
1663253300.937196 20.6916015625 58.76107852265092 987.147018516076 6 9 10 6 9 10 1176 362 62 2 0 0
1663253306.0678992 20.6865234375 58.41907459436018 987.1386007091102 6 9 10 6 9 10 1176 362 62 2 0 0
1663253311.2008615 20.6916015625 58.531114177486806 987.1321810332671 6 9 10 6 9 10 1176 362 62 2 0 0
1663253316.334157 20.6916015625 58.542907601665334 987.1618561389937 6 9 9 6 9 9 1197 362 57 2 0 0
1663253321.4681857 20.6814453125 58.70231464564188 987.1655376975581 6 9 9 6 9 9 1197 362 57 2 0 0
1663253326.600262 20.6865234375 58.51951847301819 987.154381437762 6 9 9 6 9 9 1197 362 57 2 0 0
1663253331.7345653 20.6865234375 58.684625125763596 987.153752762908 7 9 10 7 9 10 1296 391 55 2 0 0
1663253336.8691509 20.6865234375 58.502025544096995 987.1881645970305 7 9 10 7 9 10 1296 391 55 2 0 0
1663253342.002626 20.6865234375 58.49593114958047 987.1588034487669 7 9 10 7 9 10 1296 391 55 2 0 0
1663253347.1366718 20.6865234375 58.67872859855127 987.1402842703633 None None None None None None None None None None None None
1663253352.2697468 20.6865234375 58.61366728213405 987.1487020776789 9 12 13 9 12 13 1530 467 79 6 0 0
1663253357.4064703 20.6865234375 58.67872859855127 987.1419678316865 9 13 13 9 13 13 1560 474 89 6 0 0
1663253362.5409892 20.6865234375 58.75518219654487 987.1689048223737 9 13 13 9 13 13 1560 474 89 6 0 0
1663253367.6748087 20.6814453125 58.60146902301031 987.1810039367348 9 13 13 9 13 13 1560 474 89 6 0 0
1663253372.8096027 20.6916015625 58.501227687281364 987.167221259931 9 12 13 9 12 13 1572 477 82 4 0 0
1663253377.9435573 20.6814453125 58.60187410498479 987.1591178003167 9 12 13 9 12 13 1572 477 82 4 0 0
1663253383.0775325 20.6916015625 58.719804023757995 987.1773226356371 9 12 13 9 12 13 1572 477 82 4 0 0
1663253388.211331 20.6865234375 58.784663724146256 987.1705883848864 9 13 14 9 13 14 1677 501 87 6 0 0
1663253393.3450873 20.6916015625 58.36600191597555 987.198894822546 9 13 14 9 13 14 1677 501 87 6 0 0
1663253398.4781694 20.6966796875 58.51932071213675 987.2056291322851 9 13 14 9 13 14 1677 501 87 6 0 0
1663253403.6112895 20.6966796875 58.44285906969799 987.1571198867439 9 12 13 9 12 13 1590 470 75 6 0 0
1663253408.745081 20.7068359375 58.5197162231525 987.1887933600365 8 11 12 8 11 12 1590 470 75 6 0 0
1663253413.878732 20.6966796875 58.478240548924404 987.1531236496792 8 11 12 8 11 12 1590 470 75 6 0 0
1663253419.011837 20.6865234375 58.490034292988234 987.1689048223737 8 12 12 8 12 12 1569 475 82 6 0 0
1663253424.1447213 20.6763671875 58.62546041811177 987.1725861905591 9 13 13 9 13 13 1569 475 82 6 0 0
1663253429.2775872 20.6865234375 58.57218497450649 987.1894216846596 6 9 10 6 9 10 1176 344 49 4 2 0
1663253434.4103315 20.6814453125 58.749285860145946 987.2076267778701 5 8 9 5 8 9 1176 344 49 4 2 0
1663253439.542995 20.6916015625 58.572390981986125 987.1857404506499 5 8 9 5 8 9 1191 351 49 4 2 0
1663253444.677536 20.6916015625 58.62546041811177 987.2308828037786 5 8 9 5 8 9 1191 351 49 4 2 0
1663253449.8120272 20.6916015625 58.354403750465245 987.1304974859212 6 9 10 6 9 10 1191 351 49 4 2 0
1663253454.9459171 20.6966796875 58.59047801297229 987.1419678316865 6 9 10 6 9 10 1227 351 52 4 2 0
1663253460.0800014 20.6916015625 58.714107607428446 987.151440060751 6 9 10 6 9 10 1227 351 52 4 2 0
1663253465.213753 20.6916015625 58.478437827915975 987.1604870108595 6 9 10 6 9 10 1227 351 52 4 2 0
1663253470.3476307 20.6966796875 58.59637476188378 987.1604870108595 5 8 9 5 8 9 1215 358 57 4 2 0
1663253475.4806175 20.6916015625 58.613866119869556 987.1564908277452 5 8 9 5 8 9 1215 358 57 4 2 0
1663253480.6146498 20.6916015625 58.59597750097083 987.1483875351898 5 8 9 5 8 9 1215 358 57 4 2 0
1663253485.7484107 20.7068359375 58.66733436788535 987.1531236496792 6 10 11 6 10 11 1221 356 69 4 2 0
1663253490.881308 20.6966796875 58.63725351291795 987.1621705730224 6 10 11 6 10 11 1221 356 69 4 2 0
1663253496.0144897 20.7017578125 58.58458125376744 987.1544925312232 6 10 11 6 10 11 1221 356 69 4 2 0
1663253501.146394 20.7119140625 58.51421467384379 987.1544925312232 6 10 12 6 10 12 1215 364 71 6 2 0
1663253506.2792747 20.7017578125 58.7498869847277 987.1447057057387 None None None None None None None None None None None None
1663253511.412923 20.6966796875 58.70821113168172 987.1110339474711 8 11 13 8 11 13 1356 410 73 6 4 0
1663253516.5508752 20.6865234375 58.466044859174566 987.1871097831965 8 11 13 8 11 13 1356 410 73 6 4 0
1663253521.6846688 20.6916015625 58.51342396402239 987.1722719474691 9 11 14 9 11 14 1425 434 61 8 4 0
1663253526.818555 20.6814453125 58.57828762717163 987.1604870108595 9 11 14 9 11 14 1425 434 61 8 4 0
1663253531.9524553 20.6865234375 58.61915836171976 987.1854262064265 9 11 14 9 11 14 1425 434 61 8 4 0
1663253537.0864568 20.6916015625 58.59047801297229 987.1197667669768 9 12 14 9 12 14 1476 443 73 8 4 0
1663253542.219868 20.7068359375 58.44954371396753 987.156599919153 9 12 14 9 12 14 1476 443 73 8 4 0
1663253547.3502603 20.7169921875 58.390374931913605 987.169330262336 9 12 14 9 12 14 1476 443 73 8 4 0
1663253552.4835215 20.7068359375 58.44934680375532 987.1427073148037 8 11 13 8 11 13 1506 457 73 8 4 0
1663253557.615281 20.7068359375 58.49632610065592 987.1592285629278 8 11 13 8 11 13 1506 457 73 8 4 0
1663253562.748902 20.6966796875 58.59067656000595 987.150810482012 8 11 13 8 11 13 1506 457 73 8 4 0
1663253567.8802516 20.7017578125 58.63804987619477 987.149756471893 8 12 14 8 12 14 1590 481 75 8 4 0
1663253573.0131326 20.7068359375 58.37248712369766 987.1427073148037 9 13 15 9 13 15 1590 481 75 8 4 0
1663253578.1472154 20.7017578125 58.443449662893386 987.1295534110544 9 13 15 9 13 15 1590 481 75 8 4 0
1663253583.2815356 20.6966796875 58.52011169117976 987.1423924028458 10 14 16 10 14 16 1659 502 85 8 4 0
1663253588.415522 20.7068359375 58.35479547070565 987.162595795784 5 8 10 5 8 10 1086 322 50 8 2 0
1663253593.549547 20.7017578125 58.667134945939715 987.164279412317 6 9 12 6 9 12 1173 336 55 10 4 2
1663253598.683267 20.7017578125 58.24922747206058 987.1544925312232 6 9 12 6 9 12 1173 336 55 10 4 2
1663253603.8177392 20.6966796875 58.41357075921614 987.1867954429352 6 9 12 6 9 12 1173 336 55 10 4 2
1663253608.9516404 20.7068359375 58.36069269866325 987.1649087741348 6 9 12 6 9 12 1179 341 60 10 4 2
1663253614.082479 20.7017578125 58.55509730334284 987.1548072386772 6 9 12 6 9 12 1179 341 60 10 4 2
1663253619.2166162 20.6865234375 58.55470098467231 987.153752762908 6 9 12 6 9 12 1179 341 60 10 4 2
1663253624.350139 20.6865234375 58.45995097859572 987.194158267412 6 10 12 6 10 12 1212 351 70 8 2 2
1663253629.4846668 20.6916015625 58.62016053813914 987.1568054120424 6 10 12 6 10 12 1212 351 70 8 2 2
1663253634.617579 20.6865234375 58.7553826494481 987.1588034487669 6 10 12 6 10 12 1212 351 70 8 2 2
1663253639.7511516 20.6916015625 58.566494326507744 987.153752762908 6 11 13 6 11 13 1275 365 80 6 2 2
1663253644.885037 20.6916015625 58.31370995959174 987.207312709895 6 11 13 6 11 13 1275 365 80 6 2 2
1663253650.019727 20.6916015625 58.50752720561515 987.152069201095 6 11 13 6 11 13 1275 365 80 6 2 2
1663253655.152781 20.6966796875 58.58458125376744 987.1517546857209 6 12 13 6 12 13 1323 369 87 8 2 2
1663253660.2865474 20.7068359375 58.62016053813914 987.1564908277452 6 12 13 6 12 13 1323 369 87 8 2 2
1663253665.4202194 20.7017578125 58.53780268142469 987.1632251847169 6 12 13 6 12 13 1323 369 87 8 2 2
1663253670.5548658 20.7169921875 58.47922683641032 987.164279412317 5 8 8 5 8 8 1071 325 64 0 0 0
1663253675.6887875 20.7068359375 58.36658991632725 987.1427073148037 5 8 8 5 8 8 1071 325 64 0 0 0
1663253680.8234234 20.7119140625 58.60286751317531 987.1572300470613 6 9 9 6 9 9 1149 349 60 0 0 0
1663253685.9583528 20.7119140625 58.3198027562938 987.1670168995915 6 9 9 6 9 9 1149 349 60 0 0 0
1663253691.0906072 20.7119140625 58.48512405012298 987.1670168995915 6 9 9 6 9 9 1149 349 60 0 0 0
1663253696.225506 20.7169921875 58.520704812617275 987.1784874655604 6 9 9 6 9 9 1125 342 55 0 0 0
1663253701.35988 20.7169921875 58.37916870926954 987.1703841873781 6 9 9 6 9 9 1125 342 55 0 0 0
1663253706.492152 20.7169921875 58.278715445069864 987.1804860524172 6 9 9 6 9 9 1125 342 55 0 0 0
1663253711.626963 20.7220703125 58.338081827908105 987.1579683613368 6 9 9 6 9 9 1161 345 52 0 0 0
1663253716.75892 20.7220703125 58.444236970025635 987.1849070997145 6 9 9 6 9 9 1161 345 52 0 0 0
1663253721.8873332 20.72734375 58.54429358668105 987.1643877740562 6 9 9 6 9 9 1161 345 52 0 0 0
1663253727.0148156 20.732421875 58.21442412110063 987.1630193734179 6 9 9 6 9 9 1176 350 45 0 0 0
1663253732.1482687 20.7375 58.45603177992096 987.1889042752077 6 9 9 6 9 9 1176 350 45 0 0 0
1663253737.280137 20.72734375 58.591669133969454 987.177857251707 6 9 9 6 9 9 1176 350 45 0 0 0
1663253742.4105675 20.7169921875 58.40865588645759 987.1781724134405 6 8 8 6 8 8 1107 327 35 0 0 0
1663253747.541707 20.7375 58.278910381751416 987.1896430483255 6 8 8 6 8 8 1107 327 35 0 0 0
1663253752.6738577 20.7169921875 58.41455329101158 987.1414470093375 7 12 12 7 12 12 1494 426 74 0 0 0
1663253757.8081846 20.72734375 58.27340244691315 987.1731213994698 7 12 12 7 12 12 1494 426 74 0 0 0
1663253762.9426231 20.7220703125 58.43224544290632 987.2020586826104 7 12 12 7 12 12 1494 426 74 0 0 0
1663253768.0764103 20.732421875 58.33788622883565 987.1801711234662 7 12 12 7 12 12 1494 431 77 0 0 0
