timestamp temperature humidity pressure pm10_standard pm25_standard pm100_standard pm10_env pm25_env pm100_env particles_03um particles_05um particles_10um particles_25um particles_50um particles_100um
1657370182.290663 20.503515625 53.86398131240355 990.5831561594648 0 1 1 0 1 1 144 46 10 0 0 0 
1657370187.4237816 20.4984375 53.787683234893976 990.5775402819372 0 1 1 0 1 1 144 46 10 0 0 0 
1657370192.5579655 20.503515625 53.864271421980405 990.5292933058249 0 1 1 0 1 1 144 46 10 0 0 0 
1657370197.6917129 20.503515625 53.858224013433805 990.587922825768 0 0 0 0 0 0 144 46 10 0 0 0 
1657370202.8226159 20.493359375 53.864271421980405 990.5797897290141 0 0 0 0 0 0 144 46 10 0 0 0 
1657370207.9560857 20.503515625 53.805246692908874 990.574740083863 0 0 0 0 0 0 144 46 10 0 0 0 
1657370213.0874493 20.4984375 53.7752962584505 990.5629575809577 0 1 2 0 1 2 180 46 14 2 2 2 
1657370218.2200966 20.493359375 54.07660445224511 990.5767062642004 0 1 2 0 1 2 180 46 14 2 2 2 
1657370223.3542912 20.493359375 53.96431869693892 990.5601572446271 0 1 2 0 1 2 180 49 12 2 2 2 
1657370228.4883842 20.48828125 53.99382912677577 990.58540506047 0 1 2 0 1 2 180 49 12 2 2 2 
1657370233.6224391 20.48828125 53.84597908646777 990.5708218610209 0 1 2 0 1 2 180 49 12 2 2 2 
1657370238.7559102 20.48828125 53.792859052002925 990.5957867885248 0 1 4 0 1 4 228 65 16 4 4 2 
1657370243.889371 20.483203125 53.96402062530814 990.565206806537 0 1 4 0 1 4 228 65 16 4 4 2 
1657370249.022353 20.483203125 54.01094251825014 990.5792376643964 0 1 4 0 1 4 228 65 16 4 4 2 
1657370254.1556344 20.48828125 53.76349149653975 990.5741881821613 0 1 4 0 1 4 228 69 18 4 4 2 
1657370259.2898047 20.483203125 53.88714873014613 990.6047673956433 0 1 4 0 1 4 228 69 18 4 4 2 
1657370264.4241595 20.483203125 54.022892937198215 990.5725050215561 0 1 4 0 1 4 228 69 18 4 4 2 
1657370269.5564387 20.483203125 53.910902441859406 990.5624060593937 0 1 2 0 1 2 207 62 16 2 2 0 
1657370274.6866913 20.473046875 53.8453994604224 990.5750355179133 0 1 2 0 1 2 207 62 16 2 2 0 
1657370279.8205645 20.473046875 53.945876511344245 990.5851342389547 0 1 2 0 1 2 207 62 16 2 2 0 
1657370284.9513896 20.46796875 53.81574518689837 990.5416556301747 0 1 3 0 1 3 213 65 20 2 2 0 
1657370290.085763 20.46796875 54.06361565461402 990.5952329625136 0 1 3 0 1 3 213 65 20 2 2 0 
1657370295.2167678 20.452734375 53.92212341908466 990.5472695309655 0 1 1 0 1 1 225 70 12 2 0 0 
1657370300.349348 20.462890625 54.08456097416634 990.5702684253903 0 1 1 0 1 1 225 70 12 2 0 0 
1657370305.479952 20.473046875 54.075566123192516 990.5680206485699 0 1 1 0 1 1 225 70 12 2 0 0 
1657370310.6135473 20.473046875 54.158186238618114 990.531557001394 0 1 1 0 1 1 225 68 12 2 0 0 
1657370315.7449908 20.473046875 54.05815624416006 990.5960692763921 0 1 1 0 1 1 225 68 12 2 0 0 
1657370320.8788693 20.473046875 53.904709228742355 990.5713869151956 0 1 1 0 1 1 225 68 12 2 0 0 
1657370326.0102608 20.473046875 54.11127089916298 990.5680206485699 0 0 0 0 0 0 225 68 14 2 0 0 
1657370331.1434398 20.483203125 54.03454946346871 990.5607228992781 0 0 0 0 0 0 225 68 14 2 0 0 
1657370336.276462 20.483203125 54.04679442923826 990.5537074326769 0 0 0 0 0 0 225 68 14 2 0 0 
1657370341.409387 20.493359375 53.922706554609746 990.5654896479086 0 0 0 0 0 0 204 61 14 2 0 0 
1657370346.5407848 20.478125 54.01699112826753 990.5323920816707 0 1 1 0 1 1 204 61 14 2 0 0 
1657370351.6739154 20.483203125 53.934510626226405 990.5287428703674 0 1 1 0 1 1 204 61 14 2 0 0 
1657370356.8051608 20.4984375 53.92314939830704 990.5396758490801 0 2 2 0 2 2 225 68 21 2 0 0 
1657370361.9363623 20.493359375 54.058598203917754 990.5399590032821 0 2 2 0 2 2 225 68 21 2 0 0 
1657370367.0675383 20.503515625 54.005779906602996 990.5514582502196 0 2 2 0 2 2 225 68 21 2 0 0 
1657370372.1962173 20.493359375 53.910902441859406 990.5464086493117 0 1 1 0 1 1 204 61 23 2 0 0 
1657370377.3299782 20.483203125 54.129419988167356 990.5663240100096 0 0 0 0 0 0 186 52 8 0 0 0 
1657370382.461213 20.493359375 54.052696321719836 990.5595911521856 0 1 1 0 1 1 186 54 8 2 0 0 
1657370387.5927098 20.483203125 53.916658803118246 990.5208929451824 0 1 1 0 1 1 186 54 8 2 0 0 
1657370392.7237701 20.48828125 54.20009136288143 990.5472576208703 0 1 1 0 1 1 186 54 8 2 0 0 
1657370397.8536294 20.483203125 54.01108930905365 990.5371586650016 0 1 1 0 1 1 165 49 10 2 0 0 
1657370402.9861417 20.473046875 54.099615517527155 990.5312744224899 0 1 1 0 1 1 165 49 10 2 0 0 
1657370408.1197124 20.483203125 54.12337017791082 990.5573565792564 0 1 1 0 1 1 165 49 10 2 0 0 
1657370413.2528389 20.493359375 54.08826077455782 990.5447254491488 0 1 1 0 1 1 180 54 10 2 0 0 
1657370418.3852804 20.503515625 53.78163651331773 990.5127446593433 0 1 1 0 1 1 180 54 10 2 0 0 
1657370423.5189764 20.513671875 53.7935858524278 990.5738904903892 0 1 1 0 1 1 180 54 10 2 0 0 
1657370428.6524186 20.523828125 53.734559214281944 990.5486416639214 1 2 2 1 2 2 222 68 19 2 0 0 
1657370433.784882 20.513671875 53.953098678492076 990.5455586926987 1 2 2 1 2 2 222 68 19 2 0 0 
1657370438.9189992 20.513671875 53.79373007041686 990.54499150767 1 2 2 1 2 2 222 68 19 2 0 0 
1657370444.0524862 20.523828125 53.68776614019226 990.5545236567101 1 1 1 1 1 1 213 63 19 2 0 0 
1657370449.1859205 20.51875 53.865141492553995 990.5180592287435 1 1 1 1 1 1 213 63 19 2 0 0 
1657370454.3193495 20.5392578125 53.988659340929054 990.5511570657899 1 1 1 1 1 1 213 63 19 2 0 0 
1657370459.4527276 20.523828125 53.793874277649216 990.5632238522591 0 1 1 0 1 1 144 40 10 2 0 0 
1657370464.5861692 20.523828125 54.01241558411721 990.5578902479102 0 1 1 0 1 1 144 40 10 2 0 0 
1657370469.719573 20.513671875 53.7465083022195 990.5214257626301 0 1 1 0 1 1 117 33 10 2 0 0 
1657370474.8530002 20.523828125 53.8174851848847 990.498144058194 0 1 1 0 1 1 117 33 10 2 0 0 
1657370479.9864075 20.513671875 53.91782970474793 990.5231090296785 0 1 1 0 1 1 117 33 10 2 0 0 
1657370485.1202865 20.523828125 53.728943434232164 990.5247922967967 0 1 1 0 1 1 138 40 12 2 0 0 
1657370490.2531142 20.52890625 53.82900134165393 990.5211418160962 0 1 1 0 1 1 138 40 12 2 0 0 
1657370495.386649 20.52890625 53.87680200499181 990.5475065266254 0 1 1 0 1 1 138 40 12 2 0 0 
1657370500.5193515 20.51875 54.05373237233855 990.5654742131514 0 1 1 0 1 1 138 40 12 2 0 0 
1657370505.652103 20.513671875 53.84714339142476 990.542740589713 0 1 1 0 1 1 138 40 12 2 0 0 
1657370510.7858205 20.51875 53.91207271451712 990.5096428952507 0 1 1 0 1 1 138 40 12 2 0 0 
1657370515.9195116 20.513671875 53.91163604333584 990.5085274103849 0 1 1 0 1 1 174 54 16 2 0 0 
1657370521.0529966 20.503515625 53.82885670795 990.5452751549147 0 1 1 0 1 1 174 54 16 2 0 0 
1657370526.1853857 20.50859375 54.07675193117441 990.4942294767842 0 1 1 0 1 1 174 54 16 2 0 0 
1657370531.3188431 20.50859375 53.858658926921564 990.562107702746 0 1 1 0 1 1 159 51 14 2 0 0 
1657370536.4526403 20.51875 53.858803876571045 990.5301258678462 0 1 1 0 1 1 159 51 14 2 0 0 
1657370541.5861874 20.50859375 53.89407414230596 990.5152603682877 0 0 0 0 0 0 147 47 17 2 0 0 
1657370546.7196093 20.51875 53.805246692908874 990.5351756295729 0 1 1 0 1 1 147 47 17 2 0 0 
1657370551.8530354 20.50859375 53.80539105664163 990.5536914279561 0 1 1 0 1 1 147 47 17 2 0 0 
1657370556.9858005 20.51875 53.88226911165056 990.5562069522753 0 1 1 0 1 1 147 47 17 2 0 0 
1657370562.1192193 20.5341796875 53.864996507683074 990.5562069522753 0 0 0 0 0 0 147 47 17 2 0 0 
1657370567.2528915 20.523828125 53.91797531854086 990.5494737704346 0 0 0 0 0 0 147 47 17 2 0 0 
1657370572.3860643 20.5341796875 53.82986891798859 990.5376907049061 0 0 0 0 0 0 147 40 13 2 0 0 
1657370577.5188723 20.5341796875 53.85348065825257 990.5994054956612 0 0 0 0 0 0 147 40 13 2 0 0 
1657370582.652179 20.5341796875 53.871334386296 990.5388058576625 0 1 1 0 1 1 147 40 13 2 0 0 
1657370587.7861607 20.5341796875 54.00651314465859 990.5573224041004 0 1 1 0 1 1 147 40 13 2 0 0 
1657370592.9188776 20.52890625 53.77083884730663 990.5657390189153 0 1 1 0 1 1 147 40 13 2 0 0 
1657370598.052333 20.52890625 53.694098217658755 990.5289901339535 0 0 0 0 0 0 147 40 13 2 0 0 
1657370603.1862721 20.52890625 53.782212823808614 990.5360074101104 0 0 0 0 0 0 168 45 15 2 0 0 
1657370608.3205435 20.5392578125 53.90070364505116 990.542456600512 0 0 0 0 0 0 168 45 15 2 0 0 
1657370613.4543295 20.5443359375 53.9712445023416 990.5326408207287 0 0 0 0 0 0 168 45 15 2 0 0 
1657370618.5875144 20.5392578125 53.782788962192036 990.5651708728041 0 1 1 0 1 1 147 38 8 2 0 0 
1657370623.7209203 20.5392578125 53.818496224137554 990.5519883092602 1 1 1 1 1 1 246 70 14 0 0 0 
1657370628.8540254 20.5392578125 53.97197539312929 990.5382372776592 1 1 1 1 1 1 282 80 16 0 0 0 
1657370633.9873993 20.5544921875 53.830302560941675 990.5402049580119 1 1 1 1 1 1 282 80 16 0 0 0 
1657370639.1207137 20.5443359375 53.960023528417615 990.5320725701472 1 1 1 1 1 1 282 80 16 0 0 0 
1657370644.2502773 20.5494140625 53.87162441572392 990.5550707725264 1 1 1 1 1 1 303 85 18 0 0 0 
1657370649.3834038 20.5544921875 53.72994738654758 990.5247704868016 1 1 1 1 1 1 303 85 18 0 0 0 
1657370654.516962 20.5697265625 53.90762429675198 990.5247448983491 1 1 1 1 1 1 303 85 18 0 0 0 
1657370659.650413 20.5900390625 53.813458820912174 990.5292247484135 1 1 1 1 1 1 303 88 16 0 0 0 
1657370664.7832139 20.5951171875 53.84945879109318 990.5241743767351 1 1 1 1 1 1 303 88 16 0 0 0 
1657370669.9171329 20.5951171875 53.672054871162096 990.5292247484135 1 1 1 1 1 1 303 88 16 0 0 0 
1657370675.0506647 20.5849609375 53.83145846885939 990.4975246042545 0 1 1 0 1 1 309 90 16 0 0 0 
1657370680.1841402 20.5849609375 53.71323934908462 990.5053707784276 0 1 1 0 1 1 309 90 16 0 0 0 
1657370685.3158169 20.5951171875 53.57168579503621 990.5376420359431 0 1 1 0 1 1 309 90 16 0 0 0 
1657370690.4485984 20.5951171875 53.83145846885939 990.554191435263 0 1 1 0 1 1 318 93 16 0 0 0 
1657370695.582413 20.6001953125 53.636773043579765 990.5334187611193 0 1 1 0 1 1 318 93 16 0 0 0 
1657370700.7102585 20.6154296875 53.66081676515321 990.4974932905195 0 1 1 0 1 1 318 93 16 0 0 0 
1657370705.8437502 20.6306640625 53.59586921197964 990.5005741895355 1 1 1 1 1 1 285 89 17 0 0 0 
1657370710.9775155 20.6357421875 53.567053876007584 990.5168372136343 1 1 1 1 1 1 285 89 17 0 0 0 
1657370716.1112733 20.6458984375 53.65014634792729 990.5176875545476 1 1 1 1 1 1 300 91 19 0 0 0 
1657370721.2446175 20.6763671875 53.349264327640796 990.5002774390867 1 1 1 1 1 1 300 91 19 0 0 0 
1657370726.3772006 20.6763671875 53.58589990121946 990.5330895031395 1 1 1 1 1 1 300 91 19 0 0 0 
1657370731.5099835 20.6865234375 53.43826474173448 990.5367439241315 1 1 1 1 1 1 267 82 15 0 0 0 
1657370736.643552 20.6763671875 53.467652205288964 990.498019410551 1 1 1 1 1 1 267 82 15 0 0 0 
1657370741.7759755 20.6916015625 53.33801307586314 990.4940771889721 1 1 1 1 1 1 267 82 15 0 0 0 
1657370746.9099467 20.6865234375 53.49155988002794 990.5586317090504 1 1 1 1 1 1 246 72 15 0 0 0 
1657370752.043745 20.6814453125 53.42054809030538 990.5210164087817 1 1 1 1 1 1 246 72 15 0 0 0 
1657370757.1764567 20.6763671875 53.46793774765879 990.5283255484652 1 1 1 1 1 1 246 72 15 0 0 0 
1657370762.3099563 20.6712890625 53.597568867996685 990.548529653003 1 1 1 1 1 1 261 77 13 0 0 0 
1657370767.440232 20.6865234375 53.58632957418058 990.5563741619673 1 1 1 1 1 1 261 77 13 0 0 0 
1657370772.5726454 20.6865234375 53.46807780870482 990.5530067555726 1 1 1 1 1 1 261 77 13 0 0 0 
1657370777.706107 20.6763671875 53.42040854739764 990.5347731919023 0 1 1 0 1 1 231 67 13 0 0 0 
1657370782.839485 20.6763671875 53.51518184771092 990.5647926791788 0 1 1 0 1 1 231 67 13 0 0 0 
1657370787.9729106 20.6966796875 53.426877785955654 990.5487775587976 0 1 2 0 1 2 207 67 16 4 0 0 
1657370793.1069217 20.7017578125 53.32675519368677 990.5541161225362 0 1 2 0 1 2 207 67 16 4 0 0 
1657370798.238823 20.6966796875 53.44431545060347 990.5358824653133 0 1 2 0 1 2 207 67 16 4 0 0 
1657370803.3702674 20.7169921875 53.37990941362478 990.5296810095138 0 0 1 0 0 1 201 65 14 4 0 0 
1657370808.5025663 20.7169921875 53.40395103772263 990.5091877607048 0 0 1 0 0 1 201 65 14 4 0 0 
1657370813.63418 20.7169921875 53.46877795257435 990.5279972395318 0 0 1 0 0 1 201 65 14 4 0 0 
1657370818.765944 20.7119140625 53.409439175528505 990.5229459300059 0 1 2 0 1 2 195 63 14 4 0 0 
1657370823.8999696 20.7068359375 53.36205261935542 990.5123104483465 0 1 2 0 1 2 195 63 14 4 0 0 
1657370829.032324 20.7017578125 53.385676302947026 990.5218376690839 0 1 2 0 1 2 195 63 14 4 0 0 
1657370834.165144 20.7017578125 53.27923055062023 990.5268888970406 0 1 2 0 1 2 195 60 16 4 0 0 
1657370839.2991133 20.7017578125 53.39734885355647 990.5164987014651 0 1 2 0 1 2 195 60 16 4 0 0 
1657370844.4324455 20.7119140625 53.23225674391979 990.5232337256139 0 1 2 0 1 2 195 60 16 4 0 0 
1657370849.5630329 20.7068359375 53.49212113977947 990.5094757743494 0 1 2 0 1 2 216 67 18 4 0 0 
1657370854.6933951 20.6966796875 53.54513185932116 990.4870547311018 0 1 2 0 1 2 216 67 18 4 0 0 
1657370859.8237975 20.6966796875 53.35010202646316 990.4887384450951 0 1 2 0 1 2 216 67 18 4 0 0 
1657370864.9541848 20.6966796875 53.37920887672841 990.4940771889721 0 1 2 0 1 2 180 57 16 4 0 0 
1657370870.0845883 20.6865234375 53.5154630391495 990.4610186365732 0 0 0 0 0 0 138 46 8 0 0 0 
1657370875.216553 20.6865234375 53.45050074659456 990.5005244450062 0 0 0 0 0 0 153 51 8 0 0 0 
1657370880.3490918 20.6916015625 53.69248398211951 990.5078341800919 0 0 0 0 0 0 153 51 8 0 0 0 
1657370885.482812 20.6916015625 53.497605785968254 990.5010994299383 0 0 0 0 0 0 153 51 8 0 0 0 
1657370890.6166043 20.6916015625 53.49746538738802 990.5044668048752 0 0 0 0 0 0 147 49 8 0 0 0 
1657370895.7498384 20.6916015625 53.4561266197169 990.5280384372704 0 0 0 0 0 0 147 49 8 0 0 0 
1657370900.8841448 20.6916015625 53.30257820986193 990.5274638862508 0 0 0 0 0 0 147 49 8 0 0 0 
1657370906.018431 20.6916015625 53.491840531418354 990.5628219300697 0 0 0 0 0 0 141 47 8 0 0 0 
1657370911.1516895 20.6966796875 53.432783541555416 990.5591673138022 0 0 0 0 0 0 141 47 8 0 0 0 
1657370916.285991 20.7017578125 53.40929982184111 990.5675859673117 0 0 0 0 0 0 141 47 8 0 0 0 
1657370921.4202464 20.6966796875 53.503651805870646 990.5423300120315 0 0 0 0 0 0 129 40 8 0 0 0 
1657370926.553853 20.6966796875 53.521368640348896 990.5712405164799 0 0 0 0 0 0 129 40 8 0 0 0 
1657370931.6872497 20.6966796875 53.615856859642484 990.5227001106147 0 0 0 0 0 0 129 40 8 0 0 0 
1657370936.8204873 20.6966796875 53.45022104030662 990.5959224089033 0 0 0 0 0 0 165 45 6 0 0 0 
1657370941.9513092 20.6966796875 53.409021082193824 990.5743208913789 0 0 0 0 0 0 165 45 6 0 0 0 
1657370947.0841696 20.6052734375 53.45584135257056 990.5695567990578 0 0 0 0 0 0 165 45 6 0 0 0 
1657370952.217502 20.6916015625 53.668720623424896 990.5560870622011 0 1 1 0 1 1 162 50 6 2 0 0 
1657370957.3519409 20.6865234375 53.4561266197169 990.5684469818559 0 1 1 0 1 1 162 50 6 2 0 0 
1657370962.4860241 20.6966796875 53.3205724249957 990.5530067555726 0 0 0 0 0 0 162 50 4 0 0 0 
1657370967.619733 20.6966796875 53.59195210531675 990.5591673138022 0 0 0 0 0 0 162 50 4 0 0 0 
1657370972.754025 20.6916015625 53.668720623424896 990.5560870622011 0 0 0 0 0 0 162 50 4 0 0 0 
1657370977.8879597 20.6814453125 53.474123542539736 990.5692696982235 0 1 1 0 1 1 141 43 6 0 0 0 
1657370983.021246 20.6865234375 53.574089325191395 990.5698437903454 0 1 1 0 1 1 141 43 6 0 0 0 
1657370988.1544983 20.6865234375 53.6213313822803 990.5917319460117 0 1 1 0 1 1 141 43 6 0 0 0 
1657370993.2887063 20.6916015625 53.426738208224904 990.5760046225706 0 0 0 0 0 0 114 36 6 0 0 0 
1657370998.4218628 20.7068359375 53.56847188150206 990.5507486620422 0 0 0 0 0 0 114 36 6 0 0 0 
1657371003.5556548 20.7119140625 53.315219546306054 990.5664364142131 0 0 0 0 0 0 114 36 6 0 0 0 
1657371008.6895885 20.7169921875 53.52783702508766 990.5832742688763 0 0 0 0 0 0 105 33 4 0 0 0 
1657371013.8227983 20.7068359375 53.41562390714948 990.5684077384125 0 0 0 0 0 0 105 33 4 0 0 0 
1657371018.9570274 20.7220703125 53.315219546306054 990.5583051099134 0 0 0 0 0 0 105 33 4 0 0 0 
1657371024.0898244 20.7220703125 53.23294322398195 990.5773598813097 0 0 0 0 0 0 96 30 6 0 0 0 
1657371029.2240937 20.7375 53.49858827482526 990.5709124173397 0 0 0 0 0 0 96 30 6 0 0 0 
1657371034.358222 20.7375 53.35711766943879 990.5341565898265 0 1 1 0 1 1 144 45 10 2 0 0 
1657371039.4920287 20.7220703125 53.280057664283575 990.552678364874 0 1 1 0 1 1 144 45 10 2 0 0 
1657371044.6268837 20.72734375 53.468637945315194 990.5392079821816 0 1 1 0 1 1 144 45 10 2 0 0 
1657371049.7608132 20.7375 53.368514015599224 990.55518207328 0 1 1 0 1 1 171 54 10 2 0 0 
1657371054.8939753 20.7220703125 53.368375166759236 990.5748553406698 0 1 1 0 1 1 171 54 10 2 0 0 
1657371060.0271115 20.7220703125 53.38018741362262 990.5779353444948 0 1 1 0 1 1 171 54 10 2 0 0 
1657371065.1615133 20.7119140625 53.42729645460312 990.5681201993644 0 1 1 0 1 1 177 56 10 2 0 0 
1657371070.2962592 20.7017578125 53.41534509702775 990.5400712908838 0 1 1 0 1 1 177 56 10 2 0 0 
1657371075.4304764 20.6966796875 53.255606395951794 990.5723499769925 0 1 1 0 1 1 177 56 10 2 0 0 
1657371080.563505 20.6865234375 53.59195210531675 990.5524323922542 0 1 1 0 1 1 177 56 8 2 0 0 
1657371085.6976433 20.6865234375 53.284860637907364 990.5695567990578 0 1 1 0 1 1 177 56 8 2 0 0 
1657371090.8316212 20.6408203125 53.5269927697951 990.5580578652697 0 1 1 0 1 1 177 56 8 2 0 0 
1657371095.964541 20.6916015625 53.574518587942315 990.5931288493333 0 1 1 0 1 1 168 56 8 2 0 0 
1657371101.0988402 20.6966796875 53.42659861973667 990.5563741619673 0 1 1 0 1 1 168 56 8 2 0 0 
1657371106.2322998 20.6865234375 53.57423604641638 990.5647926791788 0 1 1 0 1 1 168 56 8 2 0 0 
1657371111.3666043 20.6966796875 53.64524181236472 990.5311186208288 0 1 1 0 1 1 180 60 10 2 0 0 
1657371116.4995086 20.6966796875 53.36191379499664 990.5810558165656 0 0 0 0 0 0 192 60 10 0 0 0 
1657371121.633288 20.6916015625 53.645383887770436 990.5776883538324 0 0 0 0 0 0 234 74 10 0 0 0 
1657371126.767547 20.6865234375 53.338151651688534 990.5549774625158 1 1 1 1 1 1 234 74 10 0 0 0 
1657371131.9006264 20.6763671875 53.6210476953488 990.6018341756924 1 1 1 1 1 1 234 74 10 0 0 0 
1657371137.0350888 20.6814453125 53.497179156967896 990.5572348040073 1 1 1 1 1 1 219 71 8 0 0 0 
1657371142.169453 20.6712890625 53.56185518653292 990.5740714333873 1 1 1 1 1 1 219 71 8 0 0 0 
1657371147.3033195 20.6611328125 53.53837555323383 990.5723877701344 0 0 0 0 0 0 219 71 8 0 0 0 
1657371152.4374323 20.6712890625 53.67995545576888 990.582489750701 0 0 0 0 0 0 234 71 6 0 0 0 
1657371157.5705175 20.6763671875 53.656477995867995 990.5524705188399 0 0 0 0 0 0 234 71 6 0 0 0 
1657371162.70385 20.6966796875 53.74548740203536 990.5743208913789 0 0 0 0 0 0 234 71 6 0 0 0 
1657371167.836928 20.6865234375 53.580424086208126 990.5476684789401 0 0 0 0 0 0 249 76 4 0 0 0 
1657371172.970044 20.6865234375 53.60952092976392 990.5762916691657 0 0 0 0 0 0 249 76 4 0 0 0 
1657371178.1039045 20.6865234375 53.692341355961595 990.5945256702984 0 0 0 0 0 0 249 76 4 0 0 0 
1657371183.2381253 20.6865234375 53.59785743769777 990.5782623103561 0 0 0 0 0 0 207 62 4 0 0 0 
1657371188.3723755 20.6916015625 53.53894452182595 990.5866808321159 0 0 0 0 0 0 207 62 4 0 0 0 
1657371193.5056262 20.6916015625 53.462032188834286 990.5465590152023 0 0 0 0 0 0 207 62 4 0 0 0 
1657371198.639871 20.6865234375 53.71610481996198 990.5726371602572 0 0 1 0 0 1 192 53 19 2 0 0 
1657371203.7743585 20.6865234375 53.50941690482178 990.5900482413099 0 0 1 0 0 1 192 53 19 2 0 0 
1657371208.9083798 20.7068359375 53.48621535210001 990.5877907428721 0 0 0 0 0 0 192 53 12 2 0 0 
1657371214.0420547 20.6966796875 53.55666096851098 990.5605637661806 0 0 0 0 0 0 192 53 12 2 0 0 
1657371219.1734216 20.6966796875 53.46849792729866 990.5905840286816 0 1 1 0 1 1 192 53 12 2 0 0 
1657371224.3087108 20.6966796875 53.503792250442416 990.592267787693 0 1 1 0 1 1 192 49 10 2 0 0 
1657371229.4389145 20.6966796875 53.50955742765675 990.5942386633119 0 1 1 0 1 1 192 49 10 2 0 0 
1657371234.5710855 20.7068359375 53.314528178806874 990.5905840286816 0 0 0 0 0 0 192 49 10 2 0 0 
1657371239.7059767 20.7017578125 53.52150928743773 990.5726371602572 0 0 0 0 0 0 186 47 10 2 0 0 
1657371244.8358605 20.7068359375 53.432783541555416 990.5743208913789 0 0 0 0 0 0 186 47 10 2 0 0 
1657371249.9696465 20.7017578125 53.45050074659456 990.5779753868675 0 0 0 0 0 0 186 47 10 2 0 0 
1657371255.1002636 20.6916015625 53.65691019539923 990.5645056472117 0 0 0 0 0 0 165 42 8 0 0 0 
1657371260.2312603 20.6966796875 53.43840985060742 990.5746079515337 0 0 0 0 0 0 165 42 8 0 0 0 
1657371265.36252 20.6916015625 53.51532244880885 990.5597415686419 0 0 0 0 0 0 165 42 8 0 0 0 
1657371270.4973803 20.6814453125 53.56804279117211 990.5849971276241 0 0 0 0 0 0 171 44 6 0 0 0 
1657371275.6322727 20.6865234375 53.56227870799276 990.5836001964666 0 0 0 0 0 0 171 44 6 0 0 0 
1657371280.76413 20.6560546875 53.46793774765879 990.6049148796142 0 0 0 0 0 0 159 38 10 0 0 0 
1657371285.897853 20.6865234375 53.64509972620203 990.5782623103561 0 0 0 0 0 0 159 38 10 0 0 0 
1657371291.029345 20.6814453125 53.58604676264285 990.54684597724 0 0 0 0 0 0 159 38 10 0 0 0 
1657371296.1632342 20.6916015625 53.438549574113345 990.5479556465051 0 1 1 0 1 1 159 38 12 0 0 0 
1657371301.2939706 20.6763671875 53.49155988002794 990.5838868601899 0 1 1 0 1 1 159 38 12 0 0 0 
1657371306.4251957 20.6814453125 53.532751984874984 990.6237223486423 0 1 1 0 1 1 159 38 12 0 0 0 
1657371311.555093 20.6814453125 53.43840985060742 990.5967830605372 0 1 1 0 1 1 171 40 12 0 0 0 
1657371316.683542 20.7017578125 53.31480475807969 990.600686583799 0 1 1 0 1 1 171 40 12 0 0 0 
1657371321.8154325 20.7017578125 53.491980840977575 990.5796591046393 0 1 1 0 1 1 171 40 12 0 0 0 
1657371326.9470682 20.7169921875 53.50421351961398 990.5984283440566 0 1 1 0 1 1 129 36 14 0 0 0 
1657371332.0812974 20.7169921875 53.492401705111305 990.5964571395573 0 1 1 0 1 1 129 36 14 0 0 0 
1657371337.2122445 20.74765625 53.43417940229299 990.6183046751473 0 1 1 0 1 1 129 36 14 0 0 0 
1657371342.3463771 20.74765625 53.398879785565015 990.6169086921223 0 1 1 0 1 1 129 39 12 0 0 0 
1657371347.4777431 20.742578125 53.48705651396757 990.5655730990206 0 1 1 0 1 1 129 39 12 0 0 0 
1657371352.610979 20.742578125 53.5046346919699 990.6124326375714 0 1 1 0 1 1 129 39 12 0 0 0 
1657371357.7423956 20.732421875 53.5989895057183 990.6043011108476 0 1 1 0 1 1 135 41 14 0 0 0 
1657371362.8703709 20.732421875 53.64609410344427 990.6376902651845 0 0 0 0 0 0 246 64 8 2 0 0 
1657371368.0036626 20.72734375 53.35670159253511 990.6275872122495 0 0 0 0 0 0 246 64 8 2 0 0 
1657371373.1334774 20.7375 53.3451662536039 990.6012210527103 0 0 0 0 0 0 246 64 8 2 0 0 
1657371378.266122 20.732421875 53.280057664283575 990.5944857984462 0 1 1 0 1 1 252 66 8 2 0 0 
1657371383.3981476 20.72734375 53.37455911728328 990.6012210527103 0 1 1 0 1 1 252 66 8 2 0 0 
1657371388.5225065 20.7375 53.46919790980761 990.629558529811 0 1 1 0 1 1 252 66 8 2 0 0 
1657371393.6539361 20.72734375 53.36260780921444 990.5897219403728 0 0 0 0 0 0 252 66 12 2 0 0 
1657371398.7889209 20.7169921875 53.43334201493983 990.6253689361514 0 0 0 0 0 0 252 66 12 2 0 0 
1657371403.9186826 20.7068359375 53.58084802032779 990.6040541027313 0 0 0 0 0 0 252 66 12 2 0 0 
1657371409.0524266 20.7068359375 53.43910836056262 990.6057378623025 0 0 0 0 0 0 231 61 12 2 0 0 
1657371414.1816847 20.7068359375 53.37400343036254 990.6121858243538 0 1 1 0 1 1 231 61 12 2 0 0 
1657371419.3134227 20.7068359375 53.5154630391495 990.6295973354255 0 1 1 0 1 1 231 61 12 2 0 0 
1657371424.4477003 20.7068359375 53.46231216515386 990.6158404211986 0 1 1 0 1 1 225 59 12 2 0 0 
1657371429.5804362 20.7220703125 53.622471151511206 990.5748553406698 0 1 1 0 1 1 225 59 12 2 0 0 
1657371434.712526 20.7169921875 53.380326397485184 990.6051634904007 0 1 1 0 1 1 225 59 12 2 0 0 
1657371439.8475466 20.7169921875 53.33293817910584 990.5916931988322 0 1 1 0 1 1 225 59 10 0 0 0 
1657371444.9801624 20.72734375 53.44529376179841 990.6065599404333 0 1 1 0 1 1 165 52 12 2 0 0 
1657371450.1148052 20.7169921875 53.59265939099582 990.6273397882017 0 0 0 0 0 0 174 55 12 4 0 0 
1657371455.2491925 20.7017578125 53.432923176037704 990.6113629937619 0 0 0 0 0 0 174 55 12 4 0 0 
1657371460.384795 20.7068359375 53.503932684256895 990.6248328575712 0 0 0 0 0 0 174 55 12 4 0 0 
1657371465.519434 20.6916015625 53.645383887770436 990.6332515247262 0 1 1 0 1 1 174 52 12 4 0 0 
1657371470.654744 20.7068359375 53.45106003008146 990.6525964072113 0 1 1 0 1 1 174 52 12 4 0 0 
1657371475.789771 20.72734375 53.433481606392306 990.6203175737688 0 1 1 0 1 1 174 52 12 4 0 0 
1657371480.9257972 20.7220703125 53.421529953373906 990.6001121305376 0 1 1 0 1 1 186 56 12 4 0 0 
1657371486.0594923 20.742578125 53.15025019242869 990.6323511803728 0 1 1 0 1 1 186 56 12 4 0 0 
1657371491.1934347 20.732421875 53.29187049003539 990.619455560336 0 1 1 0 1 1 186 56 12 4 0 0 
1657371496.3270833 20.7375 53.45780502209692 990.6054094978765 0 1 1 0 1 1 165 49 10 4 0 0 
1657371501.460553 20.742578125 53.51068122307448 990.6643444516078 0 1 1 0 1 1 165 49 10 4 0 0 
1657371506.5940177 20.74765625 53.42222712796991 990.618880336885 0 1 1 0 1 1 165 49 10 4 0 0 
1657371511.7274065 20.7375 53.3512112399285 990.6309548962813 0 1 1 0 1 1 195 59 10 4 0 0 
1657371516.8608935 20.74765625 53.36906930338325 990.6455344692199 0 1 1 0 1 1 195 59 10 4 0 0 
1657371521.9947753 20.74765625 53.380882225359784 990.6556376894952 0 1 1 0 1 1 195 59 10 4 0 0 
1657371527.128671 20.74765625 53.36920809843528 990.6385112675017 0 1 1 0 1 1 165 48 17 0 0 0 
1657371532.2614179 20.762890625 53.47580411701759 990.6281200561928 0 1 1 0 1 1 165 48 17 0 0 0 
1657371537.3953426 20.778125 53.23362943509675 990.6407271548273 0 1 1 0 1 1 171 50 19 2 0 0 
1657371542.52933 20.74765625 53.19818778597936 990.6337473820831 0 1 1 0 1 1 171 50 19 2 0 0 
1657371547.6627727 20.778125 53.292835911705126 990.6224921298935 0 1 1 0 1 1 171 50 19 2 0 0 
1657371552.7953155 20.76796875 53.292973786055484 990.6426992129344 0 1 1 0 1 1 198 55 19 2 0 0 
1657371557.9287968 20.78828125 53.057228427492795 990.6516499438509 0 1 1 0 1 1 198 55 19 2 0 0 
1657371563.0628386 20.778125 53.33473710897335 990.6188359732815 0 1 1 0 1 1 198 55 19 2 0 0 
1657371568.1959481 20.778125 53.163564003193486 990.6306235311057 0 1 1 0 1 1 198 57 17 2 0 0 
1657371573.329377 20.78828125 53.32306111094666 990.6634377962406 0 1 1 0 1 1 198 57 17 2 0 0 
1657371578.4628458 20.783203125 53.14556934142882 990.6923534945704 0 1 1 0 1 1 198 57 17 2 0 0 
1657371583.5963526 20.778125 53.28734241960643 990.6387549600831 0 1 1 0 1 1 219 64 17 2 0 0 
1657371588.7297592 20.783203125 53.310970689329686 990.6339914053996 0 1 1 0 1 1 219 64 17 2 0 0 
1657371593.8632164 20.76796875 53.21618266090706 990.6429872239253 0 0 0 0 0 0 219 64 17 2 0 0 
1657371598.996891 20.76796875 53.12730337575581 990.6410152889628 0 0 0 0 0 0 228 64 15 2 0 0 
1657371604.1297772 20.7578125 53.2931116496481 990.6845095534062 0 0 0 0 0 0 228 64 15 2 0 0 
1657371609.2625804 20.76796875 53.511383245599134 990.7016365960394 0 0 0 0 0 0 141 44 6 0 0 0 
1657371614.395518 20.76796875 53.49338334491728 990.676377707067 0 0 0 0 0 0 141 44 6 0 0 0 
1657371619.529408 20.762890625 53.33404542802375 990.6466429192471 0 0 0 0 0 0 141 44 6 0 0 0 
1657371624.6628218 20.7578125 53.31014219569587 990.674160266544 0 0 0 0 0 0 162 49 8 0 0 0 
1657371629.7963192 20.74765625 53.38706665531877 990.6710798803505 0 0 0 0 0 0 162 49 8 0 0 0 
1657371634.9295459 20.742578125 53.174286712169504 990.6806083672767 0 0 0 0 0 0 162 49 8 0 0 0 
1657371640.063418 20.7578125 53.475384118622394 990.6522699491235 0 1 1 0 1 1 183 53 15 2 0 0 
1657371645.1968236 20.7578125 53.351488435718515 990.6472183390907 0 1 1 0 1 1 183 53 15 2 0 0 
1657371650.330263 20.7375 53.315910644862406 990.6657409122902 0 1 1 0 1 1 183 53 15 2 0 0 
1657371655.4636846 20.7578125 53.33390705956084 990.6758441376048 0 2 2 0 2 2 174 50 17 4 0 0 
1657371660.5968087 20.7578125 53.26907071355121 990.677240597685 0 2 2 0 2 2 174 50 17 4 0 0 
1657371665.7302306 20.7578125 53.381437881113406 990.6533785079122 0 2 2 0 2 2 174 50 17 4 0 0 
1657371670.8636491 20.74765625 53.46385126575849 990.6640570416494 0 2 2 0 2 2 180 52 19 4 0 0 
1657371675.9966812 20.7578125 53.28665338542878 990.6502984510294 0 2 2 0 2 2 180 52 19 4 0 0 
1657371681.1300583 20.752734375 53.58760169362342 990.6696832827668 0 2 2 0 2 2 180 52 19 4 0 0 
1657371686.2629313 20.742578125 53.45175889239836 990.6528448493109 0 1 1 0 1 1 180 50 17 4 0 0 
1657371691.396008 20.7375 53.315910644862406 990.6825796225477 0 1 1 0 1 1 198 58 4 0 0 0 
1657371696.5295095 20.7578125 53.38692766849057 990.6505860790426 0 1 1 0 1 1 198 58 6 0 0 0 
1657371701.6630063 20.7578125 53.31604883230055 990.6907116777318 0 1 1 0 1 1 198 58 6 0 0 0 
1657371706.7965446 20.762890625 53.51714928417059 990.6786369753794 0 1 1 0 1 1 198 58 6 0 0 0 
1657371711.9307392 20.76796875 53.39915799699149 990.6536662183814 0 1 1 0 1 1 192 56 6 0 0 0 
1657371717.0649178 20.74765625 53.304511621342755 990.6974472194349 0 1 1 0 1 1 192 56 6 0 0 0 
1657371722.198958 20.7578125 53.304511621342755 990.667424783001 0 1 1 0 1 1 192 56 6 0 0 0 
1657371727.333271 20.752734375 53.36893049757363 990.6738728283731 0 1 1 0 1 1 192 56 8 0 0 0 
1657371732.4628048 20.7578125 53.49310293018785 990.685947365439 0 1 1 0 1 1 192 56 8 0 0 0 
1657371737.5956388 20.752734375 53.398879785565015 990.6792118799362 0 1 1 0 1 1 192 56 8 0 0 0 
1657371742.7297502 20.74765625 53.44571287666346 990.6691086537817 0 1 1 0 1 1 186 54 8 0 0 0 
1657371747.8650866 20.742578125 53.45161914144979 990.6679994391062 0 1 1 0 1 1 186 54 8 0 0 0 
1657371752.9988263 20.7375 53.409996482703015 990.7106690914416 0 1 1 0 1 1 186 54 8 0 0 0 
1657371758.1327536 20.72734375 53.292008439690065 990.6666027727744 0 1 1 0 1 1 192 56 8 0 0 0 
1657371763.2657092 20.732421875 53.42208771456566 990.6988823653716 0 1 1 0 1 1 192 56 8 0 0 0 
1657371768.3995116 20.732421875 53.38046537059018 990.661838391476 0 1 1 0 1 1 192 56 8 0 0 0 
1657371773.5341797 20.7375 53.516025292939425 990.7039338189816 0 1 1 0 1 1 192 50 12 4 0 0 
1657371778.668492 20.72734375 53.6638112093014 990.6848746410817 0 1 1 0 1 1 192 50 12 4 0 0 
1657371783.8031003 20.7220703125 53.52783702508766 990.7359263731393 0 1 2 0 1 2 192 50 14 6 0 0 
1657371788.9378638 20.7119140625 53.39804489310507 990.6994556567874 0 1 2 0 1 2 192 50 14 6 0 0 
1657371794.0722923 20.7169921875 53.463011917698516 990.6944042851676 0 1 2 0 1 2 192 50 14 6 0 0 
1657371799.2053363 20.7169921875 53.59265939099582 990.7179773581161 0 1 2 0 1 2 171 47 14 6 0 0 
1657371804.3402042 20.7169921875 53.57522475350722 990.7011394474675 0 1 2 0 1 2 171 47 14 6 0 0 
1657371809.4719348 20.72734375 53.320987448035694 990.7064772470571 0 1 2 0 1 2 171 47 14 6 0 0 
1657371814.606226 20.7169921875 53.56313088712024 990.7493969298166 0 1 2 0 1 2 159 42 14 8 0 0 
1657371819.7403336 20.7119140625 53.63399886407084 990.6932934564321 0 1 2 0 1 2 159 42 14 8 0 0 
1657371824.8724093 20.7220703125 53.43334201493983 990.6997421381575 0 1 2 0 1 2 159 42 14 8 0 0 
1657371830.0057223 20.7169921875 53.5219311641607 990.7241396397206 0 1 2 0 1 2 171 47 16 8 0 0 
1657371835.1348796 20.7119140625 53.44515403532855 990.7179773581161 0 1 2 0 1 2 171 47 16 8 0 0 
1657371840.2668228 20.72734375 53.52783702508766 990.714323306539 0 1 2 0 1 2 171 47 16 8 0 0 
1657371845.4010983 20.7119140625 53.45696601454006 990.7404388547252 0 1 2 0 1 2 156 40 12 6 0 0 
1657371850.5357788 20.7169921875 53.65733682661711 990.7286525000085 0 1 2 0 1 2 156 40 12 6 0 0 
1657371855.6700299 20.7119140625 53.54513185932116 990.6795368181768 0 1 1 0 1 1 222 59 10 0 0 0 
1657371860.8016603 20.7119140625 53.45078040985283 990.7236012061796 0 1 1 0 1 1 222 59 10 0 0 0 
1657371865.9354565 20.7169921875 53.58084802032779 990.6949772197122 0 0 0 0 0 0 222 59 10 0 0 0 
1657371871.0682127 20.72734375 53.492541971641245 990.7258234585705 0 0 0 0 0 0 210 55 10 0 0 0 
1657371876.2004256 20.72734375 53.48663598144178 990.6837280083201 0 0 0 0 0 0 210 55 10 0 0 0 
1657371881.3290012 20.732421875 53.39241694368876 990.7089852732216 0 0 0 0 0 0 210 55 10 0 0 0 
1657371886.4608326 20.7169921875 53.42743598930402 990.7086985445309 0 1 1 0 1 1 225 60 10 0 0 0 
1657371891.5948067 20.7119140625 53.515884745627844 990.7283663587139 0 1 1 0 1 1 225 60 10 0 0 0 
1657371896.7258224 20.7068359375 53.586753710808836 990.7216312461752 0 1 1 0 1 1 225 60 10 0 0 0 
1657371901.8569832 20.7068359375 53.7460602720326 990.6983447464822 0 1 1 0 1 1 198 56 10 0 0 0 
1657371906.9879599 20.6458984375 53.50955742765675 990.7070497726538 0 1 1 0 1 1 198 56 10 0 0 0 
1657371912.1203632 20.7068359375 53.491840531418354 990.7191220296352 0 1 1 0 1 1 198 56 10 0 0 0 
1657371917.2507992 20.7119140625 53.397627301648505 990.7286525000085 0 1 1 0 1 1 198 54 10 0 0 0 
1657371922.3863401 20.7119140625 53.50983844105486 990.6994556567874 0 1 1 0 1 1 198 54 10 0 0 0 
1657371927.516103 20.7068359375 53.56889544287385 990.7022846613862 0 1 1 0 1 1 198 54 10 0 0 0 
1657371932.6504016 20.7068359375 53.52713350590364 990.705366022444 0 0 0 0 0 0 168 44 8 0 0 0 
1657371937.7845995 20.7068359375 53.54513185932116 990.6834772760832 0 0 0 0 0 0 159 46 12 0 0 0 
1657371942.915954 20.6966796875 53.74591707066844 990.7174382924954 0 0 0 0 0 0 180 50 14 0 0 0 
1657371948.0512407 20.7068359375 53.4211115195266 990.6902122737038 0 0 0 0 0 0 180 50 14 0 0 0 
1657371953.1846607 20.7017578125 53.46849792729866 990.727254780631 0 1 1 0 1 1 180 50 14 0 0 0 
1657371958.3118327 20.7119140625 53.49212113977947 990.7134986204113 0 1 1 0 1 1 201 55 16 0 0 0 
1657371963.4412966 20.7068359375 53.491840531418354 990.7137847741933 0 1 1 0 1 1 201 55 16 0 0 0 
1657371968.5717027 20.7169921875 53.63976248627104 990.7067635646318 0 1 1 0 1 1 201 55 16 0 0 0 
1657371973.7048562 20.6865234375 53.50351135054158 990.7393268807712 0 1 1 0 1 1 201 55 18 0 0 0 
1657371978.8379128 20.6966796875 53.52713350590364 990.7210916472898 0 1 1 0 1 1 201 55 18 0 0 0 
1657371983.9709785 20.7068359375 53.645668006310906 990.701998522234 0 1 1 0 1 1 201 55 18 0 0 0 
1657371989.1044514 20.7119140625 53.64581004944568 990.7502554821972 0 1 1 0 1 1 222 62 20 0 0 0 
1657371994.2384152 20.7169921875 53.65790551764356 990.6941176535595 0 1 1 0 1 1 222 62 20 0 0 0 
1657371999.3702695 20.7220703125 53.40971785063077 990.6859853338673 0 1 1 0 1 1 222 62 20 0 0 0 
1657372004.497543 20.7068359375 53.48030955412673 990.7320200295777 0 1 1 0 1 1 228 64 20 0 0 0 
1657372009.6280525 20.7169921875 53.645668006310906 990.7249988023046 0 1 1 0 1 1 228 64 20 0 0 0 
1657372014.7584019 20.7169921875 53.57494231955267 990.7081610244571 0 1 1 0 1 1 228 64 20 0 0 0 
1657372019.8888605 20.7017578125 53.52727423125493 990.6801097776927 0 1 1 0 1 1 141 36 12 2 0 0 
1657372025.0192792 20.7119140625 53.71062804735664 990.7185499129805 0 1 1 0 1 1 141 36 12 2 0 0 
1657372030.1535695 20.7119140625 53.52769634276534 990.7331314836832 0 1 1 0 1 1 156 36 14 2 0 0 
1657372035.2866325 20.7169921875 53.48030955412673 990.6966609830622 0 1 1 0 1 1 156 36 14 2 0 0 
1657372040.4193568 20.7068359375 53.503651805870646 990.6904985077755 0 1 1 0 1 1 156 36 14 2 0 0 
1657372045.553594 20.7017578125 53.59265939099582 990.720805766845 0 1 1 0 1 1 177 43 14 2 0 0 
1657372050.687549 20.7017578125 53.533179811867605 990.6773148551359 0 1 1 0 1 1 177 43 14 2 0 0 
1657372055.821684 20.7068359375 53.539507898726576 990.6744854897561 0 1 1 0 1 1 177 43 14 2 0 0 
1657372060.9552782 20.7220703125 53.6108012196344 990.6837280083201 0 1 1 0 1 1 162 40 10 2 0 0 
1657372066.0892465 20.72734375 53.433481606392306 990.69691172403 0 1 1 0 1 1 162 40 10 2 0 0 
1657372071.2235005 20.732421875 53.534024343103326 990.6887794600407 0 1 1 0 1 1 162 40 10 2 0 0 
1657372076.3571508 20.742578125 53.693482064032295 990.7137500400811 0 0 0 0 0 0 162 38 8 2 0 0 
1657372081.4899983 20.72734375 53.404090280869994 990.6800734149775 0 0 0 0 0 0 162 38 8 2 0 0 
1657372086.6235843 20.732421875 53.32730872021624 990.7073014550717 0 0 0 0 0 0 162 38 8 2 0 0 
1657372091.7575538 20.732421875 53.468917949076136 990.7123529097315 0 1 1 0 1 1 177 43 8 2 0 0 
1657372096.8920267 20.7375 53.51644687033056 990.6685736569375 0 1 1 0 1 1 177 43 8 2 0 0 
1657372102.025597 20.732421875 53.47510406590552 990.7013893235494 0 1 1 0 1 1 129 37 11 4 0 0 
1657372107.1599193 20.74765625 53.49296270668717 990.6943667238921 0 1 1 0 1 1 129 37 11 4 0 0 
1657372112.2926877 20.7375 53.56397724985614 990.6943667238921 0 1 1 0 1 1 129 37 11 4 0 0 
1657372117.4257698 20.7375 53.58760169362342 990.68147019035 0 1 1 0 1 1 144 42 13 4 0 0 
1657372122.560103 20.74765625 53.39297322558987 990.6721889438222 0 1 1 0 1 1 144 42 13 4 0 0 
1657372127.6941617 20.74765625 53.5636951719728 990.6926828520616 0 1 1 0 1 1 144 42 13 4 0 0 
1657372132.828159 20.752734375 53.351488435718515 990.6629479085444 0 1 1 0 1 1 144 44 15 4 0 0 
1657372137.9618351 20.732421875 53.38664966256154 990.6893151086103 0 1 1 0 1 1 144 44 15 4 0 0 
1657372143.0950134 20.732421875 53.49282247242918 990.6666027727744 0 1 1 0 1 1 144 44 15 4 0 0 
1657372148.2283142 20.72734375 53.569318907431295 990.7019632181103 0 0 0 0 0 0 129 39 8 2 0 0 
1657372153.3622825 20.72734375 53.6344245239293 990.6823310273088 0 0 0 0 0 0 129 39 8 2 0 0 
1657372158.49631 20.7220703125 53.55160130743629 990.6944042851676 0 0 0 0 0 0 129 39 8 2 0 0 
1657372163.6306493 20.7169921875 53.32703197846688 990.6711179378257 1 1 1 1 1 1 222 70 8 2 0 0 
1657372168.7651865 20.7220703125 53.38623257298635 990.6893529141773 1 1 1 1 1 1 222 70 8 2 0 0 
1657372173.9008775 20.7220703125 53.52207176822051 990.7061908199271 1 1 1 1 1 1 222 70 8 2 0 0 
1657372179.036122 20.7169921875 53.46287198870435 990.6579344437168 1 1 1 1 1 1 231 75 8 2 0 0 
1657372184.1632538 20.7169921875 53.68729137886938 990.6677503861749 0 0 1 0 0 1 186 51 11 2 2 2 
1657372189.2942338 20.7068359375 53.622045864388454 990.6831908782217 0 0 1 0 0 1 201 56 13 2 2 2 
1657372194.4288998 20.7068359375 53.56284868015099 990.7104172732837 0 0 1 0 0 1 201 56 13 2 2 2 
1657372199.561619 20.7068359375 53.539085382186926 990.6784260286024 0 0 1 0 0 1 201 56 13 2 2 2 
1657372204.6908174 20.7068359375 53.574801086439685 990.6747720649706 0 0 2 0 0 2 201 56 11 2 2 2 
1657372209.82037 20.7068359375 53.72243883009062 990.6688962466834 0 0 2 0 0 2 201 56 11 2 2 2 
1657372214.9535182 20.7068359375 53.59828204388361 990.6736611514226 0 0 2 0 0 2 201 56 11 2 2 2 
1657372220.0853167 20.6916015625 53.74577385854751 990.6803960931238 0 0 0 0 0 0 180 49 6 0 0 0 
1657372225.2173572 20.6916015625 53.60995142313682 990.6641313143882 0 0 0 0 0 0 180 49 6 0 0 0 
1657372230.3461447 20.6763671875 53.86329198046307 990.6980913344946 0 0 0 0 0 0 180 49 6 0 0 0 
1657372235.477284 20.6763671875 53.76233620335802 990.6905299571986 0 0 0 0 0 0 174 42 6 0 0 0 
1657372240.6106398 20.6763671875 53.8333353509509 990.6911008093691 0 0 0 0 0 0 174 42 6 0 0 0 
1657372245.7429116 20.6712890625 53.750670285931356 990.6823972339417 0 0 0 0 0 0 174 42 6 0 0 0 
1657372250.8771346 20.6763671875 53.792146898382256 990.6922136117896 0 0 0 0 0 0 174 42 8 0 0 0 
1657372256.010353 20.6814453125 53.85177699301167 990.7129588684402 0 0 0 0 0 0 174 42 8 0 0 0 
1657372261.138885 20.6916015625 53.75110031964556 990.6992032452998 0 0 0 0 0 0 174 42 8 0 0 0 
1657372266.2661188 20.6865234375 53.59785743769777 990.7196937081001 0 0 0 0 0 0 171 50 12 2 2 0 
1657372271.4002743 20.6865234375 53.64481005571099 990.6997750301151 0 0 0 0 0 0 171 50 12 2 2 0 
1657372276.531775 20.6865234375 53.82210277596288 990.6849076221857 0 0 1 0 0 1 162 48 10 2 2 0 
1657372281.6646183 20.6865234375 53.899015740763254 990.6815402593941 0 0 1 0 0 1 162 48 10 2 2 0 
1657372286.7983844 20.6814453125 53.53865735008382 990.7062240298998 0 0 1 0 0 1 162 48 10 2 2 0 
1657372291.9316015 20.6865234375 53.780624801147475 990.6762032977973 0 0 1 0 0 1 150 44 8 2 2 0 
1657372297.0667603 20.6916015625 53.71610481996198 990.6871310359451 0 0 1 0 0 1 150 44 8 2 2 0 
1657372302.199212 20.6916015625 53.63904698386008 990.70959144903 0 0 1 0 0 1 150 44 8 2 2 0 
1657372307.3286283 20.6865234375 53.67476824565988 990.7028566110494 0 0 1 0 0 1 102 28 4 2 2 0 
1657372312.4584498 20.6865234375 53.81619790480079 990.6975195225598 0 0 1 0 0 1 102 28 4 2 2 0 
1657372317.587929 20.6814453125 53.73958232697649 990.6950097122397 0 0 1 0 0 1 102 28 4 2 2 0 
1657372322.720284 20.6814453125 53.85753178679001 990.6863054671112 0 0 0 0 0 0 165 44 2 0 0 0 
1657372327.850231 20.6814453125 53.697955604520644 990.7000607582115 0 0 0 0 0 0 165 44 2 0 0 0 
1657372332.9778905 20.6865234375 53.65085733345005 990.6742335621224 0 0 0 0 0 0 165 44 2 0 0 0 
1657372338.1130092 20.6814453125 53.80438813159867 990.6961217741886 0 0 0 0 0 0 171 44 2 0 0 0 
1657372343.247163 20.6865234375 53.77486351847217 990.6877032296866 0 0 0 0 0 0 171 44 2 0 0 0 
1657372348.378899 20.6814453125 53.79848322955865 990.6921822437955 0 0 1 0 0 1 180 46 12 2 2 0 
1657372353.5134914 20.6865234375 53.66295770322118 990.7028566110494 0 0 1 0 0 1 180 46 12 2 2 0 
1657372358.6454184 20.6916015625 53.651004965947074 990.6759172703231 0 0 1 0 0 1 180 46 12 2 2 0 
1657372363.778815 20.6814453125 53.727480549180754 990.6843358123756 0 0 1 0 0 1 159 46 10 2 2 0 
1657372368.912309 20.6865234375 53.76320256545467 990.6860195209962 0 0 1 0 0 1 159 46 10 2 2 0 
1657372374.043321 20.6916015625 53.7574408899011 990.6941520772893 0 0 1 0 0 1 159 46 10 2 2 0 
1657372379.1756003 20.6865234375 53.77501262293646 990.7093055832104 0 0 1 0 0 1 168 49 10 2 2 0 
1657372384.304852 20.6966796875 53.715961923812124 990.6809683953447 0 0 1 0 0 1 168 49 10 2 2 0 
1657372389.4364011 20.6865234375 53.893110933319406 990.6879891622418 0 0 1 0 0 1 168 49 10 2 2 0 
1657372394.5668502 20.6814453125 53.69176525626997 990.6899586668978 0 0 1 0 0 1 159 46 10 2 2 0 
1657372399.6990292 20.6814453125 53.59785743769777 990.699489192479 0 0 1 0 0 1 159 46 10 2 2 0 
1657372404.8283365 20.6916015625 53.71581352027115 990.7022846613862 0 0 1 0 0 1 159 46 10 2 2 0 
1657372409.961848 20.6865234375 53.82210277596288 990.6930402480534 0 0 1 0 0 1 159 46 10 2 2 0 
1657372415.0918012 20.6763671875 53.76305360117309 990.7129588684402 0 0 1 0 0 1 159 46 10 2 2 0 
1657372420.2255414 20.6712890625 53.57394802712184 990.6936117031875 0 0 1 0 0 1 159 46 10 2 2 0 
1657372425.3549159 20.6763671875 53.79819549276424 990.7034281225425 0 0 1 0 0 1 159 46 10 2 2 0 
1657372430.4875054 20.6763671875 53.810005016575886 990.7017444403422 0 1 1 0 1 1 231 67 12 0 0 0 
1657372435.6190016 20.6712890625 53.774576321634925 990.6865913036864 0 1 1 0 1 1 210 60 12 0 0 0 
1657372440.7527313 20.6814453125 53.762766674317255 990.6714381726986 0 1 1 0 1 1 210 60 12 0 0 0 
1657372445.8839018 20.6865234375 53.82800763683234 990.7017444403422 0 1 1 0 1 1 210 60 12 0 0 0 
1657372451.017602 20.6865234375 53.76881503942392 990.6708661459311 0 1 1 0 1 1 210 60 10 0 0 0 
1657372456.1470394 20.6865234375 53.668720623424896 990.699489192479 0 1 1 0 1 1 210 60 10 0 0 0 
1657372461.2804806 20.6966796875 53.503651805870646 990.699489192479 0 1 1 0 1 1 210 60 10 0 0 0 
1657372466.4125643 20.6966796875 53.733677241624726 990.6843358123756 0 0 0 0 0 0 174 48 8 0 0 0 
1657372471.5456738 20.7017578125 53.645383887770436 990.6837635643944 0 0 0 0 0 0 174 48 8 0 0 0 
1657372476.6793633 20.6966796875 53.71034244383642 990.6888147718253 0 0 0 0 0 0 174 48 8 0 0 0 
1657372481.812674 20.7119140625 53.622045864388454 990.7118148563615 0 0 0 0 0 0 189 50 10 0 0 0 
1657372486.946062 20.7017578125 53.651289262515945 990.6865584040119 0 0 0 0 0 0 189 50 10 0 0 0 
1657372492.079563 20.7068359375 53.828445718469936 990.6949772197122 0 0 0 0 0 0 189 50 10 0 0 0 
1657372497.2126024 20.7017578125 53.52727423125493 990.6770286221332 0 0 0 0 0 0 195 52 8 0 0 0 
1657372502.34588 20.7068359375 53.63385695593734 990.6736611514226 0 0 0 0 0 0 195 52 8 0 0 0 
1657372507.4792883 20.6916015625 53.66900532499235 990.7003147722342 0 0 0 0 0 0 195 52 8 0 0 0 
1657372512.6117392 20.6966796875 53.73986864849572 990.6702936809916 0 2 2 0 2 2 264 69 18 2 0 0 
1657372517.7450078 20.6966796875 53.621762285854786 990.6904985077755 0 2 2 0 2 2 264 69 18 2 0 0 
1657372522.8784225 20.7017578125 53.740011793120175 990.697233452276 0 1 1 0 1 1 264 71 14 2 0 0 
1657372528.0124364 20.6966796875 53.64524181236472 990.7042544139402 0 1 1 0 1 1 264 71 14 2 0 0 
1657372533.145387 20.7017578125 53.76968154927331 990.7014259152775 0 1 1 0 1 1 264 71 14 2 0 0 
1657372538.27931 20.7068359375 53.75196560678352 990.6719774161721 0 1 1 0 1 1 243 62 10 0 0 0 
1657372543.4127905 20.7068359375 53.8815908487718 990.6770286221332 0 1 1 0 1 1 243 62 10 0 0 0 
1657372548.5451968 20.7068359375 53.75787093124062 990.6764558274808 0 1 1 0 1 1 243 62 10 0 0 0 
1657372553.6786067 20.7119140625 53.716676296993086 990.6585075366879 0 1 1 0 1 1 243 62 10 0 0 0 
1657372558.812566 20.7119140625 53.78711004069599 990.666353253469 0 1 1 0 1 1 243 62 10 0 0 0 
1657372563.9457707 20.7220703125 53.64581004944568 990.6475450821496 0 1 1 0 1 1 243 62 10 0 0 0 
1657372569.0793924 20.7169921875 53.681243358512575 990.666353253469 0 1 1 0 1 1 243 62 12 0 0 0 
1657372574.2125516 20.7220703125 53.67562256173347 990.6730883025302 0 1 1 0 1 1 243 62 12 0 0 0 
1657372579.3460312 20.72734375 53.604612280356704 990.6789634204382 0 1 1 0 1 1 243 62 12 0 0 0 
1657372584.4800432 20.7169921875 53.61037636979237 990.6509126321207 0 1 1 0 1 1 264 64 12 0 0 0 
1657372589.6130195 20.7169921875 53.66366898518039 990.6711179378257 0 1 1 0 1 1 264 64 12 0 0 0 
1657372594.7462256 20.7169921875 53.50421351961398 990.6772796171082 0 1 4 0 1 4 234 63 22 4 4 2 
1657372599.8796556 20.7169921875 53.64595208182346 990.6792501740866 0 1 4 0 1 4 234 63 22 4 4 2 
1657372605.013087 20.7169921875 53.74634664249067 990.6963745841276 0 1 4 0 1 4 234 63 22 4 4 2 
1657372610.1464663 20.7169921875 53.48058984943144 990.6927204947674 0 1 3 0 1 3 249 66 22 2 2 0 
1657372615.280437 20.7220703125 53.63414076144733 990.6944042851676 0 1 3 0 1 3 249 66 22 2 2 0 
1657372620.41388 20.7220703125 53.57508354190852 990.67140454016 0 1 3 0 1 3 249 66 22 2 2 0 
1657372625.547815 20.72734375 53.693196951555876 990.6876691239872 0 2 3 0 2 3 270 76 24 2 2 0 
1657372630.6813962 20.7220703125 53.68152822250769 990.6924338495995 0 2 3 0 2 3 270 76 24 2 2 0 
1657372635.815542 20.72734375 53.64033032426609 990.6820441912199 0 2 3 0 2 3 270 76 24 2 2 0 
1657372640.9496562 20.72734375 53.522212361523074 990.6868087377587 1 2 3 1 2 3 297 83 26 2 2 0 
1657372646.0834851 20.7375 53.44543347751084 990.6955147299813 1 2 3 1 2 3 297 83 26 2 2 0 
1657372651.2176645 20.7169921875 53.78782835607754 990.7193747213585 1 2 3 1 2 3 297 83 26 2 2 0 
1657372656.3503032 20.7220703125 53.67562256173347 990.6938309123911 1 2 4 1 2 4 291 81 24 4 2 0 
1657372661.4867904 20.7169921875 53.72272466057379 990.6899259300822 1 2 4 1 2 4 291 81 24 4 2 0 
1657372666.6219954 20.7169921875 53.657763361022376 990.7261099420975 1 2 4 1 2 4 291 81 24 4 2 0 
1657372671.7568085 20.7068359375 53.69291179605195 990.6932934564321 1 2 4 1 2 4 297 83 24 4 2 0 
1657372676.8920233 20.7017578125 53.56847188150206 990.7084473284717 0 0 0 0 0 0 183 56 20 0 0 0 
1657372682.026369 20.7119140625 53.72272466057379 990.7067635646318 0 0 0 0 0 0 183 56 20 0 0 0 
1657372687.1615384 20.7068359375 53.68053101027902 990.6949772197122 0 1 1 0 1 1 183 56 20 0 0 0 
1657372692.2968364 20.7068359375 53.66928998353207 990.7351014723722 0 1 1 0 1 1 204 63 22 0 0 0 
1657372697.4308252 20.7119140625 53.60418756847813 990.7157545554255 0 1 1 0 1 1 204 63 22 0 0 0 
1657372702.5646186 20.7017578125 53.59828204388361 990.7255710295814 0 1 1 0 1 1 204 63 22 0 0 0 
1657372707.6980495 20.7119140625 53.533320593966636 990.7154685247531 0 1 1 0 1 1 216 67 24 0 0 0 
1657372712.831579 20.7017578125 53.58070671971169 990.7121010237034 0 1 1 0 1 1 216 67 24 0 0 0 
1657372717.9645746 20.7169921875 53.62232939989399 990.6963745841276 0 1 1 0 1 1 216 67 24 0 0 0 
1657372723.098022 20.7119140625 53.728344206016864 990.7182636903257 0 1 1 0 1 1 243 76 29 2 0 0 
1657372728.2312944 20.7119140625 53.7755868428489 990.7171522753829 0 1 1 0 1 1 243 76 29 2 0 0 
1657372733.3650403 20.7119140625 53.63385695593734 990.731733915403 0 1 1 0 1 1 243 76 29 2 0 0 
1657372738.4991193 20.7068359375 53.604045976337794 990.720805766845 0 1 1 0 1 1 216 67 29 2 0 0 
1657372743.6324956 20.6966796875 53.63371503704684 990.7137847741933 0 1 1 0 1 1 216 67 29 2 0 0 
1657372748.7650871 20.7017578125 53.81101838813206 990.7401528083507 0 1 1 0 1 1 216 67 29 2 0 0 
1657372753.8985758 20.6966796875 53.69291179605195 990.6916096932222 0 1 1 0 1 1 222 69 27 2 0 0 
1657372759.0325735 20.7017578125 53.83463921244423 990.7331314836832 0 1 1 0 1 1 210 59 12 0 0 0 
1657372764.1660383 20.6865234375 53.73972549311449 990.727254780631 0 1 1 0 1 1 210 59 10 0 0 0 
1657372769.2995994 20.7068359375 53.740154926987856 990.7252849707193 0 1 1 0 1 1 210 59 10 0 0 0 
1657372774.4330542 20.7017578125 53.64581004944568 990.7121010237034 0 1 1 0 1 1 210 59 10 0 0 0 
1657372779.566476 20.7169921875 53.72258175071061 990.688242167012 0 1 1 0 1 1 201 56 10 0 0 0 
1657372784.7000012 20.7068359375 53.728630171494466 990.6932934564321 0 1 1 0 1 1 201 56 10 0 0 0 
1657372789.8342683 20.7220703125 53.71681913935881 990.7297638997339 0 1 1 0 1 1 201 56 10 0 0 0 
1657372794.9682286 20.7169921875 53.763776245403875 990.7098448019268 0 1 2 0 1 2 174 49 12 2 2 2 
1657372800.1016717 20.7068359375 53.7755868428489 990.7199474682155 0 1 2 0 1 2 174 49 12 2 2 2 
1657372805.235133 20.7068359375 53.69291179605195 990.7303362647581 0 1 2 0 1 2 174 49 12 2 2 2 
1657372810.3678863 20.7119140625 53.58661234268986 990.6767422795821 0 0 2 0 0 2 147 40 8 2 2 2 
1657372815.501435 20.7119140625 53.77573037093528 990.6960880756375 0 0 2 0 0 2 147 40 8 2 2 2 
1657372820.6348183 20.7119140625 53.63385695593734 990.7047934697273 0 0 2 0 0 2 147 40 8 2 2 2 
1657372825.7676375 20.7068359375 53.76363284155166 990.678139590061 0 0 2 0 0 2 132 37 10 2 2 2 
1657372830.901241 20.7169921875 53.840544392787685 990.7033960371621 0 0 2 0 0 2 132 37 10 2 2 2 
1657372836.0347073 20.7169921875 53.799351712278295 990.7199474682155 0 0 2 0 0 2 132 37 10 2 2 2 
1657372841.1656046 20.7068359375 53.59265939099582 990.6820798287242 0 1 1 0 1 1 285 65 10 2 0 0 
1657372846.298067 20.7068359375 53.70472264054891 990.705079800862 0 1 1 0 1 1 285 65 10 2 0 0 
1657372851.43077 20.7119140625 53.74577385854751 990.7118148563615 0 1 1 0 1 1 255 62 12 2 0 0 
1657372856.5641093 20.7169921875 53.69291179605195 990.7064772470571 0 1 1 0 1 1 255 62 12 2 0 0 
1657372861.6979144 20.7169921875 53.62232939989399 990.6829043708071 0 1 1 0 1 1 255 62 12 2 0 0 
1657372866.8303716 20.7220703125 53.60489536782374 990.6803603741896 0 1 1 0 1 1 255 66 12 2 0 0 
1657372871.9637442 20.732421875 53.770255327097296 990.7255368654809 0 1 1 0 1 1 255 66 12 2 0 0 
1657372877.098715 20.72734375 53.604612280356704 990.714323306539 0 1 1 0 1 1 255 66 12 2 0 0 
1657372882.2318642 20.732421875 53.60489536782374 990.6786765572294 0 1 1 0 1 1 255 66 12 2 0 0 
1657372887.3646076 20.7220703125 53.5989895057183 990.6739120106575 0 1 1 0 1 1 255 66 12 2 0 0 
1657372892.495026 20.7220703125 53.55736617530796 990.6876691239872 0 1 1 0 1 1 255 66 12 2 0 0 
1657372897.6254294 20.7068359375 53.846738228104385 990.7162935667362 0 1 1 0 1 1 198 57 10 2 0 0 
1657372902.755818 20.72734375 53.78768471451456 990.6876691239872 0 1 1 0 1 1 198 57 10 2 0 0 
1657372907.886251 20.72734375 53.64609410344427 990.7160071114089 0 1 1 0 1 1 198 57 10 2 0 0 
1657372913.0166836 20.7169921875 53.734392627263446 990.6753089235187 0 1 1 0 1 1 192 55 8 0 0 0 
1657372918.1470344 20.7169921875 53.675337832736595 990.7196611495658 0 1 1 0 1 1 192 55 8 0 0 0 
1657372923.277457 20.72734375 53.457245726755254 990.7190881835911 1 2 2 1 2 2 282 82 19 0 0 0 
1657372928.4078434 20.72734375 53.54555454610276 990.7210585264382 1 2 2 1 2 2 282 82 19 0 0 0 
1657372933.5382738 20.7169921875 53.76391963849938 990.7401528083507 1 2 2 1 2 2 282 82 19 0 0 0 
1657372938.6687293 20.7068359375 53.58647096381378 990.7196611495658 1 2 2 1 2 2 267 77 19 0 0 0 
1657372943.8007019 20.7119140625 53.72272466057379 990.7286525000085 1 2 2 1 2 2 267 77 19 0 0 0 
1657372948.9349782 20.7220703125 53.728630171494466 990.7081610244571 1 2 2 1 2 2 267 77 19 0 0 0 
1657372954.066632 20.72734375 53.69938776142133 990.6893529141773 1 2 2 1 2 2 282 79 26 0 0 0 
1657372959.200533 20.7119140625 53.79315892048515 990.7337037944673 1 2 2 1 2 2 282 79 26 0 0 0 
1657372964.3311665 20.7220703125 53.76406302083816 990.7011394474675 1 2 2 1 2 2 282 79 26 0 0 0 
1657372969.4656613 20.72734375 53.52769634276534 990.6980583611075 1 2 2 1 2 2 291 82 30 0 0 0 
1657372974.5999942 20.7169921875 53.5397895226336 990.7109556970092 1 2 2 1 2 2 291 82 30 0 0 0 
1657372979.7342684 20.7119140625 53.74634664249067 990.7252849707193 1 2 2 1 2 2 291 82 30 0 0 0 
1657372984.8685863 20.7068359375 53.569177763335965 990.7353875594267 1 2 2 1 2 2 270 75 28 0 0 0 
1657372990.0026557 20.7068359375 53.48621535210001 990.6851610253833 1 2 2 1 2 2 270 75 28 0 0 0 
1657372995.1367066 20.6966796875 53.68686383197407 990.6854473001348 1 2 2 1 2 2 270 75 28 0 0 0 
1657373000.270417 20.6865234375 53.816347499896786 990.6879891622418 0 1 1 0 1 1 228 63 26 0 0 0 
1657373005.4039755 20.6865234375 53.72201000368979 990.72306112835 0 1 1 0 1 1 186 47 15 0 0 0 
1657373010.5368805 20.6966796875 53.55694308350131 990.7309081915731 0 0 0 0 0 0 174 45 11 0 0 0 
1657373015.6702666 20.6916015625 53.79877645547726 990.7045403204396 0 0 0 0 0 0 174 45 11 0 0 0 
1657373020.8044734 20.7169921875 53.85278790683571 990.7098448019268 0 0 0 0 0 0 174 45 11 0 0 0 
1657373025.9373238 20.7068359375 53.72820120714287 990.7039683978961 0 0 0 0 0 0 153 45 11 0 0 0 
1657373031.0715952 20.6916015625 53.89340076450083 990.727826542589 0 0 0 0 0 0 153 45 11 0 0 0 
1657373036.2057843 20.6966796875 53.62738394520957 990.7311939906583 0 0 0 0 0 0 153 45 11 0 0 0 
1657373041.339961 20.6814453125 53.780624801147475 990.7152138999052 0 0 0 0 0 0 144 42 9 0 0 0 
1657373046.473796 20.6763671875 53.67433546352929 990.743836516346 0 0 0 0 0 0 144 42 9 0 0 0 
1657373051.6082883 20.6611328125 53.9102391399113 990.7707754679399 0 0 0 0 0 0 144 42 9 0 0 0 
1657373056.7426455 20.6662109375 53.78638592778392 990.7676931741761 0 0 0 0 0 0 144 42 9 0 0 0 
1657373061.8772266 20.6662109375 53.768527956063714 990.7113043436458 0 0 0 0 0 0 144 42 9 0 0 0 
1657373067.0109355 20.6458984375 54.01032164779249 990.7368436713401 0 0 0 0 0 0 144 42 9 0 0 0 
1657373072.1445916 20.6458984375 53.99822079507623 990.765749705112 0 0 0 0 0 0 96 28 2 0 0 0 
1657373077.2781847 20.6408203125 53.84456663278342 990.750853478263 0 0 0 0 0 0 96 28 2 0 0 0 
1657373082.411098 20.6306640625 53.98612039805967 990.7747076943632 0 0 0 0 0 0 96 28 2 0 0 0 
1657373087.5438251 20.6255859375 54.03320517290252 990.7460871414386 0 0 0 0 0 0 138 40 2 0 0 0 
1657373092.6783204 20.6255859375 53.80885255923012 990.7564727080746 0 0 0 0 0 0 138 40 2 0 0 0 
1657373097.8125582 20.6255859375 53.920885335553244 990.7749917425313 0 0 0 0 0 0 144 44 2 0 0 0 
1657373102.9467914 20.6255859375 53.920885335553244 990.7503066904195 0 0 0 0 0 0 144 44 2 0 0 0 
1657373108.0793421 20.6255859375 54.08619186434162 990.7679734447972 0 0 0 0 0 0 144 44 2 0 0 0 
1657373113.2132218 20.6205078125 54.02110442992018 990.7547891599072 1 1 1 1 1 1 180 56 4 0 0 0 
1657373118.3467386 20.6306640625 54.11600525749469 990.7460871414386 1 1 1 1 1 1 180 56 4 0 0 0 
1657373123.4803061 20.6255859375 53.97402045674816 990.8094946675781 1 1 1 1 1 1 180 56 4 0 0 0 
1657373128.613718 20.6255859375 53.87379826497854 990.7393528966302 1 1 1 1 1 1 207 65 4 0 0 0 
1657373133.748343 20.6357421875 53.808996654046545 990.7708005156139 1 1 1 1 1 1 207 65 4 0 0 0 
1657373138.8804994 20.6408203125 53.90951314417282 990.7623824984606 1 1 1 1 1 1 207 65 4 0 0 0 
1657373144.014939 20.6357421875 53.81490092805945 990.7741677229651 1 1 1 1 1 1 222 67 4 0 0 0 
1657373149.1471386 20.6458984375 54.03335183230488 990.7994217870187 1 1 1 1 1 1 222 67 4 0 0 0 
1657373154.2782788 20.6458984375 54.009882576212206 990.8094946675781 1 1 1 1 1 1 222 67 4 0 0 0 
1657373159.4117818 20.6357421875 53.8504709125453 990.782557218613 1 1 1 1 1 1 234 69 4 0 0 0 
1657373164.5440085 20.6458984375 53.968700242269946 990.8044726017184 1 1 1 1 1 1 234 69 4 0 0 0 
1657373169.674793 20.6408203125 53.992024363357125 990.7710563846396 0 1 1 0 1 1 204 61 17 0 0 0 
1657373174.8069065 20.6357421875 53.974312436593216 990.758986965461 0 1 1 0 1 1 204 61 17 0 0 0 
1657373179.942315 20.6408203125 54.015786567833054 990.7727399606258 0 1 1 0 1 1 204 61 17 0 0 0 
1657373185.0758717 20.6357421875 53.84442214376626 990.7660056571009 0 1 1 0 1 1 210 63 17 0 0 0 
1657373190.21075 20.6357421875 54.11600525749469 990.7573316890083 0 1 1 0 1 1 210 63 17 0 0 0 
1657373195.3426812 20.6458984375 53.84442214376626 990.785924398754 0 1 1 0 1 1 210 63 17 0 0 0 
1657373200.47416 20.6357421875 53.97475032568875 990.7511378257798 0 1 1 0 1 1 180 56 15 0 0 0 
1657373205.6002667 20.6255859375 53.78537945508978 990.7727399606258 0 1 1 0 1 1 180 56 15 0 0 0 
1657373210.7298517 20.6255859375 53.85623055801537 990.811462227617 0 1 1 0 1 1 180 56 15 0 0 0 
1657373215.8636553 20.6408203125 53.85623055801537 990.7929428779165 0 1 1 0 1 1 186 58 15 0 0 0 
1657373220.9969532 20.6306640625 53.96840844042421 990.782557218613 0 1 1 0 1 1 186 58 15 0 0 0 
1657373226.1292534 20.6306640625 54.021250975865186 990.8002449849783 0 1 1 0 1 1 186 58 15 0 0 0 
1657373231.26129 20.6255859375 54.19806240569257 990.8235310371934 0 1 1 0 1 1 201 63 15 0 0 0 
1657373236.388443 20.6255859375 53.92664381291464 990.8066953950884 0 1 1 0 1 1 201 63 15 0 0 0 
1657373241.519714 20.6205078125 53.9385971352286 990.7985614349923 0 1 1 0 1 1 201 63 15 0 0 0 
1657373246.6529865 20.6255859375 53.93269321229352 990.7867765870476 0 0 0 0 0 0 195 60 15 0 0 0 
1657373251.786229 20.6205078125 53.89741457654233 990.7679734447972 0 0 0 0 0 0 165 55 14 2 0 0 
1657373256.9193842 20.6357421875 53.95645463513228 990.8050118312625 0 0 0 0 0 0 156 50 14 2 0 0 
1657373262.0525124 20.6306640625 54.115857653330835 990.8117460869852 0 0 0 0 0 0 156 50 14 2 0 0 
1657373267.1868558 20.6255859375 54.26905101657526 990.7789265541821 0 1 1 0 1 1 156 50 14 2 0 0 
1657373272.3212924 20.6103515625 54.20986904525789 990.8308323878823 0 1 1 0 1 1 186 60 14 2 0 0 
1657373277.4551888 20.6154296875 54.1329773027486 990.8148472374924 0 1 1 0 1 1 186 60 14 2 0 0 
1657373282.5895557 20.6103515625 53.99143955080265 990.8210146258559 0 1 1 0 1 1 186 60 14 2 0 0 
1657373287.7230582 20.6103515625 54.056379520562786 990.8120298368408 1 1 2 1 1 2 219 69 14 2 0 0 
1657373292.855668 20.6255859375 54.150983477163635 990.8151132152664 1 1 2 1 1 2 219 69 14 2 0 0 
1657373297.9900515 20.6306640625 54.00944340782618 990.7817259389781 1 1 2 1 1 2 219 69 14 2 0 0 
1657373303.123872 20.6255859375 54.03305850274401 990.828865345448 1 1 2 1 1 2 234 74 18 2 0 0 
1657373308.25755 20.6205078125 54.0447191725793 990.8173640883546 1 1 2 1 1 2 234 74 18 2 0 0 
1657373313.3903177 20.6103515625 54.19260457921319 990.8355995508499 1 1 2 1 1 2 234 74 18 2 0 0 
1657373318.523808 20.6103515625 54.244990442811876 990.8193311021495 1 1 2 1 1 2 243 77 20 2 0 0 
1657373323.6575024 20.6205078125 54.150835435848485 990.8156805512283 1 1 2 1 1 2 243 77 20 2 0 0 
1657373328.790898 20.6205078125 54.11541477630346 990.825498243167 1 1 2 1 1 2 243 77 20 2 0 0 
1657373333.925178 20.6205078125 54.09165342022124 990.8327992937599 0 1 1 0 1 1 237 72 23 0 0 0 
1657373339.0595262 20.6103515625 53.973728433878 990.8692705946496 0 1 1 0 1 1 237 72 23 0 0 0 
1657373344.1938484 20.6103515625 54.068186654027485 990.8294322454375 0 1 1 0 1 1 243 72 23 0 0 0 
1657373349.3278968 20.6103515625 53.932547678651034 990.789311298563 0 1 1 0 1 1 243 72 23 0 0 0 
1657373354.4622746 20.6154296875 54.097704307621754 990.842333757371 0 1 1 0 1 1 243 72 23 0 0 0 
1657373359.5957093 20.6154296875 53.97358240630851 990.834482818026 0 1 1 0 1 1 228 67 21 0 0 0 
1657373364.729258 20.6205078125 54.15688695188737 990.8558021737715 0 1 1 0 1 1 228 67 21 0 0 0 
1657373369.8623376 20.6154296875 53.99734323586506 990.8055793299405 0 1 1 0 1 1 228 67 21 0 0 0 
1657373374.9953763 20.6103515625 54.09180079748204 990.7811773246355 0 1 1 0 1 1 213 64 19 0 0 0 
1657373380.1296816 20.6052734375 54.209571580786815 990.8294322454375 0 1 1 0 1 1 213 64 19 0 0 0 
1657373385.2640133 20.5951171875 54.144340015415175 990.8280320206773 0 1 1 0 1 1 213 64 19 0 0 0 
1657373390.3983731 20.6001953125 53.99690431105044 990.8403826758753 0 1 1 0 1 1 225 69 15 0 0 0 
1657373395.5321815 20.5849609375 54.08530797340263 990.812046567228 0 1 1 0 1 1 225 69 15 0 0 0 
1657373400.666326 20.5900390625 54.055203440485315 990.8311303173693 0 1 1 0 1 1 225 69 15 0 0 0 
1657373405.8001204 20.5798828125 54.01978503238716 990.8213123723418 0 1 1 0 1 1 210 64 15 0 0 0 
1657373410.9338825 20.5798828125 54.1027225727835 990.8513316352129 0 1 1 0 1 1 210 64 15 0 0 0 
1657373416.0681202 20.5748046875 54.02554140513111 990.833378881052 0 0 1 0 0 1 240 76 21 2 2 0 
1657373421.2017493 20.5646484375 54.33263482394686 990.8159793355974 0 0 1 0 0 1 240 76 21 2 2 0 
1657373426.3353794 20.5748046875 54.22078231145593 990.8384291284217 0 0 1 0 0 1 240 76 21 2 2 0 
1657373431.468299 20.5646484375 54.10257499602276 990.8569467074965 0 1 2 0 1 2 240 76 21 2 2 0 
1657373436.600964 20.5697265625 54.303121927189416 990.819911557811 0 1 2 0 1 2 240 76 21 2 2 0 
1657373441.734473 20.5798828125 54.0966719685453 990.8412309750321 0 1 2 0 1 2 240 76 21 2 2 0 
1657373446.868244 20.5849609375 54.00827181885729 990.8378640888645 0 1 2 0 1 2 234 76 21 2 2 0 
1657373452.0013578 20.5951171875 54.24469212559684 990.8555340331982 0 1 2 0 1 2 234 76 21 2 2 0 
1657373457.1356566 20.5951171875 54.1503912473677 990.8473994334048 0 1 2 0 1 2 234 76 21 2 2 0 
1657373462.2698317 20.5900390625 54.321580009430974 990.8603016642368 0 1 2 0 1 2 219 69 14 2 2 0 
1657373467.4041321 20.6052734375 54.19141634079677 990.8221473829877 0 1 2 0 1 2 219 69 14 2 2 0 
1657373472.5333304 20.5951171875 54.02627490252748 990.8488000959105 0 1 2 0 1 2 219 69 14 2 2 0 
1657373477.6671731 20.6001953125 53.97314425906234 990.8201808749258 0 1 2 0 1 2 219 69 12 2 2 0 
1657373482.80093 20.5951171875 54.16190119733701 990.8126124515286 0 1 2 0 1 2 219 69 12 2 2 0 
1657373487.934531 20.5951171875 53.97933994894025 990.8266317136033 0 1 2 0 1 2 219 69 12 2 2 0 
1657373493.0681803 20.5900390625 54.26815451005054 990.8072791978675 0 0 0 0 0 0 135 43 12 0 0 0 
1657373498.2010875 20.5951171875 54.23288614931663 990.8238308525257 1 2 2 1 2 2 318 90 23 0 0 0 
1657373503.3347838 20.6052734375 54.36895354294024 990.8255143221339 1 2 2 1 2 2 318 90 25 0 0 0 
1657373508.4687064 20.5951171875 54.0912112239027 990.8370157083508 1 2 2 1 2 2 318 90 25 0 0 0 
1657373513.6029797 20.6001953125 53.99690431105044 990.8030627648094 1 2 2 1 2 2 318 90 25 0 0 0 
1657373518.7366035 20.6052734375 53.99675798126644 990.8083964956905 1 2 2 1 2 2 309 85 21 0 0 0 
1657373523.8698516 20.6001953125 54.26815451005054 990.8235478410512 1 2 2 1 2 2 309 85 21 0 0 0 
1657373529.0041323 20.6001953125 54.221080131881905 990.8704026548835 1 2 2 1 2 2 309 85 21 0 0 0 
1657373534.1378632 20.6103515625 54.02656822619285 990.8308475791196 1 2 2 1 2 2 303 85 23 0 0 0 
1657373539.2717412 20.5951171875 54.04413180148459 990.8055957425884 1 2 2 1 2 2 303 85 23 0 0 0 
1657373544.4054167 20.5951171875 54.29176590463107 990.8356151412513 1 2 2 1 2 2 303 85 23 0 0 0 
1657373549.5397544 20.6001953125 54.103017694036964 990.8473994334048 1 2 2 1 2 2 267 78 23 0 0 0 
1657373554.6734524 20.5951171875 54.209274073292676 990.8117634608366 1 2 2 1 2 2 267 78 23 0 0 0 
1657373559.8078754 20.5951171875 54.23288614931663 990.8471166117637 1 2 2 1 2 2 267 78 23 0 0 0 
1657373564.9416664 20.6001953125 54.26210224776075 990.8016625662381 1 2 2 1 2 2 309 87 25 0 0 0 
1657373570.0756514 20.5900390625 54.05549752504131 990.8288812615599 1 2 2 1 2 2 309 87 25 0 0 0 
1657373575.209318 20.5849609375 54.37425381941415 990.8594663462156 0 1 1 0 1 1 309 87 25 0 0 0 
1657373580.342952 20.5900390625 54.25605009937772 990.8608672000629 0 2 2 0 2 2 252 75 19 2 0 0 
1657373585.4762332 20.6052734375 54.26225163568444 990.8437496436796 0 2 2 0 2 2 252 75 19 2 0 0 
1657373590.6098652 20.5900390625 54.23288614931663 990.8743349711982 0 2 2 0 2 2 258 77 17 2 0 0 
1657373595.7441483 20.5798828125 54.32703255771254 990.8417959603513 0 2 2 0 2 2 258 77 17 2 0 0 
1657373600.877638 20.5798828125 54.01978503238716 990.8499306712802 0 2 2 0 2 2 258 77 17 2 0 0 
1657373606.0118551 20.5697265625 53.99617255456809 990.8748998520949 1 2 2 1 2 2 300 91 19 2 0 0 
1657373611.1456566 20.51875 54.30902452711627 990.841513522435 1 2 2 1 2 2 300 91 19 2 0 0 
1657373616.2798927 20.5798828125 54.244095362098435 990.8350622967721 1 2 2 1 2 2 300 91 19 2 0 0 
1657373621.413562 20.5849609375 54.138288897378175 990.8412309750321 1 2 2 1 2 2 288 87 15 2 0 0 
1657373626.5476172 20.6001953125 54.12087506901041 990.8319652575888 1 2 2 1 2 2 288 87 15 2 0 0 
1657373631.6811705 20.5951171875 54.197467973548946 990.8117634608366 1 2 2 1 2 2 288 87 15 2 0 0 
1657373636.8148549 20.5900390625 54.24469212559684 990.838699192078 1 1 1 1 1 1 267 80 8 0 0 0 
1657373641.947785 20.5951171875 54.315077133458296 990.8305647313778 1 1 1 1 1 1 267 80 8 0 0 0 
1657373647.081218 20.5951171875 54.13843685751274 990.8659176137141 0 0 0 0 0 0 267 80 8 0 0 0 
1657373652.2149386 20.5849609375 54.07925742729381 990.8471166117637 0 0 0 0 0 0 231 77 10 0 0 0 
1657373657.3587933 20.5900390625 54.22093122704678 990.812046567228 0 0 0 0 0 0 231 77 10 0 0 0 
1657373662.4922655 20.6052734375 54.1503912473677 990.8454331276865 0 1 1 0 1 1 240 73 6 0 0 0 
1657373667.625834 20.5951171875 54.29191561917268 990.8720861535694 0 1 1 0 1 1 240 73 6 0 0 0 
1657373672.758549 20.6154296875 53.94996770963791 990.8333657014914 0 1 1 0 1 1 240 73 6 0 0 0 
1657373677.8914132 20.6052734375 54.245139585285855 990.851884173955 0 1 2 0 1 2 240 73 8 2 2 2 
1657373683.024552 20.6154296875 54.1329773027486 990.8462674898477 0 1 2 0 1 2 240 73 8 2 2 2 
1657373688.158598 20.6154296875 54.32808324281009 990.8308323878823 0 1 2 0 1 2 240 73 8 2 2 2 
1657373693.2916772 20.6052734375 54.1685456267118 990.8151304262625 0 1 2 0 1 2 225 68 6 2 2 2 
1657373698.4242644 20.6154296875 54.17415234835422 990.7994123529378 0 1 2 0 1 2 225 68 6 2 2 2 
1657373703.5582995 20.6205078125 54.162642240046935 990.8473844129965 0 1 2 0 1 2 225 68 6 2 2 2 
1657373708.6919644 20.6255859375 54.11556241273522 990.8729208527657 0 1 2 0 1 2 204 63 8 2 2 2 
1657373713.825742 20.6103515625 54.09740940737997 990.838416193142 0 1 2 0 1 2 204 63 8 2 2 2 
1657373718.9607663 20.6052734375 54.10360780747189 990.8532846854722 0 1 2 0 1 2 204 63 8 2 2 2 
1657373724.095727 20.6205078125 53.99734323586506 990.84991766259 0 1 2 0 1 2 204 61 8 2 2 2 
1657373729.2311122 20.6052734375 54.20972031840023 990.8280320206773 0 1 2 0 1 2 204 61 8 2 2 2 
1657373734.3656685 20.6103515625 54.056379520562786 990.8866721049756 0 1 2 0 1 2 204 61 8 2 2 2 
1657373739.5004654 20.6154296875 54.245139585285855 990.851318064535 0 1 2 0 1 2 162 52 10 4 2 2 
1657373744.6356382 20.6205078125 54.097704307621754 990.8661866954461 0 1 1 0 1 1 216 63 6 2 0 0 
1657373749.7700713 20.6154296875 54.22757892743408 990.8429004404061 0 1 1 0 1 1 195 59 6 2 0 0 
1657373754.9057536 20.6154296875 54.162790416321315 990.8462674898477 0 1 1 0 1 1 195 59 6 2 0 0 
1657373760.040479 20.6255859375 54.15113150772288 990.8493513070441 0 0 0 0 0 0 195 59 6 2 0 0 
1657373765.1748137 20.6306640625 54.1747456147966 990.8653367476077 0 0 0 0 0 0 204 59 10 2 0 0 
1657373770.3087707 20.6408203125 54.234078080419316 990.872071067644 0 0 0 0 0 0 204 59 10 2 0 0 
1657373775.4430633 20.6357421875 53.99763579862701 990.8737546478279 0 0 0 0 0 0 204 59 10 2 0 0 
1657373780.57738 20.6255859375 54.13356863673479 990.8268981664542 0 0 0 0 0 0 183 54 10 0 0 0 
1657373785.711497 20.6205078125 54.198508116864495 990.8521516448287 0 0 0 0 0 0 183 54 10 0 0 0 
1657373790.8456354 20.6205078125 54.03305850274401 990.8518681108935 0 0 0 0 0 0 183 54 10 0 0 0 
1657373795.9767082 20.6205078125 54.12751723600847 990.8341994634641 0 0 0 0 0 0 162 45 10 0 0 0 
1657373801.111103 20.6306640625 54.13947227728889 990.8358830013598 0 0 0 0 0 0 162 45 10 0 0 0 
1657373806.2450767 20.6154296875 54.09799916483951 990.8507515170967 0 0 0 0 0 0 162 45 10 0 0 0 
1657373811.3799183 20.6154296875 54.21577234960619 990.8479510146736 0 1 1 0 1 1 189 45 12 0 0 0 
1657373816.5135362 20.6103515625 54.22757892743408 990.8364495738599 0 1 1 0 1 1 189 45 12 0 0 0 
1657373821.6453073 20.6154296875 54.17444900308709 990.8692705946496 0 1 1 0 1 1 189 45 12 0 0 0 
1657373826.7789385 20.6154296875 54.0799937463339 990.7935284115426 0 0 0 0 0 0 168 47 6 0 0 0 
1657373831.9102411 20.6154296875 54.13282944236222 990.8277487213812 0 0 0 0 0 0 168 47 6 0 0 0 
1657373837.039985 20.6052734375 54.22742999814505 990.8443006918876 0 1 1 0 1 1 204 56 6 0 0 0 
1657373842.1696553 20.6103515625 54.20366840110413 990.8586181660405 0 1 1 0 1 1 204 56 6 0 0 0 
1657373847.3005714 20.6103515625 54.16234585523057 990.8196144692432 0 1 1 0 1 1 204 56 6 0 0 0 
1657373852.4291036 20.6001953125 54.28070801832587 990.851884173955 0 1 2 0 1 2 219 61 8 2 2 2 
1657373857.561362 20.6255859375 54.09799916483951 990.8406502056357 0 1 2 0 1 2 219 61 8 2 2 2 
1657373862.692518 20.6255859375 54.25149032573648 990.855518776468 0 1 2 0 1 2 219 61 8 2 2 2 
1657373867.8213086 20.6306640625 54.28115656350349 990.8574857261365 0 1 2 0 1 2 204 58 6 2 2 2 
1657373872.95501 20.6255859375 54.21001776135978 990.8552352696523 0 1 2 0 1 2 204 58 6 2 2 2 
