timestamp temperature humidity pressure pm10_standard pm25_standard pm100_standard pm10_env pm25_env pm100_env particles_03um particles_05um particles_10um particles_25um particles_50um particles_100um
1657562356.980884 20.36640625 59.56772899523037 984.7887234826554 1 2 2 1 2 2 318 85 13 2 0 0 
1657562362.1153271 20.361328125 59.419829627094295 984.7641380521263 1 1 1 1 1 1 291 89 10 0 0 0 
1657562367.2491534 20.351171875 59.72571448191051 984.7402552642909 1 1 1 1 1 1 291 89 10 0 0 0 
1657562372.382571 20.361328125 59.720036639256726 984.7688591091307 1 1 1 1 1 1 291 89 10 0 0 0 
1657562377.516032 20.361328125 59.56120676046243 984.7520333156019 1 2 2 1 2 2 261 79 10 2 0 0 
1657562382.6495116 20.351171875 59.684271114278125 984.7372170060594 1 2 2 1 2 2 261 79 10 2 0 0 
1657562387.783467 20.351171875 59.50735137016041 984.7526867594777 1 2 2 1 2 2 261 79 10 2 0 0 
1657562392.915959 20.341015625 59.81952887833996 984.7543693114075 0 1 1 0 1 1 240 72 8 2 0 0 
1657562398.049481 20.3306640625 59.60138566089432 984.753666104359 0 1 1 0 1 1 240 72 8 2 0 0 
1657562403.1828263 20.3357421875 59.71897487803856 984.7603961498468 0 1 1 0 1 1 240 72 8 2 0 0 
1657562408.317285 20.3255859375 59.55973300672794 984.7553486156262 0 1 1 0 1 1 225 67 6 2 0 0 
1657562413.4514508 20.3357421875 59.860329746985315 984.7654436846968 0 1 1 0 1 1 225 67 6 2 0 0 
1657562418.58515 20.3306640625 59.84266071207174 984.7869902752262 0 1 1 0 1 1 225 67 6 2 0 0 
1657562423.7193944 20.3357421875 59.684059165574254 984.7449271424613 1 1 1 1 1 1 234 72 6 2 0 0 
1657562428.8502595 20.3306640625 59.78943986087597 984.7570311269633 1 1 1 1 1 1 234 72 6 2 0 0 
1657562433.9841397 20.341015625 59.81952887833996 984.7620786613936 1 1 1 1 1 1 234 72 6 2 0 0 
1657562439.1180818 20.3306640625 59.83698473201915 984.743571038224 1 1 1 1 1 1 234 72 6 2 0 0 
1657562444.2522726 20.3255859375 59.600752542952506 984.7492710016311 1 1 1 1 1 1 198 63 14 0 0 0 
1657562449.3856964 20.3205078125 59.71897487803856 984.7543184536884 1 1 1 1 1 1 189 63 14 0 0 0 
1657562454.5196166 20.3255859375 59.689313153776645 984.7324461659837 1 1 1 1 1 1 189 63 14 0 0 0 
1657562459.6535556 20.3255859375 59.84244691527119 984.7637611730103 1 1 1 1 1 1 189 63 14 0 0 0 
1657562464.7864432 20.341015625 59.75431415019772 984.7570311269633 1 1 1 1 1 1 204 68 14 0 0 0 
1657562469.9197237 20.3255859375 59.713084963378165 984.7688087082795 1 1 1 1 1 1 204 68 14 0 0 0 
1657562475.050219 20.3357421875 59.68384720612524 984.7533397655195 1 1 1 1 1 1 204 68 14 0 0 0 
1657562480.183833 20.3357421875 59.5660443820578 984.7385235061001 1 1 1 1 1 1 240 80 16 0 0 0 
1657562485.3169825 20.341015625 59.78986623319619 984.7681561651226 1 1 1 1 1 1 240 80 16 0 0 0 
1657562490.450337 20.34609375 59.66049866058008 984.7614260098031 1 1 1 1 1 1 240 80 16 0 0 0 
1657562495.583848 20.3357421875 59.860329746985315 984.7816164791168 1 1 1 1 1 1 228 73 12 0 0 0 
1657562500.7172039 20.341015625 59.79554283347652 984.770165016878 1 1 1 1 1 1 228 73 12 0 0 0 
1657562505.851012 20.3306640625 59.68384720612524 984.7782514001988 1 1 1 1 1 1 228 73 12 0 0 0 
1657562510.9844618 20.3357421875 59.63062507911673 984.7253898833213 1 1 1 1 1 1 222 71 10 0 0 0 
1657562516.1179767 20.341015625 59.84919192833748 984.7735300679884 1 1 1 1 1 1 222 71 10 0 0 0 
1657562521.251035 20.3306640625 59.57172392862608 984.7452535490718 1 1 1 1 1 1 222 71 10 0 0 0 
1657562526.3835797 20.3255859375 59.82520516897288 984.7715212432017 0 0 0 0 0 0 228 63 6 0 0 0 
1657562531.516253 20.341015625 59.64240518589876 984.7570311269633 0 0 0 0 0 0 228 63 6 0 0 0 
1657562536.6495981 20.3357421875 59.69499091608686 984.7765688608447 0 0 0 0 0 0 198 53 8 0 0 0 
1657562541.7835033 20.3306640625 59.68342325499174 984.748618570977 0 1 1 0 1 1 198 53 8 0 0 0 
1657562546.916732 20.3255859375 59.65986355709101 984.7990939331052 0 1 1 0 1 1 198 53 8 0 0 0 
1657562552.0505905 20.341015625 59.58960527572179 984.7765688608447 0 1 1 0 1 1 189 50 8 0 0 0 
1657562557.1843987 20.34609375 59.560364679943504 984.7631085485281 0 1 1 0 1 1 189 50 8 0 0 0 
1657562562.317836 20.341015625 59.684271114278125 984.7876939821141 0 1 1 0 1 1 189 50 8 0 0 0 
1657562567.4506238 20.351171875 59.70194158688815 984.7489949615119 0 1 1 0 1 1 189 50 8 0 0 0 
1657562572.5840313 20.35625 59.754952449757525 984.7870408885949 0 1 1 0 1 1 189 50 8 0 0 0 
1657562577.717498 20.351171875 59.57824633625547 984.774559940017 0 1 1 0 1 1 189 50 8 0 0 0 
1657562582.8509212 20.35625 59.74317232994812 984.7725508826921 0 0 0 0 0 0 180 45 8 0 0 0 
1657562587.983377 20.35625 59.61990097552383 984.7907326511684 0 0 0 0 0 0 180 45 8 0 0 0 
1657562593.1166377 20.34609375 59.613588298903494 984.7779250457638 0 0 0 0 0 0 180 45 8 0 0 0 
1657562598.2497122 20.3357421875 59.62515759478439 984.7466096669331 0 1 1 0 1 1 216 59 10 0 0 0 
1657562603.3831053 20.35625 59.62515759478439 984.7324961417725 0 1 1 0 1 1 216 59 10 0 0 0 
1657562608.5158608 20.34609375 59.59023789339065 984.7523600922702 0 1 1 0 1 1 261 70 6 0 0 0 
1657562613.6496649 20.351171875 59.69037328730779 984.7610995198255 0 1 1 0 1 1 261 70 6 0 0 0 
1657562618.7838132 20.341015625 59.53722383534498 984.7540426577542 0 1 1 0 1 1 261 70 6 0 0 0 
1657562623.9172263 20.351171875 59.66071034025271 984.7257659381075 0 1 1 0 1 1 246 65 6 0 0 0 
1657562629.051201 20.341015625 59.73139216903052 984.7358612440244 0 1 1 0 1 1 246 65 6 0 0 0 
1657562634.1850548 20.3357421875 59.81910185498487 984.7533397655195 0 0 0 0 0 0 246 65 6 0 0 0 
1657562639.3185196 20.3205078125 59.72486478242261 984.7354848635182 0 0 0 0 0 0 246 63 6 0 0 0 
1657562644.451987 20.3255859375 59.87189491916037 984.7590398270966 0 0 0 0 0 0 246 63 6 0 0 0 
1657562649.5859723 20.3255859375 59.67164342659358 984.7492710016311 0 1 1 0 1 1 246 63 6 0 0 0 
1657562654.71921 20.3255859375 59.81299865447936 984.7519835931618 0 1 1 0 1 1 240 61 6 0 0 0 
1657562659.852509 20.3205078125 59.7707055477374 984.7596918762066 0 1 1 0 1 1 240 61 6 0 0 0 
1657562664.9861763 20.3205078125 59.68321126330724 984.7745082682071 0 1 1 0 1 1 240 61 6 0 0 0 
1657562670.1195443 20.3154296875 59.706770527762984 984.7563269347875 0 1 1 0 1 1 255 68 8 0 0 0 
1657562675.252375 20.3103515625 59.75388856343268 984.7667475660563 0 1 1 0 1 1 255 68 8 0 0 0 
1657562680.3858404 20.3205078125 59.90091369531637 984.7660958442677 0 1 1 0 1 1 255 68 8 0 0 0 
1657562685.5196304 20.3205078125 59.836343543370646 984.778199059009 0 1 1 0 1 1 240 61 10 0 0 0 
1657562690.6530352 20.3205078125 59.847908776263885 984.7482405377306 0 1 1 0 1 1 279 71 12 0 0 0 
1657562695.787022 20.3205078125 59.81257170115869 984.7825948043741 0 1 1 0 1 1 285 73 14 0 0 0 
1657562700.9204113 20.3103515625 59.60054148214797 984.761700193856 0 1 1 0 1 1 285 73 14 0 0 0 
1657562706.0529315 20.3205078125 59.712023269812526 984.7967062502686 0 1 1 0 1 1 285 73 14 0 0 0 
1657562711.184557 20.3103515625 59.800792593918544 984.7734773966351 0 1 1 0 1 1 291 75 14 0 0 0 
1657562716.3163364 20.3052734375 59.90048468150669 984.7684300235961 0 1 1 0 1 1 291 75 14 0 0 0 
1657562721.4490812 20.3103515625 59.6356693016811 984.7818896864311 0 1 1 0 1 1 291 75 14 0 0 0 
1657562726.5819364 20.3103515625 59.853370314998735 984.7933413057741 0 1 1 0 1 1 318 75 14 0 0 0 
1657562731.7146428 20.3154296875 59.83591603054717 984.7714691733752 0 1 1 0 1 1 318 75 14 0 0 0 
1657562736.8470266 20.3255859375 59.83655728366504 984.7711432984216 0 1 1 0 1 1 318 75 14 0 0 0 
1657562741.9788353 20.3205078125 59.9364647398892 984.8014280365553 1 1 1 1 1 1 339 84 12 0 0 0 
1657562747.1106124 20.3205078125 59.69499091608686 984.7862856646577 1 1 1 1 1 1 339 84 12 0 0 0 
1657562752.2425747 20.3154296875 59.83024028495164 984.7644133596895 1 1 1 1 1 1 339 84 12 0 0 0 
1657562757.3757424 20.3205078125 59.62999092003889 984.7930156070245 0 1 1 0 1 1 297 75 8 0 0 0 
1657562762.5075197 20.3205078125 59.71833769236652 984.8075064995757 0 1 1 0 1 1 297 75 8 0 0 0 
1657562767.641081 20.3052734375 60.02502039811327 984.8014280365553 0 1 1 0 1 1 297 75 8 0 0 0 
1657562772.7734 20.3052734375 59.894809866684845 984.7687557067743 1 2 2 1 2 2 312 88 20 2 0 0 
1657562777.9037745 20.2951171875 59.90027015848467 984.7620259312505 1 2 2 1 2 2 312 88 20 2 0 0 
1657562783.034188 20.3052734375 59.87082409272649 984.7805328166318 1 2 2 1 2 2 312 85 16 2 0 0 
1657562788.1646404 20.3052734375 59.87649082048979 984.8091343834004 1 2 2 1 2 2 312 85 16 2 0 0 
1657562793.2949893 20.2951171875 59.75303726096213 984.8060947676946 1 2 2 1 2 2 312 85 16 2 0 0 
1657562798.425446 20.2951171875 59.8592596467753 984.7872625952309 1 1 1 1 1 1 285 76 14 2 0 0 
1657562803.5558197 20.3052734375 59.788800221808344 984.8091343834004 1 1 1 1 1 1 285 76 14 2 0 0 
1657562808.686267 20.3052734375 59.91793767464046 984.8256336215368 1 1 1 1 1 1 285 76 14 2 0 0 
1657562813.8167095 20.3103515625 59.82413714001485 984.8007221557834 1 2 2 1 2 2 300 83 18 2 0 0 
1657562818.9470007 20.3103515625 59.9065885106076 984.7987142712652 1 2 2 1 2 2 300 83 18 2 0 0 
1657562824.0774193 20.3052734375 59.83002659041871 984.7855801504761 1 2 2 1 2 2 300 83 18 2 0 0 
1657562829.2079604 20.3052734375 59.74168375544403 984.8020791890705 1 2 2 1 2 2 285 79 18 2 0 0 
1657562834.3411803 20.3154296875 59.853798252816695 984.8098404678334 1 2 2 1 2 2 285 79 18 2 0 0 
1657562839.4687183 20.3103515625 59.8657912623875 984.7667475660563 1 2 2 1 2 2 285 79 18 2 0 0 
1657562844.599041 20.3205078125 59.9065885106076 984.7953493537392 1 2 2 1 2 2 291 83 18 2 0 0 
1657562849.7327507 20.3154296875 59.848122661805 984.7957289070062 1 2 2 1 2 2 291 83 18 2 0 0 
1657562854.8647 20.3205078125 59.87735605627161 984.7899763615592 0 1 1 0 1 1 255 76 14 0 0 0 
1657562859.9984074 20.3154296875 59.81257170115869 984.7933413057741 0 1 1 0 1 1 255 76 14 0 0 0 
1657562865.128818 20.3103515625 59.75999113765936 984.8098404678334 0 1 1 0 1 1 255 76 14 0 0 0 
1657562870.258788 20.3154296875 59.7658809028549 984.7930156070245 0 2 2 0 2 2 249 74 18 2 0 0 
1657562875.3897154 20.3205078125 59.75410136218772 984.8078322952309 0 2 2 0 2 2 249 74 18 2 0 0 
1657562880.5238693 20.3255859375 59.67753334593071 984.8128797952893 0 2 2 0 2 2 249 74 18 2 0 0 
1657562885.6549585 20.3205078125 59.72443986820815 984.7717949388856 0 2 2 0 2 2 249 74 20 2 0 0 
1657562890.7869947 20.3255859375 59.818674788650085 984.784603179241 0 2 2 0 2 2 249 74 20 2 0 0 
1657562895.9191515 20.3103515625 59.75913960915165 984.8088090255203 0 2 2 0 2 2 249 74 20 2 0 0 
1657562901.0538404 20.3205078125 59.74757334970346 984.8263397985207 0 2 2 0 2 2 249 72 20 2 0 0 
1657562906.1853309 20.3103515625 59.93014567514834 984.8040870466206 0 2 2 0 2 2 249 72 20 2 0 0 
1657562911.314102 20.3052734375 59.72358991083814 984.7872625952309 0 2 2 0 2 2 249 72 20 2 0 0 
1657562916.44795 20.2951171875 59.91815239940699 984.7825407264843 0 2 2 0 2 2 255 76 22 2 0 0 
1657562921.5786374 20.2900390625 59.97638961503978 984.8013726787743 0 2 2 0 2 2 255 76 22 2 0 0 
1657562926.7122684 20.3052734375 59.905721873523284 984.8040870466206 0 2 2 0 2 2 255 76 22 2 0 0 
1657562931.8478837 20.3001953125 59.8175987194752 984.8296488226033 0 1 1 0 1 1 249 71 20 2 0 0 
1657562936.9828186 20.3205078125 59.87168077536327 984.8249828485376 0 0 0 0 0 0 210 64 4 0 0 0 
1657562942.1142328 20.3154296875 59.801432604268115 984.8132054408339 0 0 0 0 0 0 189 59 4 0 0 0 
1657562947.246164 20.3255859375 59.85401220560837 984.8286732369087 0 0 0 0 0 0 189 59 4 0 0 0 
1657562952.3811078 20.3205078125 59.68321126330724 984.8115229542987 0 0 0 0 0 0 189 59 4 0 0 0 
1657562957.5143564 20.3306640625 59.70719503844143 984.8075064995757 0 0 0 0 0 0 189 59 4 0 0 0 
1657562962.6482081 20.341015625 59.843088273438205 984.835457779828 0 0 0 0 0 0 189 59 4 0 0 0 
1657562967.7835045 20.341015625 59.66049866058008 984.8334493309533 0 0 0 0 0 0 189 59 4 0 0 0 
1657562972.918098 20.34609375 59.754952449757525 984.8169498246352 0 0 0 0 0 0 219 71 4 0 0 0 
1657562978.048457 20.34609375 59.60117463232568 984.8364884521001 0 0 0 0 0 0 219 71 4 0 0 0 
1657562983.1812844 20.351171875 59.790505711089224 984.8334493309533 0 0 0 0 0 0 219 71 4 0 0 0 
1657562988.3111167 20.34609375 59.72550207315615 984.81157611861 0 1 1 0 1 1 225 73 8 0 0 0 
1657562993.4432268 20.341015625 59.79007940323884 984.835457779828 0 1 1 0 1 1 225 73 8 0 0 0 
1657562998.5754235 20.3357421875 59.83130859644271 984.8216714459159 0 1 1 0 1 1 225 73 8 0 0 0 
1657563003.7033255 20.34609375 59.81910185498487 984.8384969970178 0 1 1 0 1 1 246 80 10 0 0 0 
1657563008.8349373 20.3357421875 59.77829954126069 984.8260141519619 0 1 1 0 1 1 246 80 10 0 0 0 
1657563013.9641185 20.341015625 59.81952887833996 984.8102196612076 0 1 1 0 1 1 246 80 10 0 0 0 
1657563019.0962188 20.3357421875 59.689313153776645 984.8021330137161 1 2 2 1 2 2 276 82 14 2 0 0 
1657563024.2307527 20.341015625 59.69583935641047 984.8455530316797 1 2 2 1 2 2 276 82 14 2 0 0 
1657563029.362994 20.34609375 59.80185922410973 984.7967593377074 0 1 1 0 1 1 261 77 16 2 0 0 
1657563034.497423 20.361328125 59.70804393085693 984.8142887865744 0 1 1 0 1 1 261 77 16 2 0 0 
1657563039.6260974 20.35625 59.69583935641047 984.8112499258023 0 1 1 0 1 1 261 77 16 2 0 0 
1657563044.757439 20.351171875 59.655031722722775 984.8230279027839 0 1 1 0 1 1 261 77 14 2 0 0 
1657563049.8885398 20.35625 59.784615650732135 984.8105972118044 1 2 2 1 2 2 261 77 14 2 0 0 
1657563055.019463 20.34609375 59.819955858715375 984.7927416831797 1 2 2 1 2 2 261 77 14 2 0 0 
1657563060.1521525 20.351171875 59.92008443879179 984.8230279027839 1 1 1 1 1 1 255 75 12 2 0 0 
1657563065.2845511 20.351171875 59.80838917006278 984.7634845790864 1 1 1 1 1 1 255 75 12 2 0 0 
1657563070.4189012 20.361328125 59.772835499186094 984.796433132369 1 1 1 1 1 1 255 75 12 2 0 0 
1657563075.5490296 20.361328125 59.63189310715074 984.8089146168351 1 1 1 1 1 1 261 78 10 2 0 0 
1657563080.678641 20.35625 59.625580136276554 984.7954538595969 1 1 1 1 1 1 261 78 10 2 0 0 
1657563085.8130684 20.341015625 59.80774911912996 984.7977893848742 0 0 0 0 0 0 261 78 10 2 0 0 
1657563090.9470327 20.361328125 59.76126810807017 984.822375378547 0 0 0 0 0 0 240 71 8 0 0 0 
1657563096.081007 20.35625 59.613588298903494 984.804519654779 0 0 0 0 0 0 240 71 8 0 0 0 
1657563101.2116075 20.361328125 59.719611967004724 984.8237315613147 1 2 2 1 2 2 264 86 16 2 0 0 
1657563106.3430438 20.35625 59.73160464504046 984.8078847901509 1 2 2 1 2 2 264 86 16 2 0 0 
1657563111.4748757 20.361328125 59.749275072766594 984.7957803933164 1 2 2 1 2 2 264 86 16 2 0 0 
1657563116.606264 20.351171875 59.82584585740875 984.800501643037 1 2 2 1 2 2 273 89 14 2 0 0 
1657563121.7380536 20.351171875 59.83173584582484 984.8075584607745 1 2 2 1 2 2 273 89 14 2 0 0 
1657563126.8686533 20.351171875 59.837625823963634 984.8112499258023 1 2 2 1 2 2 273 89 14 2 0 0 
1657563131.999883 20.35625 59.67270255126307 984.7940978125305 1 2 2 1 2 2 309 96 14 2 0 0 
1657563137.1315887 20.35625 59.62600263478771 984.7988190484871 0 1 1 0 1 1 309 96 14 2 0 0 
1657563142.261795 20.361328125 59.720248959265085 984.7988190484871 0 1 1 0 1 1 309 96 14 2 0 0 
1657563147.396644 20.361328125 59.8439432672326 984.8348568626884 0 1 1 0 1 1 294 93 16 2 0 0 
1657563152.5291061 20.361328125 59.56688677460691 984.8139624019527 0 1 1 0 1 1 294 93 16 2 0 0 
1657563157.661011 20.35625 59.578878485884246 984.797462974172 1 2 2 1 2 2 294 93 16 2 0 0 
1657563162.7934191 20.34609375 59.63189310715074 984.8206927830884 1 2 2 1 2 2 264 83 12 2 0 0 
1657563167.9251769 20.351171875 59.566676192587664 984.8095673579415 1 2 2 1 2 2 264 83 12 2 0 0 
1657563173.059217 20.35625 59.7433849404685 984.8014807938202 1 2 2 1 2 2 264 83 12 2 0 0 
1657563178.193835 20.361328125 59.60201868212843 984.8193365316582 1 2 2 1 2 2 264 83 14 2 0 0 
1657563183.327253 20.361328125 59.74317232994812 984.8159713681989 1 1 1 1 1 1 288 89 8 0 0 0 
1657563188.4593792 20.351171875 59.83783949978869 984.8159713681989 1 1 1 1 1 1 300 94 8 0 0 0 
1657563193.5898263 20.34609375 59.73160464504046 984.8146150617333 1 1 1 1 1 1 300 94 8 0 0 0 
1657563198.7221632 20.35625 59.848978096520725 984.8297581768829 1 1 1 1 1 1 300 94 8 0 0 0 
1657563203.850264 20.351171875 59.73770733041333 984.8311146059667 1 1 1 1 1 1 279 87 8 0 0 0 
1657563208.9840353 20.34609375 59.64303965182463 984.8247104712038 1 1 1 1 1 1 279 87 8 0 0 0 
1657563214.1157262 20.351171875 59.719399614761095 984.8415361592471 1 1 1 1 1 1 279 87 8 0 0 0 
1657563219.2477055 20.35625 59.837625823963634 984.8011545196869 1 1 1 1 1 1 258 77 6 0 0 0 
1657563224.3789175 20.34609375 59.87842705778114 984.7997982399334 1 1 1 1 1 1 258 77 6 0 0 0 
1657563229.5098789 20.3357421875 59.77829954126069 984.7903553277349 1 1 1 1 1 1 258 77 6 0 0 0 
1657563234.6412818 20.341015625 59.69583935641047 984.8085371205254 1 1 2 1 1 2 270 79 8 2 2 0 
1657563239.7738822 20.3357421875 59.5721453024059 984.7997982399334 1 1 2 1 1 2 270 79 8 2 2 0 
1657563244.9069362 20.341015625 59.76651963817529 984.8203149067684 1 1 2 1 1 2 270 79 8 2 2 0 
1657563250.0389225 20.341015625 59.60727583806571 984.7967593377074 0 0 1 0 0 1 249 69 8 2 2 0 
1657563255.1708732 20.34609375 59.57193462088867 984.7957289070062 0 0 1 0 0 1 249 69 8 2 2 0 
1657563260.304463 20.3306640625 59.8841025731411 984.8327442094719 0 0 1 0 0 1 249 69 8 2 2 0 
1657563265.4363325 20.3255859375 59.88367404878329 984.8021330137161 0 0 0 0 0 0 288 81 8 0 0 0 
1657563270.5703237 20.3306640625 59.76020399292372 984.8054980674825 0 0 0 0 0 0 288 81 8 0 0 0 
1657563275.7055435 20.3357421875 59.59549547344634 984.8034894988982 0 0 0 0 0 0 288 81 8 0 0 0 
1657563280.8358974 20.341015625 59.70130510322836 984.7805862930206 1 1 1 1 1 1 288 81 8 0 0 0 
1657563285.9707906 20.3255859375 59.83677101321454 984.8270450718737 1 1 1 1 1 1 288 81 8 0 0 0 
1657563291.100262 20.341015625 59.70740727766297 984.7940463940614 1 1 1 1 1 1 282 78 10 0 0 0 
1657563296.2323864 20.351171875 59.70172943641334 984.7913854715471 1 1 1 1 1 1 282 78 10 0 0 0 
1657563301.3637645 20.351171875 59.83741213739369 984.8091890130795 1 1 1 1 1 1 282 78 10 0 0 0 
1657563306.4978166 20.341015625 59.848764253959104 984.8119022019596 1 1 1 1 1 1 273 75 8 0 0 0 
1657563311.6314914 20.34609375 59.7551651947874 984.7725508826921 1 1 1 1 1 1 273 75 8 0 0 0 
1657563316.7633328 20.34609375 59.82627292930814 984.822375378547 1 1 1 1 1 1 273 75 8 0 0 0 
1657563321.8937223 20.35625 59.7551651947874 984.8412101009576 1 1 1 1 1 1 246 66 8 0 0 0 
1657563327.022939 20.35625 59.773048435233456 984.8156449971317 1 1 1 1 1 1 246 66 8 0 0 0 
1657563332.1532383 20.34609375 59.79596931881269 984.8092410421199 1 1 1 1 1 1 246 66 8 0 0 0 
1657563337.2842965 20.361328125 59.613799429757066 984.8193365316582 0 1 1 0 1 1 225 57 8 0 0 0 
1657563342.416085 20.35625 59.655454893825244 984.8021842376568 0 1 1 0 1 1 225 57 8 0 0 0 
1657563347.5448725 20.35625 59.70825612709804 984.8038668323464 1 1 1 1 1 1 267 72 2 0 0 0 
1657563352.6769161 20.361328125 59.708468312594036 984.8038668323464 1 1 1 1 1 1 267 72 2 0 0 0 
1657563357.8108745 20.35625 59.649352949653284 984.800175040515 1 1 1 1 1 1 267 72 2 0 0 0 
1657563362.9421911 20.351171875 59.59023789339065 984.7944242503413 1 1 1 1 1 1 309 77 6 0 0 0 
1657563368.0741532 20.361328125 59.67291434396145 984.8139624019527 1 1 1 1 1 1 309 77 6 0 0 0 
1657563373.2083788 20.351171875 59.80228580097154 984.7910591160878 1 1 1 1 1 1 309 77 6 0 0 0 
1657563378.3406744 20.351171875 59.66071034025271 984.7840023292832 1 1 1 1 1 1 273 70 4 0 0 0 
1657563383.4699705 20.35625 59.767158276790575 984.7752627321282 1 1 1 1 1 1 273 70 4 0 0 0 
1657563388.6002593 20.361328125 59.70804393085693 984.774233449015 1 1 1 1 1 1 273 70 4 0 0 0 
1657563393.7297697 20.361328125 59.797248516942254 984.7887234826554 1 1 1 1 1 1 300 75 4 0 0 0 
1657563398.863132 20.351171875 59.84351579182515 984.800175040515 1 1 1 1 1 1 300 75 4 0 0 0 
1657563403.9934251 20.3765625 59.63210440754806 984.7847047361141 1 1 1 1 1 1 300 75 4 0 0 0 
1657563409.126421 20.3765625 59.6030735026128 984.7577828080304 1 1 1 1 1 1 270 65 4 0 0 0 
1657563414.2609813 20.3765625 59.561627736249726 984.7810125235661 1 1 1 1 1 1 270 65 4 0 0 0 
1657563419.3954663 20.3765625 59.785467868480374 984.8146652271289 1 1 1 1 1 1 270 65 4 0 0 0 
1657563424.5297544 20.36640625 59.63757219083407 984.7934446085173 1 1 1 1 1 1 243 60 6 0 0 0 
1657563429.6642227 20.3306640625 59.63460362901799 984.8052228652473 1 1 1 1 1 1 249 74 10 0 0 0 
1657563434.7984793 20.36640625 59.93229356935755 984.7789545886033 1 2 2 1 2 2 291 90 17 2 0 0 
1657563439.9323962 20.351171875 59.73181711030532 984.797462974172 1 2 2 1 2 2 291 90 17 2 0 0 
1657563445.065886 20.351171875 59.83173584582484 984.7934446085173 1 2 2 1 2 2 291 90 17 2 0 0 
1657563450.1986687 20.361328125 59.684483052236835 984.7954538595969 1 2 2 1 2 2 312 97 15 2 0 0 
1657563455.3331387 20.361328125 59.767158276790575 984.7984924324107 1 2 2 1 2 2 312 97 15 2 0 0 
1657563460.4673278 20.36640625 59.820809690527255 984.8116266820934 1 2 2 1 2 2 312 97 15 2 0 0 
1657563465.600263 20.361328125 59.8618274359956 984.8240579740756 1 2 2 1 2 2 333 101 15 2 0 0 
1657563470.7348022 20.36640625 59.80271233485358 984.7816663552127 1 2 2 1 2 2 333 101 15 2 0 0 
1657563475.8686643 20.361328125 59.726351643703104 984.8203663432188 1 2 2 1 2 2 333 101 15 2 0 0 
1657563481.0030034 20.361328125 59.87339362488487 984.8173275923807 0 1 1 0 1 1 369 113 15 2 0 0 
1657563486.1346657 20.36640625 59.60812011392939 984.8052228652473 0 1 1 0 1 1 369 113 15 2 0 0 
1657563491.268653 20.35625 59.79071884889697 984.8021842376568 0 1 1 0 1 1 369 113 15 2 0 0 
1657563496.4015539 20.361328125 59.93207882828789 984.7940978125305 1 2 2 1 2 2 348 108 13 2 0 0 
1657563501.5343993 20.361328125 59.77347427509319 984.8142887865744 1 2 2 1 2 2 348 108 13 2 0 0 
1657563506.6688423 20.35625 59.83783949978869 984.8078847901509 1 2 2 1 2 2 348 108 13 2 0 0 
1657563511.8033674 20.361328125 59.77915157595489 984.8274231653422 0 0 0 0 0 0 234 62 0 0 0 0 
1657563516.9371877 20.351171875 59.67291434396145 984.8196627661541 0 0 0 0 0 0 234 62 0 0 0 0 
1657563522.0712123 20.35625 59.802499073285034 984.802837087198 0 1 1 0 1 1 240 64 4 0 0 0 
1657563527.2049491 20.361328125 59.91986981072802 984.8176539498936 0 1 1 0 1 1 240 64 4 0 0 0 
1657563532.3375833 20.351171875 59.97876691557796 984.8078847901509 0 1 1 0 1 1 240 64 4 0 0 0 
1657563537.4712956 20.351171875 59.8668615376753 984.8361623531475 0 0 0 0 0 0 240 66 4 0 0 0 
1657563542.6053991 20.34609375 59.6428281739279 984.7849815583144 0 0 0 0 0 0 240 66 4 0 0 0 
1657563547.7393787 20.34609375 59.59023789339065 984.8085371205254 0 0 0 0 0 0 240 66 4 0 0 0 
1657563552.8722656 20.34609375 59.73160464504046 984.81157611861 0 1 1 0 1 1 261 70 4 0 0 0 
1657563558.0054998 20.341015625 59.684059165574254 984.818632365667 0 1 1 0 1 1 261 70 4 0 0 0 
1657563563.139166 20.351171875 59.784402569432636 984.8415361592471 0 1 1 0 1 1 261 70 4 0 0 0 
1657563568.2732675 20.351171875 59.867075560498336 984.824384277371 0 1 1 0 1 1 270 70 4 0 0 0 
1657563573.4072542 20.361328125 59.578667780086654 984.7957803933164 0 1 1 0 1 1 270 70 4 0 0 0 
1657563578.541367 20.351171875 59.66071034025271 984.8173275923807 0 1 1 0 1 1 270 70 4 0 0 0 
1657563583.6751297 20.35625 59.86139957857403 984.8227016953969 0 1 1 0 1 1 255 65 4 0 0 0 
1657563588.8093402 20.36640625 59.80271233485358 984.8341535487147 0 1 1 0 1 1 255 65 4 0 0 0 
1657563593.9438367 20.36640625 59.761480898864406 984.8133093043116 1 2 3 1 2 3 273 80 12 4 2 0 
1657563599.078054 20.361328125 59.80860249888386 984.8220489522319 1 2 3 1 2 3 273 80 12 4 2 0 
1657563604.2118087 20.36640625 59.73202956482511 984.8099440599456 1 2 3 1 2 3 273 80 12 4 2 0 
1657563609.3458226 20.36640625 59.861613512657236 984.845605485754 1 2 2 1 2 2 267 82 12 2 0 0 
1657563614.4804308 20.361328125 59.62011215214693 984.8341535487147 1 2 2 1 2 2 267 82 12 2 0 0 
1657563619.613696 20.371484375 59.838480462794585 984.8052228652473 1 2 2 1 2 2 267 82 12 2 0 0 
1657563624.747465 20.361328125 59.73245444162952 984.7988190484871 1 2 2 1 2 2 315 96 12 2 0 0 
1657563629.8816507 20.36640625 59.720248959265085 984.8116266820934 1 2 2 1 2 2 315 96 12 2 0 0 
1657563635.014625 20.36640625 59.761480898864406 984.8082614378675 1 2 2 1 2 2 315 96 12 2 0 0 
1657563640.1479776 20.3765625 59.661768577438046 984.8378955170797 1 2 2 1 2 2 315 94 10 2 0 0 
1657563645.2809138 20.361328125 59.59739364167874 984.8371924364948 1 2 2 1 2 2 315 94 10 2 0 0 
1657563650.4155502 20.3765625 59.838480462794585 984.8028867777012 1 2 2 1 2 2 315 94 10 2 0 0 
1657563655.5501127 20.371484375 59.691221200720186 984.8335007763791 1 2 2 1 2 2 309 92 8 2 0 0 
1657563660.6843765 20.381640625 59.697111694541924 984.8261169659199 1 2 2 1 2 2 309 92 8 2 0 0 
1657563665.818712 20.3765625 59.60875320800169 984.8177037171888 1 2 2 1 2 2 309 92 8 2 0 0 
1657563670.9512873 20.3765625 59.638628975391484 984.8345302163989 1 2 2 1 2 2 300 89 8 2 0 0 
1657563676.0849042 20.381640625 59.64998745617758 984.8109731194622 1 1 1 1 1 1 267 84 18 0 0 0 
1657563681.217654 20.3765625 59.791571292678334 984.812655768789 1 1 1 1 1 1 258 81 14 0 0 0 
1657563686.350236 20.371484375 59.579721201621325 984.8136844718715 1 1 1 1 1 1 258 81 14 0 0 0 
1657563691.4828324 20.381640625 59.6028625600065 984.8375687884243 1 1 1 1 1 1 258 81 14 0 0 0 
1657563696.6159735 20.3765625 59.738557353043646 984.8294822659018 0 1 1 0 1 1 237 72 10 0 0 0 
1657563701.7498846 20.371484375 59.655878021946926 984.8362128667043 0 1 1 0 1 1 237 72 10 0 0 0 
1657563706.8843062 20.36640625 59.726564009477165 984.8170011254025 0 1 1 0 1 1 237 72 10 0 0 0 
1657563712.0187545 20.361328125 59.767583982142405 984.8355098268527 1 1 1 1 1 1 243 74 10 0 0 0 
1657563717.1523983 20.35625 59.720673567046575 984.8368660227023 1 1 1 1 1 1 243 74 10 0 0 0 
1657563722.2850447 20.371484375 59.73791985218849 984.8435965161875 1 1 1 1 1 1 243 74 10 0 0 0 
1657563727.4191275 20.3765625 59.81491941254835 984.8318181533223 1 1 1 1 1 1 249 74 10 0 0 0 
1657563732.5536466 20.381640625 59.76779681870083 984.819713135075 1 1 1 1 1 1 249 74 10 0 0 0 
1657563737.6878898 20.381640625 59.720673567046575 984.8345302163989 1 1 1 1 1 1 249 74 10 0 0 0 
1657563742.8218899 20.3765625 59.53217398236226 984.8217224164496 0 1 1 0 1 1 237 72 10 0 0 0 
1657563747.9553518 20.3765625 59.73266686391413 984.8500005959643 0 1 1 0 1 1 237 72 10 0 0 0 
1657563753.0886889 20.381640625 59.5856120252525 984.8012041423484 0 1 1 0 1 1 237 72 10 0 0 0 
1657563758.2214427 20.391796875 59.7448729132499 984.8406073054698 1 2 2 1 2 2 315 88 14 2 0 0 
1657563763.3534594 20.391796875 59.54458629247824 984.8257901423832 1 2 2 1 2 2 315 88 14 2 0 0 
1657563768.4860528 20.38671875 59.615488089756006 984.8177037171888 1 2 2 1 2 2 330 90 14 2 0 0 
1657563773.619301 20.38671875 59.756441439321144 984.8338765953923 1 2 2 1 2 2 330 90 14 2 0 0 
1657563778.7516718 20.3765625 59.82734042102089 984.8426167806334 1 2 2 1 2 2 330 90 14 2 0 0 
1657563783.884081 20.381640625 59.69732371328924 984.8079346841794 1 2 2 1 2 2 324 90 12 2 0 0 
1657563789.0161324 20.381640625 59.72109813184774 984.8065788158594 1 2 2 1 2 2 324 90 12 2 0 0 
1657563794.1485543 20.381640625 59.80377848152223 984.8493474378909 1 2 2 1 2 2 324 90 12 2 0 0 
1657563799.2816932 20.381640625 59.608964217868575 984.841587410112 1 2 2 1 2 2 282 76 12 2 0 0 
1657563804.4159994 20.381640625 59.591502838604974 984.841587410112 1 2 2 1 2 2 282 76 12 2 0 0 
1657563809.5480773 20.381640625 59.64430829355542 984.85103010238 1 2 2 1 2 2 282 76 12 2 0 0 
1657563814.6817846 20.396875 59.556368187332005 984.8607994424134 0 1 1 0 1 1 261 67 10 2 0 0 
1657563819.8133883 20.381640625 59.60917521699019 984.8560780962669 0 1 1 0 1 1 261 67 10 2 0 0 
1657563824.943792 20.38671875 59.64998745617758 984.8466353214136 0 1 1 0 1 1 261 67 10 2 0 0 
1657563830.074187 20.381640625 59.80313882575585 984.8644914208099 0 1 1 0 1 1 252 69 10 2 0 0 
1657563835.2046235 20.38671875 59.70952907889748 984.8577607610357 0 1 1 0 1 1 252 69 10 2 0 0 
1657563840.335012 20.381640625 59.62053447315738 984.8227516662178 1 1 1 1 1 1 309 98 8 0 0 0 
1657563845.4619877 20.381640625 59.72109813184774 984.8453284589217 1 1 1 1 1 1 309 98 8 0 0 0 
1657563850.593764 20.391796875 59.603284434473814 984.8305112407731 1 1 1 1 1 1 309 98 8 0 0 0 
1657563855.7238674 20.396875 59.768648057484526 984.8433187646558 1 2 2 1 2 2 339 103 10 0 0 0 
1657563860.8582697 20.396875 59.662403390807036 984.803588413886 1 2 2 1 2 2 339 103 10 0 0 0 
1657563865.9913394 20.401953125 59.651467595318934 984.8473380166657 1 2 2 1 2 2 339 103 10 0 0 0 
1657563871.1224077 20.401953125 59.845652739067766 984.8688861457011 1 1 1 1 1 1 312 91 12 0 0 0 
1657563876.2560012 20.391796875 59.768648057484526 984.8574340855571 1 1 1 1 1 1 312 91 12 0 0 0 
1657563881.3857257 20.396875 59.67439659198553 984.8352323116394 1 1 1 1 1 1 312 91 12 0 0 0 
1657563886.518246 20.391796875 59.7387698318386 984.8112999555143 1 1 1 1 1 1 300 82 12 0 0 0 
1657563891.6495028 20.38671875 59.76673252845872 984.85103010238 1 1 1 1 1 1 300 82 12 0 0 0 
1657563896.783522 20.38671875 59.53848514839943 984.8439726609279 1 1 1 1 1 1 300 82 12 0 0 0 
1657563901.915499 20.381640625 59.674184874503275 984.8624821209464 1 1 1 1 1 1 309 82 12 0 0 0 
1657563907.0497758 20.381640625 59.80966898181531 984.8580873270371 1 1 1 1 1 1 309 82 12 0 0 0 
1657563912.1810317 20.381640625 59.762331954591254 984.8412608180403 1 1 1 1 1 1 309 82 12 0 0 0 
1657563917.3150826 20.391796875 59.87971190501364 984.8628087557615 1 1 1 1 1 1 297 78 12 0 0 0 
1657563922.448095 20.391796875 59.75055091377234 984.8513567225995 0 1 1 0 1 1 201 63 12 2 0 0 
1657563927.5816953 20.381640625 59.691857022955595 984.8584137835642 0 1 1 0 1 1 201 63 12 2 0 0 
1657563932.711444 20.3765625 59.7091048046114 984.8496740716649 0 1 1 0 1 1 201 63 12 2 0 0 
1657563937.8431823 20.38671875 59.7448729132499 984.8446261192803 0 1 1 0 1 1 207 65 14 2 0 0 
1657563942.9782128 20.38671875 59.68028738567302 984.8604726845641 0 1 1 0 1 1 207 65 14 2 0 0 
1657563948.107773 20.391796875 59.64451969623564 984.8244343160341 0 1 1 0 1 1 207 65 14 2 0 0 
1657563953.2418933 20.381640625 59.80356527367837 984.8490206946394 0 1 1 0 1 1 228 72 16 2 0 0 
1657563958.3716297 20.38671875 59.573830367711444 984.8493474378909 0 1 1 0 1 1 228 72 16 2 0 0 
1657563963.5026665 20.38671875 59.5856120252525 984.8412608180403 0 1 1 0 1 1 228 72 16 2 0 0 
1657563968.633612 20.3765625 59.797461679023186 984.8331742260074 0 1 1 0 1 1 222 72 16 2 0 0 
1657563973.7666876 20.38671875 59.785680896055005 984.89678832426 0 1 1 0 1 1 222 72 16 2 0 0 
1657563978.8985164 20.3765625 59.80313882575585 984.8469617633497 0 1 1 0 1 1 222 72 16 2 0 0 
1657563984.0329752 20.36640625 59.90305811967785 984.8399047731513 0 1 1 0 1 1 174 58 16 2 0 0 
1657563989.1665986 20.371484375 59.89084944581144 984.8435965161875 0 1 1 0 1 1 174 58 16 2 0 0 
1657563994.2990363 20.35625 59.73770733041333 984.8284529074184 0 1 1 0 1 1 174 58 16 2 0 0 
1657563999.4327064 20.36640625 59.90305811967785 984.8469617633497 0 1 1 0 1 1 174 58 12 2 0 0 
1657564004.563185 20.36640625 59.5376443160114 984.8593924963226 0 1 1 0 1 1 246 69 14 2 0 0 
1657564009.6965523 20.381640625 59.75665410913588 984.8695394163747 0 1 1 0 1 1 246 69 16 2 0 0 
1657564014.828934 20.3765625 59.65041040680109 984.8631352810995 0 1 1 0 1 1 246 69 16 2 0 0 
1657564019.9611142 20.391796875 59.662191797095886 984.8466841746117 0 1 1 0 1 1 246 69 16 2 0 0 
1657564025.0930293 20.391796875 59.656724149248 984.8607994424134 1 1 1 1 1 1 261 71 14 2 0 0 
1657564030.2274132 20.396875 59.55699927192708 984.8470111503801 1 1 1 1 1 1 261 71 14 2 0 0 
1657564035.3502674 20.401953125 59.72194713250918 984.8466841746117 1 1 1 1 1 1 261 71 14 2 0 0 
1657564040.4816937 20.396875 59.61001910602394 984.8719247581959 0 1 1 0 1 1 240 64 12 0 0 0 
1657564045.6164076 20.396875 59.83344441355773 984.8459821091224 0 1 1 0 1 1 240 64 12 0 0 0 
1657564050.747417 20.401953125 59.7570794165303 984.8419630762147 0 1 1 0 1 1 240 64 12 0 0 0 
1657564055.876046 20.401953125 59.75140125954231 984.8315398320119 0 0 0 0 0 0 249 69 12 0 0 0 
1657564061.0098479 20.396875 59.66303810746945 984.8618285228746 0 0 0 0 0 0 249 69 12 0 0 0 
1657564066.1438847 20.401953125 59.69795970506046 984.8604726845641 0 0 0 0 0 0 249 69 12 0 0 0 
1657564071.275144 20.401953125 59.6866018408411 984.8618285228746 1 1 1 1 1 1 255 71 10 0 0 0 
1657564076.4085684 20.396875 59.72762567717143 984.8692128357777 1 1 1 1 1 1 255 71 10 0 0 0 
1657564081.5432 20.391796875 59.739619639568 984.8651939343687 1 1 1 1 1 1 255 71 10 0 0 0 
1657564086.676446 20.391796875 59.54479653022958 984.8688861457011 0 1 1 0 1 1 237 66 8 0 0 0 
1657564091.807356 20.381640625 59.827126944168135 984.8476647734716 0 0 0 0 0 0 237 66 8 0 0 0 
1657564096.9387643 20.391796875 59.7448729132499 984.8547220246785 0 0 0 0 0 0 204 55 8 0 0 0 
1657564102.0694525 20.391796875 59.709316947126986 984.8439726609279 0 0 0 0 0 0 204 55 8 0 0 0 
1657564107.199023 20.396875 59.63273824426862 984.8490206946394 0 0 0 0 0 0 204 55 8 0 0 0 
1657564112.331346 20.391796875 59.73330406629763 984.840280384966 0 1 1 0 1 1 225 65 15 0 0 0 
1657564117.463992 20.391796875 59.63947420962346 984.8321939180479 0 1 1 0 1 1 225 65 15 0 0 0 
1657564122.5947998 20.391796875 59.6098081498834 984.8308381331242 0 1 1 0 1 1 225 65 15 0 0 0 
1657564127.7262802 20.391796875 59.679863805447816 984.8375687884243 0 1 1 0 1 1 189 53 13 2 0 0 
1657564132.850267 20.396875 59.73919475719338 984.8369150026783 0 1 1 0 1 1 189 53 13 2 0 0 
1657564137.9815748 20.396875 59.78631991430913 984.8567804061579 0 1 1 0 1 1 189 53 13 2 0 0 
1657564143.1129456 20.401953125 59.79831421989749 984.8315398320119 0 1 1 0 1 1 195 57 13 2 0 0 
1657564148.2460208 20.391796875 59.81577280343331 984.8217707858447 0 1 1 0 1 1 195 57 13 2 0 0 
1657564153.3761842 20.401953125 59.6041280544651 984.8231263107922 0 1 1 0 1 1 195 57 13 2 0 0 
1657564158.508745 20.412109375 59.61001910602394 984.8315398320119 0 1 1 0 1 1 186 52 11 2 0 0 
1657564163.641276 20.412109375 59.73415351904492 984.847057935966 0 1 1 0 1 1 186 52 11 2 0 0 
1657564168.7754445 20.4171875 59.528383399179 984.8086822016476 1 2 2 1 2 2 336 96 6 2 0 0 
1657564173.9075096 20.42734375 59.675666671230864 984.7959192452311 1 2 2 1 2 2 336 96 6 2 0 0 
1657564179.0423663 20.422265625 59.610862823133495 984.8198060689948 1 2 2 1 2 2 336 96 6 2 0 0 
1657564184.1739807 20.42734375 59.628747827449295 984.8016234593683 1 2 2 1 2 2 336 99 8 2 0 0 
1657564189.3055506 20.432421875 59.74657280886958 984.8097094396189 1 2 2 1 2 2 336 99 8 2 0 0 
1657564194.4393303 20.432421875 59.47556920366876 984.8198060689948 1 2 2 1 2 2 336 99 8 2 0 0 
1657564199.571888 20.422265625 59.569623363030715 984.7982579446108 0 1 1 0 1 1 237 66 8 2 0 0 
1657564204.7042432 20.42734375 59.49934521182061 984.8127470922095 0 1 1 0 1 1 237 66 8 2 0 0 
1657564209.8365657 20.4171875 59.55805086467846 984.8234993121087 0 1 1 0 1 1 237 66 8 2 0 0 
1657564214.9698944 20.4171875 59.510708974747985 984.833923372118 0 1 1 0 1 1 270 76 10 2 0 0 
1657564220.1002626 20.432421875 59.72868707623921 984.8022788821633 0 1 1 0 1 1 270 76 10 2 0 0 
1657564225.232418 20.4171875 59.69312837730811 984.8113922110067 0 1 1 0 1 1 270 76 10 2 0 0 
1657564230.3635707 20.412109375 59.72826254884726 984.8137304344833 1 2 2 1 2 2 312 88 12 2 0 0 
1657564235.4952958 20.40703125 59.61633216186926 984.8170959233898 1 2 2 1 2 2 312 88 12 2 0 0 
1657564240.6280599 20.412109375 59.645576548458614 984.8224716512698 1 2 2 1 2 2 312 88 12 2 0 0 
1657564245.7602956 20.412109375 59.58729747904402 984.8207889201262 1 2 2 1 2 2 291 84 10 2 0 0 
1657564250.889007 20.412109375 59.53364470493505 984.834250771231 0 0 0 0 0 0 195 51 10 0 0 0 
1657564256.022526 20.412109375 59.704910565298746 984.833923372118 0 0 0 0 0 0 210 56 8 0 0 0 
1657564261.1571708 20.40703125 59.669352281464164 984.8325680395981 0 0 0 0 0 0 210 56 8 0 0 0 
1657564266.289043 20.4171875 59.745935428599886 984.8103649458562 0 0 0 0 0 0 210 56 8 0 0 0 
1657564271.4231093 20.4171875 59.587086834928634 984.8302303460981 0 1 1 0 1 1 252 70 8 0 0 0 
1657564276.5526676 20.4171875 59.65189039550973 984.8157407271157 0 1 1 0 1 1 252 70 8 0 0 0 
1657564281.6853647 20.4171875 59.41941183705272 984.6988451346317 0 1 1 0 1 1 252 70 8 0 0 0 
1657564286.819213 20.422265625 59.63989676226818 984.8315854731145 0 1 1 0 1 1 240 65 6 0 0 0 
1657564291.9512136 20.4171875 59.5698337946152 984.8198060689948 0 0 0 0 0 0 240 65 6 0 0 0 
1657564297.0834477 20.432421875 59.55805086467846 984.8265371566438 0 0 0 0 0 0 240 65 6 0 0 0 
1657564302.2182467 20.422265625 59.54016629739672 984.8198060689948 0 0 0 0 0 0 249 68 6 0 0 0 
1657564307.3474705 20.42734375 59.469886856694735 984.7992848140674 0 1 1 0 1 1 249 68 6 0 0 0 
1657564312.4793756 20.432421875 59.57593573226361 984.8255534826872 0 1 1 0 1 1 249 68 6 0 0 0 
1657564317.6109576 20.4375 59.54058647719223 984.8124190924535 0 1 1 0 1 1 240 63 8 0 0 0 
1657564322.7402885 20.42734375 59.75246394999192 984.7996128127601 0 1 1 0 1 1 240 63 8 0 0 0 
1657564327.871192 20.432421875 59.50502717106225 984.8073706969616 0 0 0 0 0 0 240 63 8 0 0 0 
1657564333.0056005 20.4171875 59.59318883048727 984.8299027008877 1 1 1 1 1 1 345 103 8 0 0 0 
1657564338.1394002 20.432421875 59.49892597372435 984.8433648806603 1 1 1 1 1 1 345 103 8 0 0 0 
1657564343.2731347 20.422265625 59.58140611732017 984.7928817295859 1 1 1 1 1 1 336 100 10 0 0 0 
1657564348.405923 20.422265625 59.640108022472724 984.8181232972572 1 1 1 1 1 1 336 100 10 0 0 0 
1657564353.5377014 20.4171875 59.70448655446704 984.8184510373504 1 1 1 1 1 1 336 100 10 0 0 0 
1657564358.6691072 20.422265625 59.610651909973996 984.8369613812062 1 1 1 1 1 1 336 102 10 0 0 0 
1657564363.8022497 20.422265625 59.68134614819606 984.865895543963 1 1 1 1 1 1 336 102 10 0 0 0 
1657564368.9347475 20.4171875 59.53995619138091 984.8137304344833 1 1 1 1 1 1 336 102 10 0 0 0 
1657564374.0669096 20.4171875 59.51618077517276 984.8177508832182 1 1 1 1 1 1 330 102 10 0 0 0 
1657564379.1983037 20.4171875 59.52228203042467 984.8170959233898 1 1 1 1 1 1 330 102 10 0 0 0 
1657564384.327363 20.412109375 59.745935428599886 984.8079819770012 1 1 1 1 1 1 330 102 10 0 0 0 
1657564389.4568465 20.40703125 59.645576548458614 984.852760823806 1 1 1 1 1 1 309 95 10 0 0 0 
1657564394.5886645 20.396875 59.80484435956761 984.8029338669958 1 1 1 1 1 1 309 95 10 0 0 0 
1657564399.7218378 20.401953125 59.54542717901132 984.7962030546342 1 1 1 1 1 1 309 95 10 0 0 0 
1657564404.854567 20.412109375 59.76382088843066 984.7844241356929 1 2 2 1 2 2 309 100 12 0 0 0 
1657564409.9875472 20.40703125 59.58119554046641 984.7669415604521 1 2 2 1 2 2 309 100 12 0 0 0 
1657564415.121957 20.40703125 59.515761047524904 984.822799035775 0 0 0 0 0 0 300 75 12 0 0 0 
1657564420.256153 20.412109375 59.51028942461072 984.8005961518588 1 1 1 1 1 1 300 75 12 0 0 0 
1657564425.3904622 20.40703125 59.56899200380527 984.8002684816532 1 1 1 1 1 1 300 75 12 0 0 0 
1657564430.5219111 20.401953125 59.66303810746945 984.7864343019213 1 1 1 1 1 1 300 80 14 0 0 0 
1657564435.6532211 20.40703125 59.71016540973841 984.8211163181861 0 0 0 0 0 0 300 80 14 0 0 0 
1657564440.7854507 20.40703125 59.63947420962346 984.8143854485301 0 0 0 0 0 0 300 80 14 0 0 0 
1657564445.9186294 20.412109375 59.62201225821854 984.8042891461434 0 0 0 0 0 0 288 76 12 0 0 0 
1657564451.0529823 20.40703125 59.63989676226818 984.7861068381892 0 0 0 0 0 0 288 76 12 0 0 0 
1657564456.1867778 20.40703125 59.592978119110505 984.7928376488728 0 0 0 0 0 0 288 76 12 0 0 0 
1657564461.3213754 20.401953125 59.463158250030176 984.790827413543 0 0 0 0 0 0 282 74 10 0 0 0 
1657564466.4552333 20.40703125 59.58056374543326 984.7904997715004 0 0 0 0 0 0 282 74 10 0 0 0 
1657564471.5886889 20.3052734375 59.681134417181724 984.8009237125739 0 0 0 0 0 0 282 74 10 0 0 0 
1657564476.7215774 20.401953125 59.79263660564356 984.7975582792839 0 0 0 0 0 0 240 65 10 0 0 0 
1657564481.8548875 20.401953125 59.462321173305725 984.8009237125739 0 0 0 0 0 0 240 65 10 0 0 0 
1657564486.9878938 20.401953125 59.63358320946285 984.7810587309104 0 0 0 0 0 0 240 65 10 0 0 0 
1657564492.1214237 20.401953125 59.55089784432785 984.7911549460971 0 0 0 0 0 0 240 65 12 0 0 0 
1657564497.2538304 20.40703125 59.54500675723554 984.7541355027171 1 1 1 1 1 1 225 70 8 0 0 0 
1657564502.3878307 20.422265625 59.703850457631255 984.8042891461434 1 1 1 1 1 1 240 75 6 0 0 0 
1657564507.5202293 20.412109375 59.58035312559825 984.807327073496 1 1 1 1 1 1 240 75 6 0 0 0 
1657564512.6535027 20.401953125 59.645365199504425 984.7709625182407 0 0 0 0 0 0 240 75 6 0 0 0 
1657564517.7874234 20.40703125 59.704274532933546 984.7773656854171 0 0 0 0 0 0 240 75 6 0 0 0 
1657564522.9207404 20.401953125 59.59865860362883 984.7972306914597 0 0 0 0 0 0 240 75 6 0 0 0 
1657564528.0541353 20.412109375 59.59865860362883 984.7928376488728 1 1 1 1 1 1 240 75 6 0 0 0 
1657564533.1875079 20.40703125 59.76907361240644 984.8076545799927 0 1 1 0 1 1 213 68 8 0 0 0 
1657564538.3208268 20.391796875 59.59823699262661 984.7978857576196 0 1 1 0 1 1 213 68 8 0 0 0 
1657564543.4548912 20.401953125 59.78695883585861 984.7911549460971 0 1 1 0 1 1 213 68 8 0 0 0 
1657564548.5886292 20.396875 59.55678892114075 984.7844241356929 0 0 0 0 0 0 204 63 6 0 0 0 
1657564553.7220943 20.401953125 59.757504680944685 984.7827414332668 0 0 0 0 0 0 204 63 6 0 0 0 
1657564558.8552248 20.401953125 59.61591014730314 984.8180781988993 0 0 0 0 0 0 204 63 6 0 0 0 
1657564563.987637 20.396875 59.816199434406336 984.7591836066401 0 1 1 0 1 1 225 70 6 0 0 0 
1657564569.1200569 20.391796875 59.82166335042063 984.7628766631004 0 1 1 0 1 1 225 70 6 0 0 0 
1657564574.2528334 20.40703125 59.60391716558519 984.7642317111925 0 1 1 0 1 1 225 70 6 0 0 0 
1657564579.386317 20.401953125 59.53343463394657 984.7824138329399 1 1 1 1 1 1 279 79 8 0 0 0 
1657564584.5196211 20.412109375 59.63989676226818 984.780731117029 1 1 1 1 1 1 279 79 8 0 0 0 
1657564589.6529336 20.401953125 59.7570794165303 984.7591836066401 1 1 1 1 1 1 306 88 8 0 0 0 
1657564594.7870755 20.401953125 59.69859560012567 984.7659144128494 1 1 1 1 1 1 306 88 8 0 0 0 
1657564599.920425 20.401953125 59.74551045469497 984.7894722433912 1 1 1 1 1 1 306 88 8 0 0 0 
1657564605.0543742 20.401953125 59.68639001033378 984.7686242893583 1 1 1 1 1 1 300 88 8 0 0 0 
1657564610.1878052 20.401953125 59.56310081302661 984.7723175385232 1 1 1 1 1 1 300 88 8 0 0 0 
1657564615.32152 20.412109375 59.50986983149172 984.7736724764962 1 1 1 1 1 1 300 88 8 0 0 0 
1657564620.4544926 20.412109375 59.76318283839804 984.7854515822651 1 1 1 1 1 1 279 81 6 0 0 0 
1657564625.5879788 20.396875 59.82819422098306 984.7756829697158 1 1 1 1 1 1 279 81 6 0 0 0 
1657564630.7218974 20.412109375 59.645576548458614 984.7854515822651 1 1 1 1 1 1 279 81 6 0 0 0 
1657564635.8540204 20.401953125 59.733941171975665 984.8154131789015 1 1 1 1 1 1 288 84 8 0 0 0 
1657564640.987631 20.4171875 59.439801389266705 984.778064861939 1 1 1 1 1 1 288 84 8 0 0 0 
1657564646.1204193 20.422265625 59.486933430942614 984.794892430133 1 1 1 1 1 1 288 84 8 0 0 0 
1657564651.2533996 20.4171875 59.68702546962033 984.8053167134401 1 1 1 1 1 1 276 84 4 0 0 0 
1657564656.3873405 20.412109375 59.545637373781155 984.7938652313402 0 0 0 0 0 0 276 84 4 0 0 0 
1657564661.5210598 20.412109375 59.63400562758863 984.7834410469081 1 1 1 1 1 1 222 69 6 0 0 0 
1657564666.6537995 20.422265625 59.50481747937646 984.7497861983924 1 1 1 1 1 1 222 69 6 0 0 0 
1657564671.787749 20.412109375 59.70448655446704 984.7467488190318 1 1 1 1 1 1 222 69 6 0 0 0 
1657564676.9207222 20.40703125 59.681134417181724 984.748103456701 1 1 1 1 1 1 216 67 4 0 0 0 
1657564682.0546212 20.412109375 59.55784056761888 984.7581999078997 1 1 1 1 1 1 216 67 4 0 0 0 
1657564687.1883857 20.4171875 59.52228203042467 984.7632481344428 1 1 1 1 1 1 216 67 4 0 0 0 
1657564692.3218007 20.412109375 59.69901947644361 984.7767100749677 1 1 1 1 1 1 225 67 2 0 0 0 
1657564697.4552398 20.4171875 59.72258377018204 984.7686242893583 1 1 1 1 1 1 225 67 2 0 0 0 
1657564702.5886955 20.401953125 59.70448655446704 984.7602106455269 1 1 1 1 1 1 225 67 2 0 0 0 
1657564707.722402 20.412109375 59.45726680694707 984.7605385315516 0 1 1 0 1 1 225 67 2 0 0 0 
1657564712.8561337 20.422265625 59.56920246762575 984.7585279169703 0 1 1 0 1 1 225 67 2 0 0 0 
1657564717.9895217 20.40703125 59.5694129207009 984.7985857378641 0 1 1 0 1 1 225 67 2 0 0 0 
1657564723.122986 20.412109375 59.58666551446197 984.7888170416854 0 1 1 0 1 1 225 65 2 0 0 0 
1657564728.2559707 20.40703125 59.65714714842742 984.7938652313402 0 1 1 0 1 1 225 65 2 0 0 0 
1657564733.3899446 20.401953125 59.78085512958429 984.7995684606752 0 1 1 0 1 1 225 65 2 0 0 0 
1657564738.5233934 20.401953125 59.55720961196806 984.7975582792839 0 1 1 0 1 1 225 65 2 0 0 0 
1657564743.6561532 20.412109375 59.61633216186926 984.7686242893583 1 1 1 1 1 1 255 68 6 0 0 0 
1657564748.7895465 20.412109375 59.515761047524904 984.8005961518588 1 1 1 1 1 1 234 63 6 0 0 0 
1657564753.9229395 20.4171875 59.6041280544651 984.7776933264076 1 1 1 1 1 1 234 63 6 0 0 0 
1657564759.0573606 20.396875 59.70995331020319 984.8106925347341 1 1 1 1 1 1 234 63 6 0 0 0 
1657564764.190759 20.396875 59.615699123902196 984.7918096827508 0 1 1 0 1 1 213 56 6 0 0 0 
1657564769.3245254 20.401953125 59.66892905623183 984.7998958159711 0 1 1 0 1 1 213 56 6 0 0 0 
1657564774.4580326 20.391796875 59.521232348120535 984.7978857576196 0 1 1 0 1 1 213 56 6 0 0 0 
1657564779.5917647 20.396875 59.55720961196806 984.7928376488728 0 0 0 0 0 0 192 49 8 0 0 0 
1657564784.7250748 20.40703125 59.74004447896246 984.7726452201773 0 0 0 0 0 0 192 49 8 0 0 0 
1657564789.8579466 20.412109375 59.69901947644361 984.7787206642636 0 0 0 0 0 0 192 49 8 0 0 0 
1657564794.9913204 20.412109375 59.62243438581454 984.7655866769771 0 0 0 0 0 0 222 54 8 0 0 0 
1657564800.1253858 20.412109375 59.55173891394996 984.7884892765975 0 0 0 0 0 0 222 54 8 0 0 0 
1657564805.25867 20.412109375 59.7463603595247 984.780075560798 0 0 0 0 0 0 222 54 8 0 0 0 
1657564810.3919265 20.4171875 59.58119554046641 984.7847958883777 0 0 0 0 0 0 189 47 8 0 0 0 
1657564815.5244565 20.42734375 59.67587831349707 984.780075560798 0 0 0 0 0 0 189 47 8 0 0 0 
1657564820.6589053 20.432421875 59.68176957798933 984.7932096729991 0 0 0 0 0 0 189 47 8 0 0 0 
1657564825.791518 20.442578125 59.5582611509927 984.7972739078657 0 1 1 0 1 1 204 62 10 0 0 0 
1657564830.9240036 20.432421875 59.41665249781981 984.7858225404001 0 1 1 0 1 1 204 62 10 0 0 0 
1657564836.0567076 20.42734375 59.569623363030715 984.7777367965341 0 1 1 0 1 1 189 57 10 0 0 0 
1657564841.18852 20.432421875 59.56373197046509 984.7844678771913 0 1 1 0 1 1 189 57 10 0 0 0 
1657564846.3203034 20.4375 59.71164980562257 984.8104081710726 0 1 1 0 1 1 189 57 10 0 0 0 
1657564851.456173 20.42734375 59.60518233768557 984.7656291382896 0 1 1 0 1 1 195 59 12 0 0 0 
1657564856.5916803 20.432421875 59.50502717106225 984.7871771212871 0 1 1 0 1 1 195 59 12 0 0 0 
1657564861.7258992 20.42734375 59.61717606205855 984.7673119214143 0 1 1 0 1 1 195 59 12 0 0 0 
1657564866.8573627 20.4375 59.51702010152339 984.7659574080759 0 1 1 0 1 1 249 70 12 0 0 0 
1657564871.9880614 20.401953125 59.534694898696614 984.8127470922095 0 1 1 0 1 1 249 70 12 0 0 0 
1657564877.1208034 20.422265625 59.60497150253202 984.7895161884184 0 1 1 0 1 1 249 70 12 0 0 0 
1657564882.2532659 20.422265625 59.65799301784412 984.7881614020164 0 1 1 0 1 1 249 70 12 0 0 0 
1657564887.3829744 20.42734375 59.52859335992216 984.7996128127601 0 1 1 0 1 1 249 70 12 0 0 0 
1657564892.5183728 20.432421875 59.50460777694523 984.7891881083974 0 1 1 0 1 1 249 70 12 0 0 0 
1657564897.6512008 20.42734375 59.5460577310847 984.7578717893354 0 1 1 0 1 1 282 79 12 0 0 0 
1657564902.7828205 20.422265625 59.64621053085 984.7777367965341 0 1 1 0 1 1 282 79 12 0 0 0 
1657564907.9152977 20.422265625 59.66977546371587 984.785123790068 1 1 1 1 1 1 288 88 6 0 0 0 
1657564913.0481894 20.422265625 59.49892597372435 984.7847958883777 1 1 1 1 1 1 288 88 6 0 0 0 
1657564918.1782544 20.42734375 59.71101370042841 984.785123790068 1 1 1 1 1 1 288 88 6 0 0 0 
1657564923.3086462 20.422265625 59.7463603595247 984.7884892765975 1 2 2 1 2 2 288 88 10 2 0 0 
1657564928.43903 20.4171875 59.7461478994348 984.7952202504956 1 2 2 1 2 2 288 88 10 2 0 0 
1657564933.5694633 20.412109375 59.687237267892264 984.8403268991799 1 2 2 1 2 2 288 88 10 2 0 0 
1657564938.6999083 20.412109375 59.68681366060328 984.8049889744054 0 1 1 0 1 1 297 91 10 2 0 0 
1657564943.8302927 20.412109375 59.59318883048727 984.7817583038182 0 1 1 0 1 1 297 91 10 2 0 0 
1657564948.9634624 20.422265625 59.669352281464164 984.8083544897221 0 1 1 0 1 1 297 91 10 2 0 0 
1657564954.0963907 20.412109375 59.6866018408411 984.8026064293236 0 1 1 0 1 1 297 93 12 2 0 0 
1657564959.229397 20.40703125 59.56920246762575 984.7928376488728 1 2 2 1 2 2 297 93 12 2 0 0 
1657564964.3637373 20.40703125 59.79306265561502 984.7837688526598 1 2 2 1 2 2 297 93 12 2 0 0 
1657564969.4979722 20.401953125 59.55741994126369 984.7975582792839 1 1 1 1 1 1 255 81 10 2 0 0 
1657564974.6335056 20.40703125 59.63947420962346 984.8106925347341 1 1 1 1 1 1 255 81 10 2 0 0 
1657564979.7683945 20.412109375 59.71016540973841 984.7958755627437 1 1 1 1 1 1 255 81 10 2 0 0 
1657564984.8982434 20.412109375 59.69270463550441 984.7921825013854 1 2 2 1 2 2 297 90 10 2 0 0 
1657564990.0293202 20.4171875 59.70469856525544 984.821816553786 0 1 1 0 1 1 297 97 15 2 0 0 
1657564995.159559 20.4171875 59.745935428599886 984.8436924174332 1 2 2 1 2 2 312 102 15 2 0 0 
1657565000.2934146 20.422265625 59.62811448262895 984.8083544897221 1 2 2 1 2 2 312 102 15 2 0 0 
1657565005.4242084 20.422265625 59.69291651177882 984.8117200053186 1 2 2 1 2 2 312 102 15 2 0 0 
1657565010.557669 20.422265625 59.54016629739672 984.785123790068 1 3 3 1 3 3 312 102 17 4 0 0 
1657565015.6911924 20.4171875 59.5460577310847 984.8029783547667 1 3 3 1 3 3 312 102 17 4 0 0 
1657565020.8212838 20.432421875 59.73479049578243 984.8339675471424 1 3 3 1 3 3 312 102 17 4 0 0 
1657565025.952064 20.442578125 59.48756190061344 984.7932096729991 1 3 3 1 3 3 300 100 19 4 0 0 
1657565031.0818484 20.442578125 59.66451873693421 984.8272362954383 1 3 3 1 3 3 300 100 19 4 0 0 
1657565036.2141304 20.442578125 59.65883871533806 984.8154566076481 1 3 3 1 3 3 300 100 19 4 0 0 
1657565041.3474197 20.44765625 59.47072385862835 984.8016483914481 1 3 3 1 3 3 279 93 19 4 0 0 
1657565046.4769928 20.452734375 59.65926149961404 984.8100625892307 1 3 3 1 3 3 279 93 19 4 0 0 
1657565051.6116357 20.4171875 59.62938107556265 984.8036769232842 1 3 3 1 3 3 279 93 19 4 0 0 
1657565056.7460942 20.44765625 59.499764406935086 984.8087253590206 1 3 3 1 3 3 264 88 21 4 0 0 
1657565061.8784146 20.44765625 59.42379648874263 984.840353715722 1 3 3 1 3 3 264 88 21 4 0 0 
1657565067.0127914 20.442578125 59.44126390113872 984.8319566780042 1 3 3 1 3 3 264 88 21 4 0 0 
1657565072.1475961 20.442578125 59.66451873693421 984.8299283807552 1 2 3 1 2 3 321 89 26 2 2 0 
1657565077.2793124 20.4578125 59.53553486028893 984.7814543239022 1 2 3 1 2 3 321 89 26 2 2 0 
1657565082.4105258 20.44765625 59.558891945463344 984.8151111087394 1 1 3 1 1 3 312 86 24 2 2 0 
1657565087.5416548 20.442578125 59.705970404338935 984.7713749674873 0 0 2 0 0 2 312 86 24 2 2 0 
1657565092.6753712 20.452734375 59.52901324917231 984.7949345108094 0 0 2 0 0 2 312 86 24 2 2 0 
1657565097.8081467 20.442578125 59.62938107556265 984.7848375619932 0 0 1 0 0 1 297 86 21 2 2 0 
1657565102.9404287 20.452734375 59.64747820551263 984.7915688609243 0 0 1 0 0 1 297 86 21 2 2 0 
1657565108.0730882 20.452734375 59.44715591320065 984.7993083740424 0 0 1 0 0 1 297 86 21 2 2 0 
1657565113.20247 20.462890625 59.44757381156034 984.8043569736215 0 0 1 0 0 1 291 84 21 2 2 0 
1657565118.3339176 20.46796875 59.4711422951222 984.748822412866 0 0 1 0 0 1 291 84 21 2 2 0 
1657565123.467684 20.452734375 59.46545932451772 984.761627117156 0 0 1 0 0 1 291 84 21 2 2 0 
1657565128.5997553 20.462890625 59.489027953754146 984.795284970997 0 0 1 0 0 1 285 84 21 2 2 0 
1657565133.733669 20.478125 59.501021734387976 984.7713952811511 0 0 1 0 0 1 285 84 21 2 2 0 
1657565138.8668258 20.473046875 59.61865247369813 984.7767731479231 0 0 1 0 0 1 285 84 21 2 2 0 
1657565143.9978583 20.483203125 59.477452918350785 984.7851876119076 0 0 2 0 0 2 306 91 19 2 2 0 
1657565149.12786 20.478125 59.40106150338858 984.7885533979911 0 0 2 0 0 2 306 91 19 2 2 0 
1657565154.2629123 20.46796875 59.38927663177675 984.8013585451336 0 0 0 0 0 0 240 62 4 0 0 0 
1657565159.3966408 20.483203125 59.40674548307596 984.7983217855774 0 0 0 0 0 0 240 62 4 0 0 0 
1657565164.5296106 20.483203125 59.33014409054873 984.7767731479231 0 0 0 0 0 0 240 62 4 0 0 0 
1657565169.6630807 20.483203125 59.40085312996388 984.7868705049144 0 0 0 0 0 0 246 67 4 0 0 0 
1657565174.793036 20.483203125 59.436833393261885 984.8121514555331 0 0 0 0 0 0 246 67 4 0 0 0 
1657565179.924733 20.483203125 59.53637464995523 984.7643343048773 0 0 0 0 0 0 246 67 4 0 0 0 
1657565185.0530486 20.48828125 59.313088660173115 984.8104684936328 0 0 0 0 0 0 246 69 4 0 0 0 
1657565190.185497 20.483203125 59.42483975496792 984.7777976610544 0 0 0 0 0 0 246 69 4 0 0 0 
1657565195.3151488 20.493359375 59.531329941578896 984.7757853736813 0 1 1 0 1 1 246 69 4 0 0 0 
1657565200.446939 20.48828125 59.531112050699804 984.8168709843287 0 1 1 0 1 1 246 69 9 0 0 0 
1657565205.5792673 20.48828125 59.49554843446004 984.7852240735187 0 1 1 0 1 1 246 69 9 0 0 0 
1657565210.7147715 20.483203125 59.53679448031616 984.8084561067019 0 0 0 0 0 0 246 69 9 0 0 0 
1657565215.8473923 20.483203125 59.578040022284554 984.7956512636831 0 0 0 0 0 0 240 67 9 0 0 0 
1657565220.9824095 20.473046875 59.595716528876814 984.7848585311264 0 0 0 0 0 0 240 67 9 0 0 0 
1657565226.115327 20.483203125 59.45388393778639 984.7643343048773 0 0 0 0 0 0 240 67 9 0 0 0 
1657565231.2469642 20.48828125 59.46566844863449 984.7909317760955 0 0 0 0 0 0 297 79 9 0 0 0 
1657565236.3821707 20.473046875 59.50649471199063 984.7633100091838 1 2 2 1 2 2 354 99 12 0 0 0 
1657565241.5141826 20.462890625 59.39454412202116 984.7771021869573 1 2 2 1 2 2 360 94 12 0 0 0 
1657565246.6457753 20.46796875 59.51301573220516 984.7498468749199 1 2 2 1 2 2 360 94 12 0 0 0 
1657565251.7777464 20.473046875 59.56562486253258 984.7431153094661 0 1 1 0 1 1 360 94 12 0 0 0 
1657565256.9090562 20.48828125 59.41873873368242 984.7374076059496 0 1 1 0 1 1 354 94 14 0 0 0 
1657565262.0406883 20.478125 59.46566844863449 984.7599442251981 0 1 1 0 1 1 354 94 14 0 0 0 
1657565267.1716783 20.473046875 59.48313581186911 984.7360542712585 0 1 1 0 1 1 354 94 14 0 0 0 
1657565272.3022487 20.46796875 59.335828922860934 984.7518590088154 0 1 1 0 1 1 339 87 14 0 0 0 
1657565277.4372637 20.46796875 59.294581842274596 984.7683586856865 0 1 1 0 1 1 339 87 14 0 0 0 
1657565282.568281 20.46796875 59.53616471865671 984.7686877924951 0 1 1 0 1 1 339 87 14 0 0 0 
1657565287.700474 20.46796875 59.54773873048435 984.761627117156 0 1 1 0 1 1 360 96 14 0 0 0 
1657565292.8329759 20.473046875 59.43031479269478 984.7528833197421 0 1 1 0 1 1 360 96 14 0 0 0 
1657565297.966453 20.473046875 59.41873873368242 984.7242739414806 0 1 1 0 1 1 360 96 14 0 0 0 
1657565303.1002655 20.48828125 59.54226676655944 984.7592855474646 1 2 2 1 2 2 360 99 14 0 0 0 
1657565308.229853 20.483203125 59.471769869271846 984.7640048423865 1 2 2 1 2 2 360 99 14 0 0 0 
1657565313.3610866 20.493359375 59.44251706366716 984.757602628467 1 2 2 1 2 2 360 99 14 0 0 0 
1657565318.4966536 20.478125 59.56079183138851 984.7872365261521 0 0 0 0 0 0 183 50 2 0 0 0 
1657565323.6290793 20.493359375 59.43094088976091 984.755590179274 0 0 0 0 0 0 183 50 2 0 0 0 
1657565328.7610314 20.478125 59.2657398118885 984.7508709531756 0 0 0 0 0 0 204 52 4 0 0 0 
1657565333.8924499 20.483203125 59.27183940801162 984.7754558965457 0 0 0 0 0 0 204 52 4 0 0 0 
1657565339.0263066 20.483203125 59.44251706366716 984.762980752189 0 0 0 0 0 0 204 52 4 0 0 0 
1657565344.1603105 20.46796875 59.36591472421463 984.7515297664581 0 0 0 0 0 0 225 59 4 0 0 0 
1657565349.2910945 20.473046875 59.393085527617096 984.7969678644233 0 0 0 0 0 0 225 59 4 0 0 0 
1657565354.4245632 20.478125 59.53679448031616 984.7845293408213 0 0 0 0 0 0 225 59 4 0 0 0 
1657565359.5566845 20.473046875 59.58393220143206 984.7862122609379 0 0 0 0 0 0 231 61 4 0 0 0 
1657565364.6888802 20.483203125 59.63064728166858 984.7528833197421 0 0 0 0 0 0 231 61 4 0 0 0 
1657565369.8205965 20.473046875 59.45977619835191 984.7818218261041 0 0 0 0 0 0 231 61 4 0 0 0 
1657565374.9556742 20.473046875 59.54226676655944 984.7966388785264 0 0 0 0 0 0 258 65 4 0 0 0 
1657565380.0873206 20.473046875 59.57130651483766 984.7680294693564 0 0 0 0 0 0 258 65 4 0 0 0 
1657565385.2190967 20.46796875 59.60686863208478 984.7602733997813 0 0 0 0 0 0 258 65 4 0 0 0 
1657565390.3502612 20.473046875 59.46566844863449 984.7690167897847 0 0 0 0 0 0 237 58 4 0 0 0 
1657565395.4810245 20.4578125 59.7303847560052 984.7585905214482 0 0 0 0 0 0 237 58 4 0 0 0 
1657565400.614632 20.462890625 59.365082823501524 984.7501761308321 0 0 0 0 0 0 252 62 2 0 0 0 
1657565405.7497625 20.452734375 59.62433342810761 984.7387252281825 0 0 0 0 0 0 252 62 2 0 0 0 
1657565410.8832817 20.4578125 59.565414584173055 984.762285329693 0 0 0 0 0 0 252 62 2 0 0 0 
1657565416.0178359 20.473046875 59.58919279254442 984.7538710061516 0 0 0 0 0 0 294 76 4 0 0 0 
1657565421.1475706 20.473046875 59.51827876868695 984.7518590088154 0 0 0 0 0 0 294 76 4 0 0 0 
1657565426.279395 20.46796875 59.553630691996396 984.7703706712477 0 0 0 0 0 0 294 76 4 0 0 0 
1657565431.4112875 20.473046875 59.46566844863449 984.7512004145792 1 1 1 1 1 1 321 80 4 0 0 0 
1657565436.5468016 20.478125 59.35960637025668 984.7353595005142 1 1 1 1 1 1 321 80 4 0 0 0 
1657565441.6770291 20.483203125 59.53637464995523 984.7239442631987 1 1 1 1 1 1 321 80 4 0 0 0 
1657565446.8120978 20.478125 59.45388393778639 984.7192252297676 0 0 0 0 0 0 342 84 4 0 0 0 
1657565451.943706 20.483203125 59.52500994720295 984.7323588518935 0 0 0 0 0 0 342 84 4 0 0 0 
1657565457.0734334 20.48828125 59.39580193703757 984.7023961952697 0 0 0 0 0 0 342 84 4 0 0 0 
1657565462.207568 20.48828125 59.47808062982623 984.7481989524808 0 0 0 0 0 0 336 79 4 0 0 0 
1657565467.3409214 20.48828125 59.51932736249129 984.7165527999147 1 1 1 1 1 1 336 79 4 0 0 0 
1657565472.4735265 20.493359375 59.2659466165682 984.7145397809094 1 1 1 1 1 1 336 79 4 0 0 0 
1657565477.6065931 20.493359375 59.401478218001174 984.7481989524808 1 1 1 1 1 1 372 91 4 0 0 0 
1657565482.7410996 20.493359375 59.401694572097085 984.7128568230651 0 1 1 0 1 1 288 79 12 2 0 0 
1657565487.8755257 20.503515625 59.34276775872616 984.7455258847154 0 1 1 0 1 1 294 81 12 2 0 0 
1657565493.0100532 20.503515625 59.289939799289925 984.7741368926629 0 1 1 0 1 1 294 81 12 2 0 0 
1657565498.1440818 20.4984375 59.39621845181132 984.7546009312907 0 1 1 0 1 1 294 81 12 2 0 0 
1657565503.2781444 20.4984375 59.55510955294309 984.7445030938738 0 1 1 0 1 1 321 90 19 4 0 0 
1657565508.412097 20.493359375 59.348444760963126 984.7280034461812 0 1 1 0 1 1 321 90 19 4 0 0 
1657565513.5461185 20.483203125 59.65484879338559 984.735065192482 0 1 1 0 1 1 321 90 19 4 0 0 
1657565518.6795654 20.483203125 59.44861836941285 984.7636752703662 0 1 1 0 1 1 291 80 19 4 0 0 
1657565523.813455 20.478125 59.51343500296155 984.7222613456697 1 2 2 1 2 2 291 80 19 4 0 0 
1657565528.9487066 20.493359375 59.342552103207275 984.7340417698423 1 2 2 1 2 2 291 80 19 4 0 0 
1657565534.0841246 20.483203125 59.47218819831087 984.6977102056136 1 2 2 1 2 2 303 82 19 4 0 0 
1657565539.2182364 20.4984375 59.41958094740782 984.7424900579324 1 2 2 1 2 2 303 82 19 4 0 0 
1657565544.3502603 20.503515625 59.590884879433375 984.7397841569656 1 2 2 1 2 2 303 82 19 4 0 0 
1657565549.4839485 20.503515625 59.27226107525496 984.7428201212156 1 2 2 1 2 2 372 86 17 4 0 0 
1657565554.6179147 20.503515625 59.37264727057479 984.7674048889747 1 2 2 1 2 2 372 86 17 4 0 0 
1657565559.7526553 20.493359375 59.28404690156241 984.7276733704401 0 1 1 0 1 1 372 86 17 4 0 0 
1657565564.886544 20.4984375 59.27794707622722 984.7357581137793 0 0 0 0 0 0 189 52 12 0 0 0 
1657565570.02053 20.50859375 59.55531962114646 984.7455258847154 0 0 0 0 0 0 189 52 12 0 0 0 
1657565575.1544983 20.503515625 59.44336032063432 984.7539408849549 0 1 1 0 1 1 195 59 14 0 0 0 
1657565580.289166 20.50859375 59.42020647844116 984.6933529222557 0 1 1 0 1 1 195 59 14 0 0 0 
1657565585.422062 20.50859375 59.44356910005097 984.7132183869497 0 1 1 0 1 1 195 59 14 0 0 0 
1657565590.556668 20.4984375 59.38443288176181 984.7121963180557 0 1 1 0 1 1 210 64 16 0 0 0 
1657565595.6892076 20.50859375 59.4084207215916 984.6829241804924 0 1 1 0 1 1 210 64 16 0 0 0 
1657565600.8192992 20.513671875 59.27836090012847 984.732061887969 0 1 1 0 1 1 210 64 16 0 0 0 
1657565605.9502788 20.513671875 59.37243928764043 984.7064863391122 0 1 1 0 1 1 231 71 16 0 0 0 
1657565611.0840611 20.513671875 59.22573622972346 984.7280349983253 0 1 1 0 1 1 231 71 16 0 0 0 
1657565616.21837 20.503515625 59.45514568499631 984.690648003503 0 1 1 0 1 1 231 71 16 0 0 0 
1657565621.3503015 20.503515625 59.42568219695851 984.7317315242733 1 1 1 1 1 1 252 73 18 0 0 0 
1657565626.4821293 20.50859375 59.50186779467168 984.7307091563989 1 1 1 1 1 1 252 73 18 0 0 0 
1657565631.6163468 20.503515625 59.67295609209784 984.5889019614672 1 1 1 1 1 1 252 73 18 0 0 0 
1657565636.7480729 20.4984375 59.54332467277653 984.6825635938268 1 1 1 1 1 1 252 73 18 0 0 0 
1657565641.8820143 20.503515625 59.35455320367158 984.7192585113457 1 1 1 1 1 1 252 73 18 0 0 0 
1657565647.0152035 20.4984375 59.596356309575626 984.7192585113457 1 1 1 1 1 1 282 84 10 0 0 0 
1657565652.1491563 20.50859375 59.50186779467168 984.7020984097987 0 0 0 0 0 0 282 84 10 0 0 0 
1657565657.283593 20.503515625 59.21374364901829 984.690648003503 0 0 0 0 0 0 282 84 10 0 0 0 
1657565662.4173791 20.4984375 59.44336032063432 984.7222942288302 0 0 0 0 0 0 261 77 12 0 0 0 
1657565667.5487208 20.50859375 59.466721948990234 984.7037813943333 1 1 1 1 1 1 261 77 12 0 0 0 
1657565672.6771722 20.50859375 59.402111221409506 984.6953664723596 1 1 1 1 1 1 261 77 12 0 0 0 
1657565677.8114936 20.50859375 59.37243928764043 984.6714739580001 1 1 1 1 1 1 270 80 10 0 0 0 
1657565682.9402425 20.513671875 59.46082935978692 984.6647419713763 1 1 1 1 1 1 270 80 10 0 0 0 
1657565688.0685487 20.50859375 59.19627006346321 984.6795581589514 1 1 1 1 1 1 270 80 10 0 0 0 
1657565693.203023 20.50859375 59.44377786872211 984.6714739580001 1 1 1 1 1 1 234 71 10 0 0 0 
1657565698.339653 20.503515625 59.40231952994733 984.6997542923934 1 1 1 1 1 1 234 71 10 0 0 0 
1657565703.4692395 20.513671875 59.467349094445474 984.661375978484 1 1 1 1 1 1 234 71 10 0 0 0 
1657565708.6025302 20.503515625 59.497022258515045 984.6512780014856 1 1 1 1 1 1 234 71 10 0 0 0 
1657565713.7363427 20.50859375 59.538061784270134 984.7135488997512 1 1 1 1 1 1 234 71 10 0 0 0 
1657565718.8697004 20.50859375 59.466721948990234 984.6815719400339 1 1 1 1 1 1 234 71 10 0 0 0 
1657565724.0028105 20.513671875 59.46124733296907 984.6809102897943 1 1 1 1 1 1 255 78 14 0 0 0 
1657565729.1353047 20.51875 59.538061784270134 984.6674460974281 0 0 0 0 0 0 195 59 0 0 0 0 
1657565734.2681475 20.513671875 59.314133185776946 984.7128877646034 0 0 0 0 0 0 195 59 0 0 0 0 
1657565739.4016721 20.523828125 59.326126684268054 984.6337856360952 0 0 0 0 0 0 195 59 0 0 0 0 
1657565744.5356832 20.523828125 59.45556350215349 984.6957266441112 0 0 0 0 0 0 222 66 2 0 0 0 
1657565749.666641 20.51875 59.39705135241157 984.6721641118245 0 0 0 0 0 0 222 66 2 0 0 0 
1657565754.8010242 20.51875 59.3675860047535 984.6873114524352 0 0 0 0 0 0 222 66 2 0 0 0 
1657565759.9335642 20.52890625 59.185100886495356 984.6465871866358 0 0 0 0 0 0 216 64 2 0 0 0 
1657565765.0673265 20.5341796875 59.244654469018045 984.6715016687372 0 0 0 0 0 0 216 64 2 0 0 0 
1657565770.2012467 20.52890625 59.34401354149127 984.6873114524352 0 0 0 0 0 0 216 64 2 0 0 0 
1657565775.3338253 20.51875 59.43240943018568 984.6721641118245 0 1 1 0 1 1 216 64 6 0 0 0 
1657565780.4675791 20.51875 59.538061784270134 984.6388347035119 0 1 1 0 1 1 216 64 6 0 0 0 
1657565785.6002693 20.523828125 59.208468684141444 984.665100741273 0 1 1 0 1 1 216 64 6 0 0 0 
1657565790.734358 20.51875 59.33749775875069 984.6610450454766 0 0 0 0 0 0 195 57 6 0 0 0 
1657565795.8675559 20.50859375 59.43178356001585 984.6761921376901 0 0 0 0 0 0 195 57 6 0 0 0 
1657565800.9999614 20.503515625 59.43178356001585 984.677213224732 0 0 0 0 0 0 195 57 6 0 0 0 
1657565806.1324174 20.513671875 59.213949794073905 984.6570167768789 0 0 0 0 0 0 195 54 6 0 0 0 
1657565811.265311 20.51875 59.514281476354284 984.6445460182186 1 1 1 1 1 1 243 67 8 0 0 0 
1657565816.399104 20.513671875 59.479134645598066 984.6576790257541 1 1 1 1 1 1 300 79 6 0 0 0 
1657565821.5303276 20.523828125 59.3907420091809 984.6465871866358 1 1 1 1 1 1 300 79 6 0 0 0 
1657565826.6597586 20.513671875 59.33160480875241 984.6391659222804 1 1 1 1 1 1 300 79 6 0 0 0 
1657565831.7912855 20.51875 59.40612009652111 984.4977369763618 1 1 1 1 1 1 312 83 8 0 0 0 
1657565836.9257138 20.513671875 59.35579979369302 984.6024711481525 1 1 1 1 1 1 312 83 8 0 0 0 
1657565842.0604844 20.513671875 59.3907420091809 984.6489328402332 1 1 1 1 1 1 312 83 8 0 0 0 
1657565847.193953 20.513671875 59.42020647844116 984.5987737258936 0 1 1 0 1 1 240 71 8 0 0 0 
1657565852.3283906 20.513671875 59.55005705729054 984.6539819095378 0 1 1 0 1 1 240 71 8 0 0 0 
1657565857.4627566 20.51875 59.526276438814506 984.6071887634855 0 1 1 0 1 1 240 71 8 0 0 0 
1657565862.594133 20.523828125 59.431992194151334 984.6438837715577 1 1 1 1 1 1 261 78 10 0 0 0 
1657565867.724651 20.513671875 59.37306320420656 984.6536507032158 1 1 1 1 1 1 261 78 10 0 0 0 
1657565872.8568556 20.52890625 59.49723161109408 984.6422007488057 1 1 1 1 1 1 261 78 10 0 0 0 
1657565877.9910674 20.5341796875 59.503124474919275 984.6361573266959 1 1 1 1 1 1 267 80 10 0 0 0 
1657565883.1258643 20.523828125 59.26740189936112 984.6247075420662 1 1 1 1 1 1 267 80 10 0 0 0 
1657565888.25708 20.52890625 59.38547330795088 984.6445726434317 1 1 1 1 1 1 267 80 10 0 0 0 
1657565893.3886988 20.51875 59.44377786872211 984.6570167768789 1 1 1 1 1 1 255 74 8 0 0 0 
1657565898.5215042 20.51875 59.509017328459166 984.6516363370611 1 1 1 1 1 1 255 74 8 0 0 0 
1657565903.65258 20.513671875 59.28466779088033 984.6539819095378 1 1 1 1 1 1 234 69 8 0 0 0 
1657565908.7813609 20.523828125 59.220255409467946 984.6324338867516 1 1 1 1 1 1 234 69 8 0 0 0 
1657565913.9121892 20.523828125 59.42651644293663 984.6368203390971 1 1 1 1 1 1 234 69 8 0 0 0 
1657565919.0422816 20.5341796875 59.28508166336327 984.6583685386076 0 0 0 0 0 0 222 64 8 0 0 0 
1657565924.1756427 20.52890625 59.27918841898121 984.6910358934796 0 0 0 0 0 0 222 64 8 0 0 0 
1657565929.3113756 20.5392578125 59.320855550443184 984.6795856747165 0 0 0 0 0 0 222 64 8 0 0 0 
1657565934.4464664 20.5494140625 59.168448107895124 984.6688240771588 1 1 1 1 1 1 222 62 8 0 0 0 
1657565939.5765889 20.5494140625 59.21601065360451 984.6883581045663 1 1 1 1 1 1 222 62 8 0 0 0 
1657565944.7061865 20.5544921875 59.20929280182948 984.6957537698988 1 1 1 1 1 1 222 62 8 0 0 0 
1657565949.8353462 20.5595703125 59.348029257214975 984.6910607465579 1 1 1 1 1 1 264 74 8 0 0 0 
1657565954.9650545 20.5595703125 59.386721464772485 984.6950906378719 1 1 1 1 1 1 264 74 8 0 0 0 
1657565960.0946374 20.5595703125 59.36883301518226 984.6765761739744 1 1 1 1 1 1 264 74 8 0 0 0 
1657565965.2268286 20.5544921875 59.33978030371633 984.6806058155294 1 1 1 1 1 1 258 72 8 0 0 0 
1657565970.3614712 20.5494140625 59.516376751463895 984.6991199827504 1 1 1 1 1 1 258 72 8 0 0 0 
1657565975.4949596 20.5544921875 59.35136006793272 984.6486268193545 0 0 0 0 0 0 228 69 2 0 0 0 
1657565980.6247394 20.5544921875 59.18064706316576 984.6536761328614 0 0 0 0 0 0 228 69 2 0 0 0 
1657565985.753422 20.5595703125 59.36314724136054 984.6651261116007 0 0 0 0 0 0 228 69 2 0 0 0 
1657565990.885383 20.5595703125 59.23369230994657 984.6429135340262 1 1 1 1 1 1 264 81 2 0 0 0 
1657565996.0180373 20.5646484375 59.340402590320195 984.6762442945017 1 1 1 1 1 1 264 81 2 0 0 0 
1657566001.1541874 20.5646484375 59.216628701918474 984.6486494419901 1 1 1 1 1 1 264 81 2 0 0 0 
1657566006.2854574 20.5595703125 59.31641265255552 984.6839960745289 1 1 1 1 1 1 255 76 2 0 0 0 
1657566011.4176855 20.5646484375 59.40502656309075 984.6876944258239 1 1 1 1 1 1 255 76 2 0 0 0 
1657566016.5500076 20.5595703125 59.34608898644477 984.6207005062676 1 1 1 1 1 1 255 76 2 0 0 0 
1657566021.6814938 20.5646484375 59.29873122645649 984.6526802538264 1 1 1 1 1 1 264 79 4 0 0 0 
1657566026.8158677 20.5798828125 59.281463209297705 984.6792786252128 1 1 1 1 1 1 264 79 4 0 0 0 
1657566031.9494276 20.5646484375 59.134110255777514 984.6557143928048 1 1 1 1 1 1 264 79 4 0 0 0 
1657566037.083067 20.5798828125 59.31661981233372 984.6651488783979 1 1 1 1 1 1 255 76 4 0 0 0 
1657566042.2155552 20.5849609375 59.251580304211515 984.6567329467804 1 1 1 1 1 1 255 76 4 0 0 0 
1657566047.3452225 20.5748046875 59.151587684403005 984.6207005062676 1 1 1 1 1 1 255 76 4 0 0 0 
