timestamp temperature humidity pressure pm10_standard pm25_standard pm100_standard pm10_env pm25_env pm100_env particles_03um particles_05um particles_10um particles_25um particles_50um particles_100um
1643666078.4283922 21.11875 35.33100851317648 989.868074582086 4 6 6 4 6 6 780 218 37 6 0 0 
1643666083.5773678 21.123828125 35.29555788211552 989.8282424461737 3 6 6 3 6 6 735 206 39 6 0 0 
1643666088.7238228 21.144140625 35.3248592740851 989.8371430688464 3 6 6 3 6 6 735 206 39 6 0 0 
1643666093.8736217 21.11875 35.25955342961023 989.8492392879276 3 6 6 3 6 6 735 206 39 6 0 0 
1643666099.0215232 21.133984375 35.39638026939608 989.8593484236934 3 6 6 3 6 6 735 203 39 6 0 0 
1643666104.1696699 21.133984375 35.41414098445177 989.8590463694494 3 6 6 3 6 6 735 203 39 6 0 0 
1643666109.3176434 21.133984375 35.36659771445483 989.8523068910795 3 6 6 3 6 6 735 203 39 6 0 0 
1643666114.4677854 21.12890625 35.20019107148119 989.8461716295255 5 7 8 5 7 8 1032 305 41 4 0 0 
1643666119.6161559 21.133984375 35.37848359383483 989.8290210239642 5 7 8 5 7 8 1032 305 41 4 0 0 
1643666124.7694447 21.123828125 35.22389402067735 989.8644029925222 5 7 8 5 7 8 1047 305 44 4 0 0 
1643666129.9247212 21.1390625 35.30709873062035 989.8497149968249 5 7 8 5 7 8 1047 305 44 4 0 0 
1643666135.0785782 21.123828125 35.437912371927176 989.8242686888074 5 7 8 5 7 8 1047 305 44 4 0 0 
1643666140.2316647 21.123828125 35.22997698083509 989.8596503681613 5 8 8 5 8 8 1068 316 48 4 0 0 
1643666145.3849022 21.113671875 35.24207225699135 989.8012854286524 5 8 8 5 8 8 1068 316 48 4 0 0 
1643666150.5387177 21.1033203125 35.325340466733316 989.8440091681822 5 8 8 5 8 8 1068 316 48 4 0 0 
1643666155.6919427 21.1033203125 35.57498980775985 989.8962376194222 5 8 9 5 8 9 1095 323 50 4 0 0 
1643666160.845073 21.0931640625 35.62859941298371 989.851351163622 5 8 9 5 8 9 1095 323 50 4 0 0 
1643666165.9984078 21.0880859375 35.545344943691035 989.8227102397838 5 8 9 5 8 9 1095 323 50 4 0 0 
1643666171.1540043 21.0880859375 35.21858028545969 989.8516524210952 5 7 9 5 7 9 1095 316 52 6 2 0 
1643666176.3076634 21.0982421875 35.30163863159445 989.8692809910192 5 7 9 5 7 9 1095 316 52 6 2 0 
1643666181.4609344 21.0982421875 35.43237452518323 989.8561041198532 5 7 9 5 7 9 1095 316 52 6 2 0 
1643666186.6132798 21.0779296875 35.301914409479814 989.825299093542 5 8 10 5 8 10 1095 318 57 6 2 0 
1643666191.7653353 21.0728515625 35.30785678544057 989.8539393269494 5 8 10 5 8 10 1095 318 57 6 2 0 
1643666196.9176443 21.0728515625 35.27234088142929 989.7733744032772 5 9 9 5 9 9 972 294 58 2 0 0 
1643666202.0715775 21.0626953125 35.43879104912367 989.8346255924158 5 9 9 5 9 9 972 294 58 2 0 0 
1643666207.2275422 21.0525390625 35.52805151199629 989.8284883732858 5 8 8 5 8 8 936 282 58 2 0 0 
1643666212.3797045 21.0423828125 35.498276533162134 989.8352269789709 5 8 8 5 8 8 936 282 58 2 0 0 
1643666217.5329812 21.0474609375 35.39733281492732 989.8655507184252 5 8 8 5 8 8 936 282 58 2 0 0 
1643666222.6862867 21.0322265625 35.213409298799085 989.8613974068278 5 8 8 5 8 8 930 272 53 2 0 0 
1643666227.839693 21.0423828125 35.4747100423186 989.8745743072062 5 8 8 5 8 8 930 272 53 2 0 0 
1643666232.9925444 21.0373046875 35.498609536148415 989.8509895493635 5 8 8 5 8 8 930 272 53 2 0 0 
1643666238.1458304 21.0220703125 35.52250773018912 989.830577542837 5 6 6 5 6 6 900 267 44 0 0 0 
1643666243.299696 21.0119140625 35.35642145817594 989.839000255005 5 6 6 5 6 6 900 267 44 0 0 0 
1643666248.4529707 21.0220703125 35.45134620374641 989.8406847976487 5 6 6 5 6 6 900 267 44 0 0 0 
1643666253.6055756 21.0220703125 35.28498761775248 989.8420696220859 4 6 6 4 6 6 870 258 39 0 0 0 
1643666258.7579834 21.0169921875 35.30267455309851 989.8302777296343 4 6 6 4 6 6 870 258 39 0 0 0 
1643666263.9075782 21.0220703125 35.66522393947649 989.8468235040159 4 6 6 4 6 6 870 258 39 0 0 0 
1643666269.060922 21.0220703125 35.32650950751692 989.8140319628477 5 6 6 5 6 6 900 270 36 0 0 0 
1643666274.2132182 21.0169921875 35.27904609021505 989.8291927176592 5 6 6 5 6 6 900 270 36 0 0 0 
1643666279.3657017 21.0068359375 35.48699342075613 989.8005557411116 5 9 9 5 9 9 1065 302 70 4 0 0 
1643666284.5175517 21.0068359375 35.374245198467804 989.8625838583918 5 9 9 5 9 9 1098 316 61 4 0 0 
1643666289.665224 20.9966796875 35.433724249918995 989.824438780104 5 9 9 5 9 9 1098 316 61 4 0 0 
1643666294.8103182 20.9865234375 35.45174846603258 989.8074064611781 5 9 9 5 9 9 1098 316 61 4 0 0 
1643666299.9579427 20.9763671875 35.493400512588984 989.8512020881956 5 9 9 5 9 9 1047 294 59 4 0 0 
1643666305.1099515 20.9763671875 35.5112225182836 989.8407964234086 5 9 9 5 9 9 1047 294 59 4 0 0 
1643666310.260916 20.9865234375 35.51703064463408 989.8506041863683 5 9 9 5 9 9 1047 294 59 4 0 0 
1643666315.4143271 20.9865234375 35.5110898602327 989.8172139728572 5 8 8 5 8 8 1011 287 52 2 0 0 
1643666320.565535 20.9814453125 35.481452459180254 989.8175131401335 5 8 8 5 8 8 1011 287 52 2 0 0 
1643666325.7143211 20.9763671875 35.39240739490478 989.8354439121804 5 8 8 5 8 8 1011 287 52 2 0 0 
1643666330.85727 20.9662109375 35.45795697102668 989.8161277646027 5 8 8 5 8 8 996 282 54 4 0 0 
1643666336.010497 20.9662109375 35.4341275457208 989.8217787959528 5 8 8 5 8 8 996 282 54 4 0 0 
1643666341.1627982 20.9662109375 35.511421424287185 989.8234632021487 5 8 8 5 8 8 996 282 54 4 0 0 
1643666346.3122363 20.9611328125 35.570890991464715 989.8136555351961 5 7 7 5 7 7 1026 287 44 4 0 0 
1643666351.4647214 20.9611328125 35.7371510239955 989.8116723602484 5 7 7 5 7 7 1026 287 44 4 0 0 
1643666356.6180065 20.9611328125 35.3689835187806 989.7954260333303 5 7 7 5 7 7 1026 287 44 4 0 0 
1643666361.7703025 20.9611328125 35.52336844447145 989.7867052681593 4 7 8 4 7 8 957 263 57 4 2 0 
1643666366.922445 20.9509765625 35.48779264387151 989.7853197670761 4 6 7 4 6 7 936 256 50 2 2 0 
1643666372.0780084 20.9509765625 35.428388596585016 989.8072166804802 4 6 7 4 6 7 936 256 50 2 2 0 
1643666377.2270837 20.9560546875 35.54719566064006 989.8136555351961 4 6 7 4 6 7 936 256 50 2 2 0 
1643666382.3740482 20.9560546875 35.50561365710645 989.8226745709923 5 7 8 5 7 8 978 277 50 2 2 0 
1643666387.5191028 20.9306640625 35.54145312583486 989.7949358474261 5 7 8 5 7 8 978 277 50 2 2 0 
1643666392.6699774 20.9458984375 35.487859175534176 989.8206917099961 5 7 8 5 7 8 978 277 50 2 2 0 
1643666397.818148 20.9560546875 35.53544710064998 989.8055323021058 5 7 8 5 7 8 1002 284 57 2 2 0 
1643666402.9664266 20.9560546875 35.41056718144807 989.7940403679668 5 7 8 5 7 8 1002 284 57 2 2 0 
1643666408.1231356 20.9255859375 35.50574630027096 989.7886885222141 5 7 8 5 7 8 1002 284 57 2 2 0 
1643666413.276403 20.9509765625 35.523566811412486 989.8145511845811 4 6 7 4 6 7 939 263 48 2 2 0 
1643666418.4292617 20.9306640625 35.58283697605258 989.8081121635358 4 6 7 4 6 7 939 263 48 2 2 0 
1643666423.5837002 20.9306640625 35.66031670145389 989.560743618062 4 6 7 4 6 7 939 263 48 2 2 0 
1643666428.737086 20.9357421875 35.488125194087026 989.7901811913955 4 5 6 4 5 6 933 251 39 2 2 0 
1643666433.8895407 20.9205078125 35.399091354780154 989.8019713619674 4 5 6 4 5 6 933 251 39 2 2 0 
1643666439.0460103 20.9154296875 35.672131859444185 989.7999888185626 4 5 6 4 5 6 933 251 39 2 2 0 
1643666444.2026577 20.9205078125 35.612798119894954 989.8212885914152 5 8 8 5 8 8 978 294 58 2 0 0 
1643666449.3551095 20.9154296875 35.45241803838296 989.7767067149434 5 8 8 5 8 8 978 294 58 2 0 0 
1643666454.5079963 20.9205078125 35.54745899345897 989.7929531268217 4 8 8 4 8 8 966 294 65 2 0 0 
1643666459.6545289 20.9408203125 35.59484792855504 989.7981971165646 4 8 8 4 8 8 966 294 65 2 0 0 
1643666464.8036597 20.9458984375 35.37485623413357 989.805233574821 4 8 8 4 8 8 966 294 65 2 0 0 
1643666469.9540172 20.9662109375 35.45188246698197 989.8197955652045 5 9 9 5 9 9 1008 309 68 4 0 0 
1643666475.0971673 20.9560546875 35.48779264387151 989.8231644046473 5 9 9 5 9 9 1008 309 68 4 0 0 
1643666480.2463832 20.9611328125 35.34515301915982 989.7981971165646 5 9 9 5 9 9 1008 309 68 4 0 0 
1643666485.396933 20.9560546875 35.54719566064006 989.8099879545427 5 9 9 5 9 9 957 299 70 4 0 0 
1643666490.5442932 20.9611328125 35.505480970703076 989.811971142981 5 9 9 5 9 9 957 299 70 4 0 0 
1643666495.694674 20.9560546875 35.43432904768697 989.7870041446101 5 9 9 5 9 9 957 299 70 4 0 0 
1643666500.8430357 20.9408203125 35.36911930041187 989.814252744472 5 9 10 5 9 10 957 297 70 6 2 0 
1643666505.9953494 20.9306640625 35.487992206430164 989.7966201710682 5 9 10 5 9 10 957 297 70 6 2 0 
1643666511.1502042 20.9357421875 35.511752718099174 989.7926546201089 5 9 10 5 9 10 957 297 70 6 2 0 
1643666516.3031316 20.9306640625 35.357238434110805 989.7943389708021 5 9 10 5 9 10 936 297 63 6 2 0 
1643666521.4554825 20.9357421875 35.4938659079864 989.78146126081 5 9 10 5 9 10 936 297 63 6 2 0 
1643666526.6075287 20.9408203125 35.52369900199158 989.7761097593477 5 8 11 5 8 11 1005 309 54 8 4 4 
1643666531.7560313 20.9357421875 35.57115327595879 989.8007778256814 5 8 11 5 8 11 1005 309 54 8 4 4 
1643666536.9053319 20.9408203125 35.458291334993305 989.7993920233014 5 8 11 5 8 11 1005 309 54 8 4 4 
1643666542.0578828 20.9560546875 35.250239532491314 989.8122698160233 5 8 12 5 8 12 1077 333 56 8 4 4 
1643666547.209578 20.9509765625 35.48772610139905 989.8470448962446 5 8 12 5 8 12 1077 333 56 8 4 4 
1643666552.3630815 20.9611328125 35.511421424287185 989.8063202102342 5 8 12 5 8 12 1077 333 56 8 4 4 
1643666557.520047 20.9611328125 35.559010416548894 989.7799677042015 5 9 10 5 9 10 1071 328 56 6 2 2 
1643666562.6727028 20.9560546875 35.36304295432168 989.766791618825 5 9 10 5 9 10 1071 328 56 6 2 2 
1643666567.8268614 20.9458984375 35.321390261683334 989.7752135033431 5 9 10 5 9 10 1071 328 56 6 2 2 
1643666572.980848 20.9357421875 35.64830779261717 989.7590743754657 6 9 11 6 9 11 1107 337 65 6 2 2 
1643666578.1325119 20.9357421875 35.50832673380647 989.3295667142669 6 9 11 6 9 11 1107 337 65 6 2 2 
1643666583.2877357 20.9357421875 35.54145312583486 989.7629337115309 6 9 11 6 9 11 1107 337 65 6 2 2 
1643666588.4408512 20.9306640625 35.488125194087026 989.7744254229855 6 9 11 6 9 11 1143 339 65 6 2 2 
1643666593.5938914 20.9205078125 35.39315125122202 989.789285918933 6 9 11 6 9 11 1143 339 65 6 2 2 
1643666598.7471938 20.9306640625 35.434463328281204 989.7744254229855 6 9 11 6 9 11 1143 339 65 6 2 2 
1643666603.9043443 20.9205078125 35.44067179118177 989.8117790869987 5 9 9 5 9 9 1056 311 60 4 0 0 
1643666609.0572486 20.9306640625 35.52369900199158 989.7679866786758 5 7 7 5 7 7 1059 308 30 2 0 0 
1643666614.2097976 20.9205078125 35.63668704802107 989.7733380965308 5 7 7 5 7 7 1059 308 30 2 0 0 
1643666619.3618007 20.9408203125 35.48792569638705 989.7292472800056 5 7 7 5 7 7 1059 308 30 2 0 0 
1643666624.515166 20.9408203125 35.434463328281204 989.7441073804406 5 7 7 5 7 7 990 286 28 2 0 0 
1643666629.668362 20.9408203125 35.33347657785219 989.7154736944264 5 7 7 5 7 7 990 286 28 2 0 0 
1643666634.8216355 20.9509765625 35.321527156634595 989.7429111224635 5 7 7 5 7 7 990 286 28 2 0 0 
1643666639.9749022 20.9611328125 35.600526991370685 989.7577714124066 4 7 7 4 7 7 927 272 35 2 0 0 
1643666645.1281674 20.9611328125 35.40442416373472 989.7664925796475 4 7 7 4 7 7 927 272 35 2 0 0 
1643666650.2850218 20.9458984375 35.345221199113816 989.7729310467382 4 7 7 4 7 7 927 272 35 2 0 0 
1643666655.434601 20.9408203125 35.51168648095617 989.7421241318822 4 7 7 4 7 7 942 272 37 2 0 0 
1643666660.5873587 20.9560546875 35.26792345449444 989.7577714124066 4 7 7 4 7 7 942 272 37 2 0 0 
1643666665.7397013 20.9560546875 35.27987396985286 989.731120399019 4 7 7 4 7 7 942 272 37 2 0 0 
1643666670.895166 20.9458984375 35.56495070915951 989.7516322311043 5 7 7 5 7 7 984 289 32 2 0 0 
1643666676.048408 20.9408203125 35.4046941759688 989.7384563845767 5 7 7 5 7 7 984 289 32 2 0 0 
1643666681.2020624 20.9357421875 35.32159558789465 989.7134902165312 5 7 7 5 7 7 984 289 32 2 0 0 
1643666686.3565536 20.9560546875 35.18475120636203 989.7364728490561 4 7 7 4 7 7 933 270 32 2 0 0 
1643666691.508362 20.9611328125 35.27379524251406 989.735574670179 4 8 10 4 8 10 996 277 60 6 2 0 
1643666696.658193 20.9560546875 35.38086461678292 989.7544026055476 4 7 8 4 7 8 939 256 57 4 0 0 
1643666701.8075924 20.9611328125 35.36891561174964 989.7210140673695 4 7 8 4 7 8 939 256 57 4 0 0 
1643666706.955605 20.9611328125 35.39855104392251 989.7308209653794 4 7 8 4 7 8 939 256 57 4 0 0 
1643666712.1035767 20.9509765625 35.226476661352045 989.7280509725919 4 8 9 4 8 9 951 261 59 4 0 0 
1643666717.2599776 20.9611328125 35.27379524251406 989.7240833564241 4 8 9 4 8 9 951 261 59 4 0 0 
1643666722.4027097 20.9662109375 35.31538101462716 989.7450819966683 4 8 9 4 8 9 951 261 59 4 0 0 
1643666727.5501072 20.9712890625 35.214176980065886 989.7363599609005 4 8 8 4 8 8 903 256 59 4 0 0 
1643666732.7009528 20.8796875 35.398348248984156 989.6948487649574 4 8 8 4 8 8 903 256 59 4 0 0 
1643666737.8513088 20.9814453125 35.368643875523695 989.7377445035049 4 8 8 4 8 8 903 256 59 4 0 0 
1643666743.0050638 20.9916015625 35.137011531110616 989.734675504034 5 8 9 5 8 9 930 272 59 4 0 0 
1643666748.1582918 20.9712890625 35.32712574770212 989.7018863611947 5 8 9 5 8 9 930 272 59 4 0 0 
1643666753.3120453 20.9662109375 35.45188246698197 989.7285373395501 5 8 9 5 8 9 930 272 59 4 0 0 
1643666758.4671764 20.9712890625 35.29735232796979 989.7501353280567 5 8 8 5 8 8 924 272 57 4 0 0 
1643666763.6207612 20.9763671875 35.35683014072802 989.7700491129377 5 8 8 5 8 8 924 272 57 4 0 0 
1643666768.7741215 20.9865234375 35.35061659801742 989.7343755625807 5 8 8 5 8 8 924 272 57 4 0 0 
1643666773.9267251 21.0068359375 35.290929134981894 989.6974989229992 4 9 11 4 9 11 966 285 65 10 2 0 
1643666779.080247 21.0119140625 35.20795652806916 989.7244515195613 5 9 11 5 9 11 993 292 70 10 2 0 
1643666784.231169 21.0068359375 35.18992194019173 989.7311896715037 5 9 11 5 9 11 993 292 70 10 2 0 
1643666789.3767781 21.0169921875 35.13637563898751 989.7443654739451 5 9 11 5 9 11 993 292 70 10 2 0 
1643666794.5273705 21.0068359375 35.17803854495236 989.7278205953922 5 9 11 5 9 11 948 285 73 10 2 0 
1643666799.6725035 21.0119140625 35.24353561538437 989.7115764419253 5 9 11 5 9 11 948 285 73 10 2 0 
1643666804.8195713 21.0068359375 35.24644532383874 989.7014693822043 5 9 11 5 9 11 948 285 73 10 2 0 
1643666809.9687555 21.0119140625 35.17949408047336 989.7098919317967 4 8 10 4 8 10 897 269 66 10 2 0 
1643666815.111316 20.9916015625 35.17230763247582 989.6994842209862 4 8 10 4 8 10 897 269 66 10 2 0 
1643666820.261206 21.0119140625 35.207607186800985 989.7092906817885 4 8 10 4 8 10 897 269 66 10 2 0 
1643666825.4111338 21.0322265625 35.32637244633946 989.6985928924653 4 8 9 4 8 9 861 265 57 8 2 0 
1643666830.5631795 21.0220703125 35.13637563898751 989.7086889929014 4 8 9 4 8 9 861 265 57 8 2 0 
1643666835.7184536 21.0220703125 35.01152240939985 989.6935279167083 4 8 9 4 8 9 861 265 57 8 2 0 
1643666840.8667233 21.0119140625 35.011594551223084 989.6893770828427 4 8 11 4 8 11 852 258 57 12 4 2 
1643666846.0178614 21.0169921875 35.24926889649591 989.6904598379094 4 8 11 4 8 11 852 258 57 12 4 2 
1643666851.1677496 21.0169921875 35.130433785509815 989.702251689663 4 8 11 4 8 11 852 258 57 12 4 2 
1643666856.3168483 21.0119140625 35.16615510848093 989.6860080373552 5 7 9 5 7 9 972 275 33 6 2 2 
1643666861.4680357 21.0169921875 35.076885249193936 989.6834205357316 5 7 9 5 7 9 972 275 33 6 2 2 
1643666866.6153219 21.0169921875 35.071014683779026 989.6851050990526 5 8 9 5 8 9 1020 296 47 4 2 2 
1643666871.7685084 21.0423828125 35.249060627396794 989.7159183861887 5 8 9 5 8 9 1020 296 47 4 2 2 
1643666876.919589 21.0271484375 35.177757599078795 989.719589007022 5 8 9 5 8 9 1020 296 47 4 2 2 
1643666882.0679677 21.0423828125 35.02713934426305 989.7176030192501 5 8 10 5 8 10 1035 296 54 4 2 2 
1643666887.2163103 21.0423828125 35.0467444009036 989.6875812471603 5 8 10 5 8 10 1035 296 54 4 2 2 
1643666892.3729444 21.0474609375 35.189501275371036 989.6645998732789 5 8 10 5 8 10 1035 296 54 4 2 2 
1643666897.5258954 21.0423828125 34.963766886958986 989.6690504503781 5 9 10 5 9 10 1083 310 58 4 2 2 
1643666902.679477 21.0423828125 34.951882025841485 989.662010165211 5 9 10 5 9 10 1083 310 58 4 2 2 
1643666907.8360515 21.0576171875 35.070514241028775 989.6799374457802 5 9 10 5 9 10 1083 310 58 4 2 2 
1643666912.990954 21.0423828125 34.92209648386841 989.6741043032054 5 9 12 5 9 12 1146 329 63 6 4 2 
1643666918.1460276 21.0322265625 34.92818530960446 989.6895673544718 5 9 12 5 9 12 1146 329 63 6 4 2 
1643666923.2993822 21.0525390625 35.01108933141866 989.6633928841413 5 9 12 5 9 12 1146 329 63 6 4 2 
1643666928.4453368 21.0525390625 35.13588045080576 989.6819239769519 5 10 13 5 10 13 1158 343 66 6 4 2 
1643666933.5892076 21.0525390625 35.05870100232687 989.6684468177035 5 10 13 5 10 13 1158 343 66 6 4 2 
1643666938.735311 21.0423828125 34.8567276928623 989.6673658329092 4 6 6 4 6 6 852 240 45 0 0 0 
1643666943.892551 21.0474609375 35.10616869191936 989.6741043032054 4 6 6 4 6 6 852 240 45 0 0 0 
1643666949.046093 21.0322265625 35.07681384723736 989.6780765968973 4 6 6 4 6 6 852 240 45 0 0 0 
1643666954.1960819 21.0271484375 34.94007011669975 989.6648903438243 4 6 6 4 6 6 894 254 45 0 0 0 
1643666959.349989 21.0271484375 35.13452305021052 989.356280426924 4 6 6 4 6 6 894 254 45 0 0 0 
1643666964.5008478 21.0322265625 35.058915919681404 989.6662844634861 4 6 6 4 6 6 894 254 45 0 0 0 
1643666969.654067 21.0322265625 34.90441557170633 989.6963057741672 4 7 7 4 7 7 930 258 59 4 0 0 
1643666974.807 21.0322265625 35.070657278728206 989.6957027949154 4 7 7 4 7 7 930 258 59 4 0 0 
1643666979.9616897 21.0576171875 34.91006461895802 989.6633928841413 4 7 7 4 7 7 930 258 59 4 0 0 
1643666985.114278 21.0525390625 35.07037116008413 989.6816221044924 4 7 7 4 7 7 900 249 56 4 0 0 
1643666990.2675214 21.0525390625 35.16537787946058 989.6762661056804 4 7 7 4 7 7 900 249 56 4 0 0 
1643666995.419798 21.0626953125 34.92759715339906 989.6860720882646 4 7 7 4 7 7 900 249 56 4 0 0 
1643667000.5729518 21.0677734375 34.88614635315331 989.6776486587432 4 7 7 4 7 7 909 256 54 4 0 0 
1643667005.7299633 21.0779296875 34.79692419122017 989.691904183581 4 7 7 4 7 7 909 256 54 4 0 0 
1643667010.8820128 21.0830078125 34.88592246915051 989.660499440526 4 7 7 4 7 7 909 256 54 4 0 0 
1643667016.0359254 21.0830078125 34.72537938463194 989.6716874641111 4 7 7 4 7 7 888 248 45 4 0 0 
1643667021.1892319 21.0830078125 35.03464078482415 989.6265027373468 3 7 9 3 7 9 795 232 45 11 4 0 
1643667026.3424191 21.0931640625 34.82039879081568 989.6559193797474 3 7 9 3 7 9 795 232 45 11 4 0 
1643667031.495811 21.0830078125 34.9154177305087 989.6632638339762 3 7 9 3 7 9 795 232 45 11 4 0 
1643667036.649143 20.9763671875 34.9691248991664 989.6531554801268 3 7 8 3 7 8 816 232 45 9 2 0 
1643667041.7999344 21.0728515625 34.89201280830162 989.6335442720612 3 7 8 3 7 8 816 232 45 9 2 0 
1643667046.9540386 21.0626953125 34.83265987591811 989.66555353661 3 7 8 3 7 8 816 232 45 9 2 0 
1643667052.1065497 21.0626953125 34.73749246516311 989.6341493251224 3 6 7 3 6 7 789 225 40 7 2 0 
1643667057.2588203 21.0931640625 34.80843745048317 989.6384655946629 3 6 7 3 6 7 789 225 40 7 2 0 
1643667062.4110243 21.0931640625 34.72522825617429 989.6488773749563 3 6 7 3 6 7 789 225 40 7 2 0 
1643667067.563838 21.0931640625 34.843875236513966 989.6499558496415 3 6 7 3 6 7 783 223 43 7 2 0 
1643667072.7209623 21.10859375 34.85576238505067 989.6569981691712 3 6 7 3 6 7 783 223 43 7 2 0 
1643667077.8763692 21.113671875 34.837931646776845 989.6668037848153 3 6 7 3 6 7 783 223 43 7 2 0 
1643667083.0299542 21.113671875 34.8675755175395 989.6162600003145 3 6 7 3 6 7 762 219 45 7 2 0 
1643667088.1836517 21.113671875 34.879462720077235 989.6334112576319 3 6 7 3 6 7 762 219 45 7 2 0 
1643667093.336933 21.133984375 34.86742753550773 989.6136640939661 3 6 7 3 6 7 762 219 45 7 2 0 
1643667098.4896965 21.11875 34.77240133454794 989.635566920817 3 6 8 3 6 8 783 226 45 7 2 0 
1643667103.6441996 21.123828125 34.7724764122014 989.6524152572222 4 8 9 4 8 9 1008 288 67 6 0 0 
1643667108.797836 21.123828125 34.71883061054241 989.6622207312824 5 8 9 5 8 9 987 283 72 6 0 0 
1643667113.9517765 20.9611328125 34.77849518221725 989.6344892816107 5 8 9 5 8 9 987 283 72 6 0 0 
1643667119.099242 21.11875 34.80813888608574 989.6361740877433 5 8 9 5 8 9 987 283 72 6 0 0 
1643667124.250219 21.123828125 34.83770866617589 989.6524152572222 5 7 9 5 7 9 972 283 67 6 0 0 
1643667129.398364 21.113671875 34.635766823008716 989.632804475548 5 7 9 5 7 9 972 283 67 6 0 0 
1643667134.554796 21.133984375 34.76615679279426 989.6306772803092 5 7 9 5 7 9 972 283 67 6 0 0 
1643667139.707705 21.12890625 34.736436023005716 989.6588510354773 5 7 8 5 7 8 972 283 67 4 0 0 
1643667144.8543913 21.1390625 34.64727216655 989.6515040903395 5 7 8 5 7 8 972 283 67 4 0 0 
1643667150.0042827 21.144140625 34.66502876315318 989.6040233053377 5 7 8 5 7 8 972 283 67 4 0 0 
1643667155.1512585 21.14921875 34.962088531071196 989.643243513783 5 7 8 5 7 8 957 280 67 4 0 0 
1643667160.30365 21.144140625 34.534094331585045 989.6360361571928 5 7 8 5 7 8 957 280 67 4 0 0 
1643667165.4603024 21.14921875 34.647195601433225 989.6519725931267 5 7 8 5 7 8 957 280 67 4 0 0 
1643667170.6116989 21.154296875 34.62349474623233 989.6135238144611 5 7 8 5 7 8 942 270 60 6 0 0 
1643667175.7645512 21.1390625 34.71867917257032 989.6374168846961 5 7 8 5 7 8 942 270 60 6 0 0 
1643667180.9167182 21.133984375 34.68895833151153 989.6167298615638 5 7 8 5 7 8 942 270 60 6 0 0 
1643667186.0717864 21.1390625 34.700846698876134 989.6276117200416 5 8 8 5 8 8 1017 295 61 4 0 0 
1643667191.2225337 20.78828125 34.83161601707072 989.5962075438256 5 8 8 5 8 8 1017 295 61 4 0 0 
1643667196.3745177 21.12890625 34.79602698969439 989.6119792616219 5 8 8 5 8 8 1023 300 56 4 0 0 
1643667201.5266478 21.123828125 34.677222316470974 989.607228633901 5 8 8 5 8 8 1023 300 56 4 0 0 
1643667206.6795616 21.1390625 34.819653528635826 989.626535013596 5 8 8 5 8 8 1023 300 56 4 0 0 
1643667211.832339 21.12890625 34.61175989110927 989.647057102367 5 8 8 5 8 8 1023 302 52 2 0 0 
1643667216.9878469 21.144140625 34.748248957126705 989.6489070200748 5 8 8 5 8 8 1023 302 52 2 0 0 
1643667222.1365688 21.14921875 34.73636048175768 989.6391017859681 5 8 8 5 8 8 1023 302 52 2 0 0 
1643667227.2852614 21.133984375 34.68301413235868 989.6343512696225 5 8 8 5 8 8 1032 309 59 2 0 0 
1643667232.4401581 21.133984375 34.61762726097329 989.616425854483 5 8 8 5 8 8 1032 309 59 2 0 0 
1643667237.590092 21.144140625 34.754343841488854 989.6127519913539 5 8 8 5 8 8 1032 309 59 2 0 0 
1643667242.7385828 21.144140625 34.47480358569871 989.6188829753297 6 8 8 6 8 8 1104 330 57 2 0 0 
1643667247.8860843 21.1390625 34.58790554325023 989.6155131745378 6 8 8 6 8 8 1104 330 57 2 0 0 
1643667253.034863 21.133984375 34.52251685665411 989.5749129677781 6 8 8 6 8 8 1104 330 57 2 0 0 
1643667258.1846647 21.123828125 34.79015793895728 989.5981965589162 6 8 8 6 8 8 1098 330 45 0 0 0 
1643667263.3376083 21.11875 34.59408134849545 989.6018702690283 6 8 8 6 8 8 1098 330 45 0 0 0 
1643667268.4893155 21.123828125 34.52267279983231 989.5698584757905 4 6 6 4 6 6 804 238 40 2 0 0 
1643667273.6429486 21.12890625 34.706866727994324 989.5813481093217 4 6 6 4 6 6 804 238 40 2 0 0 
1643667278.7959144 21.12890625 34.86720548136971 989.5807394158043 4 6 6 4 6 6 804 238 40 2 0 0 
1643667283.9510765 21.1390625 34.52838341473223 989.5841091594077 5 7 7 5 7 7 882 266 44 2 0 0 
1643667289.1037924 21.1390625 34.60558452975738 989.5759892432586 5 7 7 5 7 7 882 266 44 2 0 0 
1643667294.261023 21.164453125 34.646889232837545 989.5910103392106 5 7 7 5 7 7 882 266 44 2 0 0 
1643667299.417304 21.14921875 34.581729220801535 989.5828905634208 5 7 7 5 7 7 903 273 44 2 0 0 
1643667304.5645506 21.14921875 34.676917486062294 989.6263940952721 5 7 7 5 7 7 903 273 44 2 0 0 
1643667309.715615 21.164453125 34.45689067345698 989.6216438826517 5 7 7 5 7 7 903 273 44 2 0 0 
1643667314.872227 21.164453125 34.53393853170506 989.610924821872 5 7 7 5 7 7 945 283 44 2 0 0 
1643667320.0270066 21.154296875 34.56381787869652 989.5646613432302 5 7 7 5 7 7 945 283 44 2 0 0 
1643667325.1798208 21.164453125 34.539883398284914 989.6025000505911 5 7 7 5 7 7 945 283 44 2 0 0 
1643667330.3313637 21.164453125 34.62318732872497 989.5876404592929 5 6 8 5 6 8 939 281 42 4 2 2 
1643667335.4783 21.16953125 34.521970714911035 989.5651257990774 5 6 8 5 6 8 939 281 42 4 2 2 
1643667340.6276057 21.159375 34.599254331485106 989.6041850047071 5 6 8 5 6 8 939 281 42 4 2 2 
1643667345.777695 21.164453125 34.77766960308422 989.5904002984711 5 6 8 5 6 8 918 279 44 4 2 2 
1643667350.927587 21.16953125 34.40901460097414 989.5681903700465 6 9 12 6 9 12 1131 319 49 4 4 4 
1643667356.0754719 21.164453125 34.658625587571045 989.5752355969425 6 9 12 6 9 12 1131 319 49 4 4 4 
1643667361.2218237 21.16953125 34.39125863925371 989.5634408330119 6 9 12 6 9 12 1131 319 49 4 4 4 
1643667366.3740678 21.164453125 34.581497175520674 989.5573115526473 6 8 10 6 8 10 1140 321 44 2 2 2 
1643667371.5272343 21.159375 34.56984003131387 989.5651257990774 6 8 10 6 8 10 1140 321 44 2 2 2 
1643667376.6791525 21.159375 34.456811902282006 989.58059565346 6 8 10 6 8 10 1140 321 44 2 2 2 
1643667381.8313813 21.154296875 34.611143963920064 989.567421185673 6 9 10 6 9 10 1140 321 51 2 2 2 
1643667386.9839916 21.16953125 34.361453017890035 989.5614504513983 6 9 10 6 9 10 1140 321 51 2 2 2 
1643667392.140968 21.174609375 34.43866123592032 989.5409250140198 6 9 10 6 9 10 1140 321 51 2 2 2 
1643667397.29497 21.184765625 34.432716057447095 989.5567009694503 6 9 9 6 9 9 1176 331 53 0 0 0 
1643667402.4486718 21.184765625 34.456339048147385 989.5740137095934 6 9 9 6 9 9 1176 331 53 0 0 0 
1643667407.6019762 21.18984375 34.45031484894837 989.5622185659406 6 9 9 6 9 9 1176 331 53 0 0 0 
1643667412.7543259 21.194921875 34.44413247120552 989.5352582504871 6 9 9 6 9 9 1191 336 50 0 0 0 
1643667417.9072175 21.194921875 34.55115110678462 989.5450623897689 6 9 9 6 9 9 1191 336 50 0 0 0 
1643667423.0571108 21.0068359375 34.3965675602016 989.5467474229412 6 9 9 6 9 9 1191 336 50 0 0 0 
1643667428.210688 21.205078125 34.45007803865448 989.5582366788751 6 9 9 6 9 9 1149 329 52 2 0 0 
1643667433.3640146 21.2 34.37294451643558 989.560533545699 5 7 8 5 7 8 1083 317 43 2 2 2 
1643667438.5166264 21.18984375 34.61075865800465 989.5484324561835 5 6 8 5 6 8 1053 308 39 2 2 2 
1643667443.669062 21.18984375 34.408538275312914 989.548738405971 5 6 8 5 6 8 1053 308 39 2 2 2 
1643667448.8223195 21.194921875 34.43818689343956 989.5164168365642 5 6 8 5 6 8 1053 308 39 2 2 2 
1643667453.9756732 21.18984375 34.301758309827335 989.5386282889376 5 6 8 5 6 8 1083 313 39 2 2 2 
1643667459.1331785 21.18984375 34.319514487684565 989.5282120619013 5 6 8 5 6 8 1083 313 39 2 2 2 
1643667464.2884178 21.194921875 34.533704750785525 989.5352582504871 5 6 8 5 6 8 1083 313 39 2 2 2 
1643667469.4427714 21.18984375 34.366998951407396 989.548738405971 5 6 8 5 6 8 1047 301 39 2 2 2 
1643667474.5961108 21.194921875 34.509689664720284 989.5231569649077 5 6 8 5 6 8 1047 301 39 2 2 2 
1643667479.749557 21.194921875 34.41440447920563 989.5200930809297 5 6 8 5 6 8 1047 301 39 2 2 2 
1643667484.9028757 21.18984375 34.5571742073244 989.4984940928548 5 7 8 5 7 8 1089 318 41 2 2 2 
1643667490.0536637 21.194921875 34.48590829182952 989.5649768684739 5 7 8 5 7 8 1089 318 41 2 2 2 
1643667495.2072217 21.205078125 34.2716255207561 989.5394008469256 5 7 8 5 7 8 1089 318 41 2 2 2 
1643667500.3586044 21.235546875 34.46736317688856 989.5499702544596 5 6 9 5 6 9 1032 292 43 4 2 2 
1643667505.5123284 21.240625 34.235460970380906 989.5628377891643 5 6 9 5 6 9 1032 292 43 4 2 2 
1643667510.6673043 21.235546875 34.22959610293212 989.5361823142536 5 6 9 5 6 9 1032 292 43 4 2 2 
1643667515.8176045 21.235546875 34.51493092036619 989.5398594824162 5 6 8 5 6 8 936 269 48 4 2 0 
1643667520.970986 21.23046875 34.5091416589456 989.5185666099205 5 6 8 5 6 8 936 269 48 4 2 0 
1643667526.1220083 21.245703125 34.40195645130659 989.542308838585 5 7 9 5 7 9 993 288 46 4 2 0 
1643667531.269582 21.235546875 34.2474351175368 989.5594674761676 5 7 9 5 7 9 993 288 46 4 2 0 
1643667536.417645 21.2203125 34.211920471375755 989.5253070121971 5 7 9 5 7 9 993 288 46 4 2 0 
1643667541.5652575 21.240625 34.24157019163422 989.5493565388597 5 6 8 5 6 8 951 271 44 4 2 0 
1643667546.7187274 21.240625 34.19978231482182 989.5530337366099 5 6 8 5 6 8 951 271 44 4 2 0 
1643667551.8692405 21.245703125 34.25313757392952 989.523771980646 5 6 8 5 6 8 951 271 44 4 2 0 
1643667557.0145245 21.235546875 34.306897828854716 989.5078420542602 4 6 7 4 6 7 867 245 39 4 2 0 
1643667562.162523 21.245703125 34.16410328779088 989.5335757385602 4 6 7 4 6 7 867 245 39 4 2 0 
1643667567.3062894 21.240625 34.348360734293095 989.5139682781548 4 6 7 4 6 7 867 245 39 4 2 0 
1643667572.4522138 21.235546875 34.28569707401022 989.5213230735576 5 6 8 5 6 8 930 271 43 4 2 0 
1643667577.6001377 21.23046875 34.33501062350271 989.5297487128964 5 6 8 5 6 8 930 271 43 4 2 0 
1643667582.7535121 21.225390625 34.35454735975853 989.5325049822875 5 6 8 5 6 8 930 271 43 4 2 0 
1643667587.906419 21.235546875 34.342574960361006 989.5499702544596 4 6 7 4 6 7 900 262 40 4 0 0 
1643667593.0592103 21.240625 34.437633001858515 989.5190237420771 4 6 7 4 6 7 900 262 40 4 0 0 
1643667598.2148044 21.245703125 34.30087087411094 989.5204016437503 4 6 8 4 6 8 900 253 37 6 2 0 
1643667603.3672485 21.245703125 34.16971761678809 989.5245348528691 4 6 8 4 6 8 900 253 37 6 2 0 
1643667608.5196338 21.245703125 34.22348649803024 989.4886909680067 5 6 8 5 6 8 948 275 39 6 0 0 
1643667613.675668 21.255859375 34.09249149672563 989.5318905560948 5 6 8 5 6 8 948 275 39 6 0 0 
1643667618.8290052 21.255859375 34.21134497015179 989.515038735297 5 6 8 5 6 8 948 275 39 6 0 0 
1643667623.981202 21.25078125 34.241159940862765 989.5164164171431 5 6 8 5 6 8 948 285 36 6 0 0 
1643667629.133285 21.2609375 34.37801216044667 989.5012496617314 5 6 8 5 6 8 948 285 36 6 0 0 
1643667634.2876196 21.255859375 34.05086317659655 989.5122831236544 5 6 8 5 6 8 948 285 36 6 0 0 
1643667639.4402528 21.255859375 34.23513180218517 989.551805535186 5 7 8 5 7 8 993 300 40 6 0 0 
1643667644.5926516 21.2609375 34.10447141838238 989.5565538417204 5 7 8 5 7 8 993 300 40 6 0 0 
1643667649.7458992 21.14921875 34.12817251152326 989.5279052715564 5 7 8 5 7 8 993 300 40 6 0 0 
1643667654.8985872 21.2609375 34.33027747917991 989.529897982276 5 7 8 5 7 8 1005 300 43 6 0 0 
1643667660.0514958 21.25078125 34.235213326929845 989.5032424649094 5 7 8 5 7 8 1005 300 43 6 0 0 
1643667665.2079763 21.245703125 34.31854863918144 989.5838242876732 5 7 8 5 7 8 1005 300 43 6 0 0 
1643667670.3551517 21.2609375 34.06870394713959 989.5349535703576 5 8 10 5 8 10 1005 300 53 11 2 0 
1643667675.5045092 21.2609375 34.20531635939973 989.5393942094211 5 8 10 5 8 10 1005 300 53 11 2 0 
1643667680.6520853 21.25078125 34.270892855736605 989.5358752930412 4 10 10 4 10 10 891 271 77 4 0 0 
1643667685.806284 21.255859375 34.092408333276644 989.5133535536028 4 10 10 4 10 10 891 271 77 4 0 0 
1643667690.9628236 21.255859375 34.29467900188682 989.5063052462377 4 10 10 4 10 10 891 271 77 4 0 0 
1643667696.1182175 21.255859375 34.27097707919149 989.5389385001469 4 10 10 4 10 10 927 278 74 4 0 0 
1643667701.2734425 21.266015625 34.12214287948109 989.5110531809239 4 10 10 4 10 10 927 278 74 4 0 0 
1643667706.4257207 21.245703125 34.324411452388524 989.5302053736996 4 10 10 4 10 10 927 278 74 4 0 0 
1643667711.5779603 21.245703125 34.03319319710809 989.523771980646 4 10 10 4 10 10 921 276 72 4 0 0 
1643667716.725266 21.27109375 34.09232515901275 989.5174863102822 4 10 10 4 10 10 921 276 72 4 0 0 
1643667721.8778012 21.276171875 34.09232515901275 989.4918999605096 4 10 10 4 10 10 921 276 72 4 0 0 
1643667727.0319636 21.286328125 34.026487708978344 989.5013951666696 4 10 10 4 10 10 936 278 79 4 0 0 
1643667732.185723 21.2966796875 33.9728755617448 989.5364777141992 4 10 10 4 10 10 936 278 79 4 0 0 
1643667737.3381944 21.286328125 34.05027745946965 989.5170146094222 4 10 10 4 10 10 936 278 79 4 0 0 
1643667742.490229 21.2966796875 34.19871359589221 989.5116500449932 4 9 9 4 9 9 909 267 76 4 0 0 
1643667747.6424308 21.286328125 34.127510178628256 989.5283593773999 4 9 9 4 9 9 909 267 76 4 0 0 
1643667752.7948089 21.29140625 34.276271852949996 989.5102733397476 4 9 9 4 9 9 909 267 76 4 0 0 
1643667757.9468892 21.286328125 34.06828665609151 989.5354083193239 None None None None None None None None None None None None 
1643667763.0966783 21.28125 33.96726656478917 989.508752314668 6 7 9 6 7 9 1140 335 33 6 2 2 
1643667768.2491102 21.276171875 33.90175962579864 989.4942010973017 6 7 9 6 7 9 1140 335 33 6 2 2 
1643667773.4018044 21.28125 34.25843073216122 989.5237558802186 6 7 9 6 7 9 1140 335 33 6 2 2 
1643667778.5548306 21.2966796875 34.050193742334095 989.4842341409218 5 7 9 5 7 9 1056 307 31 6 2 2 
1643667783.7083588 21.29140625 34.09190912546954 989.5156377669721 5 7 9 5 7 9 1056 307 31 6 2 2 
1643667788.861858 21.29140625 34.11553247896855 989.4920435188689 5 7 9 5 7 9 1056 307 31 6 2 2 
1643667794.0151017 21.2966796875 34.1632765191569 989.5035320711947 5 7 9 5 7 9 1068 312 33 6 2 2 
1643667799.1686816 21.3017578125 33.883660108982156 989.481622956146 5 7 9 5 7 9 1068 312 33 6 2 2 
1643667804.322015 21.29140625 34.06803615168261 989.5226872941977 5 7 9 5 7 9 1068 312 33 6 2 2 
1643667809.4757578 21.1390625 33.9564762061834 989.4909752433654 5 7 9 5 7 9 1098 312 40 6 2 2 
1643667814.627725 21.3017578125 34.04424625190871 989.5153292918984 5 7 9 5 7 9 1098 312 40 6 2 2 
1643667819.7814772 21.28125 34.20498874347609 989.478869761121 5 7 9 5 7 9 1098 312 40 6 2 2 
1643667824.9339561 21.276171875 34.19317661888125 989.5047656920294 5 7 9 5 7 9 1065 303 44 8 2 2 
1643667830.086677 21.28125 33.94942444850725 989.4632509745296 5 7 9 5 7 9 1065 303 44 8 2 2 
1643667835.244025 21.286328125 34.151464602279844 989.5206936790678 5 7 9 5 7 9 1065 303 44 8 2 2 
1643667840.3975458 21.3068359375 34.05597389228969 989.4779434408046 4 7 7 4 7 7 957 270 52 2 0 0 
1643667845.55478 21.3068359375 33.99054954120245 989.4984761205164 4 7 7 4 7 7 957 270 52 2 0 0 
1643667850.708113 21.3017578125 33.98477077998485 989.478869761121 4 7 7 4 7 7 966 270 41 2 0 0 
1643667855.8619475 21.2966796875 34.11544949131296 989.499852730337 4 7 7 4 7 7 966 270 41 2 0 0 
1643667861.0140598 21.29140625 34.04441381193295 989.4491520594534 4 7 7 4 7 7 966 270 41 2 0 0 
1643667866.1679583 21.286328125 34.03251907325618 989.4637021645601 5 8 8 5 8 8 1077 310 46 2 0 0 
1643667871.321046 21.29140625 34.06837013593113 989.445472823641 5 8 8 5 8 8 1077 310 46 2 0 0 
1643667876.4743874 21.286328125 33.96709727259678 989.4592636233339 5 8 8 5 8 8 1077 310 46 2 0 0 
1643667881.6267173 21.2966796875 34.193094562122525 989.4687580294495 5 8 8 5 8 8 1149 322 46 2 0 0 
1643667886.7828147 21.286328125 34.151547136992285 989.4390404980967 5 8 8 5 8 8 1149 322 46 2 0 0 
1643667891.9392865 21.286328125 34.05630850932652 989.45527572448 5 8 8 5 8 8 1149 322 46 2 0 0 
1643667897.0920997 21.29140625 34.16930607556579 989.4384228495784 6 8 8 6 8 8 1140 322 46 4 0 0 
1643667902.2446039 21.29140625 34.01459277180647 989.4299964147566 6 8 8 6 8 8 1140 322 46 4 0 0 
1643667907.3979115 21.2966796875 34.08587846813967 989.426007563468 6 8 8 6 8 8 1140 322 46 4 0 0 
1643667912.5515482 21.29140625 34.091825886316144 989.4283111280026 6 8 8 6 8 8 1170 329 46 2 0 0 
1643667917.706619 21.3068359375 33.99666595693981 989.4172716239394 6 8 8 6 8 8 1170 329 46 2 0 0 
1643667922.8612747 21.3068359375 33.984601810991315 989.4469889365391 4 7 8 4 7 8 978 277 43 4 2 0 
1643667928.013203 21.3169921875 34.049774994430194 989.4220181644782 4 7 8 4 7 8 978 277 43 4 2 0 
1643667933.1675992 21.3119140625 33.913228243361516 989.4310635051017 4 7 8 4 7 8 978 277 43 4 2 0 
1643667938.3180373 21.3068359375 34.03813101130867 989.409154429246 4 6 6 4 6 6 912 265 29 2 0 0 
1643667943.4663892 21.3169921875 33.84176704973256 989.4335060958202 4 6 6 4 6 6 912 265 29 2 0 0 
1643667948.6192787 21.3068359375 34.079680847596514 989.4054743367678 4 6 6 4 6 6 912 265 29 2 0 0 
1643667953.7720609 21.3068359375 34.02028803743193 989.353848913082 5 7 7 5 7 7 957 284 31 2 0 0 
1643667958.9245315 21.23046875 33.84788722789303 989.4220181644782 5 7 7 5 7 7 957 284 31 2 0 0 
1643667964.0783198 21.2966796875 33.85986892937041 989.376067273403 5 7 7 5 7 7 957 284 31 2 0 0 
1643667969.226193 21.2966796875 33.99649726109183 989.4186474831054 5 8 8 5 8 8 963 287 38 6 0 0 
1643667974.3746808 21.28125 34.04441381193295 989.3867974712947 5 8 8 5 8 8 963 287 38 6 0 0 
1643667979.527617 21.286328125 33.94313733552241 989.4022737525434 5 8 8 5 8 8 963 287 38 6 0 0 
1643667984.6783905 21.276171875 33.97304476062437 989.3851122134873 5 8 8 5 8 8 1098 323 34 6 0 0 
1643667989.8280127 21.286328125 34.038634101087425 989.3750006681154 5 8 8 5 8 8 1098 323 34 6 0 0 
1643667994.9791923 21.2966796875 33.84211154350842 989.4002795362775 5 8 8 5 8 8 1098 323 34 6 0 0 
1643668000.129052 21.286328125 33.8659883970455 989.3578386778066 5 9 9 5 9 9 1092 326 41 6 0 0 
1643668005.273326 21.266015625 33.81263180456809 989.3604518386777 4 10 10 4 10 10 1002 277 56 12 0 0 
1643668010.4222734 21.286328125 33.99097154113904 989.3783711829591 4 10 10 4 10 10 1002 277 56 12 0 0 
1643668015.5744784 21.29140625 33.84814534467716 989.3834269557502 4 10 10 4 10 10 1002 277 56 12 0 0 
1643668020.7277358 21.2966796875 33.996834609526694 989.3848030101794 4 9 9 4 9 9 978 270 56 10 0 0 
1643668025.8751981 21.2966796875 33.85392110866429 989.387554871024 4 9 9 4 9 9 978 270 56 10 0 0 
1643668031.022911 21.3068359375 34.04424625190871 989.3906159896998 4 9 9 4 9 9 978 270 56 10 0 0 
1643668036.170099 21.3017578125 33.895470133445414 989.3841842739679 4 9 9 4 9 9 963 275 51 10 0 0 
1643668041.3223531 21.2609375 33.960810786929315 989.364579759217 4 9 9 4 9 9 963 275 51 10 0 0 
1643668046.4720225 21.3017578125 33.95494783645003 989.3717678209225 4 9 9 4 9 9 963 275 51 10 0 0 
1643668051.6247542 21.2966796875 33.90133250425211 989.3562899282948 5 9 9 5 9 9 1062 294 48 8 0 0 
1643668056.7782795 21.3119140625 33.91339885126819 989.3575291476438 5 9 9 5 9 9 1062 294 48 8 0 0 
1643668061.9246175 21.3119140625 33.85366313186109 989.3474174462601 5 9 9 5 9 9 1062 294 48 8 0 0 
1643668067.0749369 21.3220703125 33.716680514457316 989.3938129916667 5 9 9 5 9 9 1098 313 46 8 0 0 
1643668072.2237425 21.3271484375 33.883231800846296 989.3971837795729 5 9 9 5 9 9 1098 313 46 8 0 0 
1643668077.3737779 21.3322265625 33.96641967121192 989.3752736631963 5 9 9 5 9 9 1098 313 46 8 0 0 
1643668082.523967 21.3169921875 33.895128011628984 989.3843208769808 5 8 8 5 8 8 1146 323 39 6 0 0 
1643668087.669549 21.3169921875 34.044078648624094 989.3852504238952 6 10 11 6 10 11 1230 337 61 6 0 0 
1643668092.8206453 21.3220703125 33.853749134944636 989.3738985301094 6 11 12 6 11 12 1272 363 65 8 0 0 
1643668097.9677873 21.3119140625 33.79409561150911 989.356599897942 5 10 11 5 10 11 1089 326 61 8 0 0 
1643668103.114977 21.3169921875 33.800217054860155 989.3582852224373 6 11 12 6 11 12 1152 342 68 10 0 0 
1643668108.2635756 21.2966796875 33.75884163700844 989.3622753999382 6 11 11 6 11 11 1185 345 66 8 0 0 
1643668113.4168336 21.2966796875 33.80039025785194 989.341295535104 6 11 11 6 11 11 1185 345 66 8 0 0 
1643668118.5709903 21.286328125 33.986798272526805 989.3460417880372 6 11 11 6 11 11 1185 345 66 8 0 0 
1643668123.7278183 21.2966796875 33.78858112155318 989.3625849992824 6 10 11 6 10 11 1179 345 63 6 0 0 
1643668128.876825 21.28125 33.85995483171485 989.3480365594627 6 10 11 6 10 11 1179 345 63 6 0 0 
1643668134.0249984 21.2966796875 33.82435446369483 989.3497218157277 6 10 11 6 10 11 1179 345 63 6 0 0 
1643668139.1740553 21.276171875 34.02062429329622 989.3486552332159 6 10 11 6 10 11 1152 331 66 6 0 0 
1643668144.3269434 21.2609375 33.824699560664335 989.3385438598401 6 10 11 6 10 11 1152 331 66 6 0 0 
1643668149.471812 21.266015625 33.99122461131749 989.3357918539211 6 10 11 6 10 11 1152 331 66 6 0 0 
1643668154.6181524 21.266015625 33.86616001107271 989.3233768045083 5 10 10 5 10 10 1146 331 63 6 0 0 
1643668159.7663147 21.266015625 33.75936378988013 989.3425326601697 5 10 10 5 10 10 1146 331 63 6 0 0 
1643668164.919845 21.27109375 33.9970032188525 989.3756189078903 5 10 10 5 10 10 1146 331 63 6 0 0 
1643668170.0730896 21.28125 34.080181134352664 989.311580209843 6 12 12 6 12 12 1290 365 73 14 0 0 
1643668175.229696 21.266015625 33.919942877719436 989.3489644053052 6 12 12 6 12 12 1290 365 73 14 0 0 
1643668180.3734496 21.266015625 33.98527742739791 989.317254642521 6 12 12 6 12 12 1257 358 76 14 0 0 
1643668185.5211353 21.2609375 33.74152120462631 989.3307362499708 6 12 12 6 12 12 1257 358 76 14 0 0 
1643668190.6688564 21.2609375 33.78315375907725 989.3459030637147 6 12 12 6 12 12 1257 358 76 14 0 0 
1643668195.820847 21.27109375 33.87805505455014 989.2725426943607 6 11 12 6 11 12 1215 344 76 12 0 0 
1643668200.9756641 21.27109375 33.86055584528414 989.3627550856453 6 11 12 6 11 12 1215 344 76 12 0 0 
1643668206.1288157 21.255859375 33.74152120462631 989.3451445115633 6 11 12 6 11 12 1215 344 76 12 0 0 
1643668211.2856607 21.255859375 33.7594507775022 989.3698046860221 6 11 12 6 11 12 1272 356 66 12 0 0 
1643668216.439188 21.2609375 33.74738160833427 989.3576994783302 6 11 12 6 11 12 1272 356 66 12 0 0 
1643668221.592538 21.25078125 33.89046628711633 989.3201759700902 6 11 12 6 11 12 1272 356 66 12 0 0 
1643668226.7468233 21.255859375 33.95596822647003 989.3198671031394 6 11 12 6 11 12 1215 342 68 12 0 0 
1643668231.9000766 21.25078125 33.92597518231129 989.3485148338782 6 11 12 6 11 12 1215 342 68 12 0 0 
1643668237.0533311 21.25078125 33.78306703381893 989.361378740587 6 11 12 6 11 12 1215 342 68 12 0 0 
1643668242.205509 21.25078125 33.75936378988013 989.3627550856453 6 10 11 6 10 11 1131 325 61 10 0 0 
1643668247.3589728 21.240625 33.735838760674234 989.35418739947 6 10 11 6 10 11 1131 325 61 10 0 0 
1643668252.5114663 21.245703125 33.819186875054115 989.3387125855473 5 8 8 5 8 8 1005 296 52 4 0 0 
1643668257.6647558 21.240625 33.902445739035194 989.3606195056595 5 8 8 5 8 8 1005 296 52 4 0 0 
1643668262.8181396 21.235546875 33.90253104395668 989.3302868501971 5 8 8 5 8 8 1005 296 52 4 0 0 
1643668267.9713888 21.23046875 33.7843701065542 989.3298358015102 5 8 8 5 8 8 984 291 45 4 0 0 
1643668273.1233447 21.2 33.93880634886169 988.9990349092517 5 8 8 5 8 8 984 291 45 4 0 0 
1643668278.2802923 21.2 33.926998510938674 989.3307559375394 5 8 8 5 8 8 984 291 45 4 0 0 
1643668283.4341455 21.184765625 33.90355385939657 989.3111513227473 5 8 8 5 8 8 1041 312 55 2 0 0 
1643668288.58697 21.1796875 33.927168368973156 989.346844012053 5 8 8 5 8 8 1041 312 55 2 0 0 
1643668293.7404923 21.1796875 33.962760851599214 989.3117667172088 5 8 8 5 8 8 1041 312 55 2 0 0 
1643668298.893785 21.174609375 33.986798272526805 989.2979791069516 5 8 8 5 8 8 1047 312 50 2 0 0 
1643668304.047065 21.174609375 34.058149017406585 989.288176966127 5 8 8 5 8 8 1047 312 50 2 0 0 
1643668309.2000763 21.2 33.9507837628464 989.3097740786485 5 8 8 5 8 8 1047 312 50 2 0 0 
1643668314.3533144 21.18984375 34.05789878589222 989.3050267869266 5 8 8 5 8 8 1068 316 50 0 0 0 
1643668319.5066 21.205078125 33.90304264635764 989.3270820608228 5 8 8 5 8 8 1068 316 50 0 0 0 
1643668324.6602857 21.194921875 33.9921549418098 989.3057883909232 5 8 8 5 8 8 1068 316 50 0 0 0 
1643668329.8137002 21.205078125 33.9268286096421 989.3021103051127 6 8 8 6 8 8 1146 337 52 0 0 0 
1643668334.9668097 21.194921875 33.73671055335297 989.328762967356 6 11 11 6 11 11 1185 348 77 4 0 0 
1643668340.1206126 21.194921875 33.81961807189444 989.3041033677738 6 11 11 6 11 11 1176 352 77 6 0 0 
1643668345.2743714 21.184765625 33.903298301547345 989.2864919844327 6 11 11 6 11 11 1176 352 77 6 0 0 
1643668350.4253824 21.174609375 33.939230284026515 989.2498914537623 6 11 11 6 11 11 1176 352 77 6 0 0 
1643668355.576309 21.159375 33.89174693622629 989.3339788545849 6 11 11 6 11 11 1182 340 72 6 0 0 
1643668360.7297237 21.159375 34.04047864708292 989.3110040433262 6 11 11 6 11 11 1182 340 72 6 0 0 
1643668365.8817904 21.16953125 33.94534568047556 989.3447028964779 6 11 11 6 11 11 1182 340 72 6 0 0 
1643668371.034913 21.164453125 33.90355385939657 989.3208064512394 5 10 10 5 10 10 1134 328 67 6 0 0 
1643668376.1877668 21.184765625 33.9094999559572 989.2996641026981 5 10 10 5 10 10 1134 328 67 6 0 0 
1643668381.3400755 21.174609375 33.96896035420611 989.3083967519276 5 10 10 5 10 10 1134 328 67 6 0 0 
1643668386.485545 21.184765625 34.02247383064729 989.3201916316384 5 10 11 5 10 11 1134 323 62 8 2 0 
1643668391.6345358 21.16953125 34.02858717066862 989.3208064512394 5 10 11 5 10 11 1134 323 62 8 2 0 
1643668396.7825038 21.164453125 33.83237185285329 989.297831835057 5 10 11 5 10 11 1134 323 62 8 2 0 
1643668401.9293134 21.159375 33.86821929474709 989.3062564751074 5 10 11 5 10 11 1113 321 73 8 2 0 
1643668407.0823915 21.154296875 33.98721920582616 989.3200429418764 5 10 11 5 10 11 1113 321 73 8 2 0 
1643668412.227386 21.154296875 33.86821929474709 989.3180509741211 5 10 11 5 10 11 1113 321 73 8 2 0 
1643668417.376122 21.1390625 34.08845916114482 989.2673544858866 5 7 8 5 7 8 975 277 48 2 0 0 
1643668422.5286014 21.144140625 33.999194434580076 989.2744007910225 5 7 8 5 7 8 975 277 48 2 0 0 
1643668427.678352 21.1390625 33.957744452039584 989.2808333577098 4 7 8 4 7 8 945 272 50 4 0 0 
1643668432.8306851 21.12890625 34.01719856216249 989.2915558730816 4 7 8 4 7 8 945 272 50 4 0 0 
1643668437.9788764 21.123828125 34.03520173424432 989.2783838379635 4 7 8 4 7 8 945 272 50 4 0 0 
1643668443.131398 21.113671875 34.15435004253009 989.2806815461508 4 8 8 4 8 8 954 270 57 4 0 0 
1643668448.2847307 21.123828125 33.95205254631876 989.2972232091247 4 8 8 4 8 8 954 270 57 4 0 0 
1643668453.4370947 21.1033203125 34.112818957787425 989.2992142556026 4 8 8 4 8 8 954 270 57 4 0 0 
1643668458.5911896 21.0880859375 34.0237296737305 989.2695006486507 5 8 9 5 8 9 1017 291 57 4 0 0 
1643668463.7439985 21.1033203125 34.166403611205254 989.2917085628696 5 8 9 5 8 9 1017 291 57 4 0 0 
1643668468.900604 21.10859375 33.98780805820297 989.2768517971824 5 8 9 5 8 9 1017 291 57 4 0 0 
1643668474.0525992 21.10859375 34.15435004253009 989.2762397042935 5 8 9 5 8 9 1017 293 60 4 0 0 
1643668479.2049255 21.113671875 34.059315477485136 989.2661311212496 5 8 9 5 8 9 1017 293 60 4 0 0 
1643668484.3572812 21.0931640625 34.10687416789184 989.3315311925337 5 8 9 5 8 9 1017 293 60 4 0 0 
1643668489.509301 21.113671875 33.91069031614911 989.2762397042935 5 8 9 5 8 9 975 286 58 4 0 0 
1643668494.6587298 21.113671875 34.04139734530075 989.2728701763319 5 8 9 5 8 9 975 286 58 4 0 0 
1643668499.810995 21.11875 33.95808223994919 989.287114376518 5 9 9 5 9 9 1035 302 63 2 0 0 
1643668504.961857 21.113671875 33.98780805820297 989.2944660511612 5 9 9 5 9 9 1035 302 63 2 0 0 
1643668510.1175256 21.1033203125 33.98194706197059 989.3160621806434 5 9 9 5 9 9 1035 302 63 2 0 0 
1643668515.2701266 21.113671875 34.05914897011136 989.2978356080665 5 9 9 5 9 9 1071 312 67 2 0 0 
1643668520.423672 21.1033203125 33.96419611671416 989.288033054366 5 9 9 5 9 9 1071 312 67 2 0 0 
1643668525.577086 21.0880859375 34.023813310081465 989.2883390607687 5 9 9 5 9 9 1071 312 67 2 0 0 
1643668530.7268798 21.0931640625 33.869244950461535 989.2619951714994 5 10 10 5 10 10 1122 330 76 2 0 0 
1643668535.8759437 21.0931640625 34.07128831285948 989.2910964945363 5 10 10 5 10 10 1122 330 76 2 0 0 
1643668541.0254517 21.113671875 34.05312061264661 989.2744007910225 5 10 10 5 10 10 1122 330 76 2 0 0 
1643668546.1751962 21.133984375 34.02339502017512 989.2780772148722 5 10 10 5 10 10 1113 322 76 2 0 0 
1643668551.3194013 21.14921875 33.89225851448413 989.2589301932745 5 10 10 5 10 10 1113 322 76 2 0 0 
1643668556.4649885 21.12890625 33.90431994890154 989.2935472067152 5 10 10 5 10 10 1113 322 76 2 0 0 
1643668561.611983 21.123828125 33.77360330591426 989.2696530557685 5 10 10 5 10 10 1083 317 73 4 0 0 
1643668566.7644067 21.133984375 33.91595604641033 989.2946189410696 5 10 10 5 10 10 1083 317 73 4 0 0 
1643668571.9181764 21.133984375 33.82099608470874 989.3229548610631 5 10 10 5 10 10 1083 317 73 4 0 0 
1643668577.0703447 21.123828125 33.91026543085966 988.9889222386889 5 11 11 5 11 11 1074 319 73 4 0 0 
1643668582.2176855 21.123828125 33.93999268594838 989.2494350810673 7 13 13 7 13 13 1470 428 84 11 0 0 
1643668587.3659604 21.10859375 34.01158852717646 989.2834382935833 7 12 12 7 12 12 1440 414 84 6 0 0 
1643668592.516171 21.11875 33.880623258071104 989.2618423060377 7 12 12 7 12 12 1440 414 84 6 0 0 
1643668597.6648624 21.113671875 33.69648392216955 989.3073320442538 7 12 12 7 12 12 1476 419 91 4 0 0 
1643668602.815464 21.1033203125 33.82745741054877 989.2826726042002 7 12 12 7 12 12 1452 412 98 4 0 0 
1643668607.9685879 21.0931640625 33.904830188536145 989.2731763047827 7 12 12 7 12 12 1452 412 98 4 0 0 
1643668613.1216586 21.1033203125 33.80962152495702 989.2947721130919 7 12 12 7 12 12 1452 412 98 4 0 0 
1643668618.2768188 21.0931640625 33.958419854812426 989.3004381210557 7 13 13 7 13 13 1461 419 93 6 0 0 
1643668623.430844 21.0728515625 34.018035878895844 989.3185070704162 7 13 13 7 13 13 1461 419 93 6 0 0 
1643668628.5835078 21.0880859375 34.18431922851253 989.2872660204459 7 13 13 7 13 13 1461 419 93 6 0 0 
1643668633.737304 21.0830078125 33.83374594976988 989.2785365341465 7 13 13 7 13 13 1383 407 102 6 0 0 
1643668638.8904727 21.0728515625 33.89319539669407 989.2892564213729 7 13 13 7 13 13 1383 407 102 6 0 0 
1643668644.0440266 21.0830078125 33.91697488674641 989.2895619887147 7 13 13 7 13 13 1383 407 102 6 0 0 
1643668649.1976228 21.0779296875 33.97047813615117 989.2437692688706 7 12 12 7 12 12 1305 381 93 6 0 0 
1643668654.3500261 21.0880859375 33.95272823581841 989.2696512532281 7 13 14 7 13 14 1305 386 107 10 2 0 
1643668659.5034614 21.0677734375 34.024318115140005 989.2783801085332 7 12 14 7 12 14 1290 376 103 10 2 0 
1643668664.6564813 21.0677734375 33.79247904369035 989.2817494469232 6 9 11 6 9 11 1248 356 66 8 0 0 
1643668669.8099594 21.0677734375 34.0717036551298 989.2871087202282 6 9 11 6 9 11 1248 356 66 8 0 0 
1643668674.9632401 21.0626953125 33.9768467675317 989.2742418932628 6 9 10 6 9 10 1236 351 64 6 0 0 
1643668680.1158206 21.0576171875 34.084010104606286 989.3093142321906 6 9 10 6 9 10 1236 351 64 6 0 0 
1643668685.2680514 21.0626953125 33.89362409105457 989.3171275169384 6 9 10 6 9 10 1236 351 64 6 0 0 
1643668690.4203725 21.0525390625 34.0007081264837 989.2894035501938 6 9 9 6 9 9 1209 337 61 4 0 0 
1643668695.5729446 21.0576171875 33.9828751945054 989.290783160519 6 9 9 6 9 9 1209 337 61 4 0 0 
1643668700.7269435 21.0626953125 34.00665241652332 989.2753161305429 6 9 9 6 9 9 1209 337 61 4 0 0 
1643668705.879401 21.0576171875 33.988564375415315 989.26719817247 6 9 9 6 9 9 1251 356 63 2 0 0 
1643668711.034788 21.0728515625 34.04206466751241 989.2750107704234 6 9 9 6 9 9 1251 356 63 2 0 0 
1643668716.1883013 21.0626953125 33.941264659042645 989.26719817247 6 9 9 6 9 9 1251 356 63 2 0 0 
1643668721.3417697 21.0626953125 33.86364168664059 989.2766954394433 7 10 10 7 10 10 1272 368 66 4 0 0 
1643668726.494793 21.0626953125 33.75086524268993 989.2766954394433 7 10 10 7 10 10 1272 368 66 4 0 0 
1643668731.6475008 21.0626953125 34.0007081264837 988.7435425386598 7 10 10 7 10 10 1272 368 66 4 0 0 
1643668736.801645 21.0525390625 34.08392724883696 989.3160528058091 7 10 10 7 10 10 1236 368 68 6 0 0 
1643668741.955047 21.0423828125 34.179032342863216 989.3230961414682 7 10 10 7 10 10 1236 368 68 6 0 0 
1643668747.1077387 21.0474609375 34.14345041486419 989.291393087919 6 9 9 6 9 9 1227 343 57 4 0 0 
1643668752.261528 21.0474609375 33.86407199239421 989.3096191015958 6 9 9 6 9 9 1227 343 57 4 0 0 
1643668757.413378 21.0677734375 34.018286863019945 989.2901727941245 6 9 9 6 9 9 1227 343 57 4 0 0 
1643668762.5647132 21.0830078125 33.893365598310744 989.2875717111101 6 8 8 6 8 8 1200 338 55 2 0 0 
1643668767.7159297 21.0728515625 34.00036954597513 989.2831287141536 6 8 8 6 8 8 1200 338 55 2 0 0 
1643668772.8684416 21.0728515625 33.85769687337398 989.3061035278538 6 8 8 6 8 8 1200 338 55 2 0 0 
1643668778.0180738 21.0779296875 33.8638158128793 989.2730206180391 7 10 10 7 10 10 1236 362 69 2 0 0 
1643668783.1689534 21.0830078125 33.94083877172555 989.2578584785965 7 10 10 7 10 10 1236 362 69 2 0 0 
1643668788.3124256 21.0728515625 33.976591179642696 989.2797593485018 7 10 10 7 10 10 1236 362 69 2 0 0 
1643668793.4605029 21.0779296875 33.78618564981451 989.2443810260784 6 9 9 6 9 9 1185 343 62 2 0 0 
1643668798.609829 21.0728515625 33.97047813615117 989.3041132618349 6 9 9 6 9 9 1185 343 62 2 0 0 
1643668803.7629173 21.0779296875 33.99425709001417 989.2993646844208 6 9 9 6 9 9 1185 343 62 2 0 0 
1643668808.9148803 21.0880859375 33.988312367015425 989.2437692688706 7 10 10 7 10 10 1263 371 65 4 0 0 
1643668814.067544 21.0830078125 33.82168405278823 989.2808328707598 7 10 10 7 10 10 1263 371 65 4 0 0 
1643668819.2205112 21.0931640625 33.78618564981451 989.2835907454593 7 10 10 7 10 10 1263 371 65 4 0 0 
1643668824.373651 21.0931640625 33.96444907433191 989.2673551934218 7 10 10 7 10 10 1284 376 58 4 0 0 
1643668829.5301948 21.0779296875 33.798075786671355 989.2996701703976 8 12 13 8 12 13 1605 463 83 6 0 0 
1643668834.686268 21.0880859375 34.011923683747895 989.2633739039921 8 11 13 8 11 13 1536 446 76 6 0 0 
1643668839.843031 21.0931640625 33.815824909806736 989.2869602200179 8 11 13 8 11 13 1536 446 76 6 0 0 
1643668844.9959292 21.0931640625 33.91680518817925 989.2737882323795 8 11 13 8 11 13 1536 446 76 6 0 0 
1643668850.1528764 21.0931640625 33.857269239509634 989.2673551934218 8 11 13 8 11 13 1557 453 74 6 0 0 
1643668855.3064053 21.0982421875 33.75025469118203 989.2633739039921 8 11 13 8 11 13 1557 453 74 6 0 0 
1643668860.460618 21.0880859375 33.803848546015935 989.2667433768694 8 11 13 8 11 13 1557 453 74 6 0 0 
1643668865.6165502 21.1033203125 33.88682446363913 989.263067803945 8 12 13 8 12 13 1584 460 74 6 0 0 
1643668870.7710476 21.113671875 33.7618853733789 989.2419313628765 8 12 13 8 12 13 1584 460 74 6 0 0 
1643668875.9235332 21.123828125 33.809449281398386 989.2402465731403 8 12 13 8 12 13 1584 460 74 6 0 0 
1643668881.0799944 21.11875 33.833059247419264 989.2514267519748 8 12 13 8 12 13 1521 449 74 8 0 0 
1643668886.2298508 21.0423828125 33.951883515789646 988.750950788933 8 12 13 8 12 13 1521 449 74 8 0 0 
1643668891.382289 21.11875 33.755679548073545 989.2534182860478 8 12 13 8 12 13 1521 449 74 8 0 0 
1643668896.5353062 21.123828125 33.6427966043482 989.2592371851092 8 11 12 8 11 12 1464 433 74 4 0 0 
1643668901.6872804 21.123828125 33.892514157601816 989.2099203698687 8 11 12 8 11 12 1464 433 74 4 0 0 
1643668906.838028 21.11875 33.93421669581243 989.2241626268806 8 11 12 8 11 12 1464 433 74 4 0 0 
1643668911.9890838 21.14921875 33.78514878058933 989.2468289900089 6 11 11 6 11 11 1272 374 69 6 0 0 
1643668917.1379058 21.123828125 33.65468832893688 989.2322796775003 7 11 11 7 11 11 1329 390 74 8 0 0 
1643668922.2865252 21.123828125 33.63090483850662 989.2480571174873 7 11 11 7 11 11 1329 390 74 8 0 0 
1643668927.4376402 21.12890625 33.77360330591426 989.2289099903106 7 11 11 7 11 11 1329 390 74 8 0 0 
1643668932.5887012 21.133984375 33.68424226143199 989.2508129620543 7 11 11 7 11 11 1284 378 78 8 0 0 
1643668937.7346034 21.1390625 33.79721320301589 989.2592371851092 7 11 11 7 11 11 1284 378 78 8 0 0 
1643668942.882236 21.123828125 33.67838399221813 989.2433094643723 7 11 11 7 11 11 1284 378 78 8 0 0 
1643668948.0304246 21.123828125 33.845121779277434 989.2365702513234 7 11 11 7 11 11 1341 402 76 6 0 0 
1643668953.179968 21.1390625 33.737755276824956 989.2232407970276 7 11 11 7 11 11 1341 402 76 6 0 0 
1643668958.3330946 21.133984375 33.69237671389999 989.2289099903106 7 11 11 7 11 11 1341 402 76 6 0 0 
1643668963.4824533 21.133984375 33.743701115855686 989.278534510912 7 10 11 7 10 11 1326 397 69 6 0 0 
1643668968.6270323 21.1390625 33.64839039237522 989.2762351707617 7 10 11 7 10 11 1326 397 69 6 0 0 
1643668973.7760642 21.123828125 33.78558099871388 989.2264614338523 7 10 11 7 10 11 1326 397 69 6 0 0 
1643668978.9237125 21.133984375 33.76171199385456 989.2612288984166 8 10 11 8 10 11 1332 411 66 4 0 0 
1643668984.0760567 21.123828125 33.60712118306478 989.2278393164495 8 10 11 8 10 11 1332 411 66 4 0 0 
1643668989.2302775 21.113671875 33.61333228778929 989.2503553126091 8 10 11 8 10 11 1332 411 66 4 0 0 
1643668994.3842196 21.113671875 33.89862982998525 989.2247766311855 8 12 12 8 12 12 1386 417 86 8 0 0 
1643668999.536451 21.123828125 33.78549457672106 989.2301378361939 8 12 12 8 12 12 1386 417 86 8 0 0 
1643669004.688762 21.12890625 33.73801621432791 989.2278393164495 7 12 13 7 12 13 1386 412 97 8 0 0 
1643669009.838769 21.14921875 33.80910466448971 989.2070070304096 7 12 13 7 12 13 1386 412 97 8 0 0 
1643669014.9891226 21.1390625 33.83883313768455 989.2019525028832 7 12 13 7 12 13 1386 412 97 8 0 0 
1643669020.1410773 21.12890625 33.84469302986913 989.2207929675136 7 11 12 7 11 12 1335 402 90 6 0 0 
1643669025.2931108 21.123828125 33.68432986608778 989.2140536496206 7 11 12 7 11 12 1335 402 90 6 0 0 
1643669030.4464214 21.133984375 33.61874796356974 989.2269178973262 7 11 12 7 11 12 1335 402 90 6 0 0 
1643669035.600408 20.9154296875 33.667106577531634 989.0575389119088 7 10 11 7 10 11 1293 383 80 6 0 0 
1643669040.7547 21.14921875 33.51216402788725 989.2243105924265 7 10 11 7 10 11 1293 383 80 6 0 0 
1643669045.9093733 21.14921875 33.56505448158835 989.2394746739255 7 10 11 7 10 11 1293 383 80 6 0 0 
1643669051.0626857 21.1390625 33.72568928222165 989.2184936131231 6 9 10 6 9 10 1257 369 66 6 0 0 
1643669056.2194908 21.1390625 33.64262044967041 989.2204857735626 6 9 10 6 9 10 1257 369 66 6 0 0 
1643669061.3723376 21.133984375 33.7141463330868 989.2211000516794 6 9 10 6 9 10 1257 369 66 6 0 0 
1643669066.529366 21.133984375 33.80307268934948 989.2188009304232 6 10 10 6 10 10 1251 364 71 6 0 0 
1643669071.6824412 21.144140625 33.7909218473238 989.2158861051576 6 10 10 6 10 10 1251 364 71 6 0 0 
1643669076.835756 21.1390625 33.82073791821642 989.2188009304232 7 10 12 7 10 12 1239 371 57 8 2 2 
1643669081.9883404 21.144140625 33.68406701967115 989.2287498527311 7 10 12 7 10 12 1239 371 57 8 2 2 
1643669087.1404774 21.12890625 33.55937531003373 989.1918434497229 7 10 12 7 10 12 1239 371 57 8 2 2 
1643669092.2937078 21.144140625 33.62451744779755 989.252646390553 6 9 11 6 9 11 1176 348 52 8 2 2 
1643669097.4509556 21.154296875 33.683891734644604 989.1939824464577 6 9 11 6 9 11 1176 348 52 8 2 2 
1643669102.6049101 21.159375 33.71965604833569 989.2122085135805 6 9 11 6 9 11 1176 348 52 8 2 2 
1643669107.7588043 21.159375 33.66596519398702 989.2152704552813 6 8 11 6 8 11 1128 334 40 8 2 2 
1643669112.9123094 21.154296875 33.66578943427127 989.2203252287995 6 8 11 6 8 11 1128 334 40 8 2 2 
1643669118.063096 21.154296875 33.648302345477845 989.2037839609587 6 8 11 6 8 11 1128 334 40 8 2 2 
1643669123.2153618 21.154296875 33.665877319537394 989.2334967874626 5 8 10 5 8 10 1083 312 35 8 2 2 
1643669128.3685064 21.159375 33.80298642897332 989.2105236029159 5 8 10 5 8 10 1083 312 35 8 2 2 
1643669133.5205793 21.164453125 33.67182369212417 989.2152704552813 5 8 10 5 8 10 1083 312 35 8 2 2 
1643669138.673846 21.159375 33.55892995295671 989.2189481569393 5 8 9 5 8 9 1089 309 37 6 2 2 
1643669143.8271325 21.16953125 33.71344801140835 989.2031679016225 5 8 9 5 8 9 1089 309 37 6 2 2 
1643669148.9803188 21.184765625 33.522982223091766 989.1988730328974 5 8 9 5 8 9 1089 309 37 6 2 2 
1643669154.1337326 21.164453125 33.648038139886374 989.2065377767057 5 8 9 5 8 9 1083 311 44 6 2 2 
1643669159.2891948 21.16953125 33.78471629206364 989.1829486570105 6 9 11 6 9 11 1092 333 66 8 4 0 
1643669164.4437337 21.159375 33.784889319922065 989.201482964186 6 9 11 6 9 11 1092 333 66 8 4 0 
1643669169.5969064 21.174609375 33.67138449912228 989.1759004996944 6 9 11 6 9 11 1092 333 66 8 4 0 
1643669174.7490234 21.174609375 33.6003779037179 989.2190927741234 6 9 12 6 9 12 1128 333 73 8 4 0 
1643669179.8990846 21.1796875 33.67759454624142 989.2072979238485 6 9 12 6 9 12 1128 333 73 8 4 0 
1643669185.0473564 21.174609375 33.50514189092331 989.2106678807196 6 9 12 6 9 12 1128 333 73 8 4 0 
1643669190.1969013 21.16953125 33.57650266255534 989.2072979238485 6 10 13 6 10 13 1221 359 83 8 4 0 
1643669195.344702 21.164453125 33.487571268924874 989.2129694147043 6 10 13 6 10 13 1221 359 83 8 4 0 
1643669200.50012 21.16953125 33.760931250596435 989.2126611918876 6 10 13 6 10 13 1221 359 83 8 4 0 
1643669205.6540577 21.16953125 33.77868344872237 989.1880034672173 6 10 12 6 10 12 1191 347 83 8 4 0 
1643669210.8073695 21.164453125 33.606413026338274 989.2095995119381 6 10 12 6 10 12 1191 347 83 8 4 0 
1643669215.9610422 21.1796875 33.356377386971005 989.2143461569372 6 10 12 6 10 12 1191 347 83 8 4 0 
1643669221.1181712 21.184765625 33.439726545338644 989.1716046257176 6 10 12 6 10 12 1224 354 80 8 4 0 
1643669226.2709327 21.2 33.599668421776656 989.1639375390808 6 10 12 6 10 12 1224 354 80 8 4 0 
1643669231.428178 21.205078125 33.599845857162435 989.1827818852025 6 10 12 6 10 12 1224 354 80 8 4 0 
1643669236.584453 21.205078125 33.629492204027855 989.1953379544195 6 10 12 6 10 12 1215 356 69 8 4 0 
1643669241.7392862 21.205078125 33.34411663850729 989.172362694249 7 9 9 7 9 9 1251 360 43 2 0 0 
1643669246.8926868 21.194921875 33.683190161881384 989.1696107440087 7 10 10 7 10 10 1365 379 46 2 0 0 
1643669252.0456188 21.21015625 33.379709690853666 989.1771086352439 7 10 10 7 10 10 1365 379 46 2 0 0 
1643669257.2008283 21.18984375 33.5700218278028 989.1780357646152 7 10 10 7 10 10 1365 379 46 2 0 0 
1643669262.354244 21.205078125 33.56398560052171 989.2091245025242 7 10 10 7 10 10 1380 386 50 2 0 0 
1643669267.507386 21.205078125 33.676892080965715 989.2020782486176 7 10 10 7 10 10 1380 386 50 2 0 0 
1643669272.6595995 21.215234375 33.492438906161766 989.2141828420307 7 10 10 7 10 10 1380 386 50 2 0 0 
1643669277.811867 21.194921875 33.486761567830484 989.2074426001157 7 10 10 7 10 10 1395 393 45 2 0 0 
1643669282.964199 21.205078125 33.51072988272911 989.2043782998684 7 10 10 7 10 10 1395 393 45 2 0 0 
1643669288.1161656 21.205078125 33.34420827715999 989.2181672800865 7 10 10 7 10 10 1395 393 45 2 0 0 
1643669293.2696335 21.194921875 33.427470090964924 989.1925830738016 7 9 9 7 9 9 1389 388 43 2 0 0 
1643669298.4149604 21.194921875 33.50478282180343 989.1743567957383 7 9 9 7 9 9 1389 388 43 2 0 0 
1643669303.5620854 21.205078125 33.486761567830484 989.199323202562 7 9 9 7 9 9 1389 388 43 2 0 0 
1643669308.7169693 21.205078125 33.49270879631763 989.2091245025242 7 10 10 7 10 10 1431 405 41 2 0 0 
1643669313.8710315 21.2 33.34402498903687 989.1928919948725 7 10 10 7 10 10 1431 405 41 2 0 0 
1643669319.024517 21.2 33.272654471166476 989.2030021070656 7 10 10 7 10 10 1431 405 41 2 0 0 
1643669324.1788752 21.18984375 33.39746085699057 989.220919828427 8 10 10 8 10 10 1407 399 62 4 0 0 
1643669329.3262072 21.184765625 33.439273925034044 989.1827818852025 8 10 10 8 10 10 1407 399 62 4 0 0 
1643669334.477508 21.194921875 33.623810497622344 989.1743567957383 8 11 11 8 11 11 1449 411 64 4 0 0 
1643669339.6301458 21.194921875 33.564074733436755 989.1979470506537 8 11 11 8 11 11 1449 411 64 4 0 0 
1643669344.7826312 21.21015625 33.53433910685141 989.1602581889439 8 11 11 8 11 11 1449 411 64 4 0 0 
1643669349.934947 21.194921875 33.5701108815981 989.1875279779673 8 11 13 8 11 13 1497 427 69 6 2 0 
1643669355.0885553 21.205078125 33.546412031635974 989.1712957479898 8 11 13 8 11 13 1497 427 69 6 2 0 
1643669360.2406743 21.18984375 33.475047362427 989.193200806122 8 11 13 8 11 13 1497 427 69 6 2 0 
1643669365.392923 21.205078125 33.59354369543772 989.208509317554 8 11 13 8 11 13 1476 427 71 8 2 0 
1643669370.5452056 21.194921875 33.43323604718087 989.1676167254285 8 11 13 8 11 13 1476 427 71 8 2 0 
1643669375.6985483 21.18984375 33.504693027480705 989.1625616734323 8 11 13 8 11 13 1476 427 71 8 2 0 
1643669380.848248 21.1796875 33.677331202886435 989.1564397144623 8 11 13 8 11 13 1419 420 64 6 2 0 
1643669385.999144 21.18984375 33.34997246513219 989.1780357646152 8 11 13 8 11 13 1419 420 64 6 2 0 
1643669391.144155 21.18984375 33.5109093023129 989.1277948975804 8 11 13 8 11 13 1419 420 64 6 2 0 
1643669396.2932842 21.194921875 33.42134137354943 989.1824728827637 8 11 13 8 11 13 1413 415 71 6 2 0 
1643669401.4412417 21.215234375 33.42115981822145 989.1754264663343 8 11 13 8 11 13 1413 415 71 6 2 0 
1643669406.5978537 21.21015625 33.52839195058332 989.1703712896292 6 10 10 6 10 10 1347 374 65 4 0 0 
1643669411.742496 21.225390625 33.510101573447834 989.1505966775462 6 10 10 6 10 10 1347 374 65 4 0 0 
1643669416.8896735 21.215234375 33.552001963893666 989.1484628807042 5 9 9 5 9 9 1305 365 58 4 0 0 
1643669422.0375752 20.9408203125 33.43073092240627 988.9460272961858 5 9 9 5 9 9 1305 365 58 4 0 0 
1643669427.1909845 21.215234375 33.539839113988016 989.1388008933652 5 9 9 5 9 9 1305 365 58 4 0 0 
1643669432.3452396 21.245703125 33.47423575033651 989.1637676694673 5 10 10 5 10 10 1305 367 67 6 0 0 
1643669437.4984114 21.235546875 33.43854917004458 989.1489115653101 5 10 10 5 10 10 1305 367 67 6 0 0 
1643669442.6514578 21.23046875 33.17683623070829 989.1469164090375 5 10 10 5 10 10 1305 367 67 6 0 0 
1643669447.8051975 21.245703125 33.22442188738412 989.1617725112136 5 9 9 5 9 9 1212 344 62 4 0 0 
1643669452.9580905 21.25078125 33.39691435687152 989.1992907687196 5 9 9 5 9 9 1212 344 62 4 0 0 
1643669458.1096823 21.245703125 33.26587353625383 989.1634576511335 5 9 9 5 9 9 1212 344 62 4 0 0 
1643669463.266285 21.245703125 33.52154473627383 989.1746334561936 5 10 10 5 10 10 1242 356 64 4 0 0 
1643669468.4190128 21.25078125 33.28371818044527 989.1364954208267 5 10 10 5 10 10 1242 356 64 4 0 0 
1643669473.572334 21.235546875 33.30760305160496 989.1556520146754 5 10 10 5 10 10 1242 356 64 4 0 0 
1643669478.7253034 21.245703125 33.343383139848164 989.1328147710144 6 10 10 6 10 10 1308 377 66 4 0 0 
1643669483.8788562 21.2609375 33.41448163100414 989.116716261446 6 10 10 6 10 10 1308 377 66 4 0 0 
1643669489.0341957 21.25078125 33.32525982256593 989.1406195946629 7 12 12 7 12 12 1434 408 74 12 0 0 
1643669494.1879408 21.255859375 33.473961546706995 989.1493559505484 7 12 12 7 12 12 1434 408 74 12 0 0 
1643669499.337597 21.266015625 33.473961546706995 989.165897298474 7 12 12 7 12 12 1434 408 74 12 0 0 
1643669504.4908547 21.255859375 33.247746642500914 989.1072268095238 7 11 11 7 11 11 1446 406 63 8 0 0 
1643669509.6434312 21.266015625 33.366991958694875 989.1467390447177 7 11 11 7 11 11 1446 406 63 8 0 0 
1643669514.7973256 21.266015625 33.247839515222225 989.1389344149694 7 11 11 7 11 11 1446 406 63 8 0 0 
1643669519.950271 21.255859375 33.21224219871745 989.1389344149694 7 11 11 7 11 11 1473 415 60 8 0 0 
1643669525.1033993 21.276171875 33.330932266393695 989.1346317020859 7 11 11 7 11 11 1473 415 60 8 0 0 
1643669530.255927 21.266015625 33.45584623490869 989.1363169223238 7 11 11 7 11 11 1473 415 60 8 0 0 
1643669535.4091964 21.276171875 33.52127554493776 989.0998643418668 7 11 11 7 11 11 1458 413 55 6 0 0 
1643669540.562555 21.266015625 33.301282443219506 989.1380021426316 7 11 11 7 11 11 1458 413 55 6 0 0 
1643669545.7158368 21.28125 33.419975156609695 989.0888194117122 7 11 11 7 11 11 1458 413 55 6 0 0 
1643669550.868327 21.276171875 33.104791363396735 989.1592883014299 7 11 11 7 11 11 1422 408 53 6 0 0 
1643669556.0203886 21.286328125 33.32452372912158 989.147180448982 7 11 11 7 11 11 1422 408 53 6 0 0 
1643669561.1740444 21.286328125 33.31885130061475 989.1559178048145 7 11 11 7 11 11 1422 408 53 6 0 0 
1643669566.327344 21.276171875 33.28315981579177 989.132324336359 7 11 11 7 11 11 1428 408 57 8 0 0 
1643669571.4799738 21.276171875 33.336880653809594 989.1164053277 6 9 9 6 9 9 1212 349 60 2 0 0 
1643669576.6320512 21.28125 33.14652713773575 989.1265165641821 6 9 9 6 9 9 1263 352 60 2 0 0 
1643669581.7846136 21.27109375 33.49144501066419 989.1441210688691 6 9 9 6 9 9 1263 352 60 2 0 0 
1643669586.936977 21.27109375 33.187980706511325 989.1026125308861 6 9 9 6 9 9 1263 352 60 2 0 0 
1643669592.089786 21.286328125 33.25332378027927 989.0921898755955 5 9 9 5 9 9 1227 338 60 4 0 0 
1643669597.2431426 21.276171875 33.28910842239701 989.1356948310114 5 9 9 5 9 9 1227 338 60 4 0 0 
1643669602.3968098 21.276171875 33.17004052526519 989.0756490379265 5 9 9 5 9 9 1227 338 60 4 0 0 
1643669607.5502236 21.28125 33.26522122300562 989.0972455719464 6 9 9 6 9 9 1248 348 58 4 0 0 
1643669612.7014053 21.28125 33.23557059140958 989.1272685949064 6 9 9 6 9 9 1248 348 58 4 0 0 
1643669617.845535 21.27109375 33.46188482992622 989.1012384777086 6 9 9 6 9 9 1248 348 58 4 0 0 
1643669622.9965923 21.276171875 33.176176857063936 989.1147201218649 6 9 9 6 9 9 1227 346 53 4 0 0 
1643669628.144507 21.266015625 33.30713861352917 989.1066051088571 6 9 9 6 9 9 1227 346 53 4 0 0 
1643669633.2946327 21.28125 33.22357999284938 989.0969341594406 6 9 9 6 9 9 1227 346 53 4 0 0 
1643669638.448323 21.28125 33.43772950333816 989.0632292577862 6 9 9 6 9 9 1206 343 51 4 0 0 
1643669643.597609 21.276171875 33.289293265519824 989.1164053277 6 9 9 6 9 9 1206 343 51 4 0 0 
1643669648.750377 21.29140625 33.39618157647495 989.1188423605538 6 9 9 6 9 9 1206 343 51 4 0 0 
1643669653.9016545 21.286328125 33.133199956286354 989.1188423605538 7 13 16 7 13 16 1473 429 87 10 4 2 
1643669659.0490267 21.3017578125 33.29468747587755 989.0561764329686 7 13 16 7 13 16 1473 429 87 10 4 2 
1643669664.2045832 21.2966796875 33.05087056405264 989.0947511955097 6 12 15 6 12 15 1401 413 83 8 4 2 
1643669669.357429 21.2966796875 33.140013513315324 989.1054873316873 6 12 15 6 12 15 1401 413 83 8 4 2 
1643669674.509866 21.29140625 33.33065642006336 989.0885079313978 6 12 15 6 12 15 1401 413 83 8 4 2 
1643669679.6620183 21.286328125 33.15209983039972 989.1013668238651 6 12 13 6 12 13 1338 396 76 6 2 0 
1643669684.814272 21.28125 33.080995868590534 989.0508086618895 6 12 13 6 12 13 1338 396 76 6 2 0 
1643669689.9674215 21.2966796875 33.235384475339764 989.0848258233679 6 12 13 6 12 13 1338 396 76 6 2 0 
1643669695.118287 21.276171875 33.39032442130303 989.1225240631654 6 12 13 6 12 13 1332 388 76 6 2 0 
1643669700.262454 21.286328125 33.36039927862125 989.0881963412174 6 12 13 6 12 13 1332 388 76 6 2 0 
1643669705.4114861 21.2966796875 33.2589941038076 989.1209669190794 6 12 13 6 12 13 1332 388 76 6 2 0 
1643669710.559873 21.3017578125 33.2826971770992 989.1203432923324 6 11 12 6 11 12 1332 374 74 8 2 0 
1643669715.7068877 21.3017578125 33.1044131191885 989.1220286205734 6 11 12 6 11 12 1332 374 74 8 2 0 
1643669720.857398 21.3017578125 33.157954838301265 989.1074845126641 6 11 12 6 11 12 1332 374 74 8 2 0 
1643669726.0075626 21.2966796875 33.3542673224059 989.0875728312487 7 11 12 7 11 12 1362 381 69 8 2 0 
1643669731.1604495 21.3068359375 33.23529140107767 989.0670373203418 7 11 12 7 11 12 1362 381 69 8 2 0 
1643669736.309441 21.28125 33.23529140107767 989.1097931903291 7 11 11 7 11 11 1305 388 60 6 0 0 
1643669741.4585812 21.2966796875 33.18175088955384 989.0673494028764 7 11 11 7 11 11 1305 388 60 6 0 0 
1643669746.601433 21.2966796875 33.22934249663789 989.0791464015333 7 11 11 7 11 11 1305 388 60 6 0 0 
1643669751.7482848 21.2966796875 33.09260955977532 989.0895699137603 7 11 11 7 11 11 1278 381 60 6 0 0 
1643669756.896772 21.286328125 33.1876998765638 989.0754638154119 7 11 11 7 11 11 1278 381 60 6 0 0 
1643669762.0439107 21.29140625 33.14605675074734 989.0460648882536 7 11 11 7 11 11 1278 381 60 6 0 0 
1643669767.1913059 21.28125 33.28325231107645 989.0969341594406 7 10 10 7 10 10 1263 374 57 4 0 0 
1643669772.3356435 21.29140625 33.080806221547554 989.0679732383264 7 10 10 7 10 10 1263 374 57 4 0 0 
1643669777.484697 21.276171875 33.229715002043434 989.1215901063233 7 10 10 7 10 10 1263 374 57 4 0 0 
1643669782.6371028 21.276171875 33.229528770976955 989.0739638202125 7 9 9 7 9 9 1233 357 55 6 0 0 
