timestamp temperature humidity pressure pm10_standard pm25_standard pm100_standard pm10_env pm25_env pm100_env particles_03um particles_05um particles_10um particles_25um particles_50um particles_100um
1661538937.3185546 20.2240234375 64.01036859335842 986.1426834301982 1 3 3 1 3 3 513 136 18 2 0 0 
1661538942.4498148 20.2189453125 63.75133611409729 986.1591935326018 1 3 3 1 3 3 477 129 16 2 0 0 
1661538947.5831726 20.2291015625 63.76335768277182 986.1622452014475 1 3 3 1 3 3 477 129 16 2 0 0 
1661538952.717515 20.2189453125 63.89248630732089 986.1426834301982 1 3 3 1 3 3 477 129 16 2 0 0 
1661538957.8505697 20.2189453125 64.03951146752084 986.1561418088722 1 3 3 1 3 3 462 129 14 2 0 0 
1661538962.9848158 20.2189453125 64.02186878724454 986.1312203452133 1 3 3 1 3 3 462 129 14 2 0 0 
1661538968.1191735 20.2189453125 63.71042441607912 986.134271945798 0 2 2 0 2 2 462 129 14 2 0 0 
1661538973.2529228 20.2087890625 63.921370544618085 986.1163928062434 1 1 1 1 1 1 456 127 12 2 0 0 
1661538978.3817084 20.2087890625 63.91065066248941 986.1864231772386 1 1 1 1 1 1 456 127 12 2 0 0 
1661538983.5152314 20.2087890625 63.92189185291799 986.1315332285219 1 1 1 1 1 1 456 127 12 2 0 0 
1661538988.646278 20.2189453125 64.05715405535686 986.1671733918024 2 3 3 2 3 3 429 134 30 2 0 0 
1661538993.7793822 20.2138671875 64.10393777595891 986.1699128729482 2 3 3 2 3 3 429 134 30 2 0 0 
1661538998.9111938 20.2087890625 63.86308050494523 986.1587621058296 2 3 3 2 3 3 417 130 32 2 0 0 
1661539004.0455513 20.2189453125 64.0098452939791 986.1581368823333 2 3 3 2 3 3 417 130 32 2 0 0 
1661539009.179751 20.2189453125 63.916010764340854 986.1780116837549 1 2 2 1 2 2 417 130 32 2 0 0 
1661539014.3137758 20.2037109375 64.07453415779014 986.153090030261 0 2 2 0 2 2 402 125 32 2 0 0 
1661539019.4472532 20.2037109375 64.00370282783892 986.1163928062434 0 2 2 0 2 2 402 125 32 2 0 0 
1661539024.5787928 20.2240234375 63.82217144776057 986.1544595112933 1 3 3 1 3 3 402 125 32 2 0 0 
1661539029.7119176 20.2240234375 63.96946253049652 986.1830585796356 1 3 3 1 3 3 393 120 34 2 0 0 
1661539034.840472 20.2291015625 63.94567701090334 986.1575112213286 1 3 3 1 3 3 393 120 34 2 0 0 
1661539039.9706469 20.2443359375 63.87000175852971 986.1818071958445 0 2 2 0 2 2 393 120 34 2 0 0 
1661539045.0977771 20.2443359375 63.91705298372973 986.1471042792549 0 2 2 0 2 2 393 123 32 2 0 0 
1661539050.231679 20.2494140625 63.78766053252841 986.1336456865018 0 2 2 0 2 2 393 123 32 2 0 0 
1661539055.3623335 20.2291015625 63.76335768277182 986.174021478177 0 2 2 0 2 2 393 123 32 2 0 0 
1661539060.4896853 20.2392578125 63.993771222655354 986.1652968154066 1 3 3 1 3 3 399 125 36 2 0 0 
1661539065.623615 20.2291015625 63.810668129541895 986.1571982267544 1 3 3 1 3 3 399 125 36 2 0 0 
1661539070.7573066 20.2291015625 63.90476941919482 986.1585674611778 1 2 2 1 2 2 417 120 10 0 0 0 
1661539075.8905132 20.2189453125 63.87536304864767 986.1611887020277 1 2 2 1 2 2 417 120 10 0 0 0 
1661539081.023608 20.2189453125 63.95155811521069 986.204928469052 1 2 2 1 2 2 417 120 10 0 0 0 
1661539086.1566021 20.2087890625 63.93927420698198 986.1399445766775 1 2 2 1 2 2 402 118 10 0 0 0 
1661539091.2907367 20.2037109375 64.02186878724454 986.182001343658 1 2 2 1 2 2 402 118 10 0 0 0 
1661539096.4251232 20.2037109375 63.921370544618085 986.1573923100884 0 1 1 0 1 1 402 118 10 0 0 0 
1661539101.5588126 20.2037109375 63.8029714875018 986.1671733918024 0 1 1 0 1 1 429 120 12 0 0 0 
1661539106.6932604 20.1986328125 63.93875247468529 986.1826259688804 0 1 1 0 1 1 429 120 12 0 0 0 
1661539111.8275528 20.1884765625 63.92699075140574 986.1641212842292 0 1 1 0 1 1 429 120 12 0 0 0 
1661539116.96175 20.1884765625 63.974037398033516 986.141194745098 2 2 2 2 2 2 429 120 12 0 0 0 
1661539122.094815 20.1884765625 64.14992986358536 986.1600112403787 2 2 2 2 2 2 429 120 12 0 0 0 
1661539127.2287893 20.1935546875 64.02055973373409 986.1378303140621 2 2 2 2 2 2 429 120 12 0 0 0 
1661539132.3635306 20.1986328125 64.19749999315573 986.1532824297302 1 1 1 1 1 1 438 123 10 0 0 0 
1661539137.4977264 20.1935546875 63.85563968771945 986.1182685412521 1 1 1 1 1 1 438 123 10 0 0 0 
1661539142.6285543 20.1935546875 64.02134519805558 986.1496058239103 1 1 1 1 1 1 438 123 10 0 0 0 
1661539147.7600865 20.1986328125 64.07427175408935 986.1472988509735 2 2 2 2 2 2 447 128 8 0 0 0 
1661539152.8880308 20.1986328125 63.89118463322089 986.1560224321562 2 4 4 2 4 4 549 170 33 2 0 0 
1661539158.0192974 20.2189453125 64.02748783463298 986.1570798488449 3 4 4 3 4 4 543 168 28 2 0 0 
1661539163.1507154 20.2189453125 63.950775162572754 986.1708502594878 3 4 4 3 4 4 543 168 28 2 0 0 
1661539168.2846587 20.2037109375 63.92725148875036 986.1856782270906 3 4 4 3 4 4 543 168 28 2 0 0 
1661539173.4155793 20.2138671875 63.93927420698198 986.1789491950987 3 4 4 3 4 4 585 170 33 2 0 0 
1661539178.5491295 20.2087890625 63.94541610451511 986.1772669372752 3 4 4 3 4 4 585 170 33 2 0 0 
1661539183.682585 20.2037109375 63.92751221535644 986.1287941824619 3 4 4 3 4 4 585 170 33 2 0 0 
1661539188.816542 20.2138671875 64.02134519805558 986.1267992350641 2 3 4 2 3 4 537 156 28 2 0 0 
1661539193.952152 20.2037109375 63.85641954901193 986.1284814907913 2 3 4 2 3 4 537 156 28 2 0 0 
1661539199.085459 20.2087890625 63.83903624834584 986.1254296981864 2 3 4 2 3 4 537 156 28 2 0 0 
1661539204.219081 20.2037109375 63.77408461033341 986.1173311659015 2 3 4 2 3 4 522 151 28 2 0 0 
1661539209.3502393 20.1986328125 63.78584686767556 986.1408823670462 2 3 4 2 3 4 522 151 28 2 0 0 
1661539214.480773 20.2037109375 63.93234997710267 986.1638088772037 2 3 4 2 3 4 522 151 28 2 0 0 
1661539219.6104078 20.1884765625 63.861000381071015 986.1398248117866 2 3 4 2 3 4 516 149 32 2 0 0 
1661539224.7415044 20.1884765625 63.902685710182546 986.1398248117866 2 3 4 2 3 4 516 149 32 2 0 0 
1661539229.8732944 20.1986328125 63.83211643001446 986.1280493997541 2 3 4 2 3 4 516 149 32 2 0 0 
1661539235.0041635 20.1884765625 63.98475321680107 986.1569588722498 1 2 2 1 2 2 435 119 16 0 0 0 
1661539240.1368062 20.1884765625 64.02029789081678 986.1314138028425 1 2 2 1 2 2 435 119 16 0 0 0 
1661539245.2688708 20.1884765625 63.8551197264979 986.1620054398873 1 2 2 1 2 2 435 126 14 0 0 0 
1661539250.3994665 20.1833984375 64.07857738099024 986.1407610023485 1 2 2 1 2 2 435 126 14 0 0 0 
1661539255.5338645 20.1833984375 63.85537971247799 986.1496058239103 1 2 2 1 2 2 435 126 14 0 0 0 
1661539260.668306 20.1783203125 64.008275138119 986.1825034413845 1 2 2 1 2 2 435 126 14 0 0 0 
1661539265.8029964 20.1884765625 64.13737956228809 986.1465536201996 1 2 2 1 2 2 435 126 14 0 0 0 
1661539270.937377 20.1783203125 64.04277128162428 986.1656816788653 1 2 2 1 2 2 435 126 14 0 0 0 
1661539276.071717 20.1833984375 63.94947002673943 986.1589529758139 0 1 1 0 1 1 414 119 12 0 0 0 
1661539281.2056694 20.1935546875 64.06734161286107 986.1701044584474 0 1 1 0 1 1 414 119 12 0 0 0 
1661539286.3393445 20.1986328125 63.861520476471384 986.1367726079876 0 1 1 0 1 1 414 119 12 0 0 0 
1661539291.4724104 20.1884765625 64.0320588829462 986.1650578490985 0 1 1 0 1 1 384 112 14 0 0 0 
1661539296.6069314 20.1884765625 63.92646924450088 986.1711625029254 1 2 2 1 2 2 384 112 14 0 0 0 
1661539301.7409341 20.1884765625 63.86818151878192 986.195771777175 1 2 2 1 2 2 384 112 14 0 0 0 
1661539306.8723955 20.1986328125 63.92646924450088 986.147923608008 1 2 2 1 2 2 375 109 10 0 0 0 
1661539312.0059276 20.1986328125 63.91444711310105 986.1367726079876 0 1 1 0 1 1 375 109 10 0 0 0 
1661539317.1399715 20.1935546875 63.809371259114634 986.1843082133587 2 2 2 2 2 2 435 119 18 0 0 0 
1661539322.2731752 20.2087890625 63.85105826837705 986.1766420119795 2 2 2 2 2 2 435 119 18 0 0 0 
1661539327.4072351 20.2087890625 63.96253693785993 986.1304764247045 2 2 2 2 2 2 435 119 18 0 0 0 
1661539332.538132 20.2189453125 63.78688331202386 986.195891715473 2 3 3 2 3 3 456 128 25 0 0 0 
1661539337.6720488 20.2087890625 63.97482118791081 986.1449913864095 2 3 3 2 3 3 456 128 25 0 0 0 
1661539342.8040009 20.2189453125 63.669253522343176 986.1281686897487 2 3 3 2 3 3 456 128 25 0 0 0 
1661539347.9391782 20.2189453125 63.781001920117916 986.141314044537 1 2 2 1 2 2 393 112 27 0 0 0 
1661539353.075625 20.2240234375 63.84647589939962 986.1555159019964 1 2 2 1 2 2 393 112 27 0 0 0 
1661539358.2103608 20.2240234375 63.670026717160205 986.1494126189762 1 2 2 1 2 2 393 112 27 0 0 0 
1661539363.3455658 20.2697265625 63.64804395036679 986.1175619207577 1 2 2 1 2 2 414 116 25 0 0 0 
1661539368.479738 20.2697265625 63.706865808355815 986.1472174037922 1 2 2 1 2 2 414 116 25 0 0 0 
1661539373.6150205 20.2798828125 63.71888823913641 986.1502684139592 1 2 2 1 2 2 414 116 25 0 0 0 
1661539378.7500615 20.2697265625 63.68333718844222 986.1606766564821 1 2 2 1 2 2 399 111 27 0 0 0 
1661539383.8847036 20.2595703125 63.53014110630575 986.1371229672097 1 2 2 1 2 2 399 111 27 0 0 0 
1661539389.0193653 20.2748046875 63.783073756615146 986.1553156742775 1 2 2 1 2 2 399 111 27 0 0 0 
1661539394.1533916 20.2595703125 63.600728873033454 986.1438525913185 2 3 3 2 3 3 420 123 29 0 0 0 
1661539399.2880678 20.2494140625 63.84725503599405 986.1831764429695 2 2 2 2 2 2 396 127 21 0 0 0 
1661539404.4218109 20.2443359375 63.78791958455249 986.1697156704533 2 3 3 2 3 3 387 127 23 0 0 0 
1661539409.5561557 20.2544921875 63.79406034293404 986.1747646109677 2 3 3 2 3 3 387 127 23 0 0 0 
1661539414.6895852 20.2443359375 63.51684063821327 986.1633013176172 2 3 3 2 3 3 387 127 23 0 0 0 
1661539419.8234215 20.2291015625 63.575403401201804 986.1625581553577 2 3 3 2 3 3 393 127 23 0 0 0 
1661539424.9577029 20.2291015625 63.78151994367459 986.1454219549161 2 3 3 2 3 3 393 127 23 0 0 0 
1661539430.0916345 20.2341796875 63.757993736591956 986.1246072359187 2 3 3 2 3 3 393 127 23 0 0 0 
1661539435.2256165 20.2443359375 63.7756384073117 986.123238369819 2 3 3 2 3 3 393 129 23 0 0 0 
1661539440.3595138 20.2291015625 63.58793737239044 986.1585674611778 2 3 3 2 3 3 393 129 23 0 0 0 
1661539445.4926164 20.2443359375 63.75825246388959 986.1437396306474 2 3 3 2 3 3 393 129 23 0 0 0 
1661539450.626737 20.2291015625 63.70557540590495 986.1616189654702 2 3 3 2 3 3 399 131 28 0 0 0 
1661539455.7600389 20.2494140625 63.53551121821494 986.1545742523333 2 3 3 2 3 3 399 131 28 0 0 0 
1661539460.894199 20.2544921875 63.70634967959195 986.1259738113275 2 3 3 2 3 3 399 131 28 0 0 0 
1661539466.0269988 20.2595703125 63.8122240196778 986.1505822165453 2 2 2 2 2 2 378 124 21 0 0 0 
1661539471.161083 20.2646484375 63.57796949815661 986.1438525913185 2 2 2 2 2 2 378 124 21 0 0 0 
1661539476.295211 20.2697265625 63.69510151894602 986.1492135168746 2 2 2 2 2 2 378 124 21 0 0 0 
1661539481.4280226 20.2646484375 63.636279455486964 986.0889615058873 2 4 5 2 4 5 435 129 35 6 2 0 
1661539486.562489 20.2595703125 63.81836517439525 986.1589942496513 2 4 5 2 4 5 435 129 35 6 2 0 
1661539491.6964083 20.2697265625 63.612493356995685 986.1202989118297 2 4 6 2 4 6 444 134 32 8 4 0 
1661539496.830608 20.2646484375 63.72399563408277 986.1327033250413 2 4 6 2 4 6 444 134 32 8 4 0 
1661539501.9645867 20.2697265625 63.711973527109414 986.137436768834 2 4 6 2 4 6 444 134 32 8 4 0 
1661539507.098579 20.2595703125 63.6303971926368 986.1808655439029 2 4 6 2 4 6 396 125 32 8 4 0 
1661539512.2305474 20.2443359375 63.7526294688107 986.1226112915485 1 3 5 1 3 5 396 125 32 8 4 0 
1661539517.3638823 20.2544921875 63.49945038655925 986.1585674611778 1 3 5 1 3 5 396 125 32 8 4 0 
1661539522.4966419 20.2392578125 63.67028442728812 986.16056287648 1 3 5 1 3 5 432 137 35 8 4 0 
1661539527.6300623 20.2291015625 63.752370819345565 986.174021478177 1 3 5 1 3 5 432 137 35 8 4 0 
1661539532.7636125 20.2341796875 63.687414129246434 986.1723391527204 1 3 5 1 3 5 432 137 35 8 4 0 
1661539537.8973897 20.2341796875 63.893527453306405 986.1541465989919 1 3 4 1 3 4 447 140 28 6 2 0 
1661539543.0316439 20.2291015625 63.534230384061765 986.1460480244475 1 3 4 1 3 4 447 140 28 6 2 0 
1661539548.1654649 20.2189453125 63.86974175649586 986.1588805515821 1 3 4 1 3 4 447 140 28 6 2 0 
1661539553.2997558 20.2189453125 63.83955567816414 986.1510949163453 1 2 3 1 2 3 456 143 24 4 2 0 
1661539558.433839 20.2189453125 63.856939402847054 986.1332154980133 1 2 3 1 2 3 456 143 24 4 2 0 
1661539563.567831 20.2189453125 63.59841672852928 986.1564545982392 2 3 3 2 3 3 459 128 17 2 0 0 
1661539568.7014644 20.2138671875 63.92751221535644 986.1393188362285 2 3 3 2 3 3 459 128 17 2 0 0 
1661539573.8352594 20.2138671875 63.710166193321484 986.1298509591003 2 3 3 2 3 3 459 128 17 2 0 0 
1661539578.9689834 20.2087890625 63.70376839144262 986.1472988509735 2 2 3 2 2 3 447 123 17 2 0 0 
1661539584.1027904 20.2087890625 64.00958362818182 986.15340273736 2 2 3 2 2 3 447 123 17 2 0 0 
1661539589.2365 20.2189453125 63.72167071149762 986.1581368823333 2 2 3 2 2 3 447 123 17 2 0 0 
1661539594.3702216 20.2037109375 63.715789340796775 986.193777246238 2 2 3 2 2 3 438 121 17 2 0 0 
1661539599.503309 20.1986328125 63.674361616647175 986.1654911344681 2 2 3 2 2 3 438 121 17 2 0 0 
1661539604.6376667 20.2037109375 63.803749505131805 986.1402572828384 2 2 3 2 2 3 438 121 17 2 0 0 
1661539609.771445 20.2037109375 63.75133611409729 986.0582145437759 1 2 3 1 2 3 402 116 17 2 0 0 
1661539614.9051776 20.2087890625 63.89196566989665 986.111658936663 1 2 3 1 2 3 402 116 17 2 0 0 
1661539620.0394464 20.2037109375 63.86844158524744 986.1520330783093 1 2 3 1 2 3 402 116 17 2 0 0 
1661539625.1733596 20.2189453125 63.86282052704616 986.1506633370657 1 3 3 1 3 3 423 123 22 2 0 0 
1661539630.307136 20.2189453125 63.674619458305436 986.1514077463765 1 3 3 1 3 3 423 123 22 2 0 0 
1661539635.4413803 20.2240234375 63.65160869952853 986.1696001920179 1 3 3 1 3 3 423 123 22 2 0 0 
1661539640.5753484 20.2240234375 63.692779808963415 986.1180750751059 1 2 3 1 2 3 423 116 22 2 0 0 
1661539645.7091064 20.2291015625 63.86412030915532 986.1639275264849 3 3 3 3 3 3 546 165 19 0 0 0 
1661539650.8422937 20.2189453125 63.82294987591617 986.1440527336588 3 3 3 3 3 3 531 161 19 0 0 0 
1661539655.9753582 20.2291015625 63.7227041178125 986.1689745020165 3 3 3 3 3 3 531 161 19 0 0 0 
1661539661.1090422 20.2189453125 63.82191195023133 986.1628709998861 3 3 3 3 3 3 531 161 19 0 0 0 
1661539666.2433052 20.2240234375 63.575146732441716 986.1510949163453 3 3 3 3 3 3 522 151 17 0 0 0 
1661539671.3762317 20.2240234375 63.66951126468775 986.1575112213286 3 3 3 3 3 3 522 151 17 0 0 0 
1661539676.5105355 20.2240234375 63.875883197632014 986.1434264182508 3 3 3 3 3 3 522 151 17 0 0 0 
1661539681.64518 20.2443359375 63.645984545335 986.1639275264849 2 3 3 2 3 3 513 144 17 0 0 0 
1661539686.7788167 20.1783203125 63.691489594224144 986.1790684549665 2 3 3 2 3 3 513 144 17 0 0 0 
1661539691.9130638 20.2341796875 63.61120826866321 986.1386926582601 2 3 3 2 3 3 513 144 17 0 0 0 
1661539697.0460978 20.2291015625 63.752370819345565 986.1619321381523 2 3 3 2 3 3 528 151 17 0 0 0 
1661539702.179824 20.2341796875 63.64061762131279 986.1767601373076 2 3 3 2 3 3 528 151 17 0 0 0 
1661539707.3134747 20.2341796875 63.704801035568444 986.1700307269032 2 3 3 2 3 3 528 151 17 0 0 0 
1661539712.4477642 20.2494140625 63.61120826866321 986.1649836698339 2 3 3 2 3 3 540 151 19 0 0 0 
1661539717.581743 20.2291015625 63.58819413239588 986.1218694215114 2 3 3 2 3 3 540 151 19 0 0 0 
1661539722.7155068 20.2291015625 63.593048825901896 986.1656098515923 2 3 3 2 3 3 540 151 19 0 0 0 
1661539727.849695 20.2443359375 63.734725824080975 986.146477799293 1 2 2 1 2 2 354 106 12 0 0 0 
1661539732.9826598 20.2443359375 63.682305961499246 986.1229248853789 0 1 1 0 1 1 354 106 12 0 0 0 
1661539738.1166418 20.2443359375 63.65800552296551 986.1535204462399 0 1 1 0 1 1 354 109 12 0 0 0 
1661539743.250911 20.2341796875 63.711457199721295 986.1148266859424 0 1 1 0 1 1 354 109 12 0 0 0 
1661539748.3854208 20.2291015625 63.770015722161375 986.1471042792549 0 1 1 0 1 1 354 109 12 0 0 0 
1661539753.5195613 20.2291015625 63.710682628097906 986.1386926582601 1 1 1 1 1 1 390 114 12 0 0 0 
1661539758.6534147 20.2291015625 63.82857186479107 986.1299677181784 1 1 1 1 1 1 390 114 12 0 0 0 
1661539763.7869492 20.2443359375 63.82883139719517 986.1077837336666 1 1 1 1 1 1 390 114 12 0 0 0 
1661539768.9202263 20.2392578125 63.60481239101055 986.1151401287683 1 1 1 1 1 1 411 121 14 0 0 0 
1661539774.0535233 20.2240234375 63.55213241408123 986.1487866036634 1 1 1 1 1 1 411 121 14 0 0 0 
1661539779.1918035 20.2443359375 63.88150449025058 986.1296542879569 1 1 1 1 1 1 411 121 14 0 0 0 
1661539784.3265183 20.2341796875 63.52297866990161 986.1229248853789 1 1 1 1 1 1 444 132 14 0 0 0 
1661539789.4608214 20.2443359375 63.805305250446686 986.1205003909972 1 1 1 1 1 1 444 132 14 0 0 0 
1661539794.59475 20.2341796875 63.62348637648637 986.1235517448717 1 1 1 1 1 1 444 132 14 0 0 0 
1661539799.7289305 20.2392578125 63.71811365952553 986.1125147872542 1 1 1 1 1 1 459 137 16 0 0 0 
1661539804.8621967 20.2595703125 63.61223636080713 986.1041028994795 2 2 2 2 2 2 459 137 16 0 0 0 
1661539809.9959705 20.2697265625 63.64855869423562 986.1068396725572 1 2 2 1 2 2 531 153 23 0 0 0 
1661539815.1302278 20.2697265625 63.54293049334315 986.1199848652567 1 2 2 1 2 2 531 153 23 0 0 0 
1661539820.2638192 20.2087890625 63.49945038655925 986.0994815267337 1 2 2 1 2 2 531 153 23 0 0 0 
1661539825.3982713 20.2697265625 63.62502912659285 986.1051572679625 1 2 2 1 2 2 546 160 21 0 0 0 
1661539830.531375 20.2748046875 63.51863224651838 986.08833322586 1 2 2 1 2 2 546 160 21 0 0 0 
1661539835.6644852 20.2697265625 63.51223807801342 986.0842308422532 1 2 2 1 2 2 546 160 21 0 0 0 
1661539840.7982893 20.2595703125 63.52937290377375 986.1141971650187 2 4 4 2 4 4 588 177 23 0 0 0 
1661539845.9314995 20.2646484375 63.63550766173219 986.1057852768946 2 4 4 2 4 4 588 177 23 0 0 0 
1661539851.064997 20.2697265625 63.630140005889544 986.0855967525245 2 4 4 2 4 4 588 177 23 0 0 0 
1661539856.1993434 20.2443359375 63.73575955237815 986.1303933442191 3 4 4 3 4 4 609 184 18 2 0 0 
1661539861.3337615 20.2494140625 63.494079673517696 986.1091500319347 3 4 4 3 4 4 609 184 18 2 0 0 
1661539866.4678605 20.2494140625 63.693811787455296 986.1310231127192 3 4 4 3 4 4 609 184 18 2 0 0 
1661539871.6019716 20.2494140625 63.56389625719575 986.1108347448446 2 4 4 2 4 4 573 170 20 2 0 0 
1661539876.735678 20.2494140625 63.66976899629343 986.0848583252601 2 4 4 2 4 4 573 170 20 2 0 0 
1661539881.868973 20.2291015625 63.61069415815745 986.0899052909393 2 4 4 2 4 4 573 170 20 2 0 0 
1661539887.002063 20.2240234375 63.87000175852971 986.0882229689763 2 4 4 2 4 4 558 165 18 2 0 0 
1661539892.1357307 20.2291015625 63.58154194482866 986.1269163918022 1 2 2 1 2 2 489 151 21 0 0 0 
1661539897.270087 20.2240234375 63.916792444990335 986.1168224518493 2 4 4 2 4 4 495 153 23 2 0 0 
1661539902.4048421 20.2240234375 63.675392918846896 986.0888499602218 2 4 4 2 4 4 495 153 23 2 0 0 
1661539907.5391417 20.2291015625 63.84059440893689 986.0636155458008 2 4 4 2 4 4 495 153 23 2 0 0 
1661539912.6728997 20.2291015625 63.82243093455111 986.0700311314108 2 4 4 2 4 4 516 158 20 2 0 0 
1661539917.806839 20.2443359375 63.6280821253097 986.1067285144117 2 4 4 2 4 4 516 158 20 2 0 0 
1661539922.9400876 20.2291015625 63.79838683585826 986.1006260256653 2 4 4 2 4 4 516 158 20 2 0 0 
1661539928.0737922 20.2291015625 63.757993736591956 986.1036772974809 2 3 3 2 3 3 516 156 20 2 0 0 
1661539933.208458 20.2291015625 63.55775788405719 986.10504619175 2 3 3 2 3 3 516 156 20 2 0 0 
1661539938.342065 20.2291015625 63.61095121877983 986.1120888433657 2 3 3 2 3 3 516 156 20 2 0 0 
1661539943.4729562 20.2291015625 63.55801434077441 986.1067285144117 2 4 4 2 4 4 495 154 22 2 0 0 
1661539948.600263 20.2341796875 63.68127456273443 986.1039906164208 2 4 4 2 4 4 495 154 22 2 0 0 
1661539953.7348402 20.2240234375 63.86334047210568 986.1171357717348 2 4 4 2 4 4 495 154 22 2 0 0 
1661539958.868472 20.2291015625 63.680758798918774 986.120813574391 2 3 3 2 3 3 459 142 22 2 0 0 
1661539963.9996948 20.2138671875 63.6280821253097 986.0969480620308 2 3 3 2 3 3 459 142 22 2 0 0 
1661539969.1351268 20.2087890625 63.62756754777525 986.1107197987704 1 2 2 1 2 2 459 142 22 2 0 0 
1661539974.264487 20.2291015625 63.84543690026613 986.1238650105389 1 3 3 1 3 3 366 106 16 6 0 0 
1661539979.3947594 20.2240234375 63.69866135494003 986.0972614351891 1 3 3 1 3 3 366 106 16 6 0 0 
1661539984.5249221 20.2189453125 63.781001920117916 986.0938968449925 1 3 3 1 3 3 381 108 18 6 0 0 
1661539989.656998 20.2138671875 63.80400882286438 986.08779424627 0 2 2 0 2 2 381 108 18 6 0 0 
1661539994.7920115 20.2189453125 63.59202128122074 986.1278557793308 0 2 2 0 2 2 381 108 18 6 0 0 
1661539999.9238243 20.2189453125 63.69303781969466 986.0925278544404 0 1 1 0 1 1 375 101 14 4 0 0 
1661540005.0556033 20.2087890625 63.745454727657034 986.0965186439213 1 2 2 1 2 2 375 101 14 4 0 0 
1661540010.1866827 20.2189453125 63.627824841911945 986.1039906164208 1 2 2 1 2 2 375 101 14 4 0 0 
1661540015.320745 20.2037109375 63.593048825901896 986.0897896267415 1 2 2 1 2 2 375 99 10 2 0 0 
1661540020.4542854 20.2087890625 63.75133611409729 986.0712848352617 1 2 2 1 2 2 375 99 10 2 0 0 
1661540025.5868285 20.2189453125 63.60966580827818 986.0975746989669 1 2 2 1 2 2 375 99 10 2 0 0 
1661540030.719444 20.2291015625 63.74009043667103 986.0942101358794 1 2 2 1 2 2 384 103 8 2 0 0 
1661540035.8502805 20.2240234375 63.78688331202386 986.095579140056 1 2 2 1 2 2 384 103 8 2 0 0 
1661540040.982801 20.2189453125 63.63984543296188 986.1120888433657 0 1 1 0 1 1 384 103 8 2 0 0 
1661540046.115339 20.2240234375 63.81603068704478 986.0992569806155 0 1 1 0 1 1 378 99 8 2 0 0 
1661540051.248963 20.2138671875 63.516584651213265 986.102308321008 0 1 1 0 1 1 378 99 8 2 0 0 
1661540056.3828404 20.2189453125 63.674619458305436 986.067607039623 0 2 3 0 2 3 441 136 29 2 2 0 
1661540061.5161383 20.2189453125 63.498171404418144 986.1039906164208 1 3 4 1 3 4 441 136 29 2 2 0 
1661540066.6453211 20.2189453125 63.79276469365842 986.1036772974809 1 3 4 1 3 4 441 136 29 2 2 0 
1661540071.7755551 20.2240234375 63.6042983717481 986.1131443493769 1 3 4 1 3 4 450 132 27 2 2 0 
1661540076.908668 20.2189453125 63.64010283981777 986.0942101358794 1 3 4 1 3 4 450 132 27 2 2 0 
1661540082.0402772 20.2240234375 63.71042441607912 986.0717134390505 1 3 4 1 3 4 450 132 27 2 2 0 
1661540087.173258 20.2189453125 63.61069415815745 986.0733957467601 1 3 4 1 3 4 477 139 29 2 2 0 
1661540092.3049543 20.2189453125 63.457764874063315 986.1016815466362 1 3 4 1 3 4 477 139 29 2 2 0 
1661540097.432118 20.2341796875 63.59330568522467 986.060250958399 0 2 3 0 2 3 477 139 29 2 2 0 
1661540102.564022 20.2341796875 63.546250477116196 986.0946386517658 0 2 3 0 2 3 456 132 33 2 2 0 
1661540107.6938875 20.2341796875 63.68179028359458 986.0801249782971 0 2 3 0 2 3 456 132 33 2 2 0 
1661540112.8239174 20.2291015625 63.41096309188978 986.0831760035068 0 2 3 0 2 3 456 132 33 2 2 0 
1661540117.9568086 20.2240234375 63.38692526422038 986.0733957467601 0 2 3 0 2 3 489 136 33 2 2 0 
1661540123.088731 20.2240234375 63.5817986592115 986.0747643957885 0 2 3 0 2 3 489 136 33 2 2 0 
1661540128.222893 20.2291015625 63.71119901991899 986.0646704688323 0 2 3 0 2 3 489 136 33 2 2 0 
1661540133.356871 20.2291015625 63.734208895499634 986.0750780545395 0 2 3 0 2 3 453 127 29 2 2 0 
1661540138.4906664 20.2138671875 63.458275495234815 986.0548903657977 2 3 4 2 3 4 444 129 29 2 2 2 
1661540143.62433 20.2291015625 63.551876024465756 986.056258864957 2 3 4 2 3 4 444 129 29 2 2 2 
1661540148.7588348 20.2341796875 63.58742382016259 986.0626742848978 2 3 4 2 3 4 444 129 29 2 2 2 
1661540153.8952048 20.2291015625 63.493568290043456 986.0724544016825 1 3 4 1 3 4 414 122 29 2 2 2 
1661540159.0255885 20.2291015625 63.652381290468014 986.0663527898168 1 3 4 1 3 4 414 122 29 2 2 2 
1661540164.1551943 20.2341796875 63.41735492530972 986.0862269738286 1 3 4 1 3 4 414 122 29 2 2 2 
1661540169.2875376 20.2494140625 63.493568290043456 986.0828623031427 1 3 4 1 3 4 399 119 31 2 2 2 
1661540174.4219506 20.2291015625 63.46390228106145 986.050157197871 1 3 4 1 3 4 399 119 31 2 2 2 
1661540179.554533 20.2291015625 63.61657591503275 985.998206672529 1 3 4 1 3 4 399 119 31 2 2 2 
1661540184.6862998 20.2341796875 63.47541091506024 986.0663527898168 1 3 4 1 3 4 414 124 33 2 2 2 
1661540189.8191233 20.2341796875 63.42911950935763 986.0892778892601 1 3 4 1 3 4 414 124 33 2 2 2 
1661540194.9511719 20.2291015625 63.49305686361265 986.0565726728087 1 3 4 1 3 4 414 124 33 2 2 2 
1661540200.0821888 20.2392578125 63.54676308992595 986.0713997531902 1 2 3 1 2 3 405 124 31 2 2 2 
1661540205.2138531 20.2291015625 63.38180650454684 986.075505125277 1 2 3 1 2 3 405 124 31 2 2 2 
1661540210.3471043 20.2392578125 63.682305961499246 986.1229248853789 1 2 3 1 2 3 405 124 31 2 2 2 
1661540215.4804456 20.2392578125 63.54062477455148 986.0825484933905 None None None None None None None None None None None None 
1661540220.611954 20.2291015625 63.37592420258932 986.0929563160385 2 4 4 2 4 4 474 132 18 6 0 0 
1661540225.7463145 20.2494140625 63.35827723508422 986.0943249368961 2 4 4 2 4 4 474 132 18 6 0 0 
1661540230.87698 20.2341796875 63.46415765338313 986.1033638691582 2 4 4 2 4 4 474 132 18 6 0 0 
1661540236.0115714 20.2291015625 63.534230384061765 986.0737093096825 2 4 4 2 4 4 501 141 18 6 0 0 
1661540241.1447341 20.2189453125 63.64010283981777 986.0750780545395 2 4 4 2 4 4 501 141 18 6 0 0 
1661540246.2732842 20.2291015625 63.32835774872526 986.0848583252601 2 4 4 2 4 4 501 141 18 6 0 0 
1661540251.4075623 20.2291015625 63.534230384061765 986.095579140056 2 4 5 2 4 5 516 148 21 6 0 0 
1661540256.541682 20.2291015625 63.44011874062185 986.0778152976382 2 4 5 2 4 5 516 148 21 6 0 0 
1661540261.6754537 20.2291015625 63.50507663074915 986.111775482816 2 4 5 2 4 5 516 148 21 6 0 0 
1661540266.8094883 20.2138671875 63.363651094127654 986.0838030760798 2 4 4 2 4 4 474 141 23 6 0 0 
1661540271.943459 20.2240234375 63.28768844057614 986.0498434451847 2 4 4 2 4 4 474 141 23 6 0 0 
1661540277.0773888 20.2291015625 63.42937445756412 986.0411179823839 2 4 4 2 4 4 474 141 23 6 0 0 
1661540282.2108467 20.2544921875 63.47055064789584 986.0674073567716 2 4 5 2 4 5 504 151 25 6 0 0 
1661540287.340273 20.2544921875 63.61197935387959 986.0418578971965 2 4 5 2 4 5 504 151 25 6 0 0 
1661540292.4705899 20.2494140625 63.364922197908584 986.0721377418679 2 4 5 2 4 5 504 151 25 6 0 0 
1661540297.6002953 20.2595703125 63.44164926735776 986.080549623004 1 2 2 1 2 2 432 134 21 2 0 0 
1661540302.734199 20.2544921875 63.32988062507904 986.0718235210063 1 2 2 1 2 2 432 134 21 2 0 0 
1661540307.8680859 20.2443359375 63.43525680128632 986.0505838782781 1 2 2 1 2 2 417 129 21 2 0 0 
1661540313.0013883 20.2494140625 63.52349072441247 986.0569991463738 1 2 2 1 2 2 417 129 21 2 0 0 
1661540318.1344438 20.2595703125 63.43525680128632 986.0536316095179 1 2 2 1 2 2 417 129 21 2 0 0 
1661540323.2691224 20.2544921875 63.517608534778624 986.0469049796266 1 2 2 1 2 2 405 125 21 2 0 0 
1661540328.4030945 20.2443359375 63.24651096068605 986.0377533425807 1 2 2 1 2 2 405 125 21 2 0 0 
1661540333.5370507 20.2341796875 63.28718171173068 986.0646704688323 1 2 2 1 2 2 405 125 21 2 0 0 
1661540338.6715186 20.2189453125 63.492801134288534 986.0710859579438 2 3 3 2 3 3 390 121 24 2 0 0 
1661540343.8062198 20.2240234375 63.54599415460271 986.0414319122268 2 3 3 2 3 3 390 121 24 2 0 0 
1661540348.9398572 20.2240234375 63.57566005922287 986.0330203810158 2 3 3 2 3 3 390 121 24 2 0 0 
1661540354.0736582 20.2240234375 63.43449172312903 986.022612466925 2 3 3 2 3 3 390 119 26 2 0 0 
1661540359.2082834 20.2240234375 63.54011227446805 986.0343887030571 2 3 3 2 3 3 390 119 26 2 0 0 
1661540364.342396 20.2189453125 63.38667073207115 986.0464788317918 2 3 3 2 3 3 390 119 26 2 0 0 
1661540369.4764755 20.2189453125 63.46364689800057 986.0266050997546 2 3 3 2 3 3 396 121 24 0 0 0 
1661540374.610406 20.2189453125 63.50482077795618 986.0215582233686 2 3 3 2 3 3 396 121 24 0 0 0 
1661540379.7441444 20.2189453125 63.48717489103346 986.005049315901 1 2 2 1 2 2 429 132 25 2 0 0 
1661540384.8777802 20.2189453125 63.45111702887043 986.0316519767695 1 2 2 1 2 2 429 132 25 2 0 0 
1661540390.0111933 20.2138671875 63.41019872236404 986.0289149216723 1 2 2 1 2 2 429 132 25 2 0 0 
1661540395.1444285 20.2189453125 63.25776994858614 986.041745732686 1 2 2 1 2 2 450 134 25 2 0 0 
1661540400.2785323 20.2189453125 63.657232698516054 986.0740227632241 1 2 2 1 2 2 450 134 25 2 0 0 
1661540405.4124975 20.2189453125 63.48129290818266 986.0215582233686 1 2 2 1 2 2 450 134 25 2 0 0 
1661540410.5469992 20.2189453125 63.53985600831772 986.0356439830085 1 3 3 1 3 3 444 130 21 2 0 0 
1661540415.6806424 20.2138671875 63.43909817468018 986.0359575295493 1 3 3 1 3 3 444 130 21 2 0 0 
1661540420.8146765 20.2037109375 63.53908714543222 986.0284864575317 1 3 3 1 3 3 444 130 21 2 0 0 
1661540425.9476953 20.1986328125 63.550850358613246 986.0527800522362 1 3 3 1 3 3 459 126 19 2 0 0 
1661540431.0794137 20.2037109375 63.59176436820293 986.0315376203948 1 3 3 1 3 3 459 126 19 2 0 0 
1661540436.213254 20.2037109375 63.69200571233645 986.0406907797445 1 3 3 1 3 3 459 126 19 2 0 0 
1661540441.346401 20.1986328125 63.6390731479605 986.0160841113681 1 3 3 1 3 3 438 119 19 2 0 0 
1661540446.4810524 20.2037109375 63.62142877496312 986.0648690290155 0 2 2 0 2 2 438 119 19 2 0 0 
1661540451.6150815 20.1986328125 63.62142877496312 986.0688595394147 0 2 2 0 2 2 438 119 19 2 0 0 
1661540456.7482271 20.2037109375 63.661567897589045 986.0349020697362 0 2 2 0 2 2 438 121 19 4 0 0 
1661540461.882145 20.1935546875 63.6037843095297 986.0766447075958 2 2 2 2 2 2 534 167 28 0 0 0 
1661540467.0162675 20.2138671875 63.585882905742736 986.05141111483 2 3 3 2 3 3 522 160 32 0 0 0 
1661540472.148922 20.2087890625 63.63830076630864 986.0295420138157 2 3 3 2 3 3 522 160 32 0 0 0 
1661540477.2828207 20.1986328125 63.614775720289146 986.0224995164303 2 3 3 2 3 3 522 160 32 0 0 0 
1661540482.4164748 20.1884765625 63.49126653282162 986.0318508794849 3 4 4 3 4 4 576 176 32 0 0 0 
1661540487.5504153 20.1935546875 63.574119950011045 986.0295420138157 3 4 4 3 4 4 576 176 32 0 0 0 
1661540492.6838295 20.1935546875 63.80271212681437 986.0654951143873 3 4 4 3 4 4 576 176 32 0 0 0 
1661540497.8176365 20.1935546875 63.68509234658234 986.0335330905664 3 4 4 3 4 4 585 178 27 0 0 0 
1661540502.9511073 20.1935546875 63.51530455512653 986.0570840530418 3 4 4 3 4 4 585 178 27 0 0 0 
1661540508.0845113 20.1935546875 63.58536918169062 986.0786399366069 3 4 4 3 4 4 585 178 27 0 0 0 
1661540513.218517 20.1986328125 63.591507444446094 986.0382665193571 3 4 4 3 4 4 549 166 27 0 0 0 
1661540518.3518667 20.2087890625 63.53294928143144 986.0510977996531 3 4 4 3 4 4 549 166 27 0 0 0 
1661540523.4851792 20.2037109375 63.59125050995025 986.0015710919671 3 4 4 3 4 4 549 166 27 0 0 0 
1661540528.618801 20.2189453125 63.51556059582211 986.0639290806695 3 4 4 3 4 4 564 171 25 0 0 0 
1661540533.753507 20.2087890625 63.550850358613246 986.0494155471398 3 4 4 3 4 4 564 171 25 0 0 0 
1661540538.8886473 20.2189453125 63.43372654831867 986.039008514096 3 4 4 3 4 4 564 171 25 0 0 0 
1661540544.0230465 20.2138671875 63.5395997314283 986.0353303270915 2 4 4 2 4 4 492 139 23 4 0 0 
1661540549.1577845 20.2138671875 63.392552745051084 986.0454240025193 2 4 4 2 4 4 492 139 23 4 0 0 
1661540554.2938473 20.2138671875 63.46876249673262 986.0342752776648 2 3 3 2 3 3 471 132 21 4 0 0 
1661540559.4292138 20.2138671875 63.498171404418144 986.0524666412404 2 3 3 2 3 3 471 132 21 4 0 0 
1661540564.5645158 20.2087890625 63.47464429881153 986.0258640192909 2 3 3 2 3 3 471 132 21 4 0 0 
1661540569.699779 20.2087890625 63.36314257743998 986.0093551618213 2 3 3 2 3 3 492 139 21 4 0 0 
1661540574.8335464 20.2189453125 63.63319170056538 986.0205035965741 2 3 3 2 3 3 492 139 21 4 0 0 
1661540579.9669504 20.2087890625 63.59815976988942 986.0224995164303 2 3 3 2 3 3 492 139 21 4 0 0 
1661540585.100335 20.2087890625 63.516328653474154 986.0258640192909 2 3 4 2 3 4 486 139 18 4 0 0 
1661540590.2318 20.2087890625 63.46876249673262 986.0228130620329 2 3 4 2 3 4 486 139 18 4 0 0 
1661540595.364626 20.2138671875 63.474899848300275 986.0460510423229 1 2 3 1 2 3 486 139 18 4 0 0 
1661540600.4987977 20.2189453125 63.43960847912947 986.0168252620074 1 2 3 1 2 3 474 135 18 4 0 0 
1661540605.6313176 20.2291015625 63.64546958668784 986.0148290558324 1 2 3 1 2 3 474 135 18 4 0 0 
1661540610.762678 20.2189453125 63.44574560289115 986.0131467641229 2 3 4 2 3 4 474 135 18 4 0 0 
1661540615.8944097 20.2240234375 63.41019872236404 986.0299696843614 2 3 3 2 3 3 441 131 18 4 0 0 
1661540621.027649 20.2138671875 63.551876024465756 986.0131467641229 2 3 3 2 3 3 441 131 18 4 0 0 
1661540626.161347 20.2240234375 63.36953328241074 985.9811832349196 1 1 1 1 1 1 411 112 22 2 0 0 
1661540631.290277 20.2291015625 63.59944445569879 986.0428003023902 2 2 2 2 2 2 411 112 22 2 0 0 
1661540636.42221 20.2291015625 63.55161962411123 986.0057892783906 2 2 2 2 2 2 411 112 22 2 0 0 
1661540641.552617 20.2189453125 63.316593218084876 985.9946415599308 2 3 3 2 3 3 426 119 24 2 0 0 
1661540646.6830459 20.2494140625 63.51172633487223 986.0250342936382 2 3 3 2 3 3 426 119 24 2 0 0 
1661540651.8134062 20.2443359375 63.50021764697433 985.9917017585793 2 3 3 2 3 3 426 119 24 2 0 0 
1661540656.943827 20.2494140625 63.33500168647429 985.9849723789213 2 3 3 2 3 3 447 121 24 2 0 0 
1661540662.0742433 20.2494140625 63.28819512646385 985.9796071646723 2 3 3 2 3 3 447 121 24 2 0 0 
1661540667.2046406 20.2443359375 63.475921938863515 985.9751929887785 2 3 3 2 3 3 447 121 24 2 0 0 
1661540672.3376226 20.2544921875 63.482570722671305 986.0166224944794 2 3 3 2 3 3 462 123 24 2 0 0 
1661540677.4693868 20.2494140625 63.20045966930414 985.9846542816142 2 3 3 2 3 3 462 123 24 2 0 0 
1661540682.5950148 20.2646484375 63.25365810940612 986.0109427221975 2 3 3 2 3 3 462 123 24 2 0 0 
1661540687.72622 20.2595703125 63.30634991203995 985.9779247924982 2 3 3 2 3 3 483 130 24 2 0 0 
1661540692.8566346 20.2697265625 63.24828088479856 985.9853915894118 2 3 3 2 3 3 483 130 24 2 0 0 
1661540697.9870567 20.2595703125 63.22348595557551 985.9728776763949 2 3 3 2 3 3 483 130 24 2 0 0 
1661540703.117449 20.2646484375 63.31862256019733 986.0106277945645 2 3 3 2 3 3 525 137 22 2 0 0 
1661540708.2467315 20.2544921875 63.559552855557776 985.9981132632005 2 3 3 2 3 3 540 164 25 0 0 0 
1661540713.3782706 20.2544921875 63.19407228517851 985.9762458828352 2 3 3 2 3 3 570 174 23 0 0 0 
1661540718.5086548 20.2646484375 63.43525680128632 985.9789771225326 2 3 3 2 3 3 570 174 23 0 0 0 
1661540723.6390626 20.2544921875 63.41811933506892 985.9543752350005 1 2 2 1 2 2 570 174 23 0 0 0 
1661540728.7695107 20.2494140625 63.24726956402836 985.9526892182711 1 2 2 1 2 2 576 174 19 0 0 0 
1661540733.8998911 20.2494140625 63.53014110630575 985.9574211892784 1 2 2 1 2 2 576 174 19 0 0 0 
1661540739.03041 20.2494140625 63.4467663083871 985.9745600483594 2 3 3 2 3 3 576 174 19 0 0 0 
1661540744.1647463 20.2595703125 63.364922197908584 985.967834093809 2 3 3 2 3 3 546 167 21 0 0 0 
1661540749.298821 20.2494140625 63.37080472173826 985.97792824085 2 3 3 2 3 3 546 167 21 0 0 0 
1661540754.430852 20.2494140625 63.33500168647429 985.9748783115306 1 2 2 1 2 2 546 167 21 0 0 0 
1661540759.5623949 20.2494140625 63.599958254849604 985.9445961244525 1 2 2 1 2 2 558 174 23 0 0 0 
1661540764.6927545 20.2443359375 63.39970797219544 985.9759274269148 1 2 2 1 2 2 558 174 23 0 0 0 
1661540769.8231335 20.2544921875 63.564665764217715 985.9516403644141 1 2 2 1 2 2 558 174 23 0 0 0 
1661540774.9535785 20.2544921875 63.51172633487223 985.9398640573678 2 2 2 2 2 2 567 177 23 0 0 0 
1661540780.0839036 20.2494140625 63.388197763877066 985.9462784675851 2 2 2 2 2 2 567 177 23 0 0 0 
1661540785.2144055 20.2494140625 63.400217186794734 985.9695129326756 2 2 2 2 2 2 567 177 23 0 0 0 
1661540790.3447914 20.2544921875 63.411727364762164 985.9577363318588 1 2 3 1 2 3 501 155 27 2 0 0 
1661540795.4752645 20.2341796875 63.41198210090777 985.9661517362132 2 3 4 2 3 4 501 155 27 2 0 0 
1661540800.605538 20.2443359375 63.299960296718474 985.9913837718483 2 3 3 2 3 3 429 134 18 0 0 0 
1661540805.7361507 20.2291015625 63.44600079537395 985.9646746695294 2 3 3 2 3 3 429 134 18 0 0 0 
1661540810.870667 20.2189453125 63.516072644995916 986.0013707241134 1 2 2 1 2 2 429 134 18 0 0 0 
1661540816.0049734 20.2087890625 63.6625988348343 985.9740281950405 1 1 1 1 1 1 408 132 14 0 0 0 
1661540821.1390133 20.1986328125 63.63344907253969 985.9400692836505 1 1 1 1 1 1 408 132 14 0 0 0 
1661540826.2728412 20.1986328125 63.53346175470085 985.9572058407366 1 1 1 1 1 1 408 132 14 0 0 0 
1661540831.4059768 20.1986328125 63.714756031041105 985.9631939907553 2 2 2 2 2 2 396 128 16 0 0 0 
1661540836.5395613 20.1884765625 63.503029507709726 985.9773926667398 2 2 2 2 2 2 396 128 16 0 0 0 
1661540841.6737473 20.1884765625 63.796312615957675 985.937961079201 2 2 2 2 2 2 396 128 16 0 0 0 
1661540846.808122 20.1884765625 63.50891097974883 985.971291327086 2 2 2 2 2 2 411 131 18 0 0 0 
1661540851.9411175 20.2138671875 63.37363452454881 985.9544692452665 2 2 2 2 2 2 411 131 18 0 0 0 
1661540857.075767 20.2087890625 63.738538990629245 985.9538413707143 2 2 2 2 2 2 411 131 18 0 0 0 
1661540862.209892 20.1986328125 63.57974464345609 985.930604270105 2 3 3 2 3 3 438 138 20 0 0 0 
1661540867.3419735 20.2037109375 63.63293431785212 985.9720320070605 2 3 3 2 3 3 438 138 20 0 0 0 
1661540872.4758408 20.2087890625 63.70376839144262 985.966985259582 2 3 3 2 3 3 441 135 16 4 0 0 
1661540877.6089122 20.2087890625 63.75081869704049 985.9518450209196 2 3 3 2 3 3 441 135 16 4 0 0 
1661540882.7432678 20.2087890625 63.63344907253969 985.9423798146785 2 3 3 2 3 3 441 135 16 4 0 0 
1661540887.8764746 20.2087890625 63.59815976988942 985.9544692452665 2 3 3 2 3 3 450 135 16 4 0 0 
1661540893.005156 20.1986328125 63.79734981181775 985.974342024349 2 3 3 2 3 3 450 135 16 4 0 0 
1661540898.1394975 20.1986328125 63.56823845673955 985.9810709138094 2 3 3 2 3 3 450 135 16 4 0 0 
1661540903.2736063 20.2087890625 63.65671742852185 985.947740414495 2 3 3 2 3 3 471 142 14 4 0 0 
1661540908.407292 20.2037109375 63.515048503691816 985.9353367905869 2 3 3 2 3 3 471 142 14 4 0 0 
1661540913.5407274 20.2037109375 63.704284734983226 985.9734002083043 2 3 3 2 3 3 471 142 14 4 0 0 
1661540918.675104 20.2189453125 63.84517712363615 985.9902228406836 2 3 3 2 3 3 471 140 12 2 0 0 
1661540923.8079941 20.2087890625 63.63933058703323 985.9613101174817 2 3 3 2 3 3 471 140 12 2 0 0 
1661540928.9411018 20.2087890625 63.55750141660093 985.9347081803476 2 3 3 2 3 3 471 140 12 2 0 0 
1661540934.0755274 20.2138671875 63.55775788405719 985.9475374419563 2 3 4 2 3 4 480 145 16 4 2 2 
1661540939.2092505 20.2189453125 63.73317490947132 985.9417515316222 2 3 4 2 3 4 480 145 16 4 2 2 
1661540944.343214 20.2189453125 63.551876024465756 985.971089494096 2 3 4 2 3 4 480 145 16 4 2 2 
1661540949.4776645 20.2291015625 63.75185348819899 986.0195619347115 2 3 4 2 3 4 480 142 14 4 2 2 
1661540954.6120732 20.2240234375 63.73983188917774 985.9795009446077 1 3 3 1 3 3 351 106 28 2 0 0 
1661540959.7450473 20.2138671875 63.504309040152876 985.9414372260327 1 3 3 1 3 3 360 109 30 0 0 0 
1661540964.8794398 20.2138671875 63.40431674019754 985.9778186543656 1 3 3 1 3 3 360 109 30 0 0 0 
1661540970.0139043 20.2291015625 63.62833939796849 985.9879123968661 1 3 3 1 3 3 360 109 30 0 0 0 
1661540975.1483924 20.2291015625 63.44037385525921 985.9449110456827 2 3 3 2 3 3 366 112 25 0 0 0 
1661540980.277684 20.2341796875 63.40559030017253 985.9698312787788 2 3 3 2 3 3 366 112 25 0 0 0 
1661540985.4046934 20.2646484375 63.45392452995364 985.9591035741687 2 3 3 2 3 3 366 112 25 0 0 0 
1661540990.5319908 20.2697265625 63.51863224651838 985.9624683441587 1 2 2 1 2 2 423 124 23 0 0 0 
1661540995.664975 20.2798828125 63.35980199587403 985.9503763442165 1 2 2 1 2 2 423 124 23 0 0 0 
1661541000.795415 20.2798828125 63.50149619955033 985.9396508534245 1 2 2 1 2 2 423 124 23 0 0 0 
1661541005.9260206 20.2798828125 63.36568473130527 985.9665696594989 1 2 2 1 2 2 423 121 25 0 0 0 
1661541011.0575845 20.2697265625 63.495357944268484 985.9783466427823 2 3 3 2 3 3 423 121 25 0 0 0 
1661541016.1867871 20.2697265625 63.40098092814915 985.9769795245218 2 3 3 2 3 3 423 121 25 0 0 0 
1661541021.31634 20.2697265625 63.371567456463005 985.9752971117533 2 3 3 2 3 3 423 116 23 0 0 0 
1661541026.4494672 20.2595703125 63.41249154098124 985.9540564197075 1 2 2 1 2 2 423 116 23 0 0 0 
1661541031.5810864 20.2595703125 63.42400183355067 985.9439621126719 1 2 2 1 2 2 423 116 23 0 0 0 
1661541036.715362 20.2595703125 63.2585290190489 985.9644693786875 1 3 3 1 3 3 432 134 20 2 0 0 
1661541041.8492231 20.2494140625 63.317607975056234 985.9563725278481 1 3 3 1 3 3 432 134 20 2 0 0 
1661541046.9838135 20.2494140625 63.44113913473596 985.9395490954738 2 3 3 2 3 3 483 150 16 2 0 0 
1661541052.1171005 20.2494140625 63.494079673517696 985.9493281641004 2 3 3 2 3 3 483 150 16 2 0 0 
1661541057.2517107 20.2341796875 63.29945334238169 985.9546901842962 2 3 3 2 3 3 483 150 16 2 0 0 
1661541062.385757 20.2443359375 63.4467663083871 985.9163114535471 2 4 4 2 4 4 576 179 25 2 0 0 
1661541067.5197814 20.2341796875 63.41710010057816 985.9530078408143 2 4 4 2 4 4 576 179 25 2 0 0 
1661541072.649817 20.2443359375 63.51095863961714 985.9418612256856 2 4 4 2 4 4 576 179 25 2 0 0 
1661541077.78421 20.2443359375 63.517096614474156 985.9546901842962 3 4 4 3 4 4 603 188 29 2 0 0 
1661541082.9177434 20.2443359375 63.43500178597311 985.9384965941275 3 4 4 3 4 4 603 188 29 2 0 0 
1661541088.0509496 20.2392578125 63.48129290818266 985.9381817280694 3 4 4 3 4 4 603 188 29 2 0 0 
1661541093.1839414 20.2341796875 63.53474274994028 985.9233557555759 3 4 4 3 4 4 582 183 29 0 0 0 
1661541098.3168788 20.2189453125 63.24062842247055 985.9408082867177 3 4 4 3 4 4 582 183 29 0 0 0 
1661541103.451386 20.2291015625 63.45802019001867 985.9785576505201 3 4 4 3 4 4 582 183 29 0 0 0 
1661541108.5862477 20.2240234375 63.346004467648726 985.9637313376245 3 4 4 3 4 4 576 181 31 0 0 0 
1661541113.720648 20.2189453125 63.451627580265644 985.92903226774 3 4 4 3 4 4 576 181 31 0 0 0 
1661541118.8544598 20.2138671875 63.6280821253097 985.9323968442413 2 3 3 2 3 3 507 156 10 0 0 0 
1661541123.9878595 20.2189453125 63.45750954736877 985.9145210499996 2 3 3 2 3 3 507 156 10 0 0 0 
1661541129.1210597 20.2189453125 63.40431674019754 985.9226177890223 2 3 3 2 3 3 507 156 10 0 0 0 
1661541134.254515 20.2240234375 63.34524228049602 985.917256252186 2 3 3 2 3 3 528 158 12 0 0 0 
1661541139.3878767 20.2291015625 63.44549039966912 985.9354467466283 2 3 3 2 3 3 528 158 12 0 0 0 
1661541144.5224717 20.2291015625 63.49945038655925 985.8816131179306 2 3 3 2 3 3 528 158 12 0 0 0 
1661541149.6556487 20.2240234375 63.24625807142628 985.8883423176047 1 1 1 1 1 1 501 149 12 0 0 0 
1661541154.790104 20.2240234375 63.48768618325556 985.8886573715238 1 1 1 1 1 1 501 149 12 0 0 0 
1661541159.9242215 20.2291015625 63.42272742805311 985.8967538187696 1 1 1 1 1 1 501 149 12 0 0 0 
1661541165.0576313 20.2240234375 63.616833042754514 985.8721495900584 1 2 2 1 2 2 459 137 16 0 0 0 
1661541170.1920567 20.2291015625 63.60455538674883 985.8903396580625 1 2 2 1 2 2 459 137 16 0 0 0 
1661541175.32571 20.2291015625 63.37541546042222 985.8937042313497 1 2 2 1 2 2 459 137 16 0 0 0 
1661541180.4593887 20.2291015625 63.593048825901896 985.9287175391282 1 2 2 1 2 2 459 137 16 0 0 0 
1661541185.5928955 20.2240234375 63.346004467648726 985.8791935961011 1 2 2 1 2 2 459 137 16 0 0 0 
1661541190.72729 20.2240234375 63.474899848300275 985.9018007203072 1 2 2 1 2 2 459 137 16 0 0 0 
1661541195.861509 20.2189453125 63.492801134288534 985.9037979528885 1 2 2 1 2 2 423 132 18 0 0 0 
1661541200.9950926 20.2189453125 63.26953468465881 985.8967538187696 1 2 2 1 2 2 504 149 16 0 0 0 
1661541206.1295083 20.2138671875 63.46876249673262 985.8872900431447 1 1 1 1 1 1 489 142 16 0 0 0 
1661541211.2638047 20.2189453125 63.35137843849754 985.8967538187696 1 1 1 1 1 1 489 142 16 0 0 0 
1661541216.3977122 20.2189453125 63.39306193282693 985.9018007203072 1 1 1 1 1 1 489 142 16 0 0 0 
1661541221.532142 20.2087890625 63.550850358613246 985.8805609521855 1 2 2 1 2 2 504 151 18 2 0 0 
1661541226.66625 20.2087890625 63.46901797911633 985.8755141346996 1 2 2 1 2 2 504 151 18 2 0 0 
1661541231.7999787 20.2087890625 63.46952891166621 985.8957014084159 1 2 2 1 2 2 504 151 18 2 0 0 
1661541236.933604 20.2138671875 63.504309040152876 985.8973836816798 1 2 2 1 2 2 489 147 18 2 0 0 
1661541242.0669398 20.2189453125 63.39894406975195 985.8735167958188 1 2 2 1 2 2 489 147 18 2 0 0 
1661541247.1997473 20.2240234375 63.322729261004 985.8869750850547 1 2 2 1 2 2 489 147 18 2 0 0 
1661541252.333288 20.2291015625 63.32298302272773 985.8913917816651 1 2 2 1 2 2 489 147 25 2 0 0 
1661541257.4679942 20.2291015625 63.228863315223286 985.8897094679476 2 3 3 2 3 3 489 147 25 2 0 0 
1661541262.6025214 20.2291015625 63.31121820309888 985.9068476224736 2 3 3 2 3 3 489 147 25 2 0 0 
1661541267.7363315 20.2291015625 63.30533577787633 985.9230407675268 2 3 3 2 3 3 480 144 27 2 0 0 
1661541272.8697417 20.2392578125 63.482059629093314 985.8913917816651 2 3 3 2 3 3 480 144 27 2 0 0 
1661541278.003444 20.2494140625 63.25289936915858 985.8907611811046 2 3 3 2 3 3 480 144 27 2 0 0 
1661541283.1373608 20.2341796875 63.388197763877066 985.8958082040037 2 2 3 2 2 3 435 128 23 4 0 0 
1661541288.271175 20.2494140625 63.32962683920184 985.9022181169859 2 2 3 2 2 3 435 128 23 4 0 0 
1661541293.4048886 20.2494140625 63.39408017950718 985.8837120622727 1 2 3 1 2 3 393 114 25 4 0 0 
1661541298.5391917 20.2494140625 63.39408017950718 985.8756201161804 1 2 3 1 2 3 393 114 25 4 0 0 
1661541303.6728199 20.2494140625 63.352648978575196 985.8745686476334 1 2 3 1 2 3 393 114 25 4 0 0 
1661541308.8069415 20.2443359375 63.51121454877461 985.8725709399303 1 2 3 1 2 3 357 104 18 4 0 0 
1661541313.9413855 20.2341796875 63.23525135182641 985.892443522001 1 2 3 1 2 3 357 104 18 4 0 0 
1661541319.0752227 20.2443359375 63.27029415780219 985.8507007008355 1 2 3 1 2 3 357 104 18 4 0 0 
1661541324.2083771 20.2494140625 63.39433471432903 985.8887633623538 1 2 2 1 2 2 357 101 18 4 0 0 
1661541329.3421307 20.2595703125 63.44702145791305 985.8685751152301 1 2 2 1 2 2 357 101 18 4 0 0 
1661541334.4763646 20.2646484375 63.33013440021687 985.8769825899279 1 2 2 1 2 2 357 101 18 4 0 0 
1661541339.6100225 20.2595703125 63.177180082413464 985.8985377621441 1 2 2 1 2 2 357 99 18 4 0 0 
1661541344.7434843 20.2646484375 63.141881945917646 985.8901258509701 1 2 2 1 2 2 357 99 18 4 0 0 
1661541349.8762877 20.2544921875 63.2646646626839 985.9103144407226 1 2 2 1 2 2 357 99 18 4 0 0 
1661541355.0105133 20.2595703125 63.28819512646385 985.8938104257069 1 2 2 1 2 2 342 97 14 4 0 0 
1661541360.1442711 20.2494140625 63.19432453818267 985.8786692375342 1 2 2 1 2 2 342 97 14 4 0 0 
1661541365.2769868 20.2544921875 63.47643291971014 985.880667137193 2 3 3 2 3 3 513 151 23 0 0 0 
1661541370.410754 20.2494140625 63.1879373236541 985.8341931544668 2 3 3 2 3 3 513 151 23 0 0 0 
1661541375.5450373 20.2544921875 63.24113403454303 985.8941258629675 2 3 3 2 3 3 513 151 23 0 0 0 
1661541380.678513 20.2341796875 63.31172542588288 985.8490183752406 2 3 3 2 3 3 507 149 19 0 0 0 
1661541385.8126361 20.2392578125 63.14650641401886 985.896123518316 2 3 3 2 3 3 507 149 19 0 0 0 
1661541390.9469721 20.2443359375 63.3815520717241 985.8644747705684 2 3 3 2 3 3 507 149 19 0 0 0 
1661541396.081192 20.2341796875 63.38743429630094 985.8779332738809 2 3 3 2 3 3 477 139 21 0 0 0 
1661541401.2146668 20.2291015625 63.18743289818068 985.8701522242086 2 3 3 2 3 3 477 139 21 0 0 0 
1661541406.3489742 20.2341796875 63.281299379645006 985.8947564093099 2 3 3 2 3 3 477 139 21 0 0 0 
1661541411.4826944 20.2341796875 63.46390228106145 985.884662527214 2 2 2 2 2 2 450 132 14 0 0 0 
1661541416.6166975 20.2291015625 63.50482077795618 985.8782485185126 2 2 2 2 2 2 450 132 14 0 0 0 
1661541421.7502947 20.2240234375 63.24549933920999 985.8405016581386 2 2 2 2 2 2 450 132 14 0 0 0 
1661541426.8834088 20.2138671875 63.43372654831867 985.8654205016146 2 2 2 2 2 2 429 125 16 0 0 0 
1661541432.017444 20.2087890625 63.251381598697336 985.8738318623441 2 2 2 2 2 2 429 125 16 0 0 0 
1661541437.1520522 20.2087890625 63.198440893550064 985.8842403733429 2 2 2 2 2 2 429 125 16 0 0 0 
1661541442.285135 20.2138671875 63.34524228049602 985.8943339297132 1 2 2 1 2 2 393 114 12 0 0 0 
1661541447.4194322 20.2138671875 63.23348199143278 985.8259917169555 2 2 2 2 2 2 426 121 19 0 0 0 
1661541452.553903 20.2138671875 63.45725420993501 985.8805609521855 2 3 3 2 3 3 474 137 26 0 0 0 
1661541457.687811 20.2138671875 63.42784460723672 985.8640532681486 2 3 3 2 3 3 474 137 26 0 0 0 
1661541462.8220782 20.2087890625 63.46876249673262 985.854274729742 2 3 3 2 3 3 474 137 26 0 0 0 
1661541467.956087 20.2138671875 63.50405315514252 985.8634230818266 2 3 3 2 3 3 459 135 26 0 0 0 
1661541473.0900226 20.2189453125 63.40406199598472 985.8903396580625 2 3 3 2 3 3 459 135 26 0 0 0 
1661541478.2232 20.2341796875 63.316593218084876 985.8432356613883 2 3 3 2 3 3 459 135 26 0 0 0 
1661541483.3578453 20.2291015625 63.4467663083871 985.8692062869933 2 3 3 2 3 3 501 146 26 0 0 0 
1661541488.491414 20.2544921875 63.411727364762164 985.851751583647 2 3 3 2 3 3 501 146 26 0 0 0 
1661541493.620289 20.2595703125 63.09944442367276 985.8587967173476 2 3 3 2 3 3 501 146 26 0 0 0 
1661541498.7534137 20.2494140625 63.094063884860354 985.8719354864029 2 3 3 2 3 3 516 148 26 0 0 0 
1661541503.8866477 20.2494140625 63.39408017950718 985.850069230873 2 3 3 2 3 3 516 148 26 0 0 0 
1661541509.0209653 20.2494140625 63.21172051823439 985.8685751152301 2 3 3 2 3 3 516 148 26 0 0 0 
1661541514.1549723 20.2443359375 63.2820592554662 985.8551118125292 2 4 4 2 4 4 489 141 23 2 0 0 
1661541519.2890012 20.2595703125 63.259287992856336 985.8635236485925 2 4 4 2 4 4 489 141 23 2 0 0 
1661541524.4229887 20.2646484375 63.265170768709886 985.8551118125292 2 4 4 2 4 4 489 141 23 2 0 0 
1661541529.557597 20.2544921875 63.44727659669982 985.851114976149 2 4 4 2 4 4 441 130 34 2 0 0 
1661541534.6914613 20.2595703125 63.16541407800792 985.8652060160149 2 4 4 2 4 4 441 130 34 2 0 0 
1661541539.8256135 20.2646484375 63.23550407463887 985.8578445527377 2 4 4 2 4 4 441 130 34 2 0 0 
1661541544.9595792 20.2595703125 63.23037921719093 985.8147350237429 2 4 4 2 4 4 441 130 34 2 0 0 
1661541550.0935924 20.2646484375 63.00606881844531 985.849748701654 2 4 4 2 4 4 441 130 34 2 0 0 
1661541555.228477 20.2494140625 63.14700987837028 985.8652104083544 2 3 3 2 3 3 435 128 32 2 0 0 
1661541560.363236 20.2494140625 63.16465835796755 985.888759167265 2 3 3 2 3 3 435 128 32 2 0 0 
1661541565.4973462 20.2443359375 63.264917721066624 985.8753045298198 1 2 2 1 2 2 435 128 32 2 0 0 
1661541570.6313393 20.2595703125 63.283072272875565 985.853429445526 1 3 3 1 3 3 450 135 29 2 0 0 
1661541575.764603 20.2544921875 63.07103374138288 985.8870767988644 1 3 3 1 3 3 450 135 29 2 0 0 
1661541580.897727 20.2341796875 63.19407228517851 985.8557476780401 2 4 4 2 4 4 450 135 29 2 0 0 
1661541586.0324109 20.2443359375 63.22272812539024 985.8796155871092 2 3 3 2 3 3 450 135 25 2 0 0 
1661541591.1666596 20.2189453125 63.52221050759211 985.8536445995279 2 3 3 2 3 3 450 135 25 2 0 0 
1661541596.3013496 20.2240234375 63.13936518794682 985.8684699385082 2 3 3 2 3 3 450 135 25 2 0 0 
1661541601.433219 20.2138671875 63.16314662791714 985.8576392186286 2 3 3 2 3 3 465 140 20 2 0 0 
1661541606.5653439 20.2037109375 63.357006305761004 985.8923368620977 2 3 3 2 3 3 465 140 20 2 0 0 
1661541611.7005713 20.2189453125 63.43347146857008 985.8751990817287 1 2 3 1 2 3 360 102 21 2 2 2 
1661541616.8349755 20.2087890625 63.40431674019754 985.8657355265304 1 2 3 1 2 3 360 102 21 2 2 2 
1661541621.9667473 20.2138671875 63.37490667529785 985.8671027736209 1 2 3 1 2 3 360 102 21 2 2 2 
1661541627.0987208 20.2087890625 63.26902831553254 985.8466002307625 1 1 3 1 1 3 333 93 21 2 2 2 
1661541632.2282712 20.2138671875 63.38667073207115 985.8533293703497 1 1 3 1 1 3 333 93 21 2 2 2 
1661541637.359685 20.2189453125 63.33936025245716 985.8522774614318 1 1 3 1 1 3 333 93 21 2 2 2 
1661541642.4912968 20.2087890625 63.29843930483503 985.854274729742 1 1 3 1 1 3 339 90 21 2 2 2 
1661541647.623557 20.2087890625 63.586139751660255 985.8660504420676 1 1 3 1 1 3 339 90 21 2 2 2 
1661541652.7556777 20.2087890625 63.35675208767833 985.8623710098367 1 1 3 1 1 3 339 90 21 2 2 2 
1661541657.8857253 20.2037109375 63.45674350284992 985.850910241135 1 2 3 1 2 3 360 97 21 2 2 2 
1661541663.0156295 20.2138671875 63.45648813319856 985.8957014084159 1 2 3 1 2 3 360 97 21 2 2 2 
1661541668.1506052 20.2087890625 63.339106235704406 985.8391345332113 1 2 3 1 2 3 360 97 21 2 2 2 
1661541673.2824576 20.2189453125 63.35137843849754 985.8651053673171 1 1 3 1 1 3 318 88 19 2 2 2 
1661541678.4153907 20.2138671875 63.23936420434795 985.8654205016146 1 1 3 1 1 3 318 88 19 2 2 2 
1661541683.5507495 20.2087890625 63.38717978563031 985.8505952036088 1 1 3 1 1 3 318 88 19 2 2 2 
1661541688.6849315 20.2189453125 63.292810585900504 985.8721495900584 1 1 3 1 1 3 303 85 21 2 2 2 
1661541693.8165057 20.2138671875 63.31071093735727 985.8651053673171 2 4 4 2 4 4 624 169 40 4 0 0 
1661541698.9482017 20.2138671875 63.392807344308665 985.8667876528776 2 4 4 2 4 4 609 166 38 4 0 0 
1661541704.0822208 20.2291015625 63.25751690361959 985.8378733472987 2 4 4 2 4 4 609 166 38 4 0 0 
1661541709.2158515 20.2189453125 63.31147181986058 985.8395556452957 2 4 4 2 4 4 609 166 38 4 0 0 
1661541714.3480887 20.2240234375 63.24600517142703 985.8227326684699 2 4 4 2 4 4 558 159 29 2 0 0 
1661541719.4792912 20.2291015625 63.25726384791354 985.8791935961011 2 4 4 2 4 4 558 159 29 2 0 0 
1661541724.6119134 20.2240234375 63.42835460030281 985.8728863346147 2 4 4 2 4 4 558 159 29 2 0 0 
1661541729.7426822 20.2240234375 63.1580199263635 985.8540653522355 2 3 3 2 3 3 525 155 27 0 0 0 
1661541734.874506 20.2189453125 63.30482864635805 985.8485977853958 2 3 3 2 3 3 525 155 27 0 0 0 
1661541740.0067594 20.2291015625 63.36953328241074 985.8695217087865 2 3 3 2 3 3 525 155 27 0 0 0 
1661541745.135306 20.2240234375 63.42247251473586 985.8745686476334 2 3 3 2 3 3 531 155 20 0 0 0 
1661541750.2691743 20.2291015625 63.31121820309888 985.889078840278 2 3 3 2 3 3 531 155 20 0 0 0 
1661541755.4039462 20.2189453125 63.186928429748924 985.8611101454392 2 3 3 2 3 3 531 155 20 0 0 0 
1661541760.534617 20.2341796875 63.47566643233147 985.8513317332315 2 3 3 2 3 3 546 151 20 0 0 0 
1661541765.667187 20.2240234375 63.28718171173068 985.8550116554212 2 3 3 2 3 3 546 151 20 0 0 0 
1661541770.7991712 20.2341796875 63.36415956785801 985.8675239606295 2 3 3 2 3 3 546 151 20 0 0 0 
1661541775.9335704 20.2341796875 63.34037621207445 985.8678393959774 1 2 2 1 2 2 324 90 14 0 0 0 
1661541781.0624533 20.2341796875 63.299199849104156 985.8331419549422 1 2 2 1 2 2 324 90 14 0 0 0 
1661541786.1948903 20.2291015625 63.38717978563031 985.8358754658785 1 2 2 1 2 2 366 104 14 0 0 0 
1661541791.3253844 20.2291015625 63.17541564565674 985.8566939405625 1 2 2 1 2 2 366 104 14 0 0 0 
1661541796.4559548 20.2189453125 63.25726384791354 985.8519623280807 1 2 2 1 2 2 366 104 14 0 0 0 
1661541801.590823 20.2240234375 63.19869327810781 985.8432356613883 1 2 2 1 2 2 402 118 16 0 0 0 
1661541806.7233295 20.2189453125 63.18129816263147 985.8334573467732 1 2 2 1 2 2 402 118 16 0 0 0 
1661541811.8502657 20.2138671875 63.35751470970832 985.841868700865 1 2 2 1 2 2 402 118 16 0 0 0 
1661541816.98241 20.2240234375 63.1043220301709 985.8715193205152 2 2 2 2 2 2 411 123 16 0 0 0 
1661541822.1169274 20.2240234375 63.31071093735727 985.8530140317874 2 2 2 2 2 2 411 123 16 0 0 0 
1661541827.2459404 20.2240234375 63.2869283311988 985.8664724227511 2 2 2 2 2 2 411 123 16 0 0 0 
1661541832.380344 20.2291015625 63.21071059343093 985.8381888078508 2 3 3 2 3 3 441 132 18 0 0 0 
1661541837.5143678 20.2240234375 63.116589910970625 985.8762509607222 2 3 3 2 3 3 441 132 18 0 0 0 
1661541842.6477058 20.2291015625 63.29306403354476 985.8933892180941 2 3 3 2 3 3 441 132 18 0 0 0 
1661541847.781433 20.2240234375 63.2869283311988 985.8597432267103 2 3 3 2 3 3 447 136 20 0 0 0 
1661541852.9089422 20.2240234375 63.281299379645006 985.8563786291089 2 3 3 2 3 3 447 136 20 0 0 0 
1661541858.039825 20.2291015625 63.33986825374454 985.8600585110548 1 2 2 1 2 2 366 101 27 0 0 0 
1661541863.1749206 20.2240234375 63.492801134288534 985.8264128187091 1 2 2 1 2 2 366 101 27 0 0 0 
1661541868.3056784 20.2189453125 63.34549635361961 985.832510843125 1 2 2 1 2 2 366 106 23 0 0 0 
1661541873.4370859 20.2240234375 63.26928150546541 985.8129545495967 1 2 2 1 2 2 366 106 23 0 0 0 
1661541878.569536 20.2341796875 63.49893882592022 985.8126388857286 1 2 2 1 2 2 366 106 23 0 0 0 
1661541883.700774 20.2291015625 63.2869283311988 985.8365065234782 1 2 2 1 2 2 381 113 25 0 0 0 
1661541888.831984 20.2240234375 63.22298074619153 985.8257815984563 1 2 2 1 2 2 381 113 25 0 0 0 
1661541893.9654639 20.2291015625 63.25751690361959 985.7927671543127 1 2 2 1 2 2 381 113 25 0 0 0 
1661541899.0979373 20.2443359375 63.30533577787633 985.8204188508156 1 2 2 1 2 2 375 111 27 0 0 0 
1661541904.2304614 20.2544921875 63.32861158829933 985.8251499406452 1 2 2 1 2 2 375 111 27 0 0 0 
1661541909.3620572 20.2494140625 63.152389116587734 985.8257815984563 1 2 2 1 2 2 375 111 27 0 0 0 
1661541914.4953334 20.2544921875 63.229115992400025 985.815055913085 1 3 3 1 3 3 396 118 29 0 0 0 
1661541919.6265924 20.2544921875 63.35290305437269 985.8453380033125 1 3 3 1 3 3 396 118 29 0 0 0 
1661541924.7600298 20.2494140625 63.25289936915858 985.7971823210876 1 3 3 1 3 3 396 118 29 0 0 0 
1661541929.893753 20.2392578125 63.27004101082719 985.8355597729956 1 2 2 1 2 2 402 118 29 0 0 0 
1661541935.0271747 20.2443359375 63.31121820309888 985.8450221729705 None None None None None None None None None None None None 
1661541940.1562326 20.2392578125 63.13474097806485 985.8072761813825 2 3 3 2 3 3 426 123 28 0 0 0 
1661541945.29295 20.2341796875 63.24651096068605 985.8173700441928 2 3 3 2 3 3 426 123 28 0 0 0 
1661541950.4256487 20.2494140625 63.41147261787729 985.8106408020398 2 3 3 2 3 3 447 132 30 0 0 0 
1661541955.5575478 20.2544921875 63.240881233876536 985.806644225373 2 3 3 2 3 3 447 132 30 0 0 0 
1661541960.6887112 20.2494140625 63.15339627080426 985.7861348227058 2 3 3 2 3 3 447 132 30 0 0 0 
1661541965.8227618 20.2544921875 63.28231252592769 985.8096879279746 2 3 3 2 3 3 447 136 32 0 0 0 
1661541970.956877 20.2494140625 63.24113403454303 985.836610411197 2 3 3 2 3 3 447 136 32 0 0 0 
1661541976.0881338 20.2494140625 63.14700987837028 985.8265115829809 2 3 3 2 3 3 447 136 32 0 0 0 
1661541981.2182176 20.2494140625 63.19995503980302 985.8063280832772 2 3 3 2 3 3 447 136 34 0 0 0 
1661541986.3502927 20.2443359375 63.14087537160515 985.815055913085 2 3 3 2 3 3 447 136 34 0 0 0 
1661541991.482482 20.2544921875 63.400217186794734 985.8100089002482 2 3 3 2 3 3 447 136 34 0 0 0 
1661541996.6157045 20.2291015625 63.20508055800879 985.7850900544067 2 3 3 2 3 3 477 141 36 0 0 0 
1661542001.7502613 20.2392578125 63.20583778415498 985.8015972135845 2 3 3 2 3 3 477 141 36 0 0 0 
1661542006.8851998 20.2291015625 63.13474097806485 985.7854061539231 2 3 3 2 3 3 477 141 36 0 0 0 
1661542012.0187325 20.2341796875 63.352394892038355 985.8072761813825 2 3 3 2 3 3 486 148 31 0 0 0 
1661542017.151033 20.2291015625 63.211215577311755 985.7702653725996 0 0 0 0 0 0 375 100 10 0 0 0 
1661542022.283504 20.2341796875 63.228863315223286 985.7820415353619 0 1 1 0 1 1 402 109 8 0 0 0 
1661542027.415766 20.2392578125 63.13448936401645 985.7621700097532 1 2 2 1 2 2 402 109 8 0 0 0 
1661542032.5468838 20.2189453125 63.17541564565674 985.7722637799171 1 2 2 1 2 2 402 109 8 0 0 0 
1661542037.6739357 20.2240234375 63.275923497682264 985.7921353918834 1 2 2 1 2 2 429 116 6 0 0 0 
1661542042.8059719 20.2291015625 63.081796007803554 985.7938177015484 1 2 2 1 2 2 429 116 6 0 0 0 
1661542047.9402034 20.2240234375 63.33474780126824 985.7927671543127 1 2 2 1 2 2 429 116 6 0 0 0 
1661542053.074255 20.2341796875 63.176171897275786 985.8025451055025 2 2 2 2 2 2 471 128 8 0 0 0 
1661542058.2074358 20.2341796875 63.32861158829933 985.7847738454979 2 2 2 2 2 2 471 128 8 0 0 0 
1661542063.3400013 20.2443359375 63.187685116287184 985.7898208551902 2 2 2 2 2 2 471 128 8 0 0 0 
1661542068.469217 20.2494140625 63.252393488629465 985.8022292509206 2 2 3 2 2 3 450 123 15 2 0 0 
1661542073.6002681 20.2443359375 63.15264092125131 985.8136895538858 2 2 3 2 2 3 450 123 15 2 0 0 
1661542078.7331078 20.2494140625 63.346766558147216 985.8419733255023 1 1 2 1 1 2 450 123 15 2 0 0 
1661542083.8649168 20.2443359375 63.22348595557551 985.8369263093115 1 1 2 1 1 2 492 133 17 2 0 0 
1661542088.9997554 20.2494140625 63.27029415780219 985.7918193465849 1 1 2 1 1 2 492 133 17 2 0 0 
1661542094.128083 20.2443359375 63.19382002143476 985.8184205886588 1 1 2 1 1 2 492 133 17 2 0 0 
1661542099.2609994 20.2494140625 63.36466799863105 985.8096927852613 2 3 3 2 3 3 540 139 14 0 0 0 
1661542104.3948321 20.2443359375 63.16465835796755 985.8029633815727 2 3 3 2 3 3 540 139 14 0 0 0 
1661542109.5207675 20.2544921875 63.188189520281426 985.796229009001 2 3 3 2 3 3 534 146 14 0 0 0 
1661542114.6535947 20.2494140625 63.2646646626839 985.7797268364345 2 3 3 2 3 3 534 146 14 0 0 0 
1661542119.78527 20.2494140625 63.22348595557551 985.7817254087369 1 2 2 1 2 2 534 146 14 0 0 0 
1661542124.9184654 20.2392578125 63.176423959669606 985.806323197812 1 2 2 1 2 2 525 151 12 0 0 0 
1661542130.0524838 20.2494140625 63.14700987837028 985.791503191894 1 2 2 1 2 2 525 151 12 0 0 0 
1661542135.1851175 20.2494140625 63.265170768709886 985.7844575271937 2 3 3 2 3 3 525 151 12 0 0 0 
1661542140.3146744 20.2494140625 63.20609017139126 985.7810877305014 2 3 3 2 3 3 525 153 10 0 0 0 
1661542145.4483232 20.2494140625 63.39945334878689 985.7864561819921 2 3 3 2 3 3 525 153 10 0 0 0 
1661542150.5791876 20.2341796875 63.26953468465881 985.8019132869487 2 3 3 2 3 3 525 153 10 0 0 0 
1661542155.7066 20.2291015625 63.22298074619153 985.7702653725996 2 3 3 2 3 3 504 149 12 0 0 0 
1661542160.8405998 20.2291015625 63.39894406975195 985.8008628090425 2 3 3 2 3 3 504 149 12 0 0 0 
1661542165.970402 20.2291015625 63.21709816688769 985.7870884633084 2 3 3 2 3 3 504 149 12 0 0 0 
1661542171.0984838 20.2341796875 63.32911923522935 985.8268322788165 2 3 3 2 3 3 537 159 14 0 0 0 
1661542176.2325666 20.2392578125 63.35802307069826 985.8015972135845 2 3 3 2 3 3 537 159 14 0 0 0 
1661542181.3618557 20.2443359375 63.364922197908584 985.8015972135845 2 3 3 2 3 3 444 133 27 0 0 0 
1661542186.4955804 20.2494140625 63.24676383920631 985.7780445002198 2 3 3 2 3 3 444 133 27 0 0 0 
1661542191.6284924 20.2443359375 63.21172051823439 985.8029633815727 2 3 3 2 3 3 444 133 27 0 0 0 
1661542196.7602212 20.2494140625 63.24651096068605 985.8409224005329 2 3 3 2 3 3 465 140 30 0 0 0 
1661542201.8928926 20.2443359375 63.35214079476218 985.7938177015484 2 3 3 2 3 3 465 140 30 0 0 0 
1661542207.0261996 20.2494140625 63.15213730118452 985.7725797690906 2 3 3 2 3 3 465 140 30 0 0 0 
1661542212.1579854 20.2291015625 63.30533577787633 985.7898208551902 2 4 4 2 4 4 498 154 37 0 0 0 
1661542217.2850006 20.2494140625 63.43474675992068 985.7679504843991 2 4 4 2 4 4 498 154 37 0 0 0 
1661542222.4188595 20.2341796875 63.346512538720404 985.774679828 2 4 4 2 4 4 498 154 37 0 0 0 
1661542227.5498996 20.2494140625 63.35315711943085 985.7713151560597 3 4 4 3 4 4 561 173 39 2 0 0 
1661542232.6816635 20.2341796875 63.28819512646385 985.7460801254174 3 4 4 3 4 4 561 173 39 2 0 0 
1661542237.8146758 20.2443359375 63.22298074619153 985.751127130288 3 4 4 3 4 4 561 173 39 2 0 0 
1661542242.9479568 20.2544921875 63.32937304258529 985.7625869829197 3 5 5 3 5 5 576 178 44 2 0 0 
1661542248.0779421 20.2595703125 63.30021375777775 985.7911819155389 3 5 5 3 5 5 576 178 44 2 0 0 
1661542253.212129 20.2443359375 63.352648978575196 985.7379850404635 3 5 5 3 5 5 576 178 44 2 0 0 
1661542258.3440065 20.2443359375 63.32298302272773 985.7514436102856 2 4 4 2 4 4 522 162 35 2 0 0 
1661542263.4775398 20.2494140625 63.27004101082719 985.7709987293198 1 2 2 1 2 2 405 107 12 0 0 0 
1661542268.610801 20.2392578125 63.199702708943114 985.7702653725996 1 2 2 1 2 2 405 107 10 0 0 0 
1661542273.7442992 20.2595703125 63.171297085347334 985.7995986801475 1 2 2 1 2 2 405 107 10 0 0 0 
1661542278.8740351 20.2544921875 63.27105353429042 985.7928642799565 1 2 2 1 2 2 405 107 10 0 0 0 
1661542284.0079415 20.2544921875 63.27642991511899 985.7709935479797 1 1 1 1 1 1 378 100 8 0 0 0 
1661542289.1418521 20.2494140625 63.317607975056234 985.7800430860068 1 1 1 1 1 1 378 100 8 0 0 0 
1661542294.2753203 20.2494140625 63.22323335625329 985.762903477432 1 1 1 1 1 1 378 100 8 0 0 0 
1661542299.4088233 20.2494140625 63.099946814118354 985.7736299901824 1 1 1 1 1 1 357 98 10 0 0 0 
1661542304.5426748 20.2494140625 63.3004672080976 985.7827700944996 1 1 1 1 1 1 357 98 10 0 0 0 
1661542309.6759832 20.2494140625 63.406354307286314 985.7995937383253 1 1 1 1 1 1 357 98 10 0 0 0 
1661542314.8093007 20.2595703125 63.42937445756412 985.7662681486736 1 2 2 1 2 2 399 112 14 0 0 0 
1661542319.9426396 20.2595703125 63.283072272875565 985.7975949433613 1 2 2 1 2 2 399 112 14 0 0 0 
1661542325.0760005 20.2646484375 63.32374424346262 985.7774064097935 1 2 2 1 2 2 399 112 14 0 0 0 
1661542330.208569 20.2494140625 63.12936130631999 985.7642693320599 1 2 2 1 2 2 384 107 16 0 0 0 
1661542335.3426807 20.2544921875 63.200711967945374 985.8012761030919 1 2 2 1 2 2 384 107 16 0 0 0 
1661542340.476101 20.2595703125 63.31273974257809 985.8093715925897 1 2 2 1 2 2 384 107 16 0 0 0 
1661542345.6095312 20.2697265625 63.27744262111905 985.7726759115587 2 4 4 2 4 4 483 148 16 6 0 0 
1661542350.7428305 20.2646484375 63.08330184209613 985.7955960119554 2 4 4 2 4 4 483 148 16 6 0 0 
1661542355.8761613 20.2646484375 63.212730271205096 985.7878171869136 2 4 4 2 4 4 510 157 14 6 0 0 
1661542361.0097213 20.2798828125 63.16028648242629 985.7919145389538 2 4 4 2 4 4 510 157 14 6 0 0 
1661542366.1430845 20.2697265625 63.14826835130517 985.8013754258603 2 4 4 2 4 4 510 157 14 6 0 0 
1661542371.2769542 20.2748046875 63.21348747316802 985.7879159669393 2 4 4 2 4 4 495 152 14 6 0 0 
1661542376.4103885 20.2798828125 63.237272833619976 985.7912808312502 2 4 4 2 4 4 495 152 14 6 0 0 
1661542381.54381 20.2798828125 63.26029980758033 985.7899153211715 2 4 4 2 4 4 495 152 14 6 0 0 
1661542386.6772337 20.3001953125 63.02547008404903 985.8239789208576 2 4 4 2 4 4 699 199 18 6 0 0 
1661542391.8110402 20.3001953125 63.22550636353051 985.7973765237927 2 4 4 2 4 4 699 199 18 6 0 0 
1661542396.944938 20.2798828125 63.154906679940304 985.7795038073849 2 4 4 2 4 4 699 199 18 6 0 0 
1661542402.07914 20.2849609375 63.09582144327773 985.7795038073849 2 4 4 2 4 4 684 192 16 6 0 0 
1661542407.2125158 20.2900390625 63.361072334534185 985.7775042492765 3 5 5 3 5 5 684 192 16 6 0 0 
1661542412.3459985 20.2849609375 63.212982682598934 985.7996929932505 3 5 5 3 5 5 684 192 16 6 0 0 
1661542417.4794521 20.2798828125 63.119606283325155 985.812835614326 3 4 4 3 4 4 663 185 16 6 0 0 
1661542422.612832 20.2798828125 63.04825284870164 985.793280158513 3 4 4 3 4 4 663 185 16 6 0 0 
1661542427.7467308 20.2798828125 63.30787079110335 985.796644996134 2 3 3 2 3 3 465 135 19 4 0 0 
1661542432.880065 20.2798828125 63.124232738980645 985.7798208108243 2 3 3 2 3 3 465 135 19 4 0 0 
1661542438.0135872 20.2697265625 63.07153537470399 985.8003265654079 2 3 3 2 3 3 465 135 19 4 0 0 
1661542443.1478462 20.2697265625 63.28357871714363 985.7935969441049 2 3 3 2 3 3 450 130 17 4 0 0 
1661542448.282266 20.2697265625 63.31862256019733 985.8050570914093 2 3 3 2 3 3 450 130 17 4 0 0 
1661542453.4161565 20.2798828125 63.207099612940915 985.7774064097935 2 3 3 2 3 3 450 130 17 4 0 0 
1661542458.55011 20.2748046875 63.17768411054476 985.8040079713354 1 3 3 1 3 3 414 118 17 4 0 0 
1661542463.6837482 20.2697265625 63.08330184209613 985.7868673239199 1 3 3 1 3 3 414 118 17 4 0 0 
1661542468.8179524 20.2849609375 63.37182167989265 985.7811862391559 1 3 3 1 3 3 414 118 17 4 0 0 
1661542473.952225 20.2798828125 63.22474879109376 985.7795038073849 1 2 2 1 2 2 366 102 10 2 0 0 
1661542479.085866 20.2748046875 63.27769577077046 985.775090491287 1 2 2 1 2 2 366 102 10 2 0 0 
1661542484.2196488 20.2798828125 63.06615358171702 985.8178829547063 1 2 2 1 2 2 366 102 10 2 0 0 
1661542489.353871 20.2798828125 63.17768411054476 985.7815032290408 1 2 2 1 2 2 336 90 12 2 0 0 
1661542494.4875739 20.2748046875 63.00143568679432 985.8067395106742 1 2 2 1 2 2 336 90 12 2 0 0 
1661542499.6212482 20.2748046875 63.14263676388579 985.7686777536796 1 2 2 1 2 2 336 90 12 2 0 0 
1661542504.7551348 20.2900390625 63.29559791931877 985.7646790500207 1 2 2 1 2 2 327 94 12 2 0 0 
1661542509.8894553 20.2748046875 63.10783940225787 985.8010584892185 2 2 2 2 2 2 519 142 13 0 0 0 
1661542515.0224397 20.2798828125 63.101955946312565 985.7909638132804 2 3 3 2 3 3 498 142 15 0 0 0 
1661542520.1562307 20.2849609375 62.94309875204888 985.7842340307194 2 3 3 2 3 3 498 142 15 0 0 0 
1661542525.2898643 20.2951171875 62.93158040112725 985.7842340307194 2 3 3 2 3 3 498 142 15 0 0 0 
1661542530.423788 20.2798828125 63.21373985234327 985.8279776373535 2 2 2 2 2 2 498 140 15 0 0 0 
1661542535.5579224 20.2900390625 62.98453442051852 985.7775042492765 2 2 2 2 2 2 498 140 15 0 0 0 
1661542540.6915603 20.2951171875 62.920071306629815 985.7903294490914 2 2 2 2 2 2 498 140 15 0 0 0 
1661542545.825489 20.3001953125 63.04925486955958 985.8054717079266 2 2 2 2 2 2 450 126 15 0 0 0 
1661542550.9597616 20.3001953125 62.97276693257657 985.7721396374411 2 2 2 2 2 2 450 126 15 0 0 0 
1661542556.0935144 20.2849609375 63.166925228119375 985.8125186631514 2 2 2 2 2 2 450 126 15 0 0 0 
1661542561.2269826 20.2900390625 63.096584175725404 985.7822343900948 2 2 2 2 2 2 423 119 17 0 0 0 
1661542566.3603766 20.2900390625 63.26055273441268 985.8165173224927 2 2 2 2 2 2 423 119 17 0 0 0 
1661542571.4937258 20.2900390625 63.10783940225787 985.7795038073849 2 2 2 2 2 2 423 119 17 0 0 0 
1661542576.6273293 20.2900390625 63.08993803390401 985.7926462590954 2 2 2 2 2 2 423 114 17 0 0 0 
1661542581.7602708 20.2849609375 63.307363874373124 985.7690920240456 2 2 2 2 2 2 423 114 17 0 0 0 
1661542586.8902652 20.2697265625 63.300974076519076 985.7949625772885 2 2 2 2 2 2 423 114 17 0 0 0 
1661542592.0227253 20.2798828125 63.21861326347388 985.796644996134 3 5 5 3 5 5 630 192 38 2 0 0 
1661542597.156111 20.2748046875 63.107085856872764 985.7784553002612 3 5 5 3 5 5 630 192 38 2 0 0 
1661542602.2900207 20.2798828125 62.98941881315675 985.7653129726532 3 5 5 3 5 5 603 181 38 2 0 0 
1661542607.4238017 20.2748046875 63.100951466133054 985.7734080869045 3 5 5 3 5 5 603 181 38 2 0 0 
1661542612.5572526 20.2748046875 62.99555218015752 985.7391254658442 3 5 5 3 5 5 603 181 38 2 0 0 
1661542617.6912012 20.2849609375 63.17793610850104 985.7441727563352 3 5 5 3 5 5 612 184 34 2 0 0 
1661542622.8245468 20.2748046875 62.88426085340105 985.7404904713288 3 5 5 3 5 5 612 184 34 2 0 0 
1661542627.9572296 20.2798828125 62.99016833120709 985.7629966325032 3 5 5 3 5 5 612 184 34 2 0 0 
