timestamp temperature humidity pressure pm10_standard pm25_standard pm100_standard pm10_env pm25_env pm100_env particles_03um particles_05um particles_10um particles_25um particles_50um particles_100um
1655337583.1556504 21.0728515625 46.82843422522691 983.5471895969922 0 0 0 0 0 0 75 21 0 0 0 0 
1655337588.2846973 21.0626953125 46.78704075988769 983.5438207084547 0 0 0 0 0 0 75 21 0 0 0 0 
1655337593.4192677 21.0728515625 46.82843422522691 983.5346948291251 0 0 0 0 0 0 69 19 0 0 0 0 
1655337598.5545442 21.0830078125 46.727878106906054 983.5296414165533 0 0 0 0 0 0 69 19 0 0 0 0 
1655337603.6892903 21.0728515625 46.92318936752729 983.5111122425188 0 0 0 0 0 0 69 19 0 0 0 0 
1655337608.8206298 21.0728515625 47.00609795175939 983.5202384965388 0 0 0 0 0 0 75 21 2 0 0 0 
1655337613.954537 21.0728515625 46.91720300724005 983.5219229397917 0 0 0 0 0 0 75 21 2 0 0 0 
1655337619.087119 21.0677734375 46.87581212632464 983.5003771325117 0 0 0 0 0 0 75 21 2 0 0 0 
1655337624.2199366 21.0626953125 46.8045537119369 983.4936394177914 0 0 0 0 0 0 60 16 2 0 0 0 
1655337629.3490071 21.0626953125 46.928851427087544 983.4939913117254 0 0 0 0 0 0 60 16 2 0 0 0 
1655337634.4762692 21.0677734375 46.89937027918872 983.5084473957303 None None None None None None None None None None None None 
1655337639.6073954 21.0626953125 46.822448784325104 983.5054304192879 0 0 0 0 0 0 69 23 4 0 0 0 
1655337644.7411554 21.0728515625 46.76322605462211 983.5050785104156 0 0 0 0 0 0 57 19 4 0 0 0 
1655337649.8751414 21.0728515625 46.79888557693042 983.4814963210594 0 0 0 0 0 0 57 19 4 0 0 0 
1655337655.0100713 21.0779296875 46.79875981617139 983.500025182969 0 0 0 0 0 0 57 19 4 0 0 0 
1655337660.1435788 21.0830078125 46.816652725161276 983.4976364849094 0 0 0 0 0 0 72 24 4 0 0 0 
1655337665.2753203 21.0830078125 46.893578669107086 983.4781274379866 0 0 0 0 0 0 72 24 4 0 0 0 
1655337670.4080977 21.0779296875 46.89370657706778 983.5090755748482 0 0 0 0 0 0 72 24 4 0 0 0 
1655337675.543303 21.0830078125 46.79308875567716 983.4697052315307 0 0 0 0 0 0 72 24 4 0 0 0 
1655337680.6773615 21.0830078125 46.82251194119082 983.5114643168426 0 0 0 0 0 0 72 24 4 0 0 0 
1655337685.8110464 21.0728515625 46.917267248464974 983.462967467627 0 0 0 0 0 0 72 24 4 0 0 0 
1655337690.9447637 21.0626953125 46.84014959365754 983.4882340880456 0 0 0 0 0 0 72 24 4 0 0 0 
1655337696.0784795 21.0728515625 46.7750056487245 983.5064109478844 0 0 0 0 0 0 72 24 4 0 0 0 
1655337701.208441 21.0576171875 46.84594479798743 983.4704095088274 0 0 0 0 0 0 72 24 4 0 0 0 
1655337706.3398151 21.0576171875 46.66828093109201 983.4939913117254 0 0 0 0 0 0 72 24 4 0 0 0 
1655337711.4716914 21.0728515625 47.01195459063517 983.4704095088274 0 0 0 0 0 0 72 24 4 0 0 0 
1655337716.6002648 21.0576171875 46.73354976148597 983.4569341990509 0 0 0 0 0 0 72 24 2 0 0 0 
1655337721.7327726 21.0728515625 46.75138138495401 983.4595985860957 0 0 0 0 0 0 72 24 2 0 0 0 
1655337726.8645232 21.0626953125 46.875682128700795 983.4805159941023 0 0 0 0 0 0 72 24 2 0 0 0 
1655337731.9988017 21.0525390625 46.8104758209741 983.4758146843756 0 0 0 0 0 0 78 26 2 0 0 0 
1655337737.129481 21.0626953125 47.00603269400266 983.4653562671359 0 0 0 0 0 0 78 26 2 0 0 0 
1655337742.2632916 21.0626953125 46.96457912887759 983.486901704192 0 0 0 0 0 0 78 26 2 0 0 0 
1655337747.390374 21.0677734375 46.798631592589565 983.4683729975733 0 0 0 0 0 0 90 30 2 0 0 0 
1655337752.5240338 21.0626953125 46.81639791970115 983.457286281402 0 0 0 0 0 0 90 30 2 0 0 0 
1655337757.6564002 21.0525390625 46.78685009514209 983.4660601864381 0 0 0 0 0 0 90 30 2 0 0 0 
1655337762.7897267 21.0423828125 46.76889567118002 983.4626914132214 0 0 0 0 0 0 102 34 2 0 0 0 
1655337767.9226394 21.0474609375 46.863646999547065 983.4509007091689 0 0 0 0 0 0 102 34 2 0 0 0 
1655337773.0526032 21.0576171875 46.89924214866753 983.4606550813121 0 0 0 0 0 0 102 34 2 0 0 0 
1655337778.1864028 21.0525390625 46.887462300234674 983.457286281402 0 0 0 0 0 0 129 41 2 0 0 0 
1655337783.3200855 21.0525390625 46.863710674336616 983.4529369986127 0 0 0 0 0 0 129 41 2 0 0 0 
1655337788.4549525 21.0474609375 46.81620852189811 983.4596744894183 0 0 0 0 0 0 129 41 2 0 0 0 
1655337793.5895119 21.0423828125 46.86963261249987 983.4502717851012 0 0 0 0 0 0 108 34 0 0 0 0 
1655337798.721869 21.0423828125 46.89892163382621 983.4627651063629 0 0 0 0 0 0 99 28 4 0 0 0 
1655337803.8502676 21.0423828125 47.076761713298175 983.4613588622949 0 0 0 0 0 0 93 26 4 0 0 0 
1655337808.982455 21.0423828125 47.053010019350374 983.4529369986127 0 0 0 0 0 0 93 26 4 0 0 0 
1655337814.112709 21.0423828125 46.94635831144738 983.4579901166118 0 0 0 0 0 0 93 26 4 0 0 0 
1655337819.2437954 21.0525390625 46.863710674336616 983.4626914132214 0 0 0 0 0 0 87 24 4 0 0 0 
1655337824.373997 21.0525390625 46.934837729112296 983.4761665077702 0 0 0 0 0 0 87 24 4 0 0 0 
1655337829.5073197 21.0474609375 46.78659894178798 983.4576382539213 0 0 0 0 0 0 87 24 4 0 0 0 
1655337834.6382945 21.0525390625 46.85778872586346 983.4563057438753 0 0 0 0 0 0 93 26 4 0 0 0 
1655337839.7652147 21.0423828125 46.89338426492988 983.4454954839232 0 0 0 0 0 0 93 26 4 0 0 0 
1655337844.8948665 21.0525390625 46.863710674336616 983.4290036964647 0 0 0 0 0 0 93 26 4 0 0 0 
1655337850.0292904 21.0576171875 46.7750056487245 983.42865149348 0 0 0 0 0 0 87 24 4 0 0 0 
1655337855.161365 21.0525390625 46.976225736444455 983.446827719661 0 0 0 0 0 0 87 24 4 0 0 0 
1655337860.2957747 21.0626953125 46.80449072565927 983.4666885701191 0 0 0 0 0 0 87 24 4 0 0 0 
1655337865.4291897 21.0576171875 46.828242086224826 983.4764429965553 0 0 0 0 0 0 108 31 4 0 0 0 
1655337870.5629196 21.0525390625 47.00589963521164 983.4273193113626 0 0 0 0 0 0 108 31 4 0 0 0 
1655337875.6956394 21.0525390625 46.964382220964666 983.4690770823134 0 0 0 0 0 0 108 31 4 0 0 0 
1655337880.8287206 21.0525390625 46.85772511884665 983.4196016260665 0 0 0 0 0 0 87 27 4 0 0 0 
1655337885.9632246 21.0423828125 46.8635833139838 983.4529369986127 0 0 0 0 0 0 87 27 4 0 0 0 
1655337891.097835 21.0423828125 46.76895826157737 983.4559538676281 0 0 0 0 0 0 81 25 4 0 0 0 
1655337896.2312312 21.0423828125 46.715472896013054 983.4347608473349 0 0 0 0 0 0 81 25 4 0 0 0 
1655337901.3658504 21.0525390625 47.01767771586168 983.4377776483982 0 0 0 0 0 0 81 25 4 0 0 0 
1655337906.499917 21.0525390625 46.98208244852478 983.3906152617978 0 0 0 0 0 0 75 23 4 0 0 0 
1655337911.6339834 21.0525390625 46.82805228177614 983.42865149348 0 0 0 0 0 0 75 23 4 0 0 0 
1655337916.7672417 21.0525390625 46.93464426498033 983.4125120773176 0 0 0 0 0 0 75 23 4 0 0 0 
1655337921.9005003 21.0525390625 46.76895826157737 983.4172130022203 0 0 0 0 0 0 75 23 4 0 0 0 
1655337927.033764 21.0576171875 47.16571637553219 983.42865149348 0 0 0 0 0 0 75 23 4 0 0 0 
1655337932.1685758 21.0474609375 46.88727046260024 983.3960206264835 0 0 0 0 0 0 75 23 4 0 0 0 
1655337937.3025513 21.0474609375 46.780551489068564 983.4064788307784 0 0 0 0 0 0 63 19 2 0 0 0 
1655337942.4364767 21.0525390625 46.98819937428946 983.4188973869021 0 0 0 0 0 0 63 19 2 0 0 0 
1655337947.5707216 21.0576171875 46.98214747871949 983.3885784733466 0 0 0 0 0 0 63 19 2 0 0 0 
1655337952.7034905 21.0626953125 46.91128094563754 983.4047174160172 0 0 0 0 0 0 57 17 2 0 0 0 
1655337957.8371897 21.0677734375 46.786978020446206 983.4097706501426 0 0 0 0 0 0 57 17 2 0 0 0 
1655337962.9712396 21.0728515625 46.72775399433633 983.4195246298497 0 0 0 0 0 0 93 23 4 0 0 0 
1655337968.1002972 21.0728515625 46.85199381324681 983.4380533141192 0 0 0 0 0 0 93 23 4 0 0 0 
1655337973.23429 21.0677734375 46.91128094563754 983.424577906537 0 0 0 0 0 0 93 23 4 0 0 0 
1655337978.3687525 21.0626953125 46.93490219560925 983.4178402044272 0 0 0 0 0 0 93 23 2 0 0 0 
1655337983.502375 21.0677734375 46.67439002682556 983.4148238848984 0 0 0 0 0 0 93 23 2 0 0 0 
1655337988.6361747 21.0728515625 46.775133297711115 983.4262623322396 0 0 0 0 0 0 93 23 2 0 0 0 
1655337993.7693918 21.0626953125 46.82238318694581 983.4198771202848 0 0 0 0 0 0 78 20 2 0 0 0 
1655337998.9031637 21.0677734375 46.82837100058697 983.3730663747228 0 0 0 0 0 0 78 20 2 0 0 0 
1655338004.0356133 21.0728515625 46.74552131043333 983.4205037720711 0 0 0 0 0 0 78 20 2 0 0 0 
1655338009.1881545 21.0677734375 46.82843422522691 983.4023276429382 0 0 0 0 0 0 72 18 0 0 0 0 
1655338014.321975 21.0728515625 46.97050109768447 983.4114550616578 0 0 0 0 0 0 72 18 0 0 0 0 
1655338019.4554462 21.0626953125 46.69209336903887 983.394610949658 0 0 0 0 0 0 72 18 0 0 0 0 
1655338024.5889492 21.0677734375 46.887656498490465 983.4006432046596 0 0 0 0 0 0 78 18 0 0 0 0 
1655338029.72248 21.0677734375 46.857981927236935 983.409065396753 0 0 0 0 0 0 78 18 0 0 0 0 
1655338034.855908 21.0626953125 46.74545903465403 983.4047174160172 0 0 0 0 0 0 78 18 0 0 0 0 
1655338039.989265 21.0677734375 46.917136283795685 983.424577906537 0 0 0 0 0 0 99 25 0 0 0 0 
1655338045.122123 21.0728515625 46.87581212632464 983.4006432046596 0 0 0 0 0 0 66 22 4 0 0 0 
1655338050.256082 21.0677734375 46.887656498490465 983.3976271048241 0 0 0 0 0 0 66 22 4 0 0 0 
1655338055.3895526 21.0677734375 46.946877740667965 983.424225346935 0 0 0 0 0 0 66 22 4 0 0 0 
1655338060.5230813 21.0728515625 46.887784270907865 983.3952369903362 0 0 0 0 0 0 66 22 4 0 0 0 
1655338065.6562107 21.0728515625 46.78092787708849 983.3979797714976 0 0 0 0 0 0 72 24 4 0 0 0 
1655338070.7901273 21.0525390625 46.828242086224826 983.3828200754268 0 0 0 0 0 0 72 24 4 0 0 0 
1655338075.9241667 21.0576171875 46.703814446784335 983.4047174160172 0 0 0 0 0 0 72 24 4 0 0 0 
1655338081.0583098 21.0576171875 47.059063278936144 983.3885784733466 0 0 0 0 0 0 78 26 6 0 0 0 
1655338086.1906872 21.0576171875 46.74539435224887 983.4148238848984 0 0 0 0 0 0 78 26 6 0 0 0 
1655338091.324091 21.0423828125 46.98800411272213 983.389283200553 0 0 0 0 0 0 78 26 6 0 0 0 
1655338096.4567919 21.0525390625 46.88739836513018 983.3936316240295 0 0 0 0 0 0 93 28 6 0 0 0 
1655338101.5904026 21.0525390625 46.90516402497135 983.3831727542768 0 0 0 0 0 0 93 28 6 0 0 0 
1655338106.7237244 21.0474609375 46.940501366524714 983.3906152617978 0 0 0 0 0 0 93 28 6 0 0 0 
1655338111.8571692 21.0474609375 46.780739731561276 983.3724396406308 0 0 0 0 0 0 99 30 6 0 0 0 
1655338116.9899378 21.0373046875 46.97017418376919 983.411179838925 0 0 0 0 0 0 99 30 6 0 0 0 
1655338122.1233525 21.0423828125 47.03524574264073 983.370755285024 0 0 0 0 0 0 99 30 6 0 0 0 
1655338127.2564585 21.0474609375 46.822067185068775 983.411179838925 0 0 0 0 0 0 153 40 8 0 0 0 
1655338132.3907244 21.0322265625 47.04110143833828 983.3832501721038 0 0 0 0 0 0 153 40 8 0 0 0 
1655338137.5245132 21.0322265625 46.88714251697569 983.4384813696635 0 0 0 0 0 0 147 38 8 0 0 0 
1655338142.6585188 21.0220703125 46.81601902713045 983.4139611931807 0 0 0 0 0 0 147 38 8 0 0 0 
1655338147.7929115 21.0322265625 47.02327175541367 983.4203054259332 0 0 0 0 0 0 147 38 8 0 0 0 
1655338152.9268746 21.0220703125 46.88695051773646 983.4139198939624 0 0 0 0 0 0 132 33 8 0 0 0 
1655338158.0614014 21.0169921875 46.88701452825652 983.4122768906542 0 0 0 0 0 0 132 33 8 0 0 0 
1655338163.194267 21.0119140625 46.96997940283301 983.4072239834942 0 0 0 0 0 0 132 33 8 0 0 0 
1655338168.328446 21.0169921875 47.017284933475295 983.3802751559557 0 0 0 0 0 0 126 31 8 0 0 0 
1655338173.4624467 21.0271484375 46.845436724557 983.4072239834942 0 0 0 0 0 0 126 31 8 0 0 0 
1655338178.5962389 21.0169921875 47.05268053305824 983.3886966626352 0 0 0 0 0 0 126 31 8 0 0 0 
1655338183.7320395 21.0220703125 46.99359977635927 983.355010646425 0 0 0 0 0 0 114 27 8 0 0 0 
1655338188.8669531 21.0169921875 46.98774361313841 983.3680912144 0 0 0 0 0 0 114 27 8 0 0 0 
1655338194.001499 21.0220703125 46.94635831144738 983.418269236899 0 0 0 0 0 0 114 27 8 0 0 0 
1655338199.1352458 21.0373046875 47.01169066641486 983.4196016260665 0 0 0 0 0 0 105 24 8 0 0 0 
1655338204.2693896 21.0322265625 47.023468366065735 983.3997414573934 0 0 0 0 0 0 105 24 8 0 0 0 
1655338209.4039178 21.0322265625 46.934515235024726 983.4068307842541 0 0 0 0 0 0 69 23 4 0 0 0 
1655338214.5386834 21.0423828125 46.98793900398627 983.4175651902727 0 0 0 0 0 0 69 23 4 0 0 0 
1655338219.6708596 21.0423828125 46.80430170218308 983.4266909576585 0 0 0 0 0 0 69 23 4 0 0 0 
1655338224.8034601 21.0474609375 46.82213040699184 983.4414982808313 0 0 0 0 0 0 69 23 4 0 0 0 
1655338229.9374847 21.0474609375 46.946487612481015 983.4141964482327 0 0 0 0 0 0 69 23 4 0 0 0 
1655338235.072369 21.0474609375 46.99392576660982 983.4091433356978 0 0 0 0 0 0 69 23 4 0 0 0 
1655338240.2041397 21.0525390625 46.93470876379784 983.4108277064727 0 0 0 0 0 0 75 25 2 0 0 0 
1655338245.3370516 21.0474609375 46.98800411272213 983.4104754641932 0 0 0 0 0 0 75 25 2 0 0 0 
1655338250.472039 21.0525390625 47.00583434472057 983.4172130022203 0 0 0 0 0 0 75 25 2 0 0 0 
1655338255.60029 21.0423828125 46.88147645789665 983.4391100085493 0 0 0 0 0 0 60 20 2 0 0 0 
1655338260.7322567 21.0423828125 46.97609580081765 983.4044424104727 0 0 0 0 0 0 60 20 2 0 0 0 
1655338265.867131 21.0373046875 46.91076469841458 983.4085151142189 0 0 0 0 0 0 60 20 2 0 0 0 
1655338271.0002823 21.0271484375 46.981822220012 983.3903394676821 0 0 0 0 0 0 72 22 2 0 0 0 
1655338276.1346836 21.0220703125 47.07656327298766 983.395392415015 0 0 0 0 0 0 72 22 2 0 0 0 
1655338281.265805 21.0169921875 46.9343216092899 983.4054983115718 0 0 0 0 0 0 72 22 2 0 0 0 
1655338286.3963983 21.0119140625 46.95794207313314 983.3954338692397 0 0 0 0 0 0 66 20 2 0 0 0 
1655338291.531083 21.0169921875 46.95215035452943 983.3907327221549 0 0 0 0 0 0 111 33 6 0 0 0 
1655338296.6632981 21.0169921875 46.875043756015465 983.4008384515625 0 0 0 0 0 0 105 31 6 0 0 0 
1655338301.7932186 21.0119140625 47.00537700962988 983.3978214687486 0 0 0 0 0 0 105 31 6 0 0 0 
1655338306.9282727 21.0169921875 46.875043756015465 983.4264541495882 0 0 0 0 0 0 105 31 6 0 0 0 
1655338312.0602853 21.0169921875 47.05860159918544 983.4345242344675 0 0 0 0 0 0 84 26 2 0 0 0 
1655338317.1914313 21.0119140625 47.07037756764401 983.3799976074448 0 0 0 0 0 0 84 26 2 0 0 0 
1655338322.3254585 21.0017578125 46.92222112193432 983.3863831262493 0 0 0 0 0 0 84 26 2 0 0 0 
1655338327.4599094 21.0119140625 47.070311423999094 983.3658202611779 0 0 0 0 0 0 90 28 2 0 0 0 
1655338332.5915997 21.0169921875 46.993469304845505 983.3214745287213 0 0 0 0 0 0 90 28 2 0 0 0 
1655338337.7252994 21.0119140625 46.981626935506775 983.4163484952156 0 0 0 0 0 0 90 28 2 0 0 0 
1655338342.8578873 21.0119140625 46.93425704583125 983.3914359086682 0 0 0 0 0 0 111 35 4 0 0 0 
1655338347.9897223 21.0068359375 47.10610280370088 983.3678562627733 0 0 0 0 0 0 111 35 4 0 0 0 
1655338353.1233413 21.0220703125 46.96386330418857 983.4156042106508 0 0 0 0 0 0 111 35 4 0 0 0 
1655338358.2561758 21.0220703125 46.89898575834171 983.408866944318 0 0 0 0 0 0 57 17 4 0 0 0 
1655338363.3880005 21.0271484375 47.011494494681294 983.4135681045332 0 0 0 0 0 0 57 17 4 0 0 0 
1655338368.519208 21.0373046875 46.993730204779574 983.4132162052841 0 0 0 0 0 0 57 17 4 0 0 0 
1655338373.6521275 21.0373046875 47.01155989603246 983.4081631742998 0 0 0 0 0 0 144 33 2 2 0 0 
1655338378.7831442 21.0423828125 47.017415904030614 983.4101994442536 0 0 0 0 0 0 144 33 2 2 0 0 
1655338383.9127026 21.0322265625 46.86931379195259 983.4135681045332 0 0 0 0 0 0 150 35 2 2 0 0 
1655338389.0440764 21.0322265625 46.79844280476033 983.4186210954781 0 0 0 0 0 0 150 35 2 2 0 0 
1655338394.17584 21.0322265625 46.95820134663419 983.4047944873272 0 0 0 0 0 0 150 35 2 2 0 0 
1655338399.3048813 21.0373046875 46.958266138075814 983.3960206264835 0 0 0 0 0 0 150 37 2 2 0 0 
1655338404.434451 21.0423828125 46.952409270767205 983.4407943941419 0 0 0 0 0 0 150 37 2 2 0 0 
1655338409.5676897 21.0423828125 46.77462966736081 983.4010736966667 0 0 0 0 0 0 150 37 2 2 0 0 
1655338414.6960688 21.0271484375 47.082484501174484 983.3765128568683 0 0 0 0 0 0 144 33 2 2 0 0 
1655338419.8264594 21.0271484375 46.99359977635927 983.4317439909544 0 0 0 0 0 0 144 33 2 2 0 0 
1655338424.956856 21.0271484375 46.92260772176807 983.4273944294301 0 0 0 0 0 0 144 33 2 2 0 0 
1655338430.0872273 21.0220703125 46.98169204111525 983.4139611931807 0 0 0 0 0 0 123 28 0 0 0 0 
1655338435.2176905 21.0220703125 46.958071731430586 983.4021710769647 0 0 0 0 0 0 123 28 0 0 0 0 
1655338440.348024 21.0169921875 46.88109302765351 983.4388330655623 0 0 0 0 0 0 123 28 0 0 0 0 
1655338445.4784465 21.0119140625 47.12965358868653 983.4055396812477 0 0 0 0 0 0 117 26 0 0 0 0 
1655338450.6088433 21.0169921875 46.88701452825652 983.4644494250828 0 0 0 0 0 0 117 26 0 0 0 0 
1655338455.7393475 21.0271484375 46.8691223703398 983.4240670098122 0 0 0 0 0 0 111 33 2 0 0 0 
1655338460.872395 21.0271484375 47.082484501174484 983.4341316988451 0 0 0 0 0 0 111 33 2 0 0 0 
1655338466.0000837 21.0271484375 47.03504869307319 983.3886966626352 0 0 0 0 0 0 111 33 2 0 0 0 
1655338471.129723 21.0271484375 46.928464743839925 983.408866944318 0 0 0 0 0 0 84 24 2 0 0 0 
1655338476.2636619 21.0322265625 46.7745042540479 983.3849345010877 0 0 0 0 0 0 84 24 2 0 0 0 
1655338481.3914459 21.0271484375 46.87510764176558 983.3920237833896 0 0 0 0 0 0 84 24 2 0 0 0 
1655338486.521611 21.0220703125 46.99359977635927 983.3886966626352 0 0 0 0 0 0 90 26 2 0 0 0 
1655338491.6522467 21.0271484375 47.1002481238826 983.3836437584173 0 0 0 0 0 0 90 26 2 0 0 0 
1655338496.7827244 21.0322265625 46.76883307000869 983.3802335749077 0 0 0 0 0 0 90 26 2 0 0 0 
1655338501.9124215 21.0474609375 46.927754817226415 983.3997414573934 0 0 0 0 0 0 69 19 2 0 0 0 
1655338507.043427 21.0423828125 47.08860456594606 983.3943362698957 0 0 0 0 0 0 69 19 2 0 0 0 
1655338512.1738508 21.0423828125 46.88128479125659 983.3825457757433 0 0 0 0 0 0 69 19 2 0 0 0 
1655338517.306794 21.0474609375 46.69172308101153 983.4125120773176 0 0 0 0 0 0 69 19 2 0 0 0 
1655338522.4347272 20.9966796875 47.04123290792811 983.4044424104727 0 0 0 0 0 0 69 19 2 0 0 0 
1655338527.5669186 21.0423828125 46.88739836513018 983.3956683720207 0 0 0 0 0 0 69 19 2 0 0 0 
1655338532.695448 21.0474609375 46.887334419252035 983.4229703414136 0 0 0 0 0 0 48 12 2 0 0 0 
1655338537.8250058 21.0423828125 46.780551489068564 983.3960206264835 0 0 0 0 0 0 54 14 6 0 0 0 
1655338542.952225 21.0423828125 46.76284854796125 983.389283200553 0 0 0 0 0 0 54 14 6 0 0 0 
1655338548.08623 21.0525390625 46.786536126514626 983.4155286176084 0 0 0 0 0 0 54 14 6 0 0 0 
1655338553.2169013 21.0474609375 46.88727046260024 983.4209339325931 0 0 0 0 0 0 54 14 6 0 0 0 
1655338558.344064 21.0474609375 46.89917806724651 983.392651913378 0 0 0 0 0 0 54 14 4 0 0 0 
1655338563.4776332 21.0423828125 47.01748137314832 983.4081631742998 0 0 0 0 0 0 54 14 4 0 0 0 
1655338568.6082153 21.0322265625 46.89306414281318 983.3596695736834 0 0 0 0 0 0 54 14 4 0 0 0 
1655338573.7385986 21.0271484375 46.96991445430743 983.4054983115718 0 0 0 0 0 0 48 14 4 0 0 0 
1655338578.8690794 21.0373046875 46.905035715813526 983.3916718177242 0 0 0 0 0 0 48 14 4 0 0 0 
1655338583.9994314 21.0271484375 47.04110143833828 983.4246546991923 0 0 0 0 0 0 48 14 4 0 0 0 
1655338589.1298046 21.0271484375 46.887206495174794 983.4253584177188 0 0 0 0 0 0 63 19 4 0 0 0 
1655338594.2627735 21.0322265625 46.934515235024726 983.4240257951429 0 0 0 0 0 0 63 19 4 0 0 0 
1655338599.3933764 21.0220703125 46.9936649959561 983.40718262791 0 0 0 0 0 0 63 19 4 0 0 0 
1655338604.5203817 21.0322265625 46.91076469841458 983.3866188301416 0 0 0 0 0 0 69 21 4 0 0 0 
1655338609.6474931 21.0220703125 47.06478680770258 983.4270427484539 0 0 0 0 0 0 69 21 4 0 0 0 
1655338614.7794812 21.0119140625 46.92833576323574 983.4089082858109 0 0 0 0 0 0 69 21 4 0 0 0 
1655338619.9122517 21.0119140625 47.06458870933886 983.3910843703164 0 0 0 0 0 0 51 14 0 0 0 0 
1655338625.044369 21.0169921875 46.8809011670874 983.4079271184979 0 0 0 0 0 0 51 14 0 0 0 0 
1655338630.1755733 21.0068359375 47.01708839684258 983.386031547228 0 0 0 0 0 0 51 14 0 0 0 0 
1655338635.304042 21.0068359375 47.08235201824065 983.3978214687486 0 0 0 0 0 0 51 14 0 0 0 0 
1655338640.4387057 21.0119140625 47.01708839684258 983.4281384255621 0 0 0 0 0 0 51 14 0 0 0 0 
1655338645.5691926 21.0119140625 46.94004902334178 983.4348755301584 0 0 0 0 0 0 51 14 0 0 0 0 
1655338650.6989095 21.0017578125 47.08215321304147 983.4224548756714 0 0 0 0 0 0 51 14 0 0 0 0 
1655338655.8304985 21.0068359375 47.052548663128974 983.3749448671664 0 0 0 0 0 0 51 14 0 0 0 0 
1655338660.96143 20.9966796875 46.92228558217385 983.408629814264 0 0 0 0 0 0 57 16 0 0 0 0 
1655338666.0941455 20.9966796875 46.945840676373145 983.4187353038568 0 0 0 0 0 0 57 16 0 0 0 0 
1655338671.2260263 20.9916015625 47.15885508877678 983.3773318855503 0 0 0 0 0 0 57 16 0 0 0 0 
1655338676.3595788 20.9966796875 46.880837192018014 983.4214013220867 0 0 0 0 0 0 72 21 0 0 0 0 
1655338681.4871032 21.0017578125 46.99333879023828 983.4062428433646 0 0 0 0 0 0 72 21 0 0 0 0 
1655338686.61783 21.0119140625 46.8691223703398 983.3695405227392 0 0 0 0 0 0 72 21 0 0 0 0 
1655338691.745068 21.0068359375 46.92235003163981 983.3995057435317 0 0 0 0 0 0 78 23 0 0 0 0 
1655338696.872231 21.0119140625 47.105836667435696 983.3547339123563 0 0 0 0 0 0 78 23 0 0 0 0 
1655338701.9991362 21.0017578125 46.91636441450279 983.3665236347697 0 0 0 0 0 0 75 18 2 0 0 0 
1655338707.1329296 21.0119140625 47.11774501853854 983.3547339123563 0 0 0 0 0 0 75 18 2 0 0 0 
1655338712.2640593 21.0017578125 46.95202083176969 983.3577507044496 0 0 0 0 0 0 75 18 2 0 0 0 
1655338717.3973796 21.0119140625 46.96978452493599 983.3637841227294 0 0 0 0 0 0 69 16 2 0 0 0 
1655338722.530532 21.0068359375 46.910507550449445 983.4011900183848 0 0 0 0 0 0 69 16 2 0 0 0 
1655338727.6633048 21.0068359375 47.052548663128974 983.368207881109 0 0 0 0 0 0 69 16 2 0 0 0 
1655338732.7923193 21.0169921875 47.05268053305824 983.409259894662 0 0 0 0 0 0 42 12 2 0 0 0 
1655338737.9248037 21.0220703125 47.04090415315429 983.3826629988524 0 0 0 0 0 0 42 12 2 0 0 0 
1655338743.0573974 21.0169921875 46.92247889825106 983.35066180326 0 0 0 0 0 0 42 12 2 0 0 0 
1655338748.189585 21.0169921875 46.922414470332214 983.4257513128292 0 0 0 0 0 0 63 14 2 0 0 0 
1655338753.320333 21.0271484375 46.845563807557205 983.3886966626352 0 0 0 0 0 0 63 14 2 0 0 0 
1655338758.454335 21.0220703125 46.90471475438089 983.3894000958835 0 0 0 0 0 0 63 14 2 0 0 0 
1655338763.586494 21.0119140625 47.05268053305824 983.4004867749285 0 0 0 0 0 0 57 14 2 0 0 0 
1655338768.7201552 21.0119140625 47.10004877345134 983.3816818543444 0 0 0 0 0 0 57 14 2 0 0 0 
1655338773.8502758 21.0119140625 47.06458870933886 983.3920652657973 0 0 0 0 0 0 57 14 2 0 0 0 
1655338778.985325 21.0119140625 46.94024294934695 983.3916718177242 0 0 0 0 0 0 63 16 0 0 0 0 
1655338784.1162357 21.0220703125 47.04689114792935 983.3752222527887 0 0 0 0 0 0 102 24 2 0 0 0 
1655338789.24856 21.0119140625 46.92833576323574 983.3526979262334 0 0 0 0 0 0 96 22 2 0 0 0 
1655338794.3784244 21.0119140625 47.07037756764401 983.3745933030566 0 0 0 0 0 0 96 22 2 0 0 0 
1655338799.510008 21.0017578125 46.92807767274482 983.3567697616315 0 0 0 0 0 0 96 22 2 0 0 0 
1655338804.643716 20.9966796875 46.910314576352874 983.361822458929 0 0 0 0 0 0 75 20 0 0 0 0 
1655338809.7775035 20.9966796875 47.07609986853663 983.3719278554156 0 0 0 0 0 0 75 20 0 0 0 0 
1655338814.9121826 20.9916015625 47.07616610149191 983.3534012971165 0 0 0 0 0 0 75 20 0 0 0 0 
1655338820.0472023 20.9916015625 46.95755283967767 983.3908056446842 0 0 0 0 0 0 75 18 0 0 0 0 
1655338825.180626 20.9916015625 47.06425832993589 983.3773318855503 0 0 0 0 0 0 75 18 0 0 0 0 
1655338830.312592 20.9916015625 47.04057512904958 983.3490516138805 0 0 0 0 0 0 75 18 0 0 0 0 
1655338835.440981 20.9966796875 47.09971630727106 983.3372621815455 0 0 0 0 0 0 69 16 0 0 0 0 
1655338840.5727148 20.9814453125 47.022812620160614 983.3672265691417 0 0 0 0 0 0 69 16 0 0 0 0 
1655338845.70519 20.9814453125 46.963538631066534 983.369613256428 0 0 0 0 0 0 69 16 0 0 0 0 
1655338850.8395798 20.9814453125 47.005050018508015 983.3705950076646 0 0 0 0 0 0 81 20 0 0 0 0 
1655338855.9725425 20.9865234375 46.922156650921245 983.3116473739673 0 0 0 0 0 0 81 20 0 0 0 0 
1655338861.1003463 20.9916015625 46.999129130676344 983.3557884338985 0 0 0 0 0 0 81 20 0 0 0 0 
1655338866.232751 20.9966796875 46.83945179745382 983.3597866501133 0 0 0 0 0 0 78 22 4 0 0 0 
1655338871.3632038 21.0068359375 47.05248271200452 983.3786647878075 0 0 0 0 0 0 78 22 4 0 0 0 
1655338876.4950814 21.0068359375 46.9340632908141 983.4028742933082 0 0 0 0 0 0 78 22 4 0 0 0 
1655338881.6297884 21.0068359375 46.86899470206275 983.4109441834921 0 0 0 0 0 0 78 22 4 0 0 0 
1655338886.7639437 21.0017578125 47.01110186033468 983.3792944507571 0 0 0 0 0 0 78 22 4 0 0 0 
1655338891.897247 21.0119140625 47.052548663128974 983.3742416291395 0 0 0 0 0 0 84 24 6 0 0 0 
1655338897.028178 21.0017578125 46.951826466828976 983.3931201696147 0 0 0 0 0 0 84 24 6 0 0 0 
1655338902.161721 21.0017578125 46.92833576323574 983.4311556549162 0 0 0 0 0 0 84 24 6 0 0 0 
1655338907.294366 21.0017578125 47.01103638357031 983.3870859548732 0 0 0 0 0 0 90 26 6 0 0 0 
1655338912.4263642 21.0119140625 46.94017831811875 983.3715763739975 0 0 0 0 0 0 90 26 6 0 0 0 
1655338917.5573742 21.0169921875 46.97577077321596 983.387364146246 0 0 0 0 0 0 90 26 6 0 0 0 
1655338922.688912 21.0169921875 46.92254331539633 983.3600635470701 0 0 0 0 0 0 96 28 8 0 0 0 
1655338927.822452 21.0220703125 46.999521081101 983.3987610469204 0 0 0 0 0 0 96 28 8 0 0 0 
1655338932.9532762 21.0119140625 46.90471475438089 983.3924170102142 0 0 0 0 0 0 96 28 8 0 0 0 
1655338938.0865176 21.0119140625 47.105836667435696 983.3978214687486 0 0 0 0 0 0 63 21 8 0 0 0 
1655338943.2208982 21.0068359375 47.04083836987982 983.3732606205468 0 0 0 0 0 0 63 21 8 0 0 0 
1655338948.355499 21.0068359375 46.98748294118064 983.3779618236185 0 0 0 0 0 0 72 22 2 0 0 0 
1655338953.4901986 21.0119140625 46.94017831811875 983.3620998358607 0 0 0 0 0 0 72 22 2 0 0 0 
1655338958.6241815 21.0169921875 46.83945179745382 983.3941012983439 0 0 0 0 0 0 72 22 2 0 0 0 
1655338963.7538626 21.0068359375 46.85715217087731 983.3611192236106 0 0 0 0 0 0 72 22 0 0 0 0 
1655338968.8876855 21.0119140625 46.95774750488599 983.3830146049868 0 0 0 0 0 0 72 22 0 0 0 0 
1655338974.0206456 21.0017578125 46.80373404996496 983.4069455662435 0 0 0 0 0 0 72 22 0 0 0 0 
1655338979.1542702 21.0017578125 47.08800773439176 983.3756476659739 0 0 0 0 0 0 84 24 0 0 0 0 
1655338984.2885947 20.9966796875 46.87472416565951 983.3655423499856 0 0 0 0 0 0 84 24 0 0 0 0 
1655338989.4223638 20.9966796875 47.10577010643675 983.3799976074448 0 0 0 0 0 0 84 24 0 0 0 0 
1655338994.556129 20.9916015625 46.85702473059524 983.4035770704131 0 0 0 0 0 0 78 22 0 0 0 0 
1655338999.689883 20.9966796875 47.14721528045267 983.3749448671664 0 0 0 0 0 0 78 22 0 0 0 0 
1655339004.8240535 21.0017578125 46.92814221152786 983.4069455662435 0 0 0 0 0 0 78 22 0 0 0 0 
1655339009.957713 21.0017578125 47.09386209913471 983.4089809974394 0 0 0 0 0 0 84 24 0 0 0 0 
1655339015.0913723 20.9916015625 46.86300965909705 983.4009109669764 0 0 0 0 0 0 84 24 0 0 0 0 
1655339020.224795 21.0068359375 47.105903217661584 983.408629814264 0 0 0 0 0 0 84 24 0 0 0 0 
1655339025.3591092 21.0068359375 46.92228558217385 983.4049099982008 0 0 0 0 0 0 105 31 0 0 0 0 
1655339030.4920087 20.9966796875 47.21826297516134 983.3951558320628 0 0 0 0 0 0 60 18 6 0 0 0 
1655339035.6257458 20.9966796875 46.86899470206275 983.4166998302192 0 0 0 0 0 0 72 22 6 0 0 0 
1655339040.7586668 21.0017578125 46.981431554040974 983.4119983105147 0 0 0 0 0 0 72 22 6 0 0 0 
1655339045.8923295 20.9966796875 46.892615519357015 983.4069455662435 0 0 0 0 0 0 72 22 6 0 0 0 
1655339051.0251217 21.0068359375 47.070179104389794 983.3655423499856 0 0 0 0 0 0 81 25 6 0 0 0 
1655339056.1588385 21.0017578125 46.85702473059524 983.3897516477919 0 0 0 0 0 0 81 25 6 0 0 0 
1655339061.2931266 20.9916015625 46.91037891182532 983.4103140623542 0 0 0 0 0 0 81 25 6 0 0 0 
1655339066.4268267 20.9966796875 47.10577010643675 983.3870859548732 0 0 0 0 0 0 75 23 6 0 0 0 
1655339071.5611336 21.0017578125 46.797938896497584 983.3961371940354 0 0 0 0 0 0 75 23 6 0 0 0 
1655339076.6948543 21.0017578125 47.07623232367405 983.3901030898929 0 0 0 0 0 0 75 23 6 0 0 0 
1655339081.8287714 21.0068359375 46.91649316712068 983.3776101768146 0 0 0 0 0 0 81 25 6 0 0 0 
1655339086.9617405 21.0119140625 46.797938896497584 983.3806269952688 0 0 0 0 0 0 81 25 6 0 0 0 
1655339092.095507 21.0220703125 46.881029084905144 983.4004867749285 0 0 0 0 0 0 81 25 6 0 0 0 
1655339097.2292383 21.0220703125 47.0173504241396 983.3903809641811 0 0 0 0 0 0 69 21 4 0 0 0 
1655339102.3623335 21.0322265625 46.80423867280993 983.4199535809108 0 0 0 0 0 0 69 21 4 0 0 0 
1655339107.4954667 21.0271484375 46.83976913915317 983.3748285282345 0 0 0 0 0 0 69 21 4 0 0 0 
1655339112.6292572 21.0220703125 47.005573075023015 983.4038139953041 0 0 0 0 0 0 93 29 6 0 0 0 
1655339117.7623386 21.0271484375 47.11195732691193 983.3954338692397 0 0 0 0 0 0 93 29 6 0 0 0 
1655339122.8966742 21.0220703125 47.017284933475295 983.4210499179432 0 0 0 0 0 0 99 31 6 0 0 0 
1655339128.0309591 21.0220703125 47.029127450182386 983.4240670098122 0 0 0 0 0 0 99 31 6 0 0 0 
1655339133.1646 21.0169921875 46.863328463993554 983.4489390543874 0 0 0 0 0 0 99 31 6 0 0 0 
1655339138.2987952 21.0169921875 46.94622896731978 983.3839955706175 0 0 0 0 0 0 87 27 4 0 0 0 
1655339143.4317176 21.0169921875 47.05873356155156 983.4328399446568 0 0 0 0 0 0 87 27 4 0 0 0 
1655339148.5661 21.0169921875 46.88688649644274 983.4476062410375 0 0 0 0 0 0 87 27 4 0 0 0 
1655339153.7003038 21.0271484375 47.029127450182386 983.4172885274091 0 0 0 0 0 0 93 29 6 0 0 0 
1655339158.8339975 21.0220703125 46.964057978780424 983.4206571611361 0 0 0 0 0 0 93 29 6 0 0 0 
1655339163.9670458 21.0220703125 46.792143418526805 983.420698403988 0 0 0 0 0 0 93 29 6 0 0 0 
1655339169.1007445 21.0169921875 46.99353454598907 983.4089082858109 0 0 0 0 0 0 87 27 6 0 0 0 
1655339174.234441 21.0169921875 46.99359977635927 983.4004867749285 0 0 0 0 0 0 87 27 6 0 0 0 
1655339179.3676217 21.0169921875 46.82194070890114 983.4105512607962 0 0 0 0 0 0 87 27 6 0 0 0 
1655339184.500977 21.0119140625 47.02314062777922 983.387364146246 0 0 0 0 0 0 87 25 6 0 0 0 
1655339189.6346505 21.0119140625 47.10610280370088 983.3961371940354 0 0 0 0 0 0 87 25 6 0 0 0 
1655339194.7682698 21.0119140625 46.786159008622 983.4237880495987 0 0 0 0 0 0 24 8 0 0 0 0 
1655339199.9010625 21.0068359375 47.12353238571598 983.4204195523672 0 0 0 0 0 0 24 8 0 0 0 0 
1655339205.0371048 21.0017578125 46.91044323652418 983.4234368786279 0 0 0 0 0 0 24 8 0 0 0 0 
1655339210.1722937 21.0017578125 46.93399868426134 983.3975425259322 0 0 0 0 0 0 36 12 0 0 0 0 
1655339215.3065925 20.9916015625 46.88663030353129 983.4106652319732 0 0 0 0 0 0 36 12 0 0 0 0 
1655339220.4401543 21.0017578125 46.833466984815935 983.4204195523672 0 0 0 0 0 0 36 12 0 0 0 0 
1655339225.5740316 21.0017578125 46.975575627374 983.4352267160399 0 0 0 0 0 0 42 14 0 0 0 0 
1655339230.7076674 21.0017578125 47.14721528045267 983.4456832884322 0 0 0 0 0 0 42 14 0 0 0 0 
1655339235.8413973 21.0068359375 46.9340632908141 983.4288407959712 0 0 0 0 0 0 42 14 0 0 0 0 
1655339240.9749105 21.0017578125 46.98156181912491 983.4157179359951 0 0 1 0 0 1 36 12 2 2 2 2 
1655339246.1083534 21.0119140625 47.105903217661584 983.4328399446568 0 0 1 0 0 1 36 12 2 2 2 2 
1655339251.241962 21.0220703125 46.88695051773646 983.429822701606 0 0 1 0 0 1 36 12 2 2 2 2 
1655339256.3762429 21.0119140625 46.95774750488599 983.4432969124796 0 0 1 0 0 1 48 16 4 2 2 2 
1655339261.5093408 21.0119140625 47.01715391982678 983.3998572141007 0 0 1 0 0 1 48 16 4 2 2 2 
1655339266.6433303 21.0119140625 46.99340405292858 983.4146642197319 0 0 1 0 0 1 48 16 4 2 2 2 
1655339271.7765272 21.0169921875 46.792143418526805 983.4247698736842 0 0 1 0 0 1 60 20 4 2 2 2 
1655339276.9102476 21.0119140625 46.95787722782421 983.4075756059021 0 0 0 0 0 0 99 25 2 0 0 0 
1655339282.0468633 21.0017578125 47.1178116935165 983.4082785212844 0 0 0 0 0 0 99 25 2 0 0 0 
1655339287.1811774 21.0119140625 46.845436724557 983.4331912539042 0 0 0 0 0 0 99 25 2 0 0 0 
1655339292.3148632 21.0119140625 47.11189073046946 983.4294713652457 0 0 0 0 0 0 93 23 2 0 0 0 
1655339297.4491901 21.0271484375 46.90477896821462 983.4345242344675 0 0 0 0 0 0 93 23 2 0 0 0 
1655339302.5830994 21.0119140625 46.96978452493599 983.4214013220867 0 0 0 0 0 0 93 23 2 0 0 0 
1655339307.7168417 21.0119140625 47.02294385552791 983.4517182965521 0 0 0 0 0 0 66 16 2 0 0 0 
1655339312.8506668 21.0220703125 46.74477088999938 983.3978214687486 0 0 0 0 0 0 66 16 2 0 0 0 
1655339317.9843748 21.0169921875 47.09951669828596 983.4004867749285 0 0 0 0 0 0 66 16 2 0 0 0 
1655339323.1175404 21.0220703125 46.74489566864162 983.3722055581235 0 0 0 0 0 0 72 18 2 0 0 0 
1655339328.2519014 21.0220703125 46.91675054307354 983.4304114101349 0 0 0 0 0 0 72 18 2 0 0 0 
1655339333.3859904 21.0169921875 47.11195732691193 983.4122355773444 0 0 0 0 0 0 72 18 2 0 0 0 
1655339338.5203643 21.0169921875 46.880965131383114 983.411295668975 0 0 0 0 0 0 66 18 2 0 0 0 
1655339343.6534848 21.0068359375 46.83938829679259 983.4348755301584 0 0 0 0 0 0 66 18 2 0 0 0 
1655339348.787836 21.0017578125 47.12359915000217 983.4018928226029 0 0 0 0 0 0 66 18 2 0 0 0 
1655339353.9226136 20.9966796875 46.9932082325376 983.3941740851682 None None None None None None None None None None None None 
1655339359.057058 21.0119140625 46.79208047083443 983.408629814264 0 0 0 0 0 0 63 12 4 0 0 0 
1655339364.1915903 21.0169921875 46.98156181912491 983.3961371940354 0 0 0 0 0 0 63 12 4 0 0 0 
1655339369.3256066 21.0220703125 46.981757135950325 983.4025227400423 0 0 0 0 0 0 63 12 4 0 0 0 
1655339374.4585917 21.0220703125 47.01715391982678 983.4219897564585 0 0 0 0 0 0 78 17 2 0 0 0 
1655339379.5917037 21.0220703125 46.981822220012 983.397469874813 0 0 0 0 0 0 78 17 2 0 0 0 
1655339384.724709 21.0169921875 47.06452265500461 983.3937495674833 0 0 0 0 0 0 78 17 2 0 0 0 
1655339389.856641 21.0169921875 46.82175091384595 983.3489775305081 0 0 0 0 0 0 90 21 2 0 0 0 
1655339394.9909933 21.0119140625 46.76266085081085 983.4270427484539 0 0 0 0 0 0 90 21 2 0 0 0 
1655339400.1252067 21.0119140625 47.13557452080952 983.3843472730051 0 0 0 0 0 0 90 21 2 0 0 0 
1655339405.2597523 21.0119140625 46.82760902764565 983.3776101768146 0 0 0 0 0 0 90 21 2 0 0 0 
1655339410.3937576 21.0119140625 46.82175091384595 983.387364146246 0 0 0 0 0 0 90 21 2 0 0 0 
1655339415.5272574 21.0119140625 46.9343216092899 983.355010646425 0 0 0 0 0 0 90 21 2 0 0 0 
1655339420.6608112 21.0220703125 47.05261460348021 983.387364146246 0 0 0 0 0 0 105 28 2 0 0 0 
1655339425.7945209 21.0220703125 46.98754812533015 983.3701693502522 0 0 0 0 0 0 105 28 2 0 0 0 
1655339430.9287076 21.0220703125 46.70930304870764 983.3604155490622 0 0 0 0 0 0 105 28 2 0 0 0 
1655339436.062038 21.0220703125 46.780237536101794 983.4055396812477 0 0 0 0 0 0 171 51 2 0 0 0 
1655339441.196242 21.0271484375 46.92260772176807 983.3916718177242 0 0 0 0 0 0 171 51 2 0 0 0 
1655339446.329227 21.0322265625 46.83964223479478 983.3624517144837 0 0 0 0 0 0 81 21 0 0 0 0 
1655339451.4629874 21.0271484375 46.81601902713045 983.3950404764626 0 0 0 0 0 0 81 21 0 0 0 0 
1655339456.5973 21.0220703125 46.934386161975034 983.3987610469204 0 0 0 0 0 0 81 21 0 0 0 0 
1655339461.7302554 21.0322265625 47.06465475289993 983.4219897564585 0 0 0 0 0 0 81 21 0 0 0 0 
1655339466.864534 21.0322265625 47.04096992565552 983.4038139953041 0 0 0 0 0 0 81 21 0 0 0 0 
1655339471.99877 21.0220703125 46.79226928158981 983.3785492596907 0 0 0 0 0 0 81 21 0 0 0 0 
1655339477.131594 21.0271484375 47.02327175541367 983.3853280597534 0 0 0 0 0 0 75 21 0 0 0 0 
1655339482.2657177 21.0220703125 46.999521081101 983.408866944318 0 0 0 0 0 0 75 21 0 0 0 0 
1655339487.3993378 21.0169921875 47.00531163295218 983.3695405227392 0 0 0 0 0 0 75 21 0 0 0 0 
1655339492.5323486 21.0271484375 46.863328463993554 983.4219897564585 0 0 0 0 0 0 69 21 0 0 0 0 
1655339497.6667008 21.0220703125 46.833720651723866 983.3991541631527 0 0 0 0 0 0 69 21 0 0 0 0 
1655339502.7996025 21.0169921875 46.940113676117015 983.4042070285922 0 0 0 0 0 0 69 21 0 0 0 0 
1655339507.9324749 21.0119140625 46.732865384860084 983.3971181710658 0 0 0 0 0 0 63 19 0 0 0 0 
1655339513.0667489 21.0068359375 46.92228558217385 983.3496811752298 0 0 0 0 0 0 63 19 0 0 0 0 
1655339518.200465 21.0068359375 47.12366590351535 983.3783133606153 0 0 0 0 0 0 111 29 2 0 0 0 
1655339523.3346698 21.0068359375 47.02886483766321 983.4002085748627 0 0 0 0 0 0 111 29 2 0 0 0 
1655339528.4688675 21.0068359375 46.928206739537366 983.3948044306312 0 0 0 0 0 0 111 29 2 0 0 0 
1655339533.6024745 21.0017578125 47.11774501853854 983.372279227031 0 0 0 0 0 0 102 25 2 0 0 0 
1655339538.7360754 21.0017578125 47.11182412325395 983.4069455662435 0 0 0 0 0 0 102 25 2 0 0 0 
1655339543.8695755 21.0017578125 46.99333879023828 983.4018928226029 0 0 0 0 0 0 102 25 2 0 0 0 
1655339549.0038633 21.0068359375 47.14142849659911 983.3931201696147 0 0 0 0 0 0 96 23 2 0 0 0 
1655339554.1381617 20.9966796875 46.9813664053389 983.3894000958835 0 0 0 0 0 0 96 23 2 0 0 0 
1655339559.2722464 21.0068359375 46.88682246437536 983.3894000958835 0 0 0 0 0 0 96 23 2 0 0 0 
1655339564.4047914 21.0017578125 47.07636473571892 983.3910843703164 0 0 0 0 0 0 96 23 2 0 0 0 
1655339569.5384557 21.0017578125 47.153337255330406 983.368207881109 0 0 0 0 0 0 96 23 2 0 0 0 
1655339574.672294 20.9916015625 46.8924230905569 983.3739634464674 0 0 0 0 0 0 96 23 2 0 0 0 
1655339579.806681 20.9865234375 47.0109053977216 983.3908056446842 0 0 0 0 0 0 96 23 2 0 0 0 
1655339584.9398088 20.9865234375 47.06425832993589 983.3682801472073 0 0 0 0 0 0 96 23 2 0 0 0 
1655339590.074159 20.9865234375 46.99906376789884 983.3982445330737 0 0 0 0 0 0 96 23 2 0 0 0 
1655339595.2079139 20.9916015625 46.89847246055622 983.3709462830366 0 0 0 0 0 0 81 19 2 0 0 0 
1655339600.3411374 20.9916015625 47.058337545174915 983.364209460497 0 0 0 0 0 0 57 17 4 0 0 0 
1655339605.475615 20.9916015625 46.96958955007809 983.3880673869855 0 0 0 0 0 0 57 17 4 0 0 0 
1655339610.6090171 20.9916015625 47.099782822053264 983.3494029556886 0 0 0 0 0 0 57 17 4 0 0 0 
1655339615.7421517 20.9916015625 46.86294586579659 983.3749448671664 0 0 0 0 0 0 57 17 4 0 0 0 
1655339620.875031 20.9916015625 46.93386943883521 983.3790161051969 0 0 0 0 0 0 69 19 4 0 0 0 
1655339626.0093684 20.9865234375 46.88663030353129 983.3672265691417 0 0 0 0 0 0 69 19 4 0 0 0 
1655339631.1436908 20.9865234375 47.08794136590909 983.3588054740609 0 0 0 0 0 0 69 19 4 0 0 0 
1655339636.2768192 20.9966796875 47.005115438279056 983.3799976074448 0 0 0 0 0 0 84 24 2 0 0 0 
1655339641.4106247 20.9814453125 47.09372919432338 983.3460345732125 0 0 0 0 0 0 84 24 2 0 0 0 
1655339646.5443852 20.9916015625 46.95768262725667 983.3739634464674 0 0 0 0 0 0 84 24 2 0 0 0 
1655339651.6780386 20.9814453125 47.022812620160614 983.3221043450151 0 0 0 0 0 0 93 22 2 0 0 0 
1655339656.811089 20.9814453125 46.92801312318824 983.3460345732125 0 0 0 0 0 0 93 22 2 0 0 0 
1655339661.9441948 20.9814453125 47.004919146645925 983.3426661910167 0 0 0 0 0 0 93 22 2 0 0 0 
1655339667.0785573 20.9712890625 46.927819409877195 983.3433686537006 0 0 0 0 0 0 108 27 2 0 0 0 
1655339672.2130172 20.9662109375 46.92769021380209 983.3555087745841 0 0 0 0 0 0 108 27 2 0 0 0 
1655339677.3472264 20.9712890625 47.28896571637323 983.3366319986001 0 0 0 0 0 0 108 27 2 0 0 0 
1655339682.4815214 20.9662109375 46.89165240572839 983.163807837372 0 0 0 0 0 0 78 24 2 0 0 0 
1655339687.6154814 20.9712890625 47.14687994219574 983.33157950801 0 0 0 0 0 0 78 24 2 0 0 0 
1655339692.7494335 20.9712890625 47.09359624641968 983.3753677807312 0 0 0 0 0 0 78 24 2 0 0 0 
1655339697.8837948 20.9662109375 47.20608306953175 983.3400003260102 0 0 0 0 0 0 78 24 2 0 0 0 
1655339703.0178435 20.9662109375 46.95735807750817 983.3352989694372 0 0 0 0 0 0 78 24 2 0 0 0 
1655339708.1512945 20.9611328125 47.18226691843378 983.3390182671316 0 0 0 0 0 0 66 20 2 0 0 0 
1655339713.28576 20.9560546875 47.25929661557356 983.3609120487522 0 0 0 0 0 0 66 20 2 0 0 0 
1655339718.4196424 20.9611328125 47.075702244568944 983.354876921009 0 0 0 0 0 0 66 20 2 0 0 0 
1655339723.552785 20.9662109375 47.22976403189466 983.3693327371425 0 0 0 0 0 0 60 18 2 0 0 0 
1655339728.685689 20.9611328125 47.04616631247016 983.3524913621128 0 0 0 0 0 0 60 18 2 0 0 0 
1655339733.8201354 20.9611328125 47.15266595507168 983.3585261317738 0 0 0 0 0 0 60 18 2 0 0 0 
1655339738.9538147 20.9712890625 47.075967370306635 983.3581750773353 0 0 0 0 0 0 48 14 2 0 0 0 
1655339744.0864382 20.9814453125 47.19431015779154 983.3750168618561 0 0 0 0 0 0 48 14 2 0 0 0 
1655339749.2206585 20.9865234375 47.21805936517807 983.3662448722711 0 0 0 0 0 0 48 14 2 0 0 0 
1655339754.3548272 21.0068359375 47.11774501853854 983.3708730817447 0 0 0 0 0 0 48 14 2 0 0 0 
1655339759.4884627 21.0119140625 47.170965316647575 983.3429441933752 0 0 0 0 0 0 48 14 2 0 0 0 
1655339764.6218474 21.0068359375 47.00524624550114 983.3813303444607 0 0 0 0 0 0 84 18 2 0 0 0 
1655339769.7557292 21.0119140625 47.05873356155156 983.3432205473712 0 0 0 0 0 0 84 18 2 0 0 0 
1655339774.88874 21.0119140625 47.01715391982678 983.3620998358607 0 0 0 0 0 0 84 18 2 0 0 0 
1655339780.0217845 21.0068359375 46.98149669196964 983.3590831680694 0 0 0 0 0 0 78 16 2 0 0 0 
1655339785.156561 21.0119140625 46.96978452493599 983.3459608895926 0 0 0 0 0 0 78 16 2 0 0 0 
1655339790.291128 21.0068359375 47.1947832750986 983.3418883989003 0 0 0 0 0 0 78 16 2 0 0 0 
1655339795.4253898 21.0017578125 47.005115438279056 983.35066180326 0 0 0 0 0 0 66 14 2 0 0 0 
1655339800.5553236 21.0017578125 47.01097089603261 983.3463126841624 0 0 0 0 0 0 66 14 2 0 0 0 
1655339805.687426 21.0068359375 46.951891265916025 983.3472932578264 0 0 0 0 0 0 66 14 2 0 0 0 
1655339810.8171024 21.0017578125 46.85715217087731 983.383366101314 0 0 0 0 0 0 60 12 2 0 0 0 
1655339815.9510846 21.0017578125 47.022878243230906 983.3564181582052 0 0 0 0 0 0 60 12 2 0 0 0 
1655339821.0798755 20.9966796875 46.92807767274482 983.3183842420472 0 0 0 0 0 0 60 12 2 0 0 0 
1655339826.212017 20.9865234375 47.07011292842541 983.3503843807312 0 0 0 0 0 0 54 14 2 0 0 0 
1655339831.3436396 20.9814453125 47.02853632961567 983.3204201413064 0 0 0 0 0 0 54 14 2 0 0 0 
1655339836.4728267 20.9865234375 47.046298197694476 983.3400003260102 0 0 0 0 0 0 54 14 2 0 0 0 
1655339841.6063423 20.9814453125 46.95156716274598 983.3409820000238 0 0 0 0 0 0 66 16 2 0 0 0 
1655339846.737998 20.9814453125 47.08188798861882 983.3217526765073 0 0 0 0 0 0 111 28 4 2 0 0 
1655339851.8653216 20.9814453125 47.12333202821934 983.3426661910167 0 0 0 0 0 0 90 28 2 0 0 0 
1655339856.9981456 20.9763671875 47.0995832453874 983.329192665035 0 0 0 0 0 0 90 28 2 0 0 0 
1655339862.1283998 20.9966796875 47.064390514016594 983.3298220533575 0 0 0 0 0 0 90 28 2 0 0 0 
1655339867.2613196 21.0017578125 46.99906376789884 983.3082789403475 0 0 0 0 0 0 84 26 2 0 0 0 
1655339872.3950567 21.0068359375 46.934127886593345 983.3251211112479 0 0 0 0 0 0 84 26 2 0 0 0 
1655339877.5278661 21.0017578125 47.01097089603261 983.3247693600524 0 0 0 0 0 0 84 26 2 0 0 0 
1655339882.6619005 20.9916015625 46.90426495588369 983.314312032996 0 0 0 0 0 0 84 26 2 0 0 0 
1655339887.7925272 21.0017578125 46.94004902334178 983.3220291760065 0 0 0 0 0 0 84 26 2 0 0 0 
1655339892.9257982 20.9916015625 47.11162423696916 983.2725582328125 0 0 0 0 0 0 84 26 2 0 0 0 
1655339898.0585468 20.9916015625 46.94577592350814 983.3183842420472 0 0 0 0 0 0 90 28 2 0 0 0 
1655339903.1889043 20.9966796875 46.85116724284193 983.3180324366261 0 0 0 0 0 0 90 28 2 0 0 0 
1655339908.3214538 20.9916015625 46.84518242927133 983.3163482059446 0 0 0 0 0 0 90 28 2 0 0 0 
1655339913.4552155 20.9865234375 46.933804799961855 983.3089823844672 0 0 0 0 0 0 90 30 2 0 0 0 
1655339918.5875099 20.9916015625 46.82735550254708 983.32582428424 0 0 0 0 0 0 90 30 2 0 0 0 
1655339923.7188075 20.9763671875 46.95156716274598 983.3080012269248 0 0 0 0 0 0 90 30 2 0 0 0 
1655339928.8530989 20.9712890625 47.06392768120358 983.3204201413064 0 0 0 0 0 0 108 29 0 0 0 0 
1655339933.9868152 20.9763671875 47.170696026509816 983.315719143536 0 0 0 0 0 0 108 29 0 0 0 0 
1655339939.1211038 20.9712890625 47.01656382513004 983.3089823844672 0 0 0 0 0 0 123 34 0 0 0 0 
1655339944.2543113 20.9712890625 47.1764816346903 983.311018117938 0 0 0 0 0 0 123 34 0 0 0 0 
1655339949.3880928 20.9662109375 47.11721123088587 983.3231586917609 0 0 0 0 0 0 123 34 0 0 0 0 
1655339954.5211205 20.9611328125 47.200027372783225 983.3137562261231 0 0 0 0 0 0 123 32 0 0 0 0 
1655339959.654826 20.9611328125 47.093396743765894 983.260215449533 0 0 0 0 0 0 123 32 0 0 0 0 
1655339964.7890077 20.9611328125 47.05787503588868 983.3090549515764 0 0 0 0 0 0 123 32 0 0 0 0 
1655339969.9232566 20.9560546875 47.06971564640274 983.3070196845156 0 0 0 0 0 0 96 23 0 0 0 0 
1655339975.057004 20.9662109375 47.08754292877769 983.326878220269 0 0 0 0 0 0 96 23 0 0 0 0 
1655339980.1904213 20.9662109375 46.91584897308814 983.2999318346975 0 0 0 0 0 0 96 23 0 0 0 0 
1655339985.3246791 20.9611328125 47.123198402689844 983.284422959567 0 0 0 0 0 0 90 23 0 0 0 0 
1655339990.4578714 20.9560546875 47.02833909550789 983.2723556096786 0 0 0 0 0 0 90 23 0 0 0 0 
1655339995.5915394 20.9560546875 47.004657273641705 983.3083525782625 0 0 0 0 0 0 90 23 0 0 0 0 
1655340000.7257605 20.9458984375 46.957163218377445 983.257198652407 0 0 0 0 0 0 81 21 0 0 0 0 
1655340005.8594134 20.9509765625 47.26507976850734 983.2989502221833 0 0 0 0 0 0 81 21 0 0 0 0 
1655340010.9933002 20.9458984375 46.992620189602754 983.2912318486996 0 0 0 0 0 0 96 30 2 0 0 0 
1655340016.127053 20.9509765625 47.11694407850678 983.3060377572588 0 0 0 0 0 0 96 30 2 0 0 0 
1655340021.2600288 20.9458984375 47.087343564774976 983.2865305595451 0 0 0 0 0 0 96 30 2 0 0 0 
1655340026.3937695 20.9458984375 47.03991627284721 983.3367024093338 0 0 0 0 0 0 117 35 2 0 0 0 
1655340031.5265112 20.9357421875 47.306312282569905 983.2932668806119 0 0 0 0 0 0 117 35 2 0 0 0 
1655340036.6602478 20.9306640625 47.140490121082394 983.290249575259 0 0 0 0 0 0 117 35 2 0 0 0 
1655340041.7943919 20.9306640625 47.08129060343988 983.2804960031405 0 0 0 0 0 0 90 28 2 0 0 0 
1655340046.9286792 20.9306640625 47.21139232981736 983.2606382551576 0 0 0 0 0 0 90 28 2 0 0 0 
1655340052.0625758 20.9205078125 47.086878005042905 983.2717942231948 0 0 0 0 0 0 90 28 2 0 0 0 
1655340057.1962624 20.91015625 47.377068401235384 983.2950199239488 0 0 0 0 0 0 69 21 2 0 0 0 
1655340062.3299446 20.9154296875 47.10463692117594 983.276145251048 0 0 0 0 0 0 69 21 2 0 0 0 
1655340067.4636953 20.9154296875 47.223163513554454 983.2697597424315 0 0 0 0 0 0 69 21 2 0 0 0 
1655340072.5971806 20.9205078125 47.015972857795504 983.2845653789836 0 0 0 0 0 0 75 23 2 0 0 0 
1655340077.7309623 20.9154296875 47.32393286918148 983.276145251048 0 0 0 0 0 0 75 23 2 0 0 0 
1655340082.8645854 20.9205078125 47.09885063475202 983.3296838858693 0 0 0 0 0 0 75 23 2 0 0 0 
1655340087.9980023 20.9306640625 47.02794433641388 983.2990205874544 0 0 0 0 0 0 75 23 2 0 0 0 
1655340093.1317315 20.9205078125 47.11660989563964 983.3074408558527 0 0 0 0 0 0 42 8 4 0 0 0 
1655340098.2646635 20.9255859375 47.02682120733578 983.1581229845327 0 0 0 0 0 0 48 10 6 0 0 0 
1655340103.3983068 20.9154296875 47.30603624166784 983.2825307594675 0 0 0 0 0 0 48 10 6 0 0 0 
1655340108.5325458 20.91015625 47.09293086051529 983.3030896666048 0 0 0 0 0 0 48 10 6 0 0 0 
1655340113.6667995 20.9154296875 47.37114911127544 983.2997216136798 0 0 0 0 0 0 60 14 6 0 0 0 
1655340118.8009784 20.905078125 47.44189746432421 983.3219641349338 0 0 0 0 0 0 60 14 6 0 0 0 
1655340123.9351091 20.905078125 47.23493437427256 983.3041403013723 0 0 0 0 0 0 60 14 6 0 0 0 
1655340129.0690997 20.9 47.33535558679707 983.3189461971647 0 0 0 0 0 0 66 16 6 0 0 0 
1655340134.202827 20.905078125 47.2406488932958 983.2882838740036 0 0 0 0 0 0 66 16 6 0 0 0 
1655340139.3366163 20.9 47.22275482053735 983.2873004462286 0 0 0 0 0 0 66 16 6 0 0 0 
1655340144.470301 20.9 47.193430110897125 983.2889844314279 0 0 0 0 0 0 60 14 2 0 0 0 
1655340149.603993 20.905078125 47.145939562273554 983.3172621971488 0 0 0 0 0 0 60 14 2 0 0 0 
1655340154.7382188 20.9205078125 47.22901490477978 983.3064577198099 0 0 0 0 0 0 60 14 2 0 0 0 
1655340159.8710673 20.91015625 47.35332160038796 983.2929855086702 0 0 0 0 0 0 60 14 2 0 0 0 
1655340165.004195 20.9205078125 47.205404809069954 983.290950956584 0 0 0 0 0 0 60 14 2 0 0 0 
1655340170.1396887 20.9205078125 47.15199357751933 983.2602873753713 0 0 0 0 0 0 60 14 2 0 0 0 
1655340175.2731612 20.9154296875 47.12851634502239 983.2896174565856 0 0 0 0 0 0 60 18 2 2 0 0 
1655340180.407007 20.9255859375 47.32365592904963 983.276145251048 0 0 0 0 0 0 60 18 2 2 0 0 
1655340185.541441 20.9306640625 47.075304232768026 983.2488499885081 0 1 1 0 1 1 87 27 9 4 0 0 
1655340190.6702878 20.9205078125 47.23500259835864 983.2606382551576 0 1 1 0 1 1 87 27 9 4 0 0 
1655340195.800348 20.9154296875 47.11069015231419 983.2276594749153 0 1 1 0 1 1 87 27 9 4 0 0 
1655340200.9309285 20.905078125 47.288209136048984 983.2579716631152 0 1 1 0 1 1 87 27 11 4 0 0 
1655340206.065068 20.905078125 47.19336233957238 983.2670926292991 0 1 1 0 1 1 87 27 11 4 0 0 
1655340211.2008157 20.894921875 47.14580504991736 983.2657589488673 0 1 1 0 1 1 87 27 11 4 0 0 
1655340216.3302886 20.9 47.33528616778102 983.232430014131 0 1 1 0 1 1 87 27 11 4 0 0 
1655340221.4632246 20.894921875 47.25255583389785 983.2529876808674 0 1 1 0 1 1 87 27 11 4 0 0 
1655340226.595679 20.894921875 47.32351739434884 983.2320795489118 0 1 1 0 1 1 87 27 11 4 0 0 
1655340231.7283432 20.894921875 47.193430110897125 983.2465342597224 0 0 0 0 0 0 81 25 9 2 0 0 
1655340236.8620114 20.884765625 47.38263798344299 983.2603566925636 0 0 0 0 0 0 81 25 9 2 0 0 
1655340241.9962661 20.88984375 47.347124183511994 983.2657589488673 0 0 0 0 0 0 81 25 9 2 0 0 
1655340247.1300714 20.8796875 47.31147168436813 983.2715110583902 0 0 0 0 0 0 81 21 9 2 0 0 
1655340252.2619483 20.86953125 47.388486874481245 983.2684931319791 0 0 0 0 0 0 81 21 9 2 0 0 
1655340257.3958185 20.86953125 47.275889181919986 983.2317968362372 0 0 1 0 0 1 57 15 4 2 2 0 
1655340262.529535 20.874609375 47.14567049446931 983.2651252719184 0 0 1 0 0 1 57 15 4 2 2 0 
1655340267.6584387 20.894921875 47.400324569264065 983.2482859758161 0 0 1 0 0 1 57 15 4 2 2 0 
1655340272.79254 20.884765625 47.41794024523328 983.2368485815645 0 0 1 0 0 1 57 15 4 2 2 0 
1655340277.9254522 20.8796875 47.382428035706 983.2567056229921 0 0 1 0 0 1 57 15 4 2 2 0 
1655340283.0595834 20.86953125 47.281739242378464 983.2209927760113 0 0 1 0 0 1 57 15 4 2 2 0 
1655340288.1910121 20.8796875 47.169482087858 983.2395161388998 0 0 1 0 0 1 69 19 4 2 2 0 
1655340293.3250635 20.8796875 47.347054618217534 983.236148254108 0 0 1 0 0 1 69 19 4 2 2 0 
1655340298.4593182 20.884765625 47.14580504991736 983.2357979257544 0 0 1 0 0 1 69 19 4 2 2 0 
1655340303.5931401 20.894921875 47.16961714229671 983.2024694215953 0 0 1 0 0 1 69 19 4 2 2 0 
1655340308.7270567 20.8796875 47.1753337104489 983.205486731227 0 0 1 0 0 1 69 19 4 2 2 0 
1655340313.858705 20.88984375 47.323448110839735 983.2266770256907 0 0 1 0 0 1 69 19 4 2 2 0 
1655340318.990928 20.905078125 47.18152351707066 983.2081532208498 0 0 1 0 0 1 84 24 4 2 2 0 
1655340324.1230547 20.894921875 47.139952958480016 983.2132051667845 0 0 1 0 0 1 84 24 4 2 2 0 
1655340329.2520518 20.9 47.27010766013739 983.2038027766407 0 0 1 0 0 1 84 24 4 2 2 0 
1655340334.37952 20.9 47.29392173292898 983.2219757343868 0 0 1 0 0 1 84 24 4 2 2 0 
1655340339.5125895 20.9 47.29392173292898 983.1643697158158 0 0 0 0 0 0 123 25 2 2 0 0 
1655340344.6419709 20.905078125 47.20526902770405 983.2465342597224 0 0 0 0 0 0 123 23 0 0 0 0 
1655340349.7737093 20.91015625 47.27630166306926 983.2357286613255 0 0 0 0 0 0 123 23 0 0 0 0 
1655340354.905423 20.9154296875 47.22901490477978 983.2370617252901 0 0 0 0 0 0 123 23 0 0 0 0 
1655340360.0358236 20.91015625 47.14620845771045 983.2296942928274 0 0 0 0 0 0 123 23 0 0 0 0 
1655340365.166268 20.9 47.175739215686086 983.2128543329346 0 0 0 0 0 0 123 23 0 0 0 0 
1655340370.2966576 20.9205078125 47.39468609162551 983.2330622856462 0 0 0 0 0 0 123 23 0 0 0 0 
1655340375.4270554 20.9 47.29412850250652 983.2414822689186 0 0 0 0 0 0 150 30 0 0 0 0 
1655340380.5574982 20.9 47.252350422554954 983.2105385954061 0 0 0 0 0 0 150 30 0 0 0 0 
1655340385.6880128 20.8796875 47.29371486639841 983.2122225502724 0 0 0 0 0 0 150 30 0 0 0 0 
1655340390.8199024 20.88984375 47.222822962972074 983.2515862511564 0 0 0 0 0 0 135 23 0 0 0 0 
1655340395.9486995 20.9 47.335216737992525 983.1943303851407 0 0 0 0 0 0 135 23 0 0 0 0 
1655340401.0812778 20.91015625 47.15798046719141 983.2246423041242 0 0 0 0 0 0 135 23 0 0 0 0 
1655340406.213703 20.91015625 47.25840659923221 983.2165731310907 0 0 0 0 0 0 129 21 0 0 0 0 
1655340411.3479912 20.905078125 47.33535558679707 983.2121523359478 0 0 0 0 0 0 129 21 0 0 0 0 
1655340416.4816859 20.9 47.1932945574748 983.2192394266639 0 0 0 0 0 0 129 21 0 0 0 0 
1655340421.6155667 20.9 47.25255583389785 983.2559369511447 0 0 0 0 0 0 48 12 0 0 0 0 
1655340426.7487261 20.9 47.27637037222335 983.2027503603603 0 0 0 0 0 0 48 12 0 0 0 0 
1655340431.880284 20.9 47.205133203246945 983.1781925672412 0 0 0 0 0 0 42 10 0 0 0 0 
1655340437.0098357 20.9 47.27024501834239 983.1933482735888 0 0 0 0 0 0 42 10 0 0 0 0 
1655340442.14249 20.905078125 47.20526902770405 983.2064692390117 0 0 0 0 0 0 42 10 0 0 0 0 
1655340447.2746668 20.9 47.27609547097136 983.1832444687268 0 0 0 0 0 0 36 8 0 0 0 0 
1655340452.409285 20.894921875 47.22874217173787 983.2327803695963 0 0 0 0 0 0 36 8 0 0 0 0 
1655340457.541697 20.9 47.1932945574748 983.223309060544 0 0 0 0 0 0 36 8 0 0 0 0 
1655340462.675555 20.894921875 47.27609547097136 983.213555890875 0 0 0 0 0 0 42 10 0 0 0 0 
1655340467.806852 20.9 47.412302833185976 983.2115211847362 0 0 0 0 0 0 42 10 0 0 0 0 
1655340472.9407067 20.9 47.163562843826355 983.2341139699076 0 0 0 0 0 0 42 10 0 0 0 0 
1655340478.0704455 20.884765625 47.074772947070414 983.2277285433541 0 0 0 0 0 0 48 10 0 0 0 0 
1655340483.2034137 20.88984375 47.21697180780783 983.2526374880725 0 0 0 0 0 0 48 10 0 0 0 0 
1655340488.3353128 20.88984375 47.46557298378409 983.2101879539603 0 0 0 0 0 0 48 10 0 0 0 0 
1655340493.468422 20.884765625 47.36474158196347 983.2341139699076 0 0 0 0 0 0 63 17 0 0 0 0 
1655340498.5959597 20.884765625 47.29956477121372 983.2092051858572 0 0 0 0 0 0 63 17 0 0 0 0 
1655340503.728743 20.86953125 47.24615492801503 983.2338307774954 0 0 0 0 0 0 48 10 0 0 0 0 
1655340508.857826 20.864453125 47.548001928229695 983.2422502859625 0 0 0 0 0 0 48 10 0 0 0 0 
1655340513.9924383 20.859375 47.34663432194068 983.2328466263339 0 0 0 0 0 0 48 10 0 0 0 0 
1655340519.123804 20.859375 47.32302951611151 983.2530531234169 0 0 0 0 0 0 48 10 0 0 0 0 
1655340524.2567806 20.84921875 47.31704158973841 983.2382479195443 0 0 0 0 0 0 48 10 0 0 0 0 
1655340529.3890893 20.84921875 47.352413408969504 983.2247770338556 0 0 0 0 0 0 48 10 0 0 0 0 
1655340534.5234323 20.844140625 47.33458871081522 983.2534026712998 0 0 0 0 0 0 69 12 0 0 0 0 
1655340539.655291 20.84921875 47.34071579610205 983.246317623269 0 0 0 0 0 0 69 12 0 0 0 0 
1655340544.7894132 20.864453125 47.42949260208504 983.2012029946827 0 0 0 0 0 0 69 12 0 0 0 0 
1655340549.9210098 20.859375 47.21656064266219 983.2364984727107 0 0 0 0 0 0 63 10 0 0 0 0 
1655340555.0547671 20.874609375 47.34106617494217 983.2031702912847 0 0 0 0 0 0 63 10 0 0 0 0 
1655340560.1879792 20.86953125 47.21071242222065 983.2099059471001 0 0 0 0 0 0 63 10 0 0 0 0 
1655340565.3205287 20.874609375 47.48896355168575 983.2317968362372 0 0 0 0 0 0 63 10 0 0 0 0 
1655340570.4536984 20.8796875 47.382428035706 983.1913828963034 0 0 0 0 0 0 63 10 0 0 0 0 
1655340575.5833867 20.8796875 47.287795906470954 983.1876645678236 0 0 0 0 0 0 63 10 0 0 0 0 
1655340580.7158477 20.8796875 47.29963381602376 983.2078716937384 0 0 0 0 0 0 63 10 0 0 0 0 
1655340585.8502636 20.874609375 47.1812528661164 983.2082220330411 0 0 0 0 0 0 90 23 8 0 0 0 
1655340590.9816098 20.86953125 47.42977756599407 983.2233772620916 0 0 0 0 0 0 63 14 6 0 0 0 
1655340596.114184 20.864453125 47.36460199099836 983.2267450915398 0 0 0 0 0 0 63 14 6 0 0 0 
1655340601.2479224 20.854296875 47.358471342715156 983.2223934799486 0 0 0 0 0 0 63 14 6 0 0 0 
1655340606.379443 20.854296875 47.21642437397924 983.2082882371972 0 0 0 0 0 0 69 16 6 0 0 0 
1655340611.5130196 20.8390625 47.464718626403425 983.1833804501973 0 0 0 0 0 0 69 16 6 0 0 0 
1655340616.6434176 20.844140625 47.38186500551015 983.2049205449866 0 0 0 0 0 0 69 16 6 0 0 0 
1655340621.776898 20.84921875 47.45295341138813 983.2241418907106 0 0 0 0 0 0 69 14 6 0 0 0 
1655340626.9106221 20.84921875 47.429563180942246 983.1843644036749 0 0 0 0 0 0 69 14 6 0 0 0 
1655340632.040575 20.859375 47.24594949247261 983.2025368996137 0 0 0 0 0 0 69 14 6 0 0 0 
1655340637.1722517 20.864453125 47.26398267641108 983.200502948723 0 0 0 0 0 0 81 18 6 0 0 0 
1655340642.3047047 20.874609375 47.31732135501437 983.2065381190523 0 0 0 0 0 0 81 18 6 0 0 0 
1655340647.4378767 20.884765625 47.12798009423307 983.2159409512393 0 0 0 0 0 0 81 18 6 0 0 0 
1655340652.5709417 20.86953125 47.20479345358021 983.200152761132 0 0 0 0 0 0 75 16 2 0 0 0 
1655340657.703838 20.864453125 47.32901755691817 983.2085722625973 0 0 0 0 0 0 75 16 2 0 0 0 
1655340662.8388312 20.86953125 47.311261449269 983.1870318584654 0 0 0 0 0 0 75 16 2 0 0 0 
1655340667.9737663 20.86953125 47.476981515174934 983.2250611767807 0 0 0 0 0 0 129 39 6 2 0 0 
1655340673.1077967 20.874609375 47.216835669226796 983.2099059471001 0 0 0 0 0 0 129 39 6 2 0 0 
1655340678.239203 20.86953125 47.40617314761961 983.2260446014133 0 0 0 0 0 0 129 39 6 2 0 0 
1655340683.370037 20.86953125 47.19309114654507 983.1998024637969 0 0 0 0 0 0 129 39 6 2 0 0 
1655340688.5035439 20.86953125 47.28758649485064 983.2065381190523 0 0 0 0 0 0 129 39 6 2 0 0 
1655340693.6382902 20.874609375 47.29949571563113 983.2061877661938 0 0 0 0 0 0 108 32 4 0 0 0 
1655340698.7706156 20.86953125 47.323170869078474 983.1698425703506 0 0 0 0 0 0 108 32 4 0 0 0 
1655340703.9034426 20.86953125 47.38228532359066 983.2136239643166 0 0 0 0 0 0 108 32 4 0 0 0 
1655340709.038252 20.859375 47.39405233017352 983.1910998392377 0 0 0 0 0 0 96 28 4 0 0 0 
1655340714.1724012 20.86953125 47.25207375418143 983.1988190621956 0 0 0 0 0 0 96 28 4 0 0 0 
1655340719.304251 20.86953125 47.536093508199315 983.2092723924802 0 0 0 0 0 0 96 28 4 0 0 0 
1655340724.4352038 20.86953125 47.15744133359779 983.1994520567154 0 0 0 0 0 0 81 23 2 0 0 0 
1655340729.5685573 20.874609375 47.358753023317064 983.2041533625556 0 0 0 0 0 0 81 23 2 0 0 0 
1655340734.7011766 20.884765625 47.169549620463805 983.208503985608 0 0 0 0 0 0 81 23 2 0 0 0 
1655340739.832215 20.9 47.21098451453274 983.2118719223826 0 0 0 0 0 0 48 14 2 0 0 0 
1655340744.9616323 20.894921875 47.18138821313926 983.2139065052089 0 0 0 0 0 0 48 14 2 0 0 0 
1655340750.0917988 20.894921875 47.400324569264065 983.2202917655443 0 0 0 0 0 0 87 26 0 0 0 0 
1655340755.2237992 20.894921875 47.28786480499873 983.1977681295207 0 0 0 0 0 0 87 26 0 0 0 0 
1655340760.3502688 20.88984375 47.16363030867221 983.2058373035861 0 0 0 0 0 0 87 26 0 0 0 0 
1655340765.4819453 20.9 47.33528616778102 983.2347462821606 0 0 0 0 0 0 87 26 0 0 0 0 
1655340770.6143007 20.9 47.27602671872685 983.2475856186419 0 0 0 0 0 0 87 26 0 0 0 0 
1655340775.7471411 20.884765625 47.2286057405805 983.1920150964972 0 0 0 0 0 0 87 26 0 0 0 0 
1655340780.879373 20.8796875 47.22874217173787 983.2142570097888 0 0 0 0 0 0 87 26 2 0 0 0 
1655340786.0109866 20.8796875 47.358683290200425 983.2078716937384 0 0 0 0 0 0 87 26 2 0 0 0 
1655340791.1431684 20.86953125 47.127845923805644 983.2462519093235 0 0 0 0 0 0 87 26 2 0 0 0 
1655340796.2771435 20.859375 47.25200521868342 983.1873820447604 0 0 0 0 0 0 87 24 2 0 0 0 
1655340801.4117885 20.86953125 47.30541451944542 983.2270951719823 0 0 0 0 0 0 87 24 2 0 0 0 
1655340806.546247 20.864453125 47.21656064266219 983.2035205615081 0 0 0 0 0 0 87 24 2 0 0 0 
1655340811.6797872 20.864453125 47.269901542035186 983.2153078650298 0 0 0 0 0 0 123 29 2 0 0 0 
1655340816.813109 20.864453125 47.27561133201673 983.2149576896968 0 0 0 0 0 0 123 29 2 0 0 0 
1655340821.9474306 20.859375 47.31119223621836 983.2210595076917 0 0 0 0 0 0 123 29 2 0 0 0 
1655340827.0825646 20.859375 47.322890786677405 983.1897659335054 0 0 0 0 0 0 117 27 2 0 0 0 
1655340832.2153172 20.84921875 47.37009855359584 983.1800127871985 0 0 0 0 0 0 117 35 8 0 0 0 
1655340837.3498995 20.859375 47.34663432194068 983.212290156374 0 0 0 0 0 0 117 35 8 0 0 0 
1655340842.4843223 20.854296875 47.24016769156259 983.2028868541685 0 0 0 0 0 0 117 35 8 0 0 0 
1655340847.6130297 20.859375 47.37009855359584 983.2126401393334 0 0 0 0 0 0 102 30 8 0 0 0 
1655340852.7466564 20.854296875 47.31119223621836 983.1759451107966 0 0 0 0 0 0 102 30 8 0 0 0 
1655340857.8777168 20.84921875 47.405819013776416 983.180646555535 0 0 0 0 0 0 102 30 8 0 0 0 
1655340863.011303 20.854296875 47.429280800880214 983.1678759491556 0 0 0 0 0 0 102 30 12 0 0 0 
1655340868.1449084 20.859375 47.29343623911999 983.1378485046922 0 0 0 0 0 0 102 30 12 0 0 0 
1655340873.2776659 20.859375 47.27561133201673 983.1752446581659 0 0 0 0 0 0 102 30 12 0 0 0 
1655340878.40472 20.854296875 47.24009928080524 983.195101061093 0 0 0 0 0 0 96 28 12 0 0 0 
1655340883.5399854 20.854296875 47.34663432194068 983.1591065302908 0 0 0 0 0 0 96 28 12 0 0 0 
1655340888.674697 20.84921875 47.39391197468739 983.1944675574393 0 0 0 0 0 0 96 28 12 0 0 0 
1655340893.8066208 20.844140625 47.22812526518968 983.1483700753654 0 0 0 0 0 0 87 25 8 0 0 0 
1655340898.9384801 20.844140625 47.3521344226829 983.1699097998826 0 0 0 0 0 0 87 25 8 0 0 0 
1655340904.0711083 20.8390625 47.37580675577934 983.1605066609545 0 0 0 0 0 0 87 25 8 0 0 0 
1655340909.2034426 20.833984375 47.357912828124164 983.1706094830829 None None None None None None None None None None None None 
1655340914.334852 20.833984375 47.37594681248227 983.1598068150869 0 0 0 0 0 0 60 20 6 0 0 0 
1655340919.465818 20.8390625 47.2988710706952 983.167241875427 0 0 0 0 0 0 66 22 4 0 0 0 
1655340924.597599 20.8390625 47.31669497026538 983.1605066609545 0 0 0 0 0 0 66 22 4 0 0 0 
1655340929.7294679 20.8390625 47.429139546216 983.1605066609545 0 0 0 0 0 0 66 22 4 0 0 0 
1655340934.8604312 20.8390625 47.157101429256045 983.1614906457112 0 0 0 0 0 0 66 22 2 0 0 0 
1655340939.9930823 20.8390625 47.23390708982151 983.186748113476 0 0 0 0 0 0 66 22 2 0 0 0 
1655340945.1237097 20.8390625 47.23982553004872 983.166542138004 0 0 0 0 0 0 66 22 2 0 0 0 
1655340950.255907 20.84921875 47.38186500551015 983.1682259689082 0 0 0 0 0 0 72 24 2 0 0 0 
1655340955.3893301 20.8390625 47.269417576685186 983.1739770910193 0 0 0 0 0 0 72 24 2 0 0 0 
1655340960.524012 20.844140625 47.2871726810674 983.1803626023299 0 0 0 0 0 0 72 24 2 0 0 0 
1655340965.6582344 20.833984375 47.287034656958994 983.1807123077319 0 0 0 0 0 0 66 22 2 0 0 0 
1655340970.7923539 20.844140625 47.43505757879499 983.1655580717037 0 0 0 0 0 0 66 22 2 0 0 0 
1655340975.9261773 20.82890625 47.29302195417214 983.1887816925736 0 0 0 0 0 0 66 22 2 0 0 0 
1655340981.060078 20.82890625 47.429210178934206 983.1621904644677 0 0 0 0 0 0 66 22 0 0 0 0 
1655340986.1931734 20.8390625 47.405537674621954 983.1352496166598 0 0 0 0 0 0 66 22 0 0 0 0 
1655340991.3270993 20.859375 47.38785333593334 983.181980200774 0 0 0 0 0 0 102 32 4 0 0 0 
1655340996.4602995 20.859375 47.169074065883215 983.1452852554795 0 0 0 0 0 0 102 32 4 0 0 0 
1655341001.5948513 20.86953125 47.399970831054524 983.180296315017 0 0 0 0 0 0 102 32 4 0 0 0 
1655341006.7279227 20.86953125 47.25785535276511 983.1739110674296 0 0 0 0 0 0 102 30 4 0 0 0 
1655341011.861914 20.854296875 47.22234311613711 983.1739110674296 0 0 0 0 0 0 102 30 4 0 0 0 
1655341016.9957085 20.859375 47.098047367629135 983.1809966863136 0 0 0 0 0 0 102 30 4 0 0 0 
1655341022.1284761 20.859375 47.29928582680605 983.1692096777541 0 0 0 0 0 0 96 30 4 0 0 0 
1655341027.2621043 20.854296875 47.28744860001323 983.1958014078677 0 0 0 0 0 0 96 30 4 0 0 0 
1655341032.3949714 20.86953125 47.51242039057448 983.1553884809161 0 0 0 0 0 0 96 30 4 0 0 0 
1655341037.5282307 20.84921875 47.24594949247261 983.1574226726256 0 0 0 0 0 0 102 30 4 0 0 0 
1655341042.662059 20.854296875 47.32894814060636 983.180296315017 0 0 0 0 0 0 102 30 4 0 0 0 
1655341047.7966688 20.84921875 47.45316602557899 983.1227625590666 0 0 0 0 0 0 102 30 4 0 0 0 
1655341052.930371 20.84921875 47.500298137993965 983.1675258196685 0 0 0 0 0 0 114 34 4 0 0 0 
1655341058.0603156 20.854296875 47.22234311613711 983.1826805449591 0 0 0 0 0 0 114 34 4 0 0 0 
1655341063.1928709 20.84921875 47.33451917288788 983.1577728834463 0 0 0 0 0 0 114 34 4 0 0 0 
1655341068.326591 20.844140625 47.22213842904379 983.1362331936989 0 0 0 0 0 0 120 36 6 0 0 0 
1655341073.4592369 20.84921875 47.22826184799407 983.1746113276953 0 0 0 0 0 0 84 28 6 0 0 0 
1655341078.5931969 20.84921875 47.48853330679867 983.1661921046957 0 0 0 0 0 0 84 28 6 0 0 0 
1655341083.7265353 20.844140625 47.2991476178593 983.1291475442907 0 0 0 0 0 0 84 28 6 0 0 0 
1655341088.8589864 20.859375 47.37622679662001 983.1809966863136 0 0 0 0 0 0 84 28 6 0 0 0 
1655341093.9935749 20.84921875 47.275404815497524 983.1759451107966 0 0 0 0 0 0 84 28 6 0 0 0 
1655341099.1261942 20.854296875 47.08620944037395 983.1540549575044 0 0 0 0 0 0 84 28 6 0 0 0 
1655341104.2590818 20.84921875 47.27533595511257 983.1951672728981 0 0 0 0 0 0 84 28 6 0 0 0 
1655341109.395384 20.84921875 47.31098453243134 983.1480200026776 0 0 0 0 0 0 84 28 6 0 0 0 
1655341114.5292835 20.8390625 47.2043827814888 983.1712436382854 0 0 0 0 0 0 84 28 6 0 0 0 
1655341119.6625462 20.84921875 47.48240146863643 983.1493536639473 0 0 0 0 0 0 84 26 4 0 0 0 
1655341124.7958255 20.844140625 47.32275201415335 983.1450024424183 0 0 0 0 0 0 84 26 4 0 0 0 
1655341129.928981 20.833984375 47.18662704123193 983.1466862588569 0 0 0 0 0 0 84 26 4 0 0 0 
1655341135.062325 20.8390625 47.28132325138023 983.1917996089193 0 0 0 0 0 0 90 28 4 0 0 0 
1655341140.1947289 20.823828125 47.31655624706865 983.1575281591765 0 0 0 0 0 0 90 28 4 0 0 0 
1655341145.3282797 20.82890625 47.32233543804149 983.1359888217094 0 0 0 0 0 0 90 28 4 0 0 0 
1655341150.4599445 20.80859375 47.32233543804149 983.1514921844797 0 0 0 0 0 0 63 19 2 0 0 0 
1655341155.5927358 20.80859375 47.197988128662224 983.166645922025 0 0 0 0 0 0 168 51 0 0 0 0 
1655341160.7260919 20.80859375 47.41688024062663 983.1154985018494 0 0 0 0 0 0 117 35 0 0 0 0 
1655341165.8595533 20.80859375 47.35171562008072 983.1272844462285 0 0 0 0 0 0 117 35 0 0 0 0 
1655341170.9936328 20.803515625 47.31029148626087 983.1387211058412 0 0 0 0 0 0 117 35 0 0 0 0 
1655341176.12715 20.80859375 47.39313924929454 983.1272844462285 0 0 0 0 0 0 117 35 0 0 0 0 
1655341181.2596562 20.80859375 47.399056869418466 983.1252513430393 0 0 0 0 0 0 117 35 0 0 0 0 
1655341186.392132 20.7984375 47.351645781943574 983.1175315626854 0 0 0 0 0 0 117 35 0 0 0 0 
1655341191.526023 20.7984375 47.41673908460468 983.1081279512448 0 0 0 0 0 0 111 33 0 0 0 0 
1655341196.659009 20.7984375 47.41659788549378 983.1215972741157 0 0 0 0 0 0 111 33 0 0 0 0 
1655341201.7893279 20.793359375 47.29838669841473 983.141801266822 0 0 0 0 0 0 111 33 0 0 0 0 
1655341206.9231563 20.783203125 47.369328572260244 983.118229942978 0 0 0 0 0 0 111 33 0 0 0 0 
1655341212.0571718 20.78828125 47.452172996567064 983.1367502677004 0 0 0 0 0 0 111 33 0 0 0 0 
1655341217.188221 20.78828125 47.46407888572192 983.1219462725971 0 0 0 0 0 0 111 33 0 0 0 0 
1655341222.3216953 20.78828125 47.60602157266558 983.1107967928074 0 0 0 0 0 0 111 33 0 0 0 0 
1655341227.4556963 20.783203125 47.493594451846164 983.096691499218 0 0 0 0 0 0 111 33 0 0 0 0 
1655341232.5882592 20.78828125 47.4875342853739 983.0963422974075 0 0 0 0 0 0 111 33 0 0 0 0 
1655341237.7216613 20.7984375 47.38123380125722 983.1081279512448 0 0 0 0 0 0 72 18 0 0 0 0 
1655341242.8550477 20.78828125 47.35749348974038 983.1367502677004 0 0 0 0 0 0 72 18 0 0 0 0 
1655341247.9860253 20.78828125 47.35150607335206 983.1081279512448 0 0 0 0 0 0 72 18 0 0 0 0 
1655341253.1210058 20.78828125 47.45210198513231 983.0886224048113 0 0 0 0 0 0 72 18 0 0 0 0 
1655341258.2544947 20.7984375 47.31607037654612 983.096691499218 0 0 0 0 0 0 72 18 0 0 0 0 
1655341263.3860254 20.7984375 47.38708111880798 983.1044113774908 0 0 0 0 0 0 78 20 0 0 0 0 
1655341268.520803 20.78828125 47.44625560462247 983.0997096267254 0 0 0 0 0 0 78 20 0 0 0 0 
1655341273.6531367 20.78828125 47.42857409667106 983.0475160537635 0 0 0 0 0 0 78 20 0 0 0 0 
