timestamp temperature humidity pressure pm10_standard pm25_standard pm100_standard pm10_env pm25_env pm100_env particles_03um particles_05um particles_10um particles_25um particles_50um particles_100um
1663261164.45353 20.6560546875 56.97293291325594 987.9451975236433 6 8 8 6 8 8 1041 320 58 2 0 0
1663261169.5777738 20.6458984375 57.09072997141671 987.978867804006 6 8 8 6 8 8 1041 320 58 2 0 0
1663261174.711811 20.6560546875 56.94933669928308 987.9432065110417 6 8 8 6 8 8 1041 320 58 2 0 0
1663261179.8425741 20.6509765625 57.079295234702975 987.9451975236433 5 7 7 5 7 7 942 282 54 2 0 0
1663261184.9745963 20.6611328125 56.99652896256544 987.9468810369967 5 7 7 5 7 7 942 282 54 2 0 0
1663261190.1073194 20.6458984375 56.91340347499937 987.9205598812956 5 7 7 5 7 7 942 282 54 2 0 0
1663261195.241108 20.6458984375 56.92502163408562 987.9673904026363 5 7 7 5 7 7 921 270 56 2 0 0
1663261200.3720477 20.6306640625 57.04317752640386 987.9110690432294 5 7 7 5 7 7 921 270 56 2 0 0
1663261205.501956 20.6255859375 56.98346842839305 987.9666227176548 5 7 7 5 7 7 921 270 56 2 0 0
1663261210.632916 20.6103515625 56.90678652900522 987.978713409399 5 6 6 5 6 6 879 256 51 2 0 0
1663261215.766612 20.6154296875 57.02457708562018 987.9228531496198 5 6 6 5 6 6 879 256 51 2 0 0
1663261220.8992782 20.6205078125 56.99526548933639 987.9551453575327 5 6 6 5 6 6 879 256 51 2 0 0
1663261226.0318513 20.6306640625 57.11377942986121 987.9161193741197 6 7 7 6 7 7 1116 312 38 0 0 0
1663261231.166661 20.6458984375 56.93681930503704 987.9191791084614 6 7 7 6 7 7 1116 312 38 0 0 0
1663261236.3014667 20.6408203125 57.08464972141175 987.9525461118357 6 8 8 6 8 8 1137 324 40 0 0 0
1663261241.432846 20.6560546875 56.907863475202234 987.9533076731393 6 8 8 6 8 8 1137 324 40 0 0 0
1663261246.5665085 20.6560546875 56.91966161211317 987.9653996885023 6 8 8 6 8 8 1137 324 40 0 0 0
1663261251.7003787 20.6560546875 56.943257762440346 987.9488718994976 6 8 8 6 8 8 1194 339 45 0 0 0
1663261256.8330355 20.6509765625 57.096447106124614 987.9455048998366 6 8 8 6 8 8 1194 339 45 0 0 0
1663261261.966349 20.6458984375 56.94343762006122 987.9474908625847 6 8 8 6 8 8 1194 339 45 0 0 0
1663261267.0971835 20.6408203125 57.078388145813456 987.9171929111291 7 8 8 7 8 8 1182 347 41 0 0 0
1663261272.2255023 20.6255859375 56.93681930503704 987.9373900307644 7 8 8 7 8 8 1182 347 41 0 0 0
1663261277.359597 20.6255859375 56.81294170708933 987.9332607502206 7 8 8 7 8 8 1182 347 41 0 0 0
1663261282.4902577 20.6306640625 56.830638784640044 987.9427475193763 6 8 8 6 8 8 1161 345 38 0 0 0
1663261287.6242557 20.6662109375 56.937898078802526 987.9566747277319 6 8 8 6 8 8 1161 345 38 0 0 0
1663261292.7559338 20.6662109375 57.019944113823485 987.9606564005154 6 8 8 6 8 8 1161 345 38 0 0 0
1663261297.8880656 20.6611328125 56.96703387519992 987.9556058996594 6 8 8 6 8 8 1182 350 38 0 0 0
1663261303.0221465 20.6560546875 56.85477134968749 987.9704502312916 6 8 8 6 8 8 1182 350 38 0 0 0
1663261308.1521366 20.6458984375 57.09662872598986 987.9556058996594 4 7 7 4 7 7 1098 316 41 4 0 0
1663261313.2802324 20.6458984375 56.98400957722214 987.9559082243591 4 7 7 4 7 7 1098 316 41 4 0 0
1663261318.4117198 20.6357421875 57.09626547550954 987.966009060797 4 7 7 4 7 7 1098 316 41 4 0 0
1663261323.5453491 20.6357421875 56.91340347499937 987.9158121937357 5 8 8 5 8 8 1056 304 41 4 0 0
1663261328.677159 20.6255859375 56.771292261530526 987.9477978949279 5 8 8 5 8 8 1056 304 41 4 0 0
1663261333.8042104 20.6255859375 57.03673587849138 987.9582054893597 5 8 8 5 8 8 1056 304 41 4 0 0
1663261338.935296 20.6306640625 56.9130443581947 987.9629490253607 5 8 8 5 8 8 1050 299 38 4 0 0
1663261344.0687473 20.6306640625 57.001164004373344 987.9713663224943 5 8 8 5 8 8 1050 299 38 4 0 0
1663261349.2043397 20.6255859375 56.97167132629048 987.9686128140629 5 8 8 5 8 8 1050 299 38 4 0 0
1663261354.3381028 20.6205078125 57.201524496352576 987.9669293817518 5 8 8 5 8 8 1035 299 38 4 0 0
1663261359.4699 20.6154296875 57.01296100357784 987.9184168228811 5 8 8 5 8 8 1035 299 38 4 0 0
1663261364.6002958 20.6103515625 57.00688183521321 987.9742760024961 5 8 8 5 8 8 1035 299 38 4 0 0
1663261369.7320192 20.6052734375 57.000441513706804 987.9165832206241 5 8 8 5 8 8 1080 311 47 4 0 0
1663261374.865514 20.6001953125 57.12430229401989 987.9631048088295 4 7 7 4 7 7 1080 311 47 4 0 0
1663261379.999496 20.6052734375 56.9003494332142 987.9409144600509 4 7 7 4 7 7 1080 311 47 4 0 0
1663261385.1324708 20.6154296875 57.03047548184337 987.9294372661117 4 8 8 4 8 8 1113 320 52 2 0 0
1663261390.2661934 20.6052734375 57.1834647502219 987.9429042798408 5 8 9 5 8 9 1086 314 50 4 2 0
1663261395.395364 20.6001953125 57.23009850175195 987.953004543076 5 10 11 5 10 11 1107 319 60 11 2 0
1663261400.5266373 20.5900390625 57.277647449817536 987.9317333623106 5 10 11 5 10 11 1113 319 69 11 2 0
1663261405.6602879 20.6001953125 57.06495874409734 987.9129100690135 6 10 11 6 10 11 1119 319 72 11 2 0
1663261410.7940452 20.6001953125 57.17166875197842 987.961115150892 4 9 10 4 9 10 1077 311 70 11 2 0
1663261415.9287186 20.6052734375 56.93609990752395 987.9641755711123 4 8 9 4 8 9 1035 304 65 9 2 0
1663261421.0603547 20.6103515625 57.20760554808872 987.9608087612106 4 8 9 4 8 9 999 288 65 9 2 0
1663261426.1940079 20.6154296875 57.21921872809207 987.9507083331846 5 9 10 5 9 10 1020 291 65 9 2 0
1663261431.3272526 20.6103515625 57.071582541633575 987.9803968422 5 10 12 5 10 12 1035 293 74 11 2 0
1663261436.4612772 20.6103515625 57.018497859719496 987.9605022619832 5 10 11 5 10 11 1035 296 76 11 0 0
1663261441.5963335 20.6052734375 57.15969025499722 987.944281241158 5 11 12 5 11 12 1086 312 81 11 0 0
1663261446.7282066 20.6052734375 57.142178576310535 987.9658589761681 5 10 11 5 10 11 1122 317 74 6 0 0
1663261451.8583272 20.6052734375 57.04191005497834 987.9661653251762 5 10 11 5 10 11 1101 305 70 6 0 0
1663261456.9920535 20.6052734375 57.14181405455659 987.9712155000902 5 10 11 5 10 11 1122 314 72 6 0 0
1663261462.120345 20.6001953125 57.07140110521957 987.9597380532985 5 10 11 5 10 11 1122 314 72 6 0 0
1663261467.2508037 20.5951171875 57.33680898215525 987.9967723795303 5 10 11 5 10 11 1122 314 72 6 0 0
1663261472.3815346 20.6001953125 57.13591612327615 987.983305347892 6 8 9 6 8 9 1086 325 32 4 2 0
1663261477.515144 20.5900390625 57.18309928543818 987.9912619663954 6 8 9 6 8 9 1086 325 32 4 2 0
1663261482.6475382 20.5849609375 57.19471208985969 987.9525455162396 6 8 9 6 8 9 1086 325 32 4 2 0
1663261487.777355 20.5849609375 57.141267191302525 987.9761120467102 5 7 8 5 7 8 1029 306 30 4 2 0
1663261492.9065578 20.5697265625 57.099801033132245 987.9834563736514 5 7 8 5 7 8 1029 306 30 4 2 0
1663261498.0370448 20.5646484375 57.27064703787807 988.0053392439346 5 7 8 5 7 8 1029 306 30 4 2 0
1663261503.1692266 20.5646484375 57.07031226098793 988.0370168953714 5 7 8 5 7 8 1008 296 32 4 2 0
1663261508.300339 20.5646484375 57.21185602168924 988.0106942725471 5 7 8 5 7 8 1008 296 32 4 2 0
1663261513.4321375 20.5798828125 57.170573036935075 987.9683067011497 5 7 8 5 7 8 1008 296 32 4 2 0
1663261518.5636342 20.5646484375 57.21738714771731 987.992483317148 5 8 9 5 8 9 1044 306 32 6 2 0
1663261523.6963077 20.5697265625 57.17093831828165 987.9946286159839 5 8 9 5 8 9 1044 306 32 6 2 0
1663261528.829519 20.5900390625 57.28889106015528 987.9556062663925 5 8 9 5 8 9 1044 306 32 6 2 0
1663261533.9640336 20.6052734375 57.22456722144707 988.0068726561971 5 8 9 5 8 9 1077 318 36 6 2 0
1663261539.0983245 20.6103515625 57.01259951028237 987.9803968422 4 7 8 4 7 8 1077 318 36 6 2 0
1663261544.232306 20.6052734375 57.16023759549211 987.9695321083823 4 7 8 4 7 8 1077 318 36 6 2 0
1663261549.3666046 20.6052734375 57.05996730861573 987.9829992440046 4 7 9 4 7 9 1065 311 43 10 2 0
1663261554.5002797 20.5849609375 57.29515665654046 987.985294707391 5 6 7 5 6 7 1056 297 48 2 2 0
1663261559.6340985 20.6001953125 57.09426682925481 988.0162064369845 4 5 7 4 5 7 1020 283 43 2 2 0
1663261564.7685697 20.5849609375 57.170573036935075 988.0201837683151 4 5 7 4 5 7 1020 283 43 2 2 0
1663261569.9031465 20.5798828125 57.24171045723721 987.9943230315905 4 5 7 4 5 7 1020 283 43 2 2 0
1663261575.0369637 20.5646484375 57.2236510676013 987.978100981278 4 5 7 4 5 7 978 274 45 2 2 0
1663261580.1711764 20.5798828125 57.176105177985896 988.003045241179 4 5 7 4 5 7 978 274 45 2 2 0
1663261585.3051856 20.5798828125 57.317641261331495 987.9730510497715 4 5 7 4 5 7 978 274 45 2 2 0
1663261590.4389362 20.5798828125 57.08764211688617 987.9621844595848 5 7 8 5 7 8 1035 289 48 2 2 0
1663261595.5728502 20.5748046875 57.194346291145244 987.9767231851733 5 7 8 5 7 8 1035 289 48 2 2 0
1663261600.705656 20.5849609375 57.253872794046124 987.9623396142035 5 7 8 5 7 8 1035 289 48 2 2 0
1663261605.839566 20.6001953125 57.17756675624471 987.9987616311274 6 7 8 6 7 8 1113 313 45 2 2 0
1663261610.9732516 20.5951171875 57.24244412409335 987.9715216988814 5 6 7 5 6 7 1113 313 45 2 2 0
1663261616.1073017 20.6154296875 57.13056454405135 987.9627985422501 5 6 7 5 6 7 1113 313 45 2 2 0
1663261621.2404366 20.6103515625 56.9237635187221 987.98636602861 4 6 7 4 6 7 1062 301 43 2 2 0
1663261626.3719857 20.6052734375 57.024396198867294 987.9735111527942 4 6 7 4 6 7 1062 301 43 2 2 0
1663261631.506262 20.5900390625 57.18899713440962 987.9909563548867 4 6 7 4 6 7 1062 301 43 2 2 0
1663261636.640068 20.6052734375 56.99472383955925 987.9159702568596 4 8 8 4 8 8 1011 306 48 6 0 0
1663261641.7731063 20.6205078125 56.941998458090694 987.9689193550506 4 8 8 4 8 8 1011 306 48 6 0 0
1663261646.9072173 20.6357421875 56.80114360393627 987.976416701614 6 9 9 6 9 9 1005 304 43 6 0 0
1663261652.0411303 20.6458984375 56.984550629300806 987.9623399009407 6 9 9 6 9 9 1005 304 43 6 0 0
1663261657.1751986 20.6458984375 57.09036685566081 987.9929498075678 6 9 9 6 9 9 1005 304 43 6 0 0
1663261662.3092108 20.6357421875 57.21405272286748 987.9676925337814 5 8 8 5 8 8 996 302 43 4 0 0
1663261667.443327 20.6205078125 56.936279773027444 987.9568287893541 5 8 8 5 8 8 996 302 43 4 0 0
1663261672.5774908 20.6205078125 57.0070625091205 987.9686128140629 5 8 8 5 8 8 996 302 43 4 0 0
1663261677.7117295 20.6154296875 56.87139429661494 987.9773364498672 4 8 8 4 8 8 975 300 50 2 0 0
1663261682.8456433 20.6205078125 57.019040285633345 987.970909191755 5 9 9 5 9 9 975 300 50 2 0 0
1663261687.9795356 20.6103515625 57.10125543393509 987.9725925970907 5 9 9 5 9 9 975 300 50 2 0 0
1663261693.113394 20.6052734375 56.98292718281349 987.9958540646198 6 10 10 6 10 10 1041 314 55 6 0 0
1663261698.2470725 20.6052734375 56.80007374038055 987.9978436855198 6 10 10 6 10 10 1041 314 55 6 0 0
1663261703.3810432 20.6154296875 57.21332066113514 987.9588188435796 6 10 10 6 10 10 1041 314 55 6 0 0
1663261708.5141516 20.6458984375 56.966853748107944 987.9758079068616 6 11 11 6 11 11 1071 328 64 6 0 0
1663261713.6479738 20.6662109375 57.08537559747503 987.9947813889054 6 11 11 6 11 11 1071 328 64 6 0 0
1663261718.7809656 20.6712890625 56.636847662295125 987.971519098458 6 9 10 6 9 10 1161 338 50 6 2 2
1663261723.9153845 20.6712890625 56.74929507074851 987.9728951656302 6 9 10 6 9 10 1161 338 50 6 2 2
1663261729.050027 20.6966796875 56.70281268552148 987.9618705110498 6 9 10 6 9 10 1161 338 50 6 2 2
1663261734.1838446 20.6865234375 56.73213510308721 987.9952347108482 7 8 10 7 8 10 1176 340 43 4 2 2
1663261739.3185418 20.6865234375 56.885342020191885 987.9641697388153 7 8 10 7 8 10 1176 340 43 4 2 2
1663261744.4525023 20.6662109375 56.80793425485391 987.9796293869169 7 8 10 7 8 10 1176 340 43 4 2 2
1663261749.5867062 20.6509765625 56.94933669928308 987.9825419115011 7 8 10 7 8 10 1197 349 45 4 2 2
1663261754.7215867 20.6560546875 56.94933669928308 987.9967722296368 7 8 10 7 8 10 1197 349 45 4 2 2
1663261759.8555868 20.6560546875 56.81955457907492 988.0007535012498 7 8 10 7 8 10 1197 349 45 4 2 2
1663261764.9895282 20.6458984375 56.74250765842078 987.9929498075678 7 9 10 7 9 10 1260 372 52 6 0 0
1663261770.1234949 20.6560546875 56.75412851367105 988.0047342264143 7 9 10 7 9 10 1260 372 52 6 0 0
1663261775.2566085 20.6357421875 57.048895126117834 987.9915678427511 7 9 10 7 9 10 1260 372 52 6 0 0
1663261780.3902333 20.6103515625 56.924123034005376 988.0012104984997 7 9 10 7 9 10 1233 372 50 4 0 0
1663261785.5237415 20.6001953125 57.059604715990375 988.0298284201268 7 9 10 7 9 10 1233 372 50 4 0 0
1663261790.658159 20.5951171875 56.94127861910226 987.9987616311274 7 9 10 7 9 10 1233 372 50 4 0 0
1663261795.7926269 20.5951171875 56.94127861910226 987.9701444235388 7 9 10 7 9 10 1287 381 47 4 0 0
1663261800.9271553 20.6052734375 56.9352004187543 987.9886614379052 4 6 6 4 6 6 1143 319 33 2 0 0
1663261806.0623884 20.5595703125 57.12320974774997 988.0541549202427 4 6 6 4 6 6 1086 300 35 2 0 0
1663261811.1965165 20.5849609375 57.08247106123608 988.0142175664533 5 7 7 5 7 7 1086 300 35 2 0 0
1663261816.330002 20.5900390625 56.999899532831655 988.0431398752371 5 7 7 5 7 7 1086 300 35 2 0 0
1663261821.463713 20.5849609375 57.12947172261483 988.0114618681233 6 8 8 6 8 8 1185 331 42 2 0 0
1663261826.5971873 20.5646484375 56.98148338826535 988.0437501481524 5 7 7 5 7 7 1185 331 42 2 0 0
1663261831.7311342 20.5646484375 57.311928326920054 988.008705840412 5 7 7 5 7 7 1185 331 42 2 0 0
1663261836.864575 20.5544921875 57.11658381267557 988.0598141928724 5 7 7 5 7 7 1218 341 42 2 0 0
1663261841.9980838 20.5544921875 57.06368863399559 988.0438951063676 5 7 7 5 7 7 1218 341 42 2 0 0
1663261847.131436 20.5341796875 57.08655154413519 988.0414413813203 6 8 8 6 8 8 1218 341 42 2 0 0
1663261852.265095 20.5392578125 57.245772475441946 988.0259884054543 6 8 8 6 8 8 1266 353 39 2 0 0
1663261857.398548 20.523828125 57.31026938311497 988.0458826533769 6 8 8 6 8 8 1266 353 39 2 0 0
1663261862.5324914 20.52890625 57.274889089048514 988.038074999244 5 7 7 5 7 7 1266 353 39 2 0 0
1663261867.6662297 20.51875 57.23950842471052 988.0218513633439 5 7 7 5 7 7 1218 341 42 2 0 0
1663261872.798552 20.50859375 57.20376104246511 988.0426568331391 5 7 7 5 7 7 1218 341 42 2 0 0
1663261877.932222 20.503515625 57.08564243788783 988.012056437913 5 7 7 5 7 7 1218 341 42 2 0 0
1663261883.065646 20.51875 57.286314327950834 988.022155334235 6 9 9 6 9 9 1107 343 48 4 0 0
1663261888.1972172 20.513671875 57.18607079045454 988.0204721846732 6 9 9 6 9 9 1107 343 48 4 0 0
1663261893.32946 20.493359375 57.356517826797 988.0499963416885 6 9 9 6 9 9 1113 350 55 4 0 0
1663261898.4612548 20.483203125 57.243745014784736 988.0195340365738 6 9 9 6 9 9 1113 350 55 4 0 0
1663261903.5933242 20.473046875 57.20210489670632 988.0201399794568 6 9 9 6 9 9 1113 350 55 4 0 0
1663261908.726543 20.462890625 57.42006875719889 988.0473707997746 6 9 9 6 9 9 1107 343 53 4 0 0
1663261913.8603487 20.4578125 57.44327926010485 988.0052957871949 6 9 9 6 9 9 1107 343 53 4 0 0
1663261918.991907 20.452734375 57.33126285094264 988.0257944448712 6 9 9 6 9 9 1107 343 53 4 0 0
1663261924.1230266 20.462890625 57.41435878523848 988.046462700398 6 9 9 6 9 9 1143 350 51 4 0 0
1663261929.2534237 20.442578125 57.3662664335652 988.0378681312453 6 9 9 6 9 9 1143 350 51 4 0 0
1663261934.383806 20.4578125 57.266777637391165 988.0534976241884 6 9 9 6 9 9 1143 350 51 4 0 0
1663261939.5142047 20.462890625 57.49671171049442 988.0622153466956 6 10 10 6 10 10 1143 345 60 6 0 0
1663261944.6446266 20.442578125 57.38432371797293 988.0092672624501 6 10 10 6 10 10 1143 345 60 6 0 0
1663261949.7750635 20.442578125 57.313206501249695 988.0462829308786 6 10 10 6 10 10 1143 345 60 6 0 0
1663261954.9032483 20.4375 57.2715687802491 988.009862641439 6 10 10 6 10 10 1200 359 55 6 0 0
1663261960.0346942 20.442578125 57.26567324354446 988.0370915804192 6 10 10 6 10 10 1200 359 55 6 0 0
1663261965.1662462 20.4375 57.360185767248375 988.0387744994655 7 9 9 7 9 9 1251 371 38 0 0 0
1663261970.2966514 20.422265625 57.489323074852756 988.0168965573184 7 9 9 7 9 9 1251 371 38 0 0 0
1663261975.4270332 20.432421875 57.55435504818944 988.0421403377676 7 9 9 7 9 9 1251 371 38 0 0 0
1663261980.5575027 20.42734375 57.500926268484264 988.0043394513939 7 9 9 7 9 9 1266 375 47 0 0 0
1663261985.687998 20.432421875 57.330338737687 988.0370915804192 7 9 9 7 9 9 1266 375 47 0 0 0
1663261990.8210762 20.432421875 57.41932553307642 988.0196579595291 7 9 9 7 9 9 1266 375 47 0 0 0
1663261995.9563735 20.462890625 57.31984073470346 988.035287106628 6 9 9 6 9 9 1173 349 43 0 0 0
1663262001.0907638 20.44765625 57.53152355444373 987.9991600754461 6 9 9 6 9 9 1173 349 43 0 0 0
1663262006.2235782 20.442578125 57.36037092665629 988.0398533096734 6 9 9 6 9 9 1173 349 43 0 0 0
1663262011.3573143 20.44765625 57.602078279063676 988.0078773432614 6 8 8 6 8 8 1179 354 39 0 0 0
1663262016.4916728 20.473046875 57.37861343641983 988.0123305518189 6 8 8 6 8 8 1179 354 39 0 0 0
1663262021.6245325 20.473046875 57.28446542903757 988.0164710081472 6 8 8 6 8 8 1179 354 39 0 0 0
1663262026.7587771 20.4578125 57.31984073470346 988.0170767863118 6 9 9 6 9 9 1191 352 49 2 0 0
1663262031.893028 20.44765625 57.35466049077347 987.9893649531913 6 9 9 6 9 9 1191 352 49 2 0 0
1663262037.0271797 20.452734375 57.30749544429895 987.980647540096 6 9 9 6 9 9 1191 352 49 2 0 0
1663262042.1611507 20.432421875 57.548647408328456 987.9941112013297 5 8 8 5 8 8 1185 349 49 2 0 0
1663262047.2955215 20.442578125 57.33678879620527 988.0179750141382 5 8 10 5 8 10 1065 297 62 6 2 0
1663262052.4295444 20.432421875 57.3951870911141 987.9832382078575 5 8 10 5 8 10 1053 295 55 8 2 0
1663262057.5630765 20.422265625 57.389291837661226 988.0158177169797 5 8 10 5 8 10 1053 295 55 8 2 0
1663262062.6957064 20.4375 57.44843010069407 988.0449021487827 5 8 10 5 8 10 1053 295 55 8 2 0
1663262067.829989 20.442578125 57.4307443850326 988.0179750141382 5 8 9 5 8 9 1059 295 55 8 2 0
1663262072.964245 20.432421875 57.58991249492161 988.0233260952717 5 8 9 5 8 9 1059 295 55 8 2 0
1663262078.0983124 20.42734375 57.37731590620583 988.0087841151836 5 8 9 5 8 9 1059 295 55 8 2 0
1663262083.2322145 20.422265625 57.624717501582964 988.0135307211137 4 8 9 4 8 9 1038 286 50 6 2 0
1663262088.3659146 20.432421875 57.51309000119813 988.0074032629104 4 8 9 4 8 9 1038 286 50 6 2 0
1663262093.4995766 20.422265625 57.40071099732612 988.03769530574 4 8 9 4 8 9 1038 286 50 6 2 0
1663262098.6338074 20.422265625 57.46592933064418 988.0023545913078 4 8 9 4 8 9 1038 293 55 8 2 0
1663262103.7672474 20.42734375 57.38910630925449 988.0542225558451 4 8 9 4 8 9 1038 293 55 8 2 0
1663262108.9016232 20.412109375 57.39500149535794 988.0500786484666 4 8 9 4 8 9 1038 293 55 8 2 0
1663262114.0347326 20.422265625 57.28814893134943 988.0571114405913 4 7 7 4 7 7 933 264 44 6 0 0
1663262119.1690288 20.42734375 57.51290305850285 988.0696702644136 4 7 7 4 7 7 933 264 44 6 0 0
1663262124.3028798 20.4171875 57.58916120080348 988.0349328638378 4 7 7 4 7 7 933 264 44 6 0 0
1663262129.4362416 20.401953125 57.376574223883715 988.0419657754564 5 8 8 5 8 8 1005 297 48 4 0 0
1663262134.5694027 20.412109375 57.476600166989556 988.0422671184983 5 8 8 5 8 8 1005 297 48 4 0 0
1663262139.7008193 20.401953125 57.68271942144388 988.015944514067 4 6 6 4 6 6 963 280 41 4 0 0
1663262144.8348918 20.4171875 57.51290305850285 988.014738493142 4 6 6 4 6 6 963 280 41 4 0 0
1663262149.9691198 20.412109375 57.48913639078862 988.0178024691709 4 6 6 4 6 6 963 280 41 4 0 0
1663262155.1027765 20.422265625 57.4714514971425 988.0211682243144 5 8 8 5 8 8 969 285 43 4 0 0
1663262160.2366693 20.412109375 57.583642022516464 988.0222473515474 5 8 8 5 8 8 969 285 43 4 0 0
1663262165.369992 20.4171875 57.382840158508316 988.0077052054186 5 8 8 5 8 8 969 285 43 4 0 0
1663262170.5034022 20.4375 57.45432531868576 987.999765054001 5 8 8 5 8 8 981 289 43 6 0 0
1663262175.6365776 20.422265625 57.36552546203481 988.0020524986797 5 8 8 5 8 8 981 289 43 6 0 0
1663262180.76966 20.42734375 57.40089667118079 987.9916527926008 5 8 8 5 8 8 981 289 43 6 0 0
1663262185.9025872 20.4171875 57.3417594499735 987.9956230301499 5 8 8 5 8 8 924 275 38 6 0 0
1663262191.0367596 20.4171875 57.312467954376 987.9989888105889 5 8 8 5 8 8 924 275 38 6 0 0
1663262196.17076 20.442578125 57.47809260496709 988.0129261783852 5 8 8 5 8 8 924 275 38 6 0 0
1663262201.3049634 20.442578125 57.478652091847685 988.0078773432614 5 8 9 5 8 9 981 294 45 8 2 0
1663262206.4382753 20.462890625 57.52010687326171 988.0170767863118 5 8 9 5 8 9 981 294 45 8 2 0
1663262211.5717368 20.462890625 57.42559270542634 987.9837197939418 6 8 10 6 8 10 1041 324 58 6 2 0
1663262216.7055945 20.462890625 57.38432371797293 988.0156965246623 6 8 10 6 8 10 1041 324 58 6 2 0
1663262221.8387907 20.4578125 57.31947143405607 987.9884657944 6 8 10 6 8 10 1041 324 58 6 2 0
1663262226.9718268 20.44765625 57.578873104986776 987.9944137860078 5 8 10 5 8 10 1047 319 55 6 2 0
1663262232.1061072 20.442578125 57.27193708923837 988.0227310459279 5 8 10 5 8 10 1047 319 55 6 2 0
1663262237.2398136 20.462890625 57.46686118906143 988.0042183447997 5 8 10 5 8 10 1047 319 55 6 2 0
1663262242.373977 20.4578125 57.42559270542634 988.0095602882326 5 8 9 5 8 9 1047 316 48 4 0 0
1663262247.5090923 20.442578125 57.43111633098203 988.0196579595291 5 8 9 5 8 9 1047 316 48 4 0 0
1663262252.643335 20.4375 57.63726031240351 987.9953208832947 5 8 9 5 8 9 1047 316 48 4 0 0
1663262257.7761762 20.432421875 57.34231441878182 987.9902721724899 5 8 8 5 8 8 978 290 43 4 0 0
1663262262.9108748 20.432421875 57.330523581836985 987.9950186269875 5 8 8 5 8 8 978 290 43 4 0 0
1663262268.0451987 20.422265625 57.61311615393037 988.0074032629104 5 8 8 5 8 8 978 290 43 4 0 0
1663262273.1790335 20.42734375 57.41858213696581 987.978794132149 5 7 8 5 7 8 972 275 38 4 0 0
1663262278.3133488 20.42734375 57.34212943992845 987.9569165752007 5 7 8 5 7 8 972 275 38 4 0 0
1663262283.4463656 20.422265625 57.542377806752185 988.0071012109528 5 7 8 5 7 8 972 275 38 4 0 0
1663262288.57995 20.42734375 57.51365076478946 987.9916527926008 5 7 8 5 7 8 972 275 40 4 0 0
1663262293.7141333 20.432421875 57.294966384222796 987.9882869584939 5 7 7 5 7 7 1101 291 51 0 0 0
1663262298.847127 20.42734375 57.27138460963014 988.0034332141779 5 7 7 5 7 7 1089 299 49 0 0 0
1663262303.9812603 20.422265625 57.28262253700983 987.9656333002101 5 7 7 5 7 7 1089 299 49 0 0 0
1663262309.1156902 20.422265625 57.50700807801121 987.987510685465 5 7 7 5 7 7 1089 299 49 0 0 0
1663262314.2485821 20.396875 57.54162858160068 988.0018790311857 5 7 7 5 7 7 1116 313 51 0 0 0
1663262319.3823357 20.401953125 57.58878548925076 987.9816850026305 5 7 7 5 7 7 1116 313 51 0 0 0
1663262324.5169797 20.40703125 57.49447101605325 988.0052447035904 5 7 7 5 7 7 1116 313 51 0 0 0
1663262329.650337 20.396875 57.63004724376315 988.017024559209 5 7 7 5 7 7 1059 301 47 0 0 0
1663262334.7839868 20.396875 57.58840973470225 988.0408855278831 4 6 6 4 6 6 1059 301 47 0 0 0
1663262339.9120402 20.391796875 57.57624531065683 987.9705086809337 4 6 6 4 6 6 1059 301 47 0 0 0
1663262345.0463886 20.396875 57.453207606517815 988.00951456218 5 6 6 5 6 6 1029 296 52 0 0 0
1663262350.1805968 20.38671875 57.28796449417159 988.0187073960053 5 6 6 5 6 6 1029 296 52 0 0 0
1663262355.3147233 20.396875 57.34120438442045 988.0086103762748 6 7 7 6 7 7 1029 296 52 0 0 0
1663262360.4488919 20.40703125 57.58840973470225 987.9968305231031 5 8 8 5 8 8 1050 298 56 0 0 0
1663262365.5823674 20.391796875 57.48249486215485 987.9533787648512 5 8 8 5 8 8 1050 298 56 0 0 0
1663262370.7162445 20.412109375 57.65951961716833 987.986431718412 4 7 7 4 7 7 1050 298 56 0 0 0
1663262375.8503115 20.422265625 57.51842397638717 987.9872085802756 5 7 7 5 7 7 1044 284 45 4 0 0
1663262380.9831316 20.432421875 57.330338737687 987.9664090436149 5 7 7 5 7 7 1044 284 45 4 0 0
1663262386.117403 20.44765625 57.19547582164783 987.9604520566357 5 8 8 5 8 8 1086 291 48 2 0 0
1663262391.251384 20.452734375 57.17225822460997 987.9840226804912 5 8 8 5 8 8 1086 291 48 2 0 0
1663262396.3852065 20.478125 57.43812769846637 987.985873231968 5 8 8 5 8 8 1086 291 48 2 0 0
1663262401.5182624 20.478125 57.43831365816975 987.9771545606043 5 8 8 5 8 8 1008 275 57 2 0 0
1663262406.6514463 20.483203125 57.34416361609826 987.9802171092725 5 8 8 5 8 8 1008 275 57 2 0 0
1663262411.7857108 20.46796875 57.37916935955725 987.9642971975351 5 8 8 5 8 8 1008 275 57 2 0 0
1663262416.9200606 20.4578125 57.33126285094264 987.9769878538486 5 9 9 5 9 9 1086 296 66 2 0 0
1663262422.0542538 20.473046875 57.302706392316374 987.968131884607 5 9 9 5 9 9 1086 296 66 2 0 0
1663262427.1891325 20.473046875 57.261249596853816 987.971029298354 5 9 9 5 9 9 1086 296 66 2 0 0
1663262432.3202896 20.48828125 57.326475324703395 987.9727123237336 5 8 8 5 8 8 1050 289 64 2 0 0
1663262437.4540575 20.46796875 57.40827737937778 988.0030067925237 5 8 8 5 8 8 1050 289 64 2 0 0
1663262442.5885034 20.462890625 57.290361339021416 987.9716358085975 5 8 8 5 8 8 1050 289 64 2 0 0
1663262447.721995 20.452734375 57.348764895950346 987.9688668401872 5 8 8 5 8 8 1083 300 59 2 0 0
1663262452.855205 20.442578125 57.34857988199384 987.9843161210041 5 8 8 5 8 8 1083 300 59 2 0 0
1663262457.9895408 20.442578125 57.17170927692071 987.9691696282185 6 10 10 6 10 10 1140 353 65 6 0 0
1663262463.1238768 20.4578125 57.47312944841118 987.9733188068631 6 10 10 6 10 10 1140 353 65 6 0 0
1663262468.2582211 20.483203125 57.055061696381955 987.9373688054474 6 10 10 6 10 10 1140 353 65 6 0 0
1663262473.3921564 20.473046875 57.38506523972144 987.9788376133777 6 9 9 6 9 9 1089 341 61 4 0 0
1663262478.5262444 20.503515625 57.427272275739874 987.9361533866733 6 9 9 6 9 9 1089 341 61 4 0 0
1663262483.6593993 20.503515625 57.35117620952297 987.9780891449763 6 9 9 6 9 9 1089 341 61 4 0 0
1663262488.7930934 20.513671875 57.32777480840156 987.9592697925036 5 9 9 5 9 9 1026 325 59 4 0 0
1663262493.9272773 20.503515625 57.268624507903894 988.0100692229786 5 9 9 5 9 9 1026 325 59 4 0 0
1663262499.0614557 20.513671875 57.23914126879536 987.9756355454383 5 9 9 5 9 9 1026 325 59 4 0 0
1663262504.195461 20.503515625 57.19178449618222 987.9349362161264 5 9 9 5 9 9 1047 327 61 4 0 0
1663262509.3299997 20.503515625 57.250199615622904 987.9874173908205 5 9 9 5 9 9 1047 327 61 4 0 0
1663262514.4635582 20.493359375 57.27930609517982 987.948238859623 5 9 9 5 9 9 1047 327 61 4 0 0
1663262519.5971773 20.478125 57.18459954540364 987.9488463792084 4 8 8 4 8 8 1032 317 63 4 0 0
1663262524.730772 20.473046875 57.15530102038975 987.9356857815361 4 8 8 4 8 8 1032 317 63 4 0 0
1663262529.8643415 20.46796875 57.27893782347457 987.9138064770552 4 8 8 4 8 8 1032 317 63 4 0 0
1663262534.9976912 20.46796875 57.461710746107386 987.9693462730444 5 9 9 5 9 9 1059 319 65 4 0 0
1663262540.1313088 20.462890625 57.31412944297894 987.9396588548374 5 7 7 5 7 7 954 285 53 0 0 0
1663262545.2643113 20.462890625 57.378798754881636 987.9164004433561 5 7 7 5 7 7 918 278 58 0 0 0
1663262550.3978922 20.46796875 57.34931987332354 987.9598548226963 5 7 7 5 7 7 918 278 58 0 0 0
1663262555.5318987 20.462890625 57.30804900727807 987.9534260723333 5 7 7 5 7 7 918 278 58 0 0 0
1663262560.6659794 20.452734375 57.41969716663616 987.9318505942974 5 7 7 5 7 7 939 278 56 0 0 0
1663262565.8000598 20.44765625 57.330893237888674 987.9352165333145 5 7 7 5 7 7 939 278 56 0 0 0
1663262570.933295 20.442578125 57.51327693314432 987.9338278337435 5 7 7 5 7 7 939 278 56 0 0 0
1663262576.0673559 20.442578125 57.34857988199384 987.9341307970088 4 6 6 4 6 6 888 259 52 0 0 0
1663262581.200229 20.4375 57.55510459710604 987.9290820124145 4 6 6 4 6 6 888 259 52 0 0 0
1663262586.333885 20.4375 57.23066717343186 987.932750736105 4 6 6 4 6 6 888 259 52 0 0 0
1663262591.4675608 20.432421875 57.43682567956462 987.9301588503242 4 6 6 4 6 6 873 255 50 0 0 0
1663262596.6006362 20.4375 57.36055607531481 987.9358137253469 4 6 6 4 6 6 873 255 50 0 0 0
1663262601.7341843 20.432421875 57.442907087761505 987.9439254861614 4 6 6 4 6 6 873 255 50 0 0 0
1663262606.8683734 20.462890625 57.272673578222445 987.9228288893131 5 7 7 5 7 7 972 286 55 0 0 0
1663262612.002902 20.478125 57.51514566140705 987.928953686591 5 7 7 5 7 7 972 286 55 0 0 0
1663262617.1368003 20.478125 57.25000877547088 987.9324830749487 5 7 7 5 7 7 972 286 55 0 0 0
1663262622.2686195 20.503515625 57.356517826797 987.9304957048308 4 7 7 4 7 7 987 295 42 4 0 0
1663262627.401735 20.483203125 57.39741340174259 987.9283460605953 5 8 8 5 8 8 987 295 42 4 0 0
1663262632.535735 20.483203125 57.14406304586436 987.8963681097188 5 8 8 5 8 8 1044 311 42 4 0 0
1663262637.6700199 20.48828125 57.338828983168135 987.9307999833923 5 8 8 5 8 8 1044 311 42 4 0 0
1663262642.8037229 20.503515625 57.3386442118221 987.9557422888789 5 8 8 5 8 8 1044 311 42 4 0 0
1663262647.9373333 20.48828125 57.291474048465176 987.9300291113407 5 8 8 5 8 8 1008 297 42 2 0 0
1663262653.0713 20.483203125 57.391331940680615 987.9617033827142 5 8 8 5 8 8 1008 297 42 2 0 0
1663262658.2042408 20.493359375 57.285577731767994 987.9468596226411 5 8 8 5 8 8 1008 297 42 2 0 0
1663262663.3378491 20.483203125 57.249824992516345 987.9597164879663 4 7 7 4 7 7 993 288 44 2 0 0
1663262668.4715528 20.473046875 57.43260368481048 987.9020253179989 4 7 7 4 7 7 993 288 44 2 0 0
1663262673.6051447 20.48828125 57.27322583209039 987.9670562454324 4 7 7 4 7 7 993 288 44 2 0 0
1663262678.7386768 20.48828125 57.3091629368533 987.9661449207655 5 8 8 5 8 8 1002 295 48 2 0 0
1663262683.8720796 20.493359375 57.291658280988976 987.883673448202 5 8 8 5 8 8 1002 295 48 2 0 0
1663262689.005535 20.4984375 57.392080603136655 987.9133601339167 5 8 8 5 8 8 1002 295 48 2 0 0
1663262694.1392055 20.503515625 57.29184250276329 987.9349362161264 5 8 8 5 8 8 1017 302 48 2 0 0
1663262699.272381 20.51875 57.23287752591758 987.9113723693403 5 8 8 5 8 8 1017 302 48 2 0 0
1663262704.406374 20.523828125 57.092085004407174 987.9477922522636 6 8 9 6 8 9 1173 330 46 4 2 0
1663262709.5422585 20.5443359375 56.998815280830506 987.9389241948671 6 8 9 6 8 9 1173 330 46 4 2 0
1663262714.67689 20.5443359375 57.04563344358578 987.9078589770473 6 8 9 6 8 9 1173 330 46 4 2 0
1663262719.8121998 20.5646484375 57.029027547903276 987.9090853051811 6 9 10 6 9 10 1140 327 55 6 2 0
1663262724.9475436 20.5798828125 56.905170384070935 987.9009748919152 6 9 10 6 9 10 1140 327 55 6 2 0
1663262730.0827932 20.5849609375 57.04118554909363 987.8919459294157 6 9 10 6 9 10 1140 327 55 6 2 0
1663262735.2159758 20.5849609375 56.87603845932854 987.8754191643894 5 9 10 5 9 10 1140 325 62 8 2 0
1663262740.3502996 20.5900390625 57.07639160426825 987.9107686129552 5 9 10 5 9 10 1140 325 62 8 2 0
1663262745.4854977 20.5849609375 57.17112094283039 987.8838356969642 5 9 10 5 9 10 1140 325 62 8 2 0
1663262750.6206565 20.5849609375 56.97594646179565 987.8787857772094 5 9 11 5 9 11 1140 328 69 10 2 0
1663262755.755524 20.5697265625 57.00507450488961 987.8679214920978 5 9 11 5 9 11 1140 328 69 10 2 0
1663262760.8908029 20.5748046875 57.00525528629706 987.9127579504519 5 9 11 5 9 11 1140 328 69 10 2 0
1663262766.0254729 20.5595703125 56.963970252624954 987.9248468376402 5 10 12 5 10 12 1155 333 69 12 2 0
1663262771.160674 20.5595703125 56.940198538115325 987.8679214920978 5 10 12 5 10 12 1155 333 69 12 2 0
1663262776.295836 20.5646484375 57.00561681686188 987.903729175309 5 10 12 5 10 12 1155 333 69 12 2 0
1663262781.430958 20.5849609375 57.02938959588813 987.9272956773789 5 10 11 5 10 11 1182 340 64 10 0 0
1663262786.566557 20.5697265625 57.070493761901275 987.9410681648501 5 8 8 5 8 8 948 301 47 4 0 0
1663262791.7015703 20.5849609375 57.0767547085708 987.9269895506825 5 7 7 5 7 7 912 286 49 2 0 0
1663262796.8340387 20.5849609375 56.86424192998643 987.9182665694206 5 7 7 5 7 7 912 286 49 2 0 0
1663262801.9674692 20.5849609375 56.94699683591692 987.9549941453535 5 7 7 5 7 7 912 286 49 2 0 0
1663262807.1002936 20.6001953125 56.91786513939355 987.9513211656953 4 7 7 4 7 7 882 279 47 2 0 0
1663262812.2345443 20.5900390625 57.08836895038952 987.9104624602156 4 7 7 4 7 7 882 279 47 2 0 0
1663262817.368526 20.5849609375 56.976307297199725 987.9367834107985 4 7 7 4 7 7 882 279 47 2 0 0
1663262822.5024953 20.5900390625 56.811157038683284 987.9188790679227 4 7 7 4 7 7 855 272 42 2 0 0
1663262827.6364188 20.5798828125 56.93466059649066 987.8942417171476 4 7 7 4 7 7 855 272 42 2 0 0
1663262832.7696035 20.5748046875 57.07031226098793 987.9228577176401 4 7 7 4 7 7 855 272 42 2 0 0
1663262837.9027815 20.5646484375 56.93466059649066 987.8908751301833 4 7 7 4 7 7 855 265 40 2 0 0
1663262843.0362847 20.5595703125 57.0815628292936 987.9265301189289 4 7 7 4 7 7 855 265 40 2 0 0
1663262848.1711686 20.5544921875 56.99291764154962 987.9139809738211 4 7 7 4 7 7 855 265 40 2 0 0
1663262853.3059502 20.5494140625 57.01650813695274 987.9083198798752 4 7 7 4 7 7 876 269 42 2 0 0
1663262858.4385798 20.5443359375 56.868885576224294 987.9008206458286 4 7 7 4 7 7 876 269 42 2 0 0
1663262863.569931 20.5544921875 57.13445814515141 987.9086256216274 4 7 7 4 7 7 876 269 42 2 0 0
1663262868.7017987 20.5544921875 57.02866545691853 987.9083198798752 5 6 6 5 6 6 873 259 39 0 0 0
1663262873.8334439 20.5798828125 56.84011212709969 987.9026581857822 5 6 6 5 6 6 873 259 39 0 0 0
1663262878.9666743 20.5748046875 56.94645660944477 987.8872023104836 3 5 5 3 5 5 831 247 39 0 0 0
1663262884.1003969 20.5900390625 56.78148688321995 987.9306623216507 3 5 5 3 5 5 831 247 39 0 0 0
1663262889.2326174 20.5646484375 56.887834947518044 987.9626454561909 3 5 5 3 5 5 831 247 39 0 0 0
1663262894.3630037 20.5646484375 56.887655545717614 987.8959250107345 4 6 6 4 6 6 879 261 46 2 0 0
1663262899.4934163 20.5849609375 56.98238584048342 987.9171957462413 5 7 7 5 7 7 879 261 46 2 0 0
1663262904.6216545 20.5849609375 57.02938959588813 987.9040353822787 5 7 7 5 7 7 879 261 46 2 0 0
1663262909.7542093 20.5900390625 57.111960404121774 987.9054124964307 5 6 8 5 6 8 909 261 39 4 2 2
1663262914.8846574 20.6001953125 57.065502915749526 987.9184168228811 5 6 8 5 6 8 909 261 39 4 2 2
1663262920.0149894 20.6154296875 57.12484842203275 987.8850556124052 5 6 8 5 6 8 909 261 39 4 2 2
1663262925.1453948 20.6255859375 56.91286478366709 987.9057114512382 5 7 9 5 7 9 966 280 43 4 2 2
1663262930.275853 20.6205078125 56.89516854253636 987.884441284208 5 7 9 5 7 9 966 280 43 4 2 2
1663262935.4062457 20.6154296875 56.77111429318528 987.9069398408418 5 7 9 5 7 9 966 280 43 4 2 2
1663262940.5366592 20.6154296875 56.89516854253636 987.9035730356975 5 7 9 5 7 9 957 287 43 4 2 2
1663262945.6670582 20.6154296875 56.794531607051 987.9130595847345 5 7 9 5 7 9 957 287 43 4 2 2
1663262950.7975492 20.6255859375 56.84744154857313 987.9254572741384 7 10 11 7 10 11 1320 379 73 4 2 0
1663262955.9290571 20.6103515625 56.7943533477067 987.9015826594834 7 10 11 7 10 11 1320 379 73 4 2 0
1663262961.0608015 20.6154296875 56.82992423780604 987.9119900490831 7 10 11 7 10 11 1320 379 73 4 2 0
1663262966.1950767 20.6052734375 56.92394328173882 987.920407064218 7 10 11 7 10 11 1287 372 68 4 2 0
1663262971.3277295 20.6052734375 56.876755420064015 987.9092367539128 7 10 11 7 10 11 1287 372 68 4 2 0
1663262976.4552748 20.6103515625 56.894450945360305 987.8884224160105 7 10 11 7 10 11 1287 372 68 4 2 0
1663262981.5873098 20.6154296875 56.876755420064015 987.9416779054799 6 9 9 6 9 9 1218 351 68 2 0 0
1663262986.7184312 20.6255859375 56.87765137910242 987.9029590057694 6 9 9 6 9 9 1218 351 68 2 0 0
1663262991.8502655 20.6306640625 56.70068092689037 987.923922258922 5 8 8 5 8 8 1218 351 68 2 0 0
1663262996.9840295 20.6255859375 56.84190048665335 987.8979087172313 5 8 8 5 8 8 1197 349 66 2 0 0
1663263002.1175556 20.6306640625 56.66510898029194 987.890105817918 5 8 8 5 8 8 1197 349 66 2 0 0
1663263007.2508082 20.6154296875 56.86567460151764 987.9349441811326 6 9 9 6 9 9 1197 349 66 2 0 0
1663263012.380518 20.6154296875 56.84136409166578 987.9153568549273 7 9 9 7 9 9 1227 356 64 2 0 0
1663263017.5139751 20.6306640625 56.83618040324784 987.9002062308329 7 9 9 7 9 9 1227 356 64 2 0 0
1663263022.6490269 20.6052734375 56.9950849501607 987.8816888090796 7 9 9 7 9 9 1227 356 64 2 0 0
1663263027.7828336 20.6103515625 56.77647902757168 987.9005131085902 6 9 9 6 9 9 1215 353 52 2 0 0
1663263032.9114044 20.6103515625 56.794709855644875 987.8833722107073 4 6 6 4 6 6 1038 294 41 0 0 0
1663263038.0452995 20.6357421875 56.87211068685942 987.8936197886485 4 6 6 4 6 6 1011 292 43 0 0 0
1663263043.1760097 20.6255859375 56.724277522279806 987.8925511686851 4 6 6 4 6 6 1011 292 43 0 0 0
1663263048.3079445 20.6205078125 57.02475796162311 987.907702156319 4 6 6 4 6 6 1011 292 43 0 0 0
1663263053.4388242 20.6154296875 56.92430277552176 987.8769456721805 4 6 6 4 6 6 963 282 34 0 0 0
1663263058.566433 20.6255859375 57.01867867910743 987.8864319184071 4 6 6 4 6 6 963 282 34 0 0 0
1663263063.6974695 20.6458984375 56.742685236135344 987.8798484623843 5 7 7 5 7 7 963 282 34 0 0 0
1663263068.8298187 20.6408203125 56.76056105961949 987.8969910960071 5 7 7 5 7 7 1011 296 43 0 0 0
1663263073.962383 20.6458984375 56.8542347439738 987.893927254841 5 7 7 5 7 7 1011 296 43 0 0 0
1663263079.0940182 20.6458984375 56.86639067927643 987.9222433664839 5 7 7 5 7 7 1011 296 43 0 0 0
1663263084.2282279 20.6408203125 56.84833576957613 987.9306607934744 5 7 7 5 7 7 984 284 50 0 0 0
1663263089.359423 20.6458984375 56.83046016405708 987.9205598812956 5 7 7 5 7 7 984 284 50 0 0 0
1663263094.4943497 20.6458984375 56.789523597839114 987.8861247130911 5 7 7 5 7 7 984 284 50 0 0 0
1663263099.6258204 20.6306640625 56.84207926348188 987.907702156319 5 8 8 5 8 8 978 289 54 0 0 0
1663263104.7548928 20.6458984375 56.830638784640044 987.9292798543171 5 8 8 5 8 8 978 289 54 0 0 0
1663263109.8872957 20.6255859375 56.85387695307985 987.9161193741197 5 8 8 5 8 8 978 289 54 0 0 0
1663263115.0212798 20.6408203125 56.807042660658055 987.9357065590392 6 9 9 6 9 9 1134 326 64 4 0 0
1663263120.1532578 20.6357421875 56.71837838886786 987.9427475193763 6 9 9 6 9 9 1134 326 64 4 0 0
1663263125.2843418 20.6255859375 56.84797811342588 987.8914821648027 6 9 9 6 9 9 1056 308 59 4 0 0
1663263130.4130485 20.6357421875 56.78380250296437 987.9020371392284 6 9 9 6 9 9 1056 308 59 4 0 0
1663263135.5447297 20.6458984375 56.86603266189759 987.9107618221722 6 9 9 6 9 9 1056 308 59 4 0 0
1663263140.6782267 20.6458984375 56.68959051723228 987.9098437593841 6 8 8 6 8 8 1071 310 52 4 0 0
1663263145.8103163 20.6458984375 56.89606529712641 987.8953076118684 6 8 8 6 8 8 1071 310 52 4 0 0
1663263150.9470387 20.6509765625 56.801500139118254 987.9249953688596 5 7 7 5 7 7 1071 310 52 4 0 0
1663263156.0802658 20.6458984375 56.671892092355904 987.9256103370702 5 7 7 5 7 7 1092 305 48 4 0 0
1663263161.211908 20.6509765625 56.830995993554964 987.9441286802975 5 7 7 5 7 7 1092 305 48 4 0 0
1663263166.343423 20.6509765625 56.795779121449314 987.9508626253883 5 7 7 5 7 7 1092 305 48 4 0 0
1663263171.4746432 20.6458984375 56.725164453956175 987.9373947363263 6 9 9 6 9 9 1113 310 58 4 0 0
1663263176.6093764 20.6509765625 56.6661692878672 987.9272892014628 6 9 9 6 9 9 1113 310 58 4 0 0
1663263181.7426727 20.6458984375 56.94307789406935 987.940761708172 6 9 9 6 9 9 1113 310 58 4 0 0
1663263186.876513 20.6560546875 56.7012123096188 987.9373947363263 6 8 8 6 8 8 1092 303 51 2 0 0
1663263192.0099645 20.6509765625 56.725164453956175 987.9552986048136 6 8 8 6 8 8 1092 303 51 2 0 0
1663263197.1443892 20.6458984375 56.784158590899175 987.9256103370702 5 7 7 5 7 7 1116 327 42 2 0 0
1663263202.2769043 20.6458984375 56.73696336367645 987.9401469840029 5 7 7 5 7 7 1116 327 42 2 0 0
1663263207.408385 20.6458984375 56.66563918245759 987.9373947363263 6 8 8 6 8 8 1116 327 42 2 0 0
1663263212.5407434 20.6408203125 56.61879626200071 987.9188718456356 6 8 8 6 8 8 1023 298 38 2 0 0
1663263217.6716895 20.6408203125 56.724987089122 987.9609635451233 6 8 8 6 8 8 1023 298 38 2 0 0
1663263222.8015795 20.6458984375 56.65991645655845 987.9373947363263 6 8 8 6 8 8 1023 298 38 2 0 0
1663263227.9338813 20.6509765625 56.571423644844785 987.9710644673771 4 6 6 4 6 6 951 274 36 2 0 0
1663263233.067549 20.6458984375 56.801321876902456 987.9525461118357 4 6 6 4 6 6 951 274 36 2 0 0
1663263238.1994076 20.6458984375 56.878009687465955 987.9441286802975 4 6 6 4 6 6 951 274 36 2 0 0
1663263243.330297 20.6560546875 56.8311745818869 987.9357112505081 6 8 8 6 8 8 1092 312 31 0 0 0
1663263248.461916 20.6408203125 56.69531293291172 987.939078222214 6 8 8 6 8 8 1092 312 31 0 0 0
1663263253.5957885 20.6458984375 56.87193160542371 987.9222387877567 6 8 8 6 8 8 1092 312 31 0 0 0
1663263258.7268844 20.6458984375 56.783446372027825 987.8953032586246 6 7 7 6 7 7 1155 331 41 0 0 0
1663263263.8588746 20.6357421875 56.66581589501146 987.9090783651242 6 7 7 6 7 7 1155 331 41 0 0 0
1663263268.992124 20.6408203125 56.74822929695875 987.9337204032267 6 7 7 6 7 7 1155 331 41 0 0 0
1663263274.1284924 20.6357421875 56.907504536137345 987.9458121664652 5 7 7 5 7 7 1107 317 39 0 0 0
1663263279.2584114 20.6458984375 56.91340347499937 987.9155049037945 5 9 9 5 9 9 1194 341 72 4 0 0
1663263284.3934815 20.6408203125 56.61862009923972 987.8953032586246 5 8 8 5 8 8 1158 331 67 0 0 0
1663263289.5281024 20.6357421875 56.73625330082263 987.9205553166611 5 8 8 5 8 8 1158 331 67 0 0 0
1663263294.659478 20.6357421875 56.76610477419162 987.9306607934744 5 8 8 5 8 8 1158 331 67 0 0 0
1663263299.7936738 20.6408203125 56.641865182633374 987.9107618221722 4 7 7 4 7 7 1074 302 60 0 0 0
1663263304.9273615 20.6458984375 56.884087883208835 987.9256057301576 4 7 7 4 7 7 1074 302 60 0 0 0
1663263310.0609705 20.6408203125 56.71265651824768 987.9441286802975 4 7 7 4 7 7 1074 302 60 0 0 0
1663263315.1930723 20.6357421875 56.647764517199064 987.9393806026918 6 8 8 6 8 8 1152 320 56 0 0 0
1663263320.3251324 20.6306640625 56.67743789373248 987.9306607934744 6 8 8 6 8 8 1152 320 56 0 0 0
1663263325.4601147 20.6306640625 56.647587985282804 987.9427475193763 6 8 8 6 8 8 1152 320 56 0 0 0
1663263330.5903292 20.6458984375 56.71891037799415 987.9519315774769 6 9 9 6 9 9 1182 332 59 0 0 0
1663263335.7244425 20.6408203125 56.76002772009261 987.9256103370702 5 8 8 5 8 8 1182 332 59 0 0 0
1663263340.8558042 20.6357421875 56.79542274251616 987.9256103370702 5 8 8 5 8 8 1182 332 59 0 0 0
1663263345.989184 20.6560546875 56.74250765842078 987.9378482813759 5 8 8 5 8 8 1182 335 57 0 0 0
1663263351.1211019 20.6458984375 56.671892092355904 987.9199448317381 5 8 8 5 8 8 1182 335 57 0 0 0
1663263356.2562625 20.6662109375 56.742685236135344 987.9260635020095 5 8 8 5 8 8 1182 335 57 0 0 0
1663263361.389341 20.6662109375 56.6661692878672 987.9008104149121 4 8 10 4 8 10 861 253 55 10 2 0
1663263366.5269573 20.6662109375 56.78451463583225 987.9047932241515 4 8 10 4 8 10 903 265 57 10 2 0
1663263371.6573744 20.6611328125 56.6897674778003 987.8862746003532 4 8 10 4 8 10 903 265 57 10 2 0
1663263376.7917082 20.6560546875 56.737318330600196 987.9064767358257 4 8 10 4 8 10 903 265 57 10 2 0
1663263381.923219 20.6560546875 56.80775595751551 987.8933164408782 5 8 10 5 8 10 933 272 50 12 2 0
1663263387.057026 20.6662109375 56.748939855820595 987.907544569932 5 8 10 5 8 10 933 272 50 12 2 0
1663263392.190313 20.6560546875 56.73141874613249 987.9263712464762 5 8 10 5 8 10 933 272 50 12 2 0
1663263397.3257596 20.6611328125 56.7196195463213 987.9331053514627 5 8 10 5 8 10 984 291 55 10 2 0
1663263402.456935 20.6662109375 56.6075250948745 987.9230041944029 5 8 10 5 8 10 984 291 55 10 2 0
1663263407.5914528 20.6611328125 56.50132692418525 987.9230041944029 5 8 10 5 8 10 984 291 55 10 2 0
1663263412.7263563 20.6662109375 56.69029829500066 987.9321819520377 5 8 9 5 8 9 978 293 50 6 2 0
1663263417.8603559 20.6712890625 56.743395439488474 987.9285067719812 5 8 9 5 8 9 978 293 50 6 2 0
1663263422.9904256 20.6712890625 56.56067720069482 987.9086120200495 5 8 9 5 8 9 978 293 50 6 2 0
1663263428.1213846 20.6763671875 56.654723211486576 987.9176458045612 5 8 8 5 8 8 957 288 45 2 0 0
1663263433.255646 20.6814453125 56.466275517715644 987.8853503907809 5 8 8 5 8 8 957 288 45 2 0 0
1663263438.3852487 20.6763671875 56.696375003834085 987.9170298513279 None None None None None None None None None None None None
1663263443.5150135 20.6814453125 56.790592201387994 987.9207049886173 6 7 8 6 7 8 1074 305 50 4 0 0
1663263448.6467059 20.6814453125 56.58427720974345 987.933865519133 6 8 8 6 8 8 1065 305 54 4 0 0
1663263453.7812965 20.6763671875 56.684575411005945 987.9392240759895 5 7 7 5 7 7 1065 305 54 4 0 0
1663263458.913906 20.6763671875 56.70192066941502 987.9207049886173 5 7 7 5 7 7 1065 305 54 4 0 0
1663263464.0424378 20.6712890625 56.725873805787366 987.922388541665 5 7 8 5 7 8 1116 324 61 4 0 0
1663263469.1732013 20.6662109375 56.702274784809546 987.9254476843558 6 8 9 6 8 9 1116 324 61 4 0 0
1663263474.3072813 20.6814453125 56.714074315883266 987.9086120200495 6 8 9 6 8 9 1116 324 61 4 0 0
1663263479.4412744 20.6865234375 56.72623523622849 987.9153462849323 6 9 10 6 9 10 1116 322 66 6 0 0
1663263484.5714877 20.6763671875 56.56067720069482 987.9251396111642 6 9 10 6 9 10 1116 322 66 6 0 0
1663263489.704354 20.6865234375 56.637376627997206 987.9237641176104 6 9 10 6 9 10 1116 322 66 6 0 0
1663263494.8360517 20.6814453125 56.619500805537065 987.9066202316742 6 9 10 6 9 10 1131 334 69 6 0 0
1663263499.9676092 20.6865234375 56.778971000881796 987.9318739330779 6 9 10 6 9 10 1131 334 69 6 0 0
1663263505.0986524 20.6763671875 56.55513461992032 987.9591190339604 6 9 10 6 9 10 1131 334 69 6 0 0
1663263510.2290478 20.6814453125 56.619324685779105 987.9473340584151 6 9 10 6 9 10 1131 334 62 6 0 0
1663263515.359936 20.6712890625 56.77914891834704 987.9321819520377 None None None None None None None None None None None None
1663263520.4944909 20.6763671875 56.56067720069482 987.9537604870297 4 7 8 4 7 8 1071 310 58 2 2 0
1663263525.6318712 20.6865234375 56.672775777008184 987.9301903524947 4 7 8 4 7 8 1071 310 58 2 2 0
1663263530.7665002 20.6916015625 56.6967357475416 987.939367326047 4 7 8 4 7 8 1020 300 63 2 2 0
1663263535.900541 20.6966796875 56.41960176121875 987.9083038112781 4 7 8 4 7 8 1020 300 63 2 2 0
1663263541.0333893 20.6966796875 56.73821238357358 987.9194723139897 4 7 8 4 7 8 1020 300 63 2 2 0
1663263546.1668563 20.7017578125 56.60233565453876 987.9494690571607 4 7 7 4 7 7 1053 312 60 0 0 0
1663263551.3015232 20.7017578125 56.7326671404671 987.9353831400714 4 7 7 4 7 7 1053 312 60 0 0 0
1663263556.4351742 20.7119140625 56.56763675542732 987.9286485461566 5 8 8 5 8 8 1053 312 60 0 0 0
1663263561.5691516 20.7068359375 56.54403499528903 987.9569621184802 6 8 8 6 8 8 1095 320 60 0 0 0
1663263566.7029688 20.7169921875 56.42029679466817 987.953286196189 6 8 8 6 8 8 1095 320 60 0 0 0
1663263571.8369284 20.7119140625 56.40849528571591 987.9118120662682 6 8 8 6 8 8 1095 320 60 0 0 0
1663263576.9709182 20.7017578125 56.55011067550947 987.9222225880366 6 8 8 6 8 8 1059 315 51 0 0 0
1663263582.100261 20.6966796875 56.54976021526835 987.9343164614345 6 8 8 6 8 8 1059 315 51 0 0 0
1663263587.2343233 20.7017578125 56.72051258086658 987.9141130092835 6 8 8 6 8 8 1059 315 51 0 0 0
1663263592.3676062 20.7017578125 56.70316669258318 987.8955931869968 5 7 8 5 7 8 1158 339 55 2 0 0
1663263597.5012276 20.7068359375 56.573537169727324 987.9229800304405 5 7 7 5 7 7 942 279 38 2 0 0
1663263602.6351514 20.7068359375 56.49683098090859 987.9401254911139 5 7 7 5 7 7 933 282 40 2 0 0
1663263607.7690296 20.7169921875 56.455875210284034 987.9111943054396 5 7 7 5 7 7 933 282 40 2 0 0
1663263612.902805 20.7068359375 56.62091614688787 987.9216052090937 5 7 7 5 7 7 933 282 40 2 0 0
1663263618.0344682 20.7169921875 56.526858400466644 987.9415004623704 5 7 7 5 7 7 963 287 38 2 0 0
1663263623.169424 20.72734375 56.527033323420305 987.8990994441502 5 7 7 5 7 7 963 287 38 2 0 0
1663263628.3035395 20.7375 56.391659810242686 987.9352134112801 5 7 7 5 7 7 963 287 38 2 0 0
1663263633.4372835 20.72734375 56.59801743553681 987.9271040000025 4 7 8 4 7 8 912 278 40 4 2 2
1663263638.5715837 20.72734375 56.55098663797188 987.9304714324019 4 7 8 4 7 8 912 278 40 4 2 2
1663263643.7061217 20.742578125 56.427066420560884 987.9211246869676 4 7 8 4 7 8 912 278 40 4 2 2
1663263648.8401415 20.742578125 56.38575867248963 987.91133172794 5 7 9 5 7 9 999 300 40 4 2 2
1663263653.974071 20.7578125 56.445639215647255 987.9319821180911 5 7 9 5 7 9 999 300 40 4 2 2
1663263659.1079335 20.76796875 56.268421393009504 987.9232532208877 5 7 9 5 7 9 999 300 40 4 2 2
1663263664.2418034 20.7578125 56.42185999098783 987.8935648318453 5 7 9 5 7 9 1026 309 40 4 2 2
1663263669.37579 20.7578125 56.57529162874012 987.920505362266 5 7 9 5 7 9 1026 309 40 4 2 2
1663263674.5099344 20.752734375 56.55133694770071 987.8992358571526 5 7 9 5 7 9 1026 309 40 4 2 2
1663263679.6435413 20.752734375 56.42758762366203 987.8941845904135 5 7 9 5 7 9 936 269 51 4 2 2
1663263684.776104 20.752734375 56.49840215837326 987.8773470391658 5 7 9 5 7 9 936 269 51 4 2 2
1663263689.9095452 20.762890625 56.386451701533595 987.9266208429638 5 8 10 5 8 10 927 271 58 6 4 2
1663263695.0442336 20.76796875 56.40432932514829 987.8972423041436 5 8 10 5 8 10 927 271 58 6 4 2
1663263700.1781213 20.762890625 56.34531432066763 987.9120864445846 5 8 10 5 8 10 927 271 58 6 4 2
1663263705.3116393 20.752734375 56.29202778419248 987.9306080657931 5 7 9 5 7 9 891 259 55 4 2 0
1663263710.4451365 20.752734375 56.32743706208117 987.8989260733516 5 7 9 5 7 9 891 259 55 4 2 0
1663263715.5786014 20.74765625 56.26217610697608 987.9053513116995 5 7 9 5 7 9 891 259 55 4 2 0
1663263720.7128386 20.752734375 56.480349992720605 987.8938747659375 5 7 10 5 7 10 906 263 57 6 4 2
1663263725.846172 20.74765625 56.273635099084366 987.9009196128723 5 7 10 5 7 10 906 263 57 6 4 2
1663263730.978586 20.742578125 56.43261982897933 987.8729154477855 5 7 10 5 7 10 906 263 57 6 4 2
1663263736.1111019 20.72734375 56.427066420560884 987.8964876389211 5 8 10 5 8 10 918 266 57 6 4 2
1663263741.2441385 20.7375 56.43279366298883 987.9318459513445 5 8 10 5 8 10 918 266 57 6 4 2
1663263746.377541 20.7375 56.468373664165014 987.8934296914065 5 8 10 5 8 10 918 266 57 6 4 2
1663263751.511442 20.752734375 56.34479601249164 987.8914364539517 5 8 10 5 8 10 939 271 55 6 4 2
1663263756.643682 20.752734375 56.21530641052056 987.9292339310638 5 8 10 5 8 10 939 271 55 6 4 2
1663263761.7767262 20.74765625 56.309387728653675 987.9130154705912 7 9 9 7 9 9 1227 363 42 6 0 0
1663263766.9106905 20.752734375 56.40971023687809 987.9312272277946 7 9 9 7 9 9 1227 363 42 6 0 0
1663263772.044545 20.7578125 56.34514156202691 987.9258663901982 7 9 9 7 9 9 1227 363 42 6 0 0
1663263777.1769266 20.74765625 56.31563401063637 987.920505362266 6 10 10 6 10 10 1212 361 42 6 0 0
1663263782.3116555 20.74765625 56.2975848850086 987.9009196128723 6 10 10 6 10 10 1212 361 42 6 0 0
1663263787.4442616 20.752734375 56.2680775957208 987.8891333243042 6 10 10 6 10 10 1212 361 42 6 0 0
1663263792.577819 20.74765625 56.3625000154184 987.919440930408 6 10 10 6 10 10 1176 349 47 6 0 0
1663263797.7120435 20.742578125 56.309387728653675 987.902603368662 6 10 10 6 10 10 1176 349 47 6 0 0
1663263802.846026 20.752734375 56.321190531115874 987.8843918550374 6 10 10 6 10 10 1176 349 47 6 0 0
1663263807.9799252 20.74765625 56.30904294483226 987.8911268215833 6 10 10 6 10 10 1188 349 59 4 0 0
1663263813.1138914 20.7375 56.486076614138064 987.8880689976552 6 10 10 6 10 10 1188 349 59 4 0 0
1663263818.2475636 20.7375 56.31494421642354 987.8681739783304 6 10 10 6 10 10 1188 349 59 4 0 0
1663263823.3816473 20.7375 56.3796843076933 987.8527107234444 6 10 10 6 10 10 1200 352 56 4 0 0
1663263828.5159504 20.74765625 56.480349992720605 987.8588257408769 5 9 9 5 9 9 1200 352 56 4 0 0
1663263833.6488795 20.752734375 56.23266850881668 987.8638770032068 5 9 9 5 9 9 1200 352 56 4 0 0
1663263838.7830672 20.7578125 56.42203362571214 987.8952486144716 5 8 8 5 8 8 1107 326 51 2 0 0
1663263843.9186652 20.78828125 56.29861816970955 987.9341097985148 5 9 9 5 9 9 1056 305 58 6 0 0
1663263849.0532155 20.783203125 56.44633472525837 987.8920135170562 5 9 9 5 9 9 1008 293 54 6 0 0
1663263854.1864817 20.803515625 56.29374882135961 987.8968840489483 5 9 9 5 9 9 1008 293 54 6 0 0
1663263859.3207583 20.81875 56.20521389550778 987.8924543965301 5 9 9 5 9 9 1008 293 54 6 0 0
1663263864.4550204 20.813671875 56.1225792074395 987.8965728535005 4 8 9 4 8 9 1041 303 68 8 0 0
1663263869.5890903 20.80859375 56.193238154062556 987.8722475453208 4 8 9 4 8 9 1041 303 68 8 0 0
1663263874.7229443 20.81875 56.17604312115864 987.8925824955382 4 8 9 4 8 9 1041 303 68 8 0 0
1663263879.857173 20.81875 56.1225792074395 987.8847852362029 5 9 10 5 9 10 990 286 71 10 0 0
1663263884.988656 20.80859375 56.163726231195774 987.8756153531557 5 9 10 5 9 10 990 286 71 10 0 0
1663263890.1231034 20.7984375 56.27013973436732 987.8921433796967 5 9 10 5 9 10 990 286 71 10 0 0
1663263895.252367 20.803515625 56.09306632966235 987.8678179455943 4 8 9 4 8 9 927 267 62 8 0 0
1663263900.3847406 20.803515625 56.22848079692841 987.8675069446634 3 7 8 3 7 8 927 267 62 8 0 0
1663263905.5157883 20.793359375 56.20452965345151 987.8731804260891 3 7 8 3 7 8 927 267 62 8 0 0
1663263910.6481764 20.778125 56.09811966240703 987.8516011280138 4 7 8 4 7 8 975 282 62 8 0 0
1663263915.7813287 20.778125 56.222236015220034 987.8586472767668 5 8 9 5 8 9 975 282 62 8 0 0
1663263920.912746 20.773046875 56.127120105546375 987.8508494139735 5 8 9 5 8 9 975 282 62 8 0 0
1663263926.0481002 20.76796875 56.451714548307805 987.8744227322486 5 8 8 5 8 8 999 286 35 6 0 0
1663263931.1814456 20.783203125 56.210260629547484 987.8387520631567 5 8 8 5 8 8 999 286 35 6 0 0
1663263936.3126779 20.76796875 56.31007716728029 987.8660036884327 5 7 7 5 7 7 990 277 33 6 0 0
1663263941.4454193 20.76796875 56.30383091800681 987.8663140586983 5 7 7 5 7 7 990 277 33 6 0 0
1663263946.5744123 20.7578125 56.49302433391937 987.8528437006992 5 7 7 5 7 7 990 277 33 6 0 0
1663263951.7093952 20.762890625 56.31563401063637 987.8784107913577 4 7 7 4 7 7 984 282 40 6 0 0
1663263956.8440526 20.76796875 56.36319188019048 987.8511599062642 4 7 7 4 7 7 984 282 40 6 0 0
1663263961.9788582 20.7578125 56.18023769122604 987.8710551145123 4 7 7 4 7 7 984 282 40 6 0 0
1663263967.1100862 20.762890625 56.23891317236646 987.8582054128597 4 8 8 4 8 8 1098 305 52 6 0 0
1663263972.2415795 20.7578125 56.280224609193375 987.8972423041436 5 9 9 5 9 9 1098 305 52 6 0 0
1663263977.3757617 20.74765625 56.421686345512384 987.8837721529992 5 9 9 5 9 9 1098 305 52 6 0 0
1663263982.506243 20.74765625 56.14414416998049 987.9143896611494 5 8 8 5 8 8 1077 297 49 6 0 0
1663263987.6397526 20.74765625 56.36284596930693 987.8958683459232 5 8 8 5 8 8 1077 297 49 6 0 0
1663263992.7723808 20.762890625 56.28578200018063 987.8874495690745 5 8 8 5 8 8 1077 297 49 6 0 0
1663263997.9043846 20.7578125 56.315461578210176 987.8840820588249 5 8 8 5 8 8 1056 288 51 4 0 0
1663264003.0388045 20.752734375 56.280224609193375 987.9208150794246 5 8 8 5 8 8 1056 288 51 4 0 0
1663264008.1703708 20.762890625 56.33368380931814 987.882088384421 5 8 8 5 8 8 1050 320 63 0 0 0
1663264013.3022325 20.76796875 56.14482606010958 987.8885134843862 5 8 8 5 8 8 1050 320 63 0 0 0
1663264018.4359515 20.773046875 56.375341173908026 987.8744227322486 5 8 8 5 8 8 1050 320 63 0 0 0
1663264023.569042 20.76796875 56.18023769122604 987.842430375057 6 8 8 6 8 8 1119 336 66 0 0 0
1663264028.7015731 20.773046875 56.2097471006648 987.889577015527 6 8 8 6 8 8 1119 336 66 0 0 0
1663264033.8312707 20.762890625 56.050054464905116 987.8996798741954 6 8 8 6 8 8 1119 336 66 0 0 0
1663264038.9651508 20.7578125 56.28612620184102 987.8750432275747 6 9 9 6 9 9 1128 336 78 0 0 0
1663264044.10009 20.74765625 56.3625000154184 987.9073449204413 6 9 9 6 9 9 1128 336 78 0 0 0
1663264049.231808 20.74765625 56.179554183499405 987.8810243721844 6 9 9 6 9 9 1128 336 78 0 0 0
1663264054.3643703 20.74765625 56.480524333581236 987.8343643489154 6 9 9 6 9 9 1134 336 75 0 0 0
1663264059.4937797 20.7578125 56.23908471790245 987.9002999627706 6 9 9 6 9 9 1134 336 75 0 0 0
1663264064.6250331 20.762890625 56.150386966008476 987.8871396903653 6 9 9 6 9 9 1134 336 75 0 0 0
1663264069.7578678 20.752734375 56.350870204631995 987.8989260733516 6 9 9 6 9 9 1155 344 78 0 0 0
1663264074.8877265 20.7578125 56.17365254031889 987.8767270094312 6 9 9 6 9 9 1155 344 78 0 0 0
1663264080.0193474 20.74765625 56.326746728720366 987.8605094949168 6 9 9 6 9 9 1155 344 78 0 0 0
1663264085.152838 20.74765625 56.24429993378045 987.8739795297562 6 9 9 6 9 9 1155 344 76 0 0 0
1663264090.2873044 20.74765625 56.338721934089385 987.9110221486601 6 8 8 6 8 8 1074 332 53 2 0 0
1663264095.4186764 20.74765625 56.13790159025239 987.8975521015029 6 8 8 6 8 8 1053 325 49 2 0 0
1663264100.5501459 20.732421875 56.1846008528195 987.8886879878021 6 8 8 6 8 8 1053 325 49 2 0 0
1663264105.683783 20.7375 56.291166862432064 987.9150086558651 6 8 8 6 8 8 1053 325 49 2 0 0
1663264110.814509 20.7375 56.18511386321315 987.918376114401 6 8 8 6 8 8 1110 341 46 2 0 0
1663264115.9466176 20.742578125 56.35590692418093 987.9102668422051 6 8 8 6 8 8 1110 341 46 2 0 0
1663264121.0822542 20.732421875 56.45622344966417 987.9240457234312 6 8 8 6 8 8 1110 341 46 2 0 0
1663264126.2166066 20.7375 56.202818295701846 987.9173109142652 7 9 9 7 9 9 1176 356 49 0 0 0
1663264131.345981 20.732421875 56.53258408788892 987.900473896249 7 9 9 7 9 9 1176 356 49 0 0 0
1663264136.480283 20.732421875 56.35607988211389 987.9456248816628 7 9 9 7 9 9 1176 356 49 0 0 0
1663264141.6148434 20.7375 56.27936436138203 987.957101907686 7 8 8 7 8 8 1176 353 42 0 0 0
1663264146.7497272 20.732421875 56.25593103722458 987.9166923850981 7 8 8 7 8 8 1176 353 42 0 0 0
1663264151.8810143 20.742578125 56.315289135032636 987.96826989905 7 8 8 7 8 8 1176 353 42 0 0 0
1663264157.013514 20.74765625 56.326746728720366 987.9584765486318 6 8 8 6 8 8 1161 350 37 0 0 0
1663264162.1472805 20.7578125 56.16184922307069 987.9612255832503 6 8 8 6 8 8 1161 350 37 0 0 0
1663264167.2821698 20.74765625 56.114635542249104 987.9514323170074 6 8 8 6 8 8 1161 350 37 0 0 0
1663264172.4156036 20.74765625 56.18528484517448 987.9430135286104 6 8 9 6 8 9 1173 343 48 2 2 2
1663264177.5469394 20.74765625 56.203331815918155 987.9750049338269 6 8 9 6 8 9 1173 343 48 2 2 2
1663264182.679606 20.742578125 56.47462321548243 987.9483740824356 6 8 9 6 8 9 1128 329 41 2 2 2
1663264187.8104367 20.74765625 56.432967486247215 987.9332203878658 5 7 8 5 7 8 1128 329 41 2 2 2
1663264192.943944 20.74765625 56.29133906828692 987.9446972861499 5 7 8 5 7 8 1128 329 41 2 2 2
1663264198.0754893 20.7375 56.30279697090698 987.9537344459308 5 7 9 5 7 9 1107 329 48 4 2 2
1663264203.2094476 20.74765625 56.19118640036476 987.9601602932426 5 7 9 5 7 9 1107 329 48 4 2 2
1663264208.3415177 20.74765625 56.26200425960031 987.9345947419636 6 8 10 6 8 10 1107 329 48 4 2 2
1663264213.4761925 20.74765625 56.132340749775096 987.9345947419636 6 8 10 6 8 10 1107 325 48 4 2 2
1663264218.6076555 20.752734375 56.28578200018063 987.9494391821368 6 8 10 6 8 10 1107 325 48 4 2 2
1663264223.738692 20.74765625 56.35642576572603 987.9244922002966 6 8 10 6 8 10 1107 325 48 4 2 2
1663264228.8723223 20.74765625 56.374302632557644 987.9746957601509 6 8 10 6 8 10 1119 329 53 4 2 2
1663264234.0059533 20.7578125 56.113954828116036 987.9468265812989 6 8 10 6 8 10 1119 329 53 4 2 2
1663264239.1332324 20.7578125 56.23318297548831 987.9006098426295 6 8 10 6 8 10 1119 329 53 4 2 2
1663264244.2635748 20.7578125 56.27970849276081 987.9157637692809 6 8 8 6 8 8 1104 321 46 2 0 0
1663264249.3957222 20.76796875 56.221722114205036 987.9151441439955 6 8 8 6 8 8 1104 321 46 2 0 0
1663264254.5299041 20.76796875 56.13892408555185 987.9201955354891 5 8 8 5 8 8 1128 326 48 4 0 0
1663264259.6635451 20.762890625 56.268593275526705 987.9302983203665 5 8 8 5 8 8 1128 326 48 4 0 0
1663264264.7979114 20.752734375 56.203331815918155 987.8908170796041 5 8 8 5 8 8 1128 326 48 4 0 0
1663264269.9315372 20.742578125 56.30331399283805 987.8827081135757 6 9 9 6 9 9 1134 331 53 4 0 0
1663264275.0649467 20.7375 56.20298947985884 987.9127059048698 6 9 9 6 9 9 1134 331 53 4 0 0
1663264280.1936023 20.7578125 56.31563401063637 987.8952486144716 6 9 9 6 9 9 1134 331 53 4 0 0
1663264285.32879 20.752734375 56.2975848850086 987.8837721529992 5 9 9 5 9 9 1113 321 48 4 0 0
1663264290.459759 20.752734375 56.1208777157462 987.8770370791067 5 9 9 5 9 9 1113 321 48 4 0 0
1663264295.5944114 20.742578125 56.203502967820455 987.8756632844259 5 9 9 5 9 9 1113 321 48 4 0 0
1663264300.7278917 20.752734375 56.26217610697608 987.8874495690745 5 8 8 5 8 8 1125 325 48 2 0 0
1663264305.8589802 20.76796875 56.18579772654886 987.8666243193422 5 8 8 5 8 8 1125 325 48 2 0 0
1663264310.9861836 20.762890625 56.33316593775289 987.8497865081268 5 8 8 5 8 8 1125 325 48 2 0 0
1663264316.1157389 20.7578125 56.238741616078975 987.8885134843862 6 8 8 6 8 8 1110 327 46 2 0 0
1663264321.247993 20.74765625 56.04381378553034 987.8986161799344 6 8 8 6 8 8 1110 327 46 2 0 0
1663264326.380565 20.7375 56.25575923574185 987.8732251196859 6 8 8 6 8 8 1110 327 46 2 0 0
1663264331.5076053 20.7375 56.25575923574185 987.9133249267019 5 8 8 5 8 8 1164 341 46 2 0 0
1663264336.6348212 20.72734375 56.19657456272874 987.9136342732048 5 8 8 5 8 8 969 279 46 4 0 0
1663264341.7685065 20.7119140625 56.40242097573228 987.8946666321799 5 8 8 5 8 8 996 283 46 2 0 0
1663264346.89949 20.6966796875 56.24865548894704 987.9006440467806 5 8 8 5 8 8 996 283 46 2 0 0
1663264352.0338616 20.6966796875 56.37222438872444 987.8989604267829 5 8 8 5 8 8 996 283 46 2 0 0
1663264357.1640399 20.6814453125 56.24223274600341 987.8662143421758 5 8 8 5 8 8 1083 306 48 2 0 0
1663264362.2975144 20.6865234375 56.413347152910944 987.9102955861651 5 8 8 5 8 8 1083 306 48 2 0 0
1663264367.4283378 20.6763671875 56.26601390886747 987.9217724506271 5 8 8 5 8 8 1083 306 48 2 0 0
1663264372.562023 20.6814453125 56.501501696270594 987.9248314283927 6 8 8 6 8 8 1104 313 50 2 0 0
1663264377.6953542 20.6662109375 56.29516575152209 987.8806079565693 6 8 8 6 8 8 1104 313 50 2 0 0
1663264382.8275864 20.6865234375 56.33056848228975 987.9069284540036 6 8 8 6 8 8 1104 313 50 2 0 0
1663264387.959858 20.6712890625 56.34219636838022 987.8914680183891 6 8 8 6 8 8 1095 311 41 2 0 0
1663264393.0914423 20.6763671875 56.23043143335173 987.9136627186067 6 8 8 6 8 8 1095 311 41 2 0 0
1663264398.225329 20.6814453125 56.32484078178947 987.8833585367097 6 8 8 6 8 8 1095 311 41 2 0 0
1663264403.3573656 20.6662109375 56.40692575083376 987.9142787260715 6 8 8 6 8 8 1095 313 39 2 0 0
1663264408.4894688 20.6662109375 56.34723149214594 987.9165778073402 6 8 8 6 8 8 1095 313 39 2 0 0
1663264413.622848 20.6458984375 56.28823108738823 987.9101514202924 6 8 8 6 8 8 1095 313 39 2 0 0
1663264418.7565308 20.6357421875 56.54747443007226 987.8787761502248 6 10 10 6 10 10 1272 364 60 8 0 0
1663264423.8882961 20.6306640625 56.536025871827114 987.8824505134111 6 10 10 6 10 10 1272 364 60 8 0 0
1663264429.0204744 20.6357421875 56.506177647440325 987.8922437984926 5 9 9 5 9 9 1287 361 63 6 0 0
1663264434.1522563 20.6205078125 56.41716109986262 987.8847485030815 5 9 9 5 9 9 1287 361 63 6 0 0
1663264439.2858665 20.6205078125 56.59986551655965 987.884441284208 5 9 9 5 9 9 1287 361 63 6 0 0
1663264444.4154086 20.6052734375 56.564470478045116 987.8819958359713 6 10 10 6 10 10 1293 366 58 8 0 0
1663264449.5478635 20.6205078125 56.54104893120135 987.8989776243056 6 10 10 6 10 10 1293 366 58 8 0 0
1663264454.6824696 20.6255859375 56.529425491398605 987.8841339557817 6 10 10 6 10 10 1293 366 58 8 0 0
1663264459.8131075 20.6205078125 56.51172724370955 987.8591898593577 6 10 11 6 10 11 1278 364 70 8 0 0
1663264464.9478695 20.6154296875 56.464356999252075 987.876638604616 6 10 11 6 10 11 1278 364 70 8 0 0
1663264470.081995 20.6205078125 56.51762666989595 987.8777075693755 6 10 11 6 10 11 1278 364 70 8 0 0
1663264475.2136095 20.6001953125 56.48743043526902 987.8873528770648 5 9 10 5 9 10 1221 353 63 6 0 0
1663264480.3434966 20.6052734375 56.56376788723367 987.8472589972281 5 9 10 5 9 10 1221 353 63 6 0 0
1663264485.4750626 20.5900390625 56.657796004919824 987.8815395143425 5 9 10 5 9 10 1221 353 63 6 0 0
1663264490.6065671 20.5798828125 56.746096588323994 987.9118395329028 5 8 9 5 8 9 1158 339 56 6 0 0
1663264495.7408214 20.5798828125 56.675314887436976 987.8588925679782 5 8 9 5 8 9 1158 339 56 6 0 0
1663264500.871572 20.5849609375 56.53357167136866 987.8852126475869 5 7 7 5 7 7 1065 307 35 2 0 0
1663264506.0046332 20.5748046875 56.54536908344747 987.8622591522842 5 7 7 5 7 7 1065 307 35 2 0 0
1663264511.1344395 20.5646484375 56.63957030510685 987.8925584236304 5 7 7 5 7 7 1065 307 35 2 0 0
1663264516.264422 20.5595703125 56.7042754387099 987.8780210852649 5 7 7 5 7 7 1065 307 26 2 0 0
1663264521.3963158 20.5544921875 56.60435552658059 987.8931704797371 5 7 7 5 7 7 1065 307 26 2 0 0
1663264526.5259852 20.5544921875 56.60435552658059 987.8656257368702 5 7 7 5 7 7 1065 307 26 2 0 0
1663264531.6596894 20.5697265625 56.71052853172447 987.8760317106968 5 7 7 5 7 7 1056 314 28 2 0 0
1663264536.790947 20.5748046875 56.79310523128461 987.9020458542573 5 7 7 5 7 7 1056 314 28 2 0 0
1663264541.9242198 20.5646484375 56.46851052994336 987.9161245392348 5 7 7 5 7 7 1056 314 28 2 0 0
1663264547.0569491 20.5595703125 56.79864665361626 987.8763378195622 5 7 7 5 7 7 1056 312 32 2 0 0
1663264552.1921685 20.5544921875 56.52107317005071 987.8783270710505 5 7 7 5 7 7 1056 312 32 2 0 0
1663264557.3265643 20.5494140625 56.52089788115116 987.9005150553251 5 7 7 5 7 7 1056 312 32 2 0 0
1663264562.4603817 20.5341796875 56.526094743339776 987.8845995131898 5 8 8 5 8 8 1119 328 34 2 0 0
1663264567.5937123 20.5341796875 56.727157921942066 987.8862827113855 5 8 8 5 8 8 1119 328 34 2 0 0
1663264572.727681 20.5341796875 56.75646965063299 987.8927100656042 5 8 8 5 8 8 1119 328 34 2 0 0
1663264577.861585 20.5443359375 56.780239258517994 987.9092367765774 6 7 7 6 7 7 1134 333 36 2 0 0
1663264582.994554 20.5392578125 56.79203499794151 987.8792443712997 5 8 8 5 8 8 1047 288 50 2 0 0
1663264588.1290815 20.5341796875 56.89837441301746 987.8924045168285 5 7 7 5 7 7 1017 281 50 2 0 0
1663264593.2622075 20.5443359375 56.73877604304255 987.8486406742157 5 7 7 5 7 7 1017 281 50 2 0 0
1663264598.395957 20.5544921875 56.68032803934197 987.8988318158279 5 7 7 5 7 7 1017 281 50 2 0 0
1663264603.5290413 20.5392578125 56.585603617712046 987.8725115258261 5 7 7 5 7 7 1032 290 45 2 0 0
1663264608.6630108 20.5341796875 56.57363124139525 987.883988389577 5 7 7 5 7 7 1032 290 45 2 0 0
1663264613.796885 20.5494140625 56.50320263492657 987.846957450444 5 7 7 5 7 7 1032 290 45 2 0 0
1663264618.9305496 20.5392578125 56.744851793377094 987.9028093392702 5 7 7 5 7 7 990 276 40 2 0 0
1663264624.0649107 20.5392578125 56.674252803753326 987.8859772178926 5 7 7 5 7 7 990 276 40 2 0 0
1663264629.198856 20.52890625 56.626714378523054 987.8573626276022 5 7 7 5 7 7 990 276 40 2 0 0
1663264634.3328714 20.52890625 56.69088347153586 987.8939311656145 5 7 7 5 7 7 1068 297 31 0 0 0
1663264639.4668336 20.51875 56.62600817785992 987.8801606859408 5 7 7 5 7 7 1068 297 31 0 0 0
1663264644.6002893 20.50859375 56.81455411603272 987.92927749565 5 7 7 5 7 7 1068 297 31 0 0 0
1663264649.7303102 20.513671875 56.62565501302368 987.938302481072 5 7 7 5 7 7 999 287 40 2 0 0
1663264654.8641746 20.503515625 56.48965564164302 987.9133601339167 5 7 7 5 7 7 999 287 40 2 0 0
1663264659.9958825 20.4984375 56.819915059024105 987.9537549845342 4 6 6 4 6 6 999 287 40 2 0 0
1663264665.1298358 20.483203125 56.79542632269631 987.9232969087785 5 9 9 5 9 9 1149 328 62 0 0 0
1663264670.2624488 20.473046875 56.84831880160106 987.8992669493268 5 9 9 5 9 9 1149 328 62 0 0 0
1663264675.3963342 20.4578125 56.954278059106386 987.919159276396 5 9 9 5 9 9 1119 324 64 0 0 0
1663264680.5292954 20.4578125 56.859574095619024 987.9245118855509 5 9 9 5 9 9 1119 324 64 0 0 0
1663264685.6631577 20.452734375 56.977502453653855 987.9335335637711 5 9 9 5 9 9 1119 324 64 0 0 0
1663264690.7978494 20.432421875 56.76487176867153 987.9385736275826 5 9 9 5 9 9 1119 324 69 2 0 0
1663264695.9322326 20.432421875 56.905666063923206 987.927399084356 5 9 9 5 9 9 1119 324 69 2 0 0
1663264701.0667145 20.4171875 57.0117930150062 987.8963326330095 5 9 9 5 9 9 1119 324 69 2 0 0
1663264706.2002826 20.4375 56.97677935071605 987.8957266301467 5 9 9 5 9 9 1077 321 74 2 0 0
1663264711.3343024 20.432421875 56.96498723891948 987.927399084356 5 9 9 5 9 9 1077 321 74 2 0 0
1663264716.4688523 20.4171875 56.82347868966923 987.9377994804486 4 8 8 4 8 8 1077 321 74 2 0 0
1663264721.6002924 20.422265625 56.8935142021835 987.9033669606941 3 8 8 3 8 8 993 295 71 2 0 0
1663264726.7345579 20.422265625 56.72860241556601 987.9019867751173 3 8 8 3 8 8 993 295 71 2 0 0
1663264731.8686297 20.4171875 56.822762421119734 987.9266245927787 4 9 9 4 9 9 993 295 71 2 0 0
1663264737.002059 20.40703125 57.064309705483055 987.9261514760126 4 8 8 4 8 8 987 293 66 2 0 0
1663264742.1360812 20.391796875 57.01088676599515 987.9362484751895 4 8 8 4 8 8 987 293 66 2 0 0
1663264747.2702174 20.396875 56.904765877919424 987.8927972704137 5 8 9 5 8 9 981 284 58 8 2 0
1663264752.40402 20.381640625 56.92191207696374 987.9220092781086 5 8 9 5 8 9 981 284 58 8 2 0
1663264757.5383494 20.381640625 56.9278075362896 987.9010388311788 5 8 9 5 8 9 981 284 58 8 2 0
1663264762.672183 20.371484375 57.03927432491023 987.9212318425535 5 7 9 5 7 9 981 282 51 6 2 0
1663264767.8059146 20.36640625 57.068567460254506 987.8993560806853 5 7 9 5 7 9 981 282 51 6 2 0
1663264772.9398482 20.35625 57.23325385202653 987.9039277883095 5 7 9 5 7 9 981 282 51 6 2 0
1663264778.0735536 20.341015625 57.109101700431225 987.9216578548982 5 8 9 5 8 9 975 289 54 8 2 0
1663264783.2080176 20.34609375 57.11499629195553 987.9224374526374 5 8 9 5 8 9 975 289 54 8 2 0
1663264788.3432658 20.341015625 57.327009704832435 987.902546383626 5 8 9 5 8 9 975 289 54 8 2 0
1663264793.4780483 20.3205078125 57.031926033897655 987.902067827656 5 9 10 5 9 10 1068 312 61 8 2 0
1663264798.6132421 20.3255859375 57.09658277907857 987.8821772121213 5 9 10 5 9 10 1068 312 61 8 2 0
1663264803.7465868 20.3205078125 57.13194868074925 987.8990033561786 5 9 10 5 9 10 1068 312 61 8 2 0
1663264808.8807023 20.3154296875 57.09640032533539 987.8925736278273 4 8 9 4 8 9 1041 312 66 8 2 0
1663264814.0144954 20.3205078125 57.11426577615532 987.9141468918059 4 8 9 4 8 9 1041 312 66 8 2 0
1663264819.149031 20.3255859375 57.0735517941743 987.8883058262571 4 8 9 4 8 9 1041 312 66 8 2 0
1663264824.2829633 20.3306640625 57.3030634576332 987.9306725214266 5 9 10 5 9 10 1026 307 64 8 2 0
1663264829.4168842 20.3306640625 57.28538124498104 987.9155288575024 5 8 8 5 8 8 1017 283 57 0 0 0
1663264834.550316 20.3205078125 57.10247712171335 987.9155288575024 5 8 9 5 8 9 1032 290 57 2 2 0
1663264839.6826525 20.3103515625 57.2083897984085 987.9141468918059 5 8 9 5 8 9 1032 290 57 2 2 0
1663264844.8171103 20.3103515625 57.161053582741495 987.9006859709688 5 8 9 5 8 9 1032 290 57 2 2 0
1663264849.9510632 20.3052734375 57.04335138546558 987.9029697739772 6 8 9 6 8 9 1104 318 57 2 2 0
1663264855.084943 20.3052734375 57.20194464499541 987.8881270387516 6 8 9 6 8 9 1104 318 57 2 2 0
