timestamp temperature humidity pressure pm10_standard pm25_standard pm100_standard pm10_env pm25_env pm100_env particles_03um particles_05um particles_10um particles_25um particles_50um particles_100um
1662510936.2041047 25.739453125 31.653225543428306 980.688956767226 2 4 4 2 4 4 384 121 43 2 0 0 
1662510941.3365839 25.7498046875 31.719468031437223 980.6926259003933 2 4 4 2 4 4 384 121 43 2 0 0 
1662510946.4707851 25.74453125 31.91146848973745 980.691876731803 2 4 4 2 4 4 384 121 43 2 0 0 
1662510951.604862 25.729296875 31.54502041382655 980.6855631243196 2 4 4 2 4 4 375 121 47 2 0 0 
1662510956.7388577 25.734375 31.803504786194104 980.6797230771983 2 4 4 2 4 4 375 121 47 2 0 0 
1662510961.8718774 25.74453125 31.90545749913228 980.6986640733398 1 2 2 1 2 2 354 107 16 0 0 0 
1662510967.0059245 25.7498046875 31.79737581065913 980.67877583936 1 2 2 1 2 2 354 107 16 0 0 0 
1662510972.140206 25.74453125 31.62292906318364 980.6863123948536 1 2 2 1 2 2 354 107 16 0 0 0 
1662510977.2743962 25.7599609375 31.6828049269774 980.705252904075 1 2 2 1 2 2 324 97 16 0 0 0 
1662510982.4079325 25.7599609375 31.634832223212914 980.681496448464 1 2 2 1 2 2 324 97 16 0 0 0 
1662510987.5395298 25.7650390625 31.778751563137252 980.6899808952966 0 1 1 0 1 1 324 97 16 0 0 0 
1662510992.6731632 25.7599609375 31.742919623052106 980.643891201968 0 1 1 0 1 1 330 99 16 0 0 0 
1662510997.8069236 25.7701171875 31.862911398934173 980.6856384705289 0 1 1 0 1 1 330 99 16 0 0 0 
1662511002.939912 25.7599609375 31.97088183063897 980.681496448464 0 1 1 0 1 1 330 99 16 0 0 0 
1662511008.0689032 25.7853515625 31.916779791043265 980.7033557608898 0 1 1 0 1 1 315 92 18 2 0 0 
1662511013.2019491 25.7853515625 31.880711290744966 980.6648008228658 0 1 1 0 1 1 315 92 18 2 0 0 
1662511018.3336353 25.7802734375 31.502211856066467 980.675931432961 0 1 1 0 1 1 315 92 18 2 0 0 
1662511023.4669588 25.7650390625 31.742682430241885 980.667446921095 0 1 1 0 1 1 342 101 21 2 0 0 
1662511028.596364 25.7802734375 31.74220791472857 980.6410438199769 0 1 1 0 1 1 342 101 21 2 0 0 
1662511033.7261832 25.7853515625 31.778160443435176 980.6706390041912 0 1 1 0 1 1 342 101 21 2 0 0 
1662511038.86005 25.7853515625 31.687981770920175 980.686386319577 1 3 3 1 3 3 327 94 21 4 0 0 
1662511043.9909782 25.7904296875 31.99469537289681 980.6880832633881 0 1 1 0 1 1 336 94 16 0 0 0 
1662511049.124376 25.7802734375 31.5741137312021 980.680073189226 0 0 0 0 0 0 300 87 12 0 0 0 
1662511054.255422 25.7701171875 31.682566366296886 980.6601847302295 1 1 1 1 1 1 300 87 12 0 0 0 
1662511059.3906875 25.7701171875 31.526259671691463 980.6742345304456 1 1 1 1 1 1 300 87 12 0 0 0 
1662511064.5263095 25.7548828125 31.46037139550836 980.6717893913822 1 1 1 1 1 1 330 94 12 0 0 0 
1662511069.6586053 25.7599609375 31.814702524978244 980.6970424919377 1 1 1 1 1 1 330 94 12 0 0 0 
1662511074.7921438 25.7599609375 31.712743473684583 980.6637792487766 1 1 1 1 1 1 330 94 12 0 0 0 
1662511079.92647 25.7548828125 31.658519645860437 980.6756572793063 1 2 2 1 2 2 303 94 19 2 0 0 
1662511085.06087 25.7548828125 31.7188738709844 980.6722635559423 1 2 2 1 2 2 303 94 19 2 0 0 
1662511090.1943572 25.7498046875 31.737026849391363 980.6625565213626 0 1 1 0 1 1 303 94 19 2 0 0 
1662511095.3282251 25.7498046875 31.863145856147142 980.6371038152305 0 1 1 0 1 1 288 87 17 2 0 0 
1662511100.4627879 25.7498046875 31.700839446366714 980.6400231981695 0 1 1 0 1 1 288 87 17 2 0 0 
1662511105.598122 25.7599609375 31.845112189702505 980.6611337833191 1 2 2 1 2 2 288 87 17 2 0 0 
1662511110.732792 25.7599609375 31.682566366296886 980.6441649035206 1 2 2 1 2 2 303 92 17 2 0 0 
1662511115.8666337 25.7599609375 31.778987935248228 980.6933746745273 1 2 2 1 2 2 303 92 17 2 0 0 
1662511121.00078 25.7599609375 31.56233107920918 980.6468106397779 1 2 2 1 2 2 303 92 17 2 0 0 
1662511126.1358047 25.7599609375 31.730896768078615 980.6366294777919 1 3 3 1 3 3 297 93 15 4 0 0 
1662511131.2691488 25.7599609375 31.646496222458257 980.6586886653303 1 3 3 1 3 3 297 93 15 4 0 0 
1662511136.4018178 25.74453125 31.754942435904873 980.6654761100674 1 3 3 1 3 3 276 86 17 6 0 0 
1662511141.5368786 25.7548828125 31.761190565697106 980.643891201968 1 3 3 1 3 3 276 86 17 6 0 0 
1662511146.6691432 25.739453125 31.767201809015162 980.6341843746721 1 3 3 1 3 3 276 86 17 6 0 0 
1662511151.8017247 25.739453125 31.761308919041173 980.6596368750386 1 3 3 1 3 3 297 93 21 6 0 0 
1662511156.9332478 25.734375 31.611026123798787 980.638052153493 1 3 3 1 3 3 297 93 21 6 0 0 
1662511162.067169 25.739453125 31.56305483900109 980.6860367450357 1 3 3 1 3 3 297 93 21 6 0 0 
1662511167.2009795 25.729296875 31.8097513773432 980.6351325428332 1 3 3 1 3 3 297 93 21 6 0 0 
1662511172.3337164 25.739453125 31.442335612497292 980.6206097143519 1 3 3 1 3 3 297 93 21 6 0 0 
1662511177.4680378 25.74453125 31.54489960905813 980.6257002114387 1 3 3 1 3 3 297 93 21 6 0 0 
1662511182.6002588 25.734375 31.779224264062165 980.6404975084571 1 3 3 1 3 3 318 102 23 8 0 0 
1662511187.7344222 25.7548828125 31.592751198506626 980.6281451780923 1 3 3 1 3 3 318 102 23 8 0 0 
1662511192.86901 25.7498046875 31.718992724723957 980.6332357576987 1 3 3 1 3 3 318 102 23 8 0 0 
1662511198.002641 25.7498046875 31.562451732903945 980.6681210453826 1 3 3 1 3 3 327 104 23 8 0 0 
1662511203.1368945 25.7498046875 31.797139913836464 980.6535980825241 1 3 3 1 3 3 327 104 23 8 0 0 
1662511208.2708275 25.7498046875 31.785117385186982 980.6443653728988 1 2 2 1 2 2 285 89 13 2 0 0 
1662511213.403652 25.7498046875 31.646855278359514 980.6443653728988 1 2 2 1 2 2 285 89 13 2 0 0 
1662511218.5365152 25.739453125 31.713219140567205 980.6647273770316 1 2 2 1 2 2 285 89 13 2 0 0 
1662511223.6705637 25.739453125 31.400496697256273 980.6722635559423 1 2 2 1 2 2 300 89 13 2 0 0 
1662511228.8043182 25.7498046875 31.755297733585053 980.6744344563658 1 2 2 1 2 2 300 89 13 2 0 0 
1662511233.9382412 25.7498046875 31.683043444359356 980.6994133508191 1 2 2 1 2 2 300 89 13 2 0 0 
1662511239.0708342 25.7498046875 31.706969922295972 980.6739604175888 1 2 2 1 2 2 321 96 11 2 0 0 
1662511244.20432 25.7548828125 31.863263068517725 980.6698178796646 1 2 2 1 2 2 321 96 11 2 0 0 
1662511249.338507 25.7548828125 31.827196051186174 980.7011102136034 1 2 2 1 2 2 321 96 11 2 0 0 
1662511254.4726615 25.7498046875 31.875168247792654 980.6858384511053 1 2 2 1 2 2 327 98 11 2 0 0 
1662511259.6066651 25.7650390625 31.568342943604826 980.6929004620266 1 2 2 1 2 2 327 98 11 2 0 0 
1662511264.7413113 25.7548828125 31.803033266108685 980.689232175607 1 2 2 1 2 2 327 98 11 2 0 0 
1662511269.8749807 25.7599609375 31.820714015475577 980.6887581468026 1 2 2 1 2 2 333 98 11 2 0 0 
1662511275.00819 25.7650390625 31.646496222458257 980.6882840057878 1 2 2 1 2 2 333 98 11 2 0 0 
1662511280.1420462 25.7599609375 31.610545806022323 980.6899808952966 1 2 2 1 2 2 333 98 11 2 0 0 
1662511285.2750957 25.7701171875 31.622449249285985 980.6882840057878 1 2 2 1 2 2 333 98 15 2 0 0 
1662511290.4088945 25.7599609375 31.315712102989167 980.6979911721329 1 3 3 1 3 3 294 89 28 4 0 0 
1662511295.5435572 25.7548828125 31.358413276722697 980.7028070764587 1 3 3 1 3 3 315 89 28 4 0 0 
1662511300.6773872 25.74453125 31.44245761257863 980.6994133508191 1 3 3 1 3 3 315 89 28 4 0 0 
1662511305.8116837 25.74453125 31.51472052358206 980.6935735670804 1 3 3 1 3 3 315 89 28 4 0 0 
1662511310.9449325 25.739453125 31.58722090697323 980.6957440538921 1 4 4 1 4 4 393 107 32 6 0 0 
1662511316.078851 25.734375 31.51520508901901 980.694047232119 1 4 4 1 4 4 393 107 32 6 0 0 
1662511321.2126362 25.72421875 31.599363750940626 980.6734094069074 1 4 4 1 4 4 393 107 32 6 0 0 
1662511326.346751 25.734375 31.659356333874623 980.6923504104168 1 4 4 1 4 4 441 123 32 6 0 0 
1662511331.4802809 25.729296875 31.617277519106082 980.7228932119335 1 4 4 1 4 4 441 123 32 6 0 0 
1662511336.614431 25.72421875 31.881881308717126 980.7071482518611 0 3 3 0 3 3 441 123 32 6 0 0 
1662511341.748294 25.719140625 31.431044363462775 980.6826431295647 0 3 3 0 3 3 447 123 32 6 0 0 
1662511346.88289 25.72421875 31.545382763180722 980.6678455213129 0 3 3 0 3 3 447 123 32 6 0 0 
1662511352.0159643 25.72421875 31.659475817434867 980.6683190669665 0 3 3 0 3 3 447 123 32 6 0 0 
1662511357.150704 25.719140625 31.779932990721786 980.7090418044104 1 4 4 1 4 4 453 125 32 4 0 0 
1662511362.2836213 25.72421875 31.665606370516326 980.7264825956618 1 4 4 1 4 4 453 125 32 4 0 0 
1662511367.416328 25.708984375 31.665725764031773 980.6670957341645 1 4 4 1 4 4 453 125 32 4 0 0 
1662511372.550594 25.7140625 31.49164486466524 980.6828398457556 0 1 1 0 1 1 273 81 17 4 0 0 
1662511377.6848226 25.7140625 31.82801910701175 980.7065943988058 1 2 2 1 2 2 273 81 17 4 0 0 
1662511382.8193548 25.708984375 31.53949230213242 980.7010310729265 1 2 2 1 2 2 252 74 17 4 0 0 
1662511387.9533665 25.70390625 31.882349012838045 980.733742476498 1 2 2 1 2 2 252 74 17 4 0 0 
1662511393.0873842 25.708984375 31.683877914220165 980.703200890374 0 1 1 0 1 1 252 74 17 4 0 0 
1662511398.221392 25.708984375 31.918295269231802 980.6862333524809 0 1 1 0 1 1 267 79 21 4 0 0 
1662511403.3554845 25.719140625 31.605615170753616 980.7167749258074 0 1 1 0 1 1 267 79 21 4 0 0 
1662511408.489413 25.7140625 31.93632671019748 980.6913236131024 0 1 1 0 1 1 267 79 21 4 0 0 
1662511413.6234634 25.708984375 31.539733929392465 980.6884031657044 0 1 1 0 1 1 273 79 17 2 0 0 
1662511418.7562282 25.708984375 31.68399708090175 980.715551013677 0 1 1 0 1 1 273 79 17 2 0 0 
1662511423.889534 25.708984375 31.876221538497447 980.7150781711293 0 1 1 0 1 1 273 79 17 2 0 0 
1662511429.022844 25.708984375 31.59984431280015 980.7223379785141 0 1 1 0 1 1 261 77 15 2 0 0 
1662511434.1569686 25.698828125 31.636154036055885 980.6850096859873 0 1 1 0 1 1 261 77 15 2 0 0 
1662511439.291473 25.698828125 31.690007913950566 980.6799194669454 0 1 1 0 1 1 261 77 15 2 0 0 
1662511444.4203024 25.698828125 31.750475396468026 980.7351602196022 1 2 2 1 2 2 249 73 15 2 0 0 
1662511449.554846 25.698828125 31.87056657139816 980.699056472678 1 2 2 1 2 2 249 73 15 2 0 0 
1662511454.6881459 25.698828125 31.660077666088885 980.7254523708166 1 2 4 1 2 4 345 105 25 4 2 0 
1662511459.8226209 25.698828125 31.86455619358768 980.7584419535501 1 2 4 1 2 4 345 105 25 4 2 0 
1662511464.9565694 25.70390625 31.60585529323806 980.72620411027 1 2 4 1 2 4 345 105 25 4 2 0 
1662511470.090675 25.70390625 31.587822320340955 980.7218651902681 1 3 4 1 3 4 336 105 25 4 2 0 
1662511475.2243845 25.70390625 31.792430838732077 980.7397779358913 1 3 4 1 3 4 336 105 25 4 2 0 
1662511480.3572774 25.698828125 31.546111811983195 980.7317667903477 1 3 4 1 3 4 336 105 25 4 2 0 
1662511485.4911542 25.69375 31.74434642664388 980.6835075409527 1 2 3 1 2 3 357 112 25 2 0 0 
1662511490.6251156 25.698828125 31.750475396468026 980.7126302891988 1 2 3 1 2 3 357 112 25 2 0 0 
1662511495.7583966 25.70390625 31.5217006090782 980.703200890374 1 2 3 1 2 3 357 112 25 2 0 0 
1662511500.892365 25.698828125 31.63014324768048 980.7015041362647 1 2 2 1 2 2 315 101 21 2 0 0 
1662511506.0248091 25.708984375 31.545991105057713 980.6956630192586 1 2 2 1 2 2 315 101 21 2 0 0 
1662511511.1583893 25.708984375 31.503424745942706 980.6879301059504 1 2 2 1 2 2 315 101 21 2 0 0 
1662511516.2917316 25.70390625 31.684359097867485 980.7257314613593 1 2 2 1 2 2 282 87 21 2 0 0 
1662511521.4258928 25.69375 31.81611531399426 980.7029226531656 1 2 2 1 2 2 282 87 21 2 0 0 
1662511526.5577893 25.69375 31.690250657705764 980.7007531994942 1 2 2 1 2 2 282 87 21 2 0 0 
1662511531.6896262 25.70390625 31.726072691159793 980.6680422916689 1 2 2 1 2 2 312 94 21 2 0 0 
1662511536.8235965 25.70390625 31.828376202432484 980.6867064258103 0 1 1 0 1 1 180 52 10 2 0 0 
1662511541.9577374 25.708984375 31.65406685142722 980.6726593272858 0 1 1 0 1 1 180 52 10 2 0 0 
1662511547.0914333 25.69375 31.60020923923009 980.7007531994942 0 1 1 0 1 1 180 52 10 2 0 0 
1662511552.2258244 25.70390625 31.708163804390626 980.7002803469528 0 1 1 0 1 1 180 52 10 2 0 0 
1662511557.3596344 25.70390625 31.744104937639207 980.67115798493 0 1 1 0 1 1 192 56 12 2 0 0 
1662511562.4940135 25.678515625 31.864673275654887 980.6958567982304 0 1 1 0 1 1 192 56 12 2 0 0 
1662511567.627673 25.678515625 31.696737263872944 980.6497678443295 0 1 1 0 1 1 192 56 12 2 0 0 
1662511572.7607806 25.678515625 31.913104996272857 980.6577785591177 0 0 0 0 0 0 198 58 12 0 0 0 
1662511577.8939207 25.68359375 31.492498713926388 980.6759692450148 0 0 0 0 0 0 198 58 12 0 0 0 
1662511583.027254 25.678515625 31.540583927148184 980.6412846974682 0 0 0 0 0 0 198 58 12 0 0 0 
1662511588.1598659 25.6734375 31.93726123146357 980.66843077368 0 1 1 0 1 1 210 61 12 0 0 0 
1662511593.2942195 25.6734375 31.504520080388502 980.6739928645044 0 1 1 0 1 1 210 61 12 0 0 0 
1662511598.4281492 25.66328125 31.606939922152463 980.6628684898793 0 1 1 0 1 1 210 61 12 0 0 0 
1662511603.5618293 25.658203125 31.775107748204277 980.6712356320922 0 0 0 0 0 0 189 59 10 0 0 0 
1662511608.6954377 25.658203125 31.67317240678914 980.6712356320922 0 0 0 0 0 0 189 59 10 0 0 0 
1662511613.8287718 25.66328125 31.78135381188888 980.673404096171 0 0 0 0 0 0 189 59 10 0 0 0 
1662511618.9618583 25.653125 31.516904356674633 980.6467308750152 0 0 1 0 0 1 234 73 12 2 0 0 
1662511624.0962207 25.653125 31.697094092513538 980.6729322212694 0 0 1 0 0 1 234 73 12 2 0 0 
1662511629.2291818 25.668359375 31.649012163038716 980.6887903427815 0 0 1 0 0 1 240 75 8 2 0 0 
1662511634.36339 25.6734375 31.552605125192517 980.6747449974781 0 0 1 0 0 1 240 75 8 2 0 0 
1662511639.4975054 25.68359375 31.6605552739228 980.6466533324052 0 0 1 0 0 1 240 75 8 2 0 0 
1662511644.63038 25.68359375 31.630622180133617 980.6784174852414 0 0 1 0 0 1 255 80 12 2 0 0 
1662511649.7646306 25.68359375 31.78665625548497 980.6588081301588 0 0 1 0 0 1 255 80 12 2 0 0 
1662511654.8982267 25.69375 31.852652625226934 980.6750241151224 0 0 1 0 0 1 255 80 12 2 0 0 
1662511660.0322149 25.698828125 31.648414658724015 980.6483500026454 1 1 2 1 1 2 255 80 10 2 0 0 
1662511665.1653695 25.708984375 31.618001742378777 980.6595585971759 1 1 2 1 1 2 255 80 10 2 0 0 
1662511670.2989917 25.70390625 31.75624926892951 980.6900999056693 1 1 2 1 1 2 255 80 10 2 0 0 
1662511675.4331026 25.708984375 31.43153258625488 980.6743560801863 1 1 2 1 1 2 240 75 12 2 0 0 
1662511680.5663857 25.719140625 31.846285877964473 980.6768029672232 1 1 2 1 1 2 240 75 12 2 0 0 
1662511685.6998587 25.70390625 31.701910586965532 980.6816162065551 1 1 2 1 1 2 240 75 12 2 0 0 
1662511690.833886 25.708984375 31.455704061639647 980.6934933858128 1 1 2 1 1 2 240 77 14 2 0 0 
1662511695.9668946 25.708984375 31.702153073949315 980.7070673092303 0 0 1 0 0 1 240 77 14 2 0 0 
1662511701.101291 25.69375 31.762378160131746 980.6995292266126 1 2 2 1 2 2 333 86 12 4 0 0 
1662511706.2355747 25.688671875 31.62425226652497 980.6779447791846 1 2 2 1 2 2 333 86 12 4 0 0 
1662511711.3698454 25.69375 31.690369723102872 980.6687100510712 1 2 2 1 2 2 333 86 12 4 0 0 
1662511716.5039904 25.68359375 31.762614638676446 980.6793625608328 1 2 2 1 2 2 333 86 12 4 0 0 
1662511721.637294 25.688671875 31.648414658724015 980.70434016045 1 2 2 1 2 2 333 86 12 4 0 0 
1662511726.7709415 25.688671875 31.57027564075527 980.6864282736022 1 2 2 1 2 2 333 86 12 4 0 0 
1662511731.9040542 25.6734375 31.57640674088509 980.7069812499483 1 2 2 1 2 2 333 86 12 2 0 0 
1662511737.0370564 25.678515625 31.852769833245098 980.6739928645044 1 2 2 1 2 2 333 86 12 2 0 0 
1662511742.1707644 25.688671875 31.6666851109776 980.6781382860033 1 2 2 1 2 2 333 86 12 2 0 0 
1662511747.3050299 25.688671875 31.606460025246815 980.7084853674066 1 2 2 1 2 2 333 89 10 2 0 0 
1662511752.439441 25.688671875 31.456069260491365 980.6929358269476 1 2 2 1 2 2 333 89 10 2 0 0 
1662511757.5735 25.688671875 31.672576324502757 980.6895425099924 1 2 2 1 2 2 333 89 10 2 0 0 
1662511762.7071304 25.688671875 31.762851073923876 980.6907667817518 1 2 2 1 2 2 312 84 8 2 0 0 
1662511767.839674 25.68359375 31.792784514452713 980.6832282193242 1 2 2 1 2 2 312 84 8 2 0 0 
1662511772.9740727 25.688671875 31.726670531046405 980.6958567982304 1 2 2 1 2 2 312 84 8 2 0 0 
1662511778.1078715 25.678515625 31.546111811983195 980.6662617774094 1 2 2 1 2 2 327 89 17 2 0 0 
1662511783.2408042 25.688671875 31.534210878586645 980.6890701097343 1 1 1 1 1 1 306 85 6 2 0 0 
1662511788.3751278 25.688671875 31.852652625226934 980.6738000647773 1 1 1 1 1 1 285 83 6 2 0 0 
1662511793.5118237 25.69375 31.540221698598486 980.6771934076035 1 1 1 1 1 1 285 83 6 2 0 0 
1662511798.6449916 25.69375 31.516178355390153 980.6847315745766 1 1 1 1 1 1 285 83 6 2 0 0 
1662511803.7789156 25.70390625 31.600089147893872 980.6847315745766 1 1 2 1 1 2 306 90 6 2 0 0 
1662511808.9074173 25.70390625 31.7921904650281 980.7002803469528 1 1 2 1 1 2 306 90 6 2 0 0 
1662511814.0376692 25.719140625 31.671856079749762 980.676052833158 1 1 2 1 1 2 306 90 6 2 0 0 
1662511819.1648474 25.708984375 31.587581787468896 980.6900999056693 1 1 2 1 1 2 300 93 10 2 0 0 
1662511824.2994363 25.7140625 31.533722833148833 980.7531581495235 1 1 2 1 1 2 300 93 10 2 0 0 
1662511829.4288301 25.70390625 31.52759078135913 980.6998073822266 1 1 2 1 1 2 300 93 10 2 0 0 
1662511834.5592775 25.7140625 31.46735681073526 980.6862333524809 1 1 2 1 1 2 300 90 10 2 0 0 
1662511839.6899748 25.708984375 31.51581520860654 980.7279008382238 1 1 2 1 1 2 300 90 10 2 0 0 
1662511844.8204615 25.7140625 31.509557192675025 980.7201684353769 1 1 2 1 1 2 300 90 10 2 0 0 
1662511849.9509473 25.708984375 31.467847982222985 980.6968868662407 1 1 2 1 1 2 306 92 12 2 0 0 
1662511855.0843391 25.708984375 31.587822320340955 980.7133814165225 1 1 2 1 1 2 306 92 12 2 0 0 
1662511860.2175658 25.708984375 31.690250657705764 980.732991022512 1 1 2 1 1 2 306 92 12 2 0 0 
1662511865.3505218 25.698828125 31.359646875025824 980.7232832184554 1 2 2 1 2 2 297 87 14 2 0 0 
1662511870.4785566 25.70390625 31.63014324768048 980.7232832184554 1 2 2 1 2 2 297 87 14 2 0 0 
1662511875.6109738 25.69375 31.38970308027358 980.7101820674278 1 2 2 1 2 2 276 80 14 2 0 0 
1662511880.7433274 25.698828125 31.702390941992437 980.7101820674278 1 2 2 1 2 2 276 80 14 2 0 0 
1662511885.8772147 25.698828125 31.58806743428809 980.7266766469991 1 2 2 1 2 2 276 80 14 2 0 0 
1662511891.0124502 25.70390625 31.509925269438185 980.7317667903477 1 1 1 1 1 1 249 70 12 0 0 0 
1662511896.1472008 25.688671875 31.467969578367107 980.7334635049394 1 1 1 1 1 1 249 70 12 0 0 0 
1662511901.2812126 25.688671875 31.672457075571472 980.7363844790594 1 1 1 1 1 1 249 70 12 0 0 0 
1662511906.4161909 25.698828125 31.696142332980457 980.7215865042904 1 1 1 1 1 1 276 79 14 0 0 0 
1662511911.5507796 25.688671875 31.5941984560887 980.70434016045 1 1 1 1 1 1 276 79 14 0 0 0 
1662511916.681723 25.6734375 31.666565804476072 980.7031157795197 1 1 1 1 1 1 276 79 14 0 0 0 
1662511921.814387 25.6734375 31.78088189197532 980.7048124385306 1 1 1 1 1 1 267 77 16 0 0 0 
1662511926.9490762 25.678515625 31.600569448288994 980.7094301786348 1 1 1 1 1 1 267 77 16 0 0 0 
1662511932.0838466 25.68359375 31.564385353454277 980.7111268515052 1 1 1 1 1 1 267 77 16 0 0 0 
1662511937.2175426 25.678515625 31.50415662062502 980.7263969105385 1 1 1 1 1 1 240 73 18 0 0 0 
1662511942.3502858 25.678515625 31.492498713926388 980.7052846044419 1 1 1 1 1 1 240 73 18 0 0 0 
1662511947.4812639 25.68359375 31.528441818174166 980.7234756923415 0 1 1 0 1 1 234 71 8 0 0 0 
1662511952.6153638 25.68359375 31.612470650539393 980.6980258029139 0 1 1 0 1 1 234 71 8 0 0 0 
1662511957.7508302 25.688671875 31.582297143930184 980.7065090976124 0 1 1 0 1 1 234 71 8 0 0 0 
1662511962.8860288 25.698828125 31.66644648714985 980.7213068902208 1 1 1 1 1 1 270 80 8 0 0 0 
1662511968.0206623 25.69375 31.49778197505569 980.72620411027 0 0 0 0 0 0 270 80 8 0 0 0 
1662511973.1551337 25.698828125 31.582297143930184 980.7215865042904 0 0 0 0 0 0 270 80 8 0 0 0 
1662511978.2896094 25.698828125 31.58806743428809 980.7000018683678 0 0 0 0 0 0 270 82 10 0 0 0 
1662511983.4234889 25.69375 31.864673275654887 980.7128235244468 0 0 0 0 0 0 270 82 10 0 0 0 
1662511988.5567873 25.688671875 31.540100934098202 980.6691826142322 1 1 1 1 1 1 270 82 10 0 0 0 
1662511993.6893055 25.698828125 31.251442356981592 980.683034875622 1 1 1 1 1 1 285 87 10 0 0 0 
1662511998.82395 25.688671875 31.660316491655283 980.6997224617113 1 1 1 1 1 1 285 87 10 0 0 0 
1662512003.958987 25.69375 31.534210878586645 980.680586750714 1 1 1 1 1 1 285 87 10 0 0 0 
1662512009.092787 25.69375 31.462201860248193 980.7132957346511 1 2 2 1 2 2 291 90 17 0 0 0 
1662512014.227855 25.678515625 31.582417418810614 980.6645651336089 1 2 2 1 2 2 291 90 17 0 0 0 
1662512019.361982 25.68359375 31.708758051346635 980.6968013779748 1 2 2 1 2 2 291 90 17 0 0 0 
1662512024.4930298 25.678515625 31.438280148944674 980.7009468153489 0 1 1 0 1 1 285 88 17 0 0 0 
1662512029.6277316 25.678515625 31.432025327780664 980.6839800941088 0 1 3 0 1 3 354 108 29 4 2 0 
1662512034.7618887 25.678515625 31.444412827033446 980.705756658186 0 1 3 0 1 3 360 108 29 4 2 0 
1662512039.8956537 25.688671875 31.504398937959344 980.6895425099924 0 1 3 0 1 3 360 108 29 4 2 0 
1662512045.0289285 25.6734375 31.720778796714917 980.6837004495464 0 1 3 0 1 3 360 108 29 4 2 0 
1662512050.1634057 25.678515625 31.534452511911997 980.6776659028883 0 2 4 0 2 4 387 120 29 4 2 0 
1662512055.2973874 25.68359375 31.618720961819378 980.7128235244468 0 2 4 0 2 4 387 120 29 4 2 0 
1662512060.4312596 25.678515625 31.5407046483477 980.7069812499483 0 2 4 0 2 4 387 120 29 4 2 0 
1662512065.5637376 25.69375 31.678467653466267 980.7084853674066 0 2 4 0 2 4 387 120 29 6 2 0 
1662512070.6966913 25.688671875 31.672218545234887 980.6788900791232 0 2 4 0 2 4 387 120 29 6 2 0 
1662512075.8316762 25.688671875 31.846524996992407 980.6774719609502 0 2 4 0 2 4 387 120 29 6 2 0 
1662512080.9665504 25.698828125 31.708282675430887 980.6304372432901 0 2 4 0 2 4 396 123 29 6 2 0 
1662512086.100265 25.698828125 31.606099988905807 980.6503245735521 0 2 4 0 2 4 396 123 29 6 2 0 
1662512091.23505 25.7140625 31.455704061639647 980.6765259879395 0 2 4 0 2 4 396 123 29 6 2 0 
1662512096.3697977 25.698828125 31.425770179169806 980.6922695661237 1 3 4 1 3 4 369 114 22 6 2 0 
1662512101.5028255 25.70390625 31.497903240013226 980.6706851123944 1 3 4 1 3 4 369 114 22 6 2 0 
1662512106.6359196 25.7140625 31.63591003751072 980.703200890374 1 3 4 1 3 4 369 114 22 6 2 0 
1662512111.770967 25.70390625 31.4197590223387 980.6867064258103 1 2 2 1 2 2 318 88 21 0 0 0 
1662512116.906164 25.70390625 31.29327035061373 980.6939662926557 1 2 2 1 2 2 318 88 21 0 0 0 
1662512122.040287 25.70390625 31.539733929392465 980.6757752487046 1 2 2 1 2 2 402 111 19 0 0 0 
1662512127.170561 25.688671875 31.498145737452216 980.67115798493 1 2 2 1 2 2 402 111 19 0 0 0 
1662512132.303835 25.688671875 31.359646875025824 980.6704067222355 1 2 2 1 2 2 402 111 19 0 0 0 
1662512137.4372876 25.688671875 31.57640674088509 980.6551366843165 2 2 2 2 2 2 450 122 17 0 0 0 
1662512142.5703108 25.678515625 31.40798122664071 980.680586750714 2 2 2 2 2 2 450 122 17 0 0 0 
1662512147.7040145 25.688671875 31.55825409547304 980.680586750714 2 2 2 2 2 2 450 122 17 0 0 0 
1662512152.8379195 25.6734375 31.372405370053833 980.6611718462211 2 3 3 2 3 3 471 131 17 0 0 0 
1662512157.9714246 25.688671875 31.516178355390153 980.6585300255787 2 3 3 2 3 3 471 131 17 0 0 0 
1662512163.1054099 25.698828125 31.648295125386777 980.6668186766769 2 3 3 2 3 3 471 131 17 0 0 0 
1662512168.239367 25.68359375 31.720541403978643 980.6420361024766 2 3 3 2 3 3 501 141 17 0 0 0 
1662512173.372857 25.678515625 31.426258414099447 980.6556093560797 2 3 3 2 3 3 501 141 17 0 0 0 
1662512178.5064924 25.68359375 31.534452511911997 980.6526886289956 2 3 3 2 3 3 501 141 17 0 0 0 
1662512183.6399565 25.68359375 31.762614638676446 980.6919909685606 2 3 3 2 3 3 495 144 19 0 0 0 
1662512188.7727463 25.688671875 31.56450582270589 980.70141912058 2 3 3 2 3 3 495 144 19 0 0 0 
1662512193.9061182 25.678515625 31.684478220834233 980.6847315745766 1 2 2 1 2 2 282 87 21 2 0 0 
1662512199.042492 25.688671875 31.57628639760614 980.6546639003808 1 2 2 1 2 2 282 87 21 2 0 0 
1662512204.1760368 25.69375 31.702509859777166 980.6500466729565 1 2 2 1 2 2 261 85 21 2 0 0 
1662512209.310071 25.688671875 31.684716434293858 980.6551366843165 1 2 2 1 2 2 261 85 21 2 0 0 
1662512214.4435236 25.688671875 31.58253768286602 980.6575843998332 1 2 2 1 2 2 261 85 21 2 0 0 
1662512219.5771737 25.688671875 31.516057317287576 980.663620038005 1 2 2 1 2 2 246 80 21 2 0 0 
1662512224.7105384 25.68359375 31.522189206982482 980.6859555232446 1 2 2 1 2 2 246 80 21 2 0 0 
1662512229.8452246 25.69375 31.738335827759975 980.6585300255787 1 2 2 1 2 2 246 80 21 2 0 0 
1662512234.9783616 25.688671875 31.480355889322915 980.6560819156725 1 2 2 1 2 2 261 85 21 2 0 0 
1662512240.112296 25.68359375 31.636393387139314 980.6623959845873 1 2 2 1 2 2 261 85 21 2 0 0 
1662512245.2461479 25.668359375 31.63675233257836 980.6752172955764 1 2 2 1 2 2 261 85 21 2 0 0 
1662512250.3789253 25.6734375 31.510530747830398 980.66843077368 1 2 2 1 2 2 267 87 19 2 0 0 
1662512255.5118535 25.6734375 31.7271449563522 980.6594752026338 1 2 2 1 2 2 267 87 19 2 0 0 
1662512260.6463547 25.678515625 31.48047730535982 980.6705996307064 1 2 2 1 2 2 267 87 19 2 0 0 
1662512265.7807324 25.668359375 31.54082535872203 980.6735206649957 1 2 2 1 2 2 267 85 17 0 0 0 
1662512270.914246 25.6734375 31.69072685434658 980.6832282193242 None None None None None None None None None None None None 
1662512276.047937 25.688671875 31.624611654817393 980.7103745411749 1 1 2 1 1 2 258 71 14 4 0 0 
1662512281.181916 25.68359375 31.432269286785235 980.6459020564951 1 1 2 1 1 2 258 71 14 4 0 0 
1662512286.3153605 25.678515625 31.480355889322915 980.6934080878856 1 2 2 1 2 2 288 80 16 4 0 0 
1662512291.4488177 25.68359375 31.516178355390153 980.6623959845873 1 2 2 1 2 2 288 80 16 4 0 0 
1662512296.5820332 25.678515625 31.588548281866696 980.661644252921 1 2 2 1 2 2 288 80 16 4 0 0 
1662512301.7155263 25.68359375 31.756604208157242 980.6606993273537 1 2 2 1 2 2 282 78 16 4 0 0 
1662512306.8486693 25.68359375 31.300151124327787 980.6577785591177 1 2 2 1 2 2 282 78 16 4 0 0 
1662512311.9813218 25.678515625 31.384059489229227 980.6793625608328 1 2 2 1 2 2 282 78 16 4 0 0 
1662512317.1143963 25.678515625 31.5407046483477 980.6554942098857 1 2 2 1 2 2 291 81 16 2 0 0 
1662512322.2486508 25.6734375 31.871034561175218 980.6633408830041 1 2 2 1 2 2 291 81 16 2 0 0 
1662512327.3820002 25.658203125 31.300151124327787 980.6366673083674 1 2 2 1 2 2 291 81 16 2 0 0 
1662512332.5147545 25.658203125 31.606819964163446 980.719329715628 1 2 2 1 2 2 276 76 14 2 0 0 
1662512337.6480923 25.668359375 31.576888005750412 980.6892624201136 1 2 2 1 2 2 276 76 14 2 0 0 
1662512342.7819932 25.658203125 31.715362063670923 980.6860330587895 1 2 2 1 2 2 276 76 14 2 0 0 
1662512347.9145184 25.658203125 31.30039802828295 980.6824759502431 1 2 2 1 2 2 264 79 21 2 0 0 
1662512353.048501 25.658203125 31.504883442723994 980.6780219892279 0 1 1 0 1 1 234 65 12 0 0 0 
1662512358.1820004 25.658203125 31.54094605827117 980.709785512749 1 2 2 1 2 2 264 75 16 0 0 0 
1662512363.315723 25.653125 31.396693322597116 980.6712356320922 1 2 2 1 2 2 264 75 16 0 0 0 
1662512368.4492052 25.658203125 31.49875179160591 980.6554942098857 1 2 2 1 2 2 264 75 16 0 0 0 
1662512373.5827286 25.658203125 31.37866130435936 980.6814151682222 1 2 2 1 2 2 285 82 14 0 0 0 
1662512378.7161403 25.653125 31.43300090398414 980.6721792968908 1 2 2 1 2 2 285 82 14 0 0 0 
1662512383.8495662 25.64296875 31.63758949306783 980.6772689831851 1 2 2 1 2 2 285 82 14 0 0 0 
1662512388.9834428 25.653125 31.463053057407777 980.6738758589179 1 2 2 1 2 2 300 87 12 0 0 0 
1662512394.1161788 25.64296875 31.613549559441395 980.6760440580356 1 2 2 1 2 2 300 87 12 0 0 0 
1662512399.2500315 25.64296875 31.51714627050053 980.6319338195383 1 2 2 1 2 2 300 87 12 0 0 0 
1662512404.3835726 25.637890625 31.360997381403372 980.6564383433483 1 2 2 1 2 2 321 92 10 0 0 0 
1662512409.516434 25.653125 31.55921818017729 980.6670896112362 1 2 2 1 2 2 321 92 10 0 0 0 
1662512414.6498346 25.653125 31.613190020564844 980.6505958376537 1 2 2 1 2 2 321 92 10 0 0 0 
1662512419.7837996 25.64296875 31.56534880436455 980.6920664324862 1 1 1 1 1 1 279 83 10 0 0 0 
1662512424.9173424 25.648046875 31.46882044826259 980.6865049372467 1 1 1 1 1 1 279 83 10 0 0 0 
1662512430.051101 25.658203125 31.372650610562648 980.6809432490394 1 1 1 1 1 1 279 83 10 0 0 0 
1662512435.1854057 25.658203125 31.516904356674633 980.6656738236279 0 1 1 0 1 1 348 94 27 2 0 0 
1662512440.3185742 25.658203125 31.432757074886965 980.6491799792565 0 1 1 0 1 1 348 94 27 2 0 0 
1662512445.4520278 25.66328125 31.63699157541367 980.672460234211 0 1 1 0 1 1 327 89 23 2 0 0 
1662512450.5855498 25.658203125 31.709114469625902 980.705756658186 1 2 2 1 2 2 327 89 23 2 0 0 
1662512455.7189243 25.66328125 31.38467198763067 980.6909590377588 1 2 2 1 2 2 327 89 23 2 0 0 
1662512460.852356 25.648046875 31.445021796928348 980.6891449203599 1 2 2 1 2 2 327 89 21 2 0 0 
1662512465.9858289 25.653125 31.38467198763067 980.6937630089413 1 2 2 1 2 2 327 89 21 2 0 0 
1662512471.11861 25.648046875 31.481326914506244 980.6925380459066 1 2 2 1 2 2 327 89 21 2 0 0 
1662512476.2526658 25.648046875 31.481205574247312 980.6930095471755 1 2 3 1 2 3 318 89 19 4 2 2 
1662512481.3861055 25.648046875 31.769569992746774 980.7010208610177 1 2 3 1 2 3 318 89 19 4 2 2 
1662512486.5190332 25.648046875 31.34885347458393 980.6968740078255 1 2 3 1 2 3 318 89 19 4 2 2 
1662512491.652427 25.627734375 31.535539326028076 980.6689757579288 1 2 4 1 2 4 324 91 21 4 2 2 
1662512496.7864509 25.6328125 31.511498950341945 980.7189289797058 1 2 4 1 2 4 324 91 21 4 2 2 
1662512501.9199142 25.62265625 31.769924164425294 980.6893338527827 1 2 4 1 2 4 324 91 21 4 2 2 
1662512507.0538461 25.627734375 31.46353921762381 980.7257151273167 1 2 3 1 2 3 294 80 14 4 2 2 
1662512512.1871567 25.637890625 31.63758949306783 980.7099750434235 1 2 3 1 2 3 294 80 14 4 2 2 
1662512517.3208845 25.637890625 31.463296159166774 980.7325012760645 1 2 2 1 2 2 276 75 21 0 0 0 
1662512522.4542758 25.64296875 31.445265309107352 980.7087497604222 1 2 2 1 2 2 276 75 21 0 0 0 
1662512527.5870397 25.637890625 31.679658971723146 980.7264693170131 1 2 2 1 2 2 276 75 21 0 0 0 
1662512532.7204807 25.637890625 31.87197002118273 980.7087497604222 1 2 2 1 2 2 255 73 23 0 0 0 
1662512537.853883 25.637890625 31.5594590931022 980.6997957448216 1 2 2 1 2 2 255 73 23 0 0 0 
1662512542.9866722 25.6328125 31.62556954730349 980.7104462967918 1 2 2 1 2 2 255 73 23 0 0 0 
1662512548.1178606 25.6328125 31.49334736544369 980.6917844006358 1 2 2 1 2 2 264 76 23 0 0 0 
1662512553.2518044 25.637890625 31.625449848629717 980.7112002414965 1 2 2 1 2 2 264 76 23 0 0 0 
1662512558.3842652 25.637890625 31.541428748215885 980.713839369744 1 2 2 1 2 2 264 76 23 0 0 0 
1662512563.5172708 25.627734375 31.547800572297476 980.7046024306404 1 2 2 1 2 2 279 81 23 0 0 0 
1662512568.6512313 25.627734375 31.469792221472016 980.7055442609743 1 2 2 1 2 2 279 81 23 0 0 0 
1662512573.7851684 25.62265625 31.58373972804389 980.7130849763821 0 1 1 0 1 1 279 81 23 0 0 0 
1662512578.9188185 25.617578125 31.60176944153021 980.6784005609417 0 1 1 0 1 1 279 79 21 0 0 0 
1662512584.052306 25.62265625 31.64407731585677 980.7164779951764 0 1 1 0 1 1 279 79 21 0 0 0 
1662512589.1853752 25.6125 31.541790652010004 980.6953653713297 0 1 1 0 1 1 279 79 21 0 0 0 
1662512594.318241 25.607421875 31.46378223277889 980.679342377128 1 2 2 1 2 2 270 79 19 0 0 0 
1662512599.4514582 25.6125 31.391661547629624 980.7169488713877 1 2 2 1 2 2 297 90 18 0 0 0 
1662512604.584171 25.6125 31.758141152413106 980.7101628883836 1 2 2 1 2 2 324 97 20 0 0 0 
1662512609.7171013 25.62265625 31.619918794896662 980.7181745046802 1 2 2 1 2 2 324 97 20 0 0 0 
1662512614.850996 25.627734375 31.541670028237146 980.7160070068238 1 2 2 1 2 2 324 97 20 0 0 0 
1662512619.9836328 25.6328125 31.547559450725934 980.7291082015483 1 2 2 1 2 2 339 100 16 0 0 0 
1662512625.116942 25.6328125 31.769806118023403 980.7189289797058 1 2 2 1 2 2 339 100 16 0 0 0 
1662512630.2509425 25.6328125 31.553328469215373 980.7172324429808 0 1 1 0 1 1 339 100 16 0 0 0 
1662512635.384946 25.627734375 31.67388734831888 980.699512904048 0 1 1 0 1 1 318 93 14 0 0 0 
1662512640.517653 25.6328125 31.679897105478847 980.7249605434059 0 1 1 0 1 1 318 93 14 0 0 0 
1662512645.6510212 25.617578125 31.55356949728856 980.7368361139128 0 1 1 0 1 1 318 93 14 0 0 0 
1662512650.7846694 25.627734375 31.656096651310452 980.7009256035179 0 1 1 0 1 1 348 100 12 0 0 0 
1662512655.9184291 25.617578125 31.57184014821011 980.7571942428841 0 1 1 0 1 1 348 100 12 0 0 0 
1662512661.0518692 25.617578125 31.559820381301236 980.7106337067559 0 1 1 0 1 1 348 100 12 0 0 0 
1662512666.185947 25.617578125 31.43361028727889 980.7254313517421 0 0 0 0 0 0 315 90 8 0 0 0 
1662512671.319256 25.627734375 31.51161992694203 980.7152523755301 0 0 0 0 0 0 315 90 8 0 0 0 
1662512676.453042 25.617578125 31.4459955858309 980.7309914962799 0 0 0 0 0 0 315 90 8 0 0 0 
1662512681.586186 25.627734375 31.78217925500447 980.7249605434059 0 2 2 0 2 2 324 98 19 4 0 0 
1662512686.719131 25.6125 31.499720915333477 980.7128008814861 1 3 3 1 3 3 324 98 19 4 0 0 
1662512691.8502662 25.617578125 31.650086988845356 980.7300500731967 1 3 3 1 3 3 330 100 19 4 0 0 
1662512696.9842365 25.62265625 31.58950945742393 980.6944233780956 1 3 3 1 3 3 330 100 19 4 0 0 
1662512702.119473 25.627734375 31.770042200002905 980.6978163953262 0 2 2 0 2 2 330 100 19 4 0 0 
1662512707.2537186 25.62265625 31.58410013050944 980.7135558797435 0 2 2 0 2 2 324 98 19 4 0 0 
1662512712.3873856 25.6125 31.565830270017535 980.7174196354601 0 2 2 0 2 2 324 98 19 4 0 0 
1662512717.5215802 25.617578125 31.818471015978073 980.7283535631955 0 2 2 0 2 2 324 98 19 4 0 0 
1662512722.6526394 25.617578125 31.494074358840436 980.7588907540937 1 3 3 1 3 3 339 103 19 4 0 0 
1662512727.786359 25.617578125 31.58385987302409 980.7377774283955 1 3 3 1 3 3 339 103 19 4 0 0 
1662512732.919025 25.617578125 31.511861847666303 980.7784930449714 1 3 3 1 3 3 339 103 19 4 0 0 
1662512738.0540042 25.6125 31.746122037975084 980.7508788034669 1 2 2 1 2 2 234 75 19 4 0 0 
1662512743.1888716 25.62265625 31.63229707979085 980.7734035906606 1 2 2 1 2 2 234 75 19 4 0 0 
1662512748.320913 25.607421875 31.746240325468808 980.7683141369894 1 2 2 1 2 2 234 75 19 4 0 0 
1662512753.4562597 25.6125 31.716192697169806 980.7479563287014 1 3 3 1 3 3 291 92 19 4 0 0 
1662512758.591637 25.617578125 31.48757965647462 980.7445633616486 1 3 3 1 3 3 291 92 19 4 0 0 
1662512763.725216 25.617578125 31.50560987511112 980.7622837767263 1 1 1 1 1 1 318 95 4 0 0 0 
1662512768.858257 25.6328125 31.70381724098893 980.7283535631955 1 1 1 1 1 1 318 95 4 0 0 0 
1662512773.993576 25.627734375 31.613549559441395 980.7291082015483 1 1 1 1 1 1 318 95 4 0 0 0 
1662512779.1277986 25.627734375 31.679897105478847 980.7308047387709 1 2 2 1 2 2 348 102 4 0 0 0 
1662512784.2623088 25.627734375 31.39141689077102 980.745318666407 1 2 2 1 2 2 348 102 4 0 0 0 
1662512789.396625 25.617578125 31.57772980250053 980.7588907540937 1 2 2 1 2 2 348 102 4 0 0 0 
1662512794.5299644 25.62265625 31.511498950341945 980.7487116879023 1 2 2 1 2 2 360 106 6 0 0 0 
1662512799.6633961 25.627734375 31.57147927040421 980.7414548604693 1 2 2 1 2 2 360 106 6 0 0 0 
1662512804.7967174 25.627734375 31.511498950341945 980.749937481905 1 2 2 1 2 2 360 106 6 0 0 0 
1662512809.9319367 25.62265625 31.58373972804389 980.740699820858 1 2 2 1 2 2 339 101 6 0 0 0 
1662512815.066408 25.617578125 31.541670028237146 980.7491823061878 1 2 2 1 2 2 339 101 6 0 0 0 
1662512820.199974 25.6125 31.475802199641652 980.7479563287014 1 2 2 1 2 2 339 101 6 0 0 0 
1662512825.331239 25.6125 31.716311315800247 980.7382479174314 1 2 2 1 2 2 360 108 10 2 0 0 
1662512830.4656072 25.6125 31.494074358840436 980.7780227696004 1 2 2 1 2 2 360 108 10 2 0 0 
1662512835.5993116 25.60234375 31.698163993908587 980.7653914400662 1 2 2 1 2 2 360 108 10 2 0 0 
1662512840.7344866 25.607421875 31.686382716154093 980.7370218383481 1 2 2 1 2 2 360 106 12 2 0 0 
1662512845.8698022 25.60234375 31.566191255593893 980.7675580569625 1 2 2 1 2 2 288 80 17 0 0 0 
1662512851.0049062 25.60234375 31.554292321704967 980.7209979984644 1 1 1 1 1 1 267 71 17 0 0 0 
1662512856.1403093 25.60234375 31.51823434686587 980.7285395594865 1 1 1 1 1 1 267 71 17 0 0 0 
1662512861.2741125 25.587109375 31.48229724686273 980.724861017476 1 1 1 1 1 1 267 71 17 0 0 0 
1662512866.406091 25.597265625 31.644435601466714 980.7472005753276 0 1 1 0 1 1 252 69 12 0 0 0 
1662512871.5406888 25.5921875 31.578450920395593 980.7396587117474 0 1 1 0 1 1 252 69 12 0 0 0 
1662512876.6757236 25.587109375 31.662583175005675 980.744277886763 0 1 1 0 1 1 252 69 12 0 0 0 
1662512881.8114932 25.5921875 31.662583175005675 980.7294801397998 0 1 1 0 1 1 267 74 14 0 0 0 
1662512886.9454882 25.597265625 31.61462759152673 980.718075359418 0 1 1 0 1 1 267 74 14 0 0 0 
1662512892.0789642 25.597265625 31.608498390941822 980.7239205799683 0 1 1 0 1 1 267 74 14 0 0 0 
1662512897.2139826 25.5921875 31.698639224201088 980.7391885591048 1 2 2 1 2 2 282 79 16 0 0 0 
1662512902.3479502 25.597265625 31.644435601466714 980.7532301449911 1 2 2 1 2 2 282 79 16 0 0 0 
1662512907.479806 25.587109375 31.39828277327237 980.7367359218134 1 2 2 1 2 2 282 79 16 0 0 0 
1662512912.610857 25.5921875 31.6387845165161 980.7549265744664 1 1 1 1 1 1 261 75 14 0 0 0 
1662512917.7446296 25.587109375 31.692748757880132 980.7270274691604 1 1 1 1 1 1 261 75 14 0 0 0 
1662512922.8796725 25.58203125 31.68697730264951 980.7126998436349 1 1 1 1 1 1 261 75 14 0 0 0 
1662512928.0146916 25.587109375 31.79502219842744 980.7078968744631 1 2 2 1 2 2 285 92 16 0 0 0 
1662512933.149171 25.58203125 31.87914723482057 980.7049742601795 1 2 2 1 2 2 285 92 16 0 0 0 
1662512938.28066 25.58203125 31.7229133829361 980.6998850598125 1 1 1 1 1 1 354 110 16 0 0 0 
1662512943.4147294 25.587109375 31.741177278261734 980.7015814598639 1 1 1 1 1 1 354 110 16 0 0 0 
1662512948.5489168 25.566796875 31.31463751894509 980.7143962170338 1 1 1 1 1 1 354 110 16 0 0 0 
1662512953.6811962 25.571875 31.62688551827519 980.6991288590013 0 1 1 0 1 1 345 105 16 0 0 0 
1662512958.816385 25.5615234375 31.72338725915324 980.7126998436349 1 2 2 1 2 2 345 105 16 0 0 0 
1662512963.95166 25.576953125 31.723268806335643 980.7318296284192 1 2 2 1 2 2 345 105 16 0 0 0 
1662512969.0866272 25.5615234375 31.543237292920736 980.7029915089922 2 2 2 2 2 2 372 114 21 0 0 0 
1662512974.2210832 25.566796875 31.66329815789515 980.6881941919282 2 2 2 2 2 2 372 114 21 0 0 0 
1662512979.3502667 25.576953125 31.867596809565217 980.7029915089922 2 2 2 2 2 2 372 114 21 0 0 0 
1662512984.4841979 25.566796875 31.831193292248145 980.6966759185558 1 2 2 1 2 2 384 118 21 0 0 0 
1662512989.6180682 25.58203125 31.59106989009328 980.7233478264557 1 2 2 1 2 2 384 118 21 0 0 0 
1662512994.752471 25.571875 31.723268806335643 980.7034613011369 1 2 2 1 2 2 384 118 21 0 0 0 
1662512999.8879158 25.576953125 31.651280211390368 980.7029915089922 1 2 2 1 2 2 348 106 17 0 0 0 
1662513005.0218291 25.571875 31.57304237060106 980.6877242776103 1 2 2 1 2 2 348 106 17 0 0 0 
1662513010.1558874 25.571875 31.663179021141968 980.6821651346056 1 2 2 1 2 2 270 86 25 0 0 0 
1662513015.2908766 25.576953125 31.52508923224532 980.6911169951977 1 2 2 1 2 2 270 86 25 0 0 0 
1662513020.4245498 25.576953125 31.530857137885093 980.7025216047333 1 2 2 1 2 2 270 86 25 0 0 0 
1662513025.5590591 25.566796875 31.5551351243142 980.6957361135537 1 2 2 1 2 2 255 81 25 0 0 0 
1662513030.6927688 25.576953125 31.620995919139794 980.690646995915 1 2 2 1 2 2 255 81 25 0 0 0 
1662513035.828393 25.576953125 31.43470649519633 980.7241046190179 1 2 2 1 2 2 255 81 25 0 0 0 
1662513040.9597988 25.576953125 31.464996659025314 980.6974324862421 1 1 1 1 1 1 228 72 21 0 0 0 
1662513046.0941586 25.587109375 31.614986740707167 980.6855578789161 1 1 1 1 1 1 228 72 21 0 0 0 
1662513051.226191 25.576953125 31.590949921760917 980.7032778599861 1 1 1 1 1 1 228 72 21 0 0 0 
1662513056.360145 25.587109375 31.620756633970924 980.7163789450813 1 1 1 1 1 1 240 72 21 0 0 0 
1662513061.4938653 25.58203125 31.59106989009328 980.723634666997 1 1 1 1 1 1 240 72 21 0 0 0 
1662513066.6274145 25.597265625 31.530374420350103 980.7209979984644 1 1 1 1 1 1 240 72 21 0 0 0 
1662513071.7625668 25.576953125 31.651041653479314 980.6986588154764 1 1 1 1 1 1 234 70 21 0 0 0 
1662513076.8973823 25.571875 31.579171648589565 980.6799985697087 1 1 1 1 1 1 234 70 21 0 0 0 
1662513082.0321448 25.5564453125 31.56114427116469 980.6809388432883 1 1 1 1 1 1 234 70 21 0 0 0 
1662513087.1602204 25.58203125 31.410790434030194 980.6945097130695 1 2 2 1 2 2 267 81 25 2 0 0 
1662513092.2913322 25.576953125 31.46475386037986 980.7032778599861 1 2 3 1 2 3 333 97 25 2 0 0 
1662513097.4250546 25.576953125 31.63902339130823 980.702051588358 1 2 2 1 2 2 327 95 21 2 0 0 
1662513102.5568266 25.58203125 31.5788113332052 980.7355094758127 1 2 2 1 2 2 327 95 21 2 0 0 
1662513107.6900513 25.571875 31.753313304382395 980.735222349702 1 2 2 1 2 2 327 95 21 2 0 0 
1662513112.8241208 25.576953125 31.326779747863082 980.692813354098 1 1 2 1 1 2 291 85 17 2 0 0 
1662513117.9586437 25.566796875 31.819410274207737 980.6949795730882 1 1 2 1 1 2 291 85 17 2 0 0 
1662513123.0915484 25.5564453125 31.831544990101442 980.6903603257437 1 1 2 1 1 2 291 85 17 2 0 0 
1662513128.225558 25.5564453125 31.7116066698025 980.6823484128079 1 2 2 1 2 2 321 92 21 2 0 0 
1662513133.3602662 25.5615234375 31.465239414368863 980.6993115935019 1 2 2 1 2 2 321 92 21 2 0 0 
1662513138.4940143 25.5615234375 31.699351744903165 980.7335259890251 1 2 2 1 2 2 321 92 21 2 0 0 
1662513143.6271348 25.5615234375 31.4533425453222 980.7128821431735 1 2 2 1 2 2 312 92 19 2 0 0 
1662513148.7602868 25.5564453125 31.717378396372368 980.7022346489936 1 2 2 1 2 2 312 92 19 2 0 0 
1662513153.8936582 25.5513671875 31.38724152547374 980.7104282234145 1 2 2 1 2 2 312 92 19 2 0 0 
1662513159.0260863 25.5564453125 31.747658931092804 980.6997810900449 1 1 1 1 1 1 270 80 12 0 0 0 
1662513164.1595123 25.5361328125 31.87407227341254 980.687906957836 1 1 1 1 1 1 270 80 12 0 0 0 
1662513169.2934597 25.5513671875 31.66365550320653 980.6951616009778 1 1 1 1 1 1 270 80 12 0 0 0 
1662513174.4267685 25.5513671875 31.561625360907563 980.7172133907894 1 2 2 1 2 2 279 75 22 4 0 0 
1662513179.5602465 25.5462890625 31.639620388854762 980.7002504744839 1 2 2 1 2 2 279 75 22 4 0 0 
1662513184.6936948 25.5564453125 31.615345792463653 980.7344649725109 1 2 2 1 2 2 273 80 26 4 0 0 
1662513189.8270407 25.5462890625 31.423174944757633 980.7077931865138 1 2 2 1 2 2 273 80 26 4 0 0 
1662513194.96091 25.5615234375 31.855696515914456 980.7242869728393 1 2 2 1 2 2 273 80 26 4 0 0 
1662513200.0942516 25.5564453125 31.519200789738974 980.6983722640947 1 2 2 1 2 2 267 78 19 4 0 0 
1662513205.22758 25.566796875 31.903648250269505 980.706384227859 1 2 2 1 2 2 267 78 19 4 0 0 
1662513210.3609502 25.566796875 31.603208004527378 980.6911169951977 1 2 2 1 2 2 267 78 19 4 0 0 
1662513215.494212 25.5513671875 31.645271222356328 980.717788964045 1 2 2 1 2 2 273 82 21 4 0 0 
1662513220.6276283 25.566796875 31.501173301883647 980.6886639941351 1 2 2 1 2 2 273 82 21 4 0 0 
1662513225.760424 25.566796875 31.591189847600663 980.714866026269 1 2 2 1 2 2 273 82 21 4 0 0 
1662513230.8937817 25.5615234375 31.819644980524348 980.7034613011369 1 2 2 1 2 2 258 75 19 4 0 0 
1662513236.0261421 25.5564453125 31.489276022693083 980.6966759185558 1 2 2 1 2 2 258 75 19 4 0 0 
1662513241.159387 25.566796875 31.47100596369225 980.7289064959434 1 2 2 1 2 2 258 75 19 4 0 0 
1662513246.2907326 25.5564453125 31.747658931092804 980.7145784622022 1 2 2 1 2 2 243 70 17 4 0 0 
1662513251.4245965 25.5564453125 31.892097188914605 980.6777291329998 1 2 2 1 2 2 243 70 17 4 0 0 
1662513256.5586176 25.5615234375 31.59154965517297 980.7162747813021 0 1 2 0 1 2 246 68 14 2 2 0 
1662513261.6920347 25.5412109375 31.591669569380453 980.7031736998869 0 1 2 0 1 2 246 68 14 2 2 0 
1662513266.8248231 25.5462890625 31.639620388854762 980.7065663100132 0 1 2 0 1 2 246 68 14 2 2 0 
1662513271.9583626 25.5564453125 31.543357775966363 980.6791374794287 1 1 2 1 1 2 255 71 14 2 2 0 
1662513277.0922997 25.5513671875 31.60969596822249 980.6748061133493 1 1 2 1 1 2 255 71 14 2 2 0 
1662513282.225723 25.5462890625 31.591669569380453 980.7121245151517 1 1 2 1 1 2 255 71 14 2 2 0 
1662513287.3591557 25.5513671875 31.54359870958213 980.7027042304934 1 1 2 1 1 2 264 74 12 2 2 0 
1662513292.4929924 25.5564453125 31.645629183223274 980.7337072012564 1 1 2 1 1 2 264 74 12 2 2 0 
1662513297.626285 25.5412109375 31.693936651581343 980.7159862490048 1 1 2 1 1 2 264 74 12 2 2 0 
1662513302.7591593 25.5361328125 31.543839599897254 980.7135317108035 0 1 2 0 1 2 243 65 12 2 2 0 
1662513307.892488 25.5259765625 31.459958652621328 980.7164552870718 0 1 2 0 1 2 243 65 12 2 2 0 
1662513313.0248346 25.5208984375 31.5560976777891 980.731721672838 0 1 2 0 1 2 243 65 12 2 2 0 
1662513318.158238 25.5158203125 31.844381597395543 980.7309629301229 0 1 2 0 1 2 249 70 12 2 2 0 
1662513323.2921507 25.5208984375 31.56235129329331 980.7140005518303 0 1 2 0 1 2 249 70 12 2 2 0 
1662513328.4255245 25.5107421875 31.712677850627145 980.7183303184052 0 1 2 0 1 2 249 70 12 2 2 0 
1662513333.5594723 25.5107421875 31.92884747656984 980.7352924266265 1 1 3 1 1 3 264 75 14 4 2 0 
1662513338.6933887 25.5056640625 31.724575743482582 980.7156967893397 1 3 3 1 3 3 387 111 25 2 0 0 
1662513343.8267941 25.5158203125 31.82671312997835 980.7369886378394 1 4 4 1 4 4 423 127 27 2 0 0 
1662513348.9601395 25.5107421875 31.65848522645847 980.7687484819253 1 4 4 1 4 4 423 127 27 2 0 0 
1662513354.0902598 25.5107421875 31.796790550390764 980.7243557118194 1 4 4 1 4 4 423 127 27 2 0 0 
1662513359.223767 25.5208984375 31.988925083952115 980.7517862237472 1 3 3 1 3 3 357 108 20 2 0 0 
1662513364.3566105 25.5107421875 31.646468632074626 980.7530140325259 1 3 3 1 3 3 357 108 20 2 0 0 
1662513369.489928 25.5158203125 31.736351091739916 980.733127747958 1 3 3 1 3 3 357 108 20 2 0 0 
1662513374.623366 25.5208984375 31.916715673138018 980.7382164223204 1 3 3 1 3 3 357 104 18 2 0 0 
1662513379.7562144 25.5208984375 31.796555514278026 980.7355829804397 1 3 3 1 3 3 357 104 18 2 0 0 
1662513384.8895688 25.5259765625 31.820705132569376 980.7394441219336 1 3 3 1 3 3 357 104 18 2 0 0 
1662513390.0221083 25.5208984375 31.520045858926785 980.7581027501706 1 3 3 1 3 3 372 106 18 2 0 0 
1662513395.1555214 25.5310546875 31.760384164962 980.7826096669615 1 3 3 1 3 3 372 106 18 2 0 0 
1662513400.288932 25.5259765625 31.748131453254576 980.7729005410273 1 3 3 1 3 3 372 106 18 2 0 0 
1662513405.422324 25.5259765625 31.664250862231743 980.7758245973835 1 3 3 1 3 3 381 106 18 2 0 0 
1662513410.5562267 25.5208984375 31.712199347204027 980.7741283301666 1 3 3 1 3 3 381 106 18 2 0 0 
1662513415.6900492 25.5310546875 31.760266209088762 980.7474567459873 1 3 3 1 3 3 381 106 18 2 0 0 
1662513420.8237462 25.5259765625 31.682276061617806 980.7581027501706 1 3 3 1 3 3 357 106 29 2 0 0 
1662513425.957227 25.5259765625 31.73034279713643 980.767520451822 1 3 3 1 3 3 357 106 29 2 0 0 
1662513431.0907135 25.5208984375 31.604410220392115 980.7585711261657 1 3 3 1 3 3 357 106 27 2 0 0 
1662513436.2229934 25.5208984375 31.574368182200754 980.7513177934532 1 3 3 1 3 3 357 106 27 2 0 0 
1662513441.3563921 25.5259765625 31.6161832010247 980.7520768628133 1 3 3 1 3 3 357 106 27 2 0 0 
1662513446.4894328 25.5310546875 31.736114622039278 980.7465192706379 0 2 2 0 2 2 357 106 27 2 0 0 
1662513451.622823 25.5361328125 31.8680639472049 980.7465192706379 0 2 2 0 2 2 357 106 27 2 0 0 
1662513456.7565088 25.5361328125 31.561986064551274 980.7821411583083 0 2 2 0 2 2 357 106 27 2 0 0 
1662513461.8903897 25.5361328125 31.70018252653859 980.7334179382785 0 2 2 0 2 2 336 101 25 2 0 0 
1662513467.0231347 25.5259765625 31.652114823099826 980.7614952289555 1 3 3 1 3 3 336 101 25 2 0 0 
1662513472.1547768 25.5158203125 31.880901188535994 980.7578113433331 1 3 3 1 3 3 336 101 25 2 0 0 
1662513477.2876644 25.5259765625 31.658604312118374 980.7755333871861 1 2 2 1 2 2 336 98 22 2 0 0 
1662513482.420692 25.5107421875 31.910707765124936 980.7530140325259 1 2 2 1 2 2 336 98 22 2 0 0 
1662513487.5529377 25.5158203125 31.459958652621328 980.7597989895274 1 2 2 1 2 2 336 98 22 2 0 0 
1662513492.6868808 25.5158203125 31.796555514278026 980.7573431779366 1 2 2 1 2 2 342 100 20 0 0 0 
1662513497.818955 25.5158203125 31.49637858461993 980.7658242393301 1 2 2 1 2 2 342 100 20 0 0 0 
1662513502.9506252 25.5158203125 31.772400638457924 980.7585711261657 2 3 4 2 3 4 399 123 23 6 2 0 
1662513508.0812984 25.5056640625 31.62255481311511 980.7619635778013 2 3 4 2 3 4 399 123 23 6 2 0 
1662513513.2102695 25.5056640625 31.712559380510132 980.7357607684928 2 3 4 2 3 4 399 123 23 6 2 0 
1662513518.341991 25.5158203125 31.62243531708253 980.7556469658709 1 3 3 1 3 3 378 116 21 4 0 0 
1662513523.4726207 25.5158203125 31.760624579951127 980.737456966131 1 3 3 1 3 3 378 116 21 4 0 0 
1662513528.6029904 25.5056640625 31.87489335418133 980.7493303515887 1 3 3 1 3 3 378 116 21 4 0 0 
1662513533.7334428 25.5107421875 32.097062126527824 980.752254541953 2 3 3 2 3 3 420 128 26 4 0 0 
1662513538.8638 25.5005859375 31.598521603410372 980.7246466254414 2 3 3 2 3 3 420 128 26 4 0 0 
1662513543.9942734 25.5056640625 31.60464961201146 980.7544189464222 2 3 3 2 3 3 420 128 26 4 0 0 
1662513549.1246421 25.5056640625 31.74884445191039 980.7548870268853 2 3 3 2 3 3 435 133 26 4 0 0 
1662513554.2587814 25.5107421875 31.778884280984872 980.7328366303618 2 3 3 2 3 3 435 133 26 4 0 0 
1662513559.3926272 25.5107421875 31.604410220392115 980.7624318145595 1 2 2 1 2 2 435 133 26 4 0 0 
1662513564.5288484 25.5107421875 31.80268107723025 980.7323683734294 1 2 2 1 2 2 426 130 24 4 0 0 
1662513569.664499 25.5005859375 31.730702174131103 980.7735450640912 1 2 2 1 2 2 426 130 24 4 0 0 
1662513574.7982364 25.4955078125 31.935318978720407 980.7354689647598 2 3 3 2 3 3 426 130 24 4 0 0 
1662513579.932404 25.4955078125 31.923303899128552 980.7422535925605 1 3 3 1 3 3 405 123 24 4 0 0 
1662513585.0654771 25.4853515625 31.707025272337635 980.7752412497181 2 3 3 2 3 3 417 121 25 2 0 0 
1662513590.1999874 25.5005859375 31.772994100761064 980.7003178796444 1 2 2 1 2 2 375 109 21 0 0 0 
1662513595.3355007 25.4955078125 31.815166289607774 980.7396213664747 1 2 2 1 2 2 375 109 21 0 0 0 
1662513600.4707408 25.4955078125 31.917296343556007 980.7514946574076 1 2 2 1 2 2 375 109 21 0 0 0 
1662513605.6002698 25.5107421875 31.965009765062828 980.803608729446 1 2 2 1 2 2 339 97 17 0 0 0 
1662513610.7349293 25.4955078125 31.73682844665304 980.7485703108952 1 2 2 1 2 2 339 97 17 0 0 0 
1662513615.8703346 25.4904296875 31.881250789248096 980.7502664818816 1 2 2 1 2 2 339 97 17 0 0 0 
1662513621.0045028 25.4955078125 31.833189461177167 980.7151150881783 1 1 1 1 1 1 318 93 12 0 0 0 
1662513626.1391556 25.4955078125 31.63516798868841 980.7371651216034 1 1 1 1 1 1 318 93 12 0 0 0 
1662513631.274458 25.4853515625 31.767221847271646 980.7382602749988 1 1 1 1 1 1 318 93 12 0 0 0 
1662513636.4093359 25.4904296875 31.899389920498624 980.7613790283798 1 2 2 1 2 2 324 97 14 0 0 0 
1662513641.543532 25.4955078125 31.989386316255374 980.7376330151525 1 2 2 1 2 2 324 97 14 0 0 0 
1662513646.675782 25.4853515625 31.76121408662819 980.7439497496882 1 2 2 1 2 2 324 97 14 0 0 0 
1662513651.8100593 25.4955078125 31.82718174783845 980.747809876259 1 1 1 1 1 1 288 83 10 0 0 0 
1662513656.9441516 25.4802734375 31.785362661399198 980.7604435092929 1 1 1 1 1 1 288 83 10 0 0 0 
1662513662.0775783 25.4904296875 31.67710433328164 980.7490382214979 1 1 1 1 1 1 288 83 10 0 0 0 
1662513667.2103798 25.4955078125 31.796908052210895 980.7744805901378 1 2 4 1 2 4 273 83 29 2 2 2 
1662513672.345216 25.5056640625 32.07926810917386 980.7844825806485 1 2 4 1 2 4 273 83 29 2 2 2 
1662513677.4805129 25.4955078125 31.851212538086852 980.7781657307663 1 3 4 1 3 4 279 85 33 2 2 2 
1662513682.6148283 25.4955078125 31.772994100761064 980.7689243674228 1 3 4 1 3 4 279 85 33 2 2 2 
1662513687.7477746 25.5005859375 31.814814432119352 980.7832543292233 1 3 4 1 3 4 279 85 33 2 2 2 
1662513692.8813376 25.5056640625 31.9533415192251 980.7621396807767 0 2 4 0 2 4 258 78 26 2 2 2 
1662513698.0148294 25.5056640625 31.658604312118374 980.7662923368536 0 2 4 0 2 4 258 78 26 2 2 2 
1662513703.1503534 25.5056640625 31.821174023981982 980.7582793966468 0 2 4 0 2 4 258 78 26 2 2 2 
1662513708.284256 25.5158203125 31.640579609949818 980.7920275508098 1 2 4 1 2 4 279 83 28 2 2 2 
1662513713.4190083 25.5259765625 31.982682113463266 980.7726090897238 1 2 4 1 2 4 279 83 28 2 2 2 
1662513718.5528889 25.5208984375 31.856514774780493 980.7597989895274 1 2 4 1 2 4 279 83 28 2 2 2 
1662513723.6866412 25.5310546875 31.826595948453225 980.7636598037258 1 2 4 1 2 4 312 92 28 4 2 2 
1662513728.821042 25.5208984375 31.748490272612898 980.7903313101028 1 2 4 1 2 4 312 92 28 4 2 2 
1662513733.9546125 25.5208984375 31.604410220392115 980.7971162733572 1 2 4 1 2 4 312 92 28 4 2 2 
1662513739.089234 25.5208984375 31.77252297759697 980.7302037934141 1 2 4 1 2 4 312 92 26 4 2 2 
1662513744.2249572 25.5158203125 31.796433459219536 980.7961798095286 1 2 4 1 2 4 312 92 26 4 2 2 
1662513749.3584616 25.5158203125 31.68852652834084 980.7619635778013 1 3 3 1 3 3 282 94 35 2 0 0 
1662513754.4929972 25.5259765625 31.844620082731076 980.7813818095935 1 3 3 1 3 3 282 94 35 2 0 0 
1662513759.6273808 25.5259765625 31.640217115781713 980.7547102716698 1 3 3 1 3 3 282 94 35 2 0 0 
1662513764.7614172 25.5208984375 31.802324160968073 980.7631914684545 1 2 2 1 2 2 276 90 35 0 0 0 
1662513769.895047 25.5259765625 31.838490490563665 980.7554693954705 1 2 2 1 2 2 276 90 35 0 0 0 
1662513775.0280848 25.5259765625 31.688284440374787 980.7581027501706 1 2 2 1 2 2 276 90 35 0 0 0 
1662513780.160252 25.5259765625 31.682276061617806 980.7631914684545 1 2 2 1 2 2 246 80 28 0 0 0 
1662513785.291974 25.5158203125 31.80844980648522 980.7510265497955 1 2 2 1 2 2 246 80 28 0 0 0 
1662513790.427412 25.5158203125 31.568239620573625 980.7857107472089 1 2 2 1 2 2 246 80 28 0 0 0 
1662513795.560304 25.5259765625 31.724575743482582 980.747165906609 1 2 2 1 2 2 252 80 28 0 0 0 
1662513800.693138 25.5259765625 31.862522848481063 980.7767613870049 1 2 2 1 2 2 252 80 28 0 0 0 
1662513805.827577 25.5259765625 31.9648941672236 980.7493303515887 1 2 2 1 2 2 252 80 28 0 0 0 
1662513810.9591038 25.5107421875 31.676628919620782 980.7810901543147 1 2 2 1 2 2 321 103 28 0 0 0 
1662513816.0927134 25.5158203125 32.097062126527824 980.8009767920391 1 2 2 1 2 2 321 103 28 0 0 0 
1662513821.2270682 25.5056640625 31.580376610876424 980.7827863674461 1 2 2 1 2 2 321 103 28 0 0 0 
1662513826.3609853 25.5158203125 31.70678824944077 980.7616717666926 0 1 1 0 1 1 315 101 24 0 0 0 
1662513831.4951887 25.5005859375 31.850978797904943 980.7662923368536 1 1 1 1 1 1 225 68 14 2 0 0 
1662513836.6283777 25.5158203125 31.97090191218378 980.7963560750547 1 2 2 1 2 2 246 78 19 2 0 0 
1662513841.7612984 25.4955078125 31.856986605946506 980.7706205392619 1 2 2 1 2 2 246 78 19 2 0 0 
1662513846.894597 25.5056640625 31.712677850627145 980.7417856276595 1 2 2 1 2 2 246 78 19 2 0 0 
1662513852.028613 25.5107421875 31.928731457607366 980.7086216159427 1 2 2 1 2 2 255 81 19 2 0 0 
1662513857.1629004 25.5208984375 31.868652114503075 980.8128503864418 1 2 2 1 2 2 255 81 19 2 0 0 
1662513862.297334 25.5158203125 31.874776730576954 980.7806220668779 1 2 2 1 2 2 255 81 19 2 0 0 
1662513867.4271834 25.5158203125 31.976909646625256 980.7631914684545 1 2 2 1 2 2 249 79 21 4 0 0 
1662513872.5599842 25.5208984375 32.04911627997127 980.7692166643848 1 2 2 1 2 2 249 79 21 4 0 0 
1662513877.6942596 25.5259765625 31.898808278427456 980.7488621183193 1 2 2 1 2 2 249 79 21 4 0 0 
1662513882.823148 25.5158203125 31.754498464637322 980.7454696949698 1 3 3 1 3 3 258 81 25 4 0 0 
1662513887.956393 25.5259765625 31.874538964324643 980.7704447081338 1 3 3 1 3 3 258 81 25 4 0 0 
1662513893.089257 25.5158203125 31.982682113463266 980.7733689069411 1 3 3 1 3 3 258 81 25 4 0 0 
1662513898.2234776 25.5361328125 31.988689966260917 980.7745967945983 1 2 2 1 2 2 252 81 25 4 0 0 
1662513903.3577654 25.5361328125 31.77829110872502 980.7542417564347 1 2 2 1 2 2 252 81 25 4 0 0 
1662513908.4907844 25.5208984375 31.694174100426736 980.7903313101028 1 2 2 1 2 2 252 81 25 4 0 0 
1662513913.6244664 25.5259765625 31.73659206438023 980.7992805645516 0 2 2 0 2 2 270 74 19 4 0 0 
1662513918.7587273 25.5158203125 31.934739334063632 980.7903313101028 0 2 2 0 2 2 270 74 19 4 0 0 
1662513923.89222 25.5107421875 31.862522848481063 980.7716726670155 0 2 2 0 2 2 249 72 21 4 0 0 
1662513929.0252333 25.5259765625 31.58626511179457 980.7793939412545 0 2 2 0 2 2 249 72 21 4 0 0 
1662513934.158304 25.5259765625 31.718449154706686 980.7624318145595 0 2 2 0 2 2 249 72 21 4 0 0 
1662513939.2897692 25.5208984375 31.80256362215094 980.7767613870049 0 2 2 0 2 2 234 67 19 4 0 0 
1662513944.4238663 25.5005859375 31.796673037746476 980.812382444836 0 2 2 0 2 2 234 67 19 4 0 0 
1662513949.5578182 25.5208984375 31.88667602788322 980.8145466144978 0 2 2 0 2 2 234 67 19 4 0 0 
1662513954.6914403 25.5158203125 31.772640774624374 980.8005087554105 0 2 2 0 2 2 186 53 17 4 0 0 
1662513959.8274953 25.5158203125 31.850861911578072 980.8293448643407 0 2 2 0 2 2 186 53 17 4 0 0 
1662513964.9615858 25.5158203125 32.000705640298655 980.7454696949698 0 2 2 0 2 2 186 53 17 4 0 0 
1662513970.095842 25.5208984375 31.796673037746476 980.7980522888257 0 1 1 0 1 1 198 55 20 0 0 0 
1662513975.2293348 25.5208984375 31.832721116868626 980.7971162733572 0 1 1 0 1 1 198 55 20 0 0 0 
1662513980.3632944 25.5158203125 31.664374479782367 980.7764695314228 0 1 1 0 1 1 198 55 20 0 0 0 
1662513985.4978573 25.5208984375 31.77864885618295 980.8055974790237 0 1 1 0 1 1 177 50 15 0 0 0 
1662513990.6317976 25.5107421875 31.856752959242726 980.7653560297211 0 1 1 0 1 1 177 50 15 0 0 0 
1662513995.7648528 25.5158203125 31.9527629003188 980.7755333871861 1 2 3 1 2 3 279 89 24 4 0 0 
1662514000.899262 25.5310546875 31.886555038091473 980.768280187378 1 2 3 1 2 3 279 89 24 4 0 0 
1662514006.033448 25.5208984375 32.042645426304304 980.7738371607644 1 2 3 1 2 3 279 89 24 4 0 0 
1662514011.168042 25.5259765625 31.856514774780493 980.791091005533 1 2 3 1 2 3 264 84 19 4 0 0 
1662514016.3011377 25.5259765625 32.12086006645502 980.7614952289555 1 2 3 1 2 3 264 84 19 4 0 0 
1662514021.4362273 25.5259765625 31.832248093559272 980.791091005533 1 2 3 1 2 3 264 84 19 4 0 0 
1662514026.5688696 25.5259765625 31.74224121477768 980.800040606692 1 2 3 1 2 3 255 81 17 4 0 0 
1662514031.6997044 25.5259765625 31.9527629003188 980.7827863674461 1 2 3 1 2 3 255 81 17 4 0 0 
1662514036.830007 25.5158203125 31.95287864574715 980.7980522888257 1 2 3 1 2 3 255 81 17 4 0 0 
1662514041.9623477 25.5107421875 31.706551183245857 980.7548870268853 1 2 2 1 2 2 261 83 15 4 0 0 
1662514047.0935283 25.5107421875 31.730702174131103 980.7687484819253 1 2 2 1 2 2 261 83 15 4 0 0 
1662514052.2218385 25.5107421875 31.92907948202388 980.7793939412545 1 2 2 1 2 2 261 83 15 4 0 0 
1662514057.3559937 25.5056640625 31.917180231119787 980.7820259929359 1 2 3 1 2 3 309 97 17 4 0 0 
1662514062.4864457 25.5056640625 31.70678824944077 980.7929636477263 1 2 3 1 2 3 309 97 17 4 0 0 
1662514067.6227376 25.4955078125 31.766868380909745 980.8227344761167 1 2 3 1 2 3 309 97 17 4 0 0 
1662514072.7584224 25.4955078125 31.959117733364998 980.8040764162454 1 2 2 1 2 2 288 90 10 4 0 0 
1662514077.8909774 25.4853515625 31.92931144418335 980.7972916693329 1 2 2 1 2 2 375 94 8 2 0 0 
1662514083.0268655 25.4904296875 31.905281200857686 980.7868212008617 1 1 1 1 1 1 333 89 8 0 0 0 
1662514088.1614847 25.4853515625 31.677341975164296 980.7721826016054 1 1 1 1 1 1 333 89 8 0 0 0 
1662514093.295612 25.4751953125 31.947796990074618 980.7889847205028 1 1 1 1 1 1 333 89 8 0 0 0 
1662514098.4298 25.4751953125 32.122002374358296 980.8179777876026 1 2 2 1 2 2 363 99 15 0 0 0 
1662514103.56374 25.4650390625 32.04968932015815 980.8008576452739 1 2 2 1 2 2 363 99 15 0 0 0 
1662514108.697223 25.4802734375 31.875592868506704 980.8117960930598 1 2 2 1 2 2 363 99 15 0 0 0 
1662514113.8313873 25.4701171875 32.00786881133646 980.794232129139 1 2 2 1 2 2 342 94 17 0 0 0 
1662514118.9654765 25.4650390625 32.13390260530969 980.7675615756748 1 2 2 1 2 2 342 94 17 0 0 0 
1662514124.0985494 25.4751953125 31.755442179149284 980.775574835829 1 2 2 1 2 2 342 94 17 0 0 0 
1662514129.2324429 25.4751953125 32.122002374358296 980.7765092377634 1 2 2 1 2 2 321 94 19 0 0 0 
1662514134.3663611 25.4751953125 32.1700574756068 980.7765092377634 1 2 2 1 2 2 321 94 19 0 0 0 
1662514139.4999747 25.4650390625 32.18229723421004 980.7697248781961 1 2 2 1 2 2 321 94 19 0 0 0 
1662514144.6339111 25.4650390625 31.85780402845623 980.7794343001875 1 2 2 1 2 2 309 90 21 0 0 0 
1662514149.7671258 25.4650390625 31.97194128764985 980.7913070281814 1 2 2 1 2 2 309 90 21 0 0 0 
1662514154.901695 25.4751953125 32.06193255128656 980.7680287884817 1 2 2 1 2 2 309 90 21 0 0 0 
1662514160.034635 25.4701171875 32.01387593562029 980.80610495663 1 2 2 1 2 2 306 90 21 0 0 0 
1662514165.1685612 25.4701171875 32.03201200443077 980.7714209679814 1 2 2 1 2 2 306 90 21 0 0 0 
1662514170.3030357 25.4751953125 31.965703124804715 980.7993204833517 1 2 2 1 2 2 312 92 21 0 0 0 
1662514175.4358814 25.4751953125 32.12800929882312 980.772649885754 1 2 2 1 2 2 312 92 21 0 0 0 
1662514180.5698767 25.4701171875 32.21811190378074 980.772649885754 1 2 2 1 2 2 312 92 21 0 0 0 
1662514185.7037387 25.4650390625 31.875825953357715 980.7617115853775 1 2 2 1 2 2 339 96 16 0 0 0 
1662514190.8376288 25.4650390625 31.875942479547458 980.7752801942116 1 2 2 1 2 2 339 96 16 0 0 0 
1662514195.9706306 25.4751953125 31.851913498857964 980.7862187157579 1 2 2 1 2 2 339 96 16 0 0 0 
1662514201.1002636 25.4751953125 32.04980389572602 980.7811304039736 1 2 2 1 2 2 366 105 18 0 0 0 
1662514206.2347076 25.4548828125 32.01422079575034 980.7680287884817 1 2 2 1 2 2 366 105 18 0 0 0 
1662514211.3686755 25.4599609375 32.032126752667224 980.7566233582369 1 2 2 1 2 2 366 105 18 0 0 0 
1662514216.5022352 25.4498046875 32.2126685677173 980.7570904419423 1 2 2 1 2 2 318 96 18 0 0 0 
1662514221.636057 25.4498046875 31.91822485339327 980.7359758256956 1 2 2 1 2 2 318 96 18 0 0 0 
1662514226.770033 25.4447265625 32.03824836715835 980.7635790849718 1 2 2 1 2 2 318 96 18 0 0 0 
1662514231.9040768 25.4447265625 32.15872353988128 980.7880862973461 1 2 2 1 2 2 303 92 18 0 0 0 
1662514237.0388172 25.4498046875 32.092423830441305 980.7604825661494 1 2 2 1 2 2 303 92 18 0 0 0 
1662514242.1727211 25.4447265625 32.18830391675969 980.7643416079912 1 2 2 1 2 2 333 97 10 0 0 0 
1662514247.3074148 25.4447265625 31.78595047554731 980.7762139509282 1 2 2 1 2 2 333 97 10 0 0 0 
1662514252.4410086 25.4396484375 31.930238859875853 980.7618830634846 1 2 2 1 2 2 333 97 10 0 0 0 
1662514257.5749376 25.4396484375 31.96651155203469 980.7813020989669 1 1 1 1 1 1 297 85 8 0 0 0 
1662514262.7087557 25.4345703125 31.8886550160049 980.7555656408856 1 1 1 1 1 1 297 85 8 0 0 0 
1662514267.8402739 25.4345703125 32.20677485438569 980.7907154384262 1 1 1 1 1 1 297 85 8 0 0 0 
1662514272.974137 25.4345703125 31.954497945272117 980.7856273707683 1 1 1 1 1 1 297 85 6 0 0 0 
1662514278.1082888 25.4345703125 32.20677485438569 980.7657416877229 1 1 1 1 1 1 297 85 6 0 0 0 
1662514283.2422123 25.4345703125 32.35092476000156 980.8008915756602 1 1 1 1 1 1 297 85 6 0 0 0 
1662514288.376291 25.4345703125 32.177081988453814 980.8132299401102 1 1 1 1 1 1 324 92 8 0 0 0 
1662514293.5095823 25.4396484375 32.152717078249125 980.8008915756602 1 1 1 1 1 1 324 92 8 0 0 0 
1662514298.6434412 25.4345703125 32.08063871846528 980.8084388993042 1 1 1 1 1 1 324 92 8 0 0 0 
1662514303.7766705 25.4498046875 32.122457242982904 980.8050467982674 1 1 1 1 1 1 333 92 8 0 0 0 
1662514308.9106698 25.4447265625 32.25471332084625 980.8147565921118 1 1 1 1 1 1 333 92 8 0 0 0 
1662514314.0444398 25.4345703125 32.02057226195607 980.8050467982674 1 1 1 1 1 1 333 92 8 0 0 0 
1662514319.1776304 25.4396484375 31.9547291005991 980.7865600953235 1 1 1 1 1 1 333 92 8 0 0 0 
1662514324.3116612 25.4294921875 32.164956359829254 980.8187840187966 1 2 2 1 2 2 255 82 26 2 0 0 
1662514329.4457128 25.4193359375 31.966857858495242 980.8306559970665 0 1 1 0 1 1 198 61 19 0 0 0 
1662514334.579724 25.4294921875 32.0752030892478 980.7908843081406 0 1 1 0 1 1 198 61 19 0 0 0 
1662514339.7137446 25.4142578125 32.22524388326827 980.8027560879173 0 1 1 0 1 1 198 61 19 0 0 0 
1662514344.84776 25.4193359375 32.159176507750516 980.810304036449 0 2 2 0 2 2 225 70 23 0 0 0 
1662514349.981566 25.4142578125 32.08710155619809 980.7947421606955 0 2 2 0 2 2 225 70 23 0 0 0 
1662514355.115017 25.4193359375 32.35148000346631 980.8141620061957 0 2 2 0 2 2 225 70 23 0 0 0 
1662514360.249759 25.4142578125 32.1590632820173 980.8052160478929 1 2 2 1 2 2 246 77 25 0 0 0 
1662514365.3842626 25.4294921875 32.1229119384415 980.8081419104049 1 2 2 1 2 2 246 77 25 0 0 0 
1662514370.5175376 25.4244140625 32.33357384333552 980.777316564086 1 2 2 1 2 2 246 77 25 0 0 0 
1662514375.6512501 25.4244140625 32.33935726255773 980.7780801197243 0 2 2 0 2 2 219 68 25 0 0 0 
1662514380.7858505 25.4244140625 32.086987509953524 980.7967360683868 0 2 2 0 2 2 219 68 25 0 0 0 
1662514385.9193463 25.4193359375 32.35148000346631 980.7853303078456 0 2 2 0 2 2 219 68 25 0 0 0 
1662514391.0503142 25.4142578125 32.195213415748974 980.761289153006 0 1 1 0 1 1 210 66 18 0 0 0 
1662514396.1862535 25.4091796875 32.249604603517234 980.8209459382026 0 1 1 0 1 1 210 66 18 0 0 0 
1662514401.3200283 25.4091796875 32.58001720100042 980.7985998472006 0 1 1 0 1 1 210 66 18 0 0 0 
1662514406.4544325 25.3939453125 32.42387913809058 980.8036876717997 1 2 2 1 2 2 285 85 12 0 0 0 
1662514411.5883915 25.4142578125 32.03950901219723 980.8049178911264 1 2 2 1 2 2 285 85 12 0 0 0 
1662514416.72248 25.4091796875 32.20155770669862 980.8061480256355 1 2 2 1 2 2 300 85 14 2 0 0 
1662514421.8564134 25.4091796875 32.07543140113212 980.7571332296351 1 2 2 1 2 2 300 85 14 2 0 0 
1662514426.990218 25.4142578125 32.51985586055039 980.8129319019246 1 2 2 1 2 2 300 85 14 2 0 0 
1662514432.1239874 25.4091796875 32.18365285586234 980.8019917301956 1 2 2 1 2 2 312 87 14 2 0 0 
1662514437.2578082 25.4091796875 32.17164110018611 980.8126329369034 1 2 2 1 2 2 312 87 14 2 0 0 
1662514442.391288 25.4041015625 32.42387913809058 980.792281800971 1 2 2 1 2 2 312 87 14 2 0 0 
1662514447.5255404 25.4041015625 32.20767624105343 980.7973695839952 1 2 2 1 2 2 297 82 14 4 0 0 
1662514452.6609063 25.3990234375 32.393962277938364 980.7910514938889 1 2 2 1 2 2 297 82 14 4 0 0 
1662514457.7959917 25.3990234375 32.35781858737279 980.7757882714587 1 2 2 1 2 2 297 82 14 4 0 0 
1662514462.9283562 25.3990234375 32.09322182703434 980.7731607337934 1 2 2 1 2 2 303 84 14 4 0 0 
1662514468.0613296 25.4041015625 32.189545877357105 980.78842419992 1 2 2 1 2 2 303 84 14 4 0 0 
1662514473.1927085 25.4041015625 32.41743265086525 980.7811745240988 1 2 2 1 2 2 303 84 14 4 0 0 
1662514478.3255572 25.4142578125 32.27340400038843 980.7831681048707 1 2 2 1 2 2 312 87 12 4 0 0 
1662514483.459236 25.4244140625 32.43544979582132 980.7739246287829 1 2 2 1 2 2 312 87 12 4 0 0 
1662514488.593959 25.4244140625 32.09888632346398 980.7945738343162 1 2 3 1 2 3 324 101 12 2 2 2 
1662514493.7288756 25.4244140625 32.00278218117307 980.7853303078456 1 2 3 1 2 3 324 101 12 2 2 2 
1662514498.8629172 25.4244140625 32.29130998654327 980.7988981633356 1 2 3 1 2 3 324 101 12 2 2 2 
1662514503.996874 25.4142578125 32.3577076611564 980.8104714389266 1 2 3 1 2 3 330 105 16 2 2 2 
1662514509.1303232 25.4041015625 32.135265180540515 980.8109370085184 1 2 3 1 2 3 330 105 16 2 2 2 
1662514514.2629106 25.3939453125 32.18365285586234 980.8257349191169 1 2 3 1 2 3 330 105 16 2 2 2 
1662514519.3965085 25.4041015625 32.54409476728279 980.8237391217574 1 2 3 1 2 3 351 109 16 2 2 2 
1662514524.5311747 25.3939453125 32.35203497638157 980.827130925296 1 2 3 1 2 3 351 109 16 2 2 2 
1662514529.6663384 25.38359375 32.29820876870684 980.8411631450349 1 2 3 1 2 3 351 109 16 2 2 2 
1662514534.8019872 25.3888671875 32.38828849745631 980.8501074129434 1 2 3 1 2 3 351 109 14 2 2 2 
1662514539.9363368 25.38359375 32.49026661838305 980.7827376989435 1 2 3 1 2 3 351 109 14 2 2 2 
1662514545.0699794 25.38359375 32.226368024312464 980.8021577206308 1 2 3 1 2 3 351 109 14 2 2 2 
1662514550.20523 25.3888671875 32.195890081417176 980.7839683179601 1 2 4 1 2 4 393 123 16 2 2 2 
1662514555.3403387 25.3939453125 32.29220336935693 980.8046188075455 1 2 4 1 2 4 393 123 16 2 2 2 
1662514560.4744089 25.3990234375 32.15996878484664 980.7902865119654 1 2 4 1 2 4 393 123 16 2 2 2 
1662514565.608516 25.38359375 32.37005123771707 980.8143288653596 1 2 3 1 2 3 372 116 14 2 2 2 
1662514570.7424347 25.3939453125 32.207901479494964 980.7784153067802 0 1 1 0 1 1 285 90 16 2 0 0 
1662514575.873812 25.3939453125 32.36994046987711 980.7791800981681 0 1 1 0 1 1 264 86 18 2 0 0 
1662514581.0078778 25.3888671875 32.26184025198598 980.797835150149 0 1 1 0 1 1 264 86 18 2 0 0 
1662514586.1428928 25.3939453125 32.321785023522686 980.7851988521742 0 1 1 0 1 1 264 86 18 2 0 0 
1662514591.2779377 25.3939453125 32.418204348805446 980.8084760093494 1 3 3 1 3 3 273 89 20 4 0 0 
1662514596.4126298 25.3888671875 32.50238609167025 980.8106371575225 1 3 3 1 3 3 273 89 20 4 0 0 
1662514601.546487 25.38359375 32.38817795635699 980.7522122448452 1 3 3 1 3 3 273 89 20 4 0 0 
1662514606.6801376 25.38359375 32.370161994735135 980.75729981893 1 2 2 1 2 2 252 79 18 2 0 0 
1662514611.8138661 25.3734375 32.304214157544266 980.8004618334654 1 2 2 1 2 2 252 79 18 2 0 0 
1662514616.947372 25.38359375 32.3642674677313 980.8030880144598 1 2 2 1 2 2 252 79 18 2 0 0 
1662514622.0824387 25.378515625 32.58055902277231 980.7916820697357 1 2 2 1 2 2 243 76 18 2 0 0 
1662514627.2174537 25.38359375 32.43633005230662 980.7890559368159 0 1 1 0 1 1 243 76 18 2 0 0 
