timestamp temperature humidity pressure pm10_standard pm25_standard pm100_standard pm10_env pm25_env pm100_env particles_03um particles_05um particles_10um particles_25um particles_50um particles_100um
1684090396.1291363 20.5544921875 51.07263196105361 982.7124079473156 1 2 2 1 2 2 306 100 10 2 0 0 
1684090401.28219 20.5544921875 51.214194134918266 982.7154263789931 1 2 2 1 2 2 306 100 10 2 0 0 
1684090406.4316504 20.5544921875 51.25566296586033 982.7154263789931 1 2 2 1 2 2 327 107 10 2 0 0 
1684090411.5829048 20.5748046875 51.108080359245726 982.6922113395387 1 2 2 1 2 2 327 107 10 2 0 0 
1684090416.7325113 20.5595703125 51.137620408174236 982.7238417036755 1 2 2 1 2 2 327 107 10 2 0 0 
1684090421.8833563 20.5646484375 51.13773411168174 982.7086941205063 1 1 2 1 1 2 312 102 8 2 0 0 
1684090427.0330136 20.5544921875 51.173068127410545 982.7292384614904 1 1 2 1 1 2 312 102 8 2 0 0 
1684090432.1771646 20.5595703125 51.17897604461136 982.7595334046316 1 1 2 1 1 2 312 102 8 2 0 0 
1684090437.330445 20.5646484375 51.19658534423079 982.7373062268045 1 1 2 1 1 2 306 100 8 2 0 0 
1684090442.4853747 20.5646484375 51.22044582686158 982.7521063386666 1 1 2 1 1 2 306 100 8 2 0 0 
1684090447.6390703 20.5646484375 51.20260761054254 982.7521063386666 1 1 2 1 1 2 306 100 8 2 0 0 
1684090452.7953174 20.5646484375 51.35632498163474 982.7171094437897 1 2 2 1 2 2 333 107 10 2 0 0 
1684090457.949896 20.5646484375 51.16136623605346 982.7309215132924 1 2 2 1 2 2 333 107 10 2 0 0 
1684090463.1083717 20.5697265625 51.184998195826054 982.7140909984182 1 2 2 1 2 2 333 107 10 2 0 0 
1684090468.2669978 20.5798828125 51.08456123002982 982.7561125968859 1 1 2 1 1 2 324 100 10 2 0 0 
1684090473.4217393 20.5646484375 51.01366275827579 982.7571555785449 1 1 2 1 1 2 324 100 10 2 0 0 
1684090478.573703 20.5748046875 51.073083736042584 982.7420078607989 1 2 2 1 2 2 423 105 12 0 0 0 
1684090483.7280514 20.5697265625 51.0555840041297 982.7749745501732 1 2 2 1 2 2 423 105 12 0 0 0 
1684090488.8824115 20.5646484375 51.090808792659956 982.7366109092126 1 2 2 1 2 2 423 105 12 0 0 0 
1684090494.0360959 20.5849609375 51.17943268684608 982.7211151318483 1 2 2 1 2 2 423 107 12 0 0 0 
1684090499.1943693 20.5951171875 51.150119226537676 982.7490321805558 1 2 2 1 2 2 423 107 12 0 0 0 
1684090504.348218 20.5900390625 51.20283649396947 982.7375982731267 1 2 2 1 2 2 423 107 12 0 0 0 
1684090509.502222 20.5900390625 51.02581646571748 982.7476969941278 1 2 2 1 2 2 393 100 12 0 0 0 
1684090514.6558666 20.5900390625 50.98468085883456 982.7772976555029 1 2 2 1 2 2 393 100 12 0 0 0 
1684090519.8114839 20.5849609375 51.309410211040486 982.7611619593802 1 2 2 1 2 2 393 100 12 0 0 0 
1684090524.9663894 20.5900390625 51.07910508297909 982.7735834082577 1 2 2 1 2 2 393 105 12 0 0 0 
1684090530.1226444 20.5849609375 51.120463805580535 982.7692297936021 1 2 2 1 2 2 393 105 12 0 0 0 
1684090535.280723 20.5951171875 51.078992098536524 982.7813594156531 1 2 2 1 2 2 393 105 12 0 0 0 
1684090540.4356964 20.5951171875 51.197042840693975 982.7450263739817 1 2 2 1 2 2 450 121 14 0 0 0 
1684090545.5905488 20.5900390625 51.061154187793434 982.7547772599071 1 2 2 1 2 2 450 121 14 0 0 0 
1684090550.7447355 20.5900390625 51.132166898015114 982.8059111942623 1 2 2 1 2 2 450 121 14 0 0 0 
1684090555.8989842 20.5951171875 51.238743605439616 982.7722482095854 1 2 2 1 2 2 408 109 14 0 0 0 
1684090561.0529382 20.6052734375 51.02626590517899 982.7749185244925 1 2 2 1 2 2 345 98 10 2 0 0 
1684090566.2077973 20.6103515625 51.109326787830845 982.7324906573575 1 2 2 1 2 2 345 98 10 2 0 0 
1684090571.3627846 20.6154296875 50.93785656918112 982.8041716362433 1 2 2 1 2 2 345 98 10 2 0 0 
1684090576.5209126 20.6154296875 51.02058169961506 982.7779367477285 1 2 2 1 2 2 345 98 10 2 0 0 
1684090581.6758668 20.6154296875 50.87865532354928 982.7782848761976 1 2 2 1 2 2 345 98 10 2 0 0 
1684090586.8307948 20.6103515625 51.00876394731363 982.7719002461344 1 2 2 1 2 2 345 98 10 2 0 0 
1684090591.9854116 20.6052734375 51.13875695892387 982.7772976555029 1 2 2 1 2 2 336 98 12 2 0 0 
1684090597.140333 20.5951171875 51.0614925326949 982.7870487077638 1 2 2 1 2 2 336 98 12 2 0 0 
1684090602.2955647 20.6052734375 50.87832336296283 982.7897750254066 1 2 2 1 2 2 336 98 12 2 0 0 
1684090607.44983 20.6001953125 51.22681249166797 982.7793286039027 1 2 2 1 2 2 351 101 10 2 0 0 
1684090612.604016 20.5951171875 50.97275176711622 982.8021971750595 1 2 2 1 2 2 351 101 10 2 0 0 
1684090617.7578416 20.6052734375 51.25090475197644 982.7934334623332 1 2 2 1 2 2 351 101 10 2 0 0 
1684090622.911609 20.6052734375 51.2328353855332 982.7978430959946 1 2 2 1 2 2 357 103 10 2 0 0 
1684090628.0663438 20.6103515625 51.05580937837565 982.8129913230931 1 2 2 1 2 2 357 103 10 2 0 0 
1684090633.2212374 20.6001953125 50.943431414546815 982.8257614687831 1 2 2 1 2 2 357 103 10 2 0 0 
1684090638.3761978 20.5951171875 51.14421085230187 982.8298226931813 1 2 2 1 2 2 330 99 10 2 0 0 
1684090643.5310216 20.6052734375 51.2328353855332 982.8331889680386 1 1 1 1 1 1 273 82 8 0 0 0 
1684090648.6892362 20.5900390625 51.126258628114556 982.7803713451087 1 1 1 1 1 1 252 75 10 0 0 0 
1684090653.8420885 20.5900390625 51.126258628114556 982.831505830575 1 1 1 1 1 1 252 75 10 0 0 0 
1684090658.9960065 20.5849609375 51.10262544563077 982.8052705044596 1 1 1 1 1 1 252 75 10 0 0 0 
1684090664.1417544 20.5849609375 51.19715718790315 982.8416046564056 1 1 1 1 1 1 273 82 12 0 0 0 
1684090669.292215 20.5798828125 51.0847873879344 982.8039346763314 1 1 1 1 1 1 273 82 12 0 0 0 
1684090674.4419322 20.5849609375 51.102851944569714 982.8167049883699 1 1 1 1 1 1 273 82 12 0 0 0 
1684090679.5858972 20.5951171875 51.0555840041297 982.8392267856383 1 2 2 1 2 2 294 86 14 0 0 0 
1684090684.7342176 20.5849609375 51.20306533434587 982.8062587770165 1 2 2 1 2 2 294 86 14 0 0 0 
1684090689.882084 20.6154296875 51.02058169961506 982.8116005512544 1 2 2 1 2 2 294 86 14 0 0 0 
1684090695.0357203 20.6052734375 51.07376107563776 982.8456119690633 1 2 2 1 2 2 327 95 14 0 0 0 
1684090700.189839 20.6052734375 51.02046944502524 982.8021971750595 1 2 2 1 2 2 327 95 14 0 0 0 
1684090705.344188 20.6154296875 51.20943129249167 982.8456119690633 1 2 2 1 2 2 327 95 14 0 0 0 
1684090710.499312 20.6052734375 50.95536052001899 982.8422456117617 1 2 2 1 2 2 300 86 16 0 0 0 
1684090715.654363 20.6103515625 51.22124807471354 982.8190288120344 1 2 2 1 2 2 300 86 16 0 0 0 
1684090720.8087652 20.6103515625 51.03808332532495 982.8442762806133 1 2 2 1 2 2 300 86 16 0 0 0 
1684090725.9634497 20.5951171875 51.09126120667139 982.8214070072629 1 1 1 1 1 1 327 87 10 0 0 0 
1684090731.1178932 20.6103515625 51.00853969779182 982.8028925043978 1 1 1 1 1 1 327 87 10 0 0 0 
1684090736.272205 20.6103515625 51.14455193960624 982.8223951402688 1 1 1 1 1 1 306 80 10 0 0 0 
1684090741.4193957 20.6001953125 51.18556925589135 982.8257614687831 1 1 1 1 1 1 306 80 10 0 0 0 
1684090746.5710633 20.6001953125 51.04410455573518 982.8106129926724 1 1 1 1 1 1 306 80 10 0 0 0 
1684090751.7248163 20.6052734375 51.00831540521762 982.8277921493079 0 1 1 0 1 1 285 70 6 0 0 0 
1684090756.878704 20.6052734375 51.07910508297909 982.8661574327805 0 1 1 0 1 1 285 70 6 0 0 0 
1684090762.0346441 20.6001953125 51.0201326166774 982.8715540948666 0 1 1 0 1 1 285 70 6 0 0 0 
1684090767.1886404 20.5951171875 50.96695484101669 982.8691764780104 0 1 1 0 1 1 279 66 8 0 0 0 
1684090772.3435159 20.5900390625 51.1205772524724 982.8449709322422 0 1 1 0 1 1 279 66 8 0 0 0 
1684090777.500962 20.5849609375 51.0555840041297 982.8533866230576 0 1 1 0 1 1 279 66 8 0 0 0 
1684090782.6556377 20.5900390625 51.27998558467232 982.8331889680386 0 1 1 0 1 1 312 78 8 0 0 0 
1684090787.8095536 20.5951171875 51.19750016495481 982.7974954454697 0 1 1 0 1 1 312 78 8 0 0 0 
1684090792.964045 20.5900390625 51.14421085230187 982.8214070072629 0 1 1 0 1 1 312 78 8 0 0 0 
1684090798.112104 20.6052734375 51.12637215337004 982.8251206054682 0 1 1 0 1 1 285 76 6 0 0 0 
1684090803.260888 20.5951171875 51.18556925589135 982.8331889680386 0 1 1 0 1 1 285 76 6 0 0 0 
1684090808.4105303 20.6001953125 51.150119226537676 982.8463068128116 1 2 2 1 2 2 366 113 21 0 0 0 
1684090813.563109 20.5951171875 51.19147755810677 982.8331889680386 1 2 2 1 2 2 366 113 21 0 0 0 
1684090818.7200313 20.6001953125 51.05535858683182 982.8493257762179 1 2 2 1 2 2 366 113 21 0 0 0 
1684090823.873727 20.6052734375 50.972863523911265 982.8547225717477 1 2 2 1 2 2 366 113 21 0 0 0 
1684090829.0278184 20.6052734375 51.34520580919412 982.8442762806133 1 2 2 1 2 2 366 113 21 0 0 0 
1684090834.1838925 20.5951171875 51.19750016495481 982.7978430959946 1 2 2 1 2 2 318 94 19 0 0 0 
1684090839.3388727 20.6103515625 51.30396439788762 982.8106129926724 1 2 2 1 2 2 318 94 19 0 0 0 
1684090844.4937367 20.6103515625 51.26249144066249 982.84090995056 1 2 2 1 2 2 318 94 19 0 0 0 
1684090849.6484144 20.6052734375 51.02046944502524 982.827097007367 1 2 2 1 2 2 312 92 17 0 0 0 
1684090854.8069737 20.6052734375 51.09137428326701 982.7974954454697 1 2 2 1 2 2 312 92 17 0 0 0 
1684090859.9655457 20.6052734375 51.138643352281434 982.8287801853533 1 2 2 1 2 2 312 92 17 0 0 0 
1684090865.1194727 20.6052734375 51.10898698191644 982.8139793202073 1 2 2 1 2 2 327 99 17 0 0 0 
1684090870.2757053 20.5900390625 50.90831139098583 982.8570467304033 1 2 2 1 2 2 327 99 17 0 0 0 
1684090875.4305575 20.6103515625 51.126939618205256 982.8435811905239 1 2 2 1 2 2 327 99 17 0 0 0 
1684090880.5845423 20.6154296875 51.103078400457186 982.8169979409187 1 2 2 1 2 2 348 103 17 0 0 0 
1684090885.7418995 20.6103515625 51.07376107563776 982.8402148062535 1 2 2 1 2 2 348 103 17 0 0 0 
1684090890.8922226 20.6154296875 51.02671517243166 982.841202442675 1 1 1 1 1 1 327 103 6 0 0 0 
1684090896.0437877 20.6205078125 51.13307533950506 982.836848422263 1 1 1 1 1 1 327 103 6 0 0 0 
1684090901.1987386 20.6154296875 51.109326787830845 982.8566991293642 1 1 1 1 1 1 327 103 6 0 0 0 
1684090906.3540332 20.6205078125 51.02058169961506 982.8331342477532 1 1 1 1 1 1 306 94 6 0 0 0 
1684090911.5092142 20.6255859375 50.96171565129165 982.8614010786373 1 1 1 1 1 1 306 94 6 0 0 0 
1684090916.6633763 20.6154296875 51.04444209846986 982.8849661666594 1 1 1 1 1 1 306 94 6 0 0 0 
1684090921.8189704 20.6255859375 51.1036443518257 982.8475874321509 1 1 1 1 1 1 327 99 6 0 0 0 
1684090926.9734678 20.6357421875 50.967624750118226 982.8842708773062 1 1 1 1 1 1 327 99 6 0 0 0 
1684090932.1286063 20.6357421875 50.95591802080598 982.8636861678964 1 1 1 1 1 1 327 99 6 0 0 0 
1684090937.2856228 20.6255859375 51.08000857105426 982.8839230681864 1 2 2 1 2 2 348 104 8 0 0 0 
1684090942.441074 20.6357421875 51.068416112904714 982.8640719042858 1 2 2 1 2 2 348 104 8 0 0 0 
1684090947.597688 20.6306640625 51.02705200985914 982.8438729413399 1 2 2 1 2 2 348 104 8 0 0 0 
1684090952.7515938 20.6255859375 51.04444209846986 982.8189724799356 1 1 1 1 1 1 315 90 8 0 0 0 
1684090957.9068687 20.6408203125 50.85546044208301 982.8623886569887 1 1 1 1 1 1 315 90 8 0 0 0 
1684090963.0618615 20.6458984375 50.796585633515704 982.865369442907 1 1 1 1 1 1 315 90 8 0 0 0 
1684090968.2165596 20.6458984375 51.050576163118535 982.856953068554 1 1 1 1 1 1 294 83 8 0 0 0 
1684090973.3712113 20.6560546875 51.05682302971494 982.8906185764607 1 1 1 1 1 1 327 89 6 0 0 0 
1684090978.526085 20.6408203125 50.891248537899976 982.862002892956 1 1 1 1 1 1 300 85 8 0 0 0 
1684090983.6813407 20.6458984375 50.92068485803722 982.8902706006816 1 1 1 1 1 1 300 85 8 0 0 0 
1684090988.836258 20.6357421875 50.99182035625529 982.8667045524459 1 1 1 1 1 1 300 85 8 0 0 0 
1684090993.9949307 20.6458984375 51.1096664968796 982.8539724215535 1 1 1 1 1 1 309 88 10 0 0 0 
1684090999.1488657 20.6458984375 50.985687402566754 982.87883564551 1 1 1 1 1 1 309 88 10 0 0 0 
1684091004.3040504 20.6357421875 50.83806264007692 982.8704569766179 1 1 1 1 1 1 309 88 10 0 0 0 
1684091009.458868 20.6357421875 50.9738688507236 982.8623886569887 1 1 1 1 1 1 288 84 8 0 0 0 
1684091014.6138859 20.6458984375 51.16898357248103 982.8822021968601 1 1 1 1 1 1 288 84 8 0 0 0 
1684091019.767635 20.6408203125 50.82624343847094 982.8519032447819 1 1 1 1 1 1 288 84 8 0 0 0 
1684091024.921888 20.6357421875 51.174664675462274 982.8738234990902 1 1 1 1 1 1 282 79 8 0 0 0 
1684091030.076716 20.6458984375 51.11568875608316 982.8667045524459 1 1 1 1 1 1 282 79 8 0 0 0 
1684091035.2326581 20.6357421875 51.13932483069435 982.8270404799144 1 1 1 1 1 1 282 79 8 0 0 0 
1684091040.3856645 20.6408203125 51.044892004767334 982.862002892956 1 1 1 1 1 1 267 79 8 0 0 0 
1684091045.5373368 20.6458984375 50.90306751310423 982.826692209945 1 1 1 1 1 1 267 79 8 0 0 0 
1684091050.687605 20.6560546875 50.98000155456763 982.8266541353663 1 1 1 1 1 1 267 79 8 0 0 0 
1684091055.8333764 20.6509765625 50.9268164375576 982.8865559089971 1 1 1 1 1 1 270 81 8 0 0 0 
1684091060.9844785 20.6458984375 51.05091374722018 982.8899225152651 1 1 1 1 1 1 255 76 8 0 0 0 
1684091066.1355078 20.6408203125 50.95636382769763 982.8882392120961 1 1 1 1 1 1 255 76 8 0 0 0 
1684091071.2893877 20.6458984375 50.79089512913951 982.8599713983259 1 1 1 1 1 1 255 76 8 0 0 0 
1684091076.444416 20.6509765625 50.95625239211954 982.8700711299257 1 1 1 1 1 1 285 83 8 0 0 0 
1684091081.5981348 20.6509765625 51.16307455311883 982.8687737154868 1 1 1 1 1 1 285 83 8 0 0 0 
1684091086.753307 20.6509765625 51.07443802776723 982.8515549572503 1 1 1 1 1 1 285 83 8 0 0 0 
1684091091.903192 20.6458984375 51.18648239233698 982.839771942683 1 1 1 1 1 1 300 86 8 0 0 0 
1684091097.0569975 20.6458984375 51.13352930194298 982.8384370511346 1 1 1 1 1 1 300 86 8 0 0 0 
1684091102.2109153 20.6611328125 51.03898276929439 982.833038793041 1 1 1 1 1 1 300 86 8 0 0 0 
1684091107.3660371 20.6560546875 51.02147934886336 982.865369442907 1 1 1 1 1 1 321 91 8 0 0 0 
1684091112.5196502 20.6458984375 51.09227850856781 982.8148712230266 1 1 1 1 1 1 321 91 8 0 0 0 
1684091117.675304 20.6509765625 50.92637198283112 982.8573389155177 1 1 1 1 1 1 321 91 8 0 0 0 
1684091122.8298275 20.6357421875 51.16307455311883 982.833773463645 1 2 2 1 2 2 333 98 8 0 0 0 
1684091127.984422 20.6357421875 51.1925053965606 982.8391712676358 1 2 2 1 2 2 333 98 8 0 0 0 
1684091133.1408346 20.6408203125 51.044667073144595 982.8472394344645 1 2 2 1 2 2 333 98 8 0 0 0 
1684091138.2917974 20.6255859375 51.09193950480169 982.7907058968452 1 2 2 1 2 2 348 97 14 0 0 0 
1684091143.4408066 20.6306640625 51.03284886232518 982.8169410064173 1 2 2 1 2 2 348 97 14 0 0 0 
1684091148.5908961 20.6357421875 50.96205025771744 982.839771942683 1 2 2 1 2 2 348 97 14 0 0 0 
1684091153.7393591 20.6458984375 50.97988984856067 982.833773463645 1 2 2 1 2 2 348 97 14 0 0 0 
1684091158.8936162 20.6458984375 51.127393396342875 982.8354567097526 1 2 2 1 2 2 348 97 14 0 0 0 
1684091164.043121 20.6458984375 51.11591528864525 982.8283374088377 1 1 1 1 1 1 294 78 12 0 0 0 
1684091169.1953995 20.6458984375 51.103983793492446 982.8098214045018 1 1 1 1 1 1 294 78 12 0 0 0 
1684091174.344425 20.6458984375 51.021142811118196 982.8165926551218 1 1 1 1 1 1 294 78 12 0 0 0 
1684091179.4952247 20.6357421875 51.044667073144595 982.8371399559302 1 1 2 1 1 2 309 85 14 2 2 0 
1684091184.6465793 20.6408203125 50.99182035625529 982.8448218056493 1 1 2 1 1 2 309 85 14 2 2 0 
1684091189.8009887 20.6458984375 50.99739398289455 982.8401203250957 1 1 2 1 1 2 309 85 14 2 2 0 
1684091194.9568186 20.6458984375 50.9621617716663 982.856953068554 1 1 3 1 1 3 324 94 14 2 2 0 
1684091200.112732 20.6458984375 51.18648239233698 982.8889353004005 1 1 3 1 1 3 324 94 14 2 2 0 
1684091205.2616339 20.6408203125 50.938301693935635 982.8704192683582 1 1 3 1 1 3 324 94 14 2 2 0 
1684091210.4171755 20.6458984375 50.99772974166228 982.8502578476612 1 1 3 1 1 3 315 91 16 2 2 0 
1684091215.5692818 20.6408203125 51.12148444014563 982.8421896948826 1 1 3 1 1 3 315 91 16 2 2 0 
1684091220.7239065 20.6357421875 51.16284691742551 982.8435248069144 1 2 2 1 2 2 327 95 13 4 0 0 
1684091225.8784285 20.6306640625 51.03875797288014 982.8199591731162 1 2 2 1 2 2 327 95 13 4 0 0 
1684091231.0349746 20.6357421875 51.0917134484765 982.8071898584298 1 2 2 1 2 2 264 74 6 4 0 0 
1684091236.1837816 20.6306640625 51.16273308343478 982.8004569333941 1 2 2 1 2 2 264 74 6 4 0 0 
1684091241.3320727 20.6205078125 51.21579760892591 982.8078861755291 1 2 2 1 2 2 264 74 6 4 0 0 
1684091246.4805622 20.6205078125 51.18034545470657 982.8277366909639 1 2 2 1 2 2 285 81 8 4 0 0 
1684091251.6326728 20.6205078125 51.26283655153802 982.8250660805002 1 2 2 1 2 2 285 81 8 4 0 0 
1684091256.78112 20.6154296875 51.17420873413001 982.8418979983537 1 2 2 1 2 2 285 81 8 4 0 0 
1684091261.9281054 20.6255859375 51.22761491134535 982.8297678372137 1 2 2 1 2 2 270 79 10 4 0 0 
1684091267.0777037 20.6255859375 51.1860259102155 982.8385316142234 1 2 2 1 2 2 270 79 10 4 0 0 
1684091272.2288635 20.6205078125 51.08569158903618 982.8529849790954 1 2 2 1 2 2 270 79 10 4 0 0 
1684091277.3810103 20.6052734375 51.23329420297461 982.836848422263 1 2 2 1 2 2 270 79 12 4 0 0 
1684091282.5321755 20.6255859375 51.257272913631304 982.8233828890995 1 2 2 1 2 2 270 79 12 4 0 0 
1684091287.6818905 20.6154296875 51.168186186012086 982.848630767454 1 2 2 1 2 2 270 79 12 4 0 0 
1684091292.833591 20.6103515625 51.244996349859655 982.8183333153175 1 2 2 1 2 2 249 72 12 4 0 0 
1684091297.9862177 20.6103515625 51.055922049354145 982.8183333153175 None None None None None None None None None None None None 
1684091303.140086 20.6154296875 51.21545418493574 982.8317988468021 1 1 1 1 1 1 279 88 2 0 0 0 
1684091308.2979972 20.6154296875 51.25681314380389 982.848630767454 1 1 1 1 1 1 279 88 2 0 0 0 
1684091313.4528694 20.6205078125 51.257043050242586 982.836848422263 1 1 1 1 1 1 288 88 2 0 0 0 
1684091318.6078868 20.6052734375 51.050013307689326 982.8304633634095 1 1 1 1 1 1 288 88 2 0 0 0 
1684091323.7617662 20.6052734375 51.24511117326869 982.8338297197317 1 1 1 1 1 1 288 88 2 0 0 0 
1684091328.9161923 20.6103515625 51.17386666512252 982.8456119690633 1 1 1 1 1 1 303 93 4 0 0 0 
1684091334.0713427 20.5951171875 51.10898698191644 982.8291277975771 1 1 1 1 1 1 303 93 4 0 0 0 
1684091339.2254064 20.6052734375 51.16216375204028 982.8274446331451 1 1 1 1 1 1 303 93 4 0 0 0 
1684091344.3805428 20.6052734375 51.30396439788762 982.84090995056 1 2 2 1 2 2 303 93 8 2 0 0 
1684091349.5378609 20.6103515625 50.996498152603344 982.8190288120344 1 2 2 1 2 2 303 93 8 2 0 0 
1684091354.692916 20.6103515625 51.17386666512252 982.8661574327805 1 2 2 1 2 2 303 93 8 2 0 0 
1684091359.8478377 20.6052734375 50.98479274007963 982.8223951402688 1 2 2 1 2 2 339 105 8 2 0 0 
1684091365.0027497 20.6205078125 51.14455193960624 982.8516495107218 1 2 2 1 2 2 339 105 8 2 0 0 
1684091370.1608758 20.6255859375 51.275113956856565 982.8610532990133 1 2 2 1 2 2 339 105 8 2 0 0 
1684091375.315598 20.6205078125 51.239317438316796 982.8365006585723 2 3 3 2 3 3 438 133 8 2 0 0 
1684091380.4705496 20.6205078125 51.32782881289532 982.8267492719708 1 1 1 1 1 1 273 79 6 0 0 0 
1684091385.6246817 20.6103515625 51.29226327869254 982.8637795020222 1 1 1 1 1 1 300 86 6 0 0 0 
1684091390.7795734 20.6205078125 51.03842069753614 982.8284324635111 1 1 1 1 1 1 300 86 6 0 0 0 
1684091395.9332755 20.6052734375 51.22738570239322 982.8385316142234 1 1 1 1 1 1 300 86 6 0 0 0 
1684091401.0881362 20.6306640625 51.19772876250938 982.8869968544411 1 1 1 1 1 1 300 86 8 0 0 0 
1684091406.242442 20.6154296875 51.256698174440785 982.8705122747602 1 1 1 1 1 1 300 86 8 0 0 0 
1684091411.3974795 20.6205078125 51.14489293004569 982.8254138294507 1 1 1 1 1 1 300 86 8 0 0 0 
1684091416.5526845 20.6205078125 51.2452259859152 982.8381838640869 1 2 2 1 2 2 330 93 12 0 0 0 
1684091421.7078023 20.6255859375 50.944099636486875 982.8226870352264 1 2 2 1 2 2 330 93 12 0 0 0 
1684091426.8627503 20.6357421875 51.097735422068254 982.7954072403521 1 2 2 1 2 2 330 93 12 0 0 0 
1684091432.0163536 20.6408203125 51.28102264550042 982.8378360043275 1 2 2 1 2 2 321 90 12 0 0 0 
1684091437.1733422 20.6306640625 51.25136425142111 982.8294199096829 1 2 2 1 2 2 321 90 12 0 0 0 
1684091442.3282123 20.6255859375 51.22761491134535 982.840854500399 1 2 2 1 2 2 321 90 12 0 0 0 
1684091447.4793816 20.6255859375 51.316358969767876 982.8506059278692 1 1 1 1 1 1 294 85 12 0 0 0 
1684091452.6330113 20.6255859375 51.13875695892387 982.8492706652639 1 1 1 1 1 1 294 85 12 0 0 0 
1684091457.7844496 20.6255859375 51.17432273560712 982.8169979409187 1 1 1 1 1 1 294 85 12 0 0 0 
1684091462.9343607 20.6205078125 51.36339477702388 982.8748668415424 0 1 1 0 1 1 237 65 6 0 0 0 
1684091468.0866146 20.6205078125 51.18625417280157 982.8365006585723 0 0 0 0 0 0 216 58 4 0 0 0 
1684091473.2376564 20.6255859375 51.08557860156864 982.86813395953 0 0 0 0 0 0 216 58 4 0 0 0 
1684091478.3883228 20.6306640625 51.109326787830845 982.841202442675 0 0 0 0 0 0 216 58 4 0 0 0 
1684091483.5397723 20.6205078125 51.06796508189722 982.8563514187023 0 1 1 0 1 1 258 70 6 0 0 0 
1684091488.6900136 20.6255859375 51.22761491134535 982.841202442675 0 1 1 0 1 1 258 70 6 0 0 0 
1684091493.841786 20.6154296875 51.079782763613004 982.832786347331 0 1 1 0 1 1 258 70 6 0 0 0 
1684091498.9920528 20.6255859375 51.198071578121436 982.8024884185736 0 0 0 0 0 0 243 63 4 0 0 0 
1684091504.141365 20.6255859375 51.0917134484765 982.8105563213674 0 0 0 0 0 0 243 63 4 0 0 0 
1684091509.292099 20.6205078125 51.29851786149838 982.8513017593968 0 0 0 0 0 0 243 63 4 0 0 0 
1684091514.4453576 20.6255859375 51.10353118307773 982.8307551048697 0 1 1 0 1 1 294 75 8 0 0 0 
1684091519.594868 20.6103515625 51.1978430451427 982.8365006585723 0 1 1 0 1 1 294 75 8 0 0 0 
1684091524.7495198 20.6255859375 51.24511117326869 982.8398670696714 0 1 1 0 1 1 294 75 8 0 0 0 
1684091529.904701 20.6052734375 51.268629896590774 982.8415502753259 0 1 1 0 1 1 282 78 8 0 0 0 
1684091535.0610473 20.6205078125 51.17420873413001 982.8233828890995 0 1 1 0 1 1 282 78 8 0 0 0 
1684091540.215924 20.6103515625 51.24511117326869 982.8250660805002 0 1 1 0 1 1 282 78 8 0 0 0 
1684091545.3699613 20.6052734375 51.01433623536577 982.8038803384422 0 1 1 0 1 1 270 77 14 0 0 0 
1684091550.5251536 20.6052734375 51.25090475197644 982.8405624332158 0 1 1 0 1 1 270 77 14 0 0 0 
1684091555.6804454 20.6052734375 51.43394311696398 982.8035325229051 0 1 1 0 1 1 279 80 16 0 0 0 
1684091560.835347 20.5951171875 51.250560014386565 982.80892982901 0 1 1 0 1 1 279 80 16 0 0 0 
1684091565.9920979 20.5951171875 51.345321803225936 982.8257614687831 0 1 1 0 1 1 279 80 16 0 0 0 
1684091571.1390636 20.6001953125 51.23885839354013 982.8207119761166 0 2 2 0 2 2 279 80 16 0 0 0 
1684091576.289735 20.5951171875 51.39235371169867 982.80892982901 0 2 2 0 2 2 279 80 16 0 0 0 
1684091581.4410326 20.5951171875 51.49869509558213 982.8311584511335 0 2 2 0 2 2 279 80 16 0 0 0 
1684091586.592336 20.6052734375 51.19738585003357 982.8392267856383 1 2 2 1 2 2 285 82 14 0 0 0 
1684091591.74217 20.5951171875 51.256353201776506 982.8109606443774 1 2 2 1 2 2 285 82 14 0 0 0 
1684091596.890604 20.6052734375 51.28612432316306 982.8429405097266 1 2 2 1 2 2 285 82 14 0 0 0 
1684091602.045235 20.6001953125 51.2448815156881 982.8392267856383 1 2 2 1 2 2 312 92 14 0 0 0 
1684091607.195958 20.5951171875 51.46324833801151 982.811308186469 1 2 2 1 2 2 312 92 14 0 0 0 
1684091612.3469656 20.6052734375 51.150119226537676 982.8661574327805 1 2 2 1 2 2 312 92 14 0 0 0 
1684091617.5032284 20.6154296875 51.203522885947095 982.8796227630675 1 2 2 1 2 2 318 94 14 0 0 0 
1684091622.6576653 20.6052734375 51.457575076308395 982.8382383808489 1 2 2 1 2 2 318 94 14 0 0 0 
1684091627.8121986 20.6001953125 51.33952954900803 982.8499663046475 1 2 2 1 2 2 387 120 12 2 0 0 
1684091632.9672465 20.6154296875 51.33964545392314 982.8553635376737 1 2 2 1 2 2 387 120 12 2 0 0 
1684091638.121376 20.6052734375 51.34543778649546 982.8378910556243 1 2 2 1 2 2 387 120 12 2 0 0 
1684091643.2741148 20.6103515625 51.33964545392314 982.857394221823 1 2 3 1 2 3 396 123 12 2 0 0 
1684091648.4233603 20.6154296875 51.34543778649546 982.8738786615493 1 2 3 1 2 3 396 123 12 2 0 0 
1684091653.5725887 20.6205078125 51.26295156697157 982.8381838640869 1 2 3 1 2 3 396 123 12 2 0 0 
1684091658.7173505 20.6255859375 51.044217080743074 982.8550159230799 2 2 3 2 2 3 417 127 10 2 0 0 
1684091663.8693542 20.6255859375 51.13307533950506 982.8159541618895 2 2 3 2 2 3 417 127 10 2 0 0 
1684091669.0239491 20.6255859375 51.062056225604614 982.8762024045855 2 2 3 2 2 3 417 127 10 2 0 0 
1684091674.177987 20.6255859375 51.10353118307773 982.848922681132 1 2 3 1 2 3 408 124 10 2 0 0 
1684091679.3340526 20.6255859375 51.11534887651879 982.8529849790954 1 2 3 1 2 3 408 124 10 2 0 0 
1684091684.4825082 20.6205078125 51.19193448282388 982.8529849790954 1 2 3 1 2 3 408 124 10 2 0 0 
1684091689.6331928 20.6255859375 51.198071578121436 982.8361527852586 1 2 2 1 2 2 387 117 12 2 0 0 
1684091694.7879467 20.6103515625 51.0030791269868 982.8475874321509 1 2 2 1 2 2 387 117 12 2 0 0 
1684091699.9411776 20.6154296875 51.274998838520204 982.8361527852586 1 2 2 1 2 2 387 117 12 2 0 0 
1684091705.0960212 20.6154296875 51.18625417280157 982.8378360043275 1 2 2 1 2 2 360 106 12 2 0 0 
1684091710.2509313 20.6103515625 51.121257707804254 982.8176373801189 2 2 2 2 2 2 399 116 8 0 0 0 
1684091715.4053319 20.6205078125 51.09160040416956 982.8519971524239 2 2 2 2 2 2 399 116 8 0 0 0 
1684091720.557764 20.6103515625 51.22147719152226 982.842537733232 2 2 2 2 2 2 399 116 8 0 0 0 
1684091725.7147171 20.6255859375 51.109440034943276 982.8449166868446 1 2 2 1 2 2 357 107 8 0 0 0 
1684091730.868763 20.6205078125 51.17420873413001 982.8479353202098 1 2 2 1 2 2 357 107 8 0 0 0 
1684091736.0237103 20.6154296875 51.31578085085834 982.8317988468021 1 2 2 1 2 2 357 107 8 0 0 0 
1684091741.1774638 20.6205078125 51.292493996269386 982.8630842987556 1 1 1 1 1 1 330 98 6 0 0 0 
1684091746.334598 20.6255859375 51.25692810240449 982.8280846320491 1 1 1 1 1 1 330 98 6 0 0 0 
1684091751.48957 20.6205078125 51.1860259102155 982.8462521007211 1 1 1 1 1 1 330 98 6 0 0 0 
1684091756.6451325 20.6205078125 51.203637246940836 982.846599892709 1 1 1 1 1 1 318 96 8 0 0 0 
1684091761.8002863 20.6154296875 51.29237864286217 982.868829081471 1 1 1 1 1 1 318 96 8 0 0 0 
1684091766.9590664 20.6205078125 51.22727108177331 982.8890274055619 1 1 1 1 1 1 318 96 8 0 0 0 
1684091772.1139688 20.6103515625 51.245340787799186 982.86813395953 1 1 1 1 1 1 312 94 8 0 0 0 
1684091777.267582 20.6306640625 51.31601213070922 982.86813395953 1 1 1 1 1 1 312 94 8 0 0 0 
1684091782.4223518 20.6205078125 51.3102193303704 982.879916503786 1 1 1 1 1 1 312 94 8 0 0 0 
1684091787.5771856 20.6154296875 51.203751597171944 982.8519971524239 1 1 1 1 1 1 297 89 8 0 0 0 
1684091792.7360427 20.6154296875 51.14489293004569 982.866798368538 1 2 2 1 2 2 330 101 16 0 0 0 
1684091797.8934324 20.6205078125 51.26295156697157 982.8475874321509 1 2 3 1 2 3 315 96 14 2 2 2 
1684091803.0445545 20.6408203125 51.346249368038166 982.8674383990895 1 2 3 1 2 3 315 96 14 2 2 2 
1684091808.1995177 20.6458984375 51.12750681397026 982.8788732833233 1 2 3 1 2 3 315 96 14 2 2 2 
1684091813.3544333 20.6458984375 51.26364143356076 982.8751209966701 1 2 3 1 2 3 330 99 12 2 2 2 
1684091818.5084066 20.6408203125 51.19841429686975 982.8519411080227 1 2 3 1 2 3 330 99 12 2 2 2 
1684091823.6621904 20.6357421875 51.23989100213052 982.8232875886338 1 2 3 1 2 3 330 99 12 2 2 2 
1684091828.817277 20.6357421875 51.02103061034369 982.8334252478932 1 2 3 1 2 3 324 97 12 2 2 2 
1684091833.9733205 20.6357421875 51.17477863388861 982.8283754693272 1 2 3 1 2 3 324 97 12 2 2 2 
1684091839.126208 20.6357421875 51.068416112904714 982.8536243684543 1 2 3 1 2 3 324 97 12 2 2 2 
1684091844.280619 20.6408203125 51.12148444014563 982.8250089506329 1 1 3 1 1 3 267 83 8 2 2 2 
1684091849.4307342 20.6357421875 51.257387829181916 982.8253572341565 1 1 3 1 1 3 267 83 8 2 2 2 
1684091854.581105 20.6357421875 51.32249882619859 982.7967420669792 1 1 3 1 1 3 267 83 8 2 2 2 
1684091859.7348135 20.6306640625 51.31682127117315 982.8317039559901 1 1 3 1 1 3 267 85 8 2 2 2 
1684091864.8908553 20.6458984375 50.9621617716663 982.8165544960082 1 1 3 1 1 3 267 85 8 2 2 2 
1684091870.0455568 20.6408203125 51.18693870225585 982.8232875886338 1 1 3 1 1 3 267 85 8 2 2 2 
1684091875.1992629 20.6357421875 51.01556993701603 982.8549215334708 1 1 1 1 1 1 318 91 12 0 0 0 
1684091880.3537812 20.6509765625 51.216255356903154 982.8434868732276 1 1 1 1 1 1 345 95 12 0 0 0 
1684091885.5080678 20.6509765625 51.15125648352145 982.8401203250957 1 1 1 1 1 1 345 95 12 0 0 0 
1684091890.6618018 20.6458984375 51.28716179861785 982.8333872296713 1 1 1 1 1 1 345 95 12 0 0 0 
1684091895.81368 20.6408203125 51.25182357866566 982.8438729413399 1 1 1 1 1 1 372 102 17 0 0 0 
1684091900.963942 20.6408203125 51.12762022083485 982.8636861678964 1 1 1 1 1 1 372 102 17 0 0 0 
1684091906.11356 20.6357421875 51.28693132385376 982.8775378851799 1 1 1 1 1 1 372 102 17 0 0 0 
1684091911.2655208 20.6306640625 51.3282917841927 982.8842708773062 1 2 2 1 2 2 408 114 19 2 0 0 
1684091916.4173872 20.6306640625 51.23966160889263 982.8957059019818 1 2 2 1 2 2 408 114 19 2 0 0 
1684091921.5680656 20.6306640625 51.1333023422496 982.8573389155177 1 2 2 1 2 2 408 114 19 2 0 0 
1684091926.719415 20.6306640625 51.133188846258726 982.8526371316996 1 2 2 1 2 2 408 116 17 2 0 0 
1684091931.8681817 20.6255859375 51.127393396342875 982.8809043811032 1 2 2 1 2 2 408 116 17 2 0 0 
1684091937.0196044 20.6306640625 51.18648239233698 982.8856063299472 1 2 2 1 2 2 408 116 17 2 0 0 
1684091942.170207 20.6357421875 51.26329654869732 982.9196191043347 2 2 2 2 2 2 456 128 17 2 0 0 
1684091947.320233 20.6357421875 51.20420889047016 982.8926871190384 2 2 2 2 2 2 456 128 17 2 0 0 
1684091952.4704638 20.6306640625 51.31033487579662 982.8960536162209 2 2 2 2 2 2 456 128 17 2 0 0 
1684091957.6247232 20.6255859375 51.21602650443972 982.9108552647564 2 2 3 2 2 3 378 121 10 2 0 0 
1684091962.781767 20.6255859375 51.257157987318195 982.8775378851799 2 2 3 2 2 3 378 121 10 2 0 0 
1684091967.928607 20.6357421875 51.21591206206411 982.8832829456318 2 2 3 2 2 3 390 123 12 2 0 0 
1684091973.0777833 20.6306640625 51.34555375900269 982.9128861063314 2 2 3 2 2 3 390 123 12 2 0 0 
1684091978.2305763 20.6205078125 51.29851786149838 982.8907105996909 2 2 3 2 2 3 390 123 12 2 0 0 
1684091983.3775306 20.6103515625 51.25692810240449 982.8721954681198 1 2 2 1 2 2 369 113 8 0 0 0 
1684091988.5311701 20.6154296875 51.41054443576614 982.8957601824976 1 2 2 1 2 2 369 113 8 0 0 0 
1684091993.6838155 20.6255859375 51.14489293004569 982.8735311960531 1 2 2 1 2 2 369 113 8 0 0 0 
1684091998.8336399 20.6205078125 51.30442637379252 982.8684815753118 2 2 2 2 2 2 399 120 8 2 0 0 
1684092003.9834242 20.6306640625 51.32782881289532 982.8637795020222 2 2 2 2 2 2 399 120 8 2 0 0 
1684092009.1338015 20.6154296875 51.39293633168814 982.8846185767965 2 2 2 2 2 2 399 120 8 2 0 0 
1684092014.28383 20.6103515625 51.2452259859152 982.8856610175138 1 2 2 1 2 2 399 120 12 2 0 0 
1684092019.4371407 20.6154296875 51.39270331597887 982.8819472320209 1 2 2 1 2 2 399 120 12 2 0 0 
1684092024.5874348 20.6052734375 51.33976134807596 982.8755618550484 1 2 2 1 2 2 399 120 12 2 0 0 
1684092029.742715 20.6052734375 51.304079908007424 982.8890274055619 1 2 2 1 2 2 387 118 12 2 0 0 
1684092034.8967903 20.6154296875 51.41054443576614 982.8907105996909 1 2 2 1 2 2 387 118 12 2 0 0 
1684092040.0515783 20.6052734375 51.044217080743074 982.8832829456318 0 1 1 0 1 1 234 73 8 0 0 0 
1684092045.2013724 20.6103515625 51.357138112149286 982.8759091973709 0 1 1 0 1 1 234 73 8 0 0 0 
1684092050.3352587 20.6205078125 51.23329420297461 982.9159585200207 0 1 1 0 1 1 234 73 8 0 0 0 
1684092055.4817603 20.6154296875 51.221362638499194 982.8927410006695 0 1 1 0 1 1 228 69 6 0 0 0 
1684092060.630509 20.6255859375 51.25090475197644 982.9024929605526 0 1 1 0 1 1 228 69 6 0 0 0 
1684092065.7821183 20.6052734375 51.29817159849465 982.9374931132741 0 1 1 0 1 1 228 69 6 0 0 0 
1684092070.9159472 20.6154296875 51.21545418493574 982.9062064483451 0 1 1 0 1 1 219 66 6 0 0 0 
1684092076.0627909 20.6154296875 51.47541640801735 982.9065534370733 0 1 1 0 1 1 219 66 6 0 0 0 
1684092081.2105463 20.6103515625 51.39861146086229 982.912939173862 0 1 1 0 1 1 219 66 6 0 0 0 
1684092086.358303 20.6052734375 51.18591176277846 982.9183356125823 0 1 1 0 1 1 240 73 8 0 0 0 
1684092091.5084429 20.6103515625 51.30396439788762 982.9159585200207 0 1 1 0 1 1 240 73 8 0 0 0 
1684092096.6611333 20.6154296875 51.422360788685985 982.9193249105873 0 1 1 0 1 1 240 73 8 0 0 0 
1684092101.8126066 20.6154296875 51.416452617370844 982.9304131608545 0 1 1 0 1 1 234 71 10 0 0 0 
1684092106.966606 20.6205078125 51.1860259102155 982.9139281846499 0 1 1 0 1 1 234 71 10 0 0 0 
1684092112.1207027 20.6205078125 51.34578567173032 982.8967487158129 0 1 1 0 1 1 234 71 10 0 0 0 
1684092117.2764146 20.6306640625 51.0917134484765 982.9001151590576 0 1 1 0 1 1 255 76 8 0 0 0 
1684092122.4300401 20.6205078125 51.416686152273094 982.9017983807851 1 1 1 1 1 1 348 101 10 0 0 0 
1684092127.5836115 20.6255859375 51.274998838520204 982.9061531094476 1 1 1 1 1 1 348 101 10 0 0 0 
1684092132.7380893 20.6357421875 51.239546896129895 982.9444834473229 1 1 1 1 1 1 348 101 10 0 0 0 
1684092137.8935711 20.6408203125 51.103757509810805 982.9276506674821 1 2 2 1 2 2 360 108 12 0 0 0 
1684092143.0490484 20.6458984375 51.13352930194298 982.9175510029361 1 2 2 1 2 2 360 108 12 0 0 0 
1684092148.2043288 20.6357421875 51.19864272222214 982.9297186034386 1 2 2 1 2 2 360 108 12 0 0 0 
1684092153.3600066 20.6357421875 51.16284691742551 982.8994201136832 1 2 2 1 2 2 366 110 10 0 0 0 
1684092158.51385 20.6357421875 51.310796949877826 982.8846185767965 1 2 2 1 2 2 366 110 10 0 0 0 
1684092163.6674922 20.6306640625 51.310450410460476 982.9095196077496 1 2 2 1 2 2 366 110 10 0 0 0 
1684092168.8222497 20.6357421875 51.16273308343478 982.9095196077496 1 2 2 1 2 2 351 105 8 0 0 0 
1684092173.9760804 20.6357421875 51.393169304348724 982.9216497553036 1 2 2 1 2 2 351 105 8 0 0 0 
1684092179.1309326 20.6357421875 51.21591206206411 982.8842708773062 1 2 2 1 2 2 351 105 8 0 0 0 
1684092184.2871635 20.6306640625 51.227844077247205 982.8859541255129 1 2 2 1 2 2 345 103 8 0 0 0 
1684092189.4420547 20.6255859375 51.2807922628757 982.8994201136832 1 2 2 1 2 2 345 103 8 0 0 0 
1684092194.5969982 20.6255859375 51.31033487579662 982.9297186034386 1 2 2 1 2 2 345 103 8 0 0 0 
1684092199.7520056 20.6205078125 51.31033487579662 982.9300659369596 1 1 1 1 1 1 324 96 8 0 0 0 
1684092204.9073641 20.6255859375 51.24545557892064 982.9236802696073 1 2 2 1 2 2 327 92 14 4 0 0 
1684092210.0622203 20.6205078125 51.30442637379252 982.9240274380957 1 2 2 1 2 2 354 101 14 4 0 0 
1684092215.2171748 20.6154296875 51.19795731701339 982.8873442115028 1 2 2 1 2 2 354 101 14 4 0 0 
1684092220.3713906 20.6255859375 51.43429407604622 982.9038289337228 1 2 2 1 2 2 354 101 14 4 0 0 
1684092225.52632 20.6103515625 51.132848293709344 982.8967487158129 1 2 2 1 2 2 348 101 12 2 0 0 
1684092230.680199 20.6205078125 51.13875695892387 982.8900158301625 1 2 2 1 2 2 348 101 12 2 0 0 
1684092235.8350942 20.6205078125 51.333737138554014 982.9210081059756 1 2 2 1 2 2 348 101 12 2 0 0 
1684092240.9940236 20.6255859375 51.31601213070922 982.9008097659339 1 1 1 1 1 1 363 103 8 0 0 0 
1684092246.1496215 20.6103515625 51.31612775449113 982.9257106472479 1 1 1 1 1 1 363 103 8 0 0 0 
1684092251.3015487 20.6154296875 51.43441104088282 982.9159585200207 1 1 1 1 1 1 363 103 8 0 0 0 
1684092256.4538648 20.6255859375 51.257157987318195 982.9324434845574 1 2 2 1 2 2 369 105 10 0 0 0 
1684092261.6024013 20.6255859375 51.31601213070922 982.888332608925 1 2 2 1 2 2 369 105 10 0 0 0 
1684092266.7528589 20.6357421875 51.15682425658013 982.8647675189438 1 2 2 1 2 2 369 105 10 0 0 0 
1684092271.90346 20.6255859375 51.29851786149838 982.9051648244496 2 2 2 2 2 2 384 108 10 0 0 0 
1684092277.0534976 20.6255859375 51.30442637379252 982.904817397239 2 2 2 2 2 2 384 108 10 0 0 0 
1684092282.2030592 20.6357421875 51.310450410460476 982.8782332829683 2 2 2 2 2 2 384 108 10 0 0 0 
1684092287.3547018 20.6306640625 51.16273308343478 982.9081838682922 2 2 2 2 2 2 444 128 22 0 0 0 
1684092292.5112562 20.6255859375 51.150801709880945 982.9280353534128 2 2 2 2 2 2 444 128 22 0 0 0 
1684092297.6611547 20.6357421875 51.351810109516435 982.917935854729 2 3 3 2 3 3 453 131 24 0 0 0 
1684092302.8094845 20.6458984375 51.234211321254946 982.9394336126361 2 3 3 2 3 3 453 131 24 0 0 0 
1684092307.9602427 20.6408203125 51.30454184086279 982.9259673898829 2 3 3 2 3 3 453 131 24 0 0 0 
1684092313.1107416 20.6509765625 51.24568512887599 982.9273029899015 2 2 2 2 2 2 426 122 22 0 0 0 
1684092318.2552085 20.6509765625 51.346249368038166 982.9269552026842 2 2 2 2 2 2 426 122 22 0 0 0 
1684092323.4037867 20.6458984375 51.09193950480169 982.9437882536153 2 2 2 2 2 2 426 122 22 0 0 0 
1684092328.5555062 20.6560546875 51.133756218585205 982.9205698257065 2 2 2 2 2 2 435 122 15 0 0 0 
1684092333.7063367 20.6509765625 51.251938383570526 982.9316572610355 2 2 2 2 2 2 435 122 15 0 0 0 
1684092338.8565636 20.6611328125 51.19307604123113 982.9414092888338 2 2 2 2 2 2 435 122 15 0 0 0 
1684092344.0074234 20.6560546875 51.29909475125669 982.8966557286404 2 2 2 2 2 2 435 122 15 0 0 0 
1684092349.1562767 20.6509765625 51.151370150024704 982.9172032440287 2 2 2 2 2 2 435 122 15 0 0 0 
1684092354.3020763 20.6560546875 51.17512044459148 982.9353717272751 2 2 2 2 2 2 435 122 15 0 0 0 
1684092359.452842 20.6560546875 51.29330116877246 982.9235885933376 1 1 1 1 1 1 321 96 11 0 0 0 
1684092364.6012406 20.6662109375 51.175234359967064 982.9430926213508 1 1 1 1 1 1 321 96 11 0 0 0 
1684092369.7555985 20.6611328125 51.06875427314941 982.9720569253715 1 1 1 1 1 1 321 96 8 0 0 0 
1684092374.9107192 20.6662109375 51.11034562438026 982.9494780257401 1 1 1 1 1 1 321 96 8 0 0 0 
1684092380.0648031 20.6712890625 51.222736564445825 982.941061294682 1 1 1 1 1 1 300 89 8 0 0 0 
1684092385.2186909 20.6712890625 51.0927303629089 982.909077732615 1 1 1 1 1 1 300 89 8 0 0 0 
1684092390.3718746 20.6763671875 51.134096512827654 982.9208611472798 1 1 1 1 1 1 300 89 8 0 0 0 
1684092395.5287235 20.6763671875 51.098639843773796 982.9447759539379 1 1 1 1 1 1 288 87 10 0 0 0 
1684092400.6825366 20.6611328125 51.222507684413806 982.9679948402254 1 1 1 1 1 1 288 87 10 0 0 0 
1684092405.8368628 20.6560546875 51.364207627320795 982.9686902851374 1 1 1 1 1 1 288 87 10 0 0 0 
1684092410.9927623 20.6560546875 51.175234359967064 982.9505214759466 1 1 1 1 1 1 288 87 8 0 0 0 
1684092416.1395261 20.6458984375 51.18693870225585 982.9451238113361 1 1 1 1 1 1 288 87 8 0 0 0 
1684092421.2897902 20.6611328125 51.31693681961859 982.9690378431305 1 1 1 1 1 1 288 87 8 0 0 0 
1684092426.4408667 20.6357421875 51.27545924729097 982.9616092836567 1 1 1 1 1 1 288 89 8 0 0 0 
1684092431.5918806 20.6509765625 51.08625636493028 982.9646827923671 1 1 1 1 1 1 288 89 8 0 0 0 
1684092436.746378 20.6509765625 51.015345724492754 982.9710685844577 1 1 1 1 1 1 288 89 8 0 0 0 
1684092441.904335 20.6408203125 51.19261954701999 982.9697695071969 1 1 1 1 1 1 315 96 8 0 0 0 
1684092447.0580878 20.6408203125 51.47600359776862 982.9966651092924 1 1 1 1 1 1 315 96 8 0 0 0 
1684092452.2124321 20.6408203125 51.493728583196095 982.9411540073067 1 2 2 1 2 2 381 119 15 0 0 0 
1684092457.3656313 20.6357421875 51.19841429686975 982.9811683437641 1 2 2 1 2 2 381 119 15 0 0 0 
1684092462.510578 20.6255859375 51.30454184086279 982.9684333733358 1 2 2 1 2 2 381 119 15 0 0 0 
1684092467.6599276 20.6357421875 51.35192610656648 982.9751663805741 1 1 1 1 1 1 369 112 8 0 0 0 
1684092472.8116293 20.6357421875 51.22193529598872 982.9465511075417 1 1 1 1 1 1 369 112 8 0 0 0 
1684092477.96348 20.6458984375 51.13943837276012 982.9563033870829 1 1 1 1 1 1 369 112 8 0 0 0 
1684092483.112271 20.6357421875 51.22193529598872 982.9579866518523 1 2 2 1 2 2 375 114 10 0 0 0 
1684092488.261753 20.6458984375 51.47032991410445 982.976502568933 1 2 2 1 2 2 375 114 10 0 0 0 
1684092493.4118133 20.6357421875 51.387377281411695 982.9428001690239 1 2 2 1 2 2 375 114 10 0 0 0 
1684092498.5586305 20.6560546875 51.086482199947596 982.9660187057489 1 1 1 1 1 1 318 95 8 0 0 0 
1684092503.7101655 20.6458984375 51.36397543819 982.9478500041305 1 1 1 1 1 1 318 95 8 0 0 0 
1684092508.8616116 20.6560546875 51.411361146461594 982.9545831185857 1 1 1 1 1 1 318 95 8 0 0 0 
1684092514.0163372 20.6458984375 51.346249368038166 982.9929513994722 1 2 2 1 2 2 387 116 8 0 0 0 
1684092519.171205 20.6509765625 51.133756218585205 982.9946346934246 1 2 2 1 2 2 387 116 8 0 0 0 
1684092524.3250613 20.6458984375 51.17500651845321 982.9724044562553 1 2 2 1 2 2 387 116 8 0 0 0 
1684092529.4797595 20.6509765625 51.02716426747555 982.9441359052875 2 2 2 2 2 2 423 123 8 0 0 0 
1684092534.6348808 20.6458984375 51.26364143356076 982.9757710696601 1 1 1 1 1 1 270 75 8 2 0 0 
1684092539.7905939 20.6763671875 51.30558056018821 982.9811138412274 1 1 1 1 1 1 270 75 8 2 0 0 
1684092544.9451485 20.6712890625 51.29376217342989 982.9397259563867 1 1 1 1 1 1 270 75 8 2 0 0 
1684092550.1017368 20.6662109375 51.18114356154384 982.976759286386 0 1 1 0 1 1 270 73 10 2 0 0 
1684092555.2556145 20.6712890625 51.068979659497835 982.9898783591691 0 1 1 0 1 1 270 73 10 2 0 0 
1684092560.4113355 20.6662109375 51.133983092176294 982.9030408565153 0 1 1 0 1 1 270 73 10 2 0 0 
1684092565.5663571 20.6763671875 51.19319013787731 982.9821013437199 0 1 1 0 1 1 270 73 12 2 0 0 
1684092570.7215233 20.6865234375 51.181485445891155 982.991853663122 0 1 1 0 1 1 270 73 12 2 0 0 
1684092575.8764813 20.6814453125 51.06329540286535 982.9807659530918 0 1 1 0 1 1 270 73 12 2 0 0 
1684092581.0313492 20.6916015625 51.06943463531448 982.9541800698534 1 2 2 1 2 2 300 82 14 2 0 0 
1684092586.1857631 20.6865234375 51.24648821470042 982.9420483506171 1 2 2 1 2 2 300 82 14 2 0 0 
1684092591.3406255 20.6865234375 51.06920500279448 982.8972943213787 1 2 2 1 2 2 300 82 14 2 0 0 
1684092596.49924 20.6865234375 51.06920500279448 982.9390298313274 0 1 1 0 1 1 291 79 14 2 0 0 
1684092601.65423 20.6916015625 51.23478417039742 982.9255629573959 0 1 1 0 1 1 291 79 14 2 0 0 
1684092606.8120546 20.6712890625 51.19921359725708 982.9558634300395 0 1 1 0 1 1 291 79 14 2 0 0 
1684092611.9670587 20.6814453125 51.19944626140836 982.9470984705799 0 1 1 0 1 1 285 75 14 2 0 0 
1684092617.1219125 20.6865234375 51.12250420292241 982.9952204681113 1 3 3 1 3 3 390 109 25 2 0 0 
1684092622.2802842 20.6865234375 51.24672198120531 982.951800362956 1 3 3 1 3 3 384 107 25 2 0 0 
1684092627.4352436 20.6865234375 51.21126525311491 982.9901702607324 1 3 3 1 3 3 384 107 25 2 0 0 
1684092632.5899546 20.6916015625 51.03408828244459 982.991853663122 1 3 3 1 3 3 384 107 25 2 0 0 
1684092637.7441843 20.6865234375 51.175808154480634 982.9736844023448 1 2 2 1 2 2 321 91 16 0 0 0 
1684092642.8975208 20.6865234375 51.24081255225579 982.9931889569231 1 2 2 1 2 2 321 91 16 0 0 0 
1684092648.0533082 20.6865234375 51.15807946620953 982.9686342383592 1 2 2 1 2 2 321 91 16 0 0 0 
1684092653.205961 20.6865234375 51.122390938998464 982.963932208337 0 2 2 0 2 2 300 84 21 0 0 0 
1684092658.3601403 20.6814453125 51.08113696248555 982.9821013437199 0 2 2 0 2 2 300 84 21 0 0 0 
1684092663.5087879 20.6865234375 51.17592200486617 982.9854681207601 0 2 2 0 2 2 300 84 21 0 0 0 
1684092668.6596124 20.6916015625 51.205469950786 982.9265495629713 0 2 2 0 2 2 258 77 21 0 0 0 
1684092673.8051467 20.6916015625 51.14046413008936 982.9736844023448 0 2 2 0 2 2 258 77 21 0 0 0 
1684092678.955489 20.6865234375 51.06943463531448 982.9282329491472 0 2 2 0 2 2 258 77 21 0 0 0 
1684092684.1064866 20.6763671875 51.222965401427565 982.9787345669599 0 2 2 0 2 2 249 75 23 0 0 0 
1684092689.2563512 20.6763671875 51.098752848054076 982.9659635926254 0 2 2 0 2 2 249 75 23 0 0 0 
1684092694.4082875 20.6712890625 51.15193832109986 982.9612614521602 0 2 2 0 2 2 249 75 23 0 0 0 
1684092699.5589738 20.6763671875 51.19296193382231 982.9541800698534 1 1 1 1 1 1 306 95 18 0 0 0 
1684092704.7079647 20.6662109375 51.157620395301414 982.97002595114 1 1 1 1 1 1 306 95 18 0 0 0 
1684092709.859621 20.6560546875 51.11602853878205 982.92829062416 1 2 2 1 2 2 327 97 18 2 0 0 
1684092715.0137115 20.6560546875 51.13386966076214 982.9720569253715 1 2 2 1 2 2 327 97 18 2 0 0 
1684092720.1621897 20.6662109375 51.270010311762725 982.9421049482071 1 2 2 1 2 2 327 97 18 2 0 0 
1684092725.3133895 20.6560546875 51.19898527953099 982.9969592988417 1 2 2 1 2 2 318 97 22 2 0 0 
1684092730.4666111 20.6662109375 51.340572305801366 983.0259232071784 1 2 2 1 2 2 318 97 22 2 0 0 
1684092735.6176975 20.6611328125 51.11614177815602 983.0363701588032 1 2 2 1 2 2 318 97 22 2 0 0 
1684092740.7648685 20.6560546875 51.34659702726513 983.0057233431045 1 2 2 1 2 2 345 101 26 2 0 0 
1684092745.9158454 20.6712890625 51.18716679263934 983.0171593213729 1 2 2 1 2 2 345 101 26 2 0 0 
1684092751.0707846 20.6560546875 51.086595101311914 982.9703736052195 1 2 2 1 2 2 345 101 26 2 0 0 
1684092756.2219307 20.6611328125 51.299325431823284 983.0020093035299 1 2 2 1 2 2 345 101 22 2 0 0 
1684092761.3731515 20.6611328125 51.20466601156646 982.9673545366729 1 2 2 1 2 2 345 101 22 2 0 0 
1684092766.523586 20.6712890625 51.068979659497835 982.9632926170134 1 2 2 1 2 2 345 101 22 2 0 0 
1684092771.6743402 20.6763671875 51.08079855806676 982.9801259544289 1 2 2 1 2 2 387 110 24 2 0 0 
1684092776.8255725 20.6662109375 51.275689387101664 982.9949284036815 1 2 2 1 2 2 387 110 24 2 0 0 
1684092781.9766386 20.6814453125 51.098526828730655 983.0168119371791 1 1 1 1 1 1 294 82 6 0 0 0 
1684092787.1264381 20.6712890625 51.21080372525491 983.01646444334 1 1 1 1 1 1 294 82 6 0 0 0 
1684092792.2760081 20.6763671875 51.02192791517412 983.014781080635 1 1 1 1 1 1 285 77 4 0 0 0 
1684092797.42761 20.6712890625 51.258077096473315 983.0130977179999 1 1 1 1 1 1 285 77 4 0 0 0 
1684092802.5776937 20.6712890625 51.12193777567456 982.9999784488236 1 1 1 1 1 1 285 77 4 0 0 0 
1684092807.7273457 20.6611328125 51.204780264933994 983.0114143554347 1 1 1 1 1 1 297 81 4 0 0 0 
1684092812.873534 20.6763671875 51.299325431823284 982.9922567726528 1 1 1 1 1 1 297 81 4 0 0 0 
1684092818.0244324 20.6560546875 51.12773361693663 982.9841876043963 1 1 1 1 1 1 297 81 4 0 0 0 
1684092823.1755116 20.6560546875 51.13955190406312 982.9993373713295 1 1 1 1 1 1 285 77 6 0 0 0 
1684092828.322893 20.6458984375 51.234211321254946 983.0589465357895 1 1 1 1 1 1 285 77 6 0 0 0 
1684092833.476471 20.6560546875 51.310681447501075 983.0333504736415 1 1 1 1 1 1 285 77 6 0 0 0 
1684092838.627077 20.6458984375 51.25170876299828 983.050530121206 1 1 1 1 1 1 273 77 4 0 0 0 
1684092843.7808108 20.6509765625 51.49396378928199 983.0451335445322 1 1 1 1 1 1 273 77 4 0 0 0 
1684092848.935873 20.6560546875 51.36397543819 983.0535500258391 1 1 1 1 1 1 273 77 4 0 0 0 
1684092854.090656 20.6560546875 51.20455174743631 983.0360231429938 1 1 1 1 1 1 261 73 2 0 0 0 
1684092859.2443058 20.6560546875 51.25182357866566 983.0616198060425 1 1 1 1 1 1 261 73 2 0 0 0 
1684092864.398658 20.6458984375 51.139665424603336 983.021567406179 1 2 2 1 2 2 321 84 20 2 0 0 
1684092869.5536537 20.6509765625 51.28762261899703 983.0040400215532 1 2 2 1 2 2 321 84 20 2 0 0 
1684092874.7024066 20.6509765625 51.20466601156646 983.0283005871663 1 2 2 1 2 2 321 84 20 2 0 0 
1684092879.8547702 20.6611328125 51.06864156383079 982.9909208334446 1 2 2 1 2 2 321 82 20 2 0 0 
1684092885.0111597 20.6509765625 51.26375637365695 982.9939400937143 1 2 2 1 2 2 321 82 20 2 0 0 
1684092890.160116 20.6662109375 51.13989243339547 983.0137926502513 1 2 2 1 2 2 321 82 20 2 0 0 
1684092895.3111162 20.6763671875 51.2403496594559 983.0121093147956 0 2 2 0 2 2 279 77 18 2 0 0 
1684092900.4622667 20.6662109375 51.0275009757465 982.9875542187806 0 2 2 0 2 2 279 77 18 2 0 0 
1684092905.6127553 20.6662109375 51.2403496594559 983.0504789348817 0 2 2 0 2 2 279 77 18 2 0 0 
1684092910.7643478 20.6662109375 51.06886697170509 983.0592427340075 0 1 1 0 1 1 264 72 16 2 0 0 
1684092915.917614 20.6611328125 51.2698953363586 983.0323093448834 0 1 1 0 1 1 264 72 16 2 0 0 
1684092921.0727446 20.6611328125 51.15750669348656 983.0360231429938 0 1 1 0 1 1 264 72 16 2 0 0 
1684092926.227233 20.6560546875 51.18716679263934 983.030626008658 1 1 1 1 1 1 300 82 12 2 0 0 
1684092931.3822296 20.6560546875 51.175234359967064 983.0010206791163 1 1 1 1 1 1 300 82 12 2 0 0 
1684092936.5373588 20.6560546875 51.169211300322104 983.011120527307 1 1 1 1 1 1 300 82 12 2 0 0 
1684092941.6925094 20.6611328125 51.22830227990017 983.0074066647259 1 1 1 1 1 1 306 84 10 2 0 0 
1684092946.8476024 20.6560546875 51.06864156383079 983.0481533255556 1 1 1 1 1 1 366 103 4 0 0 0 
1684092952.0033097 20.6560546875 51.33454769846859 983.0447867061338 1 1 1 1 1 1 366 103 4 0 0 0 
1684092957.1575627 20.6662109375 51.257732511258816 983.0498366353717 1 1 1 1 1 1 366 103 4 0 0 0 
1684092962.3125844 20.6611328125 51.20500873938122 983.0605790396502 1 2 2 1 2 2 372 108 4 0 0 0 
1684092967.467515 20.6712890625 51.13432332184204 983.0336454325319 1 2 2 1 2 2 372 108 4 0 0 0 
1684092972.6223516 20.6611328125 51.09250445726412 983.0339926811789 1 2 2 1 2 2 372 108 4 0 0 0 
1684092977.7779298 20.6662109375 51.116368224615485 983.0575593966624 1 1 1 1 1 1 342 101 4 0 0 0 
1684092982.934256 20.6662109375 51.19898527953099 983.0538456361912 1 1 1 1 1 1 342 101 4 0 0 0 
1684092988.0892074 20.6763671875 51.122164378862145 983.0662708536888 1 1 1 1 1 1 342 101 4 0 0 0 
1684092993.2441907 20.6763671875 51.22285098831798 983.0528037203381 1 2 2 1 2 2 342 104 11 0 0 0 
1684092998.3996475 20.6865234375 51.28217833875182 983.0507727908428 1 2 2 1 2 2 342 104 11 0 0 0 
1684093003.554527 20.6814453125 51.06352489757839 983.0537919800436 1 2 2 1 2 2 342 104 11 0 0 0 
1684093008.708255 20.6966796875 51.140350685302465 983.0393365914657 1 2 2 1 2 2 354 108 13 0 0 0 
1684093013.8633626 20.6865234375 50.96896769396851 983.046070155342 1 2 2 1 2 2 354 108 13 0 0 0 
1684093019.0171745 20.6865234375 50.98692073378251 983.0763712066409 1 2 2 1 2 2 354 108 13 0 0 0 
1684093024.1721387 20.6865234375 51.09329928051804 983.0326030287089 1 2 2 1 2 2 348 108 13 0 0 0 
1684093029.3270905 20.6865234375 51.158306750621364 983.0638924927143 0 1 2 0 1 2 255 78 17 2 2 0 
1684093034.4817045 20.6916015625 51.105118913177044 983.0591898160862 1 1 2 1 1 2 276 82 17 2 2 0 
1684093039.6364279 20.6814453125 51.09886584157148 983.0326030287089 1 1 2 1 1 2 276 82 17 2 2 0 
1684093044.7920682 20.6763671875 51.15193832109986 983.0396841148372 1 1 2 1 1 2 276 82 17 2 2 0 
1684093049.948477 20.6814453125 51.2820588345712 982.9801259544289 1 2 3 1 2 3 309 96 21 2 2 0 
1684093055.1026402 20.6814453125 51.15193832109986 983.0003259685639 1 2 3 1 2 3 309 96 21 2 2 0 
1684093060.2548413 20.6763671875 51.20512296046091 983.0282479842349 1 2 3 1 2 3 309 96 21 2 2 0 
1684093065.4077115 20.6712890625 51.234325912608526 983.0171593213729 1 2 3 1 2 3 330 101 21 2 2 0 
1684093070.5534232 20.6662109375 51.28182864567027 983.030626008658 1 2 3 1 2 3 330 101 21 2 2 0 
1684093075.704465 20.6763671875 51.19330422376084 983.0635986274917 1 2 3 1 2 3 330 101 21 2 2 0 
1684093080.8566074 20.6712890625 51.11614177815602 983.0373593539798 1 2 3 1 2 3 321 98 21 2 2 0 
1684093086.0115955 20.6662109375 51.33489491985451 983.0474593740618 1 2 3 1 2 3 321 98 21 2 2 0 
1684093091.1660259 20.6712890625 51.211032313372336 983.0356760175443 1 2 3 1 2 3 321 98 21 2 2 0 
1684093096.319629 20.6662109375 51.098526828730655 983.0235453344806 1 2 3 1 2 3 306 93 23 2 2 0 
1684093101.4767184 20.6662109375 51.26398622156192 983.0235453344806 1 2 3 1 2 3 306 93 23 2 2 0 
1684093106.6314485 20.6763671875 51.015794106487036 983.0057233431045 1 2 3 1 2 3 306 93 23 2 2 0 
1684093111.7825518 20.6712890625 51.258077096473315 983.02656462104 1 1 1 1 1 1 363 90 6 0 0 0 
1684093116.932161 20.6712890625 51.069092336527625 983.0087426440937 1 1 1 1 1 1 363 90 6 0 0 0 
1684093122.0810626 20.6763671875 51.075001858561194 983.0029975436586 1 1 1 1 1 1 378 95 6 0 0 0 
1684093127.2325144 20.6814453125 51.09284329958696 983.030626008658 1 1 1 1 1 1 378 95 6 0 0 0 
1684093132.3853295 20.6712890625 51.20500873938122 983.0252286839808 1 1 1 1 1 1 378 95 6 0 0 0 
1684093137.5332053 20.6763671875 51.163757201893596 983.0329506062993 1 1 1 1 1 1 330 86 4 0 0 0 
1684093142.6811533 20.6712890625 51.01010854034499 983.0080476305142 1 1 1 1 1 1 330 86 4 0 0 0 
1684093147.829677 20.6865234375 51.10477544734817 983.0258694670716 1 1 1 1 1 1 330 86 4 0 0 0 
1684093152.9797566 20.6814453125 51.1461423995911 982.9922016756797 1 1 1 1 1 1 279 79 4 0 0 0 
1684093158.1317983 20.6865234375 51.181485445891155 983.0241860768372 1 1 1 1 1 1 279 79 4 0 0 0 
1684093163.2824137 20.6814453125 51.045678926412414 983.014433463593 1 1 1 1 1 1 279 79 4 0 0 0 
1684093168.4338427 20.6865234375 51.09898316960164 983.0258694670716 1 1 1 1 1 1 252 72 2 0 0 0 
1684093173.5850132 20.6865234375 51.13432332184204 983.0346339833287 1 1 1 1 1 1 252 72 2 0 0 0 
1684093178.7348256 20.6916015625 50.99260724190024 983.0490893860041 1 1 1 1 1 1 252 72 2 0 0 0 
1684093183.890907 20.7017578125 51.17603584448903 983.058842236064 1 1 1 1 1 1 258 74 2 0 0 0 
1684093189.045779 20.6966796875 51.1584203766832 983.0699308699749 1 1 1 1 1 1 258 74 2 0 0 0 
1684093194.1999407 20.6916015625 51.010560699048874 983.048393953644 1 1 1 1 1 1 300 90 6 0 0 0 
1684093199.3544517 20.6966796875 51.051817821980634 983.0595372864537 1 1 1 1 1 1 300 90 6 0 0 0 
1684093204.5096366 20.6865234375 50.99840096859369 982.9962640954972 1 1 1 1 1 1 336 99 4 0 0 0 
1684093209.6644192 20.6814453125 51.31148973812876 983.0396841148372 1 1 1 1 1 1 336 99 4 0 0 0 
1684093214.8162594 20.6916015625 51.11682534104238 983.0326030287089 1 1 1 1 1 1 336 99 4 0 0 0 
1684093219.9717112 20.6865234375 51.27035959407453 983.0299313474998 1 1 1 1 1 1 330 92 4 0 0 0 
1684093225.130937 20.6814453125 51.116712166659305 983.044386764268 1 1 1 1 1 1 330 92 4 0 0 0 
1684093230.2866437 20.6916015625 51.11659462802364 983.0699849171123 1 1 1 1 1 1 330 92 4 0 0 0 
1684093235.4424546 20.6712890625 51.098752848054076 983.0582012690892 1 1 1 1 1 1 288 78 4 0 0 0 
1684093240.597625 20.6814453125 50.98680905745114 983.0258694670716 1 1 1 1 1 1 288 78 4 0 0 0 
1684093245.7542825 20.6865234375 51.22887479105881 983.0615680253173 1 1 1 1 1 1 288 78 4 0 0 0 
1684093250.9131997 20.6763671875 50.986357947379986 983.0417148923132 1 1 1 1 1 1 309 85 8 0 0 0 
1684093256.068503 20.6662109375 50.980224934292075 983.0124566300096 1 1 1 1 1 1 309 85 8 0 0 0 
1684093261.222778 20.6763671875 51.05693560382665 983.0023567000718 1 1 1 1 1 1 309 85 8 0 0 0 
1684093266.374363 20.6662109375 51.258077096473315 983.0380534681294 1 1 1 1 1 1 294 83 12 0 0 0 
1684093271.522847 20.6560546875 51.080572901306326 983.041073111846 1 1 1 1 1 1 294 83 12 0 0 0 
1684093276.6710813 20.6560546875 51.30534980900808 983.0144871439301 1 2 2 1 2 2 339 97 17 0 0 0 
1684093281.8194666 20.6357421875 51.27534416124194 983.0212203780161 1 2 2 1 2 2 339 97 17 0 0 0 
1684093286.9701936 20.6458984375 51.12159779017208 983.0185477617415 1 2 2 1 2 2 339 97 17 0 0 0 
1684093292.1217413 20.6458984375 51.18068756507002 982.9848821474866 1 1 1 1 1 1 327 90 13 0 0 0 
1684093297.2727225 20.6408203125 51.35806675843038 983.03205037097 1 1 1 1 1 1 327 90 13 0 0 0 
1684093302.42421 20.6458984375 51.25761762799567 983.0169009628582 1 1 1 1 1 1 327 90 13 0 0 0 
1684093307.5755908 20.6509765625 51.22818774538077 983.071719669346 1 2 2 1 2 2 333 92 15 0 0 0 
1684093312.7292516 20.6560546875 51.157620395301414 983.0828094641848 1 2 2 1 2 2 333 92 15 0 0 0 
1684093317.8842695 20.6662109375 51.11625500676717 983.056223022181 1 2 2 1 2 2 333 92 15 0 0 0 
1684093323.0391722 20.6662109375 51.15171108495803 983.0457760372063 1 2 2 1 2 2 348 99 19 0 0 0 
1684093328.1940534 20.6712890625 51.20489450753892 983.0437455331021 1 2 2 1 2 2 348 99 19 0 0 0 
1684093333.349145 20.6662109375 51.34091969767789 983.0534984405552 1 2 2 1 2 2 348 99 19 0 0 0 
1684093338.5037513 20.6611328125 51.25228273371015 983.0541927221824 1 2 2 1 2 2 333 94 17 0 0 0 
1684093343.6608808 20.6611328125 51.25784738375947 983.0289426725025 1 2 2 1 2 2 333 94 17 0 0 0 
1684093348.8157678 20.6611328125 51.104210034122644 983.0043872949001 1 2 2 1 2 2 333 94 17 0 0 0 
1684093353.9696467 20.6560546875 51.240235011268354 983.048500136845 1 2 2 1 2 2 312 92 17 0 0 0 
1684093359.1246483 20.6509765625 51.41726980119172 983.0518667294377 1 2 4 1 2 4 348 106 24 2 2 2 
1684093364.2824693 20.6509765625 51.39942730063703 983.0585999154627 1 2 4 1 2 4 357 109 24 2 2 2 
1684093369.4375327 20.6560546875 51.29909475125669 983.0767696019424 1 2 4 1 2 4 357 109 24 2 2 2 
1684093374.5924096 20.6408203125 51.470212586789096 983.0703829936999 1 2 4 1 2 4 357 109 24 2 2 2 
1684093379.7466094 20.6509765625 51.18671056882174 983.0791459379258 1 2 2 1 2 2 348 104 17 0 0 0 
1684093384.9012623 20.6408203125 51.22807320009881 983.0791459379258 1 2 2 1 2 2 348 104 17 0 0 0 
1684093390.0564418 20.6458984375 51.15114280625544 983.0404667112584 1 2 2 1 2 2 348 104 17 0 0 0 
1684093395.2113514 20.6357421875 51.251479099376006 983.0559625547498 1 2 2 1 2 2 339 104 15 0 0 0 
1684093400.365534 20.6357421875 51.34022481706425 983.0963607022862 1 2 2 1 2 2 339 104 15 0 0 0 
1684093405.5243044 20.6357421875 51.16864189999916 983.0942954961401 1 2 2 1 2 2 339 104 15 0 0 0 
1684093410.6792302 20.6408203125 51.29886402764055 983.1077974965358 1 1 1 1 1 1 297 88 8 0 0 0 
1684093415.8442016 20.6408203125 51.21034641986885 983.1107821451129 1 1 1 1 1 1 297 88 8 0 0 0 
1684093420.9995637 20.6458984375 51.17500651845321 983.0858790742102 1 1 1 1 1 1 297 88 8 0 0 0 
1684093426.154421 20.6458984375 51.216255356903154 983.0976620654017 1 1 1 1 1 1 276 83 6 0 0 0 
1684093431.3091657 20.6357421875 51.35806675843038 983.0825484389384 1 1 1 1 1 1 276 83 6 0 0 0 
1684093436.4682307 20.6408203125 51.310681447501075 983.1245946295702 1 1 1 1 1 1 276 83 6 0 0 0 
1684093441.6231546 20.6408203125 51.251479099376006 983.0946774453342 0 1 1 0 1 1 210 61 16 2 0 0 
1684093446.7795508 20.6306640625 51.18648239233698 983.1047769880953 0 1 1 0 1 1 183 52 12 2 0 0 
1684093451.9345253 20.6408203125 51.20420889047016 983.150224961689 0 1 1 0 1 1 183 52 12 2 0 0 
1684093457.0866237 20.6357421875 51.34010896596062 983.1239842629197 0 1 1 0 1 1 183 52 12 2 0 0 
1684093462.2333846 20.6408203125 51.316358969767876 983.1421542920901 0 1 1 0 1 1 177 50 12 2 0 0 
1684093467.3838954 20.6255859375 51.25692810240449 983.1125472980451 0 1 1 0 1 1 177 50 12 2 0 0 
1684093472.5355673 20.6357421875 51.410894519208384 983.0920028865999 0 1 1 0 1 1 177 50 12 2 0 0 
1684093477.6866493 20.6357421875 51.404986124545445 983.091656963932 0 1 1 0 1 1 198 55 12 0 0 0 
1684093482.8372252 20.6255859375 51.32249882619859 983.1071519564451 0 1 1 0 1 1 198 55 12 0 0 0 
1684093487.991336 20.6306640625 51.26897514567703 983.1232928230322 0 1 1 0 1 1 198 55 12 0 0 0 
1684093493.1464734 20.6357421875 51.19830006804962 983.0899737207446 0 1 1 0 1 1 198 55 12 0 0 0 
1684093498.3011565 20.6458984375 51.298979394829814 983.1448294761541 0 1 1 0 1 1 198 55 12 0 0 0 
1684093503.4554625 20.6306640625 51.381468777997114 983.0714580502995 0 1 1 0 1 1 198 55 12 0 0 0 
1684093508.612218 20.6306640625 51.36374320601027 983.0812113922375 0 1 1 0 1 1 204 57 10 0 0 0 
1684093513.7648141 20.6408203125 51.29886402764055 983.0913109316404 0 1 1 0 1 1 204 57 10 0 0 0 
1684093518.9139318 20.6357421875 51.34022481706425 983.0892456427723 0 1 1 0 1 1 204 57 10 0 0 0 
1684093524.0663393 20.6357421875 51.227844077247205 983.1068061557681 1 1 1 1 1 1 252 82 8 0 0 0 
1684093529.2171965 20.6408203125 51.28693132385376 983.0926480600882 1 1 1 1 1 1 252 82 8 0 0 0 
1684093534.367624 20.6458984375 51.322383177872965 983.111510018002 0 1 1 0 1 1 243 75 8 0 0 0 
1684093539.5259154 20.6357421875 51.36374320601027 983.0798742630888 0 1 1 0 1 1 243 75 8 0 0 0 
1684093544.6841724 20.6357421875 51.13921127786581 983.0909647897216 0 1 1 0 1 1 243 75 8 0 0 0 
1684093549.8385518 20.6357421875 51.21602650443972 983.138060918371 0 1 1 0 1 1 228 70 8 0 0 0 
1684093554.9949033 20.6357421875 51.387377281411695 983.0896276748982 0 1 1 0 1 1 228 70 8 0 0 0 
1684093560.1491153 20.6408203125 51.49396378928199 983.0896276748982 0 1 1 0 1 1 228 70 8 0 0 0 
1684093565.3033733 20.6357421875 51.29283999191657 983.1081435029088 1 1 1 1 1 1 255 79 10 0 0 0 
1684093570.447251 20.6357421875 51.274998838520204 983.1266593393848 1 1 1 1 1 1 255 79 10 0 0 0 
1684093575.5979245 20.6357421875 51.499636891090894 983.0849239916018 1 1 1 1 1 1 255 79 10 0 0 0 
1684093580.750006 20.6357421875 51.257387829181916 983.1014104735618 1 1 1 1 1 1 267 83 10 0 0 0 
1684093585.9035704 20.6357421875 51.470095248711765 983.0798742630888 1 1 1 1 1 1 267 83 10 0 0 0 
1684093591.0537677 20.6408203125 51.334200380221915 983.0613585972611 1 1 1 1 1 1 267 83 10 0 0 0 
1684093596.2020772 20.6357421875 51.257387829181916 983.0744783673683 1 1 1 1 1 1 276 86 6 0 0 0 
1684093601.3536057 20.6306640625 51.15693802297137 983.0808651689916 1 1 1 1 1 1 276 86 6 0 0 0 
1684093606.5042796 20.6408203125 51.26341152108094 983.050530121206 0 1 1 0 1 1 237 63 6 2 0 0 
1684093611.6557548 20.6509765625 51.28716179861785 983.0404667112584 0 1 1 0 1 1 237 63 6 2 0 0 
1684093616.803789 20.6408203125 51.31682127117315 983.0656796687155 0 1 1 0 1 1 243 65 6 2 0 0 
1684093621.9612837 20.6458984375 51.169211300322104 983.0932561601929 0 1 1 0 1 1 243 65 6 2 0 0 
1684093627.1158907 20.6357421875 51.103757509810805 983.0888992664281 0 1 1 0 1 1 243 65 6 2 0 0 
1684093632.2702918 20.6408203125 51.16318835482141 983.0283005871663 1 1 1 1 1 1 243 65 4 2 0 0 
1684093637.4262335 20.6458984375 51.21046076235927 983.0942954961401 1 1 1 1 1 1 243 65 4 2 0 0 
1684093642.5799656 20.6458984375 51.346249368038166 983.0757793702036 1 1 1 1 1 1 243 65 4 2 0 0 
1684093647.7342207 20.6458984375 51.25170876299828 983.0875623584564 1 1 1 1 1 1 264 74 8 2 0 0 
1684093652.8881953 20.6458984375 51.222278761331495 983.0599364957366 1 1 1 1 1 1 264 74 8 2 0 0 
1684093658.0431252 20.6560546875 51.387610054318635 983.063996385379 1 1 1 1 1 1 264 74 8 2 0 0 
1684093663.1972816 20.6458984375 51.115802027745616 983.0872159685575 1 1 1 1 1 1 270 76 6 2 0 0 
1684093668.3535168 20.6458984375 51.15125648352145 983.063996385379 1 1 1 1 1 1 270 76 6 2 0 0 
1684093673.5083039 20.6458984375 51.29909475125669 983.0808292218919 1 1 1 1 1 1 270 76 6 2 0 0 
1684093678.6627975 20.6408203125 51.29307060186933 983.0905825643688 1 1 1 1 1 1 282 81 4 0 0 0 
1684093683.8121593 20.6408203125 51.39942730063703 983.0825125059282 None None None None None None None None None None None None 
1684093688.9625454 20.6509765625 51.334431936482 983.0801362240231 1 1 1 1 1 1 312 91 10 0 0 0 
1684093694.1143029 20.6509765625 51.19864272222214 983.0841957900343 1 1 1 1 1 1 312 91 10 0 0 0 
1684093699.2688334 20.6458984375 51.21034641986885 983.0606298189159 1 1 1 1 1 1 276 79 8 0 0 0 
1684093704.424395 20.6509765625 51.34034065740558 983.075086291007 1 1 1 1 1 1 276 79 8 0 0 0 
1684093709.5822172 20.6458984375 51.334316163733114 983.0993453501376 1 1 1 1 1 1 276 79 8 0 0 0 
1684093714.7361078 20.6458984375 51.38158510224113 983.0821660753656 0 1 1 0 1 1 240 70 8 0 0 0 
1684093719.8910015 20.6408203125 51.23398210626016 983.0761616234806 0 1 1 0 1 1 240 70 8 0 0 0 
1684093725.0447316 20.6357421875 51.48191193653496 983.1169056201403 0 1 1 0 1 1 240 70 8 0 0 0 
1684093730.1988783 20.6408203125 51.50554518869517 983.1081435029088 1 1 1 1 1 1 261 80 8 0 0 0 
1684093735.3539717 20.6357421875 51.48191193653496 983.1037854959899 1 1 1 1 1 1 261 80 8 0 0 0 
1684093740.5077288 20.6458984375 51.127393396342875 983.1060784897803 1 1 1 1 1 1 261 80 8 0 0 0 
1684093745.6628816 20.6509765625 51.48226432400239 983.1154857727686 1 1 1 1 1 1 267 82 8 0 0 0 
1684093750.8177989 20.6560546875 51.269665353262965 983.118506046436 1 1 1 1 1 1 267 82 8 0 0 0 
1684093755.97243 20.6458984375 51.27545924729097 983.1356855287626 1 1 1 1 1 1 267 82 8 0 0 0 
1684093761.1307106 20.6560546875 51.358182790785385 983.0936027151449 1 1 1 1 1 1 252 77 6 0 0 0 
1684093766.2850251 20.6662109375 51.429203912453794 983.1255856495061 1 1 1 1 1 1 333 82 13 0 0 0 
1684093771.4389503 20.6662109375 51.30534980900808 983.1080595474507 0 1 1 0 1 1 291 70 11 0 0 0 
1684093776.5938697 20.6509765625 51.27557432257753 983.1037025864249 0 1 1 0 1 1 291 70 11 0 0 0 
1684093781.7495425 20.6611328125 51.40556904375859 983.1013261903738 0 1 1 0 1 1 291 70 11 0 0 0 
1684093786.904336 20.6560546875 51.41159439551546 983.069342759547 0 1 1 0 1 1 279 70 13 0 0 0 
1684093792.0610151 20.6509765625 51.24602937309013 983.0488468384991 0 1 1 0 1 1 279 70 13 0 0 0 
1684093797.2159534 20.6611328125 51.26375637365695 983.0582531855008 0 1 1 0 1 1 279 70 13 0 0 0 
1684093802.370905 20.6662109375 51.14000592164738 983.0558760593874 0 1 1 0 1 1 294 73 13 0 0 0 
1684093807.5258033 20.6662109375 51.22262212981111 983.0891960168404 0 1 1 0 1 1 294 73 13 0 0 0 
1684093812.680705 20.6662109375 51.134096512827654 983.099296131265 0 1 1 0 1 1 294 73 13 0 0 0 
1684093817.8351948 20.6712890625 51.45898157571214 983.0962761733009 0 1 1 0 1 1 327 83 15 0 0 0 
1684093822.9893801 20.6712890625 51.22864581888303 983.1090494998783 0 1 1 0 1 1 327 83 15 0 0 0 
1684093828.1485076 20.6662109375 51.352505930382726 983.0642927464625 0 1 1 0 1 1 327 83 15 0 0 0 
1684093833.303414 20.6712890625 51.27580444086334 983.0891960168404 0 1 1 0 1 1 297 74 8 0 0 0 
1684093838.4605343 20.6763671875 51.17546215843017 983.0841459605728 0 1 1 0 1 1 297 74 8 0 0 0 
1684093843.614881 20.6662109375 51.19898527953099 983.0474593740618 0 1 1 0 1 1 297 74 8 0 0 0 
1684093848.7694993 20.6712890625 51.37614143993618 983.0663229655531 0 1 1 0 1 1 192 55 11 0 0 0 
1684093853.91883 20.6763671875 51.269780350192015 983.1093962482087 0 1 1 0 1 1 213 60 13 0 0 0 
1684093859.0644522 20.6763671875 51.35308994221319 983.0901854645577 0 1 1 0 1 1 213 60 13 0 0 0 
1684093864.2134695 20.6865234375 51.317749798449555 983.094888526929 0 1 1 0 1 1 213 60 13 0 0 0 
1684093869.3649063 20.6966796875 51.22910812224566 983.0531511352716 0 0 0 0 0 0 183 50 6 0 0 0 
1684093874.513849 20.6966796875 51.21728905710207 983.0878077149994 0 0 0 0 0 0 183 50 6 0 0 0 
1684093879.6652853 20.6916015625 51.193536750115754 983.0817685685643 0 0 0 0 0 0 183 50 6 0 0 0 
1684093884.815018 20.6865234375 51.205469950786 983.0847881693585 0 0 0 0 0 0 219 60 6 0 0 0 
1684093889.9659345 20.6916015625 51.2997866638078 983.0652819922259 0 0 0 0 0 0 219 60 6 0 0 0 
1684093895.1115599 20.6865234375 51.222965401427565 983.0800851895756 0 0 0 0 0 0 219 60 6 0 0 0 
1684093900.260401 20.6814453125 51.29387739768824 983.0999387066589 0 0 0 0 0 0 219 60 6 0 0 0 
1684093905.4108958 20.6865234375 51.104892845580416 983.093552223445 0 0 0 0 0 0 219 60 6 0 0 0 
1684093910.562044 20.6865234375 51.23478417039742 983.088502085219 0 0 0 0 0 0 219 60 6 0 0 0 
1684093915.7157423 20.6865234375 51.19330422376084 983.0679542456726 0 0 0 0 0 0 186 51 6 0 0 0 
1684093920.8722625 20.6763671875 51.28808769565114 983.0800851895756 0 0 0 0 0 0 186 51 6 0 0 0 
1684093926.018002 20.6865234375 51.23490311301339 983.1083556742748 0 0 0 0 0 0 186 51 6 0 0 0 
1684093931.1690145 20.6814453125 51.34694458963162 983.1218228260991 1 2 2 1 2 2 285 84 15 2 0 0 
1684093936.3183043 20.6865234375 51.223084203649925 983.1033054934953 1 2 2 1 2 2 285 84 15 2 0 0 
1684093941.4730253 20.6865234375 51.06340799076587 983.1285564036905 1 2 2 1 2 2 306 94 17 2 0 0 
1684093946.6270218 20.6865234375 51.352969595715024 983.1319231929061 1 2 2 1 2 2 306 94 17 2 0 0 
1684093951.781634 20.6814453125 51.42967113553499 983.113405855684 1 2 2 1 2 2 306 94 17 2 0 0 
1684093956.9366016 20.6865234375 51.42967113553499 983.1049888870184 1 2 2 1 2 2 300 94 17 2 0 0 
1684093962.0909026 20.6865234375 51.482851421209034 983.1191497006693 1 2 2 1 2 2 300 94 17 2 0 0 
1684093967.2493284 20.6865234375 51.29990637857112 983.1356367331512 1 2 2 1 2 2 300 94 17 2 0 0 
1684093972.404144 20.6814453125 51.352969595715024 983.1393501098083 1 2 2 1 2 2 279 87 15 2 0 0 
1684093977.5582983 20.6763671875 51.17568991384255 983.1309332714425 1 2 2 1 2 2 279 87 15 2 0 0 
1684093982.716696 20.6763671875 51.20512296046091 983.1191497006693 1 2 2 1 2 2 279 87 15 2 0 0 
1684093987.8717842 20.6763671875 51.258077096473315 983.1339533519233 1 2 2 1 2 2 288 90 15 2 0 0 
1684093993.0213192 20.6662109375 51.22876031035219 983.1400430088544 1 2 2 1 2 2 288 90 15 2 0 0 
1684093998.1709805 20.6611328125 51.258077096473315 983.1497967411726 1 2 2 1 2 2 288 90 15 2 0 0 
1684094003.3258092 20.6763671875 51.35273778457339 983.1427168456445 1 1 1 1 1 1 267 81 8 2 0 0 
1684094008.4800658 20.6662109375 51.18716679263934 983.1871765769637 1 1 1 1 1 1 267 81 8 2 0 0 
1684094013.6337867 20.6662109375 51.35273778457339 983.156876419739 0 0 0 0 0 0 219 69 4 0 0 0 
1684094018.7876434 20.6662109375 51.28762261899703 983.1501430545454 0 0 0 0 0 0 219 69 4 0 0 0 
1684094023.941625 20.6611328125 51.393751547662234 983.1366763275172 0 0 0 0 0 0 219 69 4 0 0 0 
1684094029.090542 20.6611328125 51.42317844563062 983.1555392414031 0 1 1 0 1 1 228 72 4 0 0 0 
1684094034.240317 20.6560546875 51.41159439551546 983.1652931278051 0 1 1 0 1 1 228 72 4 0 0 0 
1684094039.3909261 20.6611328125 51.2698953363586 983.1619264443688 0 1 1 0 1 1 228 72 4 0 0 0 
1684094044.5393548 20.6509765625 51.50601609850692 983.1905432624993 0 1 1 0 1 1 222 70 4 0 0 0 
1684094049.69721 20.6560546875 51.222393228253935 983.184501647344 0 1 1 0 1 1 222 70 4 0 0 0 
1684094054.851936 20.6560546875 51.30477274271618 983.1777683861103 0 1 1 0 1 1 222 70 4 0 0 0 
1684094060.0071402 20.6560546875 51.24012035231827 983.1467763723687 0 1 1 0 1 1 222 68 6 0 0 0 
1684094065.1638033 20.6560546875 51.370116431972 983.1592519234896 0 1 1 0 1 1 222 68 6 0 0 0 
1684094070.318163 20.6611328125 51.40556904375859 983.1535097370023 0 1 1 0 1 1 222 68 6 0 0 0 
1684094075.470176 20.6509765625 51.358182790785385 983.1730642491658 0 1 1 0 1 1 222 70 6 0 0 0 
1684094080.6261394 20.6662109375 51.41738649868912 983.1744017559131 0 1 1 0 1 1 222 70 6 0 0 0 
1684094085.7805386 20.6611328125 51.45863009614836 983.1326650356219 0 1 1 0 1 1 222 70 6 0 0 0 
1684094090.9340758 20.6611328125 51.251938383570526 983.1353393126773 0 1 1 0 1 1 228 70 6 0 0 0 
1684094096.0913968 20.6662109375 51.19284781565085 983.1488059307081 1 1 3 1 1 3 309 80 14 4 2 0 
1684094101.2462926 20.6712890625 51.22262212981111 983.163609786052 1 1 3 1 1 3 309 80 14 4 2 0 
