timestamp temperature humidity pressure pm10_standard pm25_standard pm100_standard pm10_env pm25_env pm100_env particles_03um particles_05um particles_10um particles_25um particles_50um particles_100um
1686977553.9054682 20.2291015625 55.31915404461204 986.9131828097264 2 3 3 2 3 3 399 120 29 4 0 0 
1686977559.0564396 20.2291015625 55.307199224529036 986.9310750243234 2 3 3 2 3 3 399 120 29 4 0 0 
1686977564.2055724 20.2291015625 55.26002893594175 986.924652410673 2 3 3 2 3 3 432 129 27 2 0 0 
1686977569.3573387 20.2291015625 55.08313449891938 986.9546280282706 2 3 3 2 3 3 432 129 27 2 0 0 
1686977574.5083663 20.2189453125 55.28951044334591 986.9462162395744 2 3 3 2 3 3 432 129 27 2 0 0 
1686977579.6580799 20.2291015625 55.307199224529036 986.9445338820447 2 3 3 2 3 3 405 118 20 2 0 0 
1686977584.808522 20.2341796875 55.2954067140119 986.9445338820447 2 3 3 2 3 3 405 118 20 2 0 0 
1686977589.9568417 20.2291015625 55.24233990823988 986.9266414444163 2 3 3 2 3 3 405 118 20 2 0 0 
1686977595.1089637 20.2189453125 55.24855933323508 986.9602880507055 1 3 3 1 3 3 390 113 20 2 0 0 
1686977600.2617314 20.2189453125 55.23644354512936 986.9384177534382 1 2 3 1 2 3 405 113 14 2 2 0 
1686977605.413904 20.2240234375 55.04759524288186 986.9364288140918 1 2 3 1 2 3 399 109 19 2 2 0 
1686977610.56762 20.2341796875 55.183697403480075 986.9543213493572 1 2 3 1 2 3 399 109 19 2 2 0 
1686977615.7209032 20.2494140625 55.21891559844751 986.9576860924352 1 2 3 1 2 3 399 109 19 2 2 0 
1686977620.8743649 20.2443359375 55.33110908258096 986.9378044526252 1 2 3 1 2 3 411 116 17 2 2 0 
1686977626.025745 20.2341796875 55.177800802778926 986.9489674063096 1 2 3 1 2 3 411 116 17 2 2 0 
1686977631.179809 20.2341796875 55.20154812441473 986.9212877246106 1 2 3 1 2 3 411 116 17 2 2 0 
1686977636.3331945 20.2341796875 55.08329415211508 986.9249591148355 2 2 2 2 2 2 432 120 22 0 0 0 
1686977641.4864173 20.2291015625 55.31899169395972 986.9627332075764 2 2 2 2 2 2 432 120 22 0 0 0 
1686977646.639064 20.2291015625 55.224973320769735 986.9431581890113 2 2 2 2 2 2 432 120 22 0 0 0 
1686977651.7929487 20.2291015625 55.307523645352425 986.9627332075764 1 2 2 1 2 2 396 115 22 0 0 0 
1686977656.9462159 20.2240234375 55.18943313756501 986.9397935014119 1 2 2 1 2 2 396 115 22 0 0 0 
1686977662.0991895 20.2341796875 55.29573086510565 986.9532522534869 1 2 2 1 2 2 396 115 22 0 0 0 
1686977667.2525728 20.2291015625 55.16011093904295 986.950194065884 1 2 2 1 2 2 390 110 20 0 0 0 
1686977672.4049263 20.2341796875 55.22481205980846 986.9515699092328 1 2 2 1 2 2 390 110 20 0 0 0 
1686977677.558189 20.2341796875 55.09524731439377 986.9644155794299 1 2 2 1 2 2 390 110 20 0 0 0 
1686977682.7106113 20.2443359375 55.09556683677894 986.9647221770118 0 1 1 0 1 1 243 60 6 2 0 0 
1686977687.863889 20.2240234375 55.26002893594175 987.0081572721468 0 1 1 0 1 1 243 60 6 2 0 0 
1686977693.0202157 20.2341796875 55.11309748599914 986.996686997955 0 1 1 0 1 1 228 60 6 0 0 0 
1686977698.1724844 20.2189453125 55.31309546438018 986.9627332075764 0 1 1 0 1 1 228 60 6 0 0 0 
1686977703.3258104 20.2240234375 55.171582872987145 986.9616639758045 0 1 1 0 1 1 228 60 6 0 0 0 
1686977708.4790108 20.2291015625 55.23070851089756 986.948511735325 0 1 1 0 1 1 234 67 8 2 0 0 
1686977713.6324496 20.2240234375 55.35993933581418 986.9622766783348 0 1 1 0 1 1 234 67 8 2 0 0 
1686977718.7845805 20.2291015625 55.11851412588007 986.9602880507055 0 1 1 0 1 1 234 67 8 2 0 0 
1686977723.9377134 20.2189453125 55.18927227046712 986.9653350440593 1 2 2 1 2 2 270 77 8 2 0 0 
1686977729.0916014 20.2189453125 55.11851412588007 986.9616639758045 1 2 2 1 2 2 270 77 8 2 0 0 
1686977734.2448952 20.2240234375 55.41316653001017 986.9404065563759 1 2 2 1 2 2 270 77 8 2 0 0 
1686977739.3976197 20.2189453125 55.065285085146975 986.9572297260654 1 1 1 1 1 1 234 72 8 2 0 0 
1686977744.5506318 20.2189453125 55.29524462233471 986.950194065884 1 1 1 1 1 1 234 72 8 2 0 0 
1686977749.705377 20.2087890625 55.16552577851498 986.9703820380423 1 1 1 1 1 1 234 72 8 2 0 0 
1686977754.8585718 20.2138671875 55.407107148596616 986.9777236041356 1 1 1 1 1 1 228 72 8 2 0 0 
1686977760.0134766 20.2087890625 55.16520453004896 986.9457598293161 1 1 1 1 1 1 228 72 8 2 0 0 
1686977765.1667602 20.2138671875 55.348147279907145 986.9460660427201 1 2 3 1 2 3 363 101 18 2 2 0 
1686977770.3212602 20.2087890625 55.159629349311416 986.9625828655506 1 2 3 1 2 3 363 101 18 2 2 0 
1686977775.475533 20.2240234375 55.23070851089756 986.9451470744166 1 2 3 1 2 3 363 101 18 2 2 0 
1686977780.626985 20.2240234375 55.28345220559684 986.9336772904567 1 2 3 1 2 3 384 111 18 2 2 0 
1686977785.7804844 20.2291015625 55.24839780253375 986.9512633125825 1 2 3 1 2 3 384 111 18 2 2 0 
1686977790.9346464 20.2291015625 55.136524310252454 987.0011213691433 1 2 3 1 2 3 384 111 18 2 2 0 
1686977796.0841002 20.2494140625 55.22465078809349 986.9394868098751 1 2 3 1 2 3 372 106 14 2 2 0 
1686977801.2322268 20.2494140625 55.1602714474458 986.9425447507851 1 2 3 1 2 3 372 106 14 2 2 0 
1686977806.385771 20.2443359375 55.06018534470619 986.9826151165803 1 2 3 1 2 3 372 106 14 2 2 0 
1686977811.5373573 20.2341796875 55.142741584279364 986.9374976381596 1 2 3 1 2 3 357 103 21 2 2 0 
1686977816.6894078 20.2341796875 55.23054717174723 986.9792503442955 1 2 3 1 2 3 357 103 21 2 2 0 
1686977821.8414044 20.2443359375 55.26051393265155 986.952638977923 1 2 3 1 2 3 357 103 21 2 2 0 
1686977826.994709 20.2443359375 55.34306433843303 986.9560037208612 2 2 4 2 2 4 378 110 23 4 4 0 
1686977832.1478443 20.2392578125 55.05396981520287 986.9610508357927 2 2 4 2 2 4 378 110 23 4 4 0 
1686977837.2999418 20.2443359375 55.10114405890412 986.9910270485154 2 2 4 2 2 4 378 110 23 4 4 0 
1686977842.454824 20.2494140625 55.201709094124695 986.9722189306975 1 2 4 1 2 4 342 100 21 4 4 0 
1686977847.6015146 20.2494140625 55.119314307532214 986.9940852494382 1 1 1 1 1 1 294 92 15 0 0 0 
1686977852.750636 20.2544921875 55.14306214268507 986.9587548594548 1 1 1 1 1 1 294 92 15 0 0 0 
1686977857.9020777 20.2595703125 55.09588631614826 986.9604420383407 1 1 1 1 1 1 294 92 15 0 0 0 
1686977863.0532045 20.2544921875 55.1073605852894 986.9688492534483 1 1 1 1 1 1 282 88 15 0 0 0 
1686977868.2050562 20.2443359375 55.14863838149041 986.965484455171 1 1 1 1 1 1 282 88 15 0 0 0 
1686977873.3515425 20.2646484375 55.10784019285537 986.9722189306975 1 1 1 1 1 1 282 88 15 0 0 0 
1686977878.5050895 20.2595703125 55.09556683677894 987.0184064380904 1 1 1 1 1 1 297 92 15 0 0 0 
1686977883.6598206 20.2494140625 55.21334136824067 986.9452956713767 1 1 1 1 1 1 297 92 15 0 0 0 
1686977888.8073485 20.2494140625 55.201709094124695 986.9775679582579 1 1 1 1 1 1 297 92 15 0 0 0 
1686977893.9579382 20.2341796875 55.118674183718326 986.9624264870639 1 2 2 1 2 2 318 99 17 0 0 0 
1686977899.10659 20.2341796875 55.2601906122653 986.9775679582579 1 2 2 1 2 2 318 99 17 0 0 0 
1686977904.2547088 20.2443359375 55.05986663161782 986.9994389821973 1 2 2 1 2 2 318 99 17 0 0 0 
1686977909.4053 20.2291015625 55.254455810671196 986.9489674063096 1 2 2 1 2 2 303 94 17 0 0 0 
1686977914.556378 20.2443359375 55.148317645191874 986.9324505261628 1 2 2 1 2 2 303 94 17 0 0 0 
1686977919.7104595 20.2291015625 55.12473093422468 986.9532522534869 1 2 2 1 2 2 303 94 17 0 0 0 
1686977924.8601012 20.2291015625 55.15405384553497 986.9778745567731 1 1 1 1 1 1 282 80 15 0 0 0 
1686977930.0116286 20.2392578125 55.148317645191874 986.9582992866677 1 3 4 1 3 4 396 124 32 6 2 0 
1686977935.1607344 20.2341796875 55.330784122303946 986.9680868938179 1 3 4 1 3 4 345 110 25 4 2 0 
1686977940.3148997 20.2291015625 55.20122615273356 986.9411691671952 1 3 4 1 3 4 345 110 25 4 2 0 
1686977945.471165 20.2291015625 55.042176151556696 986.9506497911595 1 3 4 1 3 4 345 110 25 4 2 0 
1686977950.6249268 20.2443359375 55.15405384553497 986.9459094928848 1 2 3 1 2 3 324 103 23 4 2 0 
1686977955.7741299 20.2392578125 55.08329415211508 986.9293926674225 1 2 3 1 2 3 324 103 23 4 2 0 
1686977960.925403 20.2291015625 55.13014704922293 986.9381111577169 1 2 3 1 2 3 324 103 23 4 2 0 
1686977966.07913 20.2291015625 55.148157260911816 986.9691560291179 1 2 3 1 2 3 318 99 23 4 2 0 
1686977971.2330008 20.2291015625 55.29524462233471 986.9249591148355 1 2 3 1 2 3 318 99 23 4 2 0 
1686977976.384575 20.2240234375 55.20122615273356 986.9512633125825 1 2 3 1 2 3 318 99 23 4 2 0 
1686977981.5355277 20.2240234375 55.31947871365618 986.924652410673 1 2 2 1 2 2 348 104 18 2 0 0 
1686977986.6857057 20.2291015625 55.18959399390914 986.9764986870562 1 2 2 1 2 2 348 104 18 2 0 0 
1686977991.8349907 20.2240234375 55.16568638661726 986.9602880507055 1 2 2 1 2 2 348 104 18 2 0 0 
1686977996.9888477 20.2240234375 55.212857989971155 986.9647221770118 1 2 2 1 2 2 348 102 14 2 0 0 
1686978002.1396956 20.2291015625 55.23070851089756 986.9199121265124 1 2 2 1 2 2 348 102 14 2 0 0 
1686978007.2902713 20.2291015625 55.20122615273356 986.9478985971739 1 2 2 1 2 2 348 102 14 2 0 0 
1686978012.4407194 20.2291015625 55.26002893594175 986.9462162395744 1 2 2 1 2 2 339 97 23 2 0 0 
1686978017.5923736 20.2341796875 55.18927227046712 986.9296994402904 1 2 2 1 2 2 339 97 23 2 0 0 
1686978022.7429004 20.2291015625 55.183375814912075 986.9296994402904 1 2 2 1 2 2 318 93 23 2 0 0 
1686978027.8931344 20.2291015625 55.24250138226021 986.9442271218 1 2 2 1 2 2 318 93 23 2 0 0 
1686978033.0464127 20.2291015625 55.34847268778318 986.9330641270514 1 2 2 1 2 2 318 93 23 2 0 0 
1686978038.1984408 20.2240234375 55.183697403480075 986.9660979513532 1 3 3 1 3 3 360 107 27 2 0 0 
1686978043.3515692 20.2291015625 55.21301912681471 986.9296994402904 1 3 3 1 3 3 360 107 27 2 0 0 
1686978048.504299 20.2240234375 55.31899169395972 986.9263347538089 1 3 3 1 3 3 360 107 27 2 0 0 
1686978053.656469 20.2291015625 55.14210033842158 986.9212877246106 1 3 3 1 3 3 393 116 25 2 0 0 
1686978058.8123338 20.2291015625 55.20696157550257 986.9212877246106 1 3 3 1 3 3 393 116 25 2 0 0 
1686978063.9655373 20.2291015625 55.265925257965804 986.925721044479 1 3 3 1 3 3 393 116 25 2 0 0 
1686978069.1188462 20.2494140625 55.21318025290455 986.9035430417819 1 3 3 1 3 3 393 118 27 2 0 0 
1686978074.271758 20.2494140625 55.13094795903961 986.8769323357061 1 3 3 1 3 3 393 118 27 2 0 0 
1686978079.426323 20.2443359375 55.095407080963334 986.9133301176149 1 3 3 1 3 3 393 118 27 2 0 0 
1686978084.5803473 20.2443359375 55.04249445999029 986.9069078077778 1 3 3 1 3 3 336 100 20 2 0 0 
1686978089.7338376 20.2544921875 55.16616814640119 986.9203668745563 1 3 3 1 3 3 336 100 20 2 0 0 
1686978094.8870068 20.2494140625 55.31931638451086 986.8934487454713 1 2 2 1 2 2 345 100 21 0 0 0 
1686978100.039839 20.2544921875 55.16043194509482 986.8911555465785 1 2 2 1 2 2 345 100 21 0 0 0 
1686978105.1930547 20.2595703125 55.09572658184058 986.8931413598157 1 2 2 1 2 2 381 110 23 0 0 0 
1686978110.3463845 20.2494140625 55.224973320769735 986.8968135106287 1 2 2 1 2 2 381 110 23 0 0 0 
1686978115.501486 20.2494140625 55.22513457097732 986.9173091939462 1 2 2 1 2 2 381 110 23 0 0 0 
1686978120.6539793 20.2291015625 54.947825363206945 986.897120759795 1 2 2 1 2 2 408 117 14 0 0 0 
1686978125.803652 20.2494140625 55.16600757056036 986.9125691022584 1 2 2 1 2 2 408 117 14 0 0 0 
1686978130.9569495 20.2443359375 55.177800802778926 986.918991563913 1 2 2 1 2 2 408 117 14 0 0 0 
1686978136.110484 20.2494140625 55.083453794556796 986.8856514125298 1 2 2 1 2 2 396 117 12 0 0 0 
1686978141.263735 20.2443359375 55.24872085318276 986.9186844909643 1 2 2 1 2 2 396 117 12 0 0 0 
1686978146.4174886 20.2291015625 55.254455810671196 986.8910055626279 1 2 2 1 2 2 396 117 12 0 0 0 
1686978151.573056 20.2341796875 55.15421429725345 986.912262084465 1 2 2 1 2 2 387 115 12 0 0 0 
1686978156.726292 20.2443359375 55.24855933323508 986.9139444542222 1 2 2 1 2 2 387 115 12 0 0 0 
1686978161.8796623 20.2291015625 55.224973320769735 986.8910055626279 1 2 2 1 2 2 387 115 12 0 0 0 
1686978167.032984 20.2291015625 55.2954067140119 986.8966663478838 1 2 2 1 2 2 360 108 8 0 0 0 
1686978172.1861067 20.2240234375 55.13014704922293 986.8997241795083 None None None None None None None None None None None None 
1686978177.340562 20.2291015625 55.366324050916226 986.9182297972111 1 3 3 1 3 3 375 103 25 0 0 0 
1686978182.4972615 20.2189453125 55.20106515076237 986.9061466407895 1 3 3 1 3 3 375 103 25 0 0 0 
1686978187.6489644 20.2291015625 55.177640081309065 986.9209808839671 1 2 2 1 2 2 354 96 23 0 0 0 
1686978192.801044 20.2291015625 55.09508753707023 986.9159338147323 1 2 2 1 2 2 354 96 23 0 0 0 
1686978197.9513845 20.2341796875 55.17190419180569 986.9209808839671 1 2 2 1 2 2 354 96 23 0 0 0 
1686978203.1015136 20.2341796875 55.25413260364607 986.9041573222967 1 2 2 1 2 2 354 91 21 0 0 0 
1686978208.2524803 20.2291015625 55.34241387843104 986.9462162395744 1 2 2 1 2 2 354 91 21 0 0 0 
1686978213.4056046 20.2240234375 55.16600757056036 986.9209808839671 1 2 2 1 2 2 354 91 21 0 0 0 
1686978218.5550632 20.2443359375 55.24266284552687 986.9206739339496 1 2 2 1 2 2 339 86 21 0 0 0 
1686978223.7060351 20.2291015625 55.15421429725345 986.9532522534869 1 2 2 1 2 2 339 86 21 0 0 0 
1686978228.8569088 20.2392578125 55.18943313756501 986.9657912579512 1 2 2 1 2 2 339 86 21 0 0 0 
1686978234.0075016 20.2341796875 55.077557019230184 986.9125691022584 1 2 2 1 2 2 339 88 21 0 0 0 
1686978239.1584575 20.2341796875 55.148157260911816 986.9563103862195 1 2 2 1 2 2 339 88 21 0 0 0 
1686978244.3125813 20.2341796875 55.20138714395102 986.9613574604853 1 2 2 1 2 2 339 88 21 0 0 0 
1686978249.4671617 20.2341796875 55.000898005224386 986.9619703817535 1 2 2 1 2 2 327 86 17 0 0 0 
1686978254.6179047 20.2240234375 55.29556879493554 986.96640453538 2 2 2 2 2 2 393 113 16 2 0 0 
1686978259.768459 20.2240234375 55.071341207759566 986.973440389984 2 2 2 2 2 2 387 113 14 0 0 0 
1686978264.9205122 20.2189453125 55.18305418332894 986.9737467010469 2 2 2 2 2 2 387 113 14 0 0 0 
1686978270.0716615 20.2291015625 55.277394081689 986.9586057197271 2 2 2 2 2 2 387 113 14 0 0 0 
1686978275.222727 20.2189453125 55.118193977941786 986.9858291305732 2 2 2 2 2 2 423 125 16 0 0 0 
1686978280.3735335 20.2138671875 55.20106515076237 986.9437711897549 2 2 2 2 2 2 423 125 16 0 0 0 
1686978285.5252724 20.2291015625 55.23054717174723 986.9566169422043 2 2 2 2 2 2 423 125 16 0 0 0 
1686978290.6787145 20.2138671875 55.259867248864566 986.9723705847599 2 2 2 2 2 2 414 125 18 0 0 0 
1686978295.8326147 20.2189453125 55.20106515076237 986.9774175389158 2 2 2 2 2 2 414 125 18 0 0 0 
1686978300.9842508 20.2189453125 55.259867248864566 986.9572297260654 2 2 2 2 2 2 414 125 18 0 0 0 
1686978306.132473 20.2138671875 55.30687476069155 986.9676297777833 1 2 2 1 2 2 366 111 16 0 0 0 
1686978311.2861447 20.2189453125 55.22465078809349 986.9986755747553 1 2 2 1 2 2 366 111 16 0 0 0 
1686978316.4352584 20.2087890625 55.10624112458091 986.979711851074 1 2 2 1 2 2 366 111 16 0 0 0 
1686978321.586814 20.2138671875 55.18830684205051 987.008005098284 2 3 3 2 3 3 387 121 20 2 0 0 
1686978326.7408001 20.2087890625 55.34782182901734 986.9786411436293 2 3 3 2 3 3 387 121 20 2 0 0 
1686978331.889422 20.2087890625 55.153411931122605 986.9735943521343 2 3 3 2 3 3 387 121 20 2 0 0 
1686978337.0432987 20.2087890625 55.11181743376454 986.9813941422253 1 1 1 1 1 1 276 84 6 2 0 0 
1686978342.194214 20.1986328125 55.25922039301959 986.9985227414176 1 1 1 1 1 1 276 84 6 2 0 0 
1686978347.343816 20.1935546875 55.0351653581546 987.0069341339404 1 2 2 1 2 2 282 89 6 2 0 0 
1686978352.494324 20.1986328125 55.25316272448338 986.9985227414176 1 2 2 1 2 2 282 89 6 2 0 0 
1686978357.6457927 20.2037109375 55.28312825971318 986.9749708516465 1 2 2 1 2 2 282 89 6 2 0 0 
1686978362.797483 20.2087890625 55.35993933581418 986.9813941422253 1 2 2 1 2 2 318 101 10 2 0 0 
1686978367.9488912 20.2087890625 55.21237451491815 987.0029581810205 1 2 2 1 2 2 318 101 10 2 0 0 
1686978373.0995424 20.2138671875 55.265278175399715 986.999287680858 1 2 2 1 2 2 318 101 10 2 0 0 
1686978378.2522278 20.2189453125 55.25364771245611 987.0113697101423 1 2 2 1 2 2 318 97 12 2 0 0 
1686978383.3991475 20.2138671875 55.17715785237674 986.9945466536453 1 2 2 1 2 2 318 97 12 2 0 0 
1686978388.5506425 20.2189453125 55.206478302757674 987.0225343460218 1 2 2 1 2 2 318 97 12 2 0 0 
1686978393.6998525 20.2037109375 55.218270716807716 986.984452823101 1 2 2 1 2 2 327 100 12 2 0 0 
1686978398.8504162 20.2138671875 55.30671251264251 986.9743589950721 1 2 2 1 2 2 327 100 12 2 0 0 
1686978403.9999745 20.2087890625 55.30081646481654 987.0012758754059 1 2 2 1 2 2 327 100 12 2 0 0 
1686978409.1547804 20.2240234375 55.09524731439377 987.0050987971325 1 2 2 1 2 2 348 107 14 2 0 0 
1686978414.3084726 20.2240234375 55.17206483508425 986.9994389821973 1 2 2 1 2 2 348 107 14 2 0 0 
1686978419.4597101 20.2291015625 55.14210033842158 986.9686997066447 1 3 3 1 3 3 435 116 20 2 0 0 
1686978424.6115897 20.2291015625 55.19484681441995 987.0205460809408 1 3 3 1 3 3 435 116 20 2 0 0 
1686978429.7625384 20.2138671875 55.28345220559684 987.0191696789645 1 3 3 1 3 3 435 116 18 2 0 0 
1686978434.9102714 20.2291015625 55.283614162408306 986.993934684944 1 3 3 1 3 3 435 116 18 2 0 0 
1686978440.0611417 20.2189453125 55.16616814640119 987.0216162640244 1 3 3 1 3 3 435 116 18 2 0 0 
1686978445.211361 20.2443359375 54.971413306824445 987.0151929584514 1 3 3 1 3 3 408 112 21 2 0 0 
1686978450.368487 20.2443359375 55.15421429725345 987.031404346121 1 3 3 1 3 3 408 112 21 2 0 0 
1686978455.521856 20.2443359375 55.17206483508425 987.004486143245 1 3 3 1 3 3 408 112 21 2 0 0 
1686978460.6755252 20.2392578125 55.177800802778926 987.0246747937249 1 3 3 1 3 3 372 107 19 2 0 0 
1686978465.82882 20.2240234375 55.171582872987145 987.0222284280596 1 3 3 1 3 3 372 107 19 2 0 0 
1686978470.9820232 20.2341796875 55.024644536311136 986.9930159116299 1 3 3 1 3 3 372 107 19 2 0 0 
1686978476.1356134 20.2291015625 55.24855933323508 987.0414986768114 1 3 3 1 3 3 399 114 21 2 0 0 
1686978481.288395 20.2443359375 55.10688088093798 986.9963806579223 1 3 3 1 3 3 399 114 21 2 0 0 
1686978486.4418716 20.2443359375 55.07739744422973 987.031404346121 1 3 3 1 3 3 399 114 21 2 0 0 
1686978491.5950248 20.2392578125 55.25461739805332 987.0532753991297 1 2 2 1 2 2 342 102 19 2 0 0 
1686978496.7483253 20.2341796875 55.11309748599914 987.048534261196 1 2 2 1 2 2 342 102 19 2 0 0 
1686978501.901518 20.2291015625 55.23676634754658 987.048534261196 1 1 1 1 1 1 246 80 13 0 0 0 
1686978507.0548062 20.2341796875 55.118674183718326 987.0401223851582 1 1 1 1 1 1 246 80 13 0 0 0 
1686978512.2081137 20.2341796875 55.05986663161782 987.0343106829232 1 1 1 1 1 1 246 80 13 0 0 0 
1686978517.3613462 20.2291015625 55.31947871365618 987.0488401810155 1 1 1 1 1 1 279 91 15 0 0 0 
1686978522.5139358 20.2341796875 55.07771658347663 987.0653580185124 1 1 1 1 1 1 279 91 15 0 0 0 
1686978527.6673012 20.2291015625 55.10720069459286 987.0286518441229 1 1 1 1 1 1 279 91 15 0 0 0 
1686978532.8231006 20.2443359375 55.053810509969836 987.0280395697831 1 1 1 1 1 1 264 84 15 0 0 0 
1686978537.9762404 20.2392578125 55.23676634754658 987.0437930958491 1 1 1 1 1 1 264 84 15 0 0 0 
1686978543.1300151 20.2443359375 55.289834459574124 987.0734640739269 1 1 1 1 1 1 264 84 15 0 0 0 
1686978548.2827156 20.2341796875 55.089031129091865 987.0555696288825 1 1 1 1 1 1 264 81 15 0 0 0 
1686978553.4349644 20.2341796875 55.07150072607253 987.0532753991297 1 1 1 1 1 1 264 81 15 0 0 0 
1686978558.5886807 20.2494140625 55.2488823623768 987.0280395697831 1 1 1 1 1 1 264 81 15 0 0 0 
1686978563.741949 20.2595703125 55.18975483949951 987.0347691227382 1 1 1 1 1 1 270 85 12 0 0 0 
1686978568.8946793 20.2494140625 55.24266284552687 987.0529693012253 1 1 1 1 1 1 270 85 12 0 0 0 
1686978574.0479558 20.2646484375 55.042812725407586 987.0560333988141 1 1 1 1 1 1 270 85 12 0 0 0 
1686978579.2005153 20.2544921875 55.207766815002735 987.0546572730713 1 1 1 1 1 1 270 85 12 0 0 0 
1686978584.3515408 20.2748046875 55.096365454547566 987.0840222776243 1 2 2 1 2 2 360 103 15 2 0 0 
1686978589.5047374 20.2646484375 55.13158849332295 987.0119834767715 1 2 2 1 2 2 345 99 15 2 0 0 
1686978594.6583889 20.2849609375 55.08504962750476 987.0612302958439 1 2 2 1 2 2 345 99 15 2 0 0 
1686978599.8099325 20.2646484375 55.26754221162848 987.0567963402226 1 2 2 1 2 2 345 99 15 2 0 0 
1686978604.9641063 20.2748046875 55.14370313045018 987.0528178039941 1 3 3 1 3 3 351 99 19 4 0 0 
1686978610.1161737 20.2697265625 55.02575693604648 987.0545003022244 1 3 3 1 3 3 351 99 19 4 0 0 
1686978615.2660658 20.2798828125 55.08457099053716 987.0746902864374 1 3 3 1 3 3 351 99 19 4 0 0 
1686978620.4204247 20.2951171875 54.93203419297846 987.038128886265 1 3 3 1 3 3 357 102 21 4 0 0 
1686978625.5695148 20.3001953125 54.90812166592297 987.0138130911577 1 3 3 1 3 3 357 102 21 4 0 0 
1686978630.7212439 20.3001953125 54.92613633861373 987.0457807964957 1 3 3 1 3 3 357 102 21 4 0 0 
1686978635.8752568 20.2900390625 55.008223321333425 987.064288426907 1 3 3 1 3 3 399 113 25 4 0 0 
1686978641.027464 20.2798828125 55.090947066970244 987.0356857289265 1 3 3 1 3 3 399 113 25 4 0 0 
1686978646.178418 20.2748046875 54.96088477741197 987.0295698775443 1 3 3 1 3 3 399 113 25 4 0 0 
1686978651.326724 20.2646484375 55.166970864298094 987.0164170509736 2 3 3 2 3 3 441 127 25 4 0 0 
1686978656.4762 20.2748046875 55.196295031664356 987.0223848030341 2 3 3 2 3 3 441 127 25 4 0 0 
1686978661.6269736 20.2697265625 54.954354891694436 987.009994158658 2 3 3 2 3 3 441 127 25 4 0 0 
1686978666.7751358 20.2697265625 54.966465871918885 987.0187132462357 1 2 2 1 2 2 345 100 19 2 0 0 
1686978671.9266374 20.2646484375 55.172867890170025 987.0439498916846 1 2 2 1 2 2 339 102 19 2 0 0 
1686978677.0801427 20.2544921875 55.03723369591964 987.0288079025283 1 2 2 1 2 2 339 102 19 2 0 0 
1686978682.2312224 20.2646484375 55.00153269065295 987.040891527254 1 2 2 1 2 2 339 102 19 2 0 0 
1686978687.3870442 20.2697265625 55.108319703635956 987.0113696426478 1 2 2 1 2 2 324 100 19 2 0 0 
1686978692.5381842 20.2646484375 55.025121343579485 987.0072429440526 1 2 2 1 2 2 324 100 19 2 0 0 
1686978697.69151 20.2646484375 54.96630764287268 987.0156550872324 1 2 2 1 2 2 324 100 19 2 0 0 
1686978702.8433077 20.2494140625 54.99500108608857 986.9890380489825 1 2 2 1 2 2 318 98 19 2 0 0 
1686978707.994035 20.2544921875 55.019224195757396 987.0005132307666 1 2 2 1 2 2 318 98 19 2 0 0 
1686978713.1454232 20.2544921875 55.00121536944699 987.0025023839097 1 2 2 1 2 2 318 98 19 2 0 0 
1686978718.2959666 20.2494140625 55.154695587885854 986.9806260496204 1 2 2 1 2 2 339 102 24 2 0 0 
1686978723.4481452 20.2595703125 55.07245761011605 987.0193265343664 1 2 2 1 2 2 339 102 24 2 0 0 
1686978728.600237 20.2595703125 55.04855063736321 986.9758855722902 1 2 2 1 2 2 339 102 24 2 0 0 
1686978733.748995 20.2494140625 55.23151504534396 987.0142792884956 1 2 2 1 2 2 360 104 26 2 0 0 
1686978738.8994062 20.2494140625 55.09508753707023 986.9792503442955 1 2 2 1 2 2 360 104 26 2 0 0 
1686978744.052333 20.2341796875 55.14258128894571 987.0112156922869 1 2 2 1 2 2 360 104 26 2 0 0 
1686978749.203629 20.2443359375 55.31899169395972 986.9882752005242 2 2 2 2 2 2 384 117 18 0 0 0 
1686978754.3515332 20.2341796875 55.16584698396572 986.9994389821973 2 2 2 2 2 2 384 117 18 0 0 0 
1686978759.504568 20.2392578125 55.1189942671331 987.0014277778848 2 2 2 2 2 2 411 126 18 0 0 0 
1686978764.6566288 20.2291015625 55.171582872987145 986.9846040471218 2 2 2 2 2 2 411 126 18 0 0 0 
1686978769.8106034 20.2291015625 55.118674183718326 986.9882752005242 2 2 2 2 2 2 411 126 18 0 0 0 
1686978774.9621956 20.2291015625 55.21366356665175 987.0330867343947 2 2 2 2 2 2 399 124 18 0 0 0 
1686978780.1125731 20.2392578125 55.10704079314239 986.9977565953212 2 2 2 2 2 2 399 124 18 0 0 0 
1686978785.2643569 20.2291015625 55.12473093422468 986.9697692523259 2 2 2 2 2 2 399 124 18 0 0 0 
1686978790.4150724 20.2291015625 55.17190419180569 986.9930159116299 1 2 2 1 2 2 342 105 14 0 0 0 
1686978795.5666394 20.2341796875 55.10114405890412 987.0028037561592 1 2 2 1 2 2 342 105 14 0 0 0 
1686978800.715709 20.2494140625 55.18959399390914 986.9725208005643 1 2 2 1 2 2 342 105 14 0 0 0 
1686978805.8669152 20.2291015625 55.1189942671331 987.0092268545791 1 2 2 1 2 2 342 105 12 0 0 0 
1686978811.0157032 20.2544921875 55.148317645191874 986.96640453538 1 2 2 1 2 2 342 105 12 0 0 0 
1686978816.1696928 20.2494140625 55.06002599353903 986.9593684640791 1 2 2 1 2 2 342 105 12 0 0 0 
1686978821.317408 20.2341796875 55.01269181267976 986.9697692523259 2 2 2 2 2 2 420 124 17 0 0 0 
1686978826.4677 20.2494140625 55.14847801871807 986.9647221770118 2 2 2 2 2 2 420 124 17 0 0 0 
1686978831.617584 20.2291015625 55.142420982858205 986.9801697710525 1 2 2 1 2 2 396 97 21 0 0 0 
1686978836.7716134 20.2392578125 55.10146371617045 987.0064748984764 1 2 2 1 2 2 396 97 21 0 0 0 
1686978841.9218907 20.2494140625 55.07245761011605 986.9634998276799 1 2 2 1 2 2 396 97 21 0 0 0 
1686978847.0736814 20.2544921875 55.11915429270962 986.9688541039604 1 2 2 1 2 2 438 111 16 0 0 0 
1686978852.2276003 20.2595703125 55.048391431834816 986.9772661713272 1 2 2 1 2 2 438 111 16 0 0 0 
1686978857.3787787 20.2494140625 55.26083721002332 986.9688541039604 1 2 2 1 2 2 438 111 16 0 0 0 
1686978862.5314028 20.2544921875 55.01332703766228 986.9506497911595 1 1 1 1 1 1 405 102 14 0 0 0 
1686978867.684722 20.2544921875 55.1073605852894 986.9570724607005 1 1 1 1 1 1 405 102 14 0 0 0 
1686978872.8381631 20.2544921875 55.04855063736321 986.9405554831095 1 1 1 1 1 1 405 102 14 0 0 0 
1686978877.9915926 20.2443359375 55.01316824754785 986.9722189306975 1 1 1 1 1 1 357 93 12 0 0 0 
1686978883.144679 20.2443359375 55.036915608404584 986.9685471079274 1 1 1 1 1 1 357 93 12 0 0 0 
1686978888.2978745 20.2595703125 54.99563550173874 986.9368882638993 1 1 1 1 1 1 357 93 12 0 0 0 
1686978893.451043 20.2544921875 55.083932657358005 986.9722189306975 1 1 1 1 1 1 336 95 8 0 0 0 
1686978898.6015203 20.2544921875 55.12505113101089 986.9671716906969 1 1 1 1 1 1 336 95 8 0 0 0 
1686978903.7537982 20.2494140625 54.995318315422 987.0075444537283 1 1 1 1 1 1 336 95 8 0 0 0 
1686978908.9060528 20.2595703125 55.09572658184058 986.9803240976174 1 1 1 1 1 1 273 78 6 0 0 0 
1686978914.0584507 20.2595703125 55.0016913351247 986.9648751218296 1 2 2 1 2 2 354 101 14 0 0 0 
1686978919.2119436 20.2748046875 55.155016394538265 986.9716048834671 1 1 1 1 1 1 312 89 12 0 0 0 
1686978924.365365 20.2646484375 55.143542899639684 986.9410135332113 1 1 1 1 1 1 312 89 12 0 0 0 
1686978929.5195587 20.2697265625 54.97841896517077 986.9612029724018 1 1 1 1 1 1 312 89 12 0 0 0 
1686978934.6732433 20.2798828125 55.04934650369437 986.9497331622338 1 1 1 1 1 1 345 98 14 0 0 0 
1686978939.826789 20.3052734375 54.94382987088315 986.9540013807117 1 1 1 1 1 1 345 98 14 0 0 0 
1686978944.9801192 20.3001953125 55.020659535816 986.9896427025798 1 1 1 1 1 1 345 98 14 0 0 0 
1686978950.1315463 20.3103515625 54.914340599059486 986.959357060935 1 2 2 1 2 2 360 98 16 2 0 0 
1686978955.2842405 20.3001953125 54.97921665799898 986.9683853427622 1 2 2 1 2 2 360 98 16 2 0 0 
1686978960.436402 20.3103515625 54.926451690309534 986.9590490261174 1 2 2 1 2 2 360 98 16 2 0 0 
1686978965.589815 20.3103515625 55.03851172915389 986.9596649863465 1 2 2 1 2 2 333 91 18 2 0 0 
1686978970.7431858 20.3154296875 55.127297455496574 986.9657792209706 1 2 2 1 2 2 333 91 18 2 0 0 
1686978975.8956647 20.3103515625 54.82618430075585 986.970826867844 1 2 2 1 2 2 333 91 18 2 0 0 
1686978981.0478969 20.3205078125 54.93793203706827 986.9671536934102 1 2 3 1 2 3 333 88 20 4 2 0 
1686978986.2049754 20.3154296875 54.94446134062566 986.9725094169416 1 2 3 1 2 3 333 88 20 4 2 0 
1686978991.3584552 20.3205078125 54.80259154223531 986.9674617698583 1 2 3 1 2 3 333 88 20 4 2 0 
1686978996.5124316 20.3103515625 54.84403547718005 986.9826047129952 1 1 1 1 1 1 276 79 6 0 0 0 
1686979001.6665404 20.3052734375 54.926451690309534 986.9408491799663 1 1 1 1 1 1 324 86 6 0 0 0 
1686979006.8209035 20.3052734375 54.81438794204637 987.004170084851 1 1 1 1 1 1 324 86 6 0 0 0 
1686979011.9733045 20.3103515625 54.89074899665187 986.9781727266611 1 1 1 1 1 1 324 86 6 0 0 0 
1686979017.125656 20.3103515625 54.89680425664987 986.9927000115649 1 1 1 1 1 1 333 93 6 0 0 0 
1686979022.274709 20.3154296875 54.89106353896696 986.9812300220738 1 1 1 1 1 1 333 93 6 0 0 0 
1686979027.4230163 20.3103515625 54.908757660877534 986.957366477579 1 1 1 1 1 1 333 93 6 0 0 0 
1686979032.573603 20.3154296875 54.86157313027471 986.9887190019002 1 2 2 1 2 2 348 95 8 0 0 0 
1686979037.7250202 20.3205078125 54.779310555454046 987.0153323397707 1 2 2 1 2 2 348 95 8 0 0 0 
1686979042.8793035 20.3205078125 54.92676699898812 986.9816805214167 1 2 2 1 2 2 348 95 8 0 0 0 
1686979048.0304246 20.3255859375 54.73817708012676 987.0012552596158 1 2 2 1 2 2 369 99 6 0 0 0 
1686979053.181719 20.341015625 54.679965175213745 986.9861116989272 1 2 2 1 2 2 369 99 6 0 0 0 
1686979058.3309207 20.341015625 54.72684597844012 986.9801380137674 1 2 2 1 2 2 369 99 6 0 0 0 
1686979063.4799678 20.34609375 54.903803808743326 986.9773900834632 1 1 1 1 1 1 339 92 4 0 0 0 
1686979068.6305578 20.351171875 54.709614952827316 986.9747811696176 1 1 1 1 1 1 339 92 4 0 0 0 
1686979073.78002 20.35625 54.79825460105974 986.9764638409958 1 1 1 1 1 1 339 92 4 0 0 0 
1686979078.9339483 20.361328125 54.58542673764458 986.978146512444 1 2 2 1 2 2 285 90 16 0 0 0 
1686979084.0872073 20.35625 54.803997344435054 986.9980297851524 1 2 2 1 2 2 285 90 16 0 0 0 
1686979089.2412648 20.36640625 54.756962084353816 986.989925214539 1 2 2 1 2 2 312 97 23 0 0 0 
1686979094.3953567 20.361328125 54.81626377025719 986.9903718525522 1 2 2 1 2 2 312 97 23 0 0 0 
1686979099.5494378 20.371484375 54.633544018771865 986.946930518377 1 2 2 1 2 2 312 97 23 0 0 0 
1686979104.702521 20.361328125 54.727777628098366 986.9637576307958 1 2 2 1 2 2 318 99 23 0 0 0 
1686979109.8507857 20.371484375 54.82774894751693 986.9425011892473 1 2 2 1 2 2 318 99 23 0 0 0 
1686979115.0012023 20.361328125 54.70977002002442 986.9691150053258 1 2 2 1 2 2 318 99 23 0 0 0 
1686979120.1546552 20.36640625 54.85118755359679 986.9603922077528 1 3 3 1 3 3 381 118 25 0 0 0 
1686979125.3017266 20.361328125 54.8452888134229 986.9438745395108 1 3 3 1 3 3 381 118 25 0 0 0 
1686979130.4529216 20.36640625 54.644879857545774 986.9694241353309 1 3 3 1 3 3 381 118 25 0 0 0 
1686979135.6016393 20.371484375 54.650779014614436 986.926737992702 1 3 3 1 3 3 375 113 27 0 0 0 
1686979140.7532465 20.361328125 54.8336477859751 986.9570267849895 1 3 3 1 3 3 375 113 27 0 0 0 
1686979145.9041882 20.38671875 54.674994082377616 986.9739890459264 1 3 3 1 3 3 375 113 27 0 0 0 
1686979151.0520558 20.381640625 54.7634836357846 986.9897531789189 1 2 2 1 2 2 375 110 25 0 0 0 
1686979156.205045 20.381640625 54.7634836357846 986.9513595730491 1 2 2 1 2 2 375 110 25 0 0 0 
1686979161.351557 20.391796875 54.67530328898174 987.0130024218552 2 3 3 2 3 3 489 142 25 0 0 0 
1686979166.504705 20.38671875 54.69300178942584 986.9524228223138 2 3 3 2 3 3 489 142 25 0 0 0 
1686979171.656919 20.38671875 54.722188798665 986.9625194159456 2 3 3 2 3 3 489 142 25 0 0 0 
1686979176.8087614 20.391796875 54.55110482225841 986.9706234863456 2 3 3 2 3 3 462 138 27 0 0 0 
1686979181.957415 20.412109375 54.51087620738309 986.9690730467762 2 3 3 2 3 3 462 138 27 0 0 0 
1686979187.107962 20.42734375 54.51677634295001 986.9522445752643 2 3 3 2 3 3 462 138 27 0 0 0 
1686979192.2551248 20.422265625 54.487580300787315 986.9485683028314 2 3 3 2 3 3 447 129 25 0 0 0 
1686979197.410184 20.432421875 54.587884200125444 986.9418368625193 2 3 3 2 3 3 447 129 25 0 0 0 
1686979202.5610578 20.422265625 54.51692905489071 986.9519340234069 2 3 3 2 3 3 447 129 25 0 0 0 
1686979207.7133682 20.4171875 54.73553972346815 986.9667692301387 2 2 2 2 2 2 447 126 25 0 0 0 
1686979212.8638933 20.422265625 54.522676468236575 986.9539274221011 2 2 2 2 2 2 447 126 25 0 0 0 
1686979218.0146856 20.422265625 54.593323570093624 986.9609691847588 2 2 2 2 2 2 447 126 25 0 0 0 
1686979223.1678746 20.412109375 54.65247662361129 986.9710661875879 2 2 2 2 2 2 441 123 25 0 0 0 
1686979228.3176622 20.422265625 54.557923809127125 986.9522445752643 2 2 2 2 2 2 441 123 25 0 0 0 
1686979233.4687543 20.42734375 54.51708175607626 986.9704454915716 2 2 2 2 2 2 441 123 25 0 0 0 
1686979238.620092 20.422265625 54.41647264018425 986.9374095212793 2 2 2 2 2 2 414 121 23 0 0 0 
1686979243.7691724 20.422265625 54.605584579819144 986.9219533441621 1 1 2 1 1 2 348 90 8 2 2 0 
1686979248.9222832 20.422265625 54.54612380656401 986.928684726894 1 1 2 1 1 2 348 90 8 2 2 0 
1686979254.0735996 20.4171875 54.540682735252545 986.9556102690075 1 1 2 1 1 2 348 90 8 2 2 0 
1686979259.2245727 20.4171875 54.522676468236575 986.9077398339413 1 1 2 1 1 2 336 87 10 2 2 0 
1686979264.3754656 20.432421875 54.48803732783641 986.9496297038535 1 1 2 1 1 2 336 87 10 2 2 0 
1686979269.5178492 20.442578125 54.553095479478245 986.9692027859178 1 1 2 1 1 2 336 87 10 2 2 0 
1686979274.6705596 20.452734375 54.417533369394064 986.9742515322869 1 1 3 1 1 3 357 101 17 4 2 0 
1686979279.8215537 20.452734375 54.70075884320332 986.950691294651 1 1 3 1 1 3 357 101 17 4 2 0 
1686979284.974342 20.452734375 54.35837425478792 986.9675205848814 1 1 3 1 1 3 357 101 17 4 2 0 
1686979290.127755 20.452734375 54.22900187634481 986.9786790230312 1 1 3 1 1 3 357 101 15 4 2 0 
1686979295.2804868 20.462890625 54.38818050588335 986.9806730558115 1 1 3 1 1 3 357 101 15 4 2 0 
1686979300.4376588 20.46796875 54.2524571701269 986.9635324130909 1 1 3 1 1 3 357 101 15 4 2 0 
1686979305.5911412 20.46796875 54.417836338084385 986.9649040622094 1 2 4 1 2 4 399 111 17 4 2 0 
1686979310.7422397 20.452734375 54.240953782725434 986.9739412824176 1 2 4 1 2 4 399 111 17 4 2 0 
1686979315.8949203 20.452734375 54.476540630018896 986.9823559993347 1 2 4 1 2 4 399 111 17 4 2 0 
1686979321.0485368 20.473046875 54.406337148493535 986.9831054684983 1 2 4 1 2 4 393 108 19 4 2 0 
1686979326.202519 20.478125 54.40073855327276 986.9976297102897 1 2 2 1 2 2 312 90 20 0 0 0 
1686979331.3515208 20.478125 54.47714922307518 986.9699529724388 1 2 2 1 2 2 318 92 20 0 0 0 
1686979336.5061011 20.462890625 54.459142473031584 987.0002464470318 1 2 2 1 2 2 318 92 20 0 0 0 
1686979341.6594262 20.462890625 54.17589028686326 986.9831054684983 1 2 2 1 2 2 318 92 20 0 0 0 
1686979346.81312 20.4578125 54.335222556665634 986.9837278942698 2 2 2 2 2 2 366 109 20 0 0 0 
1686979351.9663825 20.462890625 54.32932149515999 987.0008683827059 2 2 2 2 2 2 366 109 20 0 0 0 
1686979357.1196578 20.4578125 54.38227960438991 987.0056063435767 2 2 2 2 2 2 366 109 20 0 0 0 
1686979362.2726126 20.462890625 54.394081397094546 986.9961303943206 2 2 2 2 2 2 372 116 20 0 0 0 
1686979367.4293401 20.462890625 54.452937849153045 986.9978133249169 2 2 2 2 2 2 372 116 20 0 0 0 
1686979372.582707 20.452734375 54.364425955720144 987.0224359280078 2 2 2 2 2 2 372 116 20 0 0 0 
1686979377.7360804 20.452734375 54.47048784253964 987.0079109099632 2 3 3 2 3 3 351 111 22 2 0 0 
1686979382.889481 20.442578125 54.411784009034676 987.0160148844844 2 3 3 2 3 3 351 111 22 2 0 0 
1686979388.0420659 20.452734375 54.517997737331605 987.0547226369843 2 3 3 2 3 3 351 111 22 2 0 0 
1686979393.1990457 20.452734375 54.388331647504884 987.0258018457332 2 3 3 2 3 3 393 122 27 2 0 0 
1686979398.3515544 20.462890625 54.44718895529438 987.0123381765101 2 3 3 2 3 3 393 122 27 2 0 0 
1686979403.5052395 20.462890625 54.32902055058057 986.9918315907056 2 3 3 2 3 3 393 122 27 2 0 0 
1686979408.6584487 20.462890625 54.417836338084385 987.068937758593 1 2 2 1 2 2 348 101 9 2 0 0 
1686979413.8118844 20.483203125 54.37713361846739 987.0430710608399 1 2 2 1 2 2 348 101 9 2 0 0 
1686979418.963561 20.483203125 54.27090937572549 986.9763735318691 1 2 2 1 2 2 318 92 11 2 0 0 
1686979424.117946 20.4984375 54.27696061582843 987.0387712990745 1 2 2 1 2 2 318 92 11 2 0 0 
1686979429.2690482 20.48828125 54.330073668386596 987.0178258597962 1 2 2 1 2 2 318 92 11 2 0 0 
1686979434.4209561 20.478125 54.33582458664621 987.0366500584953 1 2 2 1 2 2 297 87 15 2 0 0 
1686979439.573749 20.483203125 54.45384905500462 987.0167651684264 1 2 2 1 2 2 297 87 15 2 0 0 
1686979444.7246904 20.473046875 54.33552359316697 987.0436929485082 1 2 2 1 2 2 297 87 15 2 0 0 
1686979449.875938 20.46796875 54.28846369598082 987.0453759353577 1 2 2 1 2 2 291 85 17 2 0 0 
1686979455.0262802 20.473046875 54.38273279457855 987.039705033125 1 2 2 1 2 2 291 85 17 2 0 0 
1686979460.1772745 20.46796875 54.29996615218727 987.0002464470318 1 2 2 1 2 2 291 85 17 2 0 0 
1686979465.3297129 20.473046875 54.44143990546337 987.0319120425198 1 1 1 1 1 1 282 82 12 0 0 0 
1686979470.4812202 20.473046875 54.39453499210194 986.9935145618309 1 1 1 1 1 1 282 82 12 0 0 0 
1686979475.6321023 20.473046875 54.33582458664621 987.0215030605063 1 1 1 1 1 1 282 82 12 0 0 0 
1686979480.7842476 20.478125 54.40058731973368 987.0450650598257 1 1 1 1 1 1 261 75 12 0 0 0 
1686979485.9339757 20.48828125 54.37093055592336 987.0130880640712 1 1 1 1 1 1 261 75 12 0 0 0 
1686979491.0855336 20.478125 54.32977283136256 987.0332840584528 1 3 3 1 3 3 399 119 33 2 0 0 
1686979496.2345142 20.483203125 54.45959826222573 987.0292957351336 1 3 3 1 3 3 399 119 33 2 0 0 
1686979501.3840284 20.478125 54.31191874567036 987.0083502408222 1 3 3 1 3 3 399 119 33 2 0 0 
1686979506.5353532 20.483203125 54.453697214250866 987.0312899650614 1 3 3 1 3 3 378 112 26 2 0 0 
1686979511.6891906 20.483203125 54.28271223389824 987.027612708244 1 3 3 1 3 3 378 112 26 2 0 0 
1686979516.8394063 20.493359375 54.36548190732739 987.0219407580013 1 3 3 1 3 3 378 112 26 2 0 0 
1686979521.9913023 20.493359375 54.30072235633321 987.043509039747 1 3 3 1 3 3 363 109 24 2 0 0 
1686979527.1450782 20.4984375 54.4780676385421 987.0239352879839 1 3 3 1 3 3 363 109 24 2 0 0 
1686979532.295598 20.513671875 54.21854728690252 987.030792353136 1 3 3 1 3 3 363 109 24 2 0 0 
1686979537.450477 20.503515625 54.32462901275916 987.0395196746736 1 3 3 1 3 3 405 121 22 2 0 0 
1686979542.6015153 20.50859375 54.25380884063695 987.0330990178095 1 3 3 1 3 3 405 121 22 2 0 0 
1686979547.7503276 20.503515625 54.147575805672055 987.0815970764436 1 3 3 1 3 3 405 121 22 2 0 0 
1686979552.89979 20.513671875 54.25956100744113 987.0448805890446 1 3 3 1 3 3 375 114 20 2 0 0 
1686979558.0490353 20.503515625 54.182987187564564 987.019946091474 1 3 3 1 3 3 375 114 20 2 0 0 
1686979563.1985953 20.503515625 54.35398633038302 987.0314159364842 1 3 3 1 3 3 375 114 20 2 0 0 
1686979568.349122 20.4984375 54.35398633038302 987.0381482622049 1 3 3 1 3 3 390 119 22 2 0 0 
1686979573.5011501 20.503515625 54.34823540769986 987.0223768119927 1 1 1 1 1 1 333 86 15 0 0 0 
1686979578.6502862 20.503515625 54.04133943856926 987.0260549153386 1 1 1 1 1 1 333 86 15 0 0 0 
1686979583.801398 20.4984375 54.30056651980198 987.0522357369681 1 1 1 1 1 1 333 86 15 0 0 0 
1686979588.9533548 20.4984375 54.24775765695887 987.0246836118822 1 1 1 1 1 1 327 86 15 0 0 0 
1686979594.101518 20.50859375 54.20084162492345 987.0496182471118 1 1 1 1 1 1 327 86 15 0 0 0 
1686979599.2551582 20.50859375 54.147575805672055 987.0193225373497 1 1 1 1 1 1 327 86 15 0 0 0 
1686979604.405729 20.503515625 54.14197028286954 987.030792353136 1 2 2 1 2 2 348 93 17 0 0 0 
1686979609.5551183 20.50859375 54.194939717027864 987.0041746909659 1 2 2 1 2 2 348 93 17 0 0 0 
1686979614.7063165 20.513671875 54.37804497815973 986.9980662232083 1 2 2 1 2 2 348 93 17 0 0 0 
1686979619.859708 20.513671875 54.20719031618677 987.0453165542251 1 1 1 1 1 1 336 89 13 0 0 0 
1686979625.0139086 20.523828125 54.17162904605481 987.0388960078708 1 1 1 1 1 1 336 89 13 0 0 0 
1686979630.1655724 20.523828125 54.248355335702435 987.0517371006355 1 1 1 1 1 1 336 89 13 0 0 0 
1686979635.3177626 20.523828125 54.18948398520168 987.0500539506879 1 2 2 1 2 2 372 103 13 0 0 0 
1686979640.4722679 20.523828125 54.171926066486755 987.0705636042871 1 2 2 1 2 2 372 103 13 0 0 0 
1686979645.6235008 20.52890625 54.218994485416886 987.0385840101997 1 2 2 1 2 2 372 103 13 0 0 0 
1686979650.7720246 20.523828125 54.33673309438393 987.0456284976697 1 2 2 1 2 2 378 105 13 0 0 0 
1686979655.9233937 20.513671875 54.30132250718131 987.0739298788177 1 2 2 1 2 2 360 109 18 2 0 0 
1686979661.0715399 20.51875 54.08309655197829 987.0382719030121 1 2 2 1 2 2 390 116 18 2 0 0 
1686979666.2226934 20.52890625 54.14271112007796 987.0304803971959 1 2 2 1 2 2 390 116 18 2 0 0 
1686979671.3743112 20.52890625 54.218994485416886 987.0517371006355 1 2 2 1 2 2 390 116 18 2 0 0 
1686979676.528926 20.51875 54.218994485416886 987.0486828266576 1 2 2 1 2 2 354 104 14 0 0 0 
1686979681.6795125 20.52890625 54.2132413831275 987.0632071388721 1 2 2 1 2 2 354 104 14 0 0 0 
1686979686.8299408 20.523828125 54.17162904605481 987.0668854533126 1 2 2 1 2 2 354 104 14 0 0 0 
1686979691.9837043 20.523828125 54.177976846995705 987.0483708008101 1 2 2 1 2 2 345 101 14 0 0 0 
1686979697.137397 20.5341796875 54.107000979209765 987.0096583729246 1 2 2 1 2 2 345 101 14 0 0 0 
1686979702.2904038 20.5341796875 54.15997322785348 987.0413260124051 1 2 2 1 2 2 345 101 14 0 0 0 
1686979707.4447105 20.523828125 54.11865773558252 987.0430091755599 1 1 1 1 1 1 324 94 14 0 0 0 
1686979712.5971332 20.523828125 54.24865411054 987.0564744833157 1 1 1 1 1 1 324 94 14 0 0 0 
1686979717.7509396 20.523828125 53.9420232184834 987.0298561567704 1 1 1 1 1 1 324 94 14 0 0 0 
1686979722.904133 20.523828125 54.28391668078211 987.0234357902337 1 2 2 1 2 2 360 106 18 0 0 0 
1686979728.0562165 20.523828125 54.18358185430269 987.0264898587634 1 2 2 1 2 2 360 106 18 0 0 0 
1686979733.209903 20.51875 54.1360682046479 987.035529763391 1 2 2 1 2 2 360 106 18 0 0 0 
1686979738.3633282 20.523828125 54.218994485416886 987.0287972752708 1 2 2 1 2 2 321 97 10 0 0 0 
1686979743.5164216 20.51875 54.1301661161414 987.0284851962596 1 2 2 1 2 2 321 97 10 0 0 0 
1686979748.6696815 20.513671875 54.21869636382974 987.0254310316303 1 2 2 1 2 2 354 111 10 0 0 0 
1686979753.822876 20.513671875 54.253958333176136 987.0422622526303 1 2 2 1 2 2 354 111 10 0 0 0 
1686979758.9749222 20.523828125 54.30147251800435 987.0621479191847 1 2 2 1 2 2 354 111 10 0 0 0 
1686979764.128015 20.513671875 54.15997322785348 987.054044111492 1 2 2 1 2 2 360 113 10 0 0 0 
1686979769.2698324 20.523828125 54.08944147058576 987.0887664171809 1 2 2 1 2 2 360 113 10 0 0 0 
1686979774.4271004 20.51875 54.1301661161414 987.0469996904063 1 2 2 1 2 2 360 113 10 0 0 0 
1686979779.5804534 20.5341796875 54.390603287898685 987.0780436170993 2 2 2 2 2 2 366 116 14 0 0 0 
1686979784.7337964 20.52890625 54.26665947205767 987.0547913196013 2 2 2 2 2 2 366 116 14 0 0 0 
1686979789.8868124 20.51875 54.24245337513236 987.0834051122562 2 2 2 2 2 2 366 116 14 0 0 0 
1686979795.0391524 20.523828125 54.272112737829055 987.0382719030121 2 2 2 2 2 2 360 114 14 0 0 0 
1686979800.1931393 20.523828125 54.20778589047552 987.0214404122775 2 2 2 2 2 2 360 114 14 0 0 0 
1686979805.3466008 20.513671875 54.21929256398097 987.0223768119927 2 2 2 2 2 2 360 114 14 0 0 0 
1686979810.5000854 20.523828125 54.26621075092454 987.0786675093112 2 2 2 2 2 2 408 128 14 0 0 0 
1686979815.6533356 20.52890625 54.17767971311836 987.0362765233605 2 2 2 2 2 2 408 128 14 0 0 0 
1686979820.8065028 20.523828125 54.230649423136946 987.0436334181139 2 2 2 2 2 2 453 127 14 2 0 0 
1686979825.959564 20.523828125 54.20733922589263 987.0382719030121 2 2 2 2 2 2 453 127 14 2 0 0 
1686979831.1155822 20.523828125 54.224896554603966 987.0217526550316 2 2 2 2 2 2 465 129 12 2 0 0 
1686979836.2688155 20.513671875 54.1542193479288 987.0116538452879 2 2 2 2 2 2 465 129 12 2 0 0 
1686979841.4180734 20.523828125 54.16572695177864 986.9917686106114 2 2 2 2 2 2 465 129 12 2 0 0 
1686979846.5673113 20.523828125 54.077046856764774 987.0180741149697 1 2 2 1 2 2 381 113 14 2 0 0 
1686979851.7167902 20.513671875 54.11836190827387 987.0052335756618 1 2 2 1 2 2 381 113 14 2 0 0 
1686979856.8692236 20.513671875 54.18343320375192 987.0433213515962 1 2 2 1 2 2 381 113 14 2 0 0 
1686979862.0219607 20.50859375 54.05919299687647 987.0332224550573 1 2 2 1 2 2 375 111 14 2 0 0 
1686979867.1722803 20.50859375 54.277715243349256 987.0335346029149 1 2 2 1 2 2 375 111 14 2 0 0 
1686979872.3243527 20.51875 54.20099049941935 987.0338466412561 1 2 2 1 2 2 375 111 14 2 0 0 
1686979877.475001 20.50859375 54.11836190827387 987.0038626276317 1 2 2 1 2 2 360 106 16 2 0 0 
1686979882.6215618 20.513671875 54.1360682046479 987.0102829387097 1 2 2 1 2 2 360 106 16 2 0 0 
1686979887.7681308 20.513671875 54.242304039055725 987.0119660598657 1 2 2 1 2 2 360 106 16 2 0 0 
1686979892.9186263 20.50859375 54.21854728690252 986.9910220056576 1 2 2 1 2 2 333 99 16 2 0 0 
1686979898.0699897 20.50859375 54.28951889583498 987.0529844384841 1 2 2 1 2 2 333 99 16 2 0 0 
1686979903.223079 20.513671875 54.21854728690252 986.9846016947654 1 2 3 1 2 3 330 103 14 2 0 0 
1686979908.3746843 20.513671875 54.11821397848557 987.0193225373497 1 2 3 1 2 3 330 103 14 2 0 0 
1686979913.5254111 20.503515625 54.31282575358256 987.0081646224778 1 2 3 1 2 3 330 103 14 2 0 0 
1686979918.6746802 20.513671875 54.194939717027864 987.0142732545922 1 2 2 1 2 2 303 94 12 2 0 0 
1686979923.8260226 20.4984375 54.25380884063695 986.9745033013705 1 2 2 1 2 2 303 94 12 2 0 0 
1686979928.9792562 20.503515625 54.301022453268445 987.0496182471118 1 2 2 1 2 2 303 94 12 2 0 0 
1686979934.1286266 20.503515625 54.306773998004566 987.0196343691653 1 1 2 1 1 2 291 89 14 2 0 0 
1686979939.2791963 20.493359375 54.15923121711405 987.0367767674129 1 1 2 1 1 2 291 89 14 2 0 0 
1686979944.427387 20.493359375 54.454310351307484 987.0017441179447 1 1 2 1 1 2 291 89 14 2 0 0 
1686979949.5778985 20.5341796875 54.29041798975474 987.0062920765962 0 1 2 0 1 2 270 82 10 2 0 0 
1686979954.7323482 20.523828125 54.10109863683488 987.04101371329 0 1 2 0 1 2 270 82 10 2 0 0 
1686979959.8833344 20.523828125 54.16587539989376 986.9819822388429 0 1 2 0 1 2 270 82 10 2 0 0 
1686979965.0332844 20.523828125 54.242602700453276 987.0032381724251 0 1 2 0 1 2 285 87 10 2 0 0 
1686979970.1840463 20.51875 54.059487496058004 987.0136491810913 0 1 2 0 1 2 285 87 10 2 0 0 
1686979975.3323753 20.513671875 54.15392273237103 986.9920808783537 0 1 2 0 1 2 285 87 10 2 0 0 
1686979980.4850364 20.513671875 54.20099049941935 986.9806113856288 0 1 2 0 1 2 294 87 10 2 0 0 
1686979985.6381164 20.503515625 54.24215469222338 987.0092239724644 1 2 2 1 2 2 360 111 14 2 0 0 
1686979990.7872677 20.4984375 54.28951889583498 987.0008085036499 1 2 2 1 2 2 333 102 12 2 0 0 
1686979995.939083 20.493359375 54.35383566928648 986.9927050853044 1 2 2 1 2 2 333 102 12 2 0 0 
1686980001.0925562 20.4984375 54.41859357159161 986.9950119068303 1 2 2 1 2 2 333 102 12 2 0 0 
1686980006.24572 20.493359375 54.2476082103837 987.0297328552288 1 2 2 1 2 2 312 95 10 2 0 0 
1686980011.3970823 20.48828125 54.276810809953574 986.9933288542265 1 2 2 1 2 2 312 95 10 2 0 0 
1686980016.5486805 20.483203125 54.4597501704466 987.0000610650611 1 2 2 1 2 2 312 95 10 2 0 0 
1686980021.7022383 20.48828125 54.06435269918596 986.9939521851408 1 1 1 1 1 1 291 86 8 2 0 0 
1686980026.8515308 20.48828125 54.217796004918654 986.9939521851408 1 1 1 1 1 1 291 86 8 2 0 0 
1686980032.0036974 20.493359375 54.1884370105062 987.0037388097659 1 1 1 1 1 1 291 86 8 2 0 0 
1686980037.1551673 20.493359375 54.25320501134068 986.9875316393128 1 1 1 1 1 1 306 91 8 2 0 0 
1686980042.3073924 20.478125 54.32372118998457 986.9915203908579 1 1 1 1 1 1 306 91 8 2 0 0 
1686980047.4567888 20.473046875 54.376831680392435 987.0029900706563 1 1 1 1 1 1 306 91 8 2 0 0 
1686980052.6073248 20.478125 54.24125263855334 987.0080390670491 1 2 2 1 2 2 348 105 10 2 0 0 
1686980057.758772 20.462890625 54.264708557095496 987.0201311399578 1 2 2 1 2 2 348 105 10 2 0 0 
1686980062.9073954 20.46796875 54.2408043386779 987.0170761649288 1 2 2 1 2 2 348 105 10 2 0 0 
1686980068.0581021 20.46796875 54.19359424256608 987.0150821827658 1 2 2 1 2 2 330 98 12 2 0 0 
1686980073.2071114 20.46796875 54.2173485470247 987.0187591371031 1 2 2 1 2 2 279 86 10 2 0 0 
1686980078.358796 20.46796875 54.24700456671124 987.0386439883795 1 2 2 1 2 2 279 86 10 2 0 0 
1686980083.509591 20.46796875 54.22930048378043 986.9965693451131 1 2 2 1 2 2 279 86 10 2 0 0 
1686980088.6575825 20.478125 54.31176850268706 987.0066672555109 1 2 2 1 2 2 288 91 12 0 0 0 
1686980093.8063643 20.473046875 54.14653185278185 987.0086613051061 1 2 2 1 2 2 288 91 12 0 0 0 
1686980098.9593303 20.473046875 54.24685506594383 987.0420099617286 1 2 2 1 2 2 288 91 12 0 0 0 
1686980104.1095245 20.46796875 54.25850795505893 987.0153931928243 1 2 2 1 2 2 294 91 16 0 0 0 
1686980109.2619355 20.473046875 54.28831373364653 987.0380220193724 1 2 2 1 2 2 294 91 16 0 0 0 
1686980114.4151278 20.48828125 54.33582458664621 987.0164540624354 1 2 2 1 2 2 294 91 16 0 0 0 
1686980119.568458 20.493359375 54.241551451358326 987.0051102239214 0 2 2 0 2 2 279 86 18 2 0 0 
1686980124.7216833 20.483203125 54.217796004918654 987.0110938088418 0 2 2 0 2 2 279 86 18 2 0 0 
1686980129.8787365 20.48828125 54.27090937572549 987.0404543535664 0 2 2 0 2 2 279 86 18 2 0 0 
1686980135.0321457 20.483203125 54.324021913575066 987.0354051903003 1 2 2 1 2 2 300 91 20 2 0 0 
1686980140.1859906 20.493359375 54.29497081206855 987.0643282746303 1 2 2 1 2 2 300 91 20 2 0 0 
1686980145.3402212 20.48828125 54.324021913575066 987.0556018471409 1 2 2 1 2 2 300 91 20 2 0 0 
1686980150.4936159 20.483203125 54.21189446785633 987.0279239383256 1 1 1 1 1 1 300 92 8 0 0 0 
1686980155.6470351 20.478125 54.2828621072473 987.0279239383256 1 1 1 1 1 1 300 92 8 0 0 0 
1686980160.8004634 20.473046875 54.22354832234545 986.9925806744867 1 1 1 1 1 1 291 87 8 0 0 0 
1686980165.9530678 20.478125 54.217646863043115 987.0215030605063 1 1 1 1 1 1 291 87 8 0 0 0 
1686980171.101524 20.473046875 54.32357081205599 987.0271739990234 1 1 1 1 1 1 291 87 8 0 0 0 
1686980176.2541955 20.478125 54.35352851912725 987.0369610018097 1 1 1 1 1 1 291 87 8 0 0 0 
1686980181.4075508 20.483203125 54.18208914351508 987.0150821827658 1 1 1 1 1 1 291 87 8 0 0 0 
1686980186.5646994 20.483203125 54.16468180115457 987.0811586976216 1 1 1 1 1 1 291 87 8 0 0 0 
1686980191.7179866 20.483203125 54.24170658719201 987.0299180586898 0 1 1 0 1 1 249 71 8 0 0 0 
1686980196.871459 20.483203125 54.34747659227837 987.0481201029367 0 1 1 0 1 1 249 71 8 0 0 0 
1686980202.028501 20.493359375 54.1530269205068 987.0323504902134 0 1 1 0 1 1 249 71 8 0 0 0 
1686980207.1813412 20.48828125 54.30056651980198 987.0363390056898 1 1 1 1 1 1 270 78 8 0 0 0 
1686980212.3347547 20.483203125 54.359737097083986 987.0643282746303 1 1 1 1 1 1 270 78 8 0 0 0 
1686980217.4880133 20.483203125 54.35942980938742 987.0269899195889 1 1 1 1 1 1 270 78 8 0 0 0 
1686980222.6398718 20.48828125 54.30616767284355 987.0494920632613 1 1 1 1 1 1 282 85 10 0 0 0 
1686980227.7930079 20.48828125 54.35927904813963 987.0302290562297 1 1 1 1 1 1 282 85 10 0 0 0 
1686980232.9438171 20.473046875 54.30631782684267 987.0413880469474 1 1 1 1 1 1 261 71 17 0 0 0 
1686980238.0946097 20.478125 54.29421500207691 987.0618950677308 1 1 1 1 1 1 261 71 17 0 0 0 
1686980243.2474403 20.478125 54.17028620561924 987.0369610018097 1 1 1 1 1 1 261 71 17 0 0 0 
1686980248.4020982 20.473046875 54.04074541976017 987.0464370888345 0 1 2 0 1 2 261 69 19 2 0 0 
1686980253.555215 20.473046875 54.31827083980373 987.0369610018097 0 1 2 0 1 2 261 69 19 2 0 0 
1686980258.7070556 20.478125 54.28861364755948 987.0147710632182 0 1 2 0 1 2 261 69 19 2 0 0 
1686980263.8612294 20.478125 54.12867928589331 987.0403269750191 0 1 2 0 1 2 276 71 21 2 0 0 
1686980269.0125487 20.483203125 54.1704348184297 987.0618950677308 0 1 2 0 1 2 276 71 21 2 0 0 
1686980274.1663334 20.46796875 54.176038988663876 987.0571568452622 0 1 2 0 1 2 276 71 21 2 0 0 
1686980279.3189058 20.473046875 54.264708557095496 987.0436929485082 1 2 2 1 2 2 318 85 21 2 0 0 
1686980284.4729083 20.473046875 54.29996615218727 987.0403269750191 1 2 2 1 2 2 318 85 21 2 0 0 
1686980289.623895 20.478125 54.42419182012874 987.061584218272 1 2 2 1 2 2 318 85 21 2 0 0 
1686980294.7753623 20.473046875 54.276361327795115 987.0608334641861 0 1 2 0 1 2 261 71 19 2 0 0 
1686980299.9257321 20.462890625 54.28801377671108 987.0521078834552 0 1 2 0 1 2 261 71 19 2 0 0 
1686980305.074295 20.462890625 54.27621147889766 987.0342166412703 0 1 2 0 1 2 261 71 19 2 0 0 
1686980310.2277849 20.462890625 54.35292567948769 987.0392655194316 0 1 1 0 1 1 225 57 12 2 0 0 
1686980315.3803978 20.462890625 54.15848322659159 987.0420099617286 0 1 2 0 1 2 288 74 8 4 0 0 
1686980320.5380738 20.473046875 54.24700456671124 987.0736760774251 0 1 2 0 1 2 288 74 8 4 0 0 
1686980325.689476 20.478125 54.30586733257852 987.0733653228614 0 1 2 0 1 2 288 74 8 4 0 0 
1686980330.8432584 20.478125 54.24715405672293 987.050114061463 1 1 2 1 1 2 318 83 10 4 0 0 
1686980335.9914021 20.473046875 54.312219199370226 987.0767313533736 1 1 2 1 1 2 318 83 10 4 0 0 
1686980341.1442652 20.48828125 54.324021913575066 987.0400160588175 1 1 2 1 1 2 318 83 10 4 0 0 
1686980346.296318 20.478125 54.17058342048427 987.1064043452203 1 1 2 1 1 2 309 81 10 4 0 0 
1686980351.4477148 20.48828125 54.2473035359789 987.0865186909833 1 1 2 1 1 2 309 81 10 4 0 0 
1686980356.5996125 20.483203125 54.412692316696884 987.0733653228614 1 1 2 1 1 2 309 81 10 4 0 0 
1686980361.7497237 20.483203125 54.2414020503337 987.054852160045 1 1 2 1 1 2 288 76 10 4 0 0 
1686980366.900977 20.493359375 54.14697688146493 987.0713714300969 1 1 2 1 1 2 288 76 10 4 0 0 
1686980372.052197 20.48828125 54.241551451358326 987.0744265275857 1 1 2 1 1 2 288 76 10 4 0 0 
1686980377.2077124 20.483203125 54.19418979496884 987.0882017203204 1 1 2 1 1 2 303 83 15 2 0 0 
1686980382.3515437 20.48828125 54.11761646029568 987.1067150476431 1 1 2 1 1 2 303 83 15 2 0 0 
1686980387.5025716 20.48828125 54.18813941228363 987.1221727926645 1 1 2 1 1 2 303 83 15 2 0 0 
1686980392.653074 20.478125 54.25305546460933 987.1342641814069 None None None None None None None None None None None None 
1686980397.8043237 20.46796875 54.17028620561924 987.1211104159603 1 2 2 1 2 2 261 76 21 2 0 0 
1686980402.9563487 20.46796875 54.46519531627617 987.1062737865244 1 2 2 1 2 2 261 76 21 2 0 0 
1686980408.107243 20.462890625 54.19359424256608 987.1076464979483 1 2 2 1 2 2 261 76 21 2 0 0 
1686980413.2598412 20.462890625 54.311618248948186 987.1163716428557 1 2 2 1 2 2 240 69 21 2 0 0 
1686980418.4115596 20.473046875 54.17028620561924 987.1146886666256 1 2 2 1 2 2 240 69 21 2 0 0 
1686980423.564509 20.478125 54.311618248948186 987.099541883702 1 2 2 1 2 2 240 69 21 2 0 0 
1686980428.7180367 20.46796875 54.25865760153249 987.1012248593029 1 2 2 1 2 2 225 67 21 2 0 0 
1686980433.8702507 20.46796875 54.25275633887952 987.1284624707177 1 2 2 1 2 2 225 67 21 2 0 0 
1686980439.018787 20.46796875 54.282262549317224 987.1032180306138 1 2 2 1 2 2 225 67 21 2 0 0 
1686980444.1697955 20.462890625 54.358826699863414 987.146355274295 0 2 2 0 2 2 225 67 18 2 0 0 
1686980449.3215218 20.4578125 54.21690099232872 987.1133158047674 0 2 2 0 2 2 225 67 18 2 0 0 
1686980454.473113 20.462890625 54.35852508056857 987.1254064543865 0 2 2 0 2 2 225 67 18 2 0 0 
1686980459.6241875 20.44765625 54.21690099232872 987.1341309354327 1 2 2 1 2 2 255 74 18 2 0 0 
1686980464.772933 20.4578125 54.37032682058972 987.1068940140972 1 2 2 1 2 2 255 74 18 2 0 0 
1686980469.9273057 20.462890625 54.32902055058057 987.0903746153957 1 2 2 1 2 2 255 74 18 2 0 0 
1686980475.0822089 20.4578125 54.09312283546428 987.1220405555227 2 2 2 2 2 2 423 127 12 2 0 0 
1686980480.2326252 20.462890625 54.193296401829706 987.1156186404177 2 2 2 2 2 2 423 127 12 2 0 0 
1686980485.3841412 20.452734375 54.429486528434616 987.1368772875821 2 2 2 2 2 2 423 130 12 2 0 0 
1686980490.5380156 20.4578125 54.205098717643224 987.127399190812 2 2 2 2 2 2 423 130 12 2 0 0 
1686980495.6885035 20.452734375 54.2697110813183 987.1284624707177 2 2 2 2 2 2 423 130 12 2 0 0 
1686980500.8383236 20.4578125 54.11687643282605 987.1139357049267 2 2 2 2 2 2 402 123 10 2 0 0 
1686980505.9886549 20.4578125 54.32311961373696 987.1169917077516 2 2 2 2 2 2 402 123 10 2 0 0 
1686980511.1399639 20.452734375 54.199197564877466 987.1169917077516 2 2 2 2 2 2 402 123 10 2 0 0 
1686980516.2935553 20.4578125 54.14623511321347 987.1371871026122 2 2 2 2 2 2 417 128 12 2 0 0 
1686980521.4470358 20.452734375 54.20494964618666 987.1472848038185 2 2 2 2 2 2 417 128 12 2 0 0 
1686980526.6003706 20.462890625 54.27621147889766 987.1503409982012 2 2 2 2 2 2 417 128 12 2 0 0 
1686980531.752863 20.462890625 54.09327060330176 987.1052110653995 1 2 2 1 2 2 375 116 12 2 0 0 
1686980536.9064052 20.462890625 54.19949554056873 987.1099498797698 1 2 2 1 2 2 375 116 12 2 0 0 
1686980542.0634449 20.4578125 54.19359424256608 987.0998521064553 1 2 2 1 2 2 375 116 12 2 0 0 
1686980547.2167506 20.462890625 54.11672839506412 987.1250965444616 1 2 2 1 2 2 327 102 10 2 0 0 
1686980552.3701391 20.4578125 54.16984030265258 987.121730618485 1 2 2 1 2 2 327 102 10 2 0 0 
1686980557.5229666 20.452734375 54.18134524334178 987.1419261785397 1 5 6 1 5 6 447 129 47 8 2 0 
1686980562.6751277 20.44765625 54.21660256875247 987.1509603018792 1 5 6 1 5 6 447 129 47 6 2 0 
1686980567.8284779 20.44765625 54.311167423198086 987.1338212027696 1 5 6 1 5 6 426 122 45 6 2 0 
1686980572.9836907 20.44765625 54.181196431039545 987.1088868988736 1 5 6 1 5 6 441 124 49 6 2 0 
1686980578.13676 20.4578125 54.25260675988107 987.0847054512034 1 4 5 1 4 5 420 117 35 2 2 0 
1686980583.2912922 20.452734375 54.305416741514065 987.1052110653995 1 4 4 1 4 4 486 122 30 0 0 0 
1686980588.4446704 20.44765625 54.311017126436894 987.0870070318315 1 4 4 1 4 4 453 115 30 0 0 0 
1686980593.5980058 20.4578125 54.217050187983155 987.1156166861178 1 4 4 1 4 4 453 115 30 0 0 0 
1686980598.7512262 20.452734375 54.24625695531705 987.1260237958742 1 4 4 1 4 4 453 115 30 0 0 0 
1686980603.904529 20.44765625 54.21675178591848 987.1156166861178 1 3 3 1 3 3 411 111 30 0 0 0 
1686980609.057968 20.452734375 54.287413733772624 987.1621217486638 1 3 3 1 3 3 411 111 30 0 0 0 
1686980614.2118542 20.44765625 54.287713776753115 987.1694726130467 1 3 3 1 3 3 411 111 30 0 0 0 
1686980619.3650467 20.452734375 54.352322667760305 987.1226579794182 1 3 3 1 3 3 417 108 28 0 0 0 
1686980624.5179813 20.442578125 54.340521135932725 987.1307650629825 1 3 3 1 3 3 417 108 28 0 0 0 
1686980629.6702309 20.44765625 54.29936561248292 987.12938961261 1 3 3 1 3 3 417 108 28 0 0 0 
1686980634.824057 20.442578125 54.098580670294545 987.1142434395019 1 4 4 1 4 4 465 122 33 0 0 0 
1686980639.978261 20.442578125 54.36987390615723 987.1361212469202 1 4 4 1 4 4 429 126 36 4 0 0 
1686980645.1321855 20.4375 54.293014376410724 987.1215939839981 1 3 3 1 3 3 381 115 31 2 0 0 
1686980650.2858481 20.422265625 54.092088159432414 987.1404148219906 1 3 3 1 3 3 381 115 31 2 0 0 
1686980655.4391558 20.422265625 54.440377437722034 987.1401056789597 1 3 3 1 3 3 381 115 31 2 0 0 
1686980660.5933516 20.422265625 54.36957190942494 987.1286347463844 1 3 3 1 3 3 375 113 31 2 0 0 
1686980665.7477517 20.42734375 54.3337167288271 987.1255781666988 1 3 3 1 3 3 375 113 31 2 0 0 
1686980670.8997025 20.432421875 54.481679978887044 987.143471442589 1 3 3 1 3 3 375 113 31 2 0 0 
1686980676.0502532 20.432421875 54.245359466705175 987.1323095832698 1 3 3 1 3 3 390 113 31 4 0 0 
1686980681.200616 20.412109375 54.322216926698864 987.1339924375876 1 3 3 1 3 3 390 113 31 4 0 0 
1686980686.351514 20.412109375 54.46942278759225 987.1141073313947 1 3 3 1 3 3 390 113 31 4 0 0 
1686980691.5023286 20.412109375 54.22750819382117 987.1309357344642 1 3 3 1 3 3 405 113 29 4 0 0 
1686980696.6527429 20.40703125 54.33961710533297 987.091474914466 1 3 3 1 3 3 405 113 29 4 0 0 
1686980701.80337 20.412109375 54.451722305722086 987.1366018579201 1 3 3 1 3 3 405 113 29 4 0 0 
1686980706.9554286 20.412109375 54.31601553762877 987.1147252850268 1 3 3 1 3 3 420 115 29 4 0 0 
1686980712.107709 20.412109375 54.362916539209316 987.1234480949782 1 3 3 1 3 3 420 115 29 4 0 0 
1686980717.2597625 20.401953125 54.34506510864501 987.0945315359198 1 3 3 1 3 3 420 115 29 4 0 0 
1686980722.4120119 20.396875 54.32131385246047 987.1119772295149 2 2 2 2 2 2 408 120 12 0 0 0 
1686980727.5588036 20.401953125 54.409814680812076 987.1190169390654 2 2 2 2 2 2 408 120 12 0 0 0 
1686980732.712496 20.391796875 54.43341451109722 987.1035633024237 2 2 2 2 2 2 402 122 14 0 0 0 
1686980737.863495 20.396875 54.268212245298685 987.1106030783563 2 2 2 2 2 2 402 122 14 0 0 0 
1686980743.01532 20.396875 54.49241336726788 987.1257480288913 2 2 2 2 2 2 402 122 14 0 0 0 
1686980748.1663773 20.396875 54.55731092181099 987.1352276941606 2 2 2 2 2 2 408 124 12 0 0 0 
1686980753.3172116 20.391796875 54.439162543556236 987.0937753621815 2 2 2 2 2 2 408 124 12 0 0 0 
1686980758.465701 20.38671875 54.45050607395271 987.1341618927462 2 2 2 2 2 2 408 124 12 0 0 0 
1686980763.614957 20.38671875 54.3682123917342 987.1159598788566 2 2 2 2 2 2 393 119 10 0 0 0 
1686980768.7664392 20.381640625 54.43901063338658 987.1347784536381 2 2 2 2 2 2 393 119 10 0 0 0 
1686980773.9190319 20.391796875 54.32071158785677 987.0809306227525 2 2 2 2 2 2 393 119 10 0 0 0 
1686980779.0725665 20.38671875 54.35081438555702 987.139210211898 1 2 2 1 2 2 363 115 10 0 0 0 
1686980784.2243283 20.38671875 54.47440919916286 987.143950168401 1 2 2 1 2 2 363 115 10 0 0 0 
1686980789.3751087 20.38671875 54.41541138396169 987.0988236762998 1 2 2 1 2 2 363 115 10 0 0 0 
1686980794.5274136 20.391796875 54.445062397683046 987.1347784536381 1 2 2 1 2 2 336 110 12 0 0 0 
1686980799.6797829 20.381640625 54.3682123917342 987.1260564318395 1 2 2 1 2 2 336 110 12 0 0 0 
1686980804.8291612 20.381640625 54.509807394905856 987.1408929850886 0 1 1 0 1 1 270 77 15 0 0 0 
1686980809.9809208 20.381640625 54.49180327628832 987.1563461058879 0 1 1 0 1 1 270 77 15 0 0 0 
1686980815.132751 20.38671875 54.4685094638969 987.1341618927462 0 1 1 0 1 1 249 70 15 0 0 0 
1686980820.28447 20.391796875 54.33281271585809 987.0994408065452 0 1 1 0 1 1 249 70 15 0 0 0 
1686980825.4379048 20.391796875 54.433110836448414 987.1344702279143 0 1 1 0 1 1 249 70 15 0 0 0 
1686980830.589296 20.381640625 54.58650221626264 987.1378357468336 1 1 1 1 1 1 291 82 13 0 0 0 
1686980835.7427592 20.38671875 54.44491042004605 987.107237534562 1 1 1 1 1 1 291 82 13 0 0 0 
1686980840.893666 20.391796875 54.46896617414322 987.106620102089 1 1 1 1 1 1 291 82 13 0 0 0 
1686980846.0425735 20.396875 54.51057088616542 987.1133512984057 1 2 2 1 2 2 291 85 13 0 0 0 
1686980851.195787 20.401953125 54.268212245298685 987.1456329553574 1 2 2 1 2 2 291 85 13 0 0 0 
1686980856.346472 20.396875 54.39816612037525 987.1180909108567 1 2 2 1 2 2 291 85 13 0 0 0 
1686980861.4981055 20.396875 54.34521590703844 987.1206997114172 1 2 2 1 2 2 306 90 13 0 0 0 
1686980866.6516924 20.40703125 54.35096526217712 987.1099857001074 1 2 2 1 2 2 306 90 13 0 0 0 
1686980871.8027077 20.401953125 54.274262464465664 987.1615355295789 1 2 2 1 2 2 306 90 13 0 0 0 
1686980876.9550874 20.40703125 54.26261173362973 987.1298706034638 1 2 2 1 2 2 312 92 13 0 0 0 
1686980882.1015239 20.40703125 54.36881672937365 987.1102944439568 1 2 2 1 2 2 312 92 13 0 0 0 
1686980887.250314 20.401953125 54.191955586102 987.1497557327804 1 2 2 1 2 2 294 83 30 0 0 0 
1686980892.400899 20.40703125 54.345366694676336 987.1133512984057 1 2 2 1 2 2 294 83 30 0 0 0 
1686980897.553372 20.401953125 54.35731817316989 987.1349190442011 1 2 2 1 2 2 294 83 30 0 0 0 
1686980902.7048779 20.401953125 54.30391407218542 987.1200824958412 1 2 2 1 2 2 285 81 32 0 0 0 
1686980907.8587718 20.40703125 54.33386736001087 987.1416502994964 1 2 2 1 2 2 285 81 32 0 0 0 
1686980913.0098157 20.4171875 54.27486235481593 987.1339924375876 1 2 2 1 2 2 285 81 32 0 0 0 
1686980918.1623895 20.412109375 54.109642871121636 987.1410327796616 1 2 2 1 2 2 306 88 29 0 0 0 
1686980923.3135626 20.422265625 54.198303379663884 987.1440895649613 1 2 2 1 2 2 306 88 29 0 0 0 
1686980928.4672801 20.42734375 54.15729501655581 987.1471462953035 1 2 2 1 2 2 306 88 29 0 0 0 
1686980933.619997 20.432421875 54.14504772470237 987.1505120323797 1 2 2 1 2 2 327 95 27 0 0 0 
1686980938.7726364 20.442578125 54.16334460275929 987.1451543245083 1 2 2 1 2 2 327 95 27 0 0 0 
1686980943.9258978 20.442578125 54.127790088217324 987.1546332470424 1 2 2 1 2 2 327 95 27 0 0 0 
1686980949.0783174 20.4375 54.32266831861793 987.1475922059981 1 2 2 1 2 2 306 91 23 0 0 0 
1686980954.2316592 20.442578125 54.139740451858245 987.1361212469202 1 2 2 1 2 2 306 91 23 0 0 0 
1686980959.3850062 20.44765625 54.07512339474924 987.1459092832698 1 2 2 1 2 2 306 91 23 0 0 0 
1686980964.5375276 20.44765625 54.2048005639743 987.1479016096554 1 2 2 1 2 2 348 103 27 0 0 0 
1686980969.691551 20.452734375 54.15774067598857 987.1327554296253 1 2 2 1 2 2 369 100 16 0 0 0 
1686980974.8449557 20.432421875 54.26366040887695 987.1215939839981 1 1 1 1 1 1 342 96 14 0 0 0 
1686980979.9982247 20.422265625 54.34612047153314 987.1330648458173 1 1 1 1 1 1 342 96 14 0 0 0 
1686980985.153631 20.422265625 54.13339447421405 987.1333741525402 1 1 1 1 1 1 342 96 14 0 0 0 
1686980990.3057983 20.422265625 54.34581899305696 987.1535687351545 1 1 1 1 1 1 342 96 14 0 0 0 
1686980995.458814 20.42734375 54.13899853698695 987.108749630165 1 1 1 1 1 1 342 96 14 0 0 0 
1686981000.6122324 20.42734375 54.322216926698864 987.1269518787203 1 1 1 1 1 1 342 96 14 0 0 0 
1686981005.7656164 20.4171875 54.180452208190346 987.0858083242216 1 1 1 1 1 1 309 87 14 0 0 0 
1686981010.921685 20.412109375 54.209955661720585 987.1258872128093 1 1 1 1 1 1 309 87 14 0 0 0 
1686981016.0731742 20.412109375 54.239309306637054 987.1228304958192 1 1 1 1 1 1 309 87 14 0 0 0 
1686981021.227401 20.412109375 54.257010898759994 987.1292528938426 1 1 1 1 1 1 339 99 12 0 0 0 
1686981026.3805058 20.401953125 54.35716726134535 987.1144163629392 1 1 1 1 1 1 339 99 12 0 0 0 
1686981031.5331538 20.412109375 54.404520568409765 987.1144163629392 1 1 1 1 1 1 339 99 12 0 0 0 
1686981036.6873283 20.422265625 54.09798909238585 987.1191558515816 1 1 1 1 1 1 312 90 12 0 0 0 
1686981041.8414698 20.412109375 54.35746907423892 987.0867354534844 1 1 1 1 1 1 312 90 12 0 0 0 
1686981046.9947093 20.401953125 54.2154084442159 987.0965233097108 1 1 1 1 1 1 312 90 12 0 0 0 
1686981052.147995 20.401953125 54.35141782750436 987.1164080979066 1 1 1 1 1 1 297 76 12 0 0 0 
1686981057.3006096 20.40703125 54.4042176544871 987.1211476691034 1 2 2 1 2 2 303 78 14 0 0 0 
1686981062.453632 20.401953125 54.41026930250175 987.1116684992215 1 2 2 1 2 2 303 78 14 0 0 0 
1686981067.6073558 20.40703125 54.16260133830535 987.1376670976496 1 2 2 1 2 2 303 78 14 0 0 0 
1686981072.7611535 20.401953125 54.34521590703844 987.1329274575822 1 2 2 1 2 2 303 80 16 2 0 0 
1686981077.915257 20.401953125 54.23310975484344 987.1578611939174 1 2 2 1 2 2 303 80 16 2 0 0 
1686981083.0692163 20.4171875 54.19210460865067 987.1362931120625 1 2 2 1 2 2 303 80 16 2 0 0 
1686981088.2209575 20.4171875 54.475322927655405 987.1581698730013 1 2 3 1 2 3 324 89 16 2 0 0 
1686981093.3715851 20.412109375 54.321915944975004 987.123139350126 1 2 3 1 2 3 324 89 16 2 0 0 
1686981098.5209436 20.412109375 54.28046284298517 987.1359842567483 1 2 3 1 2 3 324 89 16 2 0 0 
1686981103.6745389 20.4171875 54.28061287766892 987.1783638166625 1 2 3 1 2 3 339 94 16 2 0 0 
1686981108.8238566 20.391796875 54.26276157664642 987.1598527012552 1 2 3 1 2 3 339 94 16 2 0 0 
1686981113.974039 20.412109375 54.29831425390938 987.1301792940915 1 2 3 1 2 3 339 94 16 2 0 0 
1686981119.126104 20.401953125 54.20360751906598 987.133236230552 1 2 3 1 2 3 324 94 14 2 0 0 
1686981124.2775009 20.412109375 54.345366694676336 987.1494469859157 1 2 3 1 2 3 324 94 14 2 0 0 
1686981129.4278388 20.4171875 54.1623039572324 987.100953753967 None None None None None None None None None None None None 
1686981134.579269 20.40703125 54.25096068102117 987.1349190442011 1 1 1 1 1 1 240 71 8 0 0 0 
1686981139.7338486 20.40703125 54.23901017115999 987.154804216703 1 1 1 1 1 1 267 82 10 2 0 0 
1686981144.8832572 20.396875 54.256711358431765 987.1584784426287 1 1 1 1 1 1 267 82 10 2 0 0 
1686981150.0357502 20.401953125 54.209507986780764 987.1043194057906 1 1 1 1 1 1 267 82 10 2 0 0 
1686981155.1872122 20.401953125 54.16835326029763 987.1177820158815 1 1 1 1 1 1 252 77 12 2 0 0 
1686981160.338507 20.40703125 54.29831425390938 987.1281877900244 1 1 1 1 1 1 252 77 12 2 0 0 
1686981165.4898558 20.412109375 54.156552035716146 987.1157901713872 1 1 1 1 1 1 252 77 12 2 0 0 
1686981170.6416633 20.422265625 54.20420412756669 987.1356752919751 1 1 1 1 1 1 252 77 10 2 0 0 
1686981175.7953382 20.412109375 54.19210460865067 987.0908568001743 1 1 1 1 1 1 252 77 10 2 0 0 
1686981180.94703 20.412109375 54.09769323889521 987.1491381295921 1 1 1 1 1 1 252 77 10 2 0 0 
1686981186.0962238 20.4171875 54.298464480258154 987.1090588118375 1 1 1 1 1 1 267 77 6 2 0 0 
1686981191.250608 20.40703125 54.06243582398082 987.1228304958192 1 1 1 1 1 1 267 77 6 2 0 0 
1686981196.40373 20.412109375 54.26291140890741 987.1261961494606 1 1 1 1 1 1 267 77 6 2 0 0 
1686981201.558605 20.40703125 54.274562431152134 987.093157712811 1 1 1 1 1 1 288 84 8 2 0 0 
1686981206.7076418 20.396875 54.27411246498892 987.1092288449331 1 1 1 1 1 1 288 84 8 2 0 0 
1686981211.8515427 20.40703125 54.10919863759756 987.1369104943234 1 2 2 1 2 2 363 104 11 0 0 0 
1686981217.005339 20.40703125 54.26261173362973 987.1251308946516 1 2 2 1 2 2 363 104 11 0 0 0 
1686981222.1600015 20.401953125 54.07394231229898 987.0982061082659 1 2 2 1 2 2 363 104 11 0 0 0 
1686981227.3134003 20.412109375 54.209358740289204 987.1211476691034 1 1 1 1 1 1 336 95 11 0 0 0 
1686981232.4661815 20.40703125 54.21570703988481 987.0864265198501 1 1 1 1 1 1 336 95 11 0 0 0 
1686981237.6153014 20.4171875 54.31011512000243 987.1174730114493 1 1 1 1 1 1 336 95 11 0 0 0 
1686981242.7656307 20.42734375 54.239309306637054 987.1609181161775 1 2 2 1 2 2 336 95 13 2 0 0 
1686981247.9164035 20.442578125 54.22840453240451 987.1492751287963 1 2 2 1 2 2 336 95 13 2 0 0 
1686981253.070762 20.442578125 54.104481862892015 987.1327554296253 1 2 2 1 2 2 336 95 13 2 0 0 
1686981258.2203956 20.442578125 54.181196431039545 987.1159263473454 1 2 2 1 2 2 330 95 13 2 0 0 
