timestamp temperature humidity pressure pm10_standard pm25_standard pm100_standard pm10_env pm25_env pm100_env particles_03um particles_05um particles_10um particles_25um particles_50um particles_100um
1677370936.6039104 20.478125 30.18496227075494 982.3097277065084 0 0 0 0 0 0 54 18 2 0 0 0 
1677370941.7518263 20.462890625 30.20291799518907 982.3074086068799 0 0 0 0 0 0 54 18 2 0 0 0 
1677370946.8986058 20.452734375 30.244644829855794 982.3053771267895 0 0 0 0 0 0 48 14 2 0 0 0 
1677370952.045008 20.46796875 30.23301109016107 982.3043917432215 0 0 0 0 0 0 48 14 2 0 0 0 
1677370957.198048 20.452734375 30.34579712848561 982.3061127923922 0 0 0 0 0 0 48 14 2 0 0 0 
1677370962.3500907 20.44765625 30.26841628954604 982.3090913562238 0 0 0 0 0 0 30 10 4 0 0 0 
1677370967.5022233 20.452734375 30.316458943606747 982.3043917432215 0 0 0 0 0 0 30 10 4 0 0 0 
1677370972.6521168 20.442578125 30.29268890783196 982.3044300708291 0 0 0 0 0 0 42 14 6 0 0 0 
1677370977.8050797 20.442578125 30.245525863742234 982.3148747340587 0 0 0 0 0 0 42 14 6 0 0 0 
1677370982.9496295 20.432421875 30.417975162316583 982.3084921785127 0 0 0 0 0 0 42 14 6 0 0 0 
1677370988.098536 20.4375 30.388140657974613 982.2953789006137 0 0 0 0 0 0 54 18 6 0 0 0 
1677370993.2490883 20.42734375 30.364371936835607 982.2923617337811 0 0 0 0 0 0 54 18 6 0 0 0 
1677370998.397761 20.42734375 30.346669943388196 982.2856310673144 0 0 0 0 0 0 54 18 6 0 0 0 
1677371003.554233 20.432421875 30.411785301129363 982.2805830681987 0 0 0 0 0 0 60 20 8 0 0 0 
1677371008.7065144 20.432421875 30.382198493111105 982.2923617337811 0 0 0 0 0 0 60 20 8 0 0 0 
1677371013.860545 20.432421875 30.35261210150881 982.2718213811746 0 0 0 0 0 0 60 20 8 0 0 0 
1677371019.0138774 20.42734375 30.340852487941362 982.3159190752244 0 0 0 0 0 0 66 22 8 0 0 0 
1677371024.1662104 20.422265625 30.471453104997092 982.3138883897867 0 0 0 0 0 0 66 22 8 0 0 0 
1677371029.3192697 20.4171875 30.3287185467023 982.2987442616521 0 0 0 0 0 0 66 22 8 0 0 0 
1677371034.4723415 20.412109375 30.471699509351026 982.2900404063071 0 0 0 0 0 0 72 24 10 0 0 0 
1677371039.6252425 20.4171875 30.317458880276227 982.299788352194 0 0 0 0 0 0 72 24 10 0 0 0 
1677371044.7813115 20.401953125 30.24602907342535 982.2802925160448 0 0 0 0 0 0 63 14 4 0 0 0 
1677371049.9338732 20.401953125 30.35880325386137 982.2934056583624 0 0 0 0 0 0 63 14 4 0 0 0 
1677371055.0871265 20.396875 30.293691034249175 982.2806402707464 0 0 0 0 0 0 84 18 4 0 0 0 
1677371060.2427394 20.391796875 30.412776305846524 982.2856880663587 0 0 0 0 0 0 84 18 4 0 0 0 
1677371065.3960168 20.401953125 30.329592343770617 982.2732700897312 0 0 0 0 0 0 84 18 4 0 0 0 
1677371070.55196 20.38671875 30.34147589027441 982.2944485972006 0 0 0 0 0 0 225 55 4 0 0 0 
1677371075.7053645 20.401953125 30.57889433126738 982.2840054677514 0 0 0 0 0 0 225 55 4 0 0 0 
1677371080.8584645 20.391796875 30.412776305846524 982.2742575769662 0 0 0 0 0 0 225 55 4 0 0 0 
1677371086.0137827 20.38671875 30.32365055509996 982.2749526471906 0 0 0 0 0 0 234 53 4 0 0 0 
1677371091.1691365 20.3765625 30.448672780352872 982.2621870384821 0 0 0 0 0 0 234 53 4 0 0 0 
1677371096.3223498 20.381640625 30.353483906784746 982.2530794056703 0 0 0 0 0 0 234 53 4 0 0 0 
1677371101.4754431 20.381640625 30.49632682750667 982.2635222121505 0 0 0 0 0 0 261 62 6 0 0 0 
1677371106.6256404 20.36640625 30.57380661793801 982.2615460015426 0 0 0 0 0 0 261 62 6 0 0 0 
1677371111.7790656 20.35625 30.508945423020077 982.2766884062887 0 0 0 0 0 0 261 62 6 0 0 0 
1677371116.932021 20.35625 30.37799571757828 982.2804001820882 0 0 0 0 0 0 261 62 6 0 0 0 
1677371122.0844991 20.34609375 30.426143129937397 982.2814399136952 0 0 0 0 0 0 261 62 6 0 0 0 
1677371127.2377124 20.3306640625 30.55696025316058 982.2965818374672 0 0 0 0 0 0 93 26 4 0 0 0 
1677371132.3945901 20.3255859375 30.396686805184792 982.2703556624631 0 0 0 0 0 0 93 26 4 0 0 0 
1677371137.5482666 20.3205078125 30.652127942616563 982.2824786598751 0 0 0 0 0 0 93 26 4 0 0 0 
1677371142.7014446 20.3154296875 30.533565077481555 982.2515517007533 0 0 0 0 0 0 93 26 4 0 0 0 
1677371147.8546576 20.2951171875 30.628730381710554 982.2690667715226 0 0 0 0 0 0 93 26 4 0 0 0 
1677371153.008775 20.2900390625 30.52811878676653 982.2795062554769 0 0 0 0 0 0 93 26 4 0 0 0 
1677371158.1631181 20.2748046875 30.569820878879447 982.2987021274665 0 0 0 0 0 0 99 28 4 0 0 0 
1677371163.312929 20.2798828125 30.653099795358823 982.2704485320851 0 0 0 0 0 0 99 28 4 0 0 0 
1677371168.4617522 20.2849609375 30.777831664284715 982.2842517716002 0 0 0 0 0 0 99 28 4 0 0 0 
1677371173.6126704 20.2798828125 30.60570309986646 982.2405130505887 0 0 0 0 0 0 57 14 4 0 0 0 
1677371178.754817 20.2595703125 30.51054354006927 982.2745032463205 0 0 0 0 0 0 57 14 4 0 0 0 
1677371183.9044771 20.2697265625 30.593945135147305 982.2543163061034 0 0 0 0 0 0 57 14 4 0 0 0 
1677371189.0548408 20.2595703125 30.617946268973014 982.2597080826437 0 0 0 0 0 0 69 18 6 0 0 0 
1677371194.207478 20.2595703125 30.57636945666369 982.2869685078283 0 0 0 0 0 0 69 18 6 0 0 0 
1677371199.3595765 20.2443359375 30.630067418433878 982.3004262606419 0 0 0 0 0 0 69 18 6 0 0 0 
1677371204.5126612 20.2443359375 30.558794463428498 982.2853206608223 0 0 0 0 0 0 69 18 6 0 0 0 
1677371209.6654675 20.2544921875 30.713097216540582 982.2527105938441 0 0 0 0 0 0 42 14 6 0 0 0 
1677371214.8175778 20.2443359375 30.452251562911172 982.2880360240954 0 0 0 0 0 0 42 14 6 0 0 0 
1677371219.9720397 20.2291015625 30.535525037221262 982.2698765398314 0 0 0 0 0 0 42 14 6 0 0 0 
1677371225.124971 20.2240234375 30.5652211186436 982.318314988837 0 0 0 0 0 0 42 14 6 0 0 0 
1677371230.278072 20.2087890625 30.51201274667674 982.2769492921542 0 0 0 0 0 0 42 14 6 0 0 0 
1677371235.4325638 20.2138671875 30.737692886839515 982.2409750023903 0 0 0 0 0 0 42 14 6 0 0 0 
1677371240.5853577 20.2037109375 30.761806265927902 982.2497294201104 0 0 0 0 0 0 42 14 6 0 0 0 
1677371245.737879 20.1986328125 30.643034020070317 982.2534373912827 0 0 0 0 0 0 36 12 6 0 0 0 
1677371250.89301 20.1935546875 30.69066368989618 982.2719401399673 0 0 0 0 0 0 36 12 6 0 0 0 
1677371256.0466576 20.1884765625 30.655152796670205 982.2689195806756 0 0 0 0 0 0 36 12 6 0 0 0 
1677371261.1987636 20.1833984375 30.696962814480287 982.2473965189803 0 0 0 0 0 0 24 8 4 0 0 0 
1677371266.3511915 20.1833984375 30.797913262016504 982.2608528435741 0 0 0 0 0 0 24 8 4 0 0 0 
1677371271.50182 20.1833984375 30.64351725837186 982.2544681613062 0 0 0 0 0 0 24 8 4 0 0 0 
1677371276.6525302 20.1884765625 30.696842636875115 982.2726271312619 0 0 0 0 0 0 18 6 4 0 0 0 
1677371281.7996125 20.1935546875 30.797913262016504 982.2746524906056 0 0 0 0 0 0 18 6 4 0 0 0 
1677371286.9522033 20.1833984375 30.881164742296715 982.2611962699548 0 0 0 0 0 0 18 6 4 0 0 0 
1677371292.1049838 20.1783203125 30.68520639972456 982.2595142426878 0 0 1 0 0 1 12 4 4 2 2 0 
1677371297.2581503 20.1783203125 30.77986024230148 982.2642169254214 0 0 1 0 0 1 12 4 2 2 2 0 
1677371302.410808 20.1833984375 30.881164742296715 982.2709450899539 0 0 1 0 0 1 12 4 2 2 2 0 
1677371307.56524 20.1884765625 30.6789069450168 982.2571451991031 0 0 1 0 0 1 12 4 2 2 2 0 
1677371312.7174187 20.1986328125 30.69066368989618 982.2749606443223 0 0 1 0 0 1 33 11 2 2 2 0 
1677371317.870956 20.1986328125 30.731993779163783 982.2652118667402 0 0 1 0 0 1 33 11 2 2 2 0 
1677371323.023213 20.1986328125 30.5598910036066 982.2433449864725 0 0 1 0 0 1 33 11 2 2 2 0 
1677371328.1783278 20.2037109375 30.779621748476547 982.2446831771543 0 0 1 0 0 1 33 11 2 2 2 0 
1677371333.3333027 20.1935546875 30.92855061204003 982.2561501883636 0 0 1 0 0 1 33 11 2 2 2 0 
1677371338.4894838 20.1783203125 30.649576408663155 982.2527861343187 0 0 1 0 0 1 33 11 2 2 2 0 
1677371343.641807 20.1732421875 30.649817804359515 982.2581755595587 0 0 1 0 0 1 54 18 4 2 2 0 
1677371348.7915518 20.1732421875 30.786394282156582 982.2369961007696 0 0 1 0 0 1 54 18 4 2 2 0 
1677371353.9393559 20.1580078125 30.73900969184923 982.201365738646 0 0 1 0 0 1 54 18 4 2 2 0 
1677371359.0919335 20.1580078125 30.941013190214168 982.2524770440273 0 0 1 0 0 1 54 18 4 2 2 0 
1677371364.2483685 20.1478515625 30.774995197150428 982.2185279577036 0 0 1 0 0 1 54 18 4 2 2 0 
1677371369.402441 20.142578125 30.887810338006997 982.205758346587 0 0 1 0 0 1 54 18 4 2 2 0 
1677371374.555254 20.142578125 30.846247296309105 982.2340078992046 0 0 0 0 0 0 33 8 2 0 0 0 
1677371379.7078114 20.1529296875 30.656238412843962 982.2151641238394 0 0 0 0 0 0 33 8 2 0 0 0 
1677371384.8608797 20.142578125 30.85824074633704 982.2336652135517 0 0 0 0 0 0 33 8 2 0 0 0 
1677371390.0111659 20.142578125 30.685927993964565 982.2303013784299 0 0 0 0 0 0 33 8 2 0 0 0 
1677371395.157721 20.142578125 30.893865707803464 982.1956670118033 0 0 0 0 0 0 33 8 2 0 0 0 
1677371400.303272 20.142578125 30.834609073393047 982.1939851229172 0 0 0 0 0 0 45 12 2 0 0 0 
1677371405.4535332 20.142578125 30.840428126991174 982.2306440911859 0 0 0 0 0 0 45 12 2 0 0 0 
1677371410.6037261 20.1375 30.852421518320153 982.2050726239224 0 0 0 0 0 0 45 12 2 0 0 0 
1677371415.756161 20.132421875 30.7992217081748 982.2124859045064 0 1 1 0 1 1 66 17 9 4 0 0 
1677371420.9099123 20.12734375 30.858713613737027 982.2037648091041 0 1 1 0 1 1 66 17 9 4 0 0 
1677371426.0620685 20.12734375 30.68640884023427 982.2098073562977 0 1 1 0 1 1 66 17 9 4 0 0 
1677371431.2154338 20.122265625 30.882344607635872 982.2017405644078 0 1 1 0 1 1 66 17 9 4 0 0 
1677371436.3688188 20.132421875 30.811096531300564 982.1919919658535 0 1 1 0 1 1 66 17 9 4 0 0 
1677371441.525839 20.132421875 30.75742074423601 982.2074402359619 0 1 1 0 1 1 66 17 9 4 0 0 
1677371446.6790621 20.12734375 30.834846054349338 982.2602632590358 0 1 1 0 1 1 72 19 9 4 0 0 
1677371451.832115 20.1375 30.858595413127773 982.2071284792329 0 1 1 0 1 1 72 19 9 4 0 0 
1677371456.9864957 20.122265625 30.75196085809834 982.2138558203285 0 0 1 0 0 1 36 12 6 4 2 0 
1677371462.138344 20.1171875 30.953708311673108 982.2178741760619 0 0 1 0 0 1 36 12 6 4 2 0 
1677371467.2912998 20.12734375 30.977573397189843 982.2131710811909 0 0 1 0 0 1 36 12 6 4 2 0 
1677371472.4413753 20.12734375 30.8170339274631 982.2464660828746 0 0 1 0 0 1 30 10 6 4 2 0 
1677371477.5948136 20.12734375 30.82902723163234 982.2421049479517 0 0 1 0 0 1 30 10 6 4 2 0 
1677371482.7482002 20.122265625 30.858713613737027 982.2313291885179 0 0 1 0 0 1 30 10 6 4 2 0 
1677371487.902112 20.12734375 30.917968091391142 982.2333534364188 0 0 1 0 0 1 30 10 2 2 2 0 
1677371493.055567 20.122265625 30.894336933462863 982.2239468340678 0 0 1 0 0 1 30 10 2 2 2 0 
1677371498.2087836 20.1375 30.787346843981453 982.2303319985954 0 0 1 0 0 1 30 10 2 2 2 0 
1677371503.3621237 20.1375 30.92390530274955 982.2283078466687 0 0 1 0 0 1 30 10 2 2 2 0 
1677371508.5141733 20.132421875 30.87035195629184 982.1997161832937 0 0 1 0 0 1 30 10 2 2 2 0 
1677371513.6677613 20.1375 30.846484046945154 982.2145104236464 0 0 1 0 0 1 30 10 2 2 2 0 
1677371518.8208709 20.1375 30.852303216822687 982.2141677941607 0 0 1 0 0 1 51 17 4 2 2 0 
1677371523.9738305 20.142578125 30.840428126991174 982.2235737090243 0 0 1 0 0 1 51 17 4 2 2 0 
1677371529.1273298 20.1478515625 30.846247296309105 982.2218917918476 0 0 1 0 0 1 51 17 4 2 2 0 
1677371534.2805712 20.1478515625 30.96499750919822 982.2713215592518 0 0 1 0 0 1 45 15 4 2 2 0 
1677371539.43343 20.1580078125 30.774995197150428 982.2484598019731 0 0 0 0 0 0 24 8 6 0 0 0 
1677371544.5865166 20.1529296875 30.911325132639618 982.2407032370091 0 0 0 0 0 0 24 8 6 0 0 0 
1677371549.7389748 20.1681640625 30.774637527284163 982.2440671815222 0 0 0 0 0 0 24 8 6 0 0 0 
1677371554.8921442 20.1732421875 30.869643281179666 982.2306114051468 0 0 0 0 0 0 36 10 6 0 0 0 
1677371560.047975 20.1783203125 30.88140080198115 982.2447194529116 0 0 0 0 0 0 36 10 6 0 0 0 
1677371565.2000885 20.1783203125 30.798151258764655 982.2353141152058 0 0 0 0 0 0 36 10 6 0 0 0 
1677371570.3508623 20.1783203125 30.75040753875996 982.251104107401 0 0 0 0 0 0 42 12 6 0 0 0 
1677371575.501014 20.1732421875 30.762403445437943 982.2541246807182 0 0 0 0 0 0 42 12 6 0 0 0 
1677371580.649759 20.1884765625 30.774041194290398 982.2672375259557 0 0 0 0 0 0 42 12 6 0 0 0 
1677371585.7947776 20.1935546875 30.708839491762205 982.2554631448724 0 0 0 0 0 0 36 10 4 0 0 0 
1677371590.944496 20.2037109375 30.6844844156818 982.2460212855829 0 0 0 0 0 0 36 10 4 0 0 0 
1677371596.0915756 20.2138671875 30.67224542342294 982.261810066612 0 0 0 0 0 0 36 10 4 0 0 0 
1677371601.2402809 20.2494140625 30.630067418433878 982.2768751961531 0 0 0 0 0 0 30 8 4 0 0 0 
1677371606.393284 20.2494140625 30.790306934913094 982.260087598702 0 0 0 0 0 0 30 8 4 0 0 0 
1677371611.5483527 20.2341796875 30.612249318362064 982.2607769141958 0 0 0 0 0 0 30 8 4 0 0 0 
1677371616.7006612 20.2595703125 30.58837015793608 982.2566885803499 0 0 0 0 0 0 30 8 2 0 0 0 
1677371621.8528945 20.2595703125 30.63564372455486 982.2398664082007 0 0 0 0 0 0 30 8 0 0 0 0 
1677371626.999437 20.2595703125 30.707037743157382 982.2492695726215 0 0 0 0 0 0 42 12 0 0 0 0 
1677371632.1517467 20.2595703125 30.683039278187053 982.2546613891893 0 0 0 0 0 0 42 12 0 0 0 0 
1677371637.300349 20.2595703125 30.582065741425815 982.2829144743811 0 0 0 0 0 0 42 12 0 0 0 0 
1677371642.4461477 20.2646484375 30.499399204275992 982.2483121750931 0 0 0 0 0 0 42 12 0 0 0 0 
1677371647.5941799 20.2494140625 30.68946041762367 982.3068105852122 0 0 0 0 0 0 42 12 0 0 0 0 
1677371652.7429752 20.2544921875 30.713097216540582 982.2836384561919 0 0 0 0 0 0 42 12 0 0 0 0 
1677371657.8932636 20.2646484375 30.70097811184728 982.2526340615394 0 0 0 0 0 0 42 12 0 0 0 0 
1677371663.0494137 20.2595703125 30.62958306974775 982.2664370082276 0 0 0 0 0 0 42 12 0 0 0 0 
1677371668.202482 20.2646484375 30.593945135147305 982.2707936985651 0 0 0 0 0 0 42 12 0 0 0 0 
1677371673.3549197 20.2697265625 30.582065741425815 982.2990471730194 0 0 0 0 0 0 36 10 0 0 0 0 
1677371678.5107646 20.2798828125 30.451020165299013 982.2637194430358 0 0 0 0 0 0 36 10 0 0 0 0 
1677371683.6647928 20.2798828125 30.718436101293307 982.286580869299 0 0 0 0 0 0 36 10 0 0 0 0 
1677371688.8182535 20.2900390625 30.451020165299013 982.2980117079668 0 0 0 0 0 0 42 12 2 0 0 0 
1677371693.9718397 20.2900390625 30.593211147938398 982.3043956457718 0 0 0 0 0 0 42 12 2 0 0 0 
1677371699.1289527 20.3052734375 30.617340013600163 982.2690667715226 0 0 0 0 0 0 42 12 2 0 0 0 
1677371704.2825274 20.2849609375 30.65273717617008 982.2926193509311 0 0 0 0 0 0 36 10 0 0 0 0 
1677371709.4306479 20.2900390625 30.617218730041188 982.2946470796123 0 0 0 0 0 0 36 10 0 0 0 0 
1677371714.578829 20.2951171875 30.5755172708874 982.3144896155042 0 0 0 0 0 0 42 12 2 0 0 0 
1677371719.7271821 20.3103515625 30.421072251058593 982.285198775076 0 0 0 0 0 0 42 12 2 0 0 0 
1677371724.8802416 20.3001953125 30.47997869573548 982.2734222958829 0 0 0 0 0 0 42 12 2 0 0 0 
1677371730.0345545 20.3154296875 30.420573179804563 982.2710480211916 0 0 0 0 0 0 42 12 2 0 0 0 
1677371735.186515 20.3357421875 30.461910882296774 982.2690195020915 0 0 0 0 0 0 42 12 2 0 0 0 
1677371740.3403192 20.3306640625 30.414261513446842 982.2807962649075 0 0 0 0 0 0 42 12 2 0 0 0 
1677371745.4947817 20.3306640625 30.40832068978705 982.2239413816875 0 0 0 0 0 0 42 12 2 0 0 0 
1677371750.6479187 20.361328125 30.37217872016547 982.2635754224036 0 0 0 0 0 0 42 12 2 0 0 0 
1677371755.800779 20.341015625 30.342597332231414 982.2679804306508 0 0 0 0 0 0 42 12 2 0 0 0 
1677371760.9551995 20.341015625 30.59793553814293 982.2558567156609 0 0 0 0 0 0 36 10 2 0 0 0 
1677371766.1079252 20.341015625 30.509068057648935 982.2252256355916 0 0 0 0 0 0 36 10 2 0 0 0 
1677371771.2603247 20.35625 30.479240997738202 982.245709139447 0 0 0 0 0 0 36 10 2 0 0 0 
1677371776.413181 20.361328125 30.568353502805063 982.2682759585086 0 0 0 0 0 0 36 10 2 0 0 0 
1677371781.5663524 20.35625 30.484690161799367 982.2665934691623 0 0 0 0 0 0 36 10 2 0 0 0 
1677371786.7187274 20.361328125 30.419584021961306 982.2497685795435 0 0 0 0 0 0 33 8 2 0 0 0 
1677371791.8751898 20.351171875 30.4018844125123 982.2386853214973 0 0 0 0 0 0 33 8 2 0 0 0 
1677371797.0284703 20.35625 30.514886277245303 982.2649109798857 0 0 0 0 0 0 27 6 2 0 0 0 
1677371802.1810627 20.36640625 30.413519104567897 982.2346261848633 0 0 0 0 0 0 27 6 2 0 0 0 
1677371807.3342657 20.36640625 30.389754106059033 982.2571394493077 0 0 0 0 0 0 27 6 2 0 0 0 
1677371812.4874754 20.361328125 30.419460328500715 982.258181023479 0 0 0 0 0 0 27 6 2 0 0 0 
1677371817.640801 20.361328125 30.318582980584576 982.2278962334896 0 0 0 0 0 0 27 6 2 0 0 0 
1677371822.7931957 20.35625 30.496818108309043 982.2632284906794 0 0 0 0 0 0 27 6 2 0 0 0 
1677371827.9461076 20.36640625 30.490754214029426 982.2483793239112 0 0 0 0 0 0 39 10 4 0 0 0 
1677371833.098593 20.351171875 30.532831139204518 982.2639222446284 0 0 0 0 0 0 39 10 4 0 0 0 
1677371838.2520008 20.371484375 30.49657248956511 982.216118821277 0 0 0 0 0 0 39 10 4 0 0 0 
1677371843.4054518 20.391796875 30.329592343770617 982.2312061759646 0 0 0 0 0 0 39 10 4 0 0 0 
1677371848.55885 20.381640625 30.519724153827664 982.2476840390297 0 0 0 0 0 0 39 10 4 0 0 0 
1677371853.7123373 20.381640625 30.234774240153403 982.221458647689 0 0 0 0 0 0 39 10 4 0 0 0 
1677371858.8645627 20.396875 30.478133719805427 982.235906051242 0 0 0 0 0 0 45 12 4 0 0 0 
1677371864.0213869 20.40703125 30.340852487941362 982.259405014004 0 0 0 0 0 0 45 12 4 0 0 0 
1677371869.178433 20.422265625 30.501408433462263 982.2429269068946 0 0 0 0 0 0 48 16 2 0 0 0 
1677371874.3311875 20.412109375 30.471699509351026 982.2176875547566 0 0 0 0 0 0 48 16 2 0 0 0 
1677371879.4846945 20.412109375 30.382322737903017 982.2247063834085 0 0 0 0 0 0 48 16 2 0 0 0 
1677371884.63789 20.432421875 30.286871745319928 982.1961008757944 0 0 0 0 0 0 60 20 4 0 0 0 
1677371889.7917235 20.452734375 30.262724807572212 982.1899658830021 0 0 0 0 0 0 60 20 4 0 0 0 
1677371894.9449928 20.452734375 30.30457394628242 982.1984187533208 0 0 0 0 0 0 60 20 4 0 0 0 
1677371900.0981617 20.452734375 30.203297115699762 982.21015865837 0 0 0 0 0 0 60 20 4 0 0 0 
1677371905.2512972 20.4578125 30.351739765601728 982.2296528719428 0 0 0 0 0 0 60 20 4 0 0 0 
1677371910.4043403 20.44765625 30.322401426846604 982.2185723177453 0 0 0 0 0 0 60 20 4 0 0 0 
1677371915.5577133 20.462890625 30.16118968776571 982.1805030283258 0 0 0 0 0 0 48 16 2 0 0 0 
1677371920.7108853 20.478125 30.374888157840477 982.1996465880698 0 0 0 0 0 0 48 16 2 0 0 0 
1677371925.862985 20.46796875 30.309765632173836 982.2248887859778 0 0 0 0 0 0 48 16 2 0 0 0 
1677371931.0164568 20.478125 30.113771449903172 982.1915826027034 0 0 0 0 0 0 48 16 2 0 0 0 
1677371936.1722088 20.473046875 30.20886101594641 982.1922824282343 0 0 0 0 0 0 48 16 2 0 0 0 
1677371941.3255153 20.478125 30.416860264343125 982.1852014299542 0 0 0 0 0 0 48 16 2 0 0 0 
1677371946.478925 20.462890625 30.315708536271803 982.1791701140444 0 0 0 0 0 0 42 14 2 0 0 0 
1677371951.6305158 20.473046875 30.285993912952467 982.207077640001 0 0 0 0 0 0 33 11 2 0 0 0 
1677371956.78314 20.478125 30.309765632173836 982.1983137983291 0 0 0 0 0 0 33 11 2 0 0 0 
1677371961.9363635 20.46796875 30.345672397325437 982.17882025719 0 0 0 0 0 0 33 11 2 0 0 0 
1677371967.0917192 20.478125 30.280050957439748 982.1818358602266 0 0 0 0 0 0 33 11 2 0 0 0 
1677371972.2453187 20.478125 30.291686088330028 982.1777700292768 0 0 0 0 0 0 12 4 0 0 0 0 
1677371977.3969123 20.473046875 30.14323305220922 982.1545610467618 0 0 0 0 0 0 12 4 0 0 0 0 
1677371982.547359 20.493359375 30.27954399795401 982.1723712585549 0 0 0 0 0 0 12 4 0 0 0 0 
1677371987.6940901 20.493359375 30.31558343047989 982.1935473429826 0 0 0 0 0 0 12 4 0 0 0 0 
1677371992.840999 20.48828125 30.172564065789953 982.175035962901 0 0 0 0 0 0 12 4 0 0 0 0 
1677371997.9929457 20.513671875 30.0772122109144 982.1689350433894 0 0 0 0 0 0 12 4 0 0 0 0 
1677372003.1369283 20.513671875 30.207592398625913 982.1756666151493 0 0 0 0 0 0 18 6 0 0 0 0 
1677372008.2848914 20.523828125 30.136267227076097 982.1547695632953 0 0 0 0 0 0 18 6 0 0 0 0 
1677372013.4369214 20.523828125 30.278790474868945 982.1480378864653 0 0 0 0 0 0 18 6 0 0 0 0 
1677372018.591396 20.5341796875 30.148027738724284 982.1540667850255 0 0 0 0 0 0 18 6 0 0 0 0 
1677372023.7382052 20.513671875 30.076956382974206 982.1386429843164 0 0 0 0 0 0 18 6 0 0 0 0 
1677372028.8819666 20.523828125 30.160169420913057 982.1439691075595 0 0 0 0 0 0 18 6 0 0 0 0 
1677372034.0293705 20.523828125 30.362249834899707 982.1786814760214 0 0 0 0 0 0 57 16 4 0 0 0 
1677372039.1828327 20.51875 30.291054149179693 982.1635353178958 0 0 0 0 0 0 57 16 4 0 0 0 
1677372044.3382504 20.513671875 30.112364310354277 982.1523838386063 0 0 0 0 0 0 57 16 4 0 0 0 
1677372049.4912279 20.513671875 30.112874367036586 982.1521061188846 0 0 0 0 0 0 57 16 4 0 0 0 
1677372054.6373603 20.50859375 30.27904169254868 982.1241993799144 0 0 0 0 0 0 57 16 4 0 0 0 
1677372059.7854168 20.4984375 30.21998486923555 982.1487403348231 0 0 0 0 0 0 69 20 4 0 0 0 
1677372064.932177 20.503515625 30.24350644620733 982.1655692579288 0 0 0 0 0 0 69 20 4 0 0 0 
1677372070.0887272 20.50859375 30.08922739827315 982.1823981880284 0 0 0 0 0 0 69 20 4 0 0 0 
1677372075.241107 20.50859375 30.18419756856832 982.1629052659341 0 0 0 0 0 0 57 16 2 0 0 0 
1677372080.3925102 20.503515625 30.20797163997886 982.1709688198392 0 0 0 0 0 0 57 16 2 0 0 0 
1677372085.5395684 20.503515625 30.02953363741876 982.1743345786127 0 0 0 0 0 0 57 16 2 0 0 0 
1677372090.69225 20.513671875 30.24312840416124 982.1574326780735 0 0 0 0 0 0 36 12 2 0 0 0 
1677372095.84152 20.50859375 30.273223837699653 982.1769985692833 0 0 0 0 0 0 36 12 2 0 0 0 
1677372100.986432 20.50859375 30.308759117654567 982.1605205802629 0 0 0 0 0 0 36 12 2 0 0 0 
1677372106.135381 20.513671875 30.124761670135637 982.1638863653036 0 0 0 0 0 0 30 10 2 0 0 0 
1677372111.2840748 20.513671875 30.178127279878346 982.1800133613738 0 0 0 0 0 0 30 10 2 0 0 0 
1677372116.43503 20.523828125 30.047108679909222 982.1998574427668 0 0 0 0 0 0 153 47 2 0 0 0 
1677372121.5804303 20.523828125 30.201775183946125 982.174262147511 0 0 0 0 0 0 153 47 2 0 0 0 
1677372126.730386 20.513671875 30.237436865436813 982.1147310691381 0 0 0 0 0 0 153 47 2 0 0 0 
1677372131.8834186 20.51875 30.083028089196294 982.1934767267829 0 0 0 0 0 0 153 47 2 0 0 0 
1677372137.0355434 20.50859375 30.059380994014226 982.1659201822036 0 0 0 0 0 0 153 47 2 0 0 0 
1677372142.1920216 20.4984375 30.32683952878127 982.152457151586 0 0 0 0 0 0 153 49 2 0 0 0 
1677372147.344874 20.52890625 30.165478505617575 982.1654959532739 0 0 0 0 0 0 153 49 2 0 0 0 
1677372152.4977775 20.5341796875 30.290677749488946 982.1641644650092 0 0 0 0 0 0 153 49 2 0 0 0 
1677372157.6507297 20.52890625 30.135758135426798 982.1907403685999 0 1 1 0 1 1 159 51 4 0 0 0 
1677372162.7976515 20.5341796875 30.06455630820958 982.1553981915499 0 1 1 0 1 1 159 51 4 0 0 0 
1677372167.9399178 20.5392578125 30.189507952264133 982.1587641118448 0 1 1 0 1 1 159 51 4 0 0 0 
1677372173.0872858 20.5341796875 30.028634141644098 982.1406032156306 0 0 0 0 0 0 138 44 4 0 0 0 
1677372178.2376156 20.52890625 30.111598900425374 982.1600954632004 0 0 0 0 0 0 138 44 4 0 0 0 
1677372183.389428 20.52890625 30.195451817431074 982.1507008922572 0 0 0 0 0 0 138 44 4 0 0 0 
1677372188.5377164 20.523828125 30.041036342799632 982.1641644650092 0 1 1 0 1 1 138 44 6 0 0 0 
1677372193.6907413 20.523828125 30.33228288667136 982.186393966692 0 1 1 0 1 1 138 44 6 0 0 0 
1677372198.843946 20.51875 30.189761244587096 982.1988763623344 0 0 2 0 0 2 54 18 8 4 4 0 
1677372203.9949307 20.4984375 30.267280379970412 982.1908126557008 0 0 2 0 0 2 54 18 8 4 4 0 
1677372209.151341 20.513671875 30.231493277567154 982.1816962818049 0 0 2 0 0 2 54 18 8 4 4 0 
1677372214.2994208 20.513671875 30.159915465898393 982.190110885011 0 0 2 0 0 2 60 20 8 4 4 0 
1677372219.447448 20.50859375 30.255267567336702 982.2009100192157 0 0 2 0 0 2 60 20 8 4 4 0 
1677372224.5911932 20.513671875 30.088844083240794 982.2422814639147 0 0 2 0 0 2 60 20 8 4 4 0 
1677372229.7404766 20.503515625 30.296997565770486 982.2012606588704 0 0 2 0 0 2 54 18 8 4 4 0 
1677372234.8935347 20.4984375 30.136776145444053 982.2049769231334 0 0 2 0 0 2 54 18 8 4 4 0 
1677372240.0436099 20.50859375 30.20797163997886 982.2126902798316 0 0 2 0 0 2 54 18 8 4 4 0 
1677372245.1957715 20.523828125 30.249198064738525 982.2065891824827 0 0 3 0 0 3 69 23 12 6 6 0 
1677372250.349452 20.513671875 30.142338225340442 982.1955105472495 0 0 3 0 0 3 69 23 12 6 6 0 
1677372255.5025783 20.50859375 30.10085938799912 982.1955105472495 0 0 3 0 0 3 69 23 12 6 6 0 
1677372260.6556609 20.513671875 30.070884518758916 982.2170376270203 0 0 3 0 0 3 81 25 12 6 6 0 
1677372265.8097563 20.503515625 30.20771882324003 982.2204034710303 0 0 3 0 0 3 81 25 12 6 6 0 
1677372270.9628515 20.503515625 30.183944204355328 982.1840810814231 0 0 3 0 0 3 81 25 12 6 6 0 
1677372276.115984 20.523828125 30.27309817667296 982.2069400966687 0 0 3 0 0 3 69 21 12 6 6 0 
1677372281.2692943 20.51875 30.154098658812188 982.202242177699 0 0 0 0 0 0 60 20 2 0 0 0 
1677372286.4239728 20.503515625 30.154352729038525 982.2119888615298 0 0 0 0 0 0 60 20 2 0 0 0 
1677372291.576028 20.513671875 30.100731742367987 982.2449459955233 0 0 0 0 0 0 60 20 2 0 0 0 
1677372296.7288828 20.52890625 30.219353484649695 982.203223312485 0 0 0 0 0 0 60 20 2 0 0 0 
1677372301.8827677 20.51875 30.09453245731744 982.21367178329 0 0 0 0 0 0 60 20 2 0 0 0 
1677372307.038302 20.5392578125 30.076572559836496 982.2492931749986 0 0 0 0 0 0 60 20 2 0 0 0 
1677372312.1914377 20.5392578125 30.111726495822317 982.2422102109979 0 0 0 0 0 0 48 16 2 0 0 0 
1677372317.3450062 20.5443359375 30.147137596923148 982.2428394218213 0 0 0 0 0 0 48 16 2 0 0 0 
1677372322.4974473 20.5392578125 30.171041848194555 982.2418590470324 0 0 0 0 0 0 48 16 2 0 0 0 
1677372327.650725 20.5544921875 30.206580611840145 982.1846369387064 0 0 0 0 0 0 42 14 2 0 0 0 
1677372332.8049495 20.5646484375 30.087565662498324 982.2243260789778 0 0 0 0 0 0 42 14 2 0 0 0 
1677372337.9582713 20.5646484375 30.218721829320028 982.1872994186822 0 0 0 0 0 0 42 14 2 0 0 0 
1677372343.1114185 20.5646484375 30.248190110207133 982.2361072961716 0 0 0 0 0 0 36 12 4 0 0 0 
1677372348.263434 20.5544921875 30.20050976612331 982.1607229934685 0 0 0 0 0 0 36 12 4 0 0 0 
1677372353.4166348 20.5849609375 30.098943566357875 982.1757925556002 0 0 0 0 0 0 36 12 4 0 0 0 
1677372358.5698748 20.5849609375 30.13461204565555 982.2377147311579 None None None None None None None None None None None None 
1677372363.7219002 20.5798828125 30.105016067444 982.1724263896624 0 0 0 0 0 0 51 17 0 0 0 0 
1677372368.8767126 20.5646484375 30.098943566357875 982.162680338592 0 0 0 0 0 0 51 17 0 0 0 0 
1677372374.0317347 20.5748046875 29.950450424245975 982.2178696534316 0 0 0 0 0 0 51 17 0 0 0 0 
1677372379.1849992 20.5849609375 30.069347690134897 982.1475327210948 0 0 0 0 0 0 45 15 0 0 0 0 
1677372384.3380883 20.5697265625 30.03380748172126 982.1563004531158 0 0 0 0 0 0 45 15 0 0 0 0 
1677372389.4923117 20.5595703125 30.152954806707893 982.1842852043212 0 0 0 0 0 0 45 15 0 0 0 0 
1677372394.6454072 20.5798828125 30.08730984838645 982.1959895571031 0 0 0 0 0 0 39 13 0 0 0 0 
1677372399.7944126 20.5646484375 30.06365930786253 982.1957145657766 0 0 0 0 0 0 39 13 0 0 0 0 
1677372404.9431725 20.5798828125 30.253630319663852 982.1710956840943 0 0 0 0 0 0 39 13 0 0 0 0 
1677372410.095883 20.5697265625 30.081621133119654 982.18491239979 0 0 0 0 0 0 33 11 0 0 0 0 
1677372415.2480783 20.5646484375 29.956654232470836 982.1680818404744 0 0 0 0 0 0 33 11 0 0 0 0 
1677372420.4012382 20.5595703125 29.99826771341203 982.1435406819804 0 0 0 0 0 0 33 11 0 0 0 0 
1677372425.5472772 20.5798828125 30.182169441915846 982.1879263803452 0 0 0 0 0 0 39 13 0 0 0 0 
1677372430.6940227 20.6052734375 30.003696907719483 982.1915661284951 0 0 0 0 0 0 39 13 0 0 0 0 
1677372435.8390644 20.5951171875 30.02709091420818 982.1178618489445 0 0 0 0 0 0 39 13 0 0 0 0 
1677372440.9894648 20.6103515625 30.074523856891954 982.1339868389452 0 0 0 0 0 0 48 16 2 0 0 0 
1677372446.142643 20.6001953125 30.140047375130088 982.1444386727297 0 0 0 0 0 0 48 16 2 0 0 0 
1677372451.2950222 20.5900390625 30.04518329405062 982.1353985828141 0 0 0 0 0 0 48 16 2 0 0 0 
1677372456.4499755 20.5849609375 30.182042591945887 982.1299965268497 0 0 0 0 0 0 48 16 2 0 0 0 
1677372461.6032443 20.5849609375 30.00951306752397 982.1421309088137 0 0 0 0 0 0 48 16 2 0 0 0 
1677372466.7565331 20.5849609375 30.206074458531898 982.1976726410162 0 0 0 0 0 0 36 12 2 0 0 0 
1677372471.9101377 20.5849609375 30.039495277809447 982.1488632359324 0 0 0 0 0 0 36 12 2 0 0 0 
1677372477.0624678 20.5900390625 29.9680266597281 982.1485105728237 0 0 0 0 0 0 36 12 2 0 0 0 
1677372482.208972 20.5900390625 29.9978808636804 982.1414253645493 0 0 0 0 0 0 42 14 2 0 0 0 
1677372487.3588731 20.5900390625 30.18811407015169 982.1518767639101 0 0 0 0 0 0 42 14 2 0 0 0 
1677372492.5087023 20.5697265625 30.181915731146017 982.1656940586263 0 0 0 0 0 0 42 14 2 0 0 0 
1677372497.6578019 20.5646484375 30.033550392369758 982.137434312578 0 0 0 0 0 0 30 10 0 0 0 0 
1677372502.8029764 20.5646484375 30.140811381749437 982.1731310075347 0 0 0 0 0 0 30 10 0 0 0 0 
1677372507.952556 20.5798828125 30.021917953742275 982.146202123822 0 0 0 0 0 0 30 10 0 0 0 0 
1677372513.0996752 20.5798828125 29.992193953760392 982.1243224189913 0 0 0 0 0 0 24 8 0 0 0 0 
1677372518.2459078 20.5798828125 30.110833100609714 982.1310546346032 0 0 0 0 0 0 24 8 0 0 0 0 
1677372523.3955564 20.5951171875 30.045311728921025 982.1454970722333 0 0 0 0 0 0 36 10 6 2 0 0 
1677372528.5434315 20.5748046875 30.146755945129136 982.1219339341726 0 0 0 0 0 0 36 10 6 2 0 0 
1677372533.6942096 20.5798828125 30.11070542940143 982.1253000959131 0 0 0 0 0 0 36 10 6 2 0 0 
1677372538.839555 20.5849609375 30.027605496641915 982.1000538896785 0 0 0 0 0 0 42 12 6 2 0 0 
1677372543.9908826 20.5798828125 30.235796948898752 982.178453773916 0 0 0 0 0 0 42 12 6 2 0 0 
1677372549.1429396 20.5900390625 30.051385017824362 982.1724263896624 0 0 0 0 0 0 42 12 6 2 0 0 
1677372554.295287 20.5748046875 30.00395470314791 982.1357512447366 0 0 0 0 0 0 42 12 6 2 0 0 
1677372559.4471073 20.5748046875 30.152700498221158 982.0910141663658 0 0 0 0 0 0 42 12 6 2 0 0 
1677372564.6007354 20.5748046875 30.045568566170477 982.1367289062244 0 0 0 0 0 0 42 12 6 2 0 0 
1677372569.7533581 20.5748046875 30.081365182129932 982.1239697718058 0 0 0 0 0 0 30 8 4 0 0 0 
1677372574.897007 20.5900390625 30.271463597837695 982.1121883023028 0 0 0 0 0 0 30 8 4 0 0 0 
1677372580.0480785 20.6052734375 30.02734822708611 982.1440856536533 0 0 0 0 0 0 30 8 4 0 0 0 
1677372585.1949449 20.6052734375 30.098432269037826 982.112106082384 0 0 0 0 0 0 24 6 2 0 0 0 
1677372590.3478801 20.6001953125 30.0927430199231 982.1010307747641 0 0 0 0 0 0 24 6 2 0 0 0 
1677372595.50436 20.6103515625 29.961434508771593 982.1113992003095 0 0 0 0 0 0 24 6 2 0 0 0 
1677372600.660315 20.6103515625 30.044926391818418 982.1306205679356 0 0 0 0 0 0 30 8 2 0 0 0 
1677372605.8124533 20.6052734375 30.145992349129738 982.1457687896827 0 0 0 0 0 0 57 19 2 0 0 0 
1677372610.9637754 20.6052734375 30.205694729837678 982.1060800962837 0 0 0 0 0 0 57 19 2 0 0 0 
1677372616.1135933 20.5900390625 30.074780096384735 982.0909321336137 0 0 0 0 0 0 57 19 2 0 0 0 
1677372621.2623568 20.5951171875 30.116522635932316 982.0942983470507 0 0 0 0 0 0 69 19 2 0 0 0 
1677372626.4132226 20.5951171875 30.074908199885613 982.1094463109798 0 0 0 0 0 0 69 19 2 0 0 0 
1677372631.5615785 20.5951171875 29.914650523063706 982.1158256013447 0 0 0 0 0 0 69 19 2 0 0 0 
1677372636.7084563 20.5798828125 29.9978808636804 982.082869902565 0 0 0 0 0 0 48 12 0 0 0 0 
1677372641.859429 20.5798828125 30.253756326770237 982.0973935677354 0 0 0 0 0 0 48 12 0 0 0 0 
1677372647.01174 20.5748046875 30.235670725664917 982.1330098216879 0 0 0 0 0 0 48 12 0 0 0 0 
1677372652.164624 20.5849609375 30.075164374396348 982.089602274105 0 0 0 0 0 0 60 16 0 0 0 0 
1677372657.3172266 20.5595703125 30.081877040788143 982.105183550702 0 0 0 0 0 0 60 16 0 0 0 0 
1677372662.4724154 20.5646484375 30.09945469039404 982.1115631735239 0 0 0 0 0 0 60 16 0 0 0 0 
1677372667.6259568 20.5443359375 30.254512141986538 982.0937549328498 0 0 0 0 0 0 60 16 0 0 0 0 
1677372672.7791395 20.5341796875 30.022561171998564 982.0873753514184 0 0 0 0 0 0 60 16 0 0 0 0 
1677372677.9323564 20.5443359375 30.135503524621615 982.0890583358399 0 0 0 0 0 0 60 16 0 0 0 0 
1677372683.0856228 20.5595703125 30.010285978173275 982.0829517399933 0 0 0 0 0 0 66 18 2 0 0 0 
1677372688.238796 20.5494140625 30.05202663336554 982.0829517399933 0 0 0 0 0 0 33 9 2 0 0 0 
1677372693.3915403 20.5443359375 30.052283203769008 982.0718759619011 0 0 0 0 0 0 27 9 2 0 0 0 
1677372698.5446863 20.5443359375 30.17129565942656 982.1025222137312 0 0 0 0 0 0 27 9 2 0 0 0 
1677372703.6979485 20.5341796875 30.200889505183348 982.1099582949507 0 0 0 0 0 0 27 9 2 0 0 0 
1677372708.8512745 20.5392578125 30.183437345970617 982.0897628017177 0 0 0 0 0 0 39 13 6 0 0 0 
1677372714.003483 20.5392578125 30.26665162438468 982.1163381669803 0 0 0 0 0 0 39 13 6 0 0 0 
1677372719.1566613 20.523828125 30.10616513942951 982.0712502751016 0 0 0 0 0 0 39 13 6 0 0 0 
1677372724.3097768 20.51875 30.005371803615002 982.0938326898485 0 0 0 0 0 0 33 11 6 0 0 0 
1677372729.4629016 20.52890625 30.249072108325826 982.0857699288374 0 0 0 0 0 0 33 11 6 0 0 0 
1677372734.615474 20.51875 30.03522069877387 982.0971985507542 0 0 0 0 0 0 33 11 6 0 0 0 
1677372739.769122 20.523828125 30.09453245731744 982.078686319235 0 0 0 0 0 0 33 11 6 0 0 0 
1677372744.922729 20.5443359375 30.099837919703663 982.0991562438388 0 0 0 0 0 0 33 11 6 0 0 0 
1677372750.0761807 20.5341796875 30.183310604299695 982.0817001521579 0 0 0 0 0 0 33 11 6 0 0 0 
1677372755.2289298 20.5341796875 30.171422548797644 982.1069443117264 0 0 0 0 0 0 33 11 6 0 0 0 
1677372760.373035 20.5341796875 30.07644459712995 982.0830309728782 0 0 0 0 0 0 33 11 6 0 0 0 
1677372765.5262005 20.51875 30.046980396665116 982.0871009688765 0 0 0 0 0 0 33 11 6 0 0 0 
1677372770.6793551 20.51875 30.136267227076097 982.0618570251977 0 0 0 0 0 0 12 4 0 0 0 0 
1677372775.8325245 20.51875 30.005629317447415 982.0824040960175 0 0 0 0 0 0 12 4 0 0 0 0 
1677372780.985964 20.51875 30.112491840770122 982.0756724312174 0 0 0 0 0 0 12 4 0 0 0 0 
1677372786.1380506 20.523828125 29.975651071448162 982.0958674289755 0 0 0 0 0 0 12 4 0 0 0 0 
1677372791.2906587 20.523828125 30.20152218702017 982.0833830956395 0 0 0 0 0 0 12 4 0 0 0 0 
1677372796.4441535 20.523828125 30.065068641568224 982.0773553473124 0 0 0 0 0 0 18 6 0 0 0 0 
1677372801.5974412 20.52890625 30.249072108325826 982.0908186785919 0 0 0 0 0 0 18 6 0 0 0 0 
1677372806.7513957 20.513671875 30.159915465898393 982.0891357619371 0 0 0 0 0 0 18 6 0 0 0 0 
1677372811.9046295 20.50859375 30.142083859709253 982.09755034591 0 0 0 0 0 0 24 8 0 0 0 0 
1677372817.0577316 20.50859375 30.142338225340442 982.0793900981341 0 0 0 0 0 0 24 8 0 0 0 0 
1677372822.2078118 20.503515625 30.219858613977877 982.0898391590273 0 0 0 0 0 0 24 8 0 0 0 0 
1677372827.3533547 20.503515625 29.99994293586254 982.0585677446927 0 0 0 0 0 0 24 8 0 0 0 0 
1677372832.5024817 20.493359375 30.20809803210359 982.0568848836498 0 0 0 0 0 0 24 8 0 0 0 0 
1677372837.6522317 20.483203125 30.083411577053646 982.0616561842834 0 0 0 0 0 0 24 8 0 0 0 0 
1677372842.7993958 20.493359375 30.137035431419218 982.0824791894219 0 0 0 0 0 0 24 8 0 0 0 0 
1677372847.9522383 20.48828125 30.208355644049888 982.0855664191836 0 0 0 0 0 0 24 8 0 0 0 0 
1677372853.1033814 20.48828125 30.410669592406112 982.0680362365316 0 0 0 0 0 0 111 37 2 0 0 0 
1677372858.2493362 20.483203125 30.25021016710237 982.0989564307025 0 0 0 0 0 0 111 37 2 0 0 0 
1677372863.3983316 20.483203125 30.166879204906454 982.0835326803494 0 0 0 0 0 0 105 35 2 0 0 0 
1677372868.5480382 20.473046875 30.202538777210076 982.0573099769448 0 0 0 0 0 0 105 35 2 0 0 0 
1677372873.692352 20.48828125 30.107318239100938 982.0848644477082 0 0 0 0 0 0 105 35 2 0 0 0 
1677372878.839522 20.483203125 30.119332532629944 982.1003607622883 0 0 0 0 0 0 105 35 2 0 0 0 
1677372883.9841115 20.462890625 30.23882790213201 982.0687384790696 0 0 0 0 0 0 105 35 2 0 0 0 
1677372889.130883 20.473046875 30.137671225318932 982.054295387186 0 0 0 0 0 0 105 35 2 0 0 0 
1677372894.2814186 20.483203125 30.05421102828992 982.0586417183576 0 0 0 0 0 0 105 35 2 0 0 0 
1677372899.4368079 20.473046875 30.154992598537863 982.0919467204446 0 0 0 0 0 0 105 35 2 0 0 0 
1677372904.5896745 20.483203125 30.363002271311487 982.0683874125834 0 0 0 0 0 0 105 35 2 0 0 0 
1677372909.7422864 20.473046875 30.036509239201322 982.0169232862233 0 0 0 0 0 0 105 35 2 0 0 0 
1677372914.8975508 20.473046875 30.20873468921696 982.0438477422289 0 0 0 0 0 0 105 35 2 0 0 0 
1677372920.0519807 20.483203125 30.05408291137619 982.0582905705529 0 0 0 0 0 0 105 35 2 0 0 0 
1677372925.2052364 20.483203125 30.280050957439748 982.0640410959809 0 0 0 0 0 0 99 33 0 0 0 0 
1677372930.3573587 20.493359375 30.392716910508287 982.0697190573346 0 0 0 0 0 0 99 33 0 0 0 0 
1677372935.5107155 20.483203125 30.24426708145984 982.0683874125834 0 0 1 0 0 1 36 10 4 2 2 0 
1677372940.65834 20.473046875 30.387022583377227 982.0236543985465 0 0 1 0 0 1 36 10 4 2 2 0 
1677372945.80724 20.473046875 30.107573273522053 982.0784842571313 0 0 1 0 0 1 36 10 4 2 2 0 
1677372950.9550068 20.46796875 30.14348722206634 982.0505788590275 0 0 1 0 0 1 36 10 4 2 2 0 
1677372956.0989835 20.462890625 30.339729681498817 982.0374677314195 0 0 1 0 0 1 36 10 4 2 2 0 
1677372961.2479 20.4578125 30.23263299614863 982.071473774196 0 0 1 0 0 1 36 10 4 2 2 0 
1677372966.390603 20.452734375 30.149811313902998 982.087950719697 0 0 1 0 0 1 36 10 4 2 2 0 
1677372971.5399232 20.4375 30.22112553122257 982.0473249831656 0 0 1 0 0 1 36 10 4 2 2 0 
1677372976.6878362 20.44765625 30.28080382825536 982.0654843187955 0 0 1 0 0 1 36 10 4 2 2 0 
1677372981.8334935 20.4375 30.334411187181512 982.0362469405054 0 0 1 0 0 1 36 10 4 2 2 0 
1677372986.9844968 20.432421875 30.274986782041548 982.0729156250792 0 0 1 0 0 1 36 10 4 2 2 0 
1677372992.1312282 20.432421875 30.221630052419094 982.050058445746 0 0 1 0 0 1 36 10 4 2 2 0 
1677372997.2832942 20.432421875 30.197986283052337 982.0403126242006 0 0 1 0 0 1 42 12 6 2 2 0 
1677373002.4274018 20.422265625 30.257410656106448 982.0799963758675 0 0 1 0 0 1 42 12 6 2 2 0 
1677373007.5765955 20.42734375 30.233766985784396 982.0806960695228 0 0 1 0 0 1 42 12 6 2 2 0 
1677373012.7250896 20.422265625 30.328843407342816 982.0638696290777 0 0 1 0 0 1 48 14 6 2 2 0 
1677373017.8775313 20.422265625 30.465634428502735 982.0584717300619 0 0 0 0 0 0 12 4 2 0 0 0 
1677373023.0326672 20.412109375 30.162457942476408 982.0891092923672 0 0 0 0 0 0 18 6 4 0 0 0 
1677373028.1857324 20.422265625 30.423917197070114 982.0904422264041 0 0 0 0 0 0 18 6 4 0 0 0 
1677373033.3390994 20.422265625 30.400397042912 982.0891092923672 0 0 0 0 0 0 18 6 4 0 0 0 
1677373038.491074 20.412109375 30.3647452545661 982.0659020773062 0 0 0 0 0 0 24 6 4 0 0 0 
1677373043.6440527 20.40703125 30.287498443555382 982.0746648564425 0 0 0 0 0 0 24 6 4 0 0 0 
1677373048.786933 20.4171875 30.29319005767612 982.0958398719011 0 0 0 0 0 0 24 6 4 0 0 0 
1677373053.936178 20.422265625 30.16852711676641 982.0827283829225 0 0 0 0 0 0 24 6 4 0 0 0 
1677373059.0787933 20.422265625 30.204055064316396 982.0389800028629 0 0 0 0 0 0 24 6 4 0 0 0 
1677373064.2274342 20.4171875 30.180285342091377 982.0574889271202 0 0 0 0 0 0 24 6 4 0 0 0 
1677373069.3749547 20.412109375 30.447685233278328 982.0625368170221 0 0 0 0 0 0 18 4 4 0 0 0 
1677373074.5277164 20.412109375 30.115426946426712 982.0655522728075 0 0 0 0 0 0 18 4 4 0 0 0 
1677373079.6800816 20.412109375 30.21037609197676 982.0736811923903 0 0 0 0 0 0 18 4 4 0 0 0 
1677373084.8325245 20.40703125 30.234018864354713 982.0780300905999 0 0 0 0 0 0 30 8 6 2 0 0 
1677373089.985002 20.401953125 30.35311034092742 982.0568552975517 0 0 0 0 0 0 30 8 6 2 0 0 
1677373095.140087 20.396875 30.275865041792603 982.0433945867144 0 0 0 0 0 0 30 8 6 2 0 0 
1677373100.293227 20.391796875 30.406834661084304 982.049490570574 0 0 0 0 0 0 24 4 4 0 0 0 
1677373105.4456444 20.401953125 30.29394145755906 982.0753637822585 0 0 0 0 0 0 30 4 4 0 0 0 
1677373110.59779 20.40703125 30.239835215503906 982.0612039226093 0 0 0 0 0 0 30 4 4 0 0 0 
1677373115.7512152 20.412109375 30.335035148241264 982.0928241696481 0 0 0 0 0 0 30 4 4 0 0 0 
1677373120.9047458 20.42734375 30.388388999876497 982.0369473389082 0 0 0 0 0 0 36 6 4 0 0 0 
1677373126.0569184 20.422265625 30.168020261902406 982.0736156462357 0 0 0 0 0 0 36 6 4 0 0 0 
1677373131.2100303 20.422265625 30.138687932394856 982.0712996225647 0 0 0 0 0 0 36 6 4 0 0 0 
1677373136.3621173 20.4171875 30.335035148241264 982.0722828484263 0 0 0 0 0 0 30 8 4 0 0 0 
1677373141.5140917 20.412109375 30.10897518847963 982.0860936448847 0 0 0 0 0 0 30 8 4 0 0 0 
1677373146.6649582 20.40703125 30.22832860960397 982.0366642329737 0 0 0 0 0 0 30 8 4 0 0 0 
1677373151.819106 20.401953125 30.246154848772054 982.0750143741144 0 0 0 0 0 0 24 6 2 0 0 0 
1677373156.976224 20.401953125 30.281932403487872 982.0471092930193 0 0 0 0 0 0 24 6 2 0 0 0 
1677373162.1293387 20.412109375 30.204560146798144 982.0820941424311 0 0 0 0 0 0 24 6 2 0 0 0 
1677373167.2830338 20.38671875 30.157149518785154 982.1009517340016 0 0 0 0 0 0 24 6 2 0 0 0 
1677373172.4354203 20.391796875 30.3771262830856 982.0764113495497 0 0 0 0 0 0 24 6 2 0 0 0 
1677373177.5886405 20.381640625 30.37737474708616 982.0649825714727 0 0 0 0 0 0 24 6 2 0 0 0 
1677373182.7407305 20.3765625 30.30013354075812 982.0320302248033 0 0 0 0 0 0 30 10 0 0 0 0 
1677373187.8937585 20.371484375 30.1637251141905 982.0707278973922 0 0 0 0 0 0 30 10 0 0 0 0 
1677373193.047425 20.36640625 30.532096811102218 982.0707278973922 0 0 0 0 0 0 18 6 0 0 0 0 
1677373198.2006757 20.36640625 30.26498516597599 982.0525691550449 0 0 0 0 0 0 18 6 0 0 0 0 
1677373203.3538504 20.35625 30.383812830737426 982.0653922074498 0 0 0 0 0 0 18 6 0 0 0 0 
1677373208.5059876 20.35625 30.324524300532794 982.0909180021185 0 0 0 0 0 0 18 6 0 0 0 0 
1677373213.659497 20.34609375 30.318957485759302 982.06034484631 0 0 0 0 0 0 18 6 0 0 0 0 
1677373218.8127391 20.36640625 30.288751027816538 982.0993305487256 0 0 0 0 0 0 18 6 0 0 0 0 
1677373223.9656508 20.35625 30.324524300532794 982.0865675130019 0 0 0 0 0 0 18 6 0 0 0 0 
1677373229.1185868 20.351171875 30.253478969245947 982.0785035272252 0 0 0 0 0 0 18 6 0 0 0 0 
1677373234.2733426 20.351171875 30.212015664505 982.0876122487349 0 0 0 0 0 0 18 6 0 0 0 0 
1677373239.4244175 20.3357421875 30.425772384776664 982.0956763874988 0 0 1 0 0 1 24 8 2 2 2 0 
1677373244.5743191 20.3357421875 30.497309215853424 982.0745008562433 0 0 1 0 0 1 24 8 2 2 2 0 
1677373249.7263615 20.341015625 30.366361838499632 982.044913609175 0 0 1 0 0 1 24 8 2 2 2 0 
1677373254.8734136 20.3357421875 30.307200175862086 982.0627238685172 0 0 1 0 0 1 30 10 2 2 2 0 
1677373260.022172 20.3306640625 30.360545072581402 982.0876122487349 0 0 1 0 0 1 30 10 2 2 2 0 
1677373265.1710095 20.361328125 30.401760524605145 982.1020580850923 0 1 1 0 1 1 75 25 10 4 0 0 
1677373270.3214715 20.35625 30.42552516719165 982.0539634392289 0 1 1 0 1 1 75 25 10 4 0 0 
1677373275.4757447 20.351171875 30.360296371285735 982.0939939324576 0 1 1 0 1 1 75 25 10 4 0 0 
1677373280.6312845 20.341015625 30.259545773912816 982.0980548419706 0 1 1 0 1 1 69 23 10 4 0 0 
1677373285.7844799 20.3306640625 30.188376682046826 982.0677711485519 0 1 1 0 1 1 69 23 10 4 0 0 
1677373290.9370534 20.3306640625 30.396562913826127 982.0782137085746 0 1 1 0 1 1 69 23 10 4 0 0 
1677373296.089349 20.34609375 30.30707522560452 982.0805342946433 0 1 1 0 1 1 69 23 8 4 0 0 
1677373301.2420714 20.34609375 30.28900141471529 982.1061191058811 0 1 1 0 1 1 69 23 8 4 0 0 
1677373306.3892083 20.351171875 30.348662956302018 982.0788518402311 0 1 1 0 1 1 69 23 8 4 0 0 
1677373311.5351105 20.34609375 30.31920710172914 982.0576765891115 0 1 1 0 1 1 69 23 12 4 0 0 
1677373316.684373 20.3357421875 30.378492299048222 982.0613895755691 0 1 1 0 1 1 69 23 12 4 0 0 
1677373321.8347065 20.3255859375 30.330964381349382 982.0728184292155 0 1 1 0 1 1 69 23 12 4 0 0 
1677373326.9835172 20.34609375 30.37255134530389 982.0761832833408 0 1 1 0 1 1 63 21 12 4 0 0 
1677373332.1289089 20.341015625 30.378368169924375 982.1017675065251 0 1 1 0 1 1 63 21 12 4 0 0 
1677373337.277943 20.3255859375 30.503617965482853 982.076879197086 0 1 1 0 1 1 63 21 12 4 0 0 
1677373342.4279985 20.3357421875 30.47960989546594 982.0748488814144 0 1 1 0 1 1 63 21 12 4 0 0 
1677373347.5749075 20.3306640625 30.378616417342972 982.0873213098329 0 0 0 0 0 0 12 4 0 0 0 0 
1677373352.7313848 20.3306640625 30.3788646214452 982.0832609498393 0 0 0 0 0 0 12 4 0 0 0 0 
1677373357.8794081 20.3306640625 30.378492299048222 982.0748488814144 0 0 0 0 0 0 12 4 0 0 0 0 
1677373363.025023 20.341015625 30.42020232683029 982.1021152053653 0 0 0 0 0 0 12 4 0 0 0 0 
1677373368.1738553 20.3255859375 30.259796758481087 982.0516432045329 0 0 0 0 0 0 12 4 0 0 0 0 
1677373373.3230286 20.3205078125 30.289627192446797 982.0906860837623 0 0 0 0 0 0 12 4 0 0 0 0 
1677373378.474291 20.3255859375 30.28975231550476 982.0758922999835 0 0 0 0 0 0 12 4 0 0 0 0 
1677373383.6252635 20.3205078125 30.361042345222778 982.1122096130805 0 0 0 0 0 0 33 6 2 0 0 0 
1677373388.7701151 20.3306640625 30.37874052480863 982.1125571211171 0 0 0 0 0 0 33 6 2 0 0 0 
1677373393.9191875 20.3357421875 30.342970951290777 982.1152268257905 0 0 0 0 0 0 33 6 2 0 0 0 
1677373399.0709417 20.3357421875 30.40844445512393 982.0963724139641 0 0 0 0 0 0 33 6 2 0 0 0 
1677373404.2181056 20.3306640625 30.26598864343757 982.083608797756 0 0 0 0 0 0 33 6 2 0 0 0 
1677373409.3706865 20.3205078125 30.200763836196153 982.0425927151626 0 0 0 0 0 0 33 6 2 0 0 0 
1677373414.524571 20.3154296875 30.474161170570927 982.0896987638433 0 0 0 0 0 0 39 8 2 0 0 0 
1677373419.6773458 20.3052734375 30.18913436795564 982.0523945727552 0 0 0 0 0 0 39 8 2 0 0 0 
1677373424.8297925 20.3103515625 30.313640661669073 982.0479874973092 0 0 0 0 0 0 39 8 2 0 0 0 
1677373429.9835548 20.3154296875 30.510048744851254 982.0503649026087 0 0 1 0 0 1 66 15 2 2 2 0 
1677373435.1294858 20.3103515625 30.37304802721416 982.0594162976869 0 0 1 0 0 1 72 17 2 2 2 0 
1677373440.2758887 20.34609375 30.41995503736948 982.0707878404869 0 0 1 0 0 1 72 17 2 2 2 0 
1677373445.4279428 20.3306640625 30.283435805949537 982.0600552003033 0 0 1 0 0 1 72 17 2 2 2 0 
1677373450.5765936 20.3306640625 30.21239376748187 982.0832609498393 0 0 1 0 0 1 51 17 4 2 2 0 
1677373455.729128 20.3255859375 30.366983114239456 982.0708451817387 0 0 1 0 0 1 51 17 4 2 2 0 
1677373460.88221 20.3255859375 30.307574961658514 982.1011279006435 0 0 1 0 0 1 51 17 4 2 2 0 
1677373466.0354345 20.3103515625 30.474038190382743 982.0893512850452 0 0 1 0 0 1 57 19 4 2 2 0 
1677373471.188055 20.3103515625 30.432701272669885 982.0786170654206 0 0 1 0 0 1 57 19 4 2 2 0 
1677373476.3402958 20.3154296875 30.581087463181376 982.0685230730819 0 0 1 0 0 1 57 19 4 2 2 0 
1677373481.4937072 20.2900390625 30.31995568973481 982.0937580586464 0 0 1 0 0 1 63 21 4 2 2 0 
1677373486.6468933 20.2849609375 30.332339899038807 982.0708999214615 0 0 1 0 0 1 63 21 4 2 2 0 
1677373491.7995508 20.3052734375 30.414879889716513 982.087028727625 0 0 1 0 0 1 63 21 4 2 2 0 
1677373496.9536855 20.3154296875 30.379112782231072 982.077922246536 0 0 1 0 0 1 63 21 4 2 2 0 
1677373502.1059303 20.3205078125 30.307574961658514 982.1327457814675 0 0 1 0 0 1 63 21 4 2 2 0 
1677373507.2581072 20.3154296875 30.37304802721416 982.1061750226627 0 0 1 0 0 1 63 21 4 2 2 0 
1677373512.4098246 20.3205078125 30.21264578198435 982.1078573968089 0 0 0 0 0 0 90 26 4 2 0 0 
1677373517.5625377 20.3205078125 30.3788646214452 982.1112221453109 0 0 0 0 0 0 90 26 4 2 0 0 
1677373522.7168317 20.3103515625 30.295943284600053 982.119981252645 0 1 1 0 1 1 90 26 6 4 0 0 
1677373527.8596334 20.3255859375 30.51574401330005 982.0960807792534 0 1 1 0 1 1 90 26 6 4 0 0 
1677373533.0117157 20.3103515625 30.33133834600133 982.0893512850452 0 1 1 0 1 1 90 26 6 4 0 0 
1677373538.16489 20.3103515625 30.491736889863663 982.1162692685881 0 1 1 0 1 1 90 26 6 4 0 0 
1677373543.3180196 20.3103515625 30.212771772990962 982.0988050576464 0 1 1 0 1 1 90 26 6 4 0 0 
1677373548.471092 20.3103515625 30.254232268560553 982.0799520565715 0 1 1 0 1 1 90 26 6 4 0 0 
1677373553.6280587 20.3205078125 30.33715459077075 982.0859865383603 0 1 1 0 1 1 90 26 6 4 0 0 
1677373558.7828887 20.3255859375 30.402627512546246 982.0960807792534 0 1 1 0 1 1 90 26 6 4 0 0 
1677373563.9365337 20.3357421875 30.44965963438299 982.0987504033527 0 1 1 0 1 1 90 26 6 4 0 0 
1677373569.0895398 20.341015625 30.533075828610766 982.108844810229 0 1 1 0 1 1 90 26 6 4 0 0 
1677373574.2427962 20.341015625 30.188376682046826 982.1377377862495 0 1 1 0 1 1 90 26 6 4 0 0 
1677373579.3960125 20.341015625 30.277244092137177 982.1246259714851 0 1 1 0 1 1 90 26 6 4 0 0 
1677373584.5491347 20.35625 30.324524300532794 982.1067573000165 0 0 0 0 0 0 36 12 6 4 0 0 
1677373589.70205 20.371484375 30.34766679638019 982.133966573563 0 0 0 0 0 0 36 12 6 4 0 0 
1677373594.8560872 20.371484375 30.395447404292163 982.1255538840896 0 0 0 0 0 0 45 13 2 0 0 0 
1677373600.008277 20.3765625 30.37762316777031 982.0969507529527 0 0 0 0 0 0 45 13 2 0 0 0 
1677373605.1614933 20.381640625 30.216948760499367 982.1336180642952 0 0 0 0 0 0 45 13 2 0 0 0 
1677373610.3184955 20.38671875 30.151587876974514 982.080125391133 0 0 0 0 0 0 45 13 2 0 0 0 
1677373615.471564 20.381640625 30.32984190261218 982.0919031436727 0 0 0 0 0 0 45 13 2 0 0 0 
1677373620.6248095 20.401953125 30.162838207705228 982.1325718793803 0 0 0 0 0 0 45 13 2 0 0 0 
1677373625.7780697 20.391796875 30.29394145755906 982.1029832836886 0 0 0 0 0 0 45 13 2 0 0 0 
1677373630.9300747 20.412109375 30.376380631185356 982.1268260173098 0 0 0 0 0 0 45 13 2 0 0 0 
1677373636.0830395 20.422265625 30.16840041929532 982.1244448474007 0 0 0 0 0 0 45 13 2 0 0 0 
1677373641.2363687 20.422265625 30.23958345213889 982.1308260473348 0 0 0 0 0 0 57 15 2 0 0 0 
1677373646.3896565 20.432421875 30.227824622051976 982.1607646884039 0 0 0 0 0 0 57 15 2 0 0 0 
1677373651.542938 20.422265625 30.192170223765068 982.1126663256302 0 0 0 0 0 0 57 15 2 0 0 0 
1677373656.695195 20.40703125 30.234018864354713 982.1285086365209 0 0 0 0 0 0 57 15 2 0 0 0 
1677373661.8486285 20.40703125 30.192423060400902 982.1083172106019 0 0 0 0 0 0 57 15 2 0 0 0 
1677373667.0024023 20.412109375 30.138942000863203 982.1402869729562 0 0 0 0 0 0 57 15 2 0 0 0 
1677373672.150392 20.412109375 30.251845483276 982.1019360383602 0 0 0 0 0 0 63 17 2 0 0 0 
1677373677.2940972 20.412109375 30.26967200967622 982.1234607790971 1 1 1 1 1 1 210 56 2 0 0 0 
1677373682.4437706 20.40703125 30.233892930484394 982.1315247087462 1 1 1 1 1 1 210 56 2 0 0 0 
1677373687.5929747 20.422265625 30.180411902692864 982.1315247087462 1 1 1 1 1 1 210 56 2 0 0 0 
1677373692.736945 20.4171875 30.16852711676641 982.1597804332674 1 1 1 1 1 1 216 58 4 0 0 0 
1677373697.8832893 20.432421875 30.18003218839871 982.146604244212 1 1 1 1 1 1 216 58 4 0 0 0 
1677373703.039448 20.42734375 30.085077141881868 982.1439379433409 1 1 1 1 1 1 216 58 4 0 0 0 
1677373708.1937973 20.432421875 30.32265133913188 982.1567004538852 1 1 1 1 1 1 216 58 4 0 0 0 
1677373713.3490038 20.4171875 30.14463045033613 982.1543832948089 1 1 1 1 1 1 216 58 4 0 0 0 
1677373718.5022426 20.42734375 30.22213440033993 982.1480019012193 1 1 1 1 1 1 216 58 4 0 0 0 
1677373723.652284 20.422265625 30.079389911572793 982.1470174524574 1 1 1 1 1 1 216 58 4 0 0 0 
1677373728.8044808 20.4171875 30.222008329604314 982.1564151380469 1 1 1 1 1 1 216 58 4 0 0 0 
1677373733.9564571 20.40703125 30.22832860960397 982.1184129223028 1 1 1 1 1 1 216 58 4 0 0 0 
1677373739.1096215 20.401953125 30.174596133076065 982.1120316670666 1 1 1 1 1 1 216 58 4 0 0 0 
1677373744.2619972 20.40703125 30.114917757823857 982.1503826926274 1 1 1 1 1 1 216 58 4 0 0 0 
1677373749.4140377 20.412109375 30.376753505866468 982.1634947472016 1 1 1 1 1 1 216 58 4 0 0 0 
1677373754.5700114 20.412109375 30.2637298444896 982.1698763206068 1 1 1 1 1 1 258 69 6 0 0 0 
1677373759.7269275 20.4171875 30.192423060400902 982.1459699905665 0 0 0 0 0 0 42 12 4 0 0 0 
1677373764.8794622 20.412109375 30.11517237378559 982.1389533559217 0 0 0 0 0 0 63 17 2 0 0 0 
1677373770.0338547 20.4171875 30.115045071219804 982.1503826926274 0 0 0 0 0 0 63 17 2 0 0 0 
1677373775.1873777 20.40703125 30.281556309209112 982.1557794205448 0 0 0 0 0 0 63 17 2 0 0 0 
1677373780.344029 20.40703125 30.376629225135208 982.1571131738065 0 0 0 0 0 0 63 17 2 0 0 0 
1677373785.4997673 20.4171875 30.11517237378559 982.1560659558672 0 0 0 0 0 0 63 17 2 0 0 0 
1677373790.6561651 20.422265625 30.17408959527155 982.1480019012193 0 0 0 0 0 0 63 17 2 0 0 0 
1677373795.808664 20.42734375 30.287373125567225 982.1665110245472 0 0 0 0 0 0 63 19 4 0 0 0 
1677373800.9650893 20.432421875 30.049805051212413 982.1540968137679 0 0 0 0 0 0 63 19 4 0 0 0 
1677373806.1180441 20.401953125 30.252096907935456 982.1359370640807 0 0 0 0 0 0 63 19 4 0 0 0 
1677373811.2744617 20.396875 30.418346600053322 982.1271751148455 0 0 0 0 0 0 63 19 4 0 0 0 
1677373816.4293516 20.40703125 30.24590328724902 982.1611759582479 0 0 0 0 0 0 63 19 4 0 0 0 
1677373821.5822895 20.40703125 30.1982390044799 982.1503826926274 0 0 0 0 0 0 63 19 4 0 0 0 
1677373826.7266097 20.422265625 30.198365348948943 982.1732416169459 0 0 0 0 0 0 51 15 4 0 0 0 
1677373831.8778722 20.422265625 30.22213440033993 982.1580977856222 0 0 0 0 0 0 51 15 4 0 0 0 
1677373837.0252037 20.432421875 30.055363593145323 982.139239348431 0 0 0 0 0 0 51 15 4 0 0 0 
1677373842.1694767 20.44765625 30.1854686076389 982.1731385778867 0 0 0 0 0 0 57 17 0 0 0 0 
1677373847.3189323 20.432421875 30.084949464636633 982.1402230719353 0 0 0 0 0 0 57 17 0 0 0 0 
1677373852.4684992 20.44765625 30.066865363307006 982.1613989935358 0 0 0 0 0 0 63 19 2 0 0 0 
1677373857.6156425 20.442578125 30.04309360023443 982.1331426352299 0 0 0 0 0 0 63 19 2 0 0 0 
1677373862.768065 20.442578125 30.007307047723582 982.1452711349593 0 0 0 0 0 0 63 19 2 0 0 0 
1677373867.920602 20.442578125 30.120351228750533 982.1634312617322 0 0 0 0 0 0 57 17 2 0 0 0 
1677373873.0740445 20.44765625 30.126294051281032 982.1318096349602 0 0 0 0 0 0 57 17 2 0 0 0 
1677373878.2213695 20.442578125 30.19760711968731 982.1563112797639 0 0 0 0 0 0 57 17 2 0 0 0 
1677373883.3634934 20.432421875 30.108592977998885 982.1247291318886 0 0 0 0 0 0 57 17 4 0 0 0 
1677373888.5129116 20.4375 30.031464275900944 982.155017752098 0 0 0 0 0 0 57 17 4 0 0 0 
1677373893.6623273 20.422265625 30.126548480136005 982.125778067516 0 0 0 0 0 0 57 17 4 0 0 0 
1677373898.8098705 20.442578125 30.245148342768736 982.1486365106582 0 0 0 0 0 0 57 15 6 0 0 0 
1677373903.9604316 20.462890625 30.262473440047195 982.127354831109 0 0 0 0 0 0 57 15 6 0 0 0 
1677373909.1124191 20.4578125 30.119969298931377 982.1478976333244 0 0 0 0 0 0 57 15 6 0 0 0 
1677373914.2648058 20.442578125 30.1854686076389 982.1441822528753 0 0 0 0 0 0 57 15 6 0 0 0 
1677373919.417955 20.452734375 29.971777323989404 982.1428494462999 0 0 0 0 0 0 57 15 6 0 0 0 
1677373924.572946 20.442578125 29.882759922621336 982.1247291318886 0 0 0 0 0 0 90 26 10 0 0 0 
1677373929.7265677 20.4375 30.049292764675737 982.1153324927803 0 0 0 0 0 0 90 26 10 0 0 0 
1677373934.879569 20.442578125 30.0965798358132 982.1297772336837 0 0 0 0 0 0 90 26 10 0 0 0 
1677373940.0327883 20.44765625 30.04283721178188 982.1045367310014 0 0 0 0 0 0 90 26 10 0 0 0 
1677373945.1845784 20.44765625 30.090509320577297 982.117998330474 0 0 0 0 0 0 90 26 10 0 0 0 
1677373950.3381062 20.4578125 29.96557606620342 982.1008212777957 0 0 0 0 0 0 105 26 10 0 0 0 
1677373955.4905481 20.4578125 30.036637539774496 982.0869690473988 0 0 0 0 0 0 105 26 10 0 0 0 
1677373960.643764 20.462890625 30.018679251484976 982.0943311454894 0 0 0 0 0 0 105 26 10 0 0 0 
1677373965.7973318 20.483203125 30.07191312464016 982.0835326803494 0 0 0 0 0 0 99 24 10 0 0 0 
1677373970.9501345 20.483203125 30.089487800306056 982.1192223203903 0 0 0 0 0 0 99 24 10 0 0 0 
1677373976.1050942 20.483203125 30.07785650849511 982.109755830794 0 0 0 0 0 0 99 24 10 0 0 0 
1677373981.257209 20.483203125 30.018031614715404 982.0993076779556 0 0 0 0 0 0 99 24 10 0 0 0 
1677373986.4106097 20.50859375 29.97616742463933 982.0834591899204 0 0 0 0 0 0 99 24 10 0 0 0 
1677373991.563824 20.48828125 30.118945442386014 982.0892105839961 0 0 0 0 0 0 99 24 10 0 0 0 
1677373996.7157755 20.51875 29.827305174175972 982.0662787126973 0 0 0 0 0 0 45 10 10 0 0 0 
1677374001.869038 20.513671875 29.892691768142157 982.0662787126973 0 0 0 0 0 0 45 10 10 0 0 0 
1677374007.022448 20.503515625 30.047621704581253 982.0619334669883 0 0 0 0 0 0 87 27 2 0 0 0 
1677374012.1764784 20.503515625 29.988055200819687 982.0252623807162 0 0 0 0 0 0 87 27 2 0 0 0 
1677374017.3298595 20.513671875 29.880803389075577 982.0204885483331 0 0 0 0 0 0 87 27 2 0 0 0 
1677374022.4822814 20.50859375 29.874859184115014 982.0103911483983 0 0 0 0 0 0 87 27 0 0 0 0 
1677374027.6354344 20.513671875 30.094787917946814 982.025184980883 0 0 0 0 0 0 87 27 0 0 0 0 
1677374032.7891514 20.513671875 29.904710010284965 982.0326209560044 0 0 0 0 0 0 87 27 0 0 0 0 
1677374037.9423773 20.513671875 29.887007792028676 982.0335995515676 0 0 0 0 0 0 81 25 0 0 0 0 
1677374043.095871 20.4984375 29.85108226142428 982.0447530677758 0 0 0 0 0 0 81 25 0 0 0 0 
1677374048.248106 20.50859375 30.02953363741876 982.0490978618217 0 0 0 0 0 0 81 25 0 0 0 0 
1677374053.4013417 20.50859375 29.98198231426287 982.0242065212021 0 0 0 0 0 0 60 18 0 0 0 0 
1677374058.5547254 20.513671875 30.05912475543796 982.0150874983696 0 0 0 0 0 0 60 18 0 0 0 0 
1677374063.7065763 20.513671875 30.100604085906625 982.0023289988989 0 0 0 0 0 0 60 18 0 0 0 0 
1677374068.8613331 20.50859375 29.87511966617953 982.0023289988989 0 0 0 0 0 0 60 18 0 0 0 0 
1677374074.0162508 20.513671875 29.99994293586254 982.0285508089469 0 0 0 0 0 0 60 18 0 0 0 0 
1677374079.1683955 20.513671875 29.970223521122584 982.0019766503759 0 0 0 0 0 0 60 18 0 0 0 0 
1677374084.3188047 20.503515625 30.017774461293996 982.0070253489795 0 0 0 0 0 0 96 30 2 0 0 0 
1677374089.464527 20.503515625 29.958206405854227 981.9821343734174 0 0 0 0 0 0 105 33 2 0 0 0 
1677374094.6136227 20.503515625 30.112874367036586 981.9909011332913 0 0 0 0 0 0 111 35 2 0 0 0 
1677374099.7639375 20.513671875 29.928356658505535 982.0204885483331 0 0 0 0 0 0 111 35 2 0 0 0 
1677374104.9072306 20.4984375 30.02384679622051 982.023227677478 0 0 0 0 0 0 111 35 2 0 0 0 
1677374110.05533 20.50859375 29.95833568323597 981.9800989637 0 0 0 0 0 0 105 35 2 0 0 0 
1677374115.2052343 20.513671875 29.958206405854227 981.9804514884152 0 0 0 0 0 0 105 35 2 0 0 0 
1677374120.3579907 20.523828125 30.07708430235946 982.0066729315316 0 0 0 0 0 0 105 35 2 0 0 0 
1677374125.5105143 20.513671875 30.02940517051392 981.9780634173612 0 0 0 0 0 0 99 33 0 0 0 0 
1677374130.6625478 20.50859375 30.05912475543796 981.9999412793202 0 0 0 0 0 0 99 33 0 0 0 0 
1677374135.8135734 20.513671875 30.065196697831958 981.9447581101913 0 0 0 0 0 0 99 33 0 0 0 0 
1677374140.9622257 20.51875 30.046980396665116 981.987808214522 0 0 0 0 0 0 126 42 0 0 0 0 
1677374146.1110022 20.51875 30.07708430235946 981.9649528798483 0 0 0 0 0 0 126 42 0 0 0 0 
1677374151.2565136 20.5341796875 30.023204119491258 981.9685900538244 0 0 0 0 0 0 126 42 0 0 0 0 
1677374156.4057794 20.5341796875 29.97513454496534 981.9530902098677 0 0 0 0 0 0 138 44 0 0 0 0 
1677374161.5546832 20.5392578125 29.77301743825262 981.9779815140419 0 0 0 0 0 0 138 44 0 0 0 0 
1677374166.7054374 20.523828125 29.95755985648354 981.9679659465976 0 0 0 0 0 0 138 44 0 0 0 0 
1677374171.8586714 20.5341796875 29.89811594329143 981.9530902098677 0 0 0 0 0 0 48 16 8 0 0 0 
1677374177.0121098 20.523828125 29.945800624555307 981.9723089758745 0 0 0 0 0 0 48 16 8 0 0 0 
1677374182.1593454 20.523828125 29.969706894158833 981.9803707217355 0 0 0 0 0 0 48 16 8 0 0 0 
1677374187.307815 20.52890625 30.112364310354277 981.9786877689671 0 0 0 0 0 0 48 16 8 0 0 0 
1677374192.4611242 20.51875 29.98159523845217 981.9507838599607 0 0 0 0 0 0 42 14 6 0 0 0 
1677374197.6055875 20.51875 30.076700511712723 981.9528197451729 0 0 0 0 0 0 42 14 6 0 0 0 
1677374202.7553399 20.51875 30.071140505238017 981.9343077289027 0 0 0 0 0 0 42 14 6 0 0 0 
1677374207.9017859 20.51875 30.029148204212706 981.9558326335891 0 0 0 0 0 0 42 14 6 0 0 0 
1677374213.0495129 20.5392578125 29.880022093616795 981.9460049097013 0 0 0 0 0 0 42 14 6 0 0 0 
1677374218.2025511 20.5341796875 29.89204140013725 981.9514072446649 0 0 0 0 0 0 42 14 6 0 0 0 
1677374223.3590305 20.5341796875 29.957818508724213 981.9591984830248 1 1 1 1 1 1 261 71 11 0 0 0 
1677374228.512311 20.5341796875 29.93972679052673 981.974968763869 1 1 1 1 1 1 261 71 11 0 0 0 
1677374233.6648612 20.5392578125 30.08807716075867 981.9514072446649 1 1 1 1 1 1 261 71 11 0 0 0 
1677374238.820717 20.5392578125 29.886096873513825 981.9446753845531 1 1 1 1 1 1 249 67 9 0 0 0 
1677374243.9683948 20.5544921875 29.921114951330424 981.9802873507895 1 1 1 1 1 1 249 67 9 0 0 0 
1677374249.1164224 20.5443359375 29.95704242203255 981.9574323064923 None None None None None None None None None None None None 
1677374254.263722 20.5443359375 29.9512272465264 981.9708962491652 0 0 0 0 0 0 72 22 6 0 0 0 
1677374259.4166923 20.5494140625 29.921504340403377 981.974968763869 0 0 0 0 0 0 78 24 6 0 0 0 
1677374264.5666792 20.52890625 29.98133713375819 981.9702730061733 0 0 0 0 0 0 78 24 6 0 0 0 
1677374269.7167792 20.5443359375 30.034578489843746 981.9594687400303 0 0 0 0 0 0 78 24 6 0 0 0 
1677374274.8615446 20.5341796875 30.010801035327564 981.9150890936834 0 0 0 0 0 0 78 24 6 0 0 0 
1677374280.0079026 20.5443359375 30.06430007654802 981.9295287033933 0 0 0 0 0 0 78 24 6 0 0 0 
1677374285.1611743 20.5544921875 29.956783639822216 981.9483099712471 0 0 0 0 0 0 78 24 6 0 0 0 
1677374290.312424 20.5697265625 30.111216049253404 981.9341377903589 0 0 0 0 0 0 63 19 2 0 0 0 
1677374295.4623165 20.5595703125 29.891390761355677 981.9459191130836 0 0 0 0 0 0 63 19 2 0 0 0 
1677374300.60941 20.5697265625 29.932745182220515 981.957346450249 0 0 0 0 0 0 63 19 2 0 0 0 
1677374305.7658827 20.5595703125 29.998396641661284 981.9550420490522 0 0 0 0 0 0 78 21 2 0 0 0 
1677374310.918776 20.5646484375 29.873425758333973 981.9745309111138 0 0 0 0 0 0 78 21 2 0 0 0 
1677374316.0716207 20.5697265625 29.962340336017387 981.9502600564264 0 0 0 0 0 0 78 21 2 0 0 0 
1677374321.2195454 20.5748046875 29.861274774250912 981.9455650292222 0 0 0 0 0 0 78 21 2 0 0 0 
1677374326.3699896 20.5849609375 29.85506843092946 981.9633704939805 0 0 0 0 0 0 78 21 2 0 0 0 
1677374331.5190508 20.5900390625 29.90276030979372 981.9485769827961 0 0 1 0 0 1 39 13 7 2 0 0 
1677374336.6690493 20.5849609375 29.944505452928396 981.9509682524435 0 0 1 0 0 1 39 13 7 2 0 0 
1677374341.8214853 20.5646484375 29.718985387907956 981.9778970063288 0 0 1 0 0 1 39 13 7 2 0 0 
1677374346.9726338 20.5646484375 29.796009103503657 981.9825923639914 0 0 1 0 0 1 45 15 7 2 0 0 
1677374352.124423 20.5646484375 29.986378198866056 981.9677987215234 0 0 1 0 0 1 45 15 7 2 0 0 
1677374357.2778146 20.5748046875 29.96259904632477 981.9522972693892 0 0 1 0 0 1 45 15 7 2 0 0 
1677374362.4311461 20.5646484375 29.843831522461194 981.956371285361 0 0 1 0 0 1 45 15 7 2 0 0 
1677374367.5884562 20.5646484375 29.724666380281754 981.937857924232 0 0 1 0 0 1 45 15 7 2 0 0 
1677374372.7424397 20.5646484375 29.813975613742763 981.9631034187789 0 0 1 0 0 1 45 15 7 2 0 0 
1677374377.8956833 20.5849609375 30.039495277809447 981.9822384686921 0 0 1 0 0 1 39 13 7 2 0 0 
1677374383.0492053 20.6052734375 29.771570497592634 981.9855167764845 0 0 1 0 0 1 39 13 7 2 0 0 
1677374388.2024243 20.6154296875 29.71184990699787 981.9801127948401 0 0 1 0 0 1 39 13 7 2 0 0 
1677374393.3555856 20.6052734375 29.777647566831455 981.9505254768702 0 0 0 0 0 0 6 2 0 0 0 0 
1677374398.5077353 20.5900390625 29.979529187860557 981.967356759863 0 0 0 0 0 0 6 2 0 0 0 0 
1677374403.6606345 20.6001953125 29.860621991044 981.9374151416916 0 0 0 0 0 0 6 2 0 0 0 0 
1677374408.8139164 20.5951171875 30.003567993759336 981.9865796558574 0 0 0 0 0 0 12 2 0 0 0 0 
1677374413.966441 20.5951171875 29.73602902562299 981.990920567806 0 0 0 0 0 0 87 25 2 0 0 0 
1677374419.1195545 20.6052734375 29.92020599774345 981.9690398885472 0 0 0 0 0 0 87 25 2 0 0 0 
1677374424.2764845 20.6001953125 29.77738450446703 981.9653190658541 0 0 0 0 0 0 87 25 2 0 0 0 
1677374429.4296877 20.6001953125 29.967638653382668 981.9744436630182 0 0 0 0 0 0 81 23 2 0 0 0 
1677374434.5829065 20.5900390625 29.837232581602287 981.9351123962722 0 0 0 0 0 0 81 23 2 0 0 0 
1677374439.7361765 20.5900390625 29.872773767915046 981.982859240769 0 0 0 0 0 0 81 23 2 0 0 0 
1677374444.8892734 20.5900390625 29.84873104500218 981.9680655346649 0 0 0 0 0 0 75 21 2 0 0 0 
1677374450.0423622 20.5951171875 29.938171503299063 981.9680655346649 0 0 0 0 0 0 75 21 2 0 0 0 
1677374455.1992161 20.5849609375 29.87290418766113 981.9970322635393 0 0 0 0 0 0 75 21 2 0 0 0 
1677374460.3524196 20.5697265625 29.801954263568888 981.9910076720697 0 0 0 0 0 0 63 19 2 0 0 0 
1677374465.5018091 20.5697265625 29.837625007918952 981.9846291975982 0 0 0 0 0 0 63 19 2 0 0 0 
1677374470.6561897 20.5798828125 29.84925384081517 981.9953491743968 0 0 0 0 0 0 63 19 2 0 0 0 
1677374475.8094025 20.5900390625 29.825472920443815 982.010850753704 0 0 0 0 0 0 63 21 2 0 0 0 
1677374480.963795 20.5849609375 29.8789797597959 981.9704569454457 0 0 0 0 0 0 63 21 2 0 0 0 
1677374486.1201506 20.5951171875 29.86101369346174 982.0151924052589 0 0 0 0 0 0 63 21 2 0 0 0 
1677374491.2735193 20.5900390625 29.84925384081517 982.0189124287575 0 0 0 0 0 0 63 21 2 0 0 0 
1677374496.4243486 20.5849609375 29.896815187726496 981.9973861464741 0 0 0 0 0 0 63 19 2 2 0 0 
1677374501.5765877 20.5798828125 29.74223840283671 981.977543179984 0 0 0 0 0 0 84 26 2 2 0 0 
1677374506.723797 20.5798828125 29.884924912727588 982.0011060440721 0 0 0 0 0 0 84 26 2 2 0 0 
1677374511.871532 20.5646484375 29.873425758333973 981.9964105350125 0 0 0 0 0 0 84 26 2 2 0 0 
1677374517.026915 20.5544921875 29.81992067449539 982.0001301725833 0 0 0 0 0 0 84 26 2 2 0 0 
1677374522.179744 20.5697265625 29.950579921703135 982.0048257781214 0 0 0 0 0 0 84 26 2 2 0 0 
1677374527.3325422 20.5849609375 29.944505452928396 982.0179366696722 0 0 0 0 0 0 84 26 2 2 0 0 
1677374532.479019 20.5798828125 29.84925384081517 982.0213027956318 0 0 0 0 0 0 84 26 2 2 0 0 
1677374537.627787 20.5748046875 29.90896538554948 982.0209492120641 0 0 0 0 0 0 84 26 2 2 0 0 
1677374542.7777786 20.5697265625 29.837625007918952 982.0233393191162 0 0 0 0 0 0 84 26 2 2 0 0 
1677374547.921872 20.5849609375 29.920725464778894 982.0677220706923 0 1 2 0 1 2 183 47 6 4 2 0 
1677374553.0731063 20.5849609375 29.748315627926438 982.0205955188794 0 1 2 0 1 2 183 47 6 4 2 0 
1677374558.222154 20.5798828125 29.944375876195984 982.053903804275 0 1 2 0 1 2 183 47 6 4 2 0 
1677374563.3702672 20.5798828125 29.813582398529217 982.04787844667 0 1 2 0 1 2 195 51 6 4 2 0 
1677374568.5192497 20.5798828125 30.033550392369758 982.0714415416398 0 1 2 0 1 2 195 51 6 4 2 0 
1677374573.6757822 20.5849609375 29.8493845126903 982.0680753843761 0 1 2 0 1 2 195 51 6 4 2 0 
1677374578.8304627 20.5951171875 29.79535260974897 982.0505375941959 0 0 1 0 0 1 54 12 4 2 2 2 
1677374583.9826486 20.5849609375 29.753997393757068 982.0643558866011 0 0 1 0 0 1 54 12 4 2 2 2 
1677374589.1378527 20.5951171875 29.765624943831394 982.0808334949818 0 0 1 0 0 1 42 8 4 2 2 2 
1677374594.2907128 20.5951171875 29.77738450446703 982.0703813530516 0 0 1 0 0 1 42 8 4 2 2 2 
1677374599.4474218 20.5849609375 29.76601989934467 982.0697584629729 0 0 1 0 0 1 42 8 4 2 2 2 
1677374604.6000297 20.5900390625 29.99167781536419 982.0885422039247 0 0 0 0 0 0 30 6 2 0 0 0 
1677374609.7517838 20.5900390625 29.777647566831455 982.076760269837 0 0 0 0 0 0 30 6 2 0 0 0 
1677374614.8961186 20.5951171875 29.75967937978129 982.0579769142638 0 0 0 0 0 0 30 6 2 0 0 0 
1677374620.0445256 20.5900390625 29.86695894570563 982.0774672826642 0 0 0 0 0 0 36 8 2 0 0 0 
1677374625.1949358 20.5849609375 29.90857542333794 982.0926152402972 0 0 0 0 0 0 36 8 2 0 0 0 
1677374630.3474588 20.5849609375 29.89073985179729 982.0832230942663 0 0 0 0 0 0 36 8 2 0 0 0 
1677374635.4997 20.5798828125 29.866828457512018 982.0849061734928 0 0 0 0 0 0 48 12 2 0 0 0 
1677374640.6539934 20.5798828125 29.926800248484277 982.0966877300365 0 0 0 0 0 0 48 12 2 0 0 0 
