timestamp temperature humidity pressure pm10_standard pm25_standard pm100_standard pm10_env pm25_env pm100_env particles_03um particles_05um particles_10um particles_25um particles_50um particles_100um
1677337554.6803343 20.473046875 28.728874721451877 980.319035939782 0 0 0 0 0 0 24 8 2 0 0 0 
1677337559.8346496 20.473046875 28.728874721451877 980.3164003536405 0 0 0 0 0 0 24 8 2 0 0 0 
1677337564.9880695 20.473046875 28.948851461319393 980.3294970459651 0 0 0 0 0 0 39 8 2 0 0 0 
1677337570.1412554 20.48828125 28.722355417076056 980.3155268111752 0 1 1 0 1 1 87 29 11 4 0 0 
1677337575.2950032 20.478125 28.841553373760846 980.3196232045366 0 1 1 0 1 1 87 29 11 4 0 0 
1677337580.4483595 20.483203125 28.53803093093987 980.3407684451511 0 1 1 0 1 1 87 29 11 4 0 0 
1677337585.6013885 20.493359375 28.626637521804287 980.3319890878936 0 1 1 0 1 1 87 29 11 4 0 0 
1677337590.754499 20.50859375 28.864478611421568 980.3387202457542 0 1 1 0 1 1 75 25 9 2 0 0 
1677337595.907091 20.503515625 28.61474503537962 980.3417203192981 0 1 1 0 1 1 75 25 9 2 0 0 
1677337601.0603292 20.503515625 28.680009203404936 980.327892171335 0 1 1 0 1 1 75 25 9 2 0 0 
1677337606.2126958 20.50859375 28.626637521804287 980.3245265388957 0 1 1 0 1 1 81 27 9 2 0 0 
1677337611.3652112 20.513671875 28.852160879259937 980.3161124590215 0 1 1 0 1 1 81 27 9 2 0 0 
1677337616.5187962 20.503515625 28.602852507817452 980.3215266847706 0 1 1 0 1 1 81 27 9 2 0 0 
1677337621.6710064 20.513671875 28.697703980125937 980.3570857785677 0 1 1 0 1 1 87 29 9 2 0 0 
1677337626.8242328 20.523828125 28.71554267335301 980.327892171335 0 1 1 0 1 1 87 29 9 2 0 0 
1677337631.9772127 20.50859375 28.64462057267704 980.3494031317539 0 1 1 0 1 1 87 29 9 2 0 0 
1677337637.1305237 20.513671875 28.596906228609804 980.3682797824254 0 0 0 0 0 0 87 29 11 0 0 0 
1677337642.2849817 20.4984375 28.72786543493701 980.3286235093829 0 0 0 0 0 0 87 29 11 0 0 0 
1677337647.4381404 20.503515625 28.638529967091447 980.3363062536566 0 0 0 0 0 0 87 29 11 0 0 0 
1677337652.5908785 20.493359375 28.674495157076453 980.3168439867987 0 0 0 0 0 0 108 32 2 0 0 0 
1677337657.7442455 20.483203125 28.817771494984136 980.319035939782 0 0 0 0 0 0 96 28 2 0 0 0 
1677337662.896073 20.4578125 28.79455986913214 980.3466886074962 0 0 0 0 0 0 96 28 2 0 0 0 
1677337668.0497174 20.4578125 28.835892191042625 980.3463239919785 0 0 0 0 0 0 96 28 2 0 0 0 
1677337673.2020268 20.462890625 28.86561867468642 980.3412759074401 0 0 0 0 0 0 60 16 4 0 0 0 
1677337678.3552403 20.462890625 28.82994686346643 980.3611036462352 0 0 0 0 0 0 60 16 4 0 0 0 
1677337683.512133 20.452734375 28.59821592689701 980.3436877778789 0 0 0 0 0 0 60 16 4 0 0 0 
1677337688.6651022 20.46796875 28.764261666183923 980.3530547723417 0 0 0 0 0 0 66 18 4 0 0 0 
1677337693.8178883 20.452734375 28.740908931288605 980.3483712889303 0 0 0 0 0 0 66 18 4 0 0 0 
1677337698.9713743 20.473046875 28.71103815262201 980.3581028583483 0 0 0 0 0 0 66 18 4 0 0 0 
1677337704.1222246 20.473046875 28.889258162542298 980.3812961608566 0 0 0 0 0 0 66 20 6 0 0 0 
1677337709.2734208 20.46796875 28.811825999582585 980.3382752013748 0 0 0 0 0 0 66 20 6 0 0 0 
1677337714.4217572 20.462890625 28.740765715926063 980.3248137552167 0 0 0 0 0 0 66 20 6 0 0 0 
1677337719.5709658 20.478125 28.76977849510337 980.36300966464 0 0 0 0 0 0 66 18 6 0 0 0 
1677337724.7162073 20.493359375 28.823290080579753 980.3394509827737 0 0 0 0 0 0 66 18 6 0 0 0 
1677337729.8666215 20.4984375 28.82923576088106 980.3824727991217 0 0 0 0 0 0 66 18 6 0 0 0 
1677337735.0186257 20.478125 28.906811361865643 980.3826143343188 0 0 0 0 0 0 63 19 0 0 0 0 
1677337740.1713965 20.46796875 28.823859258272947 980.3880270013012 0 0 0 0 0 0 63 19 0 0 0 0 
1677337745.3246782 20.462890625 28.907235319923636 980.3769768840076 0 0 0 0 0 0 63 19 0 0 0 0 
1677337750.4805336 20.462890625 28.82994686346643 980.3958505104065 0 0 0 0 0 0 63 19 0 0 0 0 
1677337755.6370327 20.4578125 28.76454758148469 980.3981232640664 0 0 0 0 0 0 63 19 0 0 0 0 
1677337760.7894645 20.473046875 28.6034375249389 980.4213169954592 0 0 0 0 0 0 51 15 0 0 0 0 
1677337765.9421132 20.473046875 28.746711197739437 980.4317774914643 0 0 0 0 0 0 51 15 0 0 0 0 
1677337771.0969117 20.462890625 28.871280490865338 980.3913924219434 0 0 0 0 0 0 51 15 0 0 0 0 
1677337776.250299 20.478125 28.82994686346643 980.4069010555255 0 0 0 0 0 0 30 10 2 0 0 0 
1677337781.4033973 20.46796875 28.651582254828 980.3988517644669 0 0 0 0 0 0 30 10 2 0 0 0 
1677337786.5496583 20.4578125 28.663473516646633 980.370246153936 0 0 0 0 0 0 30 10 2 0 0 0 
1677337791.6994345 20.4578125 28.75874514040673 980.4274573952065 0 0 0 0 0 0 24 8 2 0 0 0 
1677337796.8518705 20.4578125 28.722929208791065 980.4321415254171 0 0 0 0 0 0 24 8 2 0 0 0 
1677337802.0038433 20.452734375 28.645636608494968 980.4169972415941 0 0 0 0 0 0 24 8 2 0 0 0 
1677337807.1588485 20.4578125 28.877650836278434 980.3978971701204 0 0 0 0 0 0 30 10 4 0 0 0 
1677337812.3119175 20.462890625 28.81819850245471 980.389483889029 0 0 0 0 0 0 30 10 4 0 0 0 
1677337817.464157 20.462890625 28.782241125926877 980.3749298162492 0 0 0 0 0 0 66 20 6 0 0 0 
1677337822.607054 20.46796875 28.841695446466254 980.428412067466 0 0 0 0 0 0 66 20 6 0 0 0 
1677337827.7537866 20.46796875 28.823859258272947 980.4119491482451 0 0 0 0 0 0 66 20 6 0 0 0 
1677337832.9046056 20.478125 28.74642487149074 980.3930751323692 0 0 0 0 0 0 60 18 6 0 0 0 
1677337838.050055 20.478125 28.722929208791065 980.4229997206958 0 0 0 0 0 0 60 18 6 0 0 0 
1677337843.1982026 20.473046875 28.73453362361386 980.4411455311013 0 0 0 0 0 0 60 18 6 0 0 0 
1677337848.3474855 20.473046875 28.77586712655109 980.421681220308 0 0 0 0 0 0 60 18 4 0 0 0 
1677337853.4929228 20.473046875 28.66898695526993 980.4276836165969 0 0 0 0 0 0 60 18 4 0 0 0 
1677337858.6397147 20.473046875 28.627655080214016 980.4085837530288 0 0 0 0 0 0 60 18 4 0 0 0 
1677337863.7846813 20.483203125 28.781812820631202 980.4320030260968 0 0 0 0 0 0 54 14 4 0 0 0 
1677337868.9349666 20.483203125 28.663041134299707 980.445465159112 0 0 0 0 0 0 54 14 4 0 0 0 
1677337874.0878246 20.478125 28.67522075771189 980.421681220308 0 0 0 0 0 0 54 14 4 0 0 0 
1677337879.2409077 20.48828125 28.78746756044081 980.4723894385698 0 0 0 0 0 0 87 23 13 0 0 0 
1677337884.3940802 20.493359375 28.793704177941155 980.4074907532323 0 0 0 0 0 0 87 23 13 0 0 0 
1677337889.545149 20.493359375 28.657095303046297 980.4273192267797 0 0 0 0 0 0 87 23 13 0 0 0 
1677337894.6908364 20.493359375 28.663041134299707 980.4602457261419 0 0 0 0 0 0 117 33 11 0 0 0 
1677337899.8377764 20.478125 28.692626329670123 980.4300947794301 0 0 0 0 0 0 90 27 8 0 0 0 
1677337904.9906101 20.478125 28.692770136318952 980.4166330856738 0 0 0 0 0 0 90 27 8 0 0 0 
1677337910.1427903 20.48828125 28.841269195844063 980.4482406076354 0 0 0 0 0 0 90 27 8 0 0 0 
1677337915.2927983 20.46796875 28.72873135826933 980.4422377177789 0 0 0 0 0 0 78 23 6 0 0 0 
1677337920.4414845 20.473046875 28.71118171044688 980.4620663200377 0 0 0 0 0 0 78 23 6 0 0 0 
1677337925.586906 20.452734375 28.871705649166152 980.4560630461542 0 0 0 0 0 0 78 23 6 0 0 0 
1677337930.7335873 20.462890625 28.746854344610224 980.4325054497875 0 0 0 0 0 0 78 23 4 0 0 0 
1677337935.883275 20.462890625 28.776724050564624 980.49535697202 0 0 0 0 0 0 78 23 4 0 0 0 
1677337941.0296457 20.473046875 28.81819850245471 980.4620663200377 0 0 0 0 0 0 78 23 4 0 0 0 
1677337946.1766775 20.462890625 28.782526608612834 980.4382809436927 0 0 0 0 0 0 36 12 2 0 0 0 
1677337951.3332121 20.48828125 28.70466166514434 980.4753907587675 0 0 0 0 0 0 36 12 2 0 0 0 
1677337956.4820793 20.483203125 28.787758504427888 980.4424640028799 0 0 0 0 0 0 36 12 2 0 0 0 
1677337961.6327744 20.50859375 28.685811466550312 980.4541035897464 0 0 0 0 0 0 36 12 2 0 0 0 
1677337966.7857728 20.513671875 28.79284260771276 980.452055937674 0 0 0 0 0 0 36 12 2 0 0 0 
1677337971.9370234 20.523828125 28.769058197652416 980.4462773616558 0 0 0 0 0 0 36 12 2 0 0 0 
1677337977.0902393 20.513671875 28.73338127401645 980.4533738460987 0 0 0 0 0 0 42 14 2 0 0 0 
1677337982.2412264 20.513671875 28.66173785436425 980.4604701136334 0 0 0 0 0 0 51 17 6 2 0 0 
1677337987.3947861 20.4984375 28.733668048438552 980.4507379468168 0 0 0 0 0 0 30 10 4 0 0 0 
1677337992.5495498 20.493359375 28.757886918543925 980.4868060017789 0 0 0 0 0 0 30 10 4 0 0 0 
1677337997.7034905 20.48828125 28.686536595359907 980.4817576148158 0 0 0 0 0 0 30 10 4 0 0 0 
1677338002.857124 20.483203125 28.663041134299707 980.441509702913 0 0 0 0 0 0 30 10 4 0 0 0 
1677338008.0102925 20.48828125 28.972069601547506 980.4538789945196 0 0 0 0 0 0 30 10 4 0 0 0 
1677338013.1628711 20.48828125 28.680878566360814 980.4778018358087 0 0 0 0 0 0 30 10 4 0 0 0 
1677338018.3161273 20.483203125 28.704517995482764 980.4555617618108 0 0 0 0 0 0 36 12 4 0 0 0 
1677338023.4729974 20.493359375 28.86490962673204 980.4589272966031 0 0 0 0 0 0 36 12 4 0 0 0 
1677338028.6262095 20.493359375 28.627221432435864 980.4639755993162 0 0 0 0 0 0 36 12 4 0 0 0 
1677338033.7813542 20.48828125 28.847356802694737 980.4484662602383 0 0 0 0 0 0 24 8 2 0 0 0 
1677338038.9344125 20.478125 28.901007350896066 980.459064710643 0 0 0 0 0 0 24 8 2 0 0 0 
1677338044.0875945 20.473046875 28.877225883437386 980.4502873284559 0 0 0 0 0 0 24 8 2 0 0 0 
1677338049.2401597 20.462890625 28.657383705770545 980.4153145437413 0 0 0 0 0 0 18 6 0 0 0 0 
1677338054.3933434 20.46796875 28.78832928252366 980.473481510309 0 0 0 0 0 0 18 6 0 0 0 0 
1677338059.5468478 20.493359375 28.823142284947274 980.4652940697212 0 0 0 0 0 0 18 6 0 0 0 0 
1677338064.7003284 20.493359375 28.632872809475362 980.4682952526585 0 0 0 0 0 0 6 2 0 0 0 0 
1677338069.8529859 20.4984375 28.82894577209604 980.4682952526585 0 0 0 0 0 0 6 2 0 0 0 0 
1677338075.006706 20.493359375 28.888544984997427 980.4380049541692 0 1 1 0 1 1 189 53 4 0 0 0 
1677338080.1596823 20.483203125 28.734390307252045 980.4347787993096 0 1 1 0 1 1 189 53 4 0 0 0 
1677338085.3130271 20.483203125 29.00760138801876 980.4512419699164 0 1 1 0 1 1 189 53 4 0 0 0 
1677338090.465373 20.483203125 28.882888046629404 980.4488306930652 0 1 1 0 1 1 189 53 4 0 0 0 
1677338095.6182623 20.493359375 28.811398689126168 980.4491950162982 0 1 1 0 1 1 189 53 4 0 0 0 
1677338100.771533 20.503515625 28.63867443395599 980.4329565732905 0 1 1 0 1 1 189 53 4 0 0 0 
1677338105.9261105 20.48828125 28.995564900980536 980.4565156894427 0 1 1 0 1 1 195 55 4 0 0 0 
1677338111.0830305 20.493359375 28.859105907881176 980.4512419699164 0 1 1 0 1 1 195 55 4 0 0 0 
1677338116.236228 20.4984375 28.82923576088106 980.4481017178147 0 1 1 0 1 1 195 55 4 0 0 0 
1677338121.3907197 20.48828125 28.692626329670123 980.4390984965903 1 1 1 1 1 1 216 62 4 0 0 0 
1677338126.5407631 20.483203125 28.81748676915999 980.4360973126376 1 1 1 1 1 1 216 62 4 0 0 0 
1677338131.6899972 20.46796875 28.936820220524602 980.4452391902554 1 1 1 1 1 1 216 62 4 0 0 0 
1677338136.8363934 20.473046875 28.68116642112691 980.4360973126376 1 1 1 1 1 1 216 62 4 0 0 0 
1677338141.989319 20.473046875 28.960319585906987 980.4452391902554 1 1 1 1 1 1 216 62 4 0 0 0 
1677338147.1427531 20.478125 28.74642487149074 980.4136318459583 0 0 0 0 0 0 36 12 0 0 0 0 
1677338152.295315 20.483203125 28.781955599898662 980.4512419699164 0 0 0 0 0 0 36 12 0 0 0 0 
1677338157.4475977 20.483203125 28.924506393527025 980.4458295094493 0 0 0 0 0 0 36 10 0 0 0 0 
1677338162.6008797 20.483203125 28.960460299736212 980.4149503742691 0 0 0 0 0 0 36 10 0 0 0 0 
1677338167.7529514 20.483203125 28.793704177941155 980.445465159112 0 0 0 0 0 0 36 10 0 0 0 0 
1677338172.9016094 20.462890625 29.007741575659104 980.4499233339909 0 0 0 0 0 0 36 10 0 0 0 0 
1677338178.0526729 20.46796875 28.841695446466254 980.4502873284559 0 0 0 0 0 0 36 10 0 0 0 0 
1677338183.2036376 20.46796875 28.865476886765997 980.4502873284559 0 0 0 0 0 0 36 10 0 0 0 0 
1677338188.350879 20.442578125 28.973193999757985 980.4403809682625 0 0 0 0 0 0 36 10 0 0 0 0 
1677338193.5018508 20.462890625 28.71712717517971 980.4742090101993 0 0 0 0 0 0 36 10 0 0 0 0 
1677338198.6554694 20.483203125 28.68696822078832 980.4435564776619 0 0 0 0 0 0 36 10 0 0 0 0 
1677338203.8079827 20.48828125 28.72264233460518 980.4579729305251 0 0 0 0 0 0 36 10 0 0 0 0 
1677338208.9611413 20.478125 28.793846820228445 980.4583369668169 0 0 0 0 0 0 36 10 0 0 0 0 
1677338214.109293 20.48828125 28.88245768852407 980.4488306930652 0 0 0 0 0 0 36 10 0 0 0 0 
1677338219.257074 20.48828125 28.811250751247403 980.4535146023488 0 0 0 0 0 0 51 15 4 2 0 0 
1677338224.4136422 20.493359375 28.674351112020183 980.4632468680036 0 0 0 0 0 0 51 15 4 2 0 0 
1677338229.5643423 20.48828125 28.81734438999479 980.4643398005803 0 0 0 0 0 0 117 35 2 0 0 0 
1677338234.712265 20.483203125 28.758173035840848 980.4835778757841 0 0 0 0 0 0 117 35 2 0 0 0 
1677338239.8632307 20.493359375 28.86490962673204 980.500632492398 0 0 0 0 0 0 117 35 2 0 0 0 
1677338245.0158343 20.503515625 28.888403405595376 980.451467306256 0 0 0 0 0 0 117 35 2 0 0 0 
1677338250.169027 20.523828125 28.67986519433523 980.4879840700537 0 0 0 0 0 0 117 35 2 0 0 0 
1677338255.3213258 20.51875 28.792699889160062 980.4533738460987 0 0 0 0 0 0 117 35 2 0 0 0 
1677338260.470688 20.503515625 28.596616303414965 980.4894428573978 0 0 0 0 0 0 75 21 0 0 0 0 
1677338265.6217587 20.4984375 28.697703980125937 980.5045882672612 0 0 0 0 0 0 75 21 0 0 0 0 
1677338270.7696877 20.503515625 28.769344150174888 980.4602457261419 0 0 0 0 0 0 75 21 0 0 0 0 
1677338275.9135623 20.513671875 28.697847783713264 980.4958096717558 0 0 0 0 0 0 75 21 0 0 0 0 
1677338281.0646584 20.51875 28.792699889160062 980.4728381779739 0 0 0 0 0 0 75 21 0 0 0 0 
1677338286.2147095 20.523828125 28.768772201787442 980.4980813345874 0 0 0 0 0 0 75 21 0 0 0 0 
1677338291.3649423 20.503515625 28.923936312731833 980.4995397966773 0 0 0 0 0 0 63 19 0 0 0 0 
1677338296.521374 20.4984375 28.76948711018269 980.4911256804361 0 0 0 0 0 0 63 19 0 0 0 0 
1677338301.6744788 20.513671875 28.697703980125937 980.4894428573978 0 0 0 0 0 0 63 19 0 0 0 0 
1677338306.8271813 20.51875 28.81053829418341 980.5072250383615 0 0 0 0 0 0 69 19 0 0 0 0 
1677338311.9794464 20.51875 28.775004315594774 980.4836651329344 0 0 0 0 0 0 63 16 0 0 0 0 
1677338317.1318176 20.523828125 28.840126582045205 980.5229598206721 0 0 0 0 0 0 57 14 0 0 0 0 
1677338322.2845736 20.5443359375 28.678712731681728 980.5100845756492 0 0 0 0 0 0 57 14 0 0 0 0 
1677338327.437807 20.5392578125 28.804021734813357 980.4876190991894 0 0 0 0 0 0 57 14 0 0 0 0 
1677338332.5912788 20.52890625 28.70278758337061 980.4855711144264 0 0 0 0 0 0 51 10 0 0 0 0 
1677338337.7433376 20.523828125 28.816199486925704 980.5149101144056 0 0 0 0 0 0 51 10 0 0 0 0 
1677338342.8997543 20.52890625 28.887695346058074 980.5334217802838 0 0 0 0 0 0 51 10 0 0 0 0 
1677338348.054413 20.51875 28.857680961160103 980.5351046594196 0 0 0 0 0 0 51 10 0 0 0 0 
1677338353.207332 20.51875 28.88783697963581 980.5021764860446 0 0 0 0 0 0 51 10 0 0 0 0 
1677338358.360669 20.523828125 28.881749286555085 980.515639293622 0 0 0 0 0 0 51 10 0 0 0 0 
1677338363.5147092 20.5341796875 28.76820008002995 980.5233245069375 0 0 0 0 0 0 72 17 4 0 0 0 
1677338368.6675165 20.5341796875 28.88118236994694 980.513815523474 0 0 0 0 0 0 72 17 4 0 0 0 
1677338373.819688 20.5392578125 28.69698479965049 980.5437432376606 0 0 0 0 0 0 72 17 4 0 0 0 
1677338378.9743624 20.5341796875 28.67334249321788 980.5158634022066 0 0 0 0 0 0 51 13 4 0 0 0 
1677338384.1276033 20.5392578125 28.66725172621415 980.542789899258 0 0 0 0 0 0 51 13 4 0 0 0 
1677338389.2806046 20.5341796875 28.821860899997258 980.5263256052791 0 0 0 0 0 0 51 13 4 0 0 0 
1677338394.4337645 20.52890625 28.727004635701125 980.5472492022485 0 0 0 0 0 0 78 19 4 0 0 0 
1677338399.5865138 20.523828125 28.78646812698976 980.5405177383755 0 0 0 0 0 0 72 19 4 0 0 0 
1677338404.7389805 20.523828125 28.649700559335184 980.5482032120442 0 0 0 0 0 0 72 19 4 0 0 0 
1677338409.8913145 20.51875 28.917425489293198 980.527419253924 0 0 0 0 0 0 72 19 4 0 0 0 
1677338415.0446439 20.523828125 28.721345343409055 980.5287376792909 0 0 0 0 0 0 60 15 4 0 0 0 
1677338420.1977937 20.523828125 28.703650221486477 980.5270548139872 0 0 0 0 0 0 60 15 4 0 0 0 
1677338425.3544211 20.523828125 28.70916538774618 980.5515689987494 0 0 0 0 0 0 60 15 4 0 0 0 
1677338430.507558 20.52890625 28.72714812932993 980.5199587497149 0 0 1 0 0 1 66 17 6 2 2 2 
1677338435.6609132 20.5341796875 28.685379579808462 980.5414716394729 0 0 1 0 0 1 66 17 6 2 2 2 
1677338440.8124268 20.52890625 28.86334330788304 980.5411069926677 0 0 1 0 0 1 66 17 6 2 2 2 
1677338445.9538703 20.52890625 28.786325307440254 980.5495215263185 0 0 1 0 0 1 66 19 8 2 2 2 
1677338451.0955923 20.52890625 28.810395770264247 980.5313742827143 0 0 1 0 0 1 66 19 8 2 2 2 
1677338456.2396038 20.50859375 28.74541687867919 980.5395634531154 0 0 1 0 0 1 66 19 8 2 2 2 
1677338461.392428 20.513671875 28.78661093570371 980.5614403615245 0 0 1 0 0 1 72 21 8 2 2 2 
1677338466.5338078 20.503515625 29.001229786920934 980.541610404109 0 0 1 0 0 1 72 21 8 2 2 2 
1677338471.686818 20.50859375 28.799359176411915 980.5601214852264 0 0 1 0 0 1 72 21 8 2 2 2 
1677338476.8396053 20.50859375 28.816769286974612 980.5372899060256 0 0 0 0 0 0 69 21 2 0 0 0 
1677338481.990307 20.503515625 28.87651196116863 980.5238275254055 0 0 0 0 0 0 69 21 2 0 0 0 
1677338487.1434813 20.48828125 28.799649841171 980.5494332220343 0 0 0 0 0 0 48 16 2 0 0 0 
1677338492.2977178 20.493359375 28.77557590333409 980.5561643617721 0 0 0 0 0 0 48 16 2 0 0 0 
1677338497.4503272 20.48828125 28.947860010680696 980.524918994353 0 0 0 0 0 0 48 16 2 0 0 0 
1677338502.6032271 20.478125 28.782241125926877 980.5428366403321 0 0 0 0 0 0 54 18 2 0 0 0 
1677338507.7554317 20.46796875 28.8180561774666 980.5183224739546 0 0 0 0 0 0 54 18 2 0 0 0 
1677338512.9086292 20.473046875 29.04369270057669 980.5751711519895 0 0 0 0 0 0 54 18 2 0 0 0 
1677338518.061903 20.473046875 28.81819850245471 980.5546156588362 0 0 0 0 0 0 42 14 2 0 0 0 
1677338523.215043 20.473046875 28.94248360377522 980.5374252008339 0 0 0 0 0 0 42 14 2 0 0 0 
1677338528.3701727 20.493359375 28.995424554290864 980.5393365145255 0 0 0 0 0 0 42 14 2 0 0 0 
1677338533.5249271 20.503515625 28.751649311067954 980.5352431608933 0 0 0 0 0 0 30 10 2 0 0 0 
1677338538.6772904 20.513671875 28.88783697963581 980.5573464001558 0 0 0 0 0 0 30 10 2 0 0 0 
1677338543.8301473 20.50859375 28.787039296832237 980.5584386593207 0 0 0 0 0 0 30 10 2 0 0 0 
1677338548.9829895 20.51875 28.834464929351704 980.5513433254055 0 0 0 0 0 0 45 12 0 0 0 0 
1677338554.1350224 20.513671875 28.869857136693152 980.5432932293155 0 0 0 0 0 0 45 12 0 0 0 0 
1677338559.2878094 20.523828125 28.84041093416073 980.5653964958246 0 0 0 0 0 0 36 6 2 0 0 0 
1677338564.4406617 20.51875 28.757165930913153 980.5569820945502 0 0 0 0 0 0 36 6 2 0 0 0 
1677338569.5938597 20.5443359375 28.63142707660133 980.5306447168572 0 0 0 0 0 0 36 6 2 0 0 0 
1677338574.748851 20.5443359375 28.892791777188744 980.5659860457291 0 0 0 0 0 0 147 41 2 0 0 0 
1677338579.9017684 20.5494140625 28.69046239213198 980.5675276136672 0 0 0 0 0 0 147 41 2 0 0 0 
1677338585.053902 20.5544921875 28.81562951350985 980.5501100790681 0 0 0 0 0 0 147 41 2 0 0 0 
1677338590.208891 20.5544921875 28.678424507658356 980.5517930267354 0 0 0 0 0 0 159 45 4 0 0 0 
1677338595.3620121 20.5544921875 28.827095350497142 980.5446961918508 0 0 0 0 0 0 159 45 4 0 0 0 
1677338600.5054777 20.5544921875 28.750360431648947 980.5349635532104 0 0 0 0 0 0 159 45 4 0 0 0 
1677338605.6552925 20.5646484375 28.743697095784814 980.5177688252056 0 0 0 0 0 0 153 45 4 0 0 0 
1677338610.8052268 20.5646484375 28.797361696289848 980.540599797673 0 0 0 0 0 0 153 45 4 0 0 0 
1677338615.9539287 20.5544921875 28.80954039920464 980.5302797694986 0 0 0 0 0 0 153 45 4 0 0 0 
1677338621.0993192 20.5341796875 28.88727038031402 980.5401532972469 0 0 0 0 0 0 174 49 4 0 0 0 
1677338626.2479434 20.5443359375 28.69089426843838 980.5441080765999 0 0 0 0 0 0 174 49 4 0 0 0 
1677338631.399181 20.5392578125 28.893075026558222 980.5411069926677 0 0 0 0 0 0 174 49 4 0 0 0 
1677338636.5472758 20.5443359375 28.886987015642266 980.5673043177158 0 1 1 0 1 1 201 58 4 0 0 0 
1677338641.6932132 20.5443359375 28.892508484478764 980.5326924607654 0 0 0 0 0 0 63 19 6 2 0 0 
1677338646.835795 20.5341796875 28.82200331944445 980.5239130386647 0 0 0 0 0 0 63 19 6 2 0 0 
1677338651.9847112 20.5392578125 28.78603963583457 980.537376396169 0 0 0 0 0 0 63 19 6 2 0 0 
1677338657.133976 20.52890625 28.810395770264247 980.5042238568071 0 0 0 0 0 0 63 19 6 2 0 0 
1677338662.2836175 20.51875 28.858248886878723 980.5236890835894 0 0 0 0 0 0 63 19 6 2 0 0 
1677338667.4277868 20.523828125 28.786182477055192 980.5502505747895 0 0 0 0 0 0 63 19 6 2 0 0 
1677338672.5756316 20.51875 28.804592169460708 980.555663533663 0 0 0 0 0 0 63 19 6 2 0 0 
1677338677.719671 20.50859375 28.846356928684912 980.5324678093882 0 0 0 0 0 0 63 19 6 2 0 0 
1677338682.8688264 20.513671875 28.911762189650883 980.5762219831117 0 0 0 0 0 0 63 19 6 2 0 0 
1677338688.0186734 20.4984375 28.971501733304954 980.553754089859 0 0 0 0 0 0 57 17 4 0 0 0 
1677338693.1681018 20.513671875 28.870566223529046 980.5752669215259 0 0 0 0 0 0 57 17 4 0 0 0 
1677338698.3187482 20.50859375 28.68609933686504 980.5618043112022 0 0 0 0 0 0 57 17 4 0 0 0 
1677338703.4717867 20.50859375 28.894490623298566 980.5631232011225 0 0 0 0 0 0 51 15 2 0 0 0 
1677338708.622828 20.513671875 28.935545612365786 980.5614403615245 0 0 0 0 0 0 51 15 2 0 0 0 
1677338713.7722583 20.51875 28.870140803933143 980.5749030802665 0 0 0 0 0 0 51 15 2 0 0 0 
1677338718.9176188 20.523828125 28.982830899302265 980.5324678093882 0 0 0 0 0 0 42 12 2 0 0 0 
1677338724.0641184 20.51875 28.899587434208083 980.5704451374288 0 0 0 0 0 0 60 8 2 2 0 0 
1677338729.2105024 20.5341796875 28.756593347910798 980.5280084976876 0 0 0 0 0 0 66 10 2 2 0 0 
1677338734.3649693 20.5392578125 28.690750320505533 980.5444728059182 0 0 0 0 0 0 66 10 2 2 0 0 
1677338739.5198302 20.5341796875 28.82752253339693 980.5747651377626 0 0 0 0 0 0 66 10 2 2 0 0 
1677338744.6740131 20.5341796875 28.732807595142962 980.5418361766625 0 0 0 0 0 0 72 12 2 2 0 0 
1677338749.8213167 20.52890625 28.857538952642287 980.5452019357035 0 0 0 0 0 0 72 12 2 2 0 0 
1677338754.9545732 20.503515625 28.817054121986494 980.5601214852264 0 0 0 0 0 0 72 12 2 2 0 0 
1677338760.1026158 20.48828125 28.87085523504773 980.5683073296312 0 0 0 0 0 0 87 12 2 2 0 0 
1677338765.2494287 20.493359375 28.76977849510337 980.5454755202564 0 0 0 0 0 0 87 12 2 2 0 0 
1677338770.4020762 20.483203125 28.8351814308987 980.5639857076997 0 0 0 0 0 0 87 12 2 2 0 0 
1677338775.5478392 20.4984375 28.793413373568313 980.5814061457545 0 0 0 0 0 0 87 12 2 2 0 0 
1677338780.6962414 20.493359375 28.85301837924968 980.5830889319128 0 0 0 0 0 0 87 12 2 2 0 0 
1677338785.8449867 20.503515625 28.77557590333409 980.575401725062 0 0 0 0 0 0 87 12 2 2 0 0 
1677338790.9978378 20.493359375 28.87651196116863 980.572992216012 0 0 0 0 0 0 81 10 2 2 0 0 
1677338796.1509674 20.503515625 28.626637521804287 980.5705822144437 0 0 0 0 0 0 81 10 2 2 0 0 
1677338801.3035166 20.50859375 28.98311196412287 980.5688994016705 0 0 0 0 0 0 81 10 2 2 0 0 
1677338806.4560182 20.52890625 28.917425489293198 980.5758579361919 0 0 0 0 0 0 117 39 6 0 0 0 
1677338811.6078033 20.52890625 28.90553346285511 980.6041027642086 0 0 0 0 0 0 117 39 6 0 0 0 
1677338816.7599118 20.5341796875 28.768486162579958 980.5882284036342 0 1 1 0 1 1 138 46 8 0 0 0 
1677338821.9126048 20.5443359375 28.690750320505533 980.5962786378838 0 1 1 0 1 1 138 46 8 0 0 0 
1677338827.0656376 20.5544921875 28.774003619880293 980.6275257441561 0 1 1 0 1 1 138 46 8 0 0 0 
1677338832.2195063 20.5392578125 28.660727897369842 980.5975971550738 0 1 1 0 1 1 138 46 8 0 0 0 
1677338837.3727105 20.5544921875 28.725999876897 980.6288443280309 0 1 1 0 1 1 138 46 8 0 0 0 
1677338842.528212 20.5494140625 28.58936406066944 980.6009630272902 0 1 1 0 1 1 138 46 8 0 0 0 
1677338847.6817198 20.5595703125 28.743697095784814 980.6090132890399 0 1 1 0 1 1 138 46 8 0 0 0 
1677338852.834971 20.5544921875 28.850882088693208 980.6275257441561 0 1 1 0 1 1 138 46 8 0 0 0 
1677338857.9868958 20.5494140625 28.62490143029337 980.6166990069337 0 1 1 0 1 1 138 46 8 0 0 0 
1677338863.1402752 20.5494140625 28.708590482955962 980.6181566352005 0 0 0 0 0 0 147 49 4 0 0 0 
1677338868.2939253 20.5646484375 28.83898874016959 980.6305272925382 0 0 0 0 0 0 147 49 4 0 0 0 
1677338873.4471004 20.5494140625 28.607060219335278 980.5935020895361 0 0 0 0 0 0 147 49 4 0 0 0 
1677338878.5999444 20.5544921875 28.916577514861668 980.6022814892779 0 0 0 0 0 0 99 31 2 0 0 0 
1677338883.7540092 20.5646484375 28.565721193955124 980.6103317230675 0 0 0 0 0 0 99 31 2 0 0 0 
1677338888.9074907 20.5494140625 28.755734148336845 980.6144265189538 0 0 0 0 0 0 63 21 6 0 0 0 
1677338894.0608392 20.5595703125 28.91615338137306 980.6331642401746 0 0 0 0 0 0 63 21 6 0 0 0 
1677338899.2140598 20.5544921875 28.916718871021146 980.6241598425964 0 0 0 0 0 0 63 21 6 0 0 0 
1677338904.3673086 20.5443359375 28.70873422540733 980.6524058374979 0 0 0 0 0 0 69 23 6 0 0 0 
1677338909.5229552 20.5544921875 28.678712731681728 980.6409893531928 0 0 0 0 0 0 69 23 6 0 0 0 
1677338914.67621 20.5494140625 28.952396758021273 980.6527700147724 0 0 0 0 0 0 69 23 6 0 0 0 
1677338919.830004 20.5544921875 28.869005874928025 980.634257548115 0 0 0 0 0 0 63 21 4 0 0 0 
1677338924.9828062 20.5544921875 28.702356118028028 980.6359404992795 0 0 0 0 0 0 63 21 4 0 0 0 
1677338930.1359308 20.5443359375 28.815486993067292 980.6389421161238 0 0 0 0 0 0 63 21 4 0 0 0 
1677338935.2891967 20.5544921875 28.80345112679823 980.6056473890189 0 0 0 0 0 0 63 21 4 0 0 0 
1677338940.4425678 20.5494140625 28.660727897369842 980.6241598425964 0 0 0 0 0 0 63 21 4 0 0 0 
1677338945.5951135 20.5595703125 28.9281878510938 980.6621394258809 0 0 0 0 0 0 63 21 4 0 0 0 
1677338950.749102 20.5595703125 28.863059373646003 980.6443552561518 0 0 0 0 0 0 69 23 4 0 0 0 
1677338955.9008977 20.5341796875 28.82752253339693 980.6117891296808 0 0 0 0 0 0 69 23 4 0 0 0 
1677338961.0528166 20.5443359375 28.809682988136558 980.6181566352005 0 0 0 0 0 0 69 23 4 0 0 0 
1677338966.203309 20.5392578125 28.839557747790124 980.6033745830904 0 0 0 0 0 0 60 20 2 0 0 0 
1677338971.3533595 20.5544921875 28.577760475107446 980.6258427933412 0 0 1 0 0 1 63 16 2 2 2 0 
1677338976.5025136 20.5544921875 28.851166340221752 980.6056473890189 0 0 1 0 0 1 63 16 2 2 2 0 
1677338981.651529 20.5443359375 28.738897416243304 980.6443552561518 0 0 1 0 0 1 63 16 2 2 2 0 
1677338986.8049912 20.5646484375 28.68437146481842 980.6490399067347 0 0 1 0 0 1 63 16 2 2 2 0 
1677338991.9578 20.5544921875 28.940221994891434 980.6258427933412 0 0 1 0 0 1 63 16 2 2 2 0 
1677338997.1097229 20.5494140625 28.862775396067985 980.5871349439051 0 0 1 0 0 1 63 16 2 2 2 0 
1677339002.2643023 20.5646484375 28.773431555374337 980.6197003081146 0 0 1 0 0 1 72 16 2 2 2 0 
1677339007.417184 20.5646484375 28.66058357445491 980.6281152651275 0 0 1 0 0 1 72 16 2 2 2 0 
1677339012.5724237 20.5798828125 28.66029489611682 980.6327995849338 0 0 1 0 0 1 72 16 2 2 2 0 
1677339017.727557 20.5748046875 28.874101125012746 980.6283388695397 0 0 1 0 0 1 72 21 2 2 2 0 
1677339022.879882 20.5798828125 28.85626038839483 980.6283388695397 0 0 1 0 0 1 72 21 2 2 2 0 
1677339028.0324557 20.5900390625 28.666097734201436 980.5916771870089 0 0 1 0 0 1 72 21 2 2 2 0 
1677339033.183097 20.5849609375 28.695833547421604 980.6270208485262 0 0 1 0 0 1 72 21 2 2 2 0 
1677339038.3334136 20.5595703125 28.8626333910261 980.6086487593996 0 0 1 0 0 1 72 21 2 2 2 0 
1677339043.4786277 20.5544921875 28.951973889759632 980.5776255492818 0 0 1 0 0 1 72 21 2 2 2 0 
1677339048.6277108 20.5595703125 28.892508484478764 980.5951850525745 0 0 1 0 0 1 78 23 4 2 2 0 
1677339053.7793303 20.5544921875 28.738180470487276 980.5858166045193 0 0 0 0 0 0 51 14 4 0 0 0 
1677339058.926381 20.5697265625 28.803308447705724 980.5918191265675 0 0 0 0 0 0 51 14 2 0 0 0 
1677339064.0724018 20.5646484375 28.678712731681728 980.5598428434579 0 0 0 0 0 0 51 14 2 0 0 0 
1677339069.2230637 20.5544921875 28.773717609298544 980.5736713527747 0 0 0 0 0 0 51 14 2 0 0 0 
1677339074.372791 20.5443359375 28.720340256856353 980.5790848628843 0 0 0 0 0 0 57 16 2 0 0 0 
1677339079.521746 20.5443359375 28.631137799992224 980.5790848628843 0 0 0 0 0 0 57 16 2 0 0 0 
1677339084.6724818 20.5341796875 28.779807275590304 980.5562531544982 0 0 0 0 0 0 57 16 2 0 0 0 
1677339089.819593 20.5494140625 28.744127187790777 980.5740360573924 0 0 0 0 0 0 57 16 2 0 0 0 
1677339094.9717095 20.5341796875 28.804592169460708 980.5586649746652 0 0 0 0 0 0 57 16 2 0 0 0 
1677339100.119484 20.50859375 28.73338127401645 980.5550730077189 0 0 0 0 0 0 57 16 2 0 0 0 
1677339105.268251 20.513671875 28.893924514623798 980.5399275789725 0 0 0 0 0 0 45 12 2 0 0 0 
1677339110.411536 20.52890625 28.7210582300017 980.5865454951554 0 0 0 0 0 0 45 12 2 0 0 0 
1677339115.55957 20.513671875 28.84041093416073 980.5749030802665 0 0 0 0 0 0 45 12 2 0 0 0 
1677339120.711804 20.513671875 28.94757818907122 980.537516365482 0 0 0 0 0 0 51 14 2 0 0 0 
1677339125.864329 20.50859375 28.899870416584342 980.5779048368915 0 0 0 0 0 0 51 14 2 0 0 0 
1677339131.0173898 20.50859375 28.876228495913445 980.5479776472587 0 0 0 0 0 0 51 14 2 0 0 0 
1677339136.1695561 20.50859375 28.804734751033845 980.5500245308406 0 0 0 0 0 0 57 12 0 0 0 0 
1677339141.322966 20.513671875 28.816626853215535 980.5500245308406 0 0 0 0 0 0 57 12 0 0 0 0 
1677339146.4687173 20.503515625 28.93582772958137 980.5668527895491 0 0 0 0 0 0 57 12 0 0 0 0 
1677339151.615867 20.51875 28.947437262014148 980.550979184809 0 0 0 0 0 0 57 12 0 0 0 0 
1677339156.7604446 20.51875 28.858248886878723 980.5657607336685 0 0 0 0 0 0 57 12 0 0 0 0 
1677339161.9091783 20.513671875 28.9060991103247 980.5492963321484 0 0 0 0 0 0 51 10 0 0 0 0 
1677339167.0584362 20.503515625 28.870140803933143 980.5264649803981 0 0 0 0 0 0 51 10 0 0 0 0 
1677339172.2034996 20.503515625 28.775433022652656 980.5238275254055 0 0 0 0 0 0 51 10 0 0 0 0 
1677339177.3518014 20.503515625 28.78167003052818 980.518779133827 0 0 0 0 0 0 30 6 0 0 0 0 
1677339182.5007315 20.48828125 28.781812820631202 980.5279208214911 0 0 0 0 0 0 30 6 0 0 0 0 
1677339187.6463585 20.483203125 28.86490962673204 980.5320135710671 0 0 0 0 0 0 30 6 0 0 0 0 
1677339192.7955055 20.483203125 28.983960300718397 980.5181879683472 0 0 0 0 0 0 30 8 0 0 0 0 
1677339197.9449997 20.503515625 28.923795122572425 980.541610404109 0 0 0 0 0 0 30 8 0 0 0 0 
1677339203.093051 20.4984375 28.739614091105548 980.5389727039178 0 0 0 0 0 0 30 8 0 0 0 0 
1677339208.240093 20.503515625 28.864478611421568 980.5318775383544 0 0 0 0 0 0 24 6 0 0 0 0 
1677339213.3866408 20.503515625 28.941773422579573 980.5191431070608 0 0 0 0 0 0 24 6 0 0 0 0 
1677339218.5396388 20.493359375 28.953664777722857 980.5285119160948 0 0 0 0 0 0 33 8 2 0 0 0 
1677339223.6926699 20.493359375 28.858816639233194 980.5225086742722 0 0 0 0 0 0 33 8 2 0 0 0 
1677339228.8449433 20.493359375 28.80559549411742 980.5393365145255 0 0 0 0 0 0 39 10 2 0 0 0 
1677339233.997487 20.483203125 28.924218660545677 980.5073636240236 0 0 0 0 0 0 39 10 2 0 0 0 
1677339239.1506207 20.493359375 28.71611700076624 980.5161414308712 0 0 0 0 0 0 39 10 2 0 0 0 
1677339244.3039255 20.503515625 29.007315587352004 980.5285119160948 0 0 0 0 0 0 45 12 2 0 0 0 
1677339249.4569697 20.493359375 28.954092671683217 980.5174603235599 0 0 0 0 0 0 45 12 2 0 0 0 
1677339254.613878 20.48828125 28.764118692280082 980.5195069706987 0 0 0 0 0 0 45 12 2 0 0 0 
1677339259.7671442 20.4984375 28.87085523504773 980.5056808410122 0 0 0 0 0 0 45 12 2 0 0 0 
1677339264.9202833 20.48828125 28.668698783181576 980.5245552809644 0 0 0 0 0 0 45 12 2 0 0 0 
1677339270.0735 20.493359375 28.841269195844063 980.5101379131797 0 0 0 0 0 0 45 12 2 0 0 0 
1677339275.2264278 20.48828125 28.88897510208783 980.5219171121121 0 0 0 0 0 0 57 16 4 0 0 0 
1677339280.382205 20.48828125 28.698572167718154 980.5460676525851 0 0 0 0 0 0 57 16 4 0 0 0 
1677339285.5364406 20.478125 28.906811361865643 980.5159131823325 0 0 0 0 0 0 57 16 4 0 0 0 
1677339290.6896937 20.478125 28.966124236536928 980.4957206005806 0 0 0 0 0 0 57 16 4 0 0 0 
1677339295.8431222 20.478125 28.787758504427888 980.5088188004853 0 0 0 0 0 0 57 16 4 0 0 0 
1677339300.996234 20.473046875 29.073418069579557 980.5044976263042 0 0 0 0 0 0 30 8 0 0 0 0 
1677339306.1498542 20.473046875 28.889116637732627 980.5327403414843 0 0 0 0 0 0 30 8 0 0 0 0 
1677339311.3034198 20.46796875 28.889258162542298 980.5179592407342 0 0 0 0 0 0 30 8 0 0 0 0 
1677339316.4559777 20.462890625 28.942906329110293 980.5014955921362 0 0 0 0 0 0 30 8 0 0 0 0 
1677339321.6095808 20.478125 28.80559549411742 980.5088188004853 0 0 0 0 0 0 30 8 0 0 0 0 
1677339326.7629201 20.478125 28.889116637732627 980.5108650359506 0 0 0 0 0 0 30 8 0 0 0 0 
1677339331.9195907 20.473046875 28.782098368330548 980.5394712071032 0 0 0 0 0 0 42 12 2 0 0 0 
1677339337.0728438 20.473046875 28.954796583246015 980.4964475289543 0 0 0 0 0 0 42 12 2 0 0 0 
1677339342.2258303 20.473046875 28.936961186618714 980.5166397854581 0 0 0 0 0 0 42 12 2 0 0 0 
1677339347.3788848 20.452734375 28.865760451771628 980.5495675076291 0 0 0 0 0 0 42 10 2 0 0 0 
1677339352.5341072 20.44765625 28.99669267884854 980.5459712034551 0 0 0 0 0 0 42 10 2 0 0 0 
1677339357.6874413 20.452734375 28.889682671960564 980.53082724337 0 0 0 0 0 0 42 10 2 0 0 0 
1677339362.8401399 20.442578125 29.03886579442376 980.5417014318602 0 0 0 0 0 0 48 12 4 0 0 0 
1677339367.9935558 20.42734375 29.050475687064715 980.5605725176353 0 0 0 0 0 0 48 12 4 0 0 0 
1677339373.1465316 20.432421875 28.979419660864558 980.5568450250075 0 0 0 0 0 0 48 12 4 0 0 0 
1677339378.2982006 20.452734375 28.937243086302146 980.5628507403048 0 0 0 0 0 0 60 16 6 0 0 0 
1677339383.4533534 20.44765625 28.949133087067477 980.5489737585559 0 0 1 0 0 1 75 23 4 2 2 0 
1677339388.6030114 20.44765625 28.99669267884854 980.5632131812704 0 0 1 0 0 1 75 23 4 2 2 0 
1677339393.7533758 20.46796875 28.8180561774666 980.5788993063991 0 0 1 0 0 1 75 23 4 2 2 0 
1677339398.8995292 20.452734375 29.056141243194272 980.5712111495163 0 0 1 0 0 1 75 23 4 2 2 0 
1677339404.0526996 20.46796875 28.966546172575317 980.6020944323153 0 0 1 0 0 1 75 23 4 2 2 0 
1677339409.2047684 20.473046875 29.020192245795272 980.5903154949701 0 0 1 0 0 1 75 23 4 2 2 0 
1677339414.3593538 20.462890625 28.978436481416598 980.6061847910687 0 0 1 0 0 1 75 23 4 2 2 0 
1677339419.5118058 20.4578125 28.954937333054 980.6095501484398 0 0 1 0 0 1 63 19 2 2 2 0 
1677339424.6670473 20.442578125 28.8721307099502 980.5656203430402 0 0 1 0 0 1 63 19 2 2 2 0 
1677339429.8198223 20.4375 28.889965624063798 980.6329247419012 0 0 1 0 0 1 63 19 2 2 2 0 
1677339434.9763262 20.432421875 28.996973165535366 980.6160986316982 0 0 0 0 0 0 63 21 0 0 0 0 
1677339440.131043 20.452734375 28.85995707883186 980.62637693949 0 0 0 0 0 0 63 21 0 0 0 0 
1677339445.274342 20.442578125 28.996973165535366 980.6086443681459 0 0 0 0 0 0 63 21 0 0 0 0 
1677339450.4252264 20.462890625 29.04383244482955 980.6202416817974 0 0 0 0 0 0 63 21 0 0 0 0 
1677339455.5764022 20.462890625 29.049637794943163 980.6206041979236 0 0 0 0 0 0 63 21 0 0 0 0 
1677339460.7254436 20.462890625 28.960601002730606 980.636706394118 0 0 0 0 0 0 63 21 0 0 0 0 
1677339465.8740504 20.46796875 29.031802480994887 980.605459843615 0 0 0 0 0 0 99 33 8 0 0 0 
1677339471.0192187 20.462890625 28.78832928252366 980.639113971993 0 0 0 0 0 0 51 17 6 0 0 0 
1677339476.1694877 20.46796875 29.014107161155295 980.6781781999822 0 0 0 0 0 0 51 17 6 0 0 0 
1677339481.321508 20.46796875 28.960882376214887 980.6317870842526 0 0 0 0 0 0 51 17 6 0 0 0 
1677339486.47251 20.4578125 28.84212159957056 980.6522133725396 0 0 0 0 0 0 63 21 8 0 0 0 
1677339491.621888 20.4578125 28.853870026135855 980.6368350829044 0 0 0 0 0 0 63 21 8 0 0 0 
1677339496.76971 20.4578125 29.067612486680094 980.6452484153893 0 0 0 0 0 0 63 21 8 0 0 0 
1677339501.922792 20.4578125 28.97277243168993 980.6983705471092 0 0 0 0 0 0 63 21 6 0 0 0 
1677339507.0749002 20.452734375 28.954937333054 980.6849089812391 0 0 0 0 0 0 63 21 6 0 0 0 
1677339512.227065 20.462890625 28.889682671960564 980.6637577530095 0 0 0 0 0 0 63 21 6 0 0 0 
1677339517.380007 20.462890625 28.895627759740282 980.6789017628097 0 0 0 0 0 0 69 23 6 0 0 0 
1677339522.5329757 20.4375 28.889965624063798 980.6907322783181 0 0 0 0 0 0 69 23 6 0 0 0 
1677339527.6857693 20.432421875 29.06264395997769 980.6877284076321 0 0 0 0 0 0 69 23 6 0 0 0 
1677339532.8378313 20.442578125 28.92011359490163 980.7146506690802 0 0 0 0 0 0 48 16 4 0 0 0 
1677339537.9900768 20.42734375 28.985504662870927 980.7032333840808 0 0 0 0 0 0 48 16 4 0 0 0 
1677339543.142352 20.442578125 28.919549147081604 980.7193374144628 0 0 0 0 0 0 48 16 4 0 0 0 
1677339548.2956707 20.452734375 28.972912965214057 980.7256551490173 0 0 0 0 0 0 60 18 4 2 0 0 
1677339553.4521487 20.452734375 28.818340816607403 980.7192858166334 0 0 0 0 0 0 60 18 4 2 0 0 
1677339558.6085877 20.452734375 28.936961186618714 980.68904962388 0 0 0 0 0 0 60 18 4 2 0 0 
1677339563.7613628 20.452734375 28.972912965214057 980.7075588265441 0 0 0 0 0 0 60 18 4 2 0 0 
1677339568.9093285 20.442578125 29.056280807150063 980.717654758836 0 0 0 0 0 0 60 18 4 2 0 0 
1677339574.0583706 20.44765625 29.07439365505248 980.7092414817514 0 0 0 0 0 0 66 20 6 4 0 0 
1677339579.208325 20.452734375 28.925494114966664 980.7037802683835 0 0 0 0 0 0 66 20 6 4 0 0 
1677339584.353299 20.4578125 29.06789139484732 980.6987322206847 0 0 0 0 0 0 66 20 6 4 0 0 
1677339589.5030227 20.4578125 28.954937333054 980.7256551490173 0 0 0 0 0 0 72 22 6 4 0 0 
1677339594.6521995 20.452734375 28.984943228319896 980.6940457782739 0 0 0 0 0 0 72 22 6 4 0 0 
1677339599.7959788 20.4578125 28.889682671960564 980.7310645065854 0 0 0 0 0 0 72 22 6 4 0 0 
1677339604.94355 20.44765625 29.008582473973735 980.7252936922753 0 0 0 0 0 0 72 22 4 4 0 0 
1677339610.0929434 20.452734375 29.06208604307781 980.7206070985915 0 0 0 0 0 0 72 22 4 4 0 0 
1677339615.238756 20.452734375 28.99060743778567 980.7037802683835 0 0 0 0 0 0 72 22 4 4 0 0 
1677339620.3878748 20.46796875 29.020192245795272 980.7084667244486 0 0 0 0 0 0 87 27 4 4 0 0 
1677339625.5351021 20.46796875 28.830089051477398 980.7172417319905 0 0 0 0 0 0 87 27 4 4 0 0 
1677339630.6917348 20.452734375 29.073836242645594 980.7182012837803 0 0 0 0 0 0 30 10 0 0 0 0 
1677339635.8377552 20.44765625 28.878075691602934 980.6944589713161 0 0 0 0 0 0 30 10 0 0 0 0 
1677339640.9887207 20.4578125 28.9965524192531 980.7260164961865 0 0 0 0 0 0 30 10 0 0 0 0 
1677339646.1384106 20.462890625 28.764833453442915 980.7299802583266 0 0 0 0 0 0 30 10 0 0 0 0 
1677339651.2907584 20.452734375 29.008302217874082 980.7020975857474 0 0 0 0 0 0 30 10 0 0 0 0 
1677339656.443896 20.4578125 28.830089051477398 980.6983705471092 0 0 0 0 0 0 30 10 0 0 0 0 
1677339661.5975285 20.4578125 29.085586664164616 980.7222897819967 0 0 0 0 0 0 30 10 0 0 0 0 
1677339666.749405 20.452734375 29.133561513428376 980.7025108613421 0 0 0 0 0 0 30 10 0 0 0 0 
1677339671.9022722 20.44765625 29.181118007469383 980.6961416124119 0 0 0 0 0 0 30 10 0 0 0 0 
1677339677.0545242 20.432421875 29.04481035123384 980.7082812679707 0 0 0 0 0 0 18 6 0 0 0 0 
1677339682.2079067 20.432421875 28.997534008892863 980.7086423243388 0 0 0 0 0 0 18 6 0 0 0 0 
1677339687.3611958 20.432421875 29.151672179938767 980.6904946647696 0 0 0 0 0 0 18 6 0 0 0 0 
1677339692.5138936 20.422265625 29.06264395997769 980.7073206702174 0 0 0 0 0 0 24 6 0 0 0 0 
1677339697.6675117 20.432421875 29.074532981068288 980.6925382377692 0 0 0 0 0 0 24 6 0 0 0 0 
1677339702.8207211 20.432421875 29.1519490407343 980.7136901682021 0 0 0 0 0 0 24 6 0 0 0 0 
1677339707.9740207 20.432421875 28.92591726163044 980.7052770954463 0 0 0 0 0 0 24 6 0 0 0 0 
1677339713.1275892 20.432421875 28.997253608883472 980.7099638960739 0 0 0 0 0 0 45 12 2 0 0 0 
1677339718.2807734 20.442578125 29.08642196103463 980.6843631262097 0 0 0 0 0 0 45 12 2 0 0 0 
1677339723.4249935 20.422265625 29.021171993804757 980.7237858578166 0 0 0 0 0 0 45 12 2 0 0 0 
1677339728.57837 20.422265625 28.955781604370006 980.7136901682021 0 0 0 0 0 0 24 8 2 0 0 0 
1677339733.7312365 20.432421875 29.020752166808197 980.6965028732064 0 0 0 0 0 0 24 8 2 0 0 0 
1677339738.884502 20.432421875 28.967530310779967 980.7045548189395 0 0 0 0 0 0 24 8 2 0 0 0 
1677339744.039815 20.432421875 28.973474990962792 980.710685872146 0 0 0 0 0 0 72 13 2 0 0 0 
1677339749.1930933 20.4171875 29.164252415529624 980.7084028939609 0 0 0 0 0 0 72 13 2 0 0 0 
1677339754.3462586 20.412109375 29.19369681062347 980.7151331354748 0 0 0 0 0 0 72 13 2 0 0 0 
1677339759.4985101 20.396875 29.027815665544633 980.6791987905821 0 0 0 0 0 0 66 11 2 0 0 0 
1677339764.6514337 20.3765625 29.12941956837112 980.7132093374659 0 0 0 0 0 0 66 11 2 0 0 0 
1677339769.8050249 20.3765625 29.09403503749713 980.6836447297651 0 0 0 0 0 0 66 11 2 0 0 0 
1677339774.9591417 20.371484375 28.962850777104414 980.7210190420769 0 0 0 0 0 0 78 15 2 0 0 0 
1677339780.1121066 20.381640625 28.99257104490935 980.7031143016968 0 0 0 0 0 0 78 15 2 0 0 0 
1677339785.2652423 20.381640625 29.28395289143905 980.7694511889605 0 0 0 0 0 0 78 15 2 0 0 0 
1677339790.41729 20.38671875 28.962850777104414 980.716574349948 0 0 0 0 0 0 78 15 2 0 0 0 
1677339795.571718 20.38671875 28.92704517599526 980.709484131754 0 0 0 0 0 0 78 23 6 0 0 0 
1677339800.722811 20.391796875 29.093479010211986 980.707199425948 0 0 0 0 0 0 99 27 8 2 0 0 
1677339805.8747482 20.391796875 29.164667117110692 980.7515471431811 0 0 0 0 0 0 99 27 8 2 0 0 
1677339811.0283267 20.391796875 29.117254614375803 980.7034744398729 0 0 0 0 0 0 99 27 8 2 0 0 
1677339816.1741347 20.391796875 29.105366832852244 980.7438542728075 0 0 0 0 0 0 72 18 4 2 0 0 
1677339821.3204575 20.391796875 29.147250691032642 980.6846067426566 0 0 0 0 0 0 72 18 4 2 0 0 
1677339826.4769673 20.391796875 28.98648675619834 980.7249868823774 0 0 0 0 0 0 72 18 4 2 0 0 
1677339831.6321049 20.396875 28.903409470574182 980.7115268313296 0 0 0 0 0 0 72 18 4 2 0 0 
1677339836.7849193 20.396875 29.218436682334367 980.7158539618014 0 0 0 0 0 0 72 18 4 2 0 0 
1677339841.9374049 20.391796875 29.19424844158294 980.7259491635477 0 0 0 0 0 0 72 18 4 2 0 0 
1677339847.0905864 20.412109375 29.086561139259523 980.736285515944 0 0 0 0 0 0 66 14 2 2 0 0 
1677339852.2445781 20.422265625 29.181946535610063 980.7594813315379 0 0 0 0 0 0 66 14 2 2 0 0 
1677339857.400491 20.4171875 29.009142856157435 980.7463810483886 0 0 0 0 0 0 66 14 2 2 0 0 
1677339862.5528712 20.442578125 29.038586309806714 980.795417560823 0 0 0 0 0 0 60 12 2 2 0 0 
1677339867.7018278 20.422265625 29.057117963361627 980.7527509198501 0 0 0 0 0 0 60 12 2 2 0 0 
1677339872.8511746 20.442578125 28.931580063808486 980.7668126015733 0 0 0 0 0 0 60 12 2 2 0 0 
1677339878.002157 20.4375 28.937524942645872 980.7432555914817 0 0 0 0 0 0 87 27 8 0 0 0 
1677339883.1504655 20.4375 28.818767694053005 980.7516688077984 0 0 0 0 0 0 87 27 8 0 0 0 
1677339888.302737 20.432421875 29.13992186197059 980.7877252838266 0 0 0 0 0 0 87 27 8 0 0 0 
1677339893.4592407 20.42734375 28.92591726163044 980.7662117443444 0 0 0 0 0 0 87 27 8 0 0 0 
1677339898.612128 20.422265625 29.06292285342116 980.7796725733136 0 0 0 0 0 0 87 27 8 0 0 0 
1677339903.7646456 20.4171875 28.92648130549257 980.8097163431578 0 0 0 0 0 0 60 20 8 0 0 0 
1677339908.9194446 20.432421875 28.89647607511409 980.7763073656517 0 0 0 0 0 0 60 20 8 0 0 0 
1677339914.072445 20.432421875 28.848776465635638 980.7507077090942 0 0 0 0 0 0 60 20 8 0 0 0 
1677339919.2254925 20.432421875 29.05655990255833 980.7873648644022 0 0 0 0 0 0 54 18 6 0 0 0 
1677339924.3788452 20.4375 29.151672179938767 980.778951708504 0 0 0 0 0 0 54 18 6 0 0 0 
1677339929.5317342 20.46796875 28.96102304670478 980.785870834349 0 0 0 0 0 0 54 18 6 0 0 0 
1677339934.6795926 20.432421875 29.092227315014945 980.7570775113496 0 0 0 0 0 0 48 16 6 0 0 0 
1677339939.8292885 20.442578125 29.020752166808197 980.8102009221387 0 0 0 0 0 0 48 16 6 0 0 0 
1677339944.9787576 20.4375 28.84835068052392 980.8219288013777 0 0 0 0 0 0 48 16 6 0 0 0 
1677339950.1266565 20.44765625 28.919690275289103 980.8085182627364 0 0 0 0 0 0 42 14 4 0 0 0 
1677339955.2789505 20.44765625 28.925494114966664 980.7950569900336 0 0 0 0 0 0 42 14 4 0 0 0 
1677339960.4332564 20.452734375 28.996832927609294 980.8135662411536 0 0 0 0 0 0 69 19 2 0 0 0 
1677339965.5826287 20.4375 29.00886268673485 980.8387555450109 0 0 0 0 0 0 69 19 2 0 0 0 
1677339970.7267072 20.44765625 29.03264160575541 980.8677713714758 0 0 0 0 0 0 69 19 2 0 0 0 
1677339975.8765242 20.442578125 28.985223967264865 980.853707212629 0 0 0 0 0 0 69 19 2 0 0 0 
1677339981.02392 20.432421875 29.056699434010802 980.9088739468276 0 0 0 0 0 0 69 19 2 0 0 0 
1677339986.1695514 20.422265625 28.926058288848424 980.8546701745148 0 0 0 0 0 0 69 19 2 0 0 0 
1677339991.3194883 20.422265625 28.860666089988236 980.8507016976993 0 0 0 0 0 0 69 19 2 0 0 0 
1677339996.4720519 20.422265625 29.027256365160035 980.8826709827403 0 0 0 0 0 0 69 19 2 0 0 0 
1677340001.618963 20.422265625 28.949696208545117 980.8684910188875 0 0 0 0 0 0 69 19 2 0 0 0 
1677340006.771498 20.42734375 29.068867232149284 980.8503419988145 0 0 0 0 0 0 69 19 2 0 0 0 
1677340011.9143298 20.422265625 29.063201703526996 980.8772637171616 0 0 0 0 0 0 69 19 2 0 0 0 
1677340017.063208 20.432421875 28.97970047176548 980.8482995700199 0 0 0 0 0 0 63 17 2 0 0 0 
1677340022.2106793 20.432421875 29.02145182429623 980.8785867470968 0 0 0 0 0 0 63 17 2 0 0 0 
1677340027.3566947 20.452734375 29.032781421961282 980.8993819705289 0 0 0 0 0 0 63 17 2 0 0 0 
1677340032.5122747 20.452734375 29.12747816318429 980.81392666287 0 0 0 0 0 0 54 12 0 0 0 0 
1677340037.665023 20.452734375 28.866185718015934 980.8606303221875 None None None None None None None None None None None None 
1677340042.8177948 20.452734375 28.78861460655831 980.8484912366829 0 0 0 0 0 0 81 27 2 0 0 0 
1677340047.971784 20.44765625 28.878075691602934 980.885870464383 0 0 0 0 0 0 81 27 2 0 0 0 
1677340053.1244643 20.452734375 28.92591726163044 980.8344785697345 0 0 0 0 0 0 81 27 2 0 0 0 
1677340058.2768605 20.452734375 28.92563517468956 980.8841877877471 0 0 0 0 0 0 81 27 2 0 0 0 
1677340063.4292047 20.4375 28.878075691602934 980.8526275399438 0 0 0 0 0 0 81 27 2 0 0 0 
1677340068.584424 20.432421875 28.973615470313035 980.8856767578155 0 0 0 0 0 0 102 34 2 0 0 0 
1677340073.7379446 20.40703125 28.98578531513808 980.8594741865716 0 0 0 0 0 0 102 34 2 0 0 0 
1677340078.8912084 20.401953125 28.855713922900573 980.8689647920036 0 0 0 0 0 0 102 34 2 0 0 0 
1677340084.0431607 20.40703125 28.99172975903199 980.8702882201987 0 0 0 0 0 0 96 32 2 0 0 0 
1677340089.1964383 20.4171875 28.938370251638915 980.8766592673978 0 0 0 0 0 0 96 32 2 0 0 0 
1677340094.3522491 20.422265625 28.96186684211278 980.8520246056869 0 0 0 0 0 0 96 32 2 0 0 0 
1677340099.5054805 20.42734375 29.04481035123384 980.8576754831583 0 0 0 0 0 0 96 32 2 0 0 0 
1677340104.6590188 20.442578125 29.151395275807033 980.8307531266181 0 0 0 0 0 0 96 32 2 0 0 0 
1677340109.8123512 20.452734375 28.996832927609294 980.8681312499618 0 0 0 0 0 0 96 32 2 0 0 0 
1677340114.965536 20.4578125 28.895910574871927 980.8690437011712 0 0 0 0 0 0 96 32 2 0 0 0 
1677340120.1185713 20.452734375 28.830089051477398 980.8615923893799 0 1 1 0 1 1 132 36 13 0 0 0 
1677340125.2717245 20.452734375 28.87198903385738 980.848851594547 0 0 0 0 0 0 105 27 6 0 0 0 
1677340130.4242077 20.42734375 28.937806755649905 980.8466169497354 0 0 0 0 0 0 105 27 6 0 0 0 
1677340135.577391 20.432421875 28.92591726163044 980.8963764020449 0 0 0 0 0 0 105 27 6 0 0 0 
1677340140.729725 20.4375 28.878358874310095 980.8735388826776 0 0 0 0 0 0 105 27 6 0 0 0 
1677340145.8829036 20.432421875 29.080477476191987 980.8684910188875 0 0 0 0 0 0 105 27 6 0 0 0 
1677340151.0363507 20.432421875 28.973474990962792 980.853347431293 0 0 0 0 0 0 105 27 6 0 0 0 
1677340156.191734 20.44765625 29.08019895028287 980.8673610252346 0 0 0 0 0 0 132 38 8 0 0 0 
1677340161.3444045 20.4375 28.985083603209745 980.8677713714758 0 0 0 0 0 0 132 38 8 0 0 0 
1677340166.4986584 20.44765625 29.032501778715 980.8993819705289 0 0 0 0 0 0 132 38 8 0 0 0 
1677340171.652366 20.44765625 28.889824153429743 980.8185634534902 0 0 0 0 0 0 111 31 4 0 0 0 
1677340176.8060496 20.44765625 28.94955544442802 980.8526275399438 0 0 0 0 0 0 111 31 4 0 0 0 
1677340181.95993 20.4375 28.997113392626762 980.8614007116789 0 0 0 0 0 0 111 31 4 0 0 0 
1677340187.1130788 20.44765625 28.818483119924682 980.8572649710834 0 0 0 0 0 0 111 31 4 0 0 0 
1677340192.2657704 20.442578125 28.83037339499323 980.8543101876121 0 0 0 0 0 0 111 31 4 0 0 0 
1677340197.418372 20.442578125 29.145589224587773 980.8694540197736 0 0 0 0 0 0 111 31 4 0 0 0 
1677340202.5717032 20.442578125 29.08019895028287 980.8960166443821 0 0 0 0 0 0 75 25 6 0 0 0 
1677340207.726373 20.4578125 28.92535304440879 980.8370728703328 0 0 0 0 0 0 75 25 6 0 0 0 
1677340212.8777893 20.452734375 29.06803083267934 980.848851594547 0 0 0 0 0 0 69 23 6 0 0 0 
1677340218.0294132 20.452734375 28.92535304440879 980.885870464383 0 0 0 0 0 0 69 23 6 0 0 0 
1677340223.1815882 20.452734375 29.12733941012915 980.8346691535908 0 0 0 0 0 0 69 23 6 0 0 0 
1677340228.3321865 20.452734375 28.972631887331012 980.8582269839275 0 0 0 0 0 0 69 23 6 0 0 0 
1677340233.4795017 20.462890625 29.032222092130574 980.8296210488733 0 0 0 0 0 0 69 23 6 0 0 0 
1677340238.6330187 20.4578125 28.937102141877894 980.8404382197587 0 0 0 0 0 0 69 23 6 0 0 0 
1677340243.776887 20.4578125 29.05600166840404 980.8127940376929 0 0 0 0 0 0 69 23 6 0 0 0 
1677340248.9248798 20.493359375 28.876653677543448 980.8401946532648 0 0 0 0 0 0 69 23 6 0 0 0 
1677340254.0732749 20.493359375 28.864620475605324 980.8526967982708 0 0 0 0 0 0 69 23 6 0 0 0 
1677340259.2232332 20.493359375 28.95975120828808 980.8587055723953 0 0 0 0 0 0 63 21 4 0 0 0 
1677340264.3707886 20.483203125 28.82952023442132 980.8272167585949 0 0 0 0 0 0 63 21 4 0 0 0 
1677340269.5177908 20.493359375 28.829088036371356 980.8701240022119 0 0 0 0 0 0 63 21 4 0 0 0 
1677340274.670431 20.493359375 28.959891965873382 980.8734896528651 0 0 0 0 0 0 63 19 4 0 0 0 
1677340279.8269072 20.48828125 28.894637565473904 980.862793502511 0 0 0 0 0 0 63 19 4 0 0 0 
1677340284.9793544 20.493359375 29.05473963551399 980.8553399501059 0 0 0 0 0 0 72 24 2 0 0 0 
1677340290.132118 20.4984375 28.88245768852407 980.8385118428544 0 0 0 0 0 0 72 24 2 0 0 0 
1677340295.277291 20.503515625 28.840979508367802 980.8815425155937 0 0 0 0 0 0 78 26 2 0 0 0 
1677340300.4248917 20.483203125 28.852870939228634 980.859427934151 0 0 0 0 0 0 78 26 2 0 0 0 
1677340305.5772188 20.48828125 28.995564900980536 980.8489700233536 0 0 0 0 0 0 78 26 2 0 0 0 
1677340310.7290783 20.478125 29.055303631936226 980.8352695109513 0 0 0 0 0 0 72 24 2 0 0 0 
1677340315.8819587 20.483203125 28.823432391256144 980.8319040262832 0 0 0 0 0 0 72 24 2 0 0 0 
1677340321.0347703 20.483203125 28.900724542714634 980.847648447095 0 0 0 0 0 0 72 24 2 0 0 0 
1677340326.1894324 20.473046875 29.020052238455573 980.8406785888496 0 0 0 0 0 0 84 26 2 0 0 0 
1677340331.3422508 20.462890625 28.752656669270333 980.8514961738614 0 0 0 0 0 0 84 26 2 0 0 0 
1677340336.494833 20.462890625 29.038167001622305 980.8299816653823 0 0 0 0 0 0 84 26 2 0 0 0 
1677340341.650328 20.44765625 28.937243086302146 980.8367124176037 0 0 0 0 0 0 57 17 0 0 0 0 
1677340346.803323 20.4578125 28.996412148822973 980.821207542409 0 0 0 0 0 0 57 17 0 0 0 0 
1677340351.949412 20.473046875 28.966546172575317 980.7976497336093 0 0 0 0 0 0 57 17 0 0 0 0 
1677340357.0992372 20.462890625 29.020052238455573 980.8373131308664 0 0 0 0 0 0 57 15 0 0 0 0 
1677340362.2487783 20.483203125 28.841553373760846 980.830582215739 0 0 0 0 0 0 57 15 0 0 0 0 
1677340367.3973775 20.478125 28.859531542115132 980.8601498575538 0 0 0 0 0 0 105 33 4 0 0 0 
1677340372.5433056 20.478125 28.877084210820023 980.8147154439009 0 0 0 0 0 0 105 33 4 0 0 0 
1677340377.6906102 20.483203125 28.888833555607903 980.8231292203609 0 0 0 0 0 0 105 33 4 0 0 0 
1677340382.8349638 20.483203125 28.924506393527025 980.8341861803696 0 0 0 0 0 0 105 33 4 0 0 0 
1677340387.9837005 20.483203125 28.93625624779884 980.8220452764218 0 0 0 0 0 0 105 33 4 0 0 0 
1677340393.126682 20.48828125 29.037328092721552 980.862793502511 0 0 0 0 0 0 105 33 4 0 0 0 
1677340398.2767293 20.483203125 29.0255774238887 980.850053316781 0 0 0 0 0 0 78 26 2 0 0 0 
1677340403.4321318 20.462890625 28.859531542115132 980.852457693994 0 0 0 0 0 0 78 26 2 0 0 0 
1677340408.5798118 20.462890625 28.770207243849082 980.8406785888496 0 0 0 0 0 0 78 26 2 0 0 0 
1677340413.729813 20.473046875 28.94262452305515 980.8537796816266 0 0 0 0 0 0 72 24 2 0 0 0 
1677340418.8771155 20.473046875 28.86561867468642 980.8453659666344 0 0 0 0 0 0 72 24 2 0 0 0 
1677340424.025565 20.473046875 28.954515051125476 980.8621933983669 0 0 0 0 0 0 72 24 2 0 0 0 
1677340429.1791198 20.473046875 28.877509196166592 980.8225294632707 0 0 0 0 0 0 66 22 2 0 0 0 
1677340434.3355489 20.4578125 28.96074169489016 980.85690468098 0 0 0 0 0 0 66 22 2 0 0 0 
1677340439.4879124 20.462890625 29.15097983835404 980.8464480670459 0 0 0 0 0 0 66 22 2 0 0 0 
1677340444.641145 20.483203125 28.978014956274663 980.8635153717041 0 0 0 0 0 0 66 22 2 0 0 0 
1677340449.794433 20.473046875 28.77006433843613 980.8218075739568 0 0 0 0 0 0 75 25 4 0 0 0 
1677340454.9510365 20.483203125 28.829378003068875 980.870246400844 0 0 0 0 0 0 75 25 4 0 0 0 
1677340460.1037066 20.493359375 29.090974742240302 980.8520969384882 0 0 0 0 0 0 75 25 4 0 0 0 
1677340465.2518044 20.483203125 28.918560946249062 980.8719291583039 0 0 0 0 0 0 75 25 4 0 0 0 
1677340470.4007595 20.503515625 28.864620475605324 980.8590668080686 0 0 0 0 0 0 75 25 4 0 0 0 
1677340475.5514636 20.4984375 28.793413373568313 980.8123100064863 0 0 0 0 0 0 75 25 4 0 0 0 
1677340480.701313 20.48828125 28.829088036371356 980.8416395347266 0 0 0 0 0 0 75 25 4 0 0 0 
1677340485.8524687 20.493359375 28.98353348009316 980.8755336880391 0 0 0 0 0 0 75 25 4 0 0 0 
1677340491.005594 20.48828125 29.037182857354583 980.8463267884224 0 0 0 0 0 0 75 25 4 0 0 0 
1677340496.158811 20.4984375 29.061248842695463 980.8493312307503 0 0 0 0 0 0 75 25 4 0 0 0 
1677340501.3111904 20.50859375 28.983392985604475 980.897410248831 0 0 0 0 0 0 75 25 4 0 0 0 
1677340506.464402 20.503515625 29.0309575834275 980.8764939980122 0 0 0 0 0 0 75 25 4 0 0 0 
1677340511.618079 20.50859375 28.876228495913445 980.8761325826283 0 0 0 0 0 0 63 21 0 0 0 0 
1677340516.7734473 20.50859375 29.019066495678 980.8832253549273 0 0 0 0 0 0 63 21 0 0 0 0 
1677340521.9289227 20.4984375 28.90015335562024 980.9155603096333 0 0 0 0 0 0 63 21 0 0 0 0 
1677340527.0811768 20.503515625 28.864336736402578 980.89632681936 None None None None None None None None None None None None 
1677340532.2345483 20.503515625 28.864478611421568 980.8852694323542 0 0 0 0 0 0 96 23 6 0 0 0 
1677340537.3906505 20.503515625 28.876370233958628 980.8781768371362 0 0 0 0 0 0 96 23 6 0 0 0 
1677340542.5444012 20.50859375 29.07838211341548 980.8566614023965 0 0 0 0 0 0 96 23 6 0 0 0 
1677340547.6974373 20.513671875 28.822857608583995 980.8815425155937 0 0 0 0 0 0 90 21 6 0 0 0 
1677340552.8498826 20.51875 29.048654385887804 980.8865910338043 0 0 0 0 0 0 90 21 6 0 0 0 
1677340558.002333 20.51875 28.905816308260036 980.9053397695737 0 0 0 0 0 0 90 21 6 0 0 0 
1677340563.155537 20.523828125 28.88189098861921 980.8892339894327 0 0 0 0 0 0 90 21 6 0 0 0 
1677340568.30898 20.523828125 29.03039768853359 980.8576212078049 0 0 0 0 0 0 90 21 6 0 0 0 
1677340573.4613407 20.523828125 28.94687344543689 980.9450065803107 0 0 0 0 0 0 90 21 6 0 0 0 
1677340578.6143665 20.51875 28.697703980125937 980.8983709120771 0 0 0 0 0 0 96 23 8 0 0 0 
1677340583.771375 20.503515625 28.864478611421568 980.9091899403065 0 0 0 0 0 0 96 23 8 0 0 0 
1677340588.9251895 20.493359375 28.930310752603397 980.9579915557831 0 0 0 0 0 0 96 23 8 0 0 0 
1677340594.0784333 20.483203125 29.02599730547314 980.9728947338641 0 0 0 0 0 0 96 23 8 0 0 0 
1677340599.2320395 20.473046875 29.019772191272402 980.9483733920018 0 0 0 0 0 0 96 23 8 0 0 0 
1677340604.3852494 20.473046875 29.12083926040223 980.9395996744047 0 0 0 0 0 0 96 23 8 0 0 0 
1677340609.5384562 20.473046875 29.085308145200045 980.9063050754309 0 0 0 0 0 0 66 22 6 2 0 0 
1677340614.6914585 20.478125 28.817771494984136 980.9231323968146 0 0 0 0 0 0 66 22 6 2 0 0 
1677340619.8443735 20.478125 28.79979241496856 980.9573897606093 0 0 0 0 0 0 72 24 8 2 0 0 
1677340624.9993975 20.483203125 28.852728948905455 980.9020976947119 0 0 0 0 0 0 72 24 8 2 0 0 
1677340630.1555254 20.4984375 29.06690966053321 980.9101507937769 0 0 0 0 0 0 72 24 8 2 0 0 
1677340635.308962 20.513671875 28.864478611421568 980.8822649362546 0 0 0 0 0 0 72 24 8 2 0 0 
1677340640.4606774 20.523828125 28.92308900925052 980.9154371381799 0 0 0 0 0 0 72 24 8 2 0 0 
1677340645.6089356 20.5443359375 29.01199932969274 980.947649364101 0 0 0 0 0 0 72 24 8 2 0 0 
1677340650.754794 20.5544921875 28.815486993067292 980.9325028116509 0 0 0 0 0 0 78 24 8 2 0 0 
1677340655.903722 20.5443359375 28.61967827384251 980.9678447761808 0 0 0 0 0 0 78 24 8 2 0 0 
1677340661.0540514 20.5443359375 28.73832388130999 980.8907911316876 0 0 0 0 0 0 78 24 8 2 0 0 
1677340666.2028363 20.5341796875 28.833753625356383 980.9285388801195 0 0 0 0 0 0 78 24 6 0 0 0 
1677340671.3508508 20.5341796875 28.940645241552744 980.9163968936085 0 0 0 0 0 0 78 24 6 0 0 0 
1677340676.5050414 20.5392578125 28.744127187790777 980.9311815835795 0 0 0 0 0 0 78 24 6 0 0 0 
1677340681.6580334 20.5544921875 28.928611541167193 980.944283463067 0 0 0 0 0 0 84 26 6 0 0 0 
1677340686.8103669 20.5392578125 28.756450175071013 980.9493323147228 0 0 0 0 0 0 84 26 6 0 0 0 
1677340691.9633763 20.5392578125 28.762110414836197 980.9311815835795 0 0 1 0 0 1 24 8 6 2 2 2 
1677340697.116569 20.5443359375 28.84550415324275 980.9652016654472 0 0 1 0 0 1 24 8 6 2 2 2 
1677340702.2690237 20.5392578125 28.732233742897037 980.9551041216201 0 0 1 0 0 1 24 8 6 2 2 2 
1677340707.4233475 20.5392578125 28.994582246624148 980.951738274237 0 0 1 0 0 1 30 10 6 2 2 2 
1677340712.575162 20.5392578125 28.726861131236518 980.9537825243326 0 0 1 0 0 1 30 10 6 2 2 2 
1677340717.7186642 20.5443359375 28.94630945550124 980.92517306208 0 0 1 0 0 1 30 10 6 2 2 2 
1677340722.8661447 20.5392578125 28.869005874928025 980.9308198617285 0 0 1 0 0 1 24 8 4 2 2 2 
1677340728.0102448 20.5494140625 28.768057022501498 980.969527727642 0 0 1 0 0 1 24 8 4 2 2 2 
1677340733.159219 20.5392578125 28.922806488076787 980.9719333627307 0 0 1 0 0 1 24 8 4 2 2 2 
1677340738.31109 20.5544921875 28.82752253339693 980.94728766816 0 0 1 0 0 1 24 8 4 2 2 2 
1677340743.459454 20.5544921875 28.940080891001134 980.9240880627382 0 0 1 0 0 1 24 8 4 2 2 2 
1677340748.6118 20.5595703125 28.6846595518526 980.9704875571482 0 0 1 0 0 1 24 8 4 2 2 2 
1677340753.7664435 20.5646484375 28.93399319298136 980.956661896146 0 0 0 0 0 0 30 10 6 0 0 0 
1677340758.9197087 20.5544921875 28.666530562476602 980.9721705358548 0 0 0 0 0 0 30 10 6 0 0 0 
1677340764.0728567 20.5798828125 28.790986421355974 980.9946473497604 0 0 0 0 0 0 30 10 6 0 0 0 
1677340769.225042 20.6001953125 28.695401649042864 980.951484963673 0 0 0 0 0 0 42 14 6 0 0 0 
1677340774.3778217 20.5951171875 28.629690766774562 980.9726399455635 0 0 0 0 0 0 87 27 4 0 0 0 
1677340779.5307274 20.5849609375 28.707440153253255 980.9784139212551 0 0 0 0 0 0 87 27 4 0 0 0 
1677340784.677883 20.6052734375 28.677271178124546 980.9726399455635 0 0 0 0 0 0 87 27 4 0 0 0 
1677340789.8280241 20.5849609375 28.82057863737884 980.9993346008398 0 0 0 0 0 0 93 27 4 0 0 0 
1677340794.9825273 20.5849609375 28.951691923410795 980.9926024648307 0 0 0 0 0 0 93 27 4 0 0 0 
1677340800.1355405 20.5748046875 28.73151618378452 980.9778171494638 0 0 0 0 0 0 93 27 4 0 0 0 
1677340805.2879696 20.5849609375 28.808399297672388 980.9767308608816 0 0 0 0 0 0 99 29 2 0 0 0 
1677340810.4444761 20.5849609375 28.70134898630521 980.9669947872545 0 0 0 0 0 0 99 29 2 0 0 0 
1677340815.5976825 20.5849609375 28.642164326695877 980.975772129705 0 0 0 0 0 0 99 29 2 0 0 0 
1677340820.7521188 20.5798828125 28.951832912002654 980.9862322487378 0 0 0 0 0 0 99 29 2 0 0 0 
1677340825.9024267 20.5595703125 28.821006155770416 980.964352994263 0 0 0 0 0 0 99 29 2 0 0 0 
1677340831.0522292 20.5595703125 28.743840470622537 981.0051071333822 0 0 0 0 0 0 99 29 2 0 0 0 
1677340836.201551 20.5595703125 28.69612142549441 980.9923662857909 0 0 0 0 0 0 99 29 4 0 0 0 
1677340841.3582704 20.5595703125 28.81520191967585 981.0219372093425 0 0 0 0 0 0 99 29 4 0 0 0 
1677340846.514772 20.5697265625 28.708159190586578 980.9873173473627 0 0 0 0 0 0 99 29 4 0 0 0 
1677340851.6692262 20.5748046875 28.832899702994983 980.990321743434 0 0 0 0 0 0 99 31 4 0 0 0 
1677340856.8215308 20.5595703125 28.7200529917474 980.9865940579052 0 0 0 0 0 0 42 6 0 0 0 0 
1677340861.9750252 20.5646484375 28.892225148428288 981.053553105885 0 0 0 0 0 0 48 8 0 0 0 0 
1677340867.1277797 20.5646484375 28.743840470622537 981.0243429104562 0 0 0 0 0 0 48 8 0 0 0 0 
1677340872.284172 20.5443359375 28.88684531705367 981.0267481189436 0 0 0 0 0 0 48 8 0 0 0 0 
1677340877.4363983 20.5494140625 28.84536198607879 981.0045084893387 0 0 0 0 0 0 48 8 0 0 0 0 
1677340882.5891142 20.5494140625 28.958061272146416 980.9923662857909 0 0 0 0 0 0 48 8 0 0 0 0 
1677340887.7423432 20.5544921875 28.845219808079516 980.9678447761808 0 0 0 0 0 0 48 8 0 0 0 0 
1677340892.897518 20.5443359375 28.839273265650547 981.0028255228558 0 0 0 0 0 0 42 6 0 0 0 0 
1677340898.0502043 20.5544921875 28.672477540211084 980.9732550138078 0 0 0 0 0 0 42 6 0 0 0 0 
1677340903.203584 20.5595703125 28.83898874016959 980.9688045785114 0 0 0 0 0 0 42 6 0 0 0 0 
1677340908.3570611 20.5798828125 28.8568287475242 980.9963303701749 0 0 0 0 0 0 30 4 0 0 0 0 
1677340913.509217 20.5849609375 28.731372639454655 980.994285498728 0 0 0 0 0 0 30 4 0 0 0 0 
1677340918.6632762 20.5646484375 28.89831347717775 980.9731300083293 0 0 0 0 0 0 30 4 0 0 0 0 
1677340923.8164868 20.5697265625 28.815059366726967 980.9983751049568 0 0 0 0 0 0 18 4 0 0 0 0 
1677340928.969593 20.5748046875 28.945604224296307 980.988277064417 0 0 0 0 0 0 18 4 0 0 0 0 
1677340934.1221335 20.5544921875 28.82695293452642 981.0256646131993 0 0 0 0 0 0 18 4 0 0 0 0 
1677340939.278941 20.5544921875 28.725999876897 980.9708491729705 0 0 0 0 0 0 45 15 2 0 0 0 
1677340944.4309304 20.5595703125 28.672477540211084 981.0230211252674 0 0 0 0 0 0 45 15 2 0 0 0 
1677340949.584348 20.5544921875 28.815486993067292 981.020976948776 0 0 0 0 0 0 45 15 4 0 0 0 
1677340954.7405722 20.5443359375 28.857112862077248 981.028431072853 0 0 0 0 0 0 45 15 4 0 0 0 
1677340959.893861 20.5494140625 28.928611541167193 981.0200163040056 0 0 0 0 0 0 45 15 4 0 0 0 
1677340965.047443 20.5443359375 28.893075026558222 981.0197767612118 0 0 0 0 0 0 45 15 4 0 0 0 
1677340970.2000046 20.5341796875 28.958765601815315 980.989484584893 0 0 0 0 0 0 45 15 4 0 0 0 
1677340975.353313 20.50859375 28.739327453667897 981.0229012634179 0 0 0 0 0 0 45 15 4 0 0 0 
1677340980.506569 20.51875 28.798788684515728 981.018093861933 0 0 0 0 0 0 45 15 4 0 0 0 
1677340985.659821 20.52890625 28.66173785436425 980.9599144547594 0 0 0 0 0 0 45 15 4 0 0 0 
1677340990.8131967 20.52890625 28.976603759239516 980.9797481017554 0 0 0 0 0 0 45 15 4 0 0 0 
1677340995.9664242 20.52890625 28.709309086854045 980.9440463629039 0 0 0 0 0 0 51 17 4 0 0 0 
1677341001.1188576 20.5341796875 28.822145728056224 980.9954943120367 0 0 0 0 0 0 51 17 4 0 0 0 
1677341006.2757406 20.5392578125 28.80982556623302 980.9668845896632 0 0 0 0 0 0 51 17 4 0 0 0 
1677341011.4326618 20.5341796875 28.958624757551245 980.9722945400906 0 0 0 0 0 0 45 15 4 0 0 0 
1677341016.5859342 20.5341796875 28.958765601815315 981.0022260143563 0 0 0 0 0 0 45 15 4 0 0 0 
1677341021.739181 20.52890625 28.852018834760347 980.9760214026918 0 1 1 0 1 1 99 33 9 2 0 0 
1677341026.8928254 20.5341796875 28.67334249321788 980.9908065643117 0 1 1 0 1 1 99 33 9 2 0 0 
1677341032.0473986 20.51875 28.757165930913153 980.9915282920474 0 1 1 0 1 1 93 31 9 2 0 0 
1677341037.199968 20.503515625 28.822999952183334 980.9785456183586 0 1 1 0 1 1 93 31 9 2 0 0 
1677341042.3493416 20.4984375 28.9716423647589 980.9875615301987 0 1 1 0 1 1 93 31 9 2 0 0 
1677341047.5005894 20.493359375 28.81734438999479 980.981308543191 0 0 0 0 0 0 93 31 9 2 0 0 
1677341052.6492527 20.483203125 28.94842894143566 981.0138844889575 0 0 0 0 0 0 93 31 9 2 0 0 
1677341057.794788 20.483203125 28.918560946249062 980.9567870605606 0 0 0 0 0 0 93 31 9 2 0 0 
1677341062.9424255 20.478125 29.00193651763624 980.9581098927715 0 0 0 0 0 0 81 27 9 2 0 0 
1677341068.0894437 20.473046875 28.74628169211282 980.972174626479 0 0 0 0 0 0 81 27 9 2 0 0 
1677341073.2418056 20.478125 28.960178861242923 980.9668834651387 0 0 0 0 0 0 81 27 9 2 0 0 
1677341078.3940191 20.493359375 29.00193651763624 981.002104861998 0 0 0 0 0 0 81 27 9 2 0 0 
1677341083.5488868 20.478125 28.865051457993367 980.9749373713562 0 0 0 0 0 0 81 27 9 2 0 0 
1677341088.7053802 20.4984375 28.912474205315117 980.9701316060949 0 0 0 0 0 0 81 27 9 2 0 0 
1677341093.858752 20.4984375 29.0013700759635 980.9933306933608 0 0 0 0 0 0 75 25 9 2 0 0 
1677341099.0095935 20.493359375 28.775724267957603 980.976862815766 0 0 0 0 0 0 75 25 9 2 0 0 
1677341104.1616466 20.48828125 28.94814720733875 981.0239813147933 0 0 0 0 0 0 63 21 6 0 0 0 
1677341109.3054147 20.493359375 28.82923576088106 980.9835940265561 0 0 0 0 0 0 63 21 6 0 0 0 
1677341114.4554374 20.48828125 28.924077492056252 980.9865994266823 0 0 0 0 0 0 63 21 6 0 0 0 
1677341119.6048963 20.483203125 29.007315587352004 980.9718144084078 0 0 0 0 0 0 72 24 8 0 0 0 
1677341124.7537248 20.503515625 28.757886918543925 980.9781853449081 0 0 0 0 0 0 72 24 8 0 0 0 
1677341129.902354 20.50859375 28.864620475605324 980.9707330966489 0 0 0 0 0 0 72 24 8 0 0 0 
1677341135.053276 20.513671875 28.94149144233239 980.9636410145337 0 0 0 0 0 0 72 24 8 0 0 0 
1677341140.2014349 20.523828125 28.929599772114333 980.9410417863539 0 0 0 0 0 0 72 24 8 0 0 0 
1677341145.3492951 20.51875 28.923512709748643 980.9531829765558 0 0 0 0 0 0 72 24 8 0 0 0 
1677341150.5059023 20.50859375 29.01878629597705 980.9724159396891 0 0 0 0 0 0 60 20 6 0 0 0 
1677341155.6593096 20.50859375 29.000808854785188 980.9380371546893 0 0 0 0 0 0 60 20 6 0 0 0 
1677341160.8119006 20.503515625 28.983252480281045 980.9686895836826 0 0 0 0 0 0 60 20 6 0 0 0 
1677341165.9568264 20.493359375 28.85244493575326 980.917243136813 0 0 0 0 0 0 45 15 4 0 0 0 
1677341171.1066062 20.4984375 28.965556091728633 980.9563087404772 0 0 0 0 0 0 45 15 4 0 0 0 
1677341176.2532663 20.503515625 28.876370233958628 980.9926100616274 0 0 0 0 0 0 45 15 4 0 0 0 
1677341181.3995094 20.50859375 28.900436251315796 980.9462118501106 0 0 0 0 0 0 39 13 4 0 0 0 
1677341186.550626 20.493359375 28.876370233958628 980.9192868214418 0 0 0 0 0 0 180 52 6 0 0 0 
1677341191.6998634 20.503515625 28.971501733304954 980.9364755745239 0 0 0 0 0 0 180 52 6 0 0 0 
1677341196.8490038 20.4984375 28.882316029800595 980.9465723810581 0 0 0 0 0 0 180 52 6 0 0 0 
1677341201.9934986 20.51875 28.971361091016217 980.9623188824964 0 0 0 0 0 0 180 52 6 0 0 0 
1677341207.1422086 20.503515625 28.846356928684912 980.9367153230362 0 0 0 0 0 0 186 54 6 0 0 0 
1677341212.2915158 20.513671875 28.935686676391047 980.998981011795 0 0 0 0 0 0 186 54 6 0 0 0 
1677341217.4483318 20.50859375 28.888261815358188 980.9559481812526 0 0 0 0 0 0 186 54 6 0 0 0 
1677341222.6018581 20.51875 28.929317474590004 980.9444075514417 0 0 0 0 0 0 171 52 6 0 0 0 
1677341227.7546697 20.493359375 28.757738340544726 981.0253042253632 0 0 0 0 0 0 171 52 6 0 0 0 
1677341232.9077437 20.4984375 28.93625624779884 980.9301049284484 0 0 0 0 0 0 171 52 6 0 0 0 
1677341238.0606 20.483203125 28.960178861242923 980.9863568296264 0 0 0 0 0 0 159 48 6 0 0 0 
1677341243.2138312 20.473046875 28.806022977535203 980.9951303548885 0 0 0 0 0 0 159 48 6 0 0 0 
1677341248.3617268 20.462890625 28.931016033844656 981.0099155079796 0 0 0 0 0 0 159 48 6 0 0 0 
1677341253.511574 20.473046875 28.88359601310847 980.9877952957622 0 0 0 0 0 0 159 48 6 0 0 0 
1677341258.6608481 20.462890625 28.97857696812772 980.9621950275645 0 0 0 0 0 0 159 48 6 0 0 0 
