timestamp temperature humidity pressure pm10_standard pm25_standard pm100_standard pm10_env pm25_env pm100_env particles_03um particles_05um particles_10um particles_25um particles_50um particles_100um
1675841210.4120831 16.7216796875 42.36930633693754 997.0573882544978 0 0 0 0 0 0 60 18 4 0 0 0 
1675841215.5434163 16.7267578125 42.292972184647546 997.1054633034319 0 0 0 0 0 0 60 18 4 0 0 0 
1675841220.6743402 16.7013671875 42.39277158232118 997.0888803311713 0 0 0 0 0 0 60 18 4 0 0 0 
1675841225.806183 16.7267578125 42.416280350703374 997.1088101025961 0 0 0 0 0 0 60 18 4 0 0 0 
1675841230.9399126 16.7470703125 42.26956596433075 997.104871736101 0 0 0 0 0 0 54 16 2 0 0 0 
1675841236.0740242 16.7318359375 42.345904175105474 997.0887429444892 0 0 0 0 0 0 54 16 2 0 0 0 
1675841241.2085164 16.7521484375 42.25196936943534 997.1050232663702 0 0 0 0 0 0 54 16 2 0 0 0 
1675841246.342383 16.7470703125 42.25780123590082 997.0916355264463 0 0 0 0 0 0 60 18 2 0 0 0 
1675841251.4759011 16.7572265625 42.38120154452543 997.1150640742153 0 0 0 0 0 0 60 18 2 0 0 0 
1675841256.6097689 16.7419921875 42.322457612467076 997.0983293958554 0 0 0 0 0 0 60 18 2 0 0 0 
1675841261.7442834 16.7521484375 42.32832988807159 997.1301252906476 0 0 0 0 0 0 60 20 2 0 0 0 
1675841266.8781178 16.7623046875 42.28137187619126 997.129822528961 0 0 0 0 0 0 60 20 2 0 0 0 
1675841272.011983 16.7521484375 42.33418105527568 997.0968074189216 0 0 0 0 0 0 90 30 12 0 0 0 
1675841277.1457362 16.7419921875 42.34594665422087 997.1016763309744 0 0 0 0 0 0 90 30 12 0 0 0 
1675841282.279424 16.7623046875 42.392946019280295 997.1331695208823 0 0 0 0 0 0 90 30 12 0 0 0 
1675841287.4132547 16.7470703125 42.25784169842776 997.190671569 0 0 0 0 0 0 105 35 12 0 0 0 
1675841292.547187 16.7470703125 42.11688441688756 997.1301252906476 0 0 0 0 0 0 105 35 12 0 0 0 
1675841297.6799095 16.7470703125 42.2637140173097 997.113693208767 0 0 0 0 0 0 105 35 12 0 0 0 
1675841302.805936 16.7470703125 42.2578214725579 997.1018277808644 0 0 0 0 0 0 111 37 12 0 0 0 
1675841307.9393947 16.7419921875 42.19913748919774 997.1651171080745 0 0 0 0 0 0 111 37 12 0 0 0 
1675841313.073282 16.7521484375 42.32830885771947 997.155076206526 0 0 0 0 0 0 111 37 12 0 0 0 
1675841318.207361 16.7419921875 42.33413882633528 997.1438151584008 0 0 0 0 0 0 105 35 10 0 0 0 
1675841323.3410163 16.7470703125 42.228519692327744 997.1535538606681 0 0 0 0 0 0 105 35 10 0 0 0 
1675841328.4748008 16.7419921875 42.328266764654224 997.1605495845386 0 0 0 0 0 0 105 35 10 0 0 0 
1675841333.6083329 16.7369140625 42.23431240279603 997.1619212103865 0 1 1 0 1 1 132 44 12 0 0 0 
1675841338.7420387 16.7318359375 42.33411769568459 997.1886967410948 0 1 1 0 1 1 132 44 12 0 0 0 
1675841343.8757463 16.7470703125 42.2402046590718 997.1672286424032 0 1 1 0 1 1 132 44 12 0 0 0 
1675841349.0089786 16.7318359375 42.16969804937117 997.2074060144862 0 0 0 0 0 0 138 44 10 0 0 0 
1675841354.1417098 16.7470703125 42.304716011586855 997.1705902435378 0 0 0 0 0 0 66 22 12 0 0 0 
1675841359.2757568 16.7318359375 42.28714146266283 997.169052534812 0 0 0 0 0 0 72 24 12 0 0 0 
1675841364.4093964 16.7318359375 42.334075402022236 997.1588615651996 0 0 0 0 0 0 72 24 12 0 0 0 
1675841369.5433211 16.7216796875 42.36932789678237 997.1956767178178 0 0 0 0 0 0 72 24 12 0 0 0 
1675841374.6761465 16.7216796875 42.29884410317185 997.1822893857234 0 0 0 0 0 0 78 26 12 0 0 0 
1675841379.8077033 16.7318359375 42.345861652842274 997.2006969684934 0 0 0 0 0 0 78 26 12 0 0 0 
1675841384.941633 16.7318359375 42.34584037553023 997.2293110095682 0 0 0 0 0 0 78 26 12 0 0 0 
1675841390.0752091 16.7216796875 42.29882334778868 997.1825900150882 0 0 0 0 0 0 63 21 10 0 0 0 
1675841395.208195 16.7216796875 42.251888672994966 997.2110376405809 0 0 0 0 0 0 63 21 10 0 0 0 
1675841400.3426223 16.7166015625 42.281187203352296 997.187760295715 0 0 0 0 0 0 63 21 10 0 0 0 
1675841405.476349 16.7166015625 42.35162678214274 997.1895836634419 0 0 0 0 0 0 69 21 10 0 0 0 
1675841410.609534 16.7216796875 42.25182803739867 997.2046439272657 0 0 0 0 0 0 69 21 10 0 0 0 
1675841415.7433045 16.7216796875 42.281207765705226 997.1625093502927 0 0 0 0 0 0 69 21 10 0 0 0 
1675841420.8769689 16.7216796875 42.31060879036577 997.2242748430123 0 0 0 0 0 0 69 21 8 0 0 0 
1675841426.0102754 16.7267578125 42.345861652842274 997.1990235515325 0 0 0 0 0 0 69 21 8 0 0 0 
1675841431.1440592 16.7318359375 42.4280459922448 997.2191045596245 0 0 0 0 0 0 69 21 8 0 0 0 
1675841436.2770512 16.7369140625 42.27535636841878 997.2209280343127 0 0 2 0 0 2 216 60 8 6 2 2 
1675841441.410739 16.7267578125 42.146227837976646 997.1975158093209 0 0 2 0 0 2 216 60 8 6 2 2 
1675841446.5436864 16.7369140625 42.27545862474214 997.2157732398206 0 0 2 0 0 2 231 65 8 4 2 2 
1675841451.6751041 16.7419921875 42.1580297905915 997.2058829648621 0 0 2 0 0 2 231 65 8 4 2 2 
1675841456.8071673 16.7470703125 42.24613717794743 997.2337300019052 0 0 2 0 0 2 231 65 8 4 2 2 
1675841461.9420204 16.7521484375 42.22849982773798 997.2420974359293 0 0 2 0 0 2 225 61 8 4 2 2 
1675841467.0733325 16.7521484375 42.228460066196504 997.1920436836773 0 0 2 0 0 2 225 61 8 4 2 2 
1675841472.2043579 16.7521484375 42.22260757281609 997.22870954232 0 0 2 0 0 2 225 61 8 4 2 2 
1675841477.330285 16.7623046875 42.15217620310403 997.2134974099234 0 0 2 0 0 2 219 59 6 4 2 2 
1675841482.4585972 16.7623046875 42.21677465135989 997.2370769753076 0 0 2 0 0 2 219 59 6 4 2 2 
1675841487.5924091 16.7724609375 42.35773382214829 997.2186686250155 0 0 2 0 0 2 219 59 6 4 2 2 
1675841492.7262928 16.7623046875 42.105194745031476 997.2200405971971 0 0 2 0 0 2 231 63 8 4 2 2 
1675841497.8597763 16.7775390625 42.15814465478703 997.2344983886712 0 0 2 0 0 2 231 63 8 4 2 2 
1675841502.9932485 16.8130859375 42.15232839189051 997.2290235622455 0 0 2 0 0 2 231 63 8 4 2 2 
1675841508.126443 16.7826171875 42.11121582821542 997.2256763455995 0 0 2 0 0 2 231 63 8 4 2 2 
1675841513.2574275 16.7927734375 42.0877045650002 997.1993534766146 0 0 2 0 0 2 231 63 8 4 2 2 
1675841518.3879788 16.7927734375 42.15229059187803 997.249409398908 0 0 0 0 0 0 54 16 2 0 0 0 
1675841523.515016 16.7927734375 42.02309840909851 997.2128933056994 0 0 0 0 0 0 54 16 2 0 0 0 
1675841528.6452708 16.7826171875 42.10532421333619 997.2278041173583 0 0 0 0 0 0 54 16 2 0 0 0 
1675841533.772199 16.7876953125 42.046574015921266 997.2627980581819 0 0 0 0 0 0 69 21 4 0 0 0 
1675841538.9017723 16.7775390625 42.12877965818306 997.2862282225551 0 0 0 0 0 0 69 21 4 0 0 0 
1675841544.0307713 16.7826171875 42.20510858505361 997.2431682237969 0 0 0 0 0 0 69 21 4 0 0 0 
1675841549.1568143 16.7826171875 42.134652677728106 997.2265837864568 0 0 0 0 0 0 75 21 4 0 0 0 
1675841554.2834952 16.7826171875 42.09941440877595 997.2229346280858 0 0 0 0 0 0 75 21 4 0 0 0 
1675841559.4121845 16.7826171875 42.0407183911501 997.2427150709295 0 0 0 0 0 0 75 21 4 0 0 0 
1675841564.5434847 16.7978515625 42.117070594997216 997.204374176471 0 0 0 0 0 0 75 23 8 2 0 0 
1675841569.674894 16.8080078125 41.97028824912352 997.2390652138425 0 0 0 0 0 0 75 23 8 2 0 0 
1675841574.8057241 16.7927734375 42.00547833603358 997.2527565633117 0 0 0 0 0 0 75 23 8 2 0 0 
1675841579.9338186 16.7876953125 42.0877045650002 997.2643205510553 0 0 1 0 0 1 108 30 8 2 0 0 
1675841585.0606453 16.7826171875 42.15814465478703 997.2480379449368 0 0 1 0 0 1 108 30 8 2 0 0 
1675841590.19221 16.7876953125 42.08179513778617 997.2694923894777 0 0 1 0 0 1 108 30 8 2 0 0 
1675841595.323036 16.7927734375 42.064229434388515 997.2445397977141 0 0 1 0 0 1 96 26 8 2 0 0 
1675841600.4532251 16.7826171875 42.16405571713756 997.2579283469748 0 0 1 0 0 1 54 18 6 2 2 0 
1675841605.5822113 16.7775390625 42.017173001341654 997.2448417650551 0 0 0 0 0 0 42 14 2 0 0 0 
1675841610.7108731 16.7724609375 42.09350412028279 997.2731412773378 0 0 0 0 0 0 42 14 2 0 0 0 
1675841615.8341782 16.7826171875 42.146360231656374 997.2799861474381 0 0 0 0 0 0 42 14 2 0 0 0 
1675841620.9607756 16.7572265625 42.1404497339017 997.2802871160093 0 0 1 0 0 1 51 17 4 2 2 2 
1675841626.0865185 16.7673828125 42.25202977849962 997.2504648716808 0 0 1 0 0 1 51 17 4 2 2 2 
1675841631.2194498 16.7623046875 42.18746997425018 997.2885043323231 0 0 1 0 0 1 51 17 4 2 2 2 
1675841636.3531282 16.7572265625 42.2050491519819 997.3021929723704 0 0 1 0 0 1 51 17 4 2 2 2 
1675841641.4834948 16.7623046875 42.18743125020328 997.2889550983908 0 0 1 0 0 1 51 17 4 2 2 2 
1675841646.617689 16.7521484375 42.19330389424067 997.2737434311936 0 0 1 0 0 1 51 17 4 2 2 2 
1675841651.7492094 16.7572265625 42.099303647457766 997.2988459664895 0 0 1 0 0 1 51 17 4 2 2 2 
1675841656.8804631 16.7521484375 42.25784169842776 997.297472516515 0 0 1 0 0 1 51 17 4 2 2 2 
1675841662.0142617 16.7470703125 42.06990410421954 997.3006695224716 0 0 1 0 0 1 51 17 4 2 2 2 
1675841667.147944 16.7419921875 42.1638449329207 997.2843845527261 0 0 1 0 0 1 57 19 8 2 2 2 
1675841672.2810574 16.7470703125 42.140412053813854 997.3177039327611 0 0 1 0 0 1 57 19 8 2 2 2 
1675841677.4142241 16.7470703125 42.228460066196504 997.32439778531 0 0 1 0 0 1 57 19 8 2 2 2 
1675841682.5482678 16.7318359375 42.275417754574306 997.2793476436032 0 0 2 0 0 2 63 16 8 4 2 2 
1675841687.6823378 16.7369140625 42.16973649520541 997.294425242407 0 0 2 0 0 2 63 16 8 4 2 2 
1675841692.8161192 16.7419921875 42.22254808578632 997.274493705463 0 0 2 0 0 2 75 20 10 4 2 2 
1675841697.950232 16.7369140625 42.18733425130597 997.2627796683569 0 0 2 0 0 2 75 20 10 4 2 2 
1675841703.0837343 16.7318359375 42.19903970299542 997.2979217898329 0 0 2 0 0 2 75 20 10 4 2 2 
1675841708.217915 16.7216796875 42.11099337511826 997.286207745955 0 0 2 0 0 2 75 20 10 4 2 2 
1675841713.349394 16.7267578125 42.23429242711549 997.3012686601343 0 0 2 0 0 2 75 20 10 4 2 2 
1675841718.4834168 16.7166015625 42.11093769617731 997.2912110750483 0 0 2 0 0 2 75 20 10 4 2 2 
1675841723.6178598 16.7318359375 42.1227382365111 997.3128331799496 0 0 2 0 0 2 75 20 10 4 2 2 
1675841728.7507572 16.7369140625 42.15208118859015 997.3012686601343 0 0 2 0 0 2 75 20 10 4 2 2 
1675841733.8850045 16.7419921875 42.15210021306801 997.3246967599829 0 0 2 0 0 2 75 20 10 4 2 2 
1675841739.0187192 16.7318359375 42.14037433057571 997.2726704179096 0 0 2 0 0 2 75 20 10 4 2 2 
1675841744.1521592 16.7369140625 42.24012446300992 997.2661265357559 0 0 2 0 0 2 75 20 10 4 2 2 
1675841749.2850187 16.7318359375 42.16971727768203 997.2811874424724 0 0 2 0 0 2 75 20 10 4 2 2 
1675841754.4182131 16.7318359375 42.01116042051255 997.3111426406963 0 0 2 0 0 2 60 16 10 4 2 2 
1675841759.5510428 16.7419921875 42.099248473285385 997.3329145758959 0 0 2 0 0 2 60 16 10 4 2 2 
1675841764.6851594 16.7369140625 42.140355452775275 997.3111597307366 0 0 0 0 0 0 51 17 4 0 0 0 
1675841769.8191059 16.7572265625 42.06410338973549 997.3154309600109 0 0 0 0 0 0 51 17 4 0 0 0 
1675841774.9529707 16.7623046875 42.23441211938933 997.3172545022554 0 0 0 0 0 0 51 17 4 0 0 0 
1675841780.0866225 16.7572265625 42.128704253714496 997.292302076354 0 0 0 0 0 0 36 12 4 0 0 0 
1675841785.2203054 16.7572265625 42.07583100513038 997.3023430119024 0 0 0 0 0 0 36 12 4 0 0 0 
1675841790.3533463 16.7572265625 42.140393197588565 997.3323160377379 0 0 0 0 0 0 36 12 4 0 0 0 
1675841795.4863212 16.7623046875 41.99948409840682 997.3189280059213 0 0 0 0 0 0 36 12 4 0 0 0 
1675841800.6203547 16.7521484375 42.17562817248041 997.3726296303993 0 0 0 0 0 0 36 12 4 0 0 0 
1675841805.7531292 16.7419921875 42.0405764932528 997.3610646435362 0 0 0 0 0 0 36 12 4 0 0 0 
1675841810.8872974 16.7470703125 42.14624678372214 997.3580163348217 0 0 0 0 0 0 36 12 6 0 0 0 
1675841816.018458 16.7369140625 42.1227382365111 997.3546694327333 0 0 0 0 0 0 36 12 6 0 0 0 
1675841821.1520958 16.7318359375 42.16971727768203 997.3397576884662 0 0 0 0 0 0 36 12 6 0 0 0 
1675841826.2856188 16.7419921875 42.128648125074136 997.3846425080037 0 0 0 0 0 0 36 12 4 0 0 0 
1675841831.419802 16.7318359375 42.18148129028558 997.3429376627346 0 0 0 0 0 0 36 12 4 0 0 0 
1675841836.5535464 16.7369140625 42.099248473285385 997.4216075270201 0 0 0 0 0 0 36 12 4 0 0 0 
1675841841.6825 16.7419921875 42.14037433057571 997.3797712051341 0 0 0 0 0 0 42 14 6 0 0 0 
1675841846.8165295 16.7470703125 42.09926687546388 997.376424301249 0 0 0 0 0 0 24 6 0 0 0 0 
1675841851.9503946 16.7419921875 42.05230416795867 997.3513225309212 0 0 0 0 0 0 24 6 0 0 0 0 
1675841857.0845802 16.7419921875 42.075794798290495 997.382969042275 0 0 0 0 0 0 24 6 0 0 0 0 
1675841862.2181888 16.7572265625 41.95251719753992 997.366085078867 0 0 0 0 0 0 24 6 0 0 0 0 
1675841867.3516884 16.7521484375 42.1580297905915 997.3858682092323 0 0 0 0 0 0 30 8 0 0 0 0 
1675841872.4851007 16.7623046875 42.00537426989884 997.3876910645084 0 0 0 0 0 0 30 8 0 0 0 0 
1675841877.6181347 16.7572265625 41.99359404191756 997.3724801597245 0 0 0 0 0 0 30 8 0 0 0 0 
1675841882.748645 16.7673828125 42.02295814983243 997.3543707307297 0 0 0 0 0 0 30 8 0 0 0 0 
1675841887.8788347 16.7521484375 42.08755829750247 997.3426563859787 0 0 0 0 0 0 30 8 0 0 0 0 
1675841893.0079896 16.7419921875 42.093412664879345 997.3828198677938 0 0 0 0 0 0 30 8 0 0 0 0 
1675841898.136649 16.7521484375 42.1580297905915 997.4179629470341 0 0 0 0 0 0 30 10 0 0 0 0 
1675841903.2659452 16.7470703125 42.011195175624565 997.3726296303993 0 0 0 0 0 0 30 10 0 0 0 0 
1675841908.3951485 16.7521484375 42.1227942260398 997.3580163348217 0 0 0 0 0 0 30 10 0 0 0 0 
1675841913.526707 16.7470703125 42.028830941083264 997.3476768190288 0 0 0 0 0 0 30 10 0 0 0 0 
1675841918.6555743 16.7572265625 42.028848495519426 997.3962077039109 0 0 0 0 0 0 30 10 0 0 0 0 
1675841923.78385 16.7521484375 41.98773826878516 997.390888728938 0 0 0 0 0 0 30 10 0 0 0 0 
1675841928.9124193 16.7521484375 42.0347213446091 997.3844933470666 0 0 0 0 0 0 153 44 2 0 0 0 
1675841934.0373175 16.7775390625 42.03475655701684 997.3772014952807 0 0 0 0 0 0 153 44 2 0 0 0 
1675841939.1680198 16.7623046875 41.99951849541253 997.3639629851637 0 0 0 0 0 0 147 42 0 0 0 0 
1675841944.299883 16.7724609375 41.98189932810628 997.3688338301049 0 0 0 0 0 0 147 42 0 0 0 0 
1675841949.4295464 16.7724609375 41.95256775297831 997.3653369172539 0 0 0 0 0 0 147 42 0 0 0 0 
1675841954.5589051 16.7775390625 42.046502496660295 997.368534082278 0 0 0 0 0 0 147 42 0 0 0 0 
1675841959.6871374 16.7978515625 41.93501351413128 997.3963847470383 0 0 0 0 0 0 147 42 0 0 0 0 
1675841964.819924 16.7775390625 41.97607760065577 997.361689753719 0 0 0 0 0 0 147 42 0 0 0 0 
1675841969.95249 16.7876953125 42.005443911836075 997.3983584824508 0 0 0 0 0 0 36 12 0 0 0 0 
1675841975.0796351 16.7826171875 41.94083769353925 997.3534720455172 0 0 0 0 0 0 36 12 0 0 0 0 
1675841980.2067437 16.7673828125 41.91732801089183 997.3753781961088 0 0 0 0 0 0 36 12 0 0 0 0 
1675841985.338155 16.7826171875 42.040665515571575 997.3636633710199 0 0 0 0 0 0 36 12 0 0 0 0 
1675841990.4683611 16.7775390625 42.040665515571575 997.3304926167697 0 0 0 0 0 0 36 12 0 0 0 0 
1675841995.599046 16.7826171875 41.97018748751101 997.3084363840705 0 0 0 0 0 0 36 12 0 0 0 0 
1675842000.7258294 16.7876953125 41.98195088311608 997.3298918750328 0 0 0 0 0 0 24 8 0 0 0 0 
1675842005.8502612 16.7826171875 41.96433100539877 997.3517984862227 0 0 0 0 0 0 24 8 0 0 0 0 
1675842010.979682 16.7724609375 41.905613484682924 997.3887665717857 0 0 0 0 0 0 48 10 2 0 0 0 
1675842016.109497 16.7775390625 41.893802126534084 997.3718812023181 0 0 0 0 0 0 48 10 2 0 0 0 
1675842021.238895 16.7978515625 41.98789214529419 997.349674052197 0 0 0 0 0 0 48 10 2 0 0 0 
1675842026.3704247 16.7927734375 41.95849102957297 997.341456520746 0 0 0 0 0 0 48 10 2 0 0 0 
1675842031.4992805 16.7826171875 41.911503075906346 997.3364357632548 0 0 0 0 0 0 48 10 2 0 0 0 
1675842036.6278045 16.7826171875 41.86448331260594 997.3332390189826 0 0 0 0 0 0 48 10 2 0 0 0 
1675842041.7563603 16.7876953125 41.87626168592743 997.3298918750328 0 0 0 0 0 0 54 12 2 0 0 0 
1675842046.8844967 16.7724609375 42.01715495788854 997.3584927238154 0 0 0 0 0 0 54 12 2 0 0 0 
1675842052.0154173 16.7826171875 41.858609827903116 997.3437308449436 0 0 0 0 0 0 54 12 2 0 0 0 
1675842057.1459439 16.7775390625 41.87618241321145 997.3387102497773 0 0 0 0 0 0 48 10 2 0 0 0 
1675842062.2766092 16.7724609375 41.98780713103669 997.3755279621073 0 0 0 0 0 0 48 10 2 0 0 0 
1675842067.4051483 16.7775390625 42.1169958264542 997.3787252896134 0 0 0 0 0 0 48 10 2 0 0 0 
1675842072.535504 16.7724609375 41.976043162630084 997.3285189160715 0 0 0 0 0 0 42 8 2 0 0 0 
1675842077.6677842 16.7927734375 41.85862534655476 997.35484521043 0 0 0 0 0 0 42 8 2 0 0 0 
1675842082.7962782 16.7978515625 41.98198476370402 997.3431301067145 0 0 0 0 0 0 42 8 2 0 0 0 
1675842087.9278812 16.8029296875 41.92328260337689 997.3445027058333 0 0 0 0 0 0 57 15 4 0 0 0 
1675842093.056011 16.7978515625 41.89388242642356 997.3413060539408 0 0 0 0 0 0 30 10 10 0 0 0 
1675842098.1871397 16.8029296875 41.82341400768991 997.3394818666609 0 0 0 0 0 0 36 12 10 0 0 0 
1675842103.316374 16.8029296875 41.846924294382404 997.3880166713836 0 0 0 0 0 0 36 12 10 0 0 0 
1675842108.4430757 16.8029296875 41.764661549253184 997.3563684520461 0 0 0 0 0 0 36 12 10 0 0 0 
1675842113.5723164 16.7927734375 41.92909097693674 997.3729541395596 0 0 0 0 0 0 30 10 8 0 0 0 
1675842118.6996062 16.7775390625 41.84101993189515 997.3517984862227 0 0 0 0 0 0 30 10 8 0 0 0 
1675842123.829982 16.7826171875 41.888008856370774 997.3417571319069 0 0 0 0 0 0 30 10 8 0 0 0 
1675842128.9566822 16.7775390625 41.899691371207226 997.3887665717857 0 0 0 0 0 0 24 8 6 0 0 0 
1675842134.0858102 16.7623046875 41.899659306175394 997.3673100235235 0 0 0 0 0 0 24 8 6 0 0 0 
1675842139.2137358 16.7623046875 42.04648475995189 997.3590921146395 0 0 0 0 0 0 24 8 6 0 0 0 
1675842144.345524 16.7521484375 41.9877041004317 997.3411324215191 0 0 0 0 0 0 24 8 4 0 0 0 
1675842149.4739254 16.7521484375 41.899611127715325 997.3476768190288 0 0 0 0 0 0 24 8 4 0 0 0 
1675842154.6002657 16.7521484375 41.89959504665202 997.3463021787214 0 0 0 0 0 0 24 8 4 0 0 0 
1675842159.7310798 16.7419921875 42.02295814983243 997.3796221110252 0 0 0 0 0 0 24 8 4 0 0 0 
1675842164.8617427 16.7419921875 41.79389655764367 997.3426563859787 0 0 0 0 0 0 24 8 4 0 0 0 
1675842169.995386 16.7419921875 41.9113731950312 997.3677585574485 0 0 0 0 0 0 24 8 4 0 0 0 
1675842175.122325 16.7470703125 41.975941537716636 997.3811463885903 0 0 0 0 0 0 114 33 6 0 0 0 
1675842180.2519445 16.7419921875 41.92308645665629 997.3347373783498 0 0 0 0 0 0 114 33 6 0 0 0 
1675842185.3814979 16.7369140625 42.017050479034346 997.3295676758804 0 0 0 0 0 0 114 33 6 0 0 0 
1675842190.5112665 16.7419921875 42.03461544847635 997.3329145758959 0 0 0 0 0 0 114 33 6 0 0 0 
1675842195.641926 16.7521484375 41.91138939042707 997.3175542300573 0 0 0 0 0 0 114 33 6 0 0 0 
1675842200.7733045 16.7419921875 42.06406747626333 997.3009693062262 0 0 0 0 0 0 108 31 4 0 0 0 
1675842205.9032059 16.7419921875 41.95246718432806 997.3529959817928 0 0 0 0 0 0 108 31 4 0 0 0 
1675842211.0348165 16.7419921875 41.79388169980446 997.3376359535505 0 0 0 0 0 0 108 31 4 0 0 0 
1675842216.168391 16.7470703125 42.11688441688756 997.3513225309212 0 0 0 0 0 0 78 19 2 0 0 0 
1675842221.3009415 16.7470703125 41.97006879137312 997.3412818271436 0 0 0 0 0 0 78 19 2 0 0 0 
1675842226.4354057 16.7369140625 41.934832100996964 997.3698795622242 0 0 0 0 0 0 78 19 2 0 0 0 
1675842231.5693712 16.7369140625 41.92890995664947 997.3613632371867 0 0 0 0 0 0 51 12 2 0 0 0 
1675842236.7031808 16.7369140625 41.88780138079855 997.3931403798997 0 0 0 0 0 0 51 12 2 0 0 0 
1675842241.836472 16.7318359375 41.881960495004996 997.404872993083 0 0 0 0 0 0 51 12 2 0 0 0 
1675842246.9706311 16.7216796875 41.92305371853041 997.3732081099625 0 0 0 0 0 0 36 10 4 0 0 0 
1675842252.1002936 16.7216796875 41.99352534710172 997.3815751636699 0 0 0 0 0 0 36 10 4 0 0 0 
1675842257.2338934 16.7216796875 42.0404701246971 997.3984577900474 0 0 1 0 0 1 39 13 6 4 0 0 
1675842262.3689206 16.7216796875 41.8877853924919 997.4150624148403 0 0 1 0 0 1 39 13 6 4 0 0 
1675842267.501877 16.7216796875 42.00523579305437 997.4066763351568 0 0 1 0 0 1 39 13 6 4 0 0 
1675842272.635722 16.7166015625 41.899546738732234 997.4015075054733 0 0 1 0 0 1 51 17 6 4 0 0 
1675842277.7681606 16.7267578125 42.05223271199693 997.4184092948158 0 0 1 0 0 1 51 17 6 4 0 0 
1675842282.901346 16.7369140625 41.964196034919375 997.4065464461657 0 0 1 0 0 1 51 17 6 4 0 0 
1675842288.0352423 16.7521484375 42.06992215587325 997.4226853681839 0 0 1 0 0 1 51 17 6 4 0 0 
1675842293.168566 16.7673828125 41.95837351778943 997.3875417157317 0 0 1 0 0 1 51 17 6 4 0 0 
1675842298.3024511 16.7724609375 41.93489799141903 997.412196239863 0 0 1 0 0 1 51 17 6 4 0 0 
1675842303.435789 16.7826171875 41.97606071213146 997.4354765356096 0 0 1 0 0 1 57 19 6 4 0 0 
1675842308.5694566 16.7826171875 41.75877340415595 997.4187409119099 0 0 1 0 0 1 57 19 6 4 0 0 
1675842313.7022722 16.7775390625 41.98195088311608 997.4272581764943 0 0 1 0 0 1 57 19 6 4 0 0 
1675842318.8355935 16.7724609375 41.776350252127166 997.4039780354536 0 0 1 0 0 1 51 17 6 4 0 0 
1675842323.9692948 16.7826171875 41.69413452413609 997.440198211146 0 0 1 0 0 1 51 17 6 4 0 0 
1675842329.103151 16.7876953125 41.8292422527071 997.4604306939298 0 0 1 0 0 1 51 17 6 4 0 0 
1675842334.2363896 16.7724609375 41.89972400846826 997.412345707886 0 0 1 0 0 1 57 19 8 4 0 0 
1675842339.37025 16.7876953125 41.97020430808333 997.4225361963696 0 0 0 0 0 0 18 6 2 0 0 0 
1675842344.5030613 16.7775390625 41.770462222218356 997.4389730199665 0 0 0 0 0 0 30 10 2 0 0 0 
1675842349.6362457 16.7876953125 41.93496434029406 997.4336534660301 0 0 0 0 0 0 30 10 2 0 0 0 
1675842354.7689893 16.7826171875 41.98195088311608 997.468947803742 0 0 0 0 0 0 30 10 2 0 0 0 
1675842359.902418 16.7927734375 41.88210370604167 997.447340767377 0 0 0 0 0 0 24 8 2 0 0 0 
1675842365.036605 16.7826171875 41.8292422527071 997.4669756601802 0 0 0 0 0 0 24 8 2 0 0 0 
1675842370.1704483 16.7876953125 41.92910731105037 997.467274239679 0 0 0 0 0 0 24 8 2 0 0 0 
1675842375.3047094 16.7927734375 41.700035602282206 997.4887323505484 0 0 0 0 0 0 24 8 2 0 0 0 
1675842380.4381115 16.7927734375 41.72353084438002 997.4669756601802 0 0 0 0 0 0 24 8 2 0 0 0 
1675842385.5716422 16.8029296875 41.75881642949188 997.4650030325819 0 0 0 0 0 0 24 8 2 0 0 0 
1675842390.704352 16.8029296875 41.64720986744485 997.4783919798932 0 0 0 0 0 0 24 8 2 0 0 0 
1675842395.837486 16.7927734375 41.882151045104735 997.4653020690972 0 0 0 0 0 0 24 8 2 0 0 0 
1675842400.9710748 16.8029296875 41.67656698979063 997.4969511043225 0 0 0 0 0 0 24 8 2 0 0 0 
1675842406.1043937 16.7927734375 41.882151045104735 997.5068435076168 0 0 0 0 0 0 24 8 2 0 0 0 
1675842411.2376075 16.7876953125 41.89972400846826 997.5155098316511 0 0 0 0 0 0 24 8 2 0 0 0 
1675842416.3686783 16.7876953125 41.75291395408089 997.5037946814915 0 0 0 0 0 0 24 8 2 0 0 0 
1675842421.5015662 16.7927734375 41.87623025167522 997.525700261058 0 0 0 0 0 0 84 23 6 0 0 0 
1675842426.6307344 16.7724609375 41.799844142414656 997.5208283239799 0 0 0 0 0 0 84 23 6 0 0 0 
1675842431.7634683 16.7724609375 41.91732801089183 997.5211256067286 0 0 0 0 0 0 63 18 4 0 0 0 
1675842436.8949926 16.7826171875 41.776365402264936 997.5139852028072 0 0 0 0 0 0 63 18 4 0 0 0 
1675842442.0290906 16.7775390625 41.76464712872535 997.534216856113 0 0 0 0 0 0 63 18 4 0 0 0 
1675842447.1587565 16.7724609375 41.66475206386639 997.5109357041605 0 0 0 0 0 0 75 22 4 0 0 0 
1675842452.2924514 16.7673828125 41.67651336382667 997.512609256476 0 0 0 0 0 0 75 22 4 0 0 0 
1675842457.426262 16.7775390625 41.86443588710596 997.5261462244936 0 0 0 0 0 0 75 22 4 0 0 0 
1675842462.560365 16.7623046875 41.723488407448876 997.53800934642 0 0 0 0 0 0 69 20 4 0 0 0 
1675842467.6939807 16.7623046875 41.83506939489248 997.5897407700184 0 0 0 0 0 0 69 20 4 0 0 0 
1675842472.8273776 16.7623046875 41.799799494483736 997.5615867689978 0 0 0 0 0 0 69 20 4 0 0 0 
1675842477.9612541 16.7521484375 41.88205566109708 997.5766483952866 0 0 0 0 0 0 63 18 4 0 0 0 
1675842483.0945966 16.7724609375 41.70585382606308 997.5596170254881 0 0 0 0 0 0 63 18 4 0 0 0 
1675842488.227951 16.7673828125 41.770476754276174 997.5562699441446 0 0 0 0 0 0 63 18 4 0 0 0 
1675842493.3609383 16.7775390625 41.85859429846304 997.5477538710687 0 0 0 0 0 0 69 20 4 0 0 0 
1675842498.4902494 16.7826171875 41.78222373986651 997.5459318253577 0 0 0 0 0 0 69 20 4 0 0 0 
1675842503.6202729 16.7775390625 41.74112384003797 997.5278197638867 0 0 1 0 0 1 72 17 8 2 2 2 
1675842508.7532601 16.7876953125 41.799904092067784 997.5606968711323 0 0 1 0 0 1 72 17 8 2 2 2 
1675842513.8881018 16.7826171875 41.80574801053202 997.5142828088609 0 0 1 0 0 1 72 17 8 2 2 2 
1675842519.0256295 16.7724609375 41.60605301591338 997.5427332099753 0 0 1 0 0 1 105 28 8 2 2 2 
1675842524.1605103 16.7775390625 41.64125724330724 997.55110097881 0 0 1 0 0 1 105 28 8 2 2 2 
1675842529.2938142 16.7724609375 41.70586761054644 997.5395345415741 0 0 1 0 0 1 105 28 8 2 2 2 
1675842534.427177 16.7775390625 41.611914339134906 997.5847201443752 0 0 1 0 0 1 117 32 12 2 2 2 
1675842539.5610368 16.7826171875 41.752899669474196 997.5457832259381 0 1 2 0 1 2 117 32 12 2 2 2 
1675842544.6943982 16.7876953125 41.80576291756505 997.5708869460334 0 1 2 0 1 2 117 32 12 2 2 2 
1675842549.8278575 16.7826171875 41.65300467381011 997.5542996626059 0 1 2 0 1 2 129 36 14 2 2 2 
1675842554.9617317 16.7826171875 41.858609827903116 997.5559732302629 0 1 2 0 1 2 129 36 14 2 2 2 
1675842560.0950515 16.7775390625 41.70000822401545 997.5479022419954 0 1 2 0 1 2 129 36 14 2 2 2 
1675842565.2278366 16.7826171875 41.74113801030019 997.5545964035766 0 1 1 0 1 1 108 36 14 0 0 0 
1675842570.361714 16.7724609375 41.6823870940417 997.5561216409401 0 1 1 0 1 1 108 36 14 0 0 0 
1675842575.4948144 16.7724609375 41.80573309271039 997.5326918896542 0 1 1 0 1 1 108 36 14 0 0 0 
1675842580.6278799 16.7826171875 41.74698266175571 997.5395345415741 0 1 1 0 1 1 96 32 12 0 0 0 
1675842585.7591426 16.7673828125 41.876198168511834 997.5577951951216 0 0 1 0 0 1 117 35 11 2 2 0 
1675842590.8919435 16.7724609375 41.78222373986651 997.5631122486644 0 0 1 0 0 1 111 33 11 2 2 0 
1675842596.0230458 16.7673828125 41.64125724330724 997.522947612537 0 0 1 0 0 1 111 33 11 2 2 0 
1675842601.1558714 16.7826171875 41.74702592468008 997.5442582581154 0 0 1 0 0 1 111 33 11 2 2 0 
1675842606.2877092 16.7724609375 41.74108071804817 997.5529228630776 0 0 1 0 0 1 57 19 11 2 2 0 
1675842611.4167593 16.7623046875 41.76458878221585 997.5582397416937 0 0 1 0 0 1 57 19 11 2 2 0 
1675842616.546201 16.7623046875 41.688246722639164 997.5933835421725 0 0 1 0 0 1 57 19 11 2 2 0 
1675842621.6791542 16.7623046875 41.74108071804817 997.5480505054518 0 0 0 0 0 0 51 17 9 0 0 0 
1675842626.8102648 16.7572265625 41.676459047106825 997.5331370457249 0 0 0 0 0 0 51 17 9 0 0 0 
1675842631.9421937 16.7623046875 41.77629178732414 997.5351067645989 0 0 0 0 0 0 51 17 9 0 0 0 
1675842637.0726395 16.7572265625 41.72347441907876 997.5515456879151 0 0 0 0 0 0 63 21 11 0 0 0 
1675842642.203004 16.7470703125 41.82915036644525 997.5468211649791 0 0 0 0 0 0 63 21 11 0 0 0 
1675842647.3334126 16.7572265625 41.78803820901493 997.5634082093774 0 0 0 0 0 0 63 21 11 0 0 0 
1675842652.4638903 16.7521484375 41.641205031050326 997.5386016506569 0 0 0 0 0 0 75 25 11 0 0 0 
1675842657.5942068 16.7572265625 41.77043312573661 997.5684287104259 0 0 0 0 0 0 75 25 11 0 0 0 
1675842662.724649 16.7521484375 41.729305696132506 997.5701022109137 0 0 0 0 0 0 75 25 11 0 0 0 
1675842667.8550413 16.7521484375 41.67055875231928 997.5967305723789 0 0 0 0 0 0 78 24 4 0 0 0 
1675842672.9854395 16.7572265625 41.79394106642952 997.5833424532117 0 0 0 0 0 0 78 24 4 0 0 0 
1675842678.118474 16.7826171875 41.71761481859305 997.5378610016971 0 0 0 0 0 0 78 24 6 0 0 0 
1675842683.2457876 16.7673828125 41.57663336330909 997.5448516352421 0 0 0 0 0 0 78 24 6 0 0 0 
1675842688.3766031 16.7826171875 41.68827437274647 997.5474568067939 0 0 0 0 0 0 78 24 6 0 0 0 
1675842693.507092 16.7775390625 41.78222373986651 997.5430299256249 0 0 0 0 0 0 72 22 6 0 0 0 
1675842698.6374633 16.7927734375 41.653057761932544 997.5007455340736 0 0 0 0 0 0 72 22 6 0 0 0 
1675842703.76787 16.7775390625 41.7117694238916 997.56921336421 0 0 0 0 0 0 72 22 6 0 0 0 
1675842708.8982618 16.7978515625 41.788097217494204 997.5139852028072 0 0 0 0 0 0 72 22 8 0 0 0 
1675842714.0281804 16.7927734375 41.66477915980733 997.5494274249047 0 0 0 0 0 0 72 22 8 0 0 0 
1675842719.1591651 16.7927734375 41.65890533129223 997.5523288970569 0 0 0 0 0 0 72 22 8 0 0 0 
1675842724.29083 16.8029296875 41.664818955312334 997.5521801368568 0 0 0 0 0 0 72 22 8 0 0 0 
1675842729.4199276 16.8080078125 41.641335736732806 997.5167359684475 0 0 0 0 0 0 72 22 8 0 0 0 
1675842734.5502827 16.8130859375 41.54147396732958 997.4951281702529 0 0 0 0 0 0 72 22 8 0 0 0 
1675842739.6807296 16.7978515625 41.65308398804383 997.5435141184882 0 0 0 0 0 0 72 22 8 0 0 0 
1675842744.8111784 16.8029296875 41.61195229957501 997.499999633657 0 0 0 0 0 0 72 22 8 0 0 0 
1675842749.9415078 16.7978515625 41.476844902281165 997.5436631613802 0 0 0 0 0 0 24 2 2 0 0 0 
1675842755.0720224 16.7927734375 41.55321061025932 997.5104890525967 0 0 0 0 0 0 24 2 2 0 0 0 
1675842760.2024283 16.7876953125 41.62956176258046 997.5441096451511 0 0 0 0 0 0 24 2 2 0 0 0 
1675842765.33277 16.7775390625 41.623649336856275 997.5176299138376 0 0 0 0 0 0 36 6 4 0 0 0 
1675842770.463199 16.7724609375 41.70588191378291 997.5193034664297 0 0 0 0 0 0 36 6 4 0 0 0 
1675842775.5935588 16.7724609375 41.71758696698799 997.5212740868955 0 0 0 0 0 0 36 6 4 0 0 0 
1675842780.723969 16.7572265625 41.617749495943706 997.5214224595939 0 0 0 0 0 0 48 10 4 0 0 0 
1675842785.8545074 16.7673828125 41.64123115875698 997.5078858842516 0 0 0 0 0 0 48 10 4 0 0 0 
1675842790.9883735 16.7572265625 41.67059897953097 997.5110843730647 0 0 0 0 0 0 48 10 4 0 0 0 
1675842796.1202445 16.7572265625 41.67057217217886 997.4748613304165 0 0 0 0 0 0 54 12 4 0 0 0 
1675842801.2537868 16.7470703125 41.688192335527425 997.5116779739969 0 0 0 0 0 0 54 12 4 0 0 0 
1675842806.3800602 16.7521484375 41.63533157249248 997.4733362905051 0 0 0 0 0 0 54 12 4 0 0 0 
1675842811.5102396 16.7572265625 41.770418561312674 997.4798817798443 0 0 0 0 0 0 54 12 4 0 0 0 
1675842816.6420407 16.7521484375 41.68229183549236 997.4617704366625 0 0 0 0 0 0 54 12 4 0 0 0 
1675842821.7669113 16.7470703125 41.64702582275509 997.4766832294947 0 0 0 0 0 0 54 12 4 0 0 0 
1675842826.897269 16.7318359375 41.73512225839131 997.4701377145145 0 0 0 0 0 0 48 12 4 0 0 0 
1675842832.0237002 16.7419921875 41.6528989892326 997.4918725717457 0 0 0 0 0 0 99 33 10 0 0 0 
1675842837.1526525 16.7166015625 41.699856340647834 997.4466900134227 0 1 1 0 1 1 120 40 12 2 0 0 
1675842842.2841344 16.7216796875 41.70572928021223 997.4436395628842 0 1 1 0 1 1 120 40 12 2 0 0 
1675842847.4127479 16.7166015625 41.68223746129879 997.4533837225882 0 1 1 0 1 1 120 40 12 2 0 0 
1675842852.541239 16.7216796875 41.67635092873981 997.4335991645672 0 1 1 0 1 1 114 38 12 2 0 0 
1675842857.6702497 16.7267578125 41.688096742707046 997.4518781097729 0 1 1 0 1 1 114 38 12 2 0 0 
1675842862.79886 16.7267578125 41.58826856815578 997.4366494517474 0 1 1 0 1 1 114 38 12 2 0 0 
1675842867.9293952 16.7318359375 41.7174751290131 997.4334509352125 0 1 1 0 1 1 102 34 10 2 0 0 
1675842873.056002 16.7166015625 41.73507959421304 997.4083497471419 0 1 1 0 1 1 102 34 10 2 0 0 
1675842878.1864202 16.7216796875 41.83493139297411 997.4118449767477 0 1 1 0 1 1 102 34 10 2 0 0 
1675842883.314728 16.7216796875 41.70572928021223 997.4285789663418 0 0 0 0 0 0 60 20 6 2 0 0 
1675842888.4454777 16.7115234375 41.78209133967782 997.4101715781683 0 0 0 0 0 0 60 20 6 2 0 0 
1675842893.572607 16.7166015625 41.68223746129879 997.3899422191046 0 0 0 0 0 0 60 20 6 2 0 0 
1675842898.7034695 16.7115234375 41.69981483505152 997.402101237354 0 0 0 0 0 0 66 20 6 2 0 0 
1675842903.8318453 16.7064453125 41.75854173693263 997.3871891864057 0 0 0 0 0 0 66 20 6 2 0 0 
1675842908.9634178 16.7064453125 41.72326329886524 997.3955559719968 0 0 0 0 0 0 66 20 6 2 0 0 
1675842914.0899763 16.6912109375 41.805492359698256 997.3626817232787 0 0 0 0 0 0 57 15 8 0 0 0 
1675842919.2188585 16.6861328125 41.740852002075236 997.4093865184581 0 0 0 0 0 0 57 15 8 0 0 0 
1675842924.3475688 16.6759765625 41.82893581748269 997.4112075026017 0 0 0 0 0 0 63 17 10 2 0 0 
1675842929.4776704 16.6708984375 41.79367255724892 997.4081559609506 0 0 0 0 0 0 63 17 10 2 0 0 
1675842934.6070404 16.6607421875 41.86415289329743 997.3898974441939 0 0 0 0 0 0 63 17 10 2 0 0 
1675842939.7338645 16.6607421875 41.79367255724892 997.3581054747222 0 0 0 0 0 0 36 8 6 2 0 0 
1675842944.8663943 16.6607421875 41.752538487962916 997.3647985188541 0 0 0 0 0 0 36 8 6 2 0 0 
1675842950.000212 16.6607421875 41.781928330471324 997.341372869228 0 0 0 0 0 0 36 8 6 2 0 0 
1675842955.1296413 16.6759765625 41.82303294732097 997.3748380871248 0 0 0 0 0 0 36 8 6 2 0 0 
1675842960.2584074 16.6505859375 41.75841052101955 997.3635678253564 0 0 0 0 0 0 36 8 6 2 0 0 
1675842965.3865657 16.6556640625 41.752523922433525 997.3116980239512 0 0 0 0 0 0 36 8 6 2 0 0 
1675842970.5149448 16.6607421875 41.86996130417137 997.351707773818 0 0 0 0 0 0 36 8 6 2 0 0 
1675842975.6456628 16.6556640625 41.787755561418024 997.3582531453183 0 0 0 0 0 0 36 8 6 2 0 0 
1675842980.7719371 16.6607421875 41.72314970884382 997.3568749440253 0 0 0 0 0 0 36 8 6 2 0 0 
1675842985.902524 16.6404296875 41.89930374271134 997.3503294798626 0 0 0 0 0 0 30 8 6 2 0 0 
1675842991.0289054 16.6404296875 41.79946910945439 997.3270520956492 0 0 0 0 0 0 30 8 6 2 0 0 
1675842996.1580617 16.6505859375 41.84642712789912 997.3500345403215 0 1 1 0 1 1 126 39 6 2 0 0 
1675843001.2846184 16.6353515625 41.92277370215974 997.3370912480759 0 1 1 0 1 1 126 39 6 2 0 0 
1675843006.4110346 16.6404296875 41.79359735101894 997.3503294798626 0 1 1 0 1 1 126 39 6 2 0 0 
1675843011.5397427 16.6404296875 41.84645848757104 997.3556435279284 0 1 1 0 1 1 126 39 6 2 0 0 
1675843016.671098 16.6201171875 41.78179398832199 997.3173077825277 0 1 1 0 1 1 126 39 6 2 0 0 
1675843021.7995052 16.6251953125 41.8522514031354 997.3573167074575 0 1 1 0 1 1 126 39 6 2 0 0 
1675843026.9315376 16.6353515625 41.7172067464781 997.2940309351346 0 0 0 0 0 0 114 35 4 2 0 0 
1675843032.0584617 16.6251953125 41.858138642196366 997.329167097252 0 0 0 0 0 0 114 35 4 2 0 0 
1675843037.1873813 16.6201171875 41.899189513868215 997.335859703014 0 0 0 0 0 0 114 35 4 2 0 0 
1675843042.3180168 16.6251953125 41.910981269047916 997.3223272759253 0 0 0 0 0 0 141 42 4 2 0 0 
1675843047.444662 16.6302734375 41.846380007477684 997.3141087383287 0 1 1 0 1 1 141 42 4 2 0 0 
1675843052.571333 16.6201171875 41.79353699183951 997.3425523098812 0 1 1 0 1 1 141 42 4 2 0 0 
1675843057.6976283 16.6201171875 41.86984952927129 997.3058902304915 0 1 1 0 1 1 141 42 4 2 0 0 
1675843062.8264353 16.6302734375 41.83462159337698 997.3040698354883 0 1 1 0 1 1 141 42 4 2 0 0 
1675843067.9532123 16.6201171875 42.01075763518275 997.299197683877 0 1 1 0 1 1 141 42 4 2 0 0 
1675843073.0836563 16.609765625 41.88159209373238 997.3328073486083 0 1 1 0 1 1 135 40 4 2 0 0 
1675843078.2130468 16.6251953125 41.86981749648994 997.3206541113905 0 0 0 0 0 0 84 21 8 0 0 0 
1675843083.3410635 16.609765625 41.79936289190042 997.317896167325 0 0 0 0 0 0 78 19 10 0 0 0 
1675843088.4696777 16.6201171875 41.85807516343328 997.3127298613394 0 0 0 0 0 0 78 19 10 0 0 0 
1675843093.5974867 16.599609375 41.775862755115064 997.2328625669893 0 0 0 0 0 0 78 19 10 0 0 0 
1675843098.7258584 16.59453125 41.86391439498987 997.2695232213706 0 0 0 0 0 0 84 19 8 0 0 0 
1675843103.8502805 16.609765625 41.7347782261839 997.2610104608439 0 0 0 0 0 0 84 19 8 0 0 0 
1675843108.9806404 16.6046875 41.78759014320784 997.2861070862131 0 0 0 0 0 0 84 19 8 0 0 0 
1675843114.109044 16.599609375 41.8287035970896 997.2527922784054 0 0 0 0 0 0 84 19 8 0 0 0 
1675843119.2362022 16.59453125 41.834543469195815 997.2982594985419 0 0 0 0 0 0 84 19 8 0 0 0 
1675843124.3668108 16.589453125 41.95784959158831 997.2900408915312 0 0 0 0 0 0 84 19 8 0 0 0 
1675843129.4937751 16.589453125 41.963703314087184 997.2699642384151 0 0 0 0 0 0 78 19 8 0 0 0 
1675843134.6229506 16.584375 41.94016939612495 997.2666181305294 0 0 0 0 0 0 78 19 8 0 0 0 
1675843139.7522342 16.584375 41.88146261640185 997.296733111447 0 0 0 0 0 0 78 19 8 0 0 0 
1675843144.8807476 16.57421875 42.04583905373219 997.272077302408 0 0 0 0 0 0 66 15 6 0 0 0 
1675843150.0070176 16.589453125 41.92842812100237 997.2704042889911 0 0 0 0 0 0 66 15 6 0 0 0 
1675843155.1374037 16.579296875 41.904945449524156 997.2904804545507 0 0 0 0 0 0 66 15 6 0 0 0 
1675843160.2657309 16.57421875 41.95189358218061 997.2857539986094 0 0 0 0 0 0 30 10 8 2 0 0 
1675843165.392002 16.57421875 41.92252339643356 997.2704042889911 0 0 0 0 0 0 30 10 8 2 0 0 
1675843170.5208938 16.57421875 42.028191106305265 997.2974649087238 0 0 0 0 0 0 18 6 4 0 0 0 
1675843175.6512406 16.569140625 41.969487227134344 997.255640245283 0 0 0 0 0 0 18 6 4 0 0 0 
1675843180.7828236 16.57421875 41.97537565856417 997.30219155572 0 0 0 0 0 0 18 6 4 0 0 0 
1675843185.9091897 16.569140625 41.899041238628485 997.3006647660492 0 0 0 0 0 0 24 8 6 0 0 0 
1675843191.0378926 16.5640625 41.87555891918696 997.2910650353056 0 0 0 0 0 0 24 8 6 0 0 0 
1675843196.1676238 16.558984375 41.99296890003005 997.279208237795 0 0 0 0 0 0 24 8 6 0 0 0 
1675843201.2984815 16.569140625 41.81099772943207 997.2472753177748 0 0 0 0 0 0 36 12 6 0 0 0 
1675843206.4271884 16.569140625 41.95772919147374 997.2808812109276 0 0 0 0 0 0 36 12 6 0 0 0 
1675843211.5553439 16.569140625 41.88142951420076 997.2439293472548 0 0 0 0 0 0 36 12 6 0 0 0 
1675843216.6840482 16.5640625 41.957746330072816 997.2790620514919 0 0 0 0 0 0 36 12 6 0 0 0 
1675843221.8167875 16.5640625 41.79924026470024 997.2705507577576 0 0 0 0 0 0 36 12 6 0 0 0 
1675843226.9471345 16.57421875 41.946005392602174 997.2620392229433 0 0 0 0 0 0 36 12 6 0 0 0 
1675843232.075486 16.579296875 41.88730009911228 997.2620392229433 0 0 0 0 0 0 48 16 8 0 0 0 
1675843237.200286 16.579296875 41.79336952825454 997.283495355282 0 0 0 0 0 0 48 16 8 0 0 0 
1675843242.329608 16.584375 41.85212473033506 997.2486551208582 0 0 0 0 0 0 51 17 2 0 0 0 
1675843247.4601326 16.579296875 41.81688399183819 997.2352710231935 0 0 0 0 0 0 51 17 2 0 0 0 
1675843252.5919645 16.589453125 41.88733333983656 997.2617458278422 0 0 0 0 0 0 51 17 2 0 0 0 
1675843257.718901 16.579296875 41.84036726948173 997.2348301193944 0 0 0 0 0 0 93 26 2 0 0 0 
1675843262.8501055 16.584375 41.89907475639771 997.2351241626421 0 0 0 0 0 0 93 26 2 0 0 0 
1675843267.9794075 16.584375 41.81691493086437 997.3082979121616 0 0 0 0 0 0 93 26 2 0 0 0 
1675843273.1080198 16.584375 41.82865686172071 997.2765096108957 0 0 0 0 0 0 99 28 2 0 0 0 
1675843278.2369034 16.599609375 41.799317208262295 997.236356002832 0 0 0 0 0 0 99 28 2 0 0 0 
1675843283.3651667 16.589453125 41.83452781199405 997.2661770322251 0 0 0 0 0 0 99 28 2 0 0 0 
1675843288.4935188 16.579296875 41.84038301621719 997.2628308433556 0 0 0 0 0 0 99 28 2 0 0 0 
1675843293.6197603 16.599609375 41.85802744108234 997.2647981377673 0 0 0 0 0 0 99 28 2 0 0 0 
1675843298.7498562 16.599609375 41.687792866450955 997.2964396408597 0 0 0 0 0 0 99 28 2 0 0 0 
1675843303.882658 16.6046875 41.72890683231198 997.271343415575 0 0 0 0 0 0 111 32 2 0 0 0 
1675843309.0147169 16.599609375 41.92262419597463 997.2562856878639 0 0 0 0 0 0 111 32 2 0 0 0 
1675843314.147678 16.599609375 41.78171897619107 997.2509718150479 0 0 0 0 0 0 111 32 2 0 0 0 
1675843319.2786639 16.6046875 41.86984952927129 997.2655873976375 0 0 0 0 0 0 111 32 2 0 0 0 
1675843324.412043 16.6046875 41.77000637722803 997.2427537159418 0 0 0 0 0 0 84 26 8 0 0 0 
1675843329.5424054 16.6150390625 41.71129259007128 997.2491512172767 0 0 0 0 0 0 84 26 8 0 0 0 
1675843334.6711788 16.609765625 41.78171897619107 997.2397021353178 0 0 0 0 0 0 84 26 8 0 0 0 
1675843339.799291 16.6150390625 41.6584493177246 997.2158365743446 0 0 0 0 0 0 84 26 8 0 0 0 
1675843344.9291105 16.609765625 41.7347782261839 997.2076187669014 0 0 0 0 0 0 84 26 8 0 0 0 
1675843350.06063 16.6150390625 41.72892122309767 997.2374393726707 0 0 0 0 0 0 84 26 8 0 0 0 
1675843355.192387 16.6150390625 41.758293151017824 997.2190350522714 0 0 0 0 0 0 78 24 8 0 0 0 
1675843360.3239036 16.609765625 41.723064063196 997.2593373530384 0 0 0 0 0 0 78 24 8 0 0 0 
1675843365.4551995 16.6150390625 41.69956376236726 997.2590424274 0 0 0 0 0 0 78 24 8 0 0 0 
1675843370.5880206 16.6353515625 41.72313546154131 997.2350266476199 0 0 0 0 0 0 42 12 4 0 0 0 
1675843375.7192435 16.6505859375 41.58221993304151 997.2695711327406 0 0 0 0 0 0 42 12 4 0 0 0 
1675843380.8504791 16.6505859375 41.65268554857692 997.2797587958512 0 0 0 0 0 0 42 12 4 0 0 0 
1675843385.9810746 16.6455078125 41.729035960985215 997.2449176153531 0 0 0 0 0 0 36 10 2 0 0 0 
1675843391.111785 16.6505859375 41.623338133427296 997.2631747214486 0 0 0 0 0 0 36 10 2 0 0 0 
1675843396.2456896 16.6505859375 41.64096793965208 997.2514622088595 0 0 0 0 0 0 36 10 2 0 0 0 
1675843401.376875 16.6505859375 41.67617376369572 997.2780855653253 0 0 0 0 0 0 36 10 2 0 0 0 
1675843406.5108979 16.6505859375 41.734893594070535 997.261353263866 0 0 0 0 0 0 75 25 6 2 0 0 
1675843411.6415994 16.6404296875 41.59395155126413 997.2616496390322 0 0 0 0 0 0 96 27 8 2 0 0 
1675843416.768945 16.6505859375 41.73486481683176 997.2718368017552 0 0 0 0 0 0 96 27 8 2 0 0 
1675843421.8964555 16.6404296875 41.664429676348384 997.2666692474828 0 0 0 0 0 0 96 27 8 2 0 0 
1675843427.0298924 16.6302734375 41.53521789191449 997.2418674820028 0 0 0 0 0 0 84 23 8 2 0 0 
1675843432.1632292 16.6302734375 41.658476457406664 997.2354707326353 0 0 0 0 0 0 84 23 8 2 0 0 
1675843437.2957292 16.6251953125 41.711363416689004 997.2770041679771 0 0 0 0 0 0 84 23 8 2 0 0 
1675843442.4295952 16.6201171875 41.77003609945474 997.2655873976375 0 0 0 0 0 0 84 23 8 2 0 0 
1675843447.5628915 16.6150390625 41.541029109325116 997.1969883599246 0 0 0 0 0 0 84 23 8 2 0 0 
1675843452.6961303 16.6404296875 41.623285744153996 997.2555485068166 0 0 0 0 0 0 84 23 8 2 0 0 
1675843457.8293083 16.6302734375 41.67610513778936 997.2552528825913 0 0 0 0 0 0 84 23 8 2 0 0 
1675843462.9539435 16.6404296875 41.73486481683176 997.226660708161 0 0 0 0 0 0 84 23 8 2 0 0 
1675843468.0875657 16.6404296875 41.47649598489137 997.2330568387727 0 0 0 0 0 0 84 23 8 2 0 0 
1675843473.2209415 16.6455078125 41.623311960368966 997.2733620597177 0 0 0 0 0 0 90 25 6 2 0 0 
1675843478.3541937 16.6404296875 41.69377591142925 997.2631747214486 0 0 0 0 0 0 90 25 6 2 0 0 
1675843483.487516 16.6404296875 41.5352420475354 997.2500853429976 0 0 0 0 0 0 90 25 6 2 0 0 
1675843488.6207879 16.6505859375 41.64681346953214 997.2564818566974 0 0 0 0 0 0 18 6 4 0 0 0 
1675843493.754542 16.6404296875 41.5352420475354 997.2566300312029 0 0 0 0 0 0 18 6 4 0 0 0 
1675843498.8878467 16.6455078125 41.687917810618934 997.2398980095965 0 0 0 0 0 0 18 6 4 0 0 0 
1675843504.021379 16.6505859375 41.56457846646743 997.231680271629 0 0 0 0 0 0 18 6 4 0 0 0 
1675843509.154064 16.6404296875 41.69964784166326 997.2231659948983 0 0 0 0 0 0 18 6 4 0 0 0 
1675843514.2873247 16.6505859375 41.68789012077099 997.2566300312029 0 0 0 0 0 0 12 4 4 0 0 0 
1675843519.4212682 16.6404296875 41.72313546154131 997.2750352629489 0 0 0 0 0 0 12 4 4 0 0 0 
1675843524.554407 16.6353515625 41.51760142591597 997.2599764363533 0 0 0 0 0 0 12 4 4 0 0 0 
1675843529.6875677 16.6302734375 41.676160060092435 997.2736578156196 0 0 0 0 0 0 12 4 4 0 0 0 
1675843534.8211122 16.6455078125 41.51172925037201 997.2350266476199 0 0 0 0 0 0 12 4 4 0 0 0 
1675843539.9543216 16.6404296875 41.61156782704442 997.2900940951405 0 0 0 0 0 0 12 4 4 0 0 0 
1675843545.0876765 16.6353515625 41.576297475217764 997.256778098295 0 0 0 0 0 0 24 6 4 0 0 0 
1675843550.2208035 16.6251953125 41.58805403850425 997.2836968735215 0 0 0 0 0 0 24 6 4 0 0 0 
1675843555.3534799 16.6251953125 41.605644085225904 997.260420234137 0 0 0 0 0 0 24 6 4 0 0 0 
1675843560.4866354 16.6251953125 41.69960585056541 997.2637665583024 0 0 0 0 0 0 24 6 4 0 0 0 
1675843565.620233 16.6302734375 41.69959183195495 997.260420234137 0 0 0 0 0 0 24 6 4 0 0 0 
1675843570.7529848 16.6201171875 41.711320953085036 997.3074161361588 0 0 0 0 0 0 75 23 12 0 0 0 
1675843575.8855913 16.609765625 41.55276031772053 997.2692286730472 0 0 0 0 0 0 75 23 12 0 0 0 
1675843581.0192666 16.609765625 41.587990348138284 997.2810877598959 0 0 0 0 0 0 75 23 12 0 0 0 
1675843586.1525314 16.6150390625 41.66430717885803 997.2826136490867 0 0 0 0 0 0 54 16 8 0 0 0 
1675843591.2859943 16.6201171875 41.57624704508233 997.2709017948102 0 0 0 0 0 0 54 16 8 0 0 0 
1675843596.4193108 16.599609375 41.54688861061968 997.249298707657 0 0 0 0 0 0 54 16 8 0 0 0 
1675843601.5526583 16.609765625 41.51164626897317 997.2526449225079 0 0 0 0 0 0 81 25 12 0 0 0 
1675843606.6859972 16.609765625 41.687792866450955 997.2692286730472 0 0 0 0 0 0 81 25 12 0 0 0 
1675843611.8188977 16.609765625 41.52928550866496 997.255991137635 0 0 0 0 0 0 81 25 12 0 0 0 
1675843616.9522371 16.609765625 41.78174901340947 997.2893061387643 0 0 0 0 0 0 81 25 12 0 0 0 
1675843622.0855236 16.6150390625 41.582105999188215 997.25293952691 0 0 0 0 0 0 81 25 12 0 0 0 
1675843627.2178683 16.6046875 41.71129259007128 997.2678501267634 0 0 0 0 0 0 81 25 12 0 0 0 
1675843632.3511944 16.6150390625 41.67017861591215 997.2692286730472 0 0 0 0 0 0 75 23 10 0 0 0 
1675843637.4844937 16.609765625 41.68782070734434 997.2675555513529 0 0 0 0 0 0 75 23 10 0 0 0 
1675843642.6136832 16.6150390625 41.57040047910981 997.2642093081719 0 0 0 0 0 0 75 23 10 0 0 0 
1675843647.746801 16.6150390625 41.59388762895743 997.2558437014283 0 1 1 0 1 1 96 30 12 0 0 0 
1675843652.8800926 16.6251953125 41.49997318279052 997.257073910248 0 0 0 0 0 0 69 21 2 0 0 0 
1675843658.012785 16.6353515625 41.60565701640911 997.245361778812 0 0 0 0 0 0 90 28 2 0 0 0 
1675843663.1461112 16.6455078125 41.35908925056321 997.2633228417798 0 0 0 0 0 0 90 28 2 0 0 0 
1675843668.2799726 16.6404296875 41.57633518453166 997.2900940951405 0 0 0 0 0 0 90 28 2 0 0 0 
1675843673.413748 16.6455078125 41.41779450408134 997.2683424504379 0 0 0 0 0 0 90 28 2 0 0 0 
1675843678.547373 16.6505859375 41.44715676892103 997.2531354247362 0 0 0 0 0 0 90 28 2 0 0 0 
1675843683.6806986 16.6404296875 41.44714571606596 997.2716888565552 0 0 0 0 0 0 90 28 2 0 0 0 
1675843688.8140085 16.6302734375 41.59396430335772 997.2234625634123 0 0 0 0 0 0 96 30 2 0 0 0 
1675843693.9471774 16.6302734375 41.49999654435471 997.2684904227249 0 0 0 0 0 0 96 30 2 0 0 0 
1675843699.0805511 16.6302734375 41.676132620518885 997.2654397204886 0 0 0 0 0 0 96 30 2 0 0 0 
1675843704.214126 16.6302734375 41.47647314551437 997.2137198218304 0 0 0 0 0 0 102 32 2 0 0 0 
1675843709.3490233 16.6302734375 41.494101044900304 997.2420154561663 0 0 0 0 0 0 102 32 2 0 0 0 
1675843714.4826846 16.6251953125 41.60565701640911 997.2652919359342 0 0 0 0 0 0 102 32 2 0 0 0 
1675843719.6166563 16.6353515625 41.59982365329669 997.2683424504379 0 0 0 0 0 0 108 34 2 0 0 0 
1675843724.7501526 16.6404296875 41.51177643094516 997.2532836263291 0 0 0 0 0 0 108 34 2 0 0 0 
1675843729.8835225 16.6455078125 41.582207316881615 997.2532836263291 0 0 0 0 0 0 108 34 2 0 0 0 
1675843735.0174136 16.6353515625 41.62918401187254 997.2350266476199 0 0 0 0 0 0 18 6 4 0 0 0 
1675843740.1504285 16.6302734375 41.32968679614963 997.2585992334294 0 0 0 0 0 0 18 6 4 0 0 0 
1675843745.283521 16.6302734375 41.458856784178565 997.2920627570062 0 0 0 0 0 0 30 10 4 0 0 0 
1675843750.4158826 16.609765625 41.51168189716683 997.2588948034806 0 0 0 0 0 0 30 10 4 0 0 0 
1675843755.5497837 16.6201171875 41.61147683300027 997.252202210429 0 0 0 0 0 0 30 10 4 0 0 0 
1675843760.683101 16.6302734375 41.3707838148747 997.2420154561663 0 0 0 0 0 0 42 14 6 0 0 0 
1675843765.8164172 16.6201171875 41.435346229999176 997.2588948034806 0 0 0 0 0 0 42 14 6 0 0 0 
1675843770.9496868 16.6201171875 41.488194181460074 997.2640618322838 0 0 0 0 0 0 42 14 6 0 0 0 
1675843776.0830007 16.6302734375 41.382497460063476 997.2738055324564 0 0 0 0 0 0 42 14 6 0 0 0 
1675843781.2161446 16.6302734375 41.49408941590433 997.2602724089519 0 0 0 0 0 0 42 14 6 0 0 0 
1675843786.34942 16.6302734375 41.37665616497683 997.2719846395443 0 0 0 0 0 0 42 14 6 0 0 0 
1675843791.4825568 16.6404296875 41.46476274978105 997.2566300312029 0 0 0 0 0 0 30 10 2 0 0 0 
1675843796.6169538 16.6404296875 41.41779450408134 997.2499372217316 0 0 0 0 0 0 30 10 2 0 0 0 
1675843801.7506971 16.6607421875 41.447178842262076 997.2577099453879 0 0 0 0 0 0 30 10 2 0 0 0 
1675843806.8828022 16.6607421875 41.37669713523118 997.2479674276727 0 0 0 0 0 0 30 10 2 0 0 0 
1675843812.0162897 16.6505859375 41.4178158976916 997.2295619101262 0 0 0 0 0 0 30 10 2 0 0 0 
1675843817.1488028 16.6708984375 41.45299579671957 997.3129274557435 0 0 0 0 0 0 36 8 2 0 0 0 
1675843822.2789571 16.6556640625 41.500043138008635 997.2493436625031 0 0 0 0 0 0 36 8 2 0 0 0 
1675843827.4100416 16.6810546875 41.44721187135088 997.2490462383548 0 0 0 0 0 0 36 8 2 0 0 0 
1675843832.5394557 16.6759765625 41.3473831947967 997.2724722140082 0 0 0 0 0 0 30 6 0 0 0 0 
1675843837.671377 16.6912109375 41.25343124063196 997.2266967170585 0 0 0 0 0 0 30 6 0 0 0 0 
1675843842.8061497 16.6861328125 41.41787981956739 997.270352515844 0 0 0 0 0 0 30 6 0 0 0 0 
1675843847.9402444 16.7166015625 41.365052191946674 997.2514981171755 0 0 0 0 0 0 57 15 0 0 0 0 
1675843853.0725744 16.7166015625 41.28869821778788 997.2565182121646 0 0 0 0 0 0 57 15 0 0 0 0 
1675843858.2030318 16.7115234375 41.24759244396444 997.2347644717036 0 0 0 0 0 0 57 15 0 0 0 0 
1675843863.3334448 16.7115234375 41.21822438223185 997.2496752480162 0 0 0 0 0 0 69 19 2 0 0 0 
1675843868.4638054 16.7064453125 41.41791163484311 997.2250233803246 0 0 0 0 0 0 69 19 2 0 0 0 
1675843873.5942473 16.7013671875 41.25345734583176 997.2384100761311 0 0 0 0 0 0 69 19 2 0 0 0 
1675843878.7246773 16.7064453125 41.1418662389929 997.2732518666191 0 0 0 0 0 0 69 19 2 0 0 0 
1675843883.8551028 16.6962890625 41.323929219143416 997.2384100761311 0 0 0 0 0 0 69 19 2 0 0 0 
1675843888.9866793 16.6861328125 41.30039881244324 997.256965917886 0 0 0 0 0 0 69 19 2 0 0 0 
1675843894.1158104 16.6962890625 41.29454412829673 997.2454017634699 0 0 0 0 0 0 75 23 2 0 0 0 
1675843899.2490594 16.6759765625 41.3356080376957 997.2356599726327 0 0 0 0 0 0 18 6 2 2 0 0 
1675843904.3828688 16.6810546875 41.271033244980686 997.2355109910662 0 0 0 0 0 0 18 6 2 2 0 0 
1675843909.5155063 16.6658203125 41.41783724814269 997.2292645906268 0 0 0 0 0 0 18 6 2 2 0 0 
1675843914.6493354 16.6708984375 41.235785689527724 997.2175518032933 0 0 0 0 0 0 18 6 2 2 0 0 
1675843919.7832901 16.6912109375 41.31216378567736 997.2504216951037 0 0 0 0 0 0 18 6 2 2 0 0 
1675843924.9172204 16.6810546875 41.194681587008084 997.2537683165382 0 0 0 0 0 0 18 6 2 2 0 0 
1675843930.0509439 16.6607421875 41.347353664778836 997.2075122739874 0 0 0 0 0 0 18 6 2 2 0 0 
1675843935.1802516 16.6607421875 41.3238527771742 997.2377795151085 0 0 0 0 0 0 18 6 2 2 0 0 
1675843940.3094916 16.6607421875 41.31210720519254 997.2344330304928 0 0 0 0 0 0 18 6 2 2 0 0 
1675843945.4377997 16.6556640625 41.41782657831204 997.252838699299 0 0 0 0 0 0 18 6 2 2 0 0 
1675843950.5661201 16.6455078125 41.394273154651245 997.2064339871083 0 0 0 0 0 0 24 8 2 2 0 0 
1675843955.6949954 16.6505859375 41.31207876928354 997.2683424504379 0 0 0 0 0 0 24 8 2 2 0 0 
1675843960.8231463 16.6404296875 41.26510665418435 997.2514622088595 0 0 0 0 0 0 24 8 2 2 0 0 
1675843965.9518518 16.6505859375 41.45301807074346 997.1997411859265 0 0 0 0 0 0 24 6 2 2 0 0 
1675843971.082826 16.6404296875 41.35905918320787 997.2348784044616 0 0 0 0 0 0 24 6 2 2 0 0 
1675843976.2097409 16.6556640625 41.25926931070404 997.2426506374389 0 0 0 0 0 0 24 6 2 2 0 0 
1675843981.339258 16.6607421875 41.3238527771742 997.2097803881136 0 1 1 0 1 1 150 41 8 2 0 0 
1675843986.4673688 16.6505859375 41.39430451030103 997.214651477045 0 1 1 0 1 1 150 41 8 2 0 0 
1675843991.5975661 16.6505859375 41.341461251615236 997.2231659948983 0 1 1 0 1 1 129 39 8 2 0 0 
1675843996.7262883 16.6302734375 41.52934574668721 997.2318284344626 0 1 1 0 1 1 129 39 8 2 0 0 
1675844001.8565176 16.6455078125 41.347284383753525 997.2117503468431 0 1 1 0 1 1 129 39 8 2 0 0 
1675844006.985416 16.6455078125 41.329706193657586 997.2350266476199 0 0 0 0 0 0 96 28 6 2 0 0 
1675844012.114952 16.6353515625 41.347284383753525 997.2187392617493 0 0 0 0 0 0 96 28 6 2 0 0 
1675844017.2430608 16.6251953125 41.38252850497363 997.2385211325465 0 0 0 0 0 0 96 28 6 2 0 0 
1675844022.3722641 16.6201171875 41.22981863819937 997.2053540900141 0 0 0 0 0 0 108 32 6 2 0 0 
1675844027.5031314 16.6302734375 41.382497460063476 997.1837514287469 0 0 0 0 0 0 108 32 6 2 0 0 
1675844032.6296363 16.6251953125 41.45296230476112 997.1785837598067 0 0 0 0 0 0 108 32 6 2 0 0 
1675844037.7568533 16.6201171875 41.3237659545176 997.2121946784646 0 0 0 0 0 0 123 32 4 2 0 0 
1675844042.8861198 16.6201171875 41.376625323991924 997.1539317005551 0 0 0 0 0 0 123 32 4 2 0 0 
1675844048.015816 16.6302734375 41.34726449206478 997.1715942014467 0 0 0 0 0 0 123 32 4 2 0 0 
1675844053.1449714 16.6150390625 41.394252196935405 997.1971364849509 0 0 0 0 0 0 69 18 4 2 0 0 
1675844058.2766497 16.6201171875 41.429441411474556 997.1702180352434 0 0 0 0 0 0 69 18 4 2 0 0 
1675844063.4044898 16.6150390625 41.44711249276255 997.1784353783983 0 0 0 0 0 0 78 26 2 0 0 0 
1675844068.5358825 16.6251953125 41.2709342143398 997.1785837598067 0 0 0 0 0 0 78 26 2 0 0 0 
1675844073.663915 16.6251953125 41.44707917235183 997.1686932458017 0 0 0 0 0 0 78 26 2 0 0 0 
1675844078.7944016 16.6150390625 41.35313667865947 997.1852763407005 0 0 0 0 0 0 78 26 2 0 0 0 
1675844083.9225245 16.6201171875 41.46469498256999 997.1902957770964 0 0 0 0 0 0 78 26 2 0 0 0 
1675844089.0532286 16.6201171875 41.14172401262133 997.1401014411147 0 0 0 0 0 0 78 26 2 0 0 0 
1675844094.1838846 16.6251953125 41.32964787165296 997.1568328795342 0 0 0 0 0 0 90 30 2 0 0 0 
1675844099.3109386 16.6201171875 41.30027721732951 997.1352306370671 0 0 0 0 0 0 90 30 2 0 0 0 
1675844104.4391928 16.6251953125 41.3237659545176 997.1836031953736 0 0 0 0 0 0 90 30 2 0 0 0 
1675844109.5655982 16.6302734375 41.300324200484035 997.1696235942869 0 0 0 0 0 0 78 26 2 0 0 0 
1675844114.695702 16.6455078125 41.25922503052517 997.1261204458782 0 0 0 0 0 0 78 26 2 0 0 0 
1675844119.8229349 16.6505859375 41.19464115370434 997.1528916086032 0 0 0 0 0 0 78 26 2 0 0 0 
1675844124.9537919 16.6607421875 41.28861593995122 997.1475737971546 0 0 0 0 0 0 78 26 4 0 0 0 
1675844130.0805886 16.6607421875 41.24164156566103 997.1255228777503 0 0 0 0 0 0 78 26 4 0 0 0 
1675844135.2111394 16.6810546875 41.1888083117966 997.1199036747167 0 0 0 0 0 0 78 26 4 0 0 0 
1675844140.3394418 16.6912109375 41.276924379944965 997.1068173911502 0 0 0 0 0 0 63 21 6 0 0 0 
1675844145.4703014 16.6810546875 41.20056297438397 997.163559306186 0 0 0 0 0 0 111 35 4 0 0 0 
1675844150.5984874 16.6708984375 41.20641990606414 997.1284201576731 0 0 0 0 0 0 138 39 4 0 0 0 
1675844155.728425 16.6607421875 41.23577713778485 997.1256724309148 0 0 0 0 0 0 138 39 4 0 0 0 
1675844160.8573043 16.6607421875 41.2709883929067 997.114258742041 0 0 0 0 0 0 138 39 4 0 0 0 
1675844165.9843662 16.6556640625 41.1359187743479 997.0975266437193 0 0 0 0 0 0 132 37 2 0 0 0 
1675844171.1164162 16.6505859375 41.182911206764004 997.1407315734469 0 0 0 0 0 0 132 37 2 0 0 0 
1675844176.2457814 16.6404296875 41.2122432422124 997.1443765364286 0 0 0 0 0 0 132 37 2 0 0 0 
1675844181.3745606 16.6404296875 41.17702231749188 997.1162304691624 0 0 0 0 0 0 117 32 2 0 0 0 
1675844186.5028448 16.6404296875 41.212234897652756 997.1480209616658 0 0 0 0 0 0 117 32 2 0 0 0 
1675844191.6334784 16.6404296875 41.241606935701355 997.1662771965977 0 0 0 0 0 0 117 32 2 0 0 0 
1675844196.7645206 16.6404296875 41.21809916524871 997.141179222735 0 0 0 0 0 0 111 30 2 0 0 0 
1675844201.8966334 16.6353515625 41.253352342356365 997.1197259058666 0 0 0 0 0 0 111 30 2 0 0 0 
1675844207.0230904 16.6353515625 41.28859753729542 997.1163795664959 0 0 0 0 0 0 111 30 2 0 0 0 
1675844212.152051 16.6353515625 41.276833942051425 997.1133311540116 0 0 0 0 0 0 144 41 4 0 0 0 
1675844217.279419 16.6302734375 41.312031160299505 997.1346354880984 0 0 0 0 0 0 144 41 4 0 0 0 
1675844222.410384 16.6455078125 41.25334352192979 997.1314380958399 0 0 0 0 0 0 144 41 4 0 0 0 
1675844227.5390704 16.6302734375 41.235725600730156 997.14300140856 0 0 0 0 0 0 36 12 2 0 0 0 
1675844232.6679258 16.6455078125 41.23574282290981 997.1761675658985 0 0 0 0 0 0 36 12 2 0 0 0 
1675844237.7967837 16.6658203125 41.118292206543124 997.144078050325 0 0 0 0 0 0 24 8 2 0 0 0 
1675844242.921642 16.6607421875 41.100694005286144 997.158987917404 0 0 0 0 0 0 24 8 2 0 0 0 
1675844248.050639 16.6556640625 41.08306047140387 997.1691766357197 0 0 0 0 0 0 24 8 2 0 0 0 
1675844253.1812434 16.6658203125 41.106560229241246 997.1738979264379 0 0 0 0 0 0 24 8 2 0 0 0 
1675844258.3104603 16.6759765625 41.05958068633757 997.1688781262319 0 0 0 0 0 0 24 8 2 0 0 0 
1675844263.4407313 16.6861328125 41.118335391373876 997.1985490982069 0 0 0 0 0 0 24 8 2 0 0 0 
1675844268.572033 16.6861328125 41.14182918867301 997.1518462532964 0 0 0 0 0 0 18 6 2 0 0 0 
1675844273.698693 16.6912109375 41.083101143980855 997.1952024813322 0 0 0 0 0 0 18 6 2 0 0 0 
1675844278.8274767 16.6861328125 41.100728837970365 997.201895715358 0 0 0 0 0 0 18 6 2 0 0 0 
1675844283.9554622 16.6861328125 41.14769510230805 997.1983996038108 0 0 0 0 0 0 24 8 2 0 0 0 
1675844289.0840037 16.6912109375 41.13595575450973 997.1853121276774 0 0 0 0 0 0 24 8 2 0 0 0 
1675844294.2154195 16.6912109375 41.04785937299903 997.1620355901988 0 0 0 0 0 0 24 8 2 0 0 0 
1675844299.3438258 16.6861328125 41.147702612728615 997.1888080774261 0 0 0 0 0 0 36 12 2 0 0 0 
1675844304.472418 16.6861328125 41.0419857091244 997.2020450752312 0 0 0 0 0 0 36 12 2 0 0 0 
1675844309.6002622 16.6759765625 41.05958719854568 997.1839375287152 0 0 0 0 0 0 66 14 4 2 0 0 
1675844314.7304795 16.6759765625 41.02433418942874 997.2076611635151 0 0 0 0 0 0 66 14 4 2 0 0 
1675844319.8612273 16.6607421875 41.241650196175094 997.1956504011822 0 0 0 0 0 0 66 14 4 2 0 0 
1675844324.9916275 16.6607421875 41.15942645897759 997.2206004289806 0 0 0 0 0 0 66 14 4 2 0 0 
1675844330.1209533 16.6556640625 41.16529190201361 997.2142052932483 0 0 0 0 0 0 66 14 4 2 0 0 
1675844335.247918 16.6607421875 41.13592619196159 997.2040167407313 0 0 0 0 0 0 66 14 4 2 0 0 
1675844340.377377 16.6556640625 41.21226821114875 997.2044634905795 0 0 0 0 0 0 60 12 4 2 0 0 
1675844345.5054953 16.6607421875 41.16529190201361 997.1976217179582 0 0 0 0 0 0 60 12 4 2 0 0 
1675844350.6302865 16.6505859375 41.20050589188133 997.2078099456211 0 0 0 0 0 0 60 12 4 2 0 0 
1675844355.7617884 16.6505859375 41.19463303467214 997.2078099456211 0 0 0 0 0 0 54 10 4 2 0 0 
1675844360.8903234 16.6455078125 41.182887289935664 997.1846823873088 0 0 0 0 0 0 54 10 4 2 0 0 
1675844366.0188458 16.6455078125 41.25336115199263 997.1897019862264 0 0 0 0 0 0 54 10 4 2 0 0 
1675844371.1474876 16.6455078125 41.2063621966195 997.1846823873088 0 0 0 0 0 0 54 12 6 4 0 0 
1675844376.2794678 16.6353515625 41.2063621966195 997.1747919220642 0 0 0 0 0 0 54 12 6 4 0 0 
1675844381.4053583 16.6404296875 41.12415795989141 997.1865042227993 0 0 0 0 0 0 54 12 6 4 0 0 
1675844386.5336845 16.6353515625 41.083026280841906 997.178286889583 0 0 0 0 0 0 33 8 4 4 0 0 
1675844391.6605496 16.6251953125 41.16525300643092 997.185128013466 0 0 0 0 0 0 51 17 6 2 0 0 
1675844396.7895072 16.6302734375 41.11826320084156 997.2047607867092 0 0 0 0 0 0 51 17 6 2 0 0 
1675844401.9188578 16.6251953125 41.153507432569825 997.185128013466 0 0 0 0 0 0 51 17 6 2 0 0 
1675844407.0470333 16.6302734375 41.20635390925134 997.1550111643653 0 0 0 0 0 0 51 17 6 2 0 0 
1675844412.1733134 16.6302734375 41.21221817616219 997.173267373377 0 0 0 0 0 0 45 15 4 2 0 0 
1675844417.3020906 16.6302734375 41.194584093878824 997.1633769535371 0 0 0 0 0 0 45 15 4 2 0 0 
1675844422.4316063 16.6404296875 41.24158084993307 997.1464966307796 0 0 0 0 0 0 45 15 4 2 0 0 
1675844427.5593176 16.6353515625 41.15938022455315 997.173267373377 0 0 0 0 0 0 51 17 6 2 0 0 
1675844432.68394 16.6505859375 41.30033356474448 997.1245963858246 0 0 0 0 0 0 51 17 6 2 0 0 
1675844437.8147929 16.6404296875 41.1828952730023 997.1496941461727 0 0 0 0 0 0 51 17 6 2 0 0 
1675844442.9450915 16.6404296875 41.14764981318149 997.181038313027 0 0 0 0 0 0 57 19 6 2 0 0 
1675844448.071402 16.6455078125 41.036068353362296 997.1679503954078 0 0 0 0 0 0 57 19 6 2 0 0 
1675844453.196516 16.6607421875 41.088940530328244 997.1542666981185 0 0 0 0 0 0 57 19 6 2 0 0 
1675844458.3275778 16.6607421875 41.26511558899026 997.1443765364286 0 0 0 0 0 0 51 17 4 0 0 0 
1675844463.4548957 16.6607421875 41.194657359397276 997.1591371996966 0 0 0 0 0 0 51 17 4 0 0 0 
1675844468.5811505 16.6556640625 41.07718052755621 997.1592863745666 0 0 0 0 0 0 51 17 4 0 0 0 
1675844473.7125292 16.6505859375 41.00083481745565 997.1827115395458 0 0 0 0 0 0 60 20 2 0 0 0 
1675844478.8433282 16.6505859375 41.10065890283257 997.1525934727738 0 0 0 0 0 0 60 20 2 0 0 0 
1675844483.9735014 16.6404296875 41.21812440287271 997.1679503954078 0 0 0 0 0 0 54 18 2 0 0 0 
1675844489.1002638 16.6353515625 41.08890605378605 997.1630796247138 0 0 0 0 0 0 54 18 2 0 0 0 
1675844494.2284858 16.6353515625 41.153507432569825 997.1899990964808 0 0 0 0 0 0 54 18 2 0 0 0 
1675844499.3566067 16.6302734375 41.20048126609466 997.1683964278692 0 0 0 0 0 0 54 18 2 0 0 0 
1675844504.487794 16.6302734375 41.153507432569825 997.1583574798267 0 0 0 0 0 0 54 18 2 0 0 0 
1675844509.6184943 16.6353515625 41.19459227765391 997.1715942014467 0 0 0 0 0 0 54 18 2 0 0 0 
1675844514.7471397 16.6302734375 41.147611775500394 997.1632283428307 0 0 0 0 0 0 54 18 2 0 0 0 
1675844519.879196 16.6302734375 41.135866548913405 997.1533380067381 0 0 0 0 0 0 54 18 2 0 0 0 
1675844525.0078187 16.6302734375 41.112368742483056 997.1350820109358 0 0 0 0 0 0 54 18 2 0 0 0 
1675844530.1349952 16.6404296875 41.15934918579169 997.1401014411147 0 0 0 0 0 0 48 16 2 0 0 0 
1675844535.2659843 16.6302734375 41.15349975704937 997.1766137174453 0 0 0 0 0 0 48 16 2 0 0 0 
1675844540.390295 16.6201171875 41.18285524976393 997.1067874413671 0 0 0 0 0 0 48 16 2 0 0 0 
1675844545.523385 16.6251953125 41.16521384108389 997.1367551542596 0 0 0 0 0 0 48 16 2 0 0 0 
1675844550.649555 16.6404296875 41.223988749925375 997.13950602503 0 0 0 0 0 0 48 16 2 0 0 0 
1675844555.7802675 16.6302734375 41.17699853986976 997.1299138072116 0 0 0 0 0 0 60 18 8 0 0 0 
1675844560.9097967 16.6404296875 41.182871291430835 997.1080137192781 0 0 0 0 0 0 60 18 8 0 0 0 
1675844566.0402987 16.6353515625 41.07128055999939 997.1361596298276 0 0 0 0 0 0 60 18 8 0 0 0 
1675844571.1692007 16.6302734375 41.15938022455315 997.1261204458782 0 0 0 0 0 0 72 22 8 0 0 0 
1675844576.3011665 16.6302734375 41.04778253449125 997.1049654429183 0 0 0 0 0 0 72 22 8 0 0 0 
1675844581.4329581 16.6251953125 41.17111000846896 997.1417745846456 0 0 0 0 0 0 72 22 8 0 0 0 
1675844586.5611832 16.6201171875 41.11237597448108 997.1099848693669 0 0 0 0 0 0 72 22 8 0 0 0 
1675844591.6883767 16.6201171875 41.077132985607236 997.1016191589646 0 0 0 0 0 0 72 22 8 0 0 0 
1675844596.8154006 16.6150390625 41.1887116344592 997.0669304161484 0 0 0 0 0 0 72 22 8 0 0 0 
1675844601.9490325 16.609765625 41.317903407521946 997.1183505814963 0 0 0 0 0 0 66 22 10 0 0 0 
1675844607.0768318 16.6251953125 41.153507432569825 997.0947775333083 0 0 0 0 0 0 66 22 10 0 0 0 
1675844612.2066069 16.6404296875 41.11826320084156 997.0879356930013 0 0 0 0 0 0 66 22 10 0 0 0 
1675844617.3346274 16.6404296875 41.00668434867856 997.1130332274015 0 0 0 0 0 0 54 18 8 0 0 0 
1675844622.4673705 16.6404296875 41.088912970676105 997.0943297131121 0 0 0 0 0 0 54 18 8 0 0 0 
1675844627.5993042 16.6455078125 41.03605577573506 997.126418585437 0 0 0 0 0 0 54 18 8 0 0 0 
1675844632.7332337 16.6302734375 41.053668422702074 997.1195768356201 0 1 1 0 1 1 54 18 8 2 0 0 
1675844637.862895 16.6404296875 41.10653896381053 997.0742513684247 0 0 0 0 0 0 30 10 4 0 0 0 
1675844642.9951391 16.6455078125 41.14764981318149 997.0928059116965 0 0 0 0 0 0 24 8 4 0 0 0 
1675844648.1283262 16.6556640625 41.223997219657775 997.0841409700361 0 0 0 0 0 0 24 8 4 0 0 0 
1675844653.2620835 16.6455078125 41.02432192692193 997.0993493008382 0 0 0 0 0 0 24 8 4 0 0 0 
1675844658.39456 16.6404296875 41.00081719101348 997.0778966835933 0 0 0 0 0 0 51 17 4 0 0 0 
1675844663.5277493 16.6404296875 40.924465676050765 997.0894595474496 0 0 0 0 0 0 51 17 4 0 0 0 
1675844668.6612186 16.6404296875 41.08303998943918 997.0677081865796 0 0 0 0 0 0 51 17 4 0 0 0 
1675844673.7944353 16.6302734375 41.071287283719094 997.0912820300233 0 0 0 0 0 0 63 21 6 2 2 0 
1675844678.9268067 16.6251953125 41.16525300643092 997.1195768356201 0 0 0 0 0 0 63 21 6 2 2 0 
1675844684.060308 16.6302734375 41.12415064587593 997.1077152817635 0 0 0 0 0 0 63 21 6 2 2 0 
1675844689.1934078 16.6404296875 41.15351509729968 997.0993493008382 0 0 0 0 0 0 63 21 8 2 2 0 
1675844694.3266783 16.6505859375 41.13589645676282 997.0742513684247 0 0 1 0 0 1 63 21 8 2 2 0 
1675844699.4600034 16.6404296875 40.947963906139876 997.1360104801868 0 0 1 0 0 1 63 21 8 2 2 0 
1675844704.5933745 16.6302734375 41.14763463048094 997.0745503476767 0 0 1 0 0 1 57 19 8 2 2 0 
1675844709.7264383 16.6404296875 41.08891987677536 997.0742513684247 0 0 1 0 0 1 57 19 8 2 2 0 
1675844714.8602443 16.6455078125 40.99494987647104 997.0960029089516 0 0 1 0 0 1 57 19 8 2 2 0 
1675844719.9939623 16.6505859375 41.03019514519524 997.094030629237 0 0 0 0 0 0 57 19 6 2 0 0 
1675844725.1461987 16.6455078125 41.07718052755621 997.0890109608716 0 0 0 0 0 0 57 19 6 2 0 0 
1675844730.2798705 16.6708984375 41.08895424540944 997.1119871006869 0 0 0 0 0 0 63 21 6 2 0 0 
1675844735.4146335 16.6810546875 40.900996102723596 997.1017975586041 0 0 0 0 0 0 63 21 6 2 0 0 
1675844740.5493577 16.6962890625 40.8834018115241 997.1115371492847 0 0 0 0 0 0 63 21 6 2 0 0 
1675844745.6837656 16.7115234375 40.94802635662311 997.0856844998025 0 0 0 0 0 0 75 25 8 4 0 0 
1675844750.8125963 16.7115234375 40.83054981988884 997.1056141874068 0 1 1 0 1 1 75 25 8 4 0 0 
1675844755.946742 16.7166015625 40.895163545708876 997.132388371756 0 1 1 0 1 1 75 25 8 4 0 0 
1675844761.0806704 16.7166015625 40.854043466840054 997.1056141874068 0 1 1 0 1 1 75 25 6 4 0 0 
1675844766.214884 16.7064453125 40.85403942068774 997.0940513586462 0 0 0 0 0 0 75 25 6 4 0 0 
1675844771.3460767 16.7064453125 40.80703794554818 997.0893327447089 0 0 0 0 0 0 75 25 6 4 0 0 
1675844776.4789567 16.7013671875 40.854027217481544 997.1395331152011 0 0 0 0 0 0 60 20 4 2 0 0 
1675844781.612693 16.6912109375 40.93625803092949 997.0966276209869 0 0 0 0 0 0 60 20 4 2 0 0 
1675844786.7466166 16.6912109375 40.99498455954648 997.1284201576731 0 0 0 0 0 0 60 20 4 2 0 0 
1675844791.88006 16.6708984375 40.99498455954648 997.066808990236 0 0 0 0 0 0 72 24 4 2 0 0 
1675844797.013058 16.6607421875 40.96558918834418 997.0920578657315 0 0 0 0 0 0 72 24 4 2 0 0 
1675844802.1468995 16.6607421875 40.9244955284535 997.133889135073 0 0 0 0 0 0 63 21 2 0 0 0 
1675844807.2783442 16.6505859375 40.97147354635951 997.0888612171724 0 0 0 0 0 0 63 21 2 0 0 0 
1675844812.4128635 16.6556640625 40.90099141548547 997.1005738724635 0 0 0 0 0 0 63 21 2 0 0 0 
1675844817.5473304 16.6556640625 40.994961480660606 997.0824677611365 0 0 0 0 0 0 63 21 4 0 0 0 
1675844822.6813626 16.6708984375 41.05956762954865 997.0820183675146 0 0 0 0 0 0 63 21 4 0 0 0 
1675844827.81023 16.6658203125 40.90100544482566 997.0865878777414 0 0 0 0 0 0 63 21 4 0 0 0 
1675844832.9433525 16.6708984375 40.98909955880287 997.0871879809787 0 0 0 0 0 0 63 21 4 0 0 0 
1675844838.0746324 16.6708984375 40.971479049512425 997.0686323737608 0 0 0 0 0 0 63 21 4 0 0 0 
1675844843.1992674 16.6658203125 40.90686498197867 997.0353176932371 0 0 0 0 0 0 63 21 4 0 0 0 
1675844848.3305423 16.6607421875 40.98909385167652 997.0973770751592 0 0 1 0 0 1 69 23 6 2 2 2 
1675844853.464306 16.6505859375 41.0419352000162 997.0973770751592 0 0 1 0 0 1 69 23 6 2 2 2 
1675844858.5982094 16.6505859375 40.95972124765383 997.0541730336852 0 0 0 0 0 0 69 23 6 2 2 2 
1675844863.7319384 16.6607421875 40.88336616131984 997.0438339735624 0 0 1 0 0 1 90 30 10 2 2 2 
1675844868.865031 16.6404296875 40.95971585890195 997.0938809261684 0 0 1 0 0 1 90 30 10 2 2 2 
1675844873.9994986 16.6505859375 40.95971585890195 997.0239054931752 0 0 2 0 0 2 90 30 10 2 2 2 
1675844879.1333745 16.6607421875 40.98322042667758 997.0334941611941 0 0 2 0 0 2 84 28 10 2 2 2 
1675844884.2672567 16.6556640625 41.00083481745565 997.0636126272432 0 0 0 0 0 0 30 10 4 2 0 0 
1675844889.3977885 16.6607421875 40.91274817402631 997.0602661299101 0 0 0 0 0 0 36 12 4 2 0 0 
1675844894.5317369 16.6607421875 41.00084651446166 997.030297991495 0 0 0 0 0 0 36 12 4 2 0 0 
1675844899.6634784 16.6810546875 40.87750146370436 997.0348665174025 0 0 0 0 0 0 36 12 4 2 0 0 
