timestamp temperature humidity pressure pm10_standard pm25_standard pm100_standard pm10_env pm25_env pm100_env particles_03um particles_05um particles_10um particles_25um particles_50um particles_100um
1683211057.7548087 20.82890625 42.27651391802826 981.003978968551 0 0 0 0 0 0 90 26 0 0 0 0 
1683211062.9097788 20.813671875 42.22316131620675 981.0199229351467 0 0 0 0 0 0 90 28 2 2 0 0 
1683211068.065072 20.80859375 42.181662760220476 981.0257068423625 0 0 0 0 0 0 90 28 2 2 0 0 
1683211073.2190006 20.803515625 42.442378685339364 981.0041860976916 0 0 0 0 0 0 90 28 2 2 0 0 
1683211078.3746738 20.793359375 42.14606088465025 981.0039673383476 0 0 0 0 0 0 63 21 2 2 0 0 
1683211083.5324962 20.78828125 42.35939963547928 981.0140687237762 0 0 0 0 0 0 63 21 2 2 0 0 
1683211088.6875398 20.778125 42.49568469769688 980.9858142277677 0 0 0 0 0 0 63 21 2 2 0 0 
1683211093.8421915 20.783203125 42.187514824242456 980.9915966456812 0 0 0 0 0 0 75 25 2 2 0 0 
1683211098.9963553 20.778125 42.44826370668099 980.978128465467 0 0 0 0 0 0 75 25 2 2 0 0 
1683211104.15039 20.778125 42.418634155806274 980.9740293815522 0 0 0 0 0 0 75 25 2 2 0 0 
1683211109.3053308 20.76796875 42.30605158545634 980.9915966456812 0 0 0 0 0 0 48 14 6 2 0 0 
1683211114.4628322 20.76796875 42.50156759118971 980.9936458746264 0 0 0 0 0 0 48 14 6 2 0 0 
1683211119.6169572 20.762890625 42.448222537518895 980.9990619586325 0 0 0 0 0 0 54 16 8 2 0 0 
1683211124.7722595 20.74765625 42.57262920585252 981.0149439636084 0 0 0 0 0 0 54 16 8 2 0 0 
1683211129.9271903 20.7578125 42.448222537518895 981.0334621323611 0 0 0 0 0 0 54 16 8 2 0 0 
1683211135.0840437 20.7578125 42.4126549317128 981.0360988871126 0 0 0 0 0 0 54 16 8 2 0 0 
1683211140.240101 20.74765625 42.38301342294949 980.9923279752757 0 0 0 0 0 0 54 16 8 2 0 0 
1683211145.395093 20.752734375 42.276373470871235 981.0048431478579 0 0 0 0 0 0 54 16 8 2 0 0 
1683211150.5500257 20.74765625 42.48371976177114 981.0224078332252 0 0 0 0 0 0 54 16 8 2 0 0 
1683211155.7041333 20.7375 42.525196938730865 981.0085752449709 0 0 0 0 0 0 54 16 8 2 0 0 
1683211160.8554924 20.7375 42.697008942081276 981.0422443723296 0 0 0 0 0 0 54 16 8 2 0 0 
1683211166.0049496 20.72734375 42.5666433070817 981.0345566697479 0 0 0 0 0 0 48 14 8 2 0 0 
1683211171.1562972 20.7220703125 42.44813990795773 981.0265042167214 0 0 0 0 0 0 48 14 8 2 0 0 
1683211176.3074837 20.7068359375 42.67913531857092 981.0077615634572 0 0 0 0 0 0 48 14 8 2 0 0 
1683211181.4575093 20.7068359375 42.69098436141618 981.0316927380185 0 0 0 0 0 0 48 14 8 2 0 0 
1683211186.611761 20.7068359375 42.702866900332744 981.041792827754 0 0 0 0 0 0 48 14 8 2 0 0 
1683211191.7664742 20.7017578125 42.436207139055995 981.0320567468895 0 0 1 0 0 1 93 31 11 4 0 0 
1683211196.920733 20.6865234375 42.525064510775536 981.0256873627434 0 0 1 0 0 1 93 31 11 4 0 0 
1683211202.0717716 20.6763671875 42.77976174122278 981.028098234109 0 0 1 0 0 1 93 31 11 4 0 0 
1683211207.2258754 20.6662109375 42.370954164335565 981.035194965877 0 0 1 0 0 1 102 31 9 4 0 0 
1683211212.3801098 20.6662109375 42.60792947944373 981.0052596212018 0 0 1 0 0 1 102 31 9 4 0 0 
1683211217.5341718 20.6662109375 42.560535733789386 981.0018930902031 0 0 1 0 0 1 102 31 9 4 0 0 
1683211222.684993 20.6509765625 42.613821957285545 981.0261855405099 0 0 1 0 0 1 90 27 9 4 0 0 
1683211227.8363063 20.6509765625 42.50720236393398 980.9912010144196 0 0 1 0 0 1 90 27 9 4 0 0 
1683211232.987812 20.6560546875 42.54862675265716 980.9969772449199 0 0 1 0 0 1 90 27 9 4 0 0 
1683211238.1427693 20.6458984375 42.61377433531325 980.99739363665 0 0 1 0 0 1 90 27 9 4 0 0 
1683211243.2933016 20.6458984375 42.76190195119952 981.0087596283171 0 0 1 0 0 1 90 27 9 4 0 0 
1683211248.4443884 20.6357421875 42.54859646704001 980.9755124359127 0 0 1 0 0 1 90 27 9 4 0 0 
1683211253.594222 20.6357421875 42.738155111857175 981.0276907033447 0 0 1 0 0 1 96 29 9 4 0 0 
1683211258.745578 20.6255859375 42.83885385591678 981.0070764304791 0 0 1 0 0 1 96 29 9 4 0 0 
1683211263.896624 20.6306640625 42.71442672412791 981.0179544092078 0 0 1 0 0 1 96 29 9 4 0 0 
1683211269.045188 20.6205078125 42.76181398117606 981.0082181705733 0 1 1 0 1 1 102 31 13 4 0 0 
1683211274.1996794 20.6205078125 42.57223008615842 981.02841589228 0 0 0 0 0 0 96 27 2 0 0 0 
1683211279.35821 20.6255859375 42.82697038430779 981.005214504334 0 0 0 0 0 0 96 27 2 0 0 0 
1683211284.5142934 20.6255859375 42.74996722865428 981.0200001736779 0 0 0 0 0 0 96 27 2 0 0 0 
1683211289.6683216 20.6154296875 42.87431823232909 981.0267327484197 0 0 0 0 0 0 90 25 0 0 0 0 
1683211294.8247802 20.6052734375 42.78547155575704 980.9786471704163 0 0 0 0 0 0 90 25 0 0 0 0 
1683211299.9795496 20.6255859375 42.53079488273551 981.0035313750063 0 0 0 0 0 0 90 25 0 0 0 0 
1683211305.134303 20.6154296875 42.690699215600034 980.997523904445 0 0 0 0 0 0 90 25 2 0 0 0 
1683211310.2879858 20.6154296875 42.903913998412094 980.9945200864342 0 0 0 0 0 0 90 25 2 0 0 0 
1683211315.4441345 20.6052734375 42.77360737348993 981.0177211323648 0 0 0 0 0 0 90 25 2 0 0 0 
1683211320.6015677 20.6052734375 42.76174341101652 980.995478320818 0 0 1 0 0 1 96 27 4 2 2 2 
1683211325.7508745 20.6052734375 42.6491863847169 981.0008901083987 0 0 1 0 0 1 96 27 4 2 2 2 
1683211330.9010293 20.6052734375 42.83874276660744 981.0244535439102 0 0 1 0 0 1 96 27 4 2 2 2 
1683211336.05544 20.5951171875 42.83872421397377 980.9952445288383 0 0 1 0 0 1 96 27 6 2 2 2 
1683211341.2130933 20.5951171875 42.892010655364174 980.9986106511943 0 0 1 0 0 1 96 27 6 2 2 2 
1683211346.367814 20.5951171875 42.68469192520793 981.0255396401163 0 0 1 0 0 1 96 27 6 2 2 2 
1683211351.5240533 20.5900390625 42.73799872612674 981.0245801208416 0 0 1 0 0 1 117 34 6 2 2 2 
1683211356.6685736 20.5849609375 42.85641771173952 981.0296292267307 0 0 0 0 0 0 84 21 10 0 0 0 
1683211361.8185666 20.5544921875 42.74975663090221 981.037806759975 0 0 0 0 0 0 78 21 10 0 0 0 
1683211366.968875 20.5544921875 42.921467683063 981.0024641645363 0 0 0 0 0 0 78 21 10 0 0 0 
1683211372.1209414 20.5443359375 42.92138917234021 981.0274699080215 0 0 0 0 0 0 78 21 10 0 0 0 
1683211377.272216 20.5341796875 42.915467301764124 981.006313568939 0 0 0 0 0 0 57 14 6 0 0 0 
1683211382.4229474 20.523828125 42.915408509262534 981.0702637721009 0 0 0 0 0 0 57 14 6 0 0 0 
1683211387.5748124 20.513671875 42.90354566160949 981.0319175419235 0 0 0 0 0 0 57 14 6 0 0 0 
1683211392.7300918 20.513671875 42.93909511471956 981.0760326299127 0 0 0 0 0 0 63 16 8 0 0 0 
1683211397.8851357 20.50859375 42.95677951786061 981.035760948117 0 0 0 0 0 0 63 16 8 0 0 0 
1683211403.0402212 20.503515625 42.99230730214377 981.0565581808719 0 0 0 0 0 0 63 16 8 0 0 0 
1683211408.1952364 20.478125 43.12840436580439 981.0426065797166 0 0 0 0 0 0 69 18 8 0 0 0 
1683211413.3495548 20.478125 42.897487073048005 981.0486190807435 0 0 0 0 0 0 69 18 8 0 0 0 
1683211418.5085266 20.483203125 43.057333221015526 981.0594339577416 0 0 0 0 0 0 69 18 8 0 0 0 
1683211423.66337 20.46796875 42.99808324925923 981.0493375300873 0 0 0 0 0 0 48 14 6 0 0 0 
1683211428.8181033 20.46796875 43.02174531884615 981.0298630186295 0 0 0 0 0 0 48 14 6 0 0 0 
1683211433.9722085 20.46796875 42.86188350513858 981.0382765684475 0 0 0 0 0 0 48 14 6 0 0 0 
1683211439.1263742 20.462890625 43.14011197371293 981.0268566300886 0 0 0 0 0 0 78 22 4 4 0 0 
1683211444.2813056 20.452734375 43.116386410406754 981.0457250636348 0 0 0 0 0 0 78 22 4 4 0 0 
1683211449.4366186 20.442578125 43.14006725979401 981.0642832943378 0 0 0 0 0 0 93 22 4 2 0 0 
1683211454.591535 20.44765625 42.90323170719504 981.0128380936327 0 0 0 0 0 0 93 22 4 2 0 0 
1683211459.747139 20.442578125 42.9506158586743 981.0528631033894 0 0 0 0 0 0 93 22 4 2 0 0 
1683211464.9011507 20.432421875 43.05720497871154 981.0764202935969 0 0 0 0 0 0 102 24 4 2 0 0 
1683211470.0561416 20.442578125 43.09272721551158 981.0377192026358 0 0 0 0 0 0 102 24 4 2 0 0 
1683211475.2109559 20.44765625 43.069045765437686 981.0494977916214 0 0 0 0 0 0 102 24 4 2 0 0 
1683211480.3662755 20.432421875 43.282172893938835 981.0199272063207 0 0 0 0 0 0 129 31 6 2 0 0 
1683211485.5208259 20.432421875 43.134124757652 981.0562284154372 0 0 0 0 0 0 129 31 6 2 0 0 
1683211490.675696 20.422265625 43.17551985114709 981.0404770178211 0 0 0 0 0 0 129 31 6 2 0 0 
1683211495.8314047 20.432421875 43.10450198200368 981.0210021966989 0 0 0 0 0 0 123 29 6 2 0 0 
1683211500.9860651 20.422265625 43.18742846506619 981.0455248623497 0 0 0 0 0 0 123 29 6 2 0 0 
1683211506.1434562 20.422265625 42.99793819914452 981.0408351853206 0 0 0 0 0 0 123 29 6 2 0 0 
1683211511.298784 20.4171875 43.18143977235084 981.0475655906234 0 0 0 0 0 0 123 29 8 2 0 0 
1683211516.4540198 20.422265625 43.03935882601785 981.0724467104633 0 0 0 0 0 0 123 29 8 2 0 0 
1683211521.6089072 20.412109375 42.99787587303636 981.0748450099276 0 0 0 0 0 0 60 18 4 2 0 0 
1683211526.7673466 20.412109375 43.07487961775298 981.0348208959041 0 0 0 0 0 0 60 18 4 2 0 0 
1683211531.9211745 20.401953125 43.15179497008828 981.0449163399746 0 0 0 0 0 0 66 18 4 2 0 0 
1683211537.0726628 20.396875 43.216865865317594 981.0157038537554 0 0 0 0 0 0 66 18 4 2 0 0 
1683211542.2273748 20.391796875 43.15762420861632 981.0497119699036 0 0 0 0 0 0 66 18 4 2 0 0 
1683211547.374104 20.381640625 43.14578508870338 981.0467043033339 0 0 0 0 0 0 72 20 6 2 0 0 
1683211552.5251389 20.381640625 43.36475203866818 981.0753069232784 0 0 0 0 0 0 72 20 6 2 0 0 
1683211557.676303 20.371484375 43.23448319366269 981.0302366417993 0 0 0 0 0 0 72 20 6 2 0 0 
1683211562.8259592 20.36640625 43.1516141649598 981.0552192837457 0 0 0 0 0 0 66 18 4 0 0 0 
1683211567.976344 20.36640625 43.29364984449472 981.0363555383567 0 0 0 0 0 0 66 18 4 0 0 0 
1683211573.1282969 20.35625 43.21663206451325 981.0054601738132 0 0 0 0 0 0 66 18 4 0 0 0 
1683211578.2781196 20.36640625 43.19300267115856 981.0653139188925 0 0 0 0 0 0 66 18 4 0 0 0 
1683211583.4290004 20.341015625 43.293528287037 981.0344177695599 0 0 0 0 0 0 66 18 4 0 0 0 
1683211588.5805993 20.34609375 43.40600610391656 981.0583276603883 0 0 0 0 0 0 66 18 4 0 0 0 
1683211593.731591 20.34609375 43.317227346054366 981.0643445589546 0 0 0 0 0 0 66 18 4 0 0 0 
1683211598.882402 20.341015625 43.21066640207353 981.0529241453794 None None None None None None None None None None None None 
1683211604.0312707 20.341015625 43.40003647032441 981.0394649621265 0 0 0 0 0 0 54 14 2 0 0 0 
1683211609.1824355 20.341015625 43.29939808173405 981.0435425322133 0 0 0 0 0 0 54 14 2 0 0 0 
1683211614.3275857 20.3255859375 43.317178125855634 981.0970225302917 0 0 0 0 0 0 48 12 2 0 0 0 
1683211619.4765422 20.3306640625 43.27572404740348 981.0751515123246 0 0 0 0 0 0 48 12 2 0 0 0 
1683211624.6302018 20.3255859375 43.10995667247513 981.0408901818969 0 0 0 0 0 0 48 12 2 0 0 0 
1683211629.7885447 20.3154296875 43.40587787931371 981.035843151951 0 0 0 0 0 0 48 12 2 0 0 0 
1683211634.9427605 20.3103515625 43.24601205490656 981.0099942070154 0 0 0 0 0 0 48 12 2 0 0 0 
1683211640.0968852 20.2900390625 43.41761087619297 981.0443515185219 0 0 0 0 0 0 48 12 2 0 0 0 
1683211645.252529 20.3001953125 43.346569631033155 981.0648941398745 0 0 0 0 0 0 54 14 2 0 0 0 
1683211650.4017696 20.2900390625 43.44122902220042 981.0615296139761 0 0 0 0 0 0 54 14 2 0 0 0 
1683211655.5554597 20.2849609375 43.43525914689676 981.034968858828 0 0 0 0 0 0 54 14 2 0 0 0 
1683211660.7049735 20.2798828125 43.44706802703669 981.0555110122498 0 0 0 0 0 0 48 12 2 0 0 0 
1683211665.853076 20.2748046875 43.22813790423184 981.099249158789 0 0 0 0 0 0 48 12 2 0 0 0 
1683211670.9996068 20.2595703125 43.49438075728375 981.057548294622 0 0 0 0 0 0 48 12 2 0 0 0 
1683211676.149718 20.2544921875 43.5179416332813 981.0354170447271 0 0 0 0 0 0 42 10 2 0 0 0 
1683211681.300447 20.2595703125 43.48241262449203 981.045554800436 0 0 0 0 0 0 36 12 8 4 0 0 
1683211686.4493248 20.2494140625 43.494219770862436 981.0761878216036 0 0 0 0 0 0 30 10 8 4 0 0 
1683211691.6037245 20.2494140625 43.31665775377487 981.0533464130707 0 0 0 0 0 0 30 10 8 4 0 0 
1683211696.7588909 20.2291015625 43.53563798735862 981.0745056807675 0 0 0 0 0 0 30 10 8 4 0 0 
1683211701.9152386 20.2240234375 43.707134407422856 981.0409518524968 0 0 0 0 0 0 30 10 8 4 0 0 
1683211707.0736263 20.2087890625 43.68341076436463 981.0691933060683 0 0 0 0 0 0 30 10 8 4 0 0 
1683211712.2279472 20.1986328125 43.73062186287843 981.052105393746 0 0 0 0 0 0 30 10 8 4 0 0 
1683211717.3824456 20.2037109375 43.523640850851265 981.0440487902739 0 0 0 0 0 0 30 10 6 4 0 0 
1683211722.535868 20.1935546875 43.718849097892395 981.0864523523379 0 0 0 0 0 0 30 10 6 4 0 0 
1683211727.6909213 20.1935546875 43.61818947766808 981.0669744949232 0 0 0 0 0 0 30 10 6 4 0 0 
1683211732.845404 20.1783203125 43.67729108348661 981.0871582323318 0 0 0 0 0 0 24 8 4 4 0 0 
1683211737.9990222 20.1681640625 43.54117008454758 981.0596232976509 0 0 0 0 0 0 24 8 4 4 0 0 
1683211743.1534367 20.1630859375 43.73635909975006 981.0902506035048 0 0 0 0 0 0 24 8 4 4 0 0 
1683211748.3026714 20.1529296875 43.79542191846775 981.108751776159 0 0 0 0 0 0 24 8 4 4 0 0 
1683211753.4548035 20.1580078125 43.6357083673208 981.0425326496294 0 0 0 0 0 0 24 8 4 4 0 0 
1683211758.6132224 20.1580078125 43.73035433823703 981.0462487754197 0 0 0 0 0 0 24 8 4 4 0 0 
1683211763.7601173 20.1529296875 43.671259081938906 981.0670561830136 0 0 0 0 0 0 126 36 8 2 0 0 
1683211768.9076252 20.1529296875 43.576553300679016 981.0748405468336 0 0 0 0 0 0 117 36 8 2 0 0 
1683211774.0642018 20.1529296875 43.56469428639547 981.073158677368 0 0 0 0 0 0 117 36 8 2 0 0 
1683211779.2135189 20.1375 43.91954250791179 981.0456233779279 0 0 0 0 0 0 117 36 8 2 0 0 
1683211784.3643656 20.1375 43.8781704424292 981.0721807976146 0 0 0 0 0 0 117 36 4 2 0 0 
1683211789.5181158 20.132421875 43.62373454461371 981.0436669273275 0 0 0 0 0 0 117 36 4 2 0 0 
1683211794.6732233 20.122265625 43.81304442436527 981.0950993883131 0 0 0 0 0 0 117 36 4 2 0 0 
1683211799.8284767 20.132421875 43.80121465237958 981.0893509188983 0 0 0 0 0 0 117 36 4 2 0 0 
1683211804.9829352 20.122265625 43.78932382667401 981.0719056759949 0 0 0 0 0 0 117 36 4 2 0 0 
1683211810.1376958 20.132421875 43.87219266827998 981.0846570574375 0 0 0 0 0 0 117 36 4 2 0 0 
1683211815.2926366 20.12734375 43.76566462050329 981.054736148069 0 0 0 0 0 0 111 34 2 0 0 0 
1683211820.4475267 20.122265625 43.84853349391685 981.0950993883131 0 0 0 0 0 0 111 34 2 0 0 0 
1683211825.6029017 20.112109375 43.87804438684876 981.0789841809454 0 0 0 0 0 0 111 34 2 0 0 0 
1683211830.757348 20.112109375 43.75380484067463 981.0702238880434 0 0 0 0 0 0 111 34 4 0 0 0 
1683211835.9124548 20.1171875 43.89575647717566 981.0887235593519 0 0 0 0 0 0 111 34 4 0 0 0 
1683211841.0673048 20.1171875 43.6828268049274 981.0776536628656 0 0 0 0 0 0 111 34 4 0 0 0 
1683211846.2211673 20.101953125 43.724201052313276 981.1008472581451 0 0 0 0 0 0 63 15 2 2 0 0 
1683211851.3757977 20.112109375 43.90163917718495 981.079686557652 0 0 0 0 0 0 63 15 2 2 0 0 
1683211856.5334425 20.096875 43.913338882279085 981.1002183957073 0 0 0 0 0 0 57 15 2 2 0 0 
1683211861.6890786 20.091796875 43.83651622273352 981.0756941817149 0 0 0 0 0 0 57 15 2 2 0 0 
1683211866.8443496 20.071484375 43.913338882279085 981.0773758885024 0 0 0 0 0 0 57 15 2 2 0 0 
1683211871.9988537 20.08671875 43.72411048114949 981.0925112527345 0 0 0 0 0 0 36 8 0 0 0 0 
1683211877.1536243 20.08671875 43.96065179766244 981.0938422631331 0 0 0 0 0 0 36 8 0 0 0 0 
1683211882.3084502 20.06640625 43.741794012373305 981.1076466226236 0 0 0 0 0 0 36 8 0 0 0 0 
1683211887.4636598 20.081640625 43.777280139253456 981.1291584210362 0 0 0 0 0 0 42 10 0 0 0 0 
1683211892.618569 20.08671875 43.82459440026686 981.0881673051276 0 0 0 0 0 0 42 10 0 0 0 0 
1683211897.7776573 20.061328125 43.871876455482266 981.1332225277193 0 0 0 0 0 0 42 10 0 0 0 0 
1683211902.932647 20.05625 43.94274765998628 981.112411191448 0 0 0 0 0 0 48 14 2 0 0 0 
1683211908.0875506 20.041015625 43.88357777173525 981.0892584149827 0 0 0 0 0 0 48 14 2 0 0 0 
1683211913.2425406 20.04609375 44.07869358735888 981.1198774237273 0 0 0 0 0 0 48 14 2 0 0 0 
1683211918.3975263 20.041015625 43.960423676646215 981.1114693590453 0 0 0 0 0 0 54 16 2 0 0 0 
1683211923.5541782 20.041015625 44.02550600335491 981.116514197645 0 0 0 0 0 0 54 16 2 0 0 0 
1683211928.7090683 20.0359375 43.960423676646215 981.1306660932602 0 0 0 0 0 0 90 25 8 0 0 0 
1683211933.8628023 20.04609375 44.08450477066646 981.1114693590453 0 0 0 0 0 0 90 25 8 0 0 0 
1683211939.0185652 20.0359375 43.94846641078999 981.1377417160988 0 0 0 0 0 0 90 25 8 0 0 0 
1683211944.171936 20.030859375 43.930726323144135 981.1175628432275 0 0 0 0 0 0 84 23 8 0 0 0 
1683211949.3207393 20.02578125 43.9544449346437 981.1091549824987 0 0 0 0 0 0 84 23 8 0 0 0 
1683211954.4711764 20.02578125 43.98388040519541 981.0913566789131 0 0 0 0 0 0 84 23 8 0 0 0 
1683211959.62203 20.02578125 44.025372467540116 981.1474819610443 0 0 0 0 0 0 105 26 8 0 0 0 
1683211964.7753456 20.02578125 44.06662957848681 981.134378569922 0 0 0 0 0 0 105 26 8 0 0 0 
1683211969.925757 20.0359375 44.01347932269407 981.1226075605026 0 0 0 0 0 0 105 26 8 0 0 0 
1683211975.080524 20.030859375 44.01939248394896 981.1078228216735 0 0 0 0 0 0 96 26 10 0 0 0 
1683211980.2314956 20.02578125 43.90115930515292 981.1192444155827 0 0 0 0 0 0 96 26 10 0 0 0 
1683211985.3831177 20.0359375 43.995772859633085 981.1235902537765 0 0 0 0 0 0 96 26 10 0 0 0 
1683211990.5336835 20.04609375 43.95441234911977 981.0828819521857 0 0 0 0 0 0 90 24 8 0 0 0 
1683211995.6834373 20.04609375 44.13187910740897 981.0839314107876 0 0 0 0 0 0 90 24 8 0 0 0 
1683212000.835138 20.04609375 43.81846336220001 981.1387246539073 0 0 0 0 0 0 90 24 8 0 0 0 
1683212005.985785 20.041015625 43.98391336248705 981.0990655519288 0 0 0 0 0 0 84 24 8 0 0 0 
1683212011.135632 20.02578125 44.16134025833129 981.1427864358878 0 1 1 0 1 1 78 26 7 4 0 0 
1683212016.2902517 20.010546875 44.0606827737667 981.1371073571823 0 1 1 0 1 1 78 26 7 4 0 0 
1683212021.4461873 20.015625 43.84202449949006 981.1283506660666 0 1 1 0 1 1 78 26 7 4 0 0 
1683212026.6002665 20.015625 44.06673130140901 981.1350768491802 0 1 1 0 1 1 78 26 7 4 0 0 
1683212031.7542582 20.015625 44.13163660270158 981.1202920362977 0 1 1 0 1 1 78 26 7 4 0 0 
1683212036.9104846 20.015625 44.08433421426173 981.1441822859907 0 1 1 0 1 1 78 26 7 4 0 0 
1683212042.06521 20.00546875 43.948368760834875 981.1354258247798 0 1 1 0 1 1 78 26 7 4 0 0 
1683212047.2236278 20.000390625 44.090178614939205 981.1394864586076 0 1 1 0 1 1 78 26 7 4 0 0 
1683212052.3781507 19.9953125 43.924586840022755 981.1263831464452 0 1 1 0 1 1 78 26 7 4 0 0 
1683212057.5330029 19.9953125 44.04284304791722 981.1169914922092 0 1 1 0 1 1 78 26 7 4 0 0 
1683212062.686985 19.9953125 43.942292986063904 981.1156585241563 0 1 1 0 1 1 78 26 7 4 0 0 
1683212067.8453956 19.98515625 43.9186739218901 981.134502717437 0 1 1 0 1 1 78 26 7 4 0 0 
1683212072.999987 19.975 44.13139356969941 981.114673764513 0 1 1 0 1 1 84 28 7 4 0 0 
1683212078.1544318 19.990234375 43.94222786013311 981.1348508454108 0 1 1 0 1 1 84 28 7 4 0 0 
1683212083.3045423 19.98515625 44.001320874794175 981.1251104036497 0 1 1 0 1 1 84 28 7 4 0 0 
1683212088.4565108 19.98515625 43.93040248248453 981.1580428475592 0 0 0 0 0 0 51 17 0 0 0 0 
1683212093.610884 19.980078125 43.954020481833 981.1667979107275 0 1 1 0 1 1 120 38 22 0 0 0 
1683212098.765606 19.9544921875 43.989396406782824 981.1080068021646 0 1 1 0 1 1 126 38 22 0 0 0 
1683212103.9197516 19.959765625 44.23763296293782 981.1328795249226 0 1 1 0 1 1 126 38 22 0 0 0 
1683212109.0750995 19.9544921875 43.98933006531981 981.1167612121233 0 1 1 0 1 1 126 38 22 0 0 0 
1683212114.2323716 19.9544921875 44.11949972092689 981.1530559637994 0 1 1 0 1 1 120 36 22 0 0 0 
1683212119.3817062 19.96484375 44.14899044290314 981.1493456410168 0 1 1 0 1 1 120 36 22 0 0 0 
1683212124.53054 19.959765625 44.12541188292563 981.144301490124 0 1 1 0 1 1 120 36 22 0 0 0 
1683212129.674538 19.959765625 44.1549024178516 981.1988000680328 0 1 1 0 1 1 120 36 22 0 0 0 
1683212134.8255124 19.9494140625 44.17260300075387 981.1668542660886 0 1 1 0 1 1 120 36 22 0 0 0 
1683212139.974709 19.9544921875 44.18439129564688 981.1574606329012 0 1 1 0 1 1 120 36 22 0 0 0 
1683212145.127664 19.9544921875 44.2908383723568 981.2088882212511 0 1 1 0 1 1 126 36 22 0 0 0 
1683212150.2861006 19.9392578125 44.332219782977 981.155779303121 0 1 1 0 1 1 126 36 22 0 0 0 
1683212155.4408891 19.9392578125 44.249347906104944 981.1695769392796 0 1 1 0 1 1 126 36 22 0 0 0 
1683212160.5958204 19.9138671875 44.17833796374158 981.179023652718 0 1 1 0 1 1 132 38 22 0 0 0 
1683212165.7522593 19.9138671875 44.07189472334634 981.1679477816377 0 1 1 0 1 1 132 38 22 0 0 0 
1683212170.902375 19.8935546875 44.184106126029384 981.194501512672 0 1 1 0 1 1 132 38 22 0 0 0 
1683212176.0539792 19.8935546875 44.083544860548564 981.17704651654 0 0 2 0 0 2 90 30 12 4 2 2 
1683212181.2075825 19.8935546875 44.367311921355444 981.1925234773682 0 0 2 0 0 2 90 30 12 4 2 2 
1683212186.3624055 19.8884765625 44.31396566582435 981.2066645264262 0 1 2 0 1 2 111 37 14 4 2 2 
1683212191.5173914 19.8732421875 44.27255411302327 981.1657077661329 0 1 2 0 1 2 111 37 14 4 2 2 
1683212196.6723604 19.8630859375 44.28426518362806 981.1626909637677 0 1 2 0 1 2 111 37 14 4 2 2 
1683212201.8268409 19.8580078125 44.44388224569061 981.2010114311947 0 0 2 0 0 2 117 39 14 2 2 2 
1683212206.9822354 19.8580078125 44.33151115295052 981.1862265454084 0 0 2 0 0 2 117 39 14 2 2 2 
1683212212.1361198 19.8478515625 44.34924201297009 981.1828643186223 0 0 2 0 0 2 117 39 14 2 2 2 
1683212217.2916436 19.8529296875 44.307869862699725 981.1855359158309 0 0 2 0 0 2 117 39 12 2 2 2 
1683212222.450181 19.8580078125 44.44388224569061 981.2131243697481 0 0 2 0 0 2 117 39 12 2 2 2 
1683212227.605164 19.8630859375 44.272444259201905 981.1862265454084 0 0 2 0 0 2 117 39 12 2 2 2 
1683212232.7591193 19.8376953125 44.32552631275099 981.1681234307558 0 1 2 0 1 2 159 51 10 2 2 2 
1683212237.9142509 19.8376953125 44.31954169065166 981.1866147795965 0 1 2 0 1 2 159 51 10 2 2 2 
1683212243.0691457 19.8427734375 44.372769571562195 981.17484755663 0 1 2 0 1 2 159 51 10 2 2 2 
1683212248.2217398 19.8427734375 44.39637148834812 981.1529941516214 0 1 3 0 1 3 171 55 12 4 2 2 
1683212253.3763137 19.8224609375 44.32541443236666 981.1469595882106 0 1 3 0 1 3 171 55 12 4 2 2 
1683212258.5288024 19.8123046875 44.45531489968 981.1627774988893 0 1 1 0 1 1 105 33 19 0 0 0 
1683212263.6840096 19.8072265625 44.467133966782725 981.1745443385681 0 1 1 0 1 1 105 33 19 0 0 0 
1683212268.8390517 19.7970703125 44.396142614687584 981.1890240473961 0 1 1 0 1 1 105 33 19 0 0 0 
1683212273.9940207 19.7919921875 44.449250195785915 981.1755765516142 0 1 1 0 1 1 105 33 19 0 0 0 
1683212279.151859 19.7919921875 44.43743161008633 981.1977724109245 0 1 1 0 1 1 105 33 19 0 0 0 
1683212284.3070693 19.7970703125 44.644250939694 981.1826440972864 0 0 0 0 0 0 63 19 10 0 0 0 
1683212289.4620395 19.7818359375 44.56735344084872 981.1782886775999 0 0 0 0 0 0 63 19 10 0 0 0 
1683212294.6170213 19.7818359375 44.508263509776654 981.1584616031083 0 0 0 0 0 0 63 19 10 0 0 0 
1683212299.7718706 19.7818359375 44.555455408315616 981.1665224064973 0 0 0 0 0 0 48 14 6 0 0 0 
1683212304.9267423 19.7716796875 44.567313246356555 981.1571242996112 0 0 0 0 0 0 48 14 6 0 0 0 
1683212310.0817306 19.761328125 44.50810538155489 981.1931088049871 0 0 0 0 0 0 48 14 6 0 0 0 
1683212315.2379596 19.761328125 44.56715236058521 981.2078934368361 0 0 0 0 0 0 60 16 6 0 0 0 
1683212320.3939543 19.74609375 44.59669524524115 981.1652207763893 0 0 0 0 0 0 60 16 6 0 0 0 
1683212325.5459127 19.761328125 44.64388105583443 981.1269053579033 0 0 0 0 0 0 60 16 6 0 0 0 
1683212330.6963074 19.741015625 44.63801379058324 981.212283601172 0 0 0 0 0 0 60 16 6 0 0 0 
1683212335.8437204 19.751171875 44.620247639453325 981.1816859701933 0 0 0 0 0 0 60 16 6 0 0 0 
1683212340.9930022 19.741015625 44.67928931368934 981.2038795213062 0 0 0 0 0 0 57 15 2 0 0 0 
1683212346.145384 19.730859375 44.63789053783214 981.1733150732708 0 0 0 0 0 0 57 15 2 0 0 0 
1683212351.2955198 19.741015625 44.59058398185966 981.130953153338 0 0 0 0 0 0 57 15 2 0 0 0 
1683212356.4459987 19.7359375 44.5787270788211 981.1504696801189 0 0 0 0 0 0 69 19 6 0 0 0 
1683212361.5960577 19.7359375 44.76196064877887 981.1813763472026 0 0 0 0 0 0 69 19 6 0 0 0 
1683212366.7458208 19.730859375 44.64375756717369 981.1531459549624 0 0 0 0 0 0 69 19 6 0 0 0 
1683212371.8962169 19.741015625 44.64375756717369 981.173657560138 0 0 0 0 0 0 57 15 6 0 0 0 
1683212377.041935 19.741015625 44.47832590898773 981.1712917034067 0 0 0 0 0 0 57 15 6 0 0 0 
1683212382.1929626 19.741015625 44.69102227944452 981.1749958335834 0 0 0 0 0 0 57 15 6 0 0 0 
1683212387.343727 19.741015625 44.708788297518495 981.1780147989916 0 0 0 0 0 0 36 10 6 0 0 0 
1683212392.494753 19.741015625 44.54922617492229 981.208268742937 0 0 0 0 0 0 36 10 6 0 0 0 
1683212397.6420581 19.720703125 44.76773916897844 981.1908072730907 0 0 0 0 0 0 36 10 6 0 0 0 
1683212402.7909384 19.710546875 44.7972779233641 981.1672770056408 0 0 0 0 0 0 30 8 4 0 0 0 
1683212407.9379015 19.720703125 44.75592359548811 981.1827458052951 0 0 0 0 0 0 30 8 4 0 0 0 
1683212413.08764 19.72578125 44.53134006568639 981.1908072730907 0 0 0 0 0 0 30 8 4 0 0 0 
1683212418.2420442 19.710546875 44.65532413255168 981.2146794975074 0 0 0 0 0 0 24 6 4 0 0 0 
1683212423.3911765 19.715625 44.76761124258374 981.1666229538084 0 0 1 0 0 1 204 61 2 2 2 0 
1683212428.542382 19.710546875 44.761703664516915 981.2079566128439 0 0 1 0 0 1 90 28 2 2 2 0 
1683212433.6932776 19.720703125 44.6377656060232 981.1958494750376 0 0 1 0 0 1 90 28 2 2 2 0 
1683212438.842951 19.715625 44.625949581620546 981.1938265259065 0 0 1 0 0 1 90 28 2 2 2 0 
1683212443.9926987 19.730859375 44.543277844939006 981.1988687689184 0 0 1 0 0 1 84 26 2 2 2 0 
1683212449.1433756 19.720703125 44.67333960215235 981.2049071924935 0 0 1 0 0 1 84 26 2 2 2 0 
1683212454.2949486 19.720703125 44.667305487689724 981.1901226795351 0 0 1 0 0 1 84 26 2 2 2 0 
1683212459.4445841 19.741015625 44.63789053783214 981.175991346808 0 0 0 0 0 0 69 21 0 0 0 0 
1683212464.594728 19.7359375 44.578807944067215 981.1830571214128 0 0 0 0 0 0 69 21 0 0 0 0 
1683212469.7438855 19.74609375 44.54339790516427 981.2012031673794 0 0 0 0 0 0 69 21 0 0 0 0 
1683212474.8989751 19.74609375 44.45473116120127 981.1823717642285 0 0 0 0 0 0 69 21 0 0 0 0 
1683212480.053345 19.74609375 44.63784943202164 981.1961608020094 0 0 0 0 0 0 69 21 0 0 0 0 
1683212485.2068133 19.730859375 44.76782603796599 981.2005495167283 0 0 0 0 0 0 69 21 0 0 0 0 
1683212490.3652365 19.72578125 44.82686138575727 981.1840843381383 0 0 0 0 0 0 69 21 0 0 0 0 
1683212495.519433 19.720703125 44.7972779233641 981.1901226795351 0 0 0 0 0 0 69 21 0 0 0 0 
1683212500.6731203 19.715625 44.73815786630036 981.1706384715822 0 0 0 0 0 0 69 21 0 0 0 0 
1683212505.8184485 19.715625 44.714612390910276 981.1773614043024 0 0 0 0 0 0 42 14 0 0 0 0 
1683212510.969505 19.710546875 44.61413351622585 981.1709807671439 0 0 0 0 0 0 36 12 0 0 0 0 
1683212516.1196659 19.715625 44.5904606667548 981.1945108468645 0 0 0 0 0 0 36 12 0 0 0 0 
1683212521.2707243 19.715625 44.72039244121795 981.1911494060673 0 0 0 0 0 0 36 12 0 0 0 0 
1683212526.4218373 19.715625 44.67903813072987 981.2223992446081 0 0 0 0 0 0 42 12 2 0 0 0 
1683212531.5739717 19.710546875 44.72030821025161 981.2230831049069 0 0 0 0 0 0 42 12 2 0 0 0 
1683212536.7279272 19.700390625 44.619877749387754 981.1780457778383 0 0 0 0 0 0 42 12 2 0 0 0 
1683212541.8827546 19.690234375 44.755796076202785 981.2140239915917 0 0 0 0 0 0 63 19 2 0 0 0 
1683212547.037765 19.6953125 44.7202660785987 981.2110041777187 0 0 0 0 0 0 63 19 2 0 0 0 
1683212552.191561 19.690234375 44.79697690275286 981.1979003911096 0 0 0 0 0 0 63 19 2 0 0 0 
1683212557.3418908 19.68515625 44.72018178295336 981.1848280858966 0 0 0 0 0 0 69 21 6 0 0 0 
1683212562.4902725 19.680078125 44.81461209755971 981.2016343354323 0 0 0 0 0 0 69 21 6 0 0 0 
1683212567.640562 19.675 44.661065950096074 981.2184405919434 0 0 0 0 0 0 69 21 6 0 0 0 
1683212572.7918293 19.669921875 44.76739781633203 981.1814668368264 0 0 0 0 0 0 69 21 6 0 0 0 
1683212577.9433746 19.680078125 44.70828292809137 981.1939136163637 0 0 0 0 0 0 69 21 6 0 0 0 
1683212583.0975454 19.680078125 44.91503104279509 981.210037462816 0 0 0 0 0 0 69 21 6 0 0 0 
1683212588.252665 19.669921875 44.61967275101072 981.2117180885019 0 0 0 0 0 0 72 24 8 2 0 0 
1683212593.407544 19.680078125 44.77925510572528 981.1864773552808 0 0 0 0 0 0 72 24 8 2 0 0 
1683212598.5625231 19.680078125 44.78511947128515 981.1999224675743 0 1 1 0 1 1 78 26 10 2 0 0 
1683212603.7166944 19.669921875 44.95637915959044 981.2090389998967 0 1 1 0 1 1 78 26 10 2 0 0 
1683212608.8719382 19.669921875 44.731827266007194 981.1922330185422 0 1 1 0 1 1 78 26 10 2 0 0 
1683212614.0269146 19.669921875 44.8441037784144 981.1955942142549 0 0 0 0 0 0 72 24 10 0 0 0 
1683212619.1818883 19.659765625 44.731869598044746 981.1875323192123 0 0 0 0 0 0 72 24 10 0 0 0 
1683212624.33661 19.659765625 44.76127722103438 981.1828315926293 0 0 0 0 0 0 72 24 10 0 0 0 
1683212629.4908597 19.649609375 44.820345755546946 981.1710676024398 0 0 0 0 0 0 87 29 10 0 0 0 
1683212634.6458309 19.659765625 44.83215933951012 981.1710676024398 0 0 0 0 0 0 87 29 10 0 0 0 
1683212639.8003695 19.6546875 44.72583560856951 981.1929150155121 0 0 0 0 0 0 87 29 10 0 0 0 
1683212644.9542704 19.669921875 44.90903540374474 981.1996372988287 0 0 0 0 0 0 75 25 10 0 0 0 
1683212650.108799 19.659765625 44.68448659454885 981.1559424772179 0 0 0 0 0 0 75 25 10 0 0 0 
1683212655.2666507 19.659765625 44.72592016927866 981.1858517352184 0 0 0 0 0 0 75 25 10 0 0 0 
1683212660.4216108 19.659765625 44.75545555046715 981.1710676024398 0 0 0 0 0 0 81 27 8 0 0 0 
1683212665.576703 19.659765625 44.89713331879406 981.1908934874099 0 0 0 0 0 0 81 27 8 0 0 0 
1683212670.7313247 19.66484375 44.90308430393592 981.1680475009697 0 0 0 0 0 0 135 43 4 0 0 0 
1683212675.8862813 19.659765625 44.83211582167412 981.1727481722577 0 0 0 0 0 0 135 43 4 0 0 0 
1683212681.0419471 19.6546875 44.855786384497144 981.1824905674393 0 0 0 0 0 0 135 43 4 0 0 0 
1683212686.1968615 19.6546875 44.81443894819794 981.1969576631286 0 0 0 0 0 0 114 36 4 0 0 0 
1683212691.351728 19.649609375 44.84388556464887 981.2036798386155 0 0 0 0 0 0 114 36 4 0 0 0 
1683212696.5055468 19.6546875 44.920670831149415 981.208721470963 0 0 0 0 0 0 114 36 4 0 0 0 
1683212701.6644886 19.629296875 44.81439563390858 981.2272074616076 0 0 0 0 0 0 99 31 4 0 0 0 
1683212706.8193593 19.64453125 44.9679224423063 981.2339296421163 0 0 0 0 0 0 99 31 4 0 0 0 
1683212711.97482 19.64453125 44.82612217035036 981.2305685517224 0 0 0 0 0 0 99 31 4 0 0 0 
1683212717.1297703 19.62421875 44.82603519491895 981.2114231304759 0 0 0 0 0 0 87 29 4 0 0 0 
1683212722.2865515 19.629296875 44.92053712752381 981.2134437740428 0 0 0 0 0 0 87 29 4 0 0 0 
1683212727.4408703 19.619140625 44.861473726958764 981.1986595180383 0 0 0 0 0 0 87 29 4 0 0 0 
1683212732.591067 19.619140625 44.87315431668301 981.1952985661972 0 0 0 0 0 0 81 27 4 0 0 0 
1683212737.743761 19.6140625 44.778697312259226 981.2040409491948 0 0 0 0 0 0 81 27 4 0 0 0 
1683212742.898218 19.6140625 44.926398753961074 981.1952985661972 0 0 0 0 0 0 81 27 4 0 0 0 
1683212748.0520372 19.60390625 44.825817567698614 981.187576355374 0 0 0 0 0 0 24 8 0 0 0 0 
1683212753.1962335 19.608984375 44.99699949067186 981.1879162754317 0 0 0 0 0 0 42 12 4 0 0 0 
1683212758.3445845 19.598828125 44.83758608072347 981.2094221905396 0 0 0 0 0 0 42 12 4 0 0 0 
1683212763.4982648 19.608984375 44.78460370612453 981.1848952438663 0 0 0 0 0 0 42 12 4 0 0 0 
1683212768.6483 19.60390625 44.920314072562576 981.186575665071 0 0 0 0 0 0 48 12 6 0 0 0 
1683212773.8031633 19.59375 44.92608585119262 981.208760686269 0 0 0 0 0 0 48 12 6 0 0 0 
1683212778.9570482 19.598828125 45.0028139261628 981.1976767684388 0 0 0 0 0 0 48 12 6 0 0 0 
1683212784.1154544 19.58359375 45.0619150664655 981.2006981419466 0 0 0 0 0 0 48 12 6 0 0 0 
1683212789.2700994 19.58359375 45.126827899751746 981.1943160065516 0 0 0 0 0 0 48 12 6 0 0 0 
1683212794.424221 19.578515625 44.83741119901093 981.1902761959125 0 0 0 0 0 0 48 12 6 0 0 0 
1683212799.5765827 19.58359375 45.026481880469404 981.2010375306049 0 0 0 0 0 0 60 16 6 0 0 0 
1683212804.7276042 19.588671875 44.91418513260975 981.1966749186654 0 0 0 0 0 0 60 16 6 0 0 0 
1683212809.87678 19.578515625 45.00858231128013 981.1815517368632 0 0 0 0 0 0 60 16 6 0 0 0 
1683212815.0302944 19.5734375 45.10315974919129 981.2043982930498 0 0 0 0 0 0 54 14 6 0 0 0 
1683212820.1839833 19.5734375 45.032295496942474 981.1781910305631 0 0 0 0 0 0 54 14 6 0 0 0 
1683212825.3384075 19.5630859375 45.14449654861597 981.1738284456695 0 0 0 0 0 0 54 14 6 0 0 0 
1683212830.49548 19.5734375 44.99086630193858 981.2161609638039 0 0 0 0 0 0 66 18 6 0 0 0 
1683212835.6506424 19.5681640625 44.937807533201436 981.191633857437 0 0 0 0 0 0 81 22 6 0 0 0 
1683212840.805285 19.5734375 45.0618224479375 981.2030571777683 0 0 0 0 0 0 69 18 6 0 0 0 
1683212845.9592612 19.5681640625 45.09720771870241 981.1832320901179 0 0 0 0 0 0 69 18 6 0 0 0 
1683212851.11426 19.578515625 44.94371310774583 981.1959963874604 0 0 0 0 0 0 69 18 6 0 0 0 
1683212856.2589278 19.578515625 44.931946770551754 981.1657495417727 0 0 0 0 0 0 90 22 6 0 0 0 
1683212861.4088545 19.58359375 45.15049641835936 981.2222039572824 0 0 0 0 0 0 90 22 6 0 0 0 
1683212866.5572217 19.578515625 45.00285955163438 981.2010375306049 0 0 0 0 0 0 90 22 6 0 0 0 
1683212871.7076914 19.578515625 44.87284553728001 981.2228824914832 0 0 0 0 0 0 90 22 6 0 0 0 
1683212876.8638136 19.58359375 45.08553698562526 981.1842337225639 0 0 0 0 0 0 90 22 6 0 0 0 
1683212882.0190337 19.5734375 44.92604110768014 981.2047375454775 0 0 0 0 0 0 90 22 6 0 0 0 
1683212887.1753147 19.588671875 45.16830742975282 981.1812124038937 0 0 0 0 0 0 84 20 6 0 0 0 
1683212892.3303819 19.588671875 44.97923705892925 981.2171627301295 0 0 0 0 0 0 84 20 6 0 0 0 
1683212897.484371 19.588671875 44.931946770551754 981.1892748642441 0 0 0 0 0 0 84 20 6 0 0 0 
1683212902.6390126 19.5734375 44.979146339942574 981.198016075059 0 0 0 0 0 0 78 18 6 0 0 0 
1683212907.7926838 19.5681640625 45.07354022364682 981.1963357076288 0 0 0 0 0 0 78 18 6 0 0 0 
1683212912.946094 19.5630859375 44.92000134288783 981.2020550417844 0 0 0 0 0 0 78 18 6 0 0 0 
1683212918.092434 19.5630859375 45.04406018615075 981.2336427201814 0 0 0 0 0 0 117 32 4 0 0 0 
1683212923.238316 19.5681640625 45.12087558182176 981.2168391698541 0 0 0 0 0 0 117 32 4 0 0 0 
1683212928.3842952 19.5681640625 45.050011698263724 981.1845882765347 0 0 0 0 0 0 105 30 2 0 0 0 
1683212933.5351343 19.5681640625 44.9909573354102 981.219521727504 0 0 0 0 0 0 105 30 2 0 0 0 
1683212938.6802442 19.5734375 45.01457920344854 981.2070960636235 0 0 0 0 0 0 105 30 2 0 0 0 
1683212943.831944 19.578515625 44.93190194841563 981.2480882302169 0 0 0 0 0 0 105 30 2 0 0 0 
1683212948.9858284 19.578515625 45.10906503697619 981.2245628735773 0 0 0 0 0 0 105 30 2 0 0 0 
1683212954.1421573 19.5734375 45.00272264288255 981.2218802342202 0 0 0 0 0 0 105 30 2 0 0 0 
1683212959.2905672 19.5734375 44.979146339942574 981.2235605891483 0 0 0 0 0 0 111 32 2 0 0 0 
1683212964.440848 19.58359375 44.9967716486267 981.2548097631958 0 0 0 0 0 0 111 32 2 0 0 0 
1683212969.592649 19.5734375 45.02639007601924 981.2333038072032 0 0 0 0 0 0 111 32 2 0 0 0 
1683212974.7437832 19.578515625 45.08553698562526 981.206078674377 0 0 0 0 0 0 117 34 4 2 0 0 
1683212979.8947217 19.578515625 45.120969557108445 981.2067570430046 0 0 0 0 0 0 117 34 4 2 0 0 
1683212985.048254 19.5734375 45.115017239715506 981.2128002003827 0 0 0 0 0 0 117 34 4 2 0 0 
1683212990.2033067 19.5681640625 44.99091182406392 981.2450663914183 0 0 0 0 0 0 48 16 4 2 0 0 
1683212995.3583717 19.5681640625 45.15630697056461 981.2554873460316 0 0 0 0 0 0 48 16 4 2 0 0 
1683213000.5122247 19.5734375 45.109018168838745 981.2319623648349 0 0 0 0 0 0 51 12 0 0 0 0 
1683213005.6688373 19.5734375 45.0794454269618 981.2282627007285 0 0 0 0 0 0 51 12 0 0 0 0 
1683213010.8237796 19.578515625 44.92009074811979 981.2403641422649 0 0 0 0 0 0 63 16 2 0 0 0 
1683213015.9808679 19.5681640625 45.132591795954276 981.2007136669954 0 0 0 0 0 0 63 16 2 0 0 0 
1683213021.1355755 19.5630859375 44.884568310351725 981.201052523556 0 0 0 0 0 0 63 16 2 0 0 0 
1683213026.2910893 19.5630859375 44.9317225520788 981.2632241649615 0 0 0 0 0 0 63 16 2 0 0 0 
1683213031.4473321 19.5630859375 44.97315020042857 981.2339815240312 0 0 0 0 0 0 63 16 2 0 0 0 
1683213036.6025198 19.5580078125 44.93167767604652 981.2306208405039 0 0 0 0 0 0 63 16 2 0 0 0 
1683213041.7564082 19.5529296875 45.01444182297539 981.1997109712352 0 0 0 0 0 0 63 16 2 0 0 0 
1683213046.9141102 19.5529296875 45.203308373405505 981.2118116280499 0 0 0 0 0 0 63 16 2 0 0 0 
1683213052.0691793 19.5580078125 45.085117420526196 981.2349972808329 0 0 0 0 0 0 63 16 2 0 0 0 
1683213057.2240562 19.5376953125 45.0555930487133 981.2454173752951 0 0 0 0 0 0 84 23 6 0 0 0 
1683213062.3791354 19.5427734375 45.16183203507487 981.2575174755399 0 0 0 0 0 0 84 23 6 0 0 0 
1683213067.5341823 19.5376953125 45.16773667776642 981.1990463404455 0 0 0 0 0 0 84 23 6 0 0 0 
1683213072.688997 19.5376953125 45.191403039421985 981.2591977505743 0 0 0 0 0 0 117 32 6 0 0 0 
1683213077.8439586 19.5376953125 45.18545054440391 981.2410528375174 None None None None None None None None None None None None 
1683213082.998045 19.5427734375 44.99640478385188 981.2306330844715 0 0 1 0 0 1 78 24 6 2 2 2 
1683213088.155319 19.5427734375 45.1559273821438 981.2155106223393 0 0 1 0 0 1 78 24 6 2 2 2 
1683213093.310383 19.5427734375 45.144165396169875 981.260201806514 0 0 1 0 0 1 99 31 6 2 2 2 
1683213098.4659903 19.5478515625 45.085117420526196 981.2474358267976 0 0 1 0 0 1 99 31 6 2 2 2 
1683213103.6206522 19.5427734375 45.10278504498547 981.2370159358692 0 0 1 0 0 1 99 31 6 2 2 2 
1683213108.7793684 19.5478515625 45.085117420526196 981.2255922631332 0 0 1 0 0 1 114 36 8 2 2 2 
1683213113.934302 19.5529296875 45.250449171908585 981.258521504314 0 0 1 0 0 1 114 36 8 2 2 2 
1683213119.0909374 19.5529296875 44.978919353841704 981.1950087648859 0 0 1 0 0 1 114 36 8 2 2 2 
1683213124.2448165 19.5630859375 45.09706745664214 981.2393612039237 0 0 1 0 0 1 114 36 8 2 2 2 
1683213129.3970237 19.5529296875 45.161974665077416 981.2565029018292 0 0 1 0 0 1 114 36 8 2 2 2 
1683213134.541762 19.5580078125 45.00253994697371 981.2202130622467 0 0 1 0 0 1 114 36 8 2 2 2 
1683213139.6907735 19.5478515625 45.15016494196444 981.2518002962107 0 0 0 0 0 0 108 36 6 0 0 0 
1683213144.8348122 19.5478515625 45.17383200467605 981.2689414149608 0 0 0 0 0 0 108 36 6 0 0 0 
1683213149.9855094 19.5529296875 44.88430227838684 981.2386962236149 0 0 0 0 0 0 108 36 6 0 0 0 
1683213155.1360621 19.5427734375 45.144165396169875 981.2719639238675 0 0 0 0 0 0 114 38 6 0 0 0 
1683213160.2904155 19.5376953125 45.01421263994024 981.2289528106223 0 0 0 0 0 0 36 10 0 0 0 0 
1683213165.4488268 19.5427734375 44.97287806247564 981.2356739064373 0 0 0 0 0 0 42 12 2 0 0 0 
1683213170.604847 19.5376953125 44.961113338632096 981.2528146645064 0 0 0 0 0 0 42 12 2 0 0 0 
1683213175.7597678 19.5326171875 45.12640396389555 981.2575174755399 0 0 0 0 0 0 42 12 2 0 0 0 
1683213180.9135756 19.5275390625 44.972832668423244 981.2464315788261 0 0 0 0 0 0 57 14 4 0 0 0 
1683213186.0719697 19.5275390625 45.07911934706401 981.2464315788261 0 0 0 0 0 0 57 14 4 0 0 0 
1683213191.2260334 19.5427734375 45.108594063992 981.2460936200941 0 0 0 0 0 0 57 14 4 0 0 0 
1683213196.380082 19.5326171875 45.05535949178461 981.2598735603823 0 0 0 0 0 0 51 14 4 0 0 0 
1683213201.5349345 19.5275390625 45.20897081307462 981.2397105897215 0 0 0 0 0 0 51 14 4 0 0 0 
1683213206.6899023 19.5173828125 45.02583657301778 981.2571884921421 0 0 0 0 0 0 51 14 4 0 0 0 
1683213211.8459144 19.5123046875 45.29748692847865 981.2461021295074 0 0 0 0 0 0 78 21 6 0 0 0 
1683213217.0002291 19.5224609375 45.06131048923659 981.2753334142757 0 0 0 0 0 0 78 21 6 0 0 0 
1683213222.1542711 19.5173828125 45.25020433605937 981.2487873893228 0 0 0 0 0 0 78 21 6 0 0 0 
1683213227.3104854 19.5173828125 44.996359096458754 981.2739907030095 0 0 0 0 0 0 72 19 6 0 0 0 
1683213232.465394 19.5224609375 45.08488215458707 981.2417287271606 0 0 0 0 0 0 72 19 6 0 0 0 
1683213237.6200304 19.5224609375 45.0435503549936 981.2340031484379 0 0 0 0 0 0 72 19 6 0 0 0 
1683213242.7784858 19.5275390625 45.12626064311839 981.2135027765148 0 0 1 0 0 1 51 17 6 2 0 0 
1683213247.9299223 19.5275390625 45.16749657244857 981.2124982803617 0 0 1 0 0 1 63 21 10 2 0 0 
1683213253.0763116 19.5275390625 45.132165141129335 981.2427417433381 0 0 1 0 0 1 63 21 10 2 0 0 
1683213258.2273474 19.5123046875 45.120309012077065 981.2605489337578 0 0 1 0 0 1 63 21 10 2 0 0 
1683213263.375296 19.5275390625 45.01411912645321 981.2652520052129 0 0 1 0 0 1 75 25 10 2 0 0 
1683213268.529704 19.5275390625 45.07911934706401 981.2578554485475 0 0 1 0 0 1 75 25 10 2 0 0 
1683213273.6889136 19.5326171875 44.94912094174347 981.2467694284501 0 0 1 0 0 1 75 25 10 2 0 0 
1683213278.8456647 19.5376953125 45.043690822798204 981.2481118262767 0 0 1 0 0 1 75 23 10 2 0 0 
1683213284.0002687 19.5376953125 45.23268707156473 981.2760005047535 0 0 1 0 0 1 75 23 10 2 0 0 
1683213289.1548562 19.5326171875 45.333012983876436 981.2464315788261 0 0 1 0 0 1 75 23 10 2 0 0 
1683213294.309714 19.5275390625 45.02588261039447 981.2555082714388 0 0 1 0 0 1 60 18 10 4 0 0 
1683213299.4638286 19.5275390625 45.11440456142517 981.2185434336051 0 0 1 0 0 1 60 18 10 4 0 0 
1683213304.6142473 19.5224609375 45.155830549813004 981.2622291546703 0 0 1 0 0 1 60 18 10 4 0 0 
1683213309.767431 19.5275390625 44.96097582219499 981.2581933124437 0 0 1 0 0 1 66 20 10 4 0 0 
1683213314.918552 19.5376953125 45.067261601348726 981.256513064575 0 0 1 0 0 1 66 20 10 4 0 0 
1683213320.0643394 19.5376953125 45.10864283570502 981.2531525690465 0 0 1 0 0 1 66 20 10 4 0 0 
1683213325.2141604 19.5326171875 45.17944854698641 981.2410528375174 0 0 0 0 0 0 90 27 2 0 0 0 
1683213330.363565 19.5275390625 45.05550037184397 981.2494541421609 0 0 0 0 0 0 90 27 2 0 0 0 
1683213335.5165973 19.5326171875 45.155879885087536 981.2397105897215 0 0 0 0 0 0 90 27 2 0 0 0 
1683213340.6671727 19.5123046875 45.23249162913388 981.2390437673945 0 0 0 0 0 0 90 27 2 0 0 0 
1683213345.811755 19.5123046875 45.102595629405656 981.2471071689682 0 0 0 0 0 0 90 27 2 0 0 0 
1683213350.9662218 19.5275390625 45.06126404482225 981.2642468715885 0 0 0 0 0 0 69 23 2 0 0 0 
1683213356.1224973 19.5275390625 45.132023333400745 981.2625666641544 0 0 0 0 0 0 69 23 2 0 0 0 
1683213361.277445 19.5224609375 45.214778830061235 981.2702927094305 0 0 0 0 0 0 69 23 2 0 0 0 
1683213366.4316475 19.5173828125 45.138116944422976 981.2632340564685 0 0 0 0 0 0 69 23 4 2 0 0 
1683213371.5854564 19.5173828125 45.090786656431845 981.2689500390172 0 0 0 0 0 0 69 23 4 2 0 0 
1683213376.7418158 19.5275390625 45.23844435448967 981.2655895967043 0 0 0 0 0 0 69 23 4 2 0 0 
1683213381.8967752 19.5173828125 45.01993195854868 981.2477823226968 0 0 0 0 0 0 57 19 4 2 0 0 
1683213387.05161 19.5275390625 45.00217227691738 981.2185434336051 0 0 0 0 0 0 57 19 4 2 0 0 
1683213392.2053478 19.5224609375 45.22663571682615 981.2316473264641 0 0 0 0 0 0 57 19 4 2 0 0 
1683213397.359734 19.5275390625 45.079070927584894 981.2403862882463 0 0 0 0 0 0 51 17 4 2 0 0 
1683213402.5144873 19.5326171875 45.11445161638009 981.2269445301498 0 0 0 0 0 0 51 17 4 2 0 0 
1683213407.6694226 19.5275390625 45.167639568877796 981.2454269486832 0 0 0 0 0 0 63 19 4 0 0 0 
1683213412.8229465 19.5275390625 45.05545223415638 981.2501298963249 0 0 0 0 0 0 63 19 4 0 0 0 
1683213417.9811566 19.5326171875 45.15578303078499 981.2521478302413 0 0 0 0 0 0 63 19 4 0 0 0 
1683213423.1334193 19.5275390625 44.960885250736176 981.2471071689682 0 0 0 0 0 0 75 23 6 0 0 0 
1683213428.2889738 19.5275390625 45.132117882665135 981.2219038720136 0 0 0 0 0 0 75 23 6 0 0 0 
1683213433.4441328 19.5224609375 45.161687477601866 981.2639093756525 0 0 0 0 0 0 75 23 6 0 0 0 
1683213438.5991385 19.5224609375 45.25610855122404 981.2373635610057 0 0 0 0 0 0 54 12 4 0 0 0 
1683213443.7526224 19.5224609375 45.23258844164238 981.2669322398826 0 0 0 0 0 0 54 12 4 0 0 0 
1683213448.907131 19.5173828125 45.01402733384102 981.2487873893228 0 0 0 0 0 0 54 12 4 0 0 0 
1683213454.06108 19.5224609375 45.078930983794926 981.2494625159558 0 0 0 0 0 0 66 14 4 0 0 0 
1683213459.2161472 19.5173828125 45.17920948736746 981.259543676974 0 0 0 0 0 0 66 14 4 0 0 0 
1683213464.369941 19.5123046875 45.16749657244857 981.261223870721 0 0 0 0 0 0 66 14 4 0 0 0 
1683213469.5287483 19.5123046875 45.1085001005347 981.2763456175816 0 0 0 0 0 0 72 14 4 0 0 0 
1683213474.6851642 19.5123046875 45.309098081979975 981.2679446464062 0 0 0 0 0 0 72 14 4 0 0 0 
1683213479.8401282 19.5123046875 45.084741942610094 981.274665423207 0 0 0 0 0 0 72 14 4 0 0 0 
1683213484.9942951 19.5021484375 45.1319287410217 981.2487942350599 0 0 0 0 0 0 66 12 2 0 0 0 
1683213490.1512861 19.4970703125 45.21463414095218 981.2454339300377 0 0 0 0 0 0 63 19 6 2 0 0 
1683213495.3060446 19.5072265625 45.17325756617899 981.2245972272758 0 0 0 0 0 0 63 19 6 2 0 0 
1683213500.4648187 19.5021484375 45.096550529034914 981.2629040645379 0 0 0 0 0 0 63 19 6 2 0 0 
1683213505.6195998 19.5021484375 45.13788025902896 981.2897871750871 0 0 0 0 0 0 69 21 6 2 0 0 
1683213510.7753396 19.4970703125 45.02574446592749 981.2390504880526 0 0 0 0 0 0 69 21 6 2 0 0 
1683213515.9304028 19.5072265625 45.17920948736746 981.2397188384025 0 0 0 0 0 0 69 21 6 2 0 0 
1683213521.0821006 19.5173828125 45.25601115294945 981.2360209718357 0 1 1 0 1 1 69 21 8 4 0 0 
1683213526.2330337 19.5275390625 45.23834738476054 981.2198856954906 0 1 1 0 1 1 69 21 8 4 0 0 
1683213531.3844576 19.5275390625 45.02583657301778 981.2642468715885 0 1 1 0 1 1 69 21 8 4 0 0 
1683213536.5320642 19.5123046875 45.19111367369931 981.272647909806 0 1 1 0 1 1 75 23 8 4 0 0 
1683213541.6903276 19.5173828125 45.08483542804021 981.2682818970486 0 1 1 0 1 1 75 23 8 4 0 0 
1683213546.8442442 19.5123046875 45.15568796039315 981.2827291579673 0 1 1 0 1 1 75 23 8 4 0 0 
1683213551.9985533 19.5123046875 45.149831111757926 981.2592062494949 0 1 1 0 1 1 75 23 8 4 0 0 
1683213557.1533332 19.5224609375 45.08488215458707 981.2571884921421 0 1 1 0 1 1 75 23 8 4 0 0 
1683213562.30766 19.5275390625 45.214827038207396 981.2504676097473 0 1 1 0 1 1 75 23 8 4 0 0 
1683213567.4613686 19.5123046875 45.1439267122989 981.2773511460196 0 1 1 0 1 1 87 27 12 4 0 0 
1683213572.611206 19.5224609375 45.16744888541504 981.2343407791345 0 0 2 0 0 2 30 10 6 4 4 0 
1683213577.7618604 19.5224609375 45.0730265293113 981.2393813574475 0 0 1 0 0 1 36 12 6 2 2 0 
1683213582.9108624 19.5275390625 45.214778830061235 981.2642468715885 0 0 1 0 0 1 36 12 6 2 2 0 
1683213588.0631783 19.5173828125 45.1439267122989 981.2844093662382 0 0 1 0 0 1 36 12 6 2 2 0 
1683213593.213186 19.5173828125 45.16154465234125 981.3106183657605 0 0 1 0 0 1 36 12 8 2 2 0 
1683213598.3585527 19.5173828125 45.14378446521949 981.2494625159558 0 0 1 0 0 1 36 12 8 2 2 0 
1683213603.5097156 19.5173828125 45.17340086311876 981.2810489497659 0 0 1 0 0 1 36 12 8 2 2 0 
1683213608.6606734 19.5173828125 45.22068310665736 981.2844093662382 0 0 0 0 0 0 42 14 8 0 0 0 
1683213613.8105252 19.5173828125 45.02579052486211 981.2571884921421 0 0 0 0 0 0 42 14 8 0 0 0 
1683213618.9617333 19.5275390625 45.22658737301491 981.2790313676292 0 0 0 0 0 0 42 14 8 0 0 0 
1683213624.111101 19.5275390625 45.16178447018354 981.2608864567898 0 0 0 0 0 0 48 16 8 0 0 0 
1683213629.2599409 19.5275390625 45.23844435448967 981.2555082714388 0 0 0 0 0 0 48 16 8 0 0 0 
1683213634.4125276 19.5376953125 45.00230957495804 981.2928032659047 0 0 0 0 0 0 48 16 8 0 0 0 
1683213639.5624294 19.5376953125 45.01411912645321 981.310281030958 0 0 0 0 0 0 48 16 8 0 0 0 
1683213644.7147298 19.5275390625 45.067261601348726 981.2860821606076 0 0 0 0 0 0 48 16 8 0 0 0 
1683213649.8639703 19.5427734375 45.00830773102102 981.2887669545846 0 0 0 0 0 0 48 16 8 0 0 0 
1683213655.0100365 19.5478515625 45.24449610095968 981.2723019931714 0 0 0 0 0 0 30 6 4 2 0 0 
1683213660.161064 19.5478515625 45.11473552685993 981.2783470110877 0 0 0 0 0 0 30 6 4 2 0 0 
1683213665.3109405 19.5529296875 45.108783666470615 981.3317793765775 0 0 0 0 0 0 36 6 4 2 0 0 
1683213670.4636517 19.5580078125 45.12068750190408 981.2931317514445 0 0 0 0 0 0 36 6 4 2 0 0 
1683213675.6088548 19.5478515625 45.07340074330741 981.2833879610517 0 0 0 0 0 0 36 6 4 2 0 0 
1683213680.7417345 19.5529296875 45.05573198317572 981.310273038124 0 0 0 0 0 0 48 10 4 2 0 0 
1683213685.8790061 19.5529296875 44.9376278654881 981.2968304973567 0 0 0 0 0 0 48 10 4 2 0 0 
1683213691.0335314 19.5529296875 45.226975677970096 981.2743202290217 0 0 0 0 0 0 48 10 4 2 0 0 
1683213696.1876385 19.5427734375 45.17954593243094 981.2807034399183 0 0 0 0 0 0 54 14 4 2 0 0 
1683213701.343488 19.5478515625 45.144165396169875 981.265580837029 0 0 0 0 0 0 54 14 4 2 0 0 
1683213706.4894547 19.5478515625 44.98482451748506 981.265580837029 0 0 0 0 0 0 54 14 4 2 0 0 
1683213711.638719 19.5529296875 45.0911157119856 981.3001911321302 0 0 0 0 0 0 54 14 4 2 0 0 
1683213716.788233 19.5478515625 45.020163464625696 981.2760005047535 0 0 0 0 0 0 54 14 4 2 0 0 
1683213721.9370825 19.5478515625 45.07340074330741 981.2635624111238 0 0 0 0 0 0 54 14 4 2 0 0 
1683213727.084902 19.5529296875 44.967154278927566 981.2481013244827 0 0 0 0 0 0 54 14 4 2 0 0 
1683213732.2387984 19.5478515625 44.89629045657318 981.2753245294532 0 0 0 0 0 0 54 14 4 2 0 0 
1683213737.3938835 19.5478515625 44.94353316865693 981.2518002962107 1 1 2 1 1 2 189 63 14 4 0 0 
1683213742.54338 19.5630859375 44.967154278927566 981.2548225862204 1 1 2 1 1 2 189 63 14 4 0 0 
1683213747.6935205 19.5630859375 44.98496094500952 981.2682651130427 0 1 2 0 1 2 168 56 14 4 0 0 
1683213752.845677 19.5478515625 45.03206545798349 981.2719639238675 0 1 2 0 1 2 168 56 14 4 0 0 
1683213757.996113 19.5580078125 45.04401405345787 981.2511235050929 0 1 2 0 1 2 168 56 14 4 0 0 
1683213763.1472688 19.5681640625 45.01448762724544 981.2659080314494 0 1 1 0 1 1 138 46 12 2 0 0 
1683213768.2991462 19.578515625 45.04996550851008 981.2689301985658 0 1 1 0 1 1 138 46 12 2 0 0 
1683213773.451183 19.5681640625 45.10906503697619 981.306901681611 0 1 1 0 1 1 138 46 12 2 0 0 
1683213778.6033027 19.5580078125 44.81370113925807 981.2840534130011 0 1 2 0 1 2 216 63 12 2 0 0 
1683213783.758614 19.5681640625 45.04987309666611 981.2756516265065 0 1 2 0 1 2 216 63 12 2 0 0 
1683213788.9124196 19.578515625 45.0028139261628 981.3119428385621 0 1 2 0 1 2 216 63 12 2 0 0 
1683213794.0667336 19.58359375 44.8609460838422 981.2769934229393 0 1 1 0 1 1 222 65 10 2 0 0 
1683213799.2219005 19.578515625 44.98505184279709 981.2951389844983 0 1 1 0 1 1 222 65 10 2 0 0 
1683213804.3758082 19.578515625 44.92604110768014 981.2830375660054 0 1 1 0 1 1 222 65 10 2 0 0 
1683213809.5334077 19.578515625 44.93785242318173 981.280015521803 1 1 1 1 1 1 237 70 8 0 0 0 
1683213814.6899092 19.5681640625 44.97324082684664 981.2622087717408 1 1 1 1 1 1 237 70 8 0 0 0 
1683213819.8449621 19.5630859375 45.162212166176815 981.306901681611 0 0 0 0 0 0 30 6 2 0 0 0 
1683213825.0000184 19.5681640625 45.09125580286892 981.2588480587468 0 0 0 0 0 0 30 6 2 0 0 0 
1683213830.1589463 19.5734375 45.02048464485459 981.2870756486495 0 0 0 0 0 0 30 6 2 0 0 0 
1683213835.313774 19.5630859375 44.99086630193858 981.2622087717408 0 0 0 0 0 0 36 8 2 0 0 0 
1683213840.4682453 19.5681640625 44.9673353035093 981.2840534130011 0 0 0 0 0 0 36 8 2 0 0 0 
1683213845.6231081 19.578515625 44.90232937717438 981.2739712694168 0 0 0 0 0 0 36 8 2 0 0 0 
1683213850.7775147 19.5630859375 45.00858231128013 981.2948120822052 0 0 0 0 0 0 36 8 2 0 0 0 
1683213855.9323742 19.5580078125 44.95543400675011 981.2978345640395 0 0 0 0 0 0 36 8 2 0 0 0 
1683213861.0873628 19.5681640625 44.961339414883874 981.2759900916532 0 0 0 0 0 0 36 8 2 0 0 0 
1683213866.241594 19.5734375 45.0794454269618 981.2669111997394 0 0 0 0 0 0 30 6 2 0 0 0 
1683213871.3971033 19.5681640625 44.97901018061934 981.2978345640395 0 0 0 0 0 0 30 6 2 0 0 0 
1683213876.552486 19.5630859375 45.00267698507388 981.314299858816 0 0 0 0 0 0 30 6 2 0 0 0 
1683213881.707358 19.5630859375 44.8609460838422 981.2860721543673 0 0 0 0 0 0 24 4 0 0 0 0 
1683213886.8611517 19.5630859375 45.114876431791906 981.2944738752132 0 0 0 0 0 0 24 4 0 0 0 0 
1683213892.0160735 19.5580078125 45.04991930797755 981.2817076443274 0 0 0 0 0 0 24 4 0 0 0 0 
1683213897.1710038 19.5580078125 44.9671089958343 981.2917895457193 0 0 0 0 0 0 30 6 0 0 0 0 
1683213902.3260062 19.5630859375 44.9199118945388 981.2917895457193 0 0 0 0 0 0 66 20 4 0 0 0 
1683213907.4806712 19.5580078125 45.038108788697265 981.3045559425293 0 0 0 0 0 0 60 16 2 0 0 0 
1683213912.6369143 19.5529296875 45.03220351369571 981.292455201239 0 0 0 0 0 0 60 16 2 0 0 0 
1683213917.793546 19.5681640625 45.038108788697265 981.3277427308744 0 0 0 0 0 0 60 16 2 0 0 0 
1683213922.949087 19.5580078125 45.01448762724544 981.3106008517352 0 0 0 0 0 0 54 16 4 0 0 0 
1683213928.1007047 19.5630859375 44.99091182406392 981.3079166321925 0 0 0 0 0 0 54 16 4 0 0 0 
1683213933.2532403 19.5630859375 44.92595158831744 981.3179987028554 0 0 0 0 0 0 54 16 4 0 0 0 
1683213938.403754 19.5580078125 44.931767417331855 981.2817076443274 0 0 0 0 0 0 48 14 4 0 0 0 
1683213943.5522988 19.5529296875 44.902284872704 981.2948120822052 0 0 0 0 0 0 48 14 4 0 0 0 
1683213948.7060816 19.5580078125 44.87271304155916 981.2981727439354 0 0 0 0 0 0 48 14 4 0 0 0 
1683213953.860883 19.5580078125 45.049826874575785 981.299853074905 0 0 0 0 0 0 36 10 4 0 0 0 
1683213959.0148678 19.5630859375 44.92581722842904 981.2864104290998 0 0 0 0 0 0 36 10 4 0 0 0 
1683213964.1693788 19.5580078125 44.807795475100825 981.2803654383545 0 0 0 0 0 0 36 10 4 0 0 0 
1683213969.3243334 19.5529296875 44.87266885476008 981.3253959018215 0 0 0 0 0 0 36 10 4 0 0 0 
1683213974.4788594 19.5427734375 45.1383079166768 981.3143092443366 0 0 0 0 0 0 36 10 4 0 0 0 
1683213979.6375005 19.5427734375 45.1028319207368 981.2928032659047 0 0 0 0 0 0 36 10 4 0 0 0 
1683213984.791632 19.5376953125 44.996497882464 981.2961638189715 0 0 0 0 0 0 108 33 4 0 0 0 
1683213989.9425728 19.5478515625 44.94934829167844 981.2961638189715 0 0 0 0 0 0 108 33 2 0 0 0 
1683213995.0938797 19.5376953125 45.10278504498547 981.3012046490949 0 0 0 0 0 0 108 33 2 0 0 0 
1683214000.2434108 19.5427734375 45.06159071298745 981.3146468658248 0 0 0 0 0 0 108 33 2 0 0 0 
1683214005.3884625 19.5478515625 45.03783217322187 981.2981817434655 0 0 0 0 0 0 108 33 2 0 0 0 
1683214010.5374985 19.5376953125 44.972832668423244 981.2686124746216 0 0 0 0 0 0 108 33 2 0 0 0 
1683214015.6869028 19.5376953125 45.020117538619935 981.2867575368806 0 0 0 0 0 0 108 33 2 0 0 0 
1683214020.841651 19.5478515625 45.144165396169875 981.3062454798456 0 0 0 0 0 0 123 38 2 0 0 0 
1683214025.9956393 19.5376953125 45.03797052946475 981.3038896881914 0 0 0 0 0 0 123 38 2 0 0 0 
1683214031.154087 19.5376953125 45.10278504498547 981.3146468658248 0 0 0 0 0 0 123 38 2 0 0 0 
1683214036.308734 19.5376953125 44.96688067473542 981.2951587831967 0 0 0 0 0 0 123 38 2 0 0 0 
1683214041.4626498 19.5376953125 45.00244853434511 981.2944835424032 0 0 0 0 0 0 123 38 2 0 0 0 
1683214046.6201942 19.5478515625 45.07916596224298 981.2894427131167 0 0 0 0 0 0 123 38 2 0 0 0 
1683214051.7750218 19.5478515625 45.002585637119466 981.3012046490949 0 0 0 0 0 0 114 36 4 0 0 0 
1683214056.9289076 19.5376953125 45.11459452491955 981.2796988533097 0 0 0 0 0 0 114 36 4 0 0 0 
1683214062.083512 19.5427734375 45.120546328789544 981.3146468658248 0 0 0 0 0 0 114 36 4 0 0 0 
1683214067.2422698 19.5529296875 44.86667515846259 981.323048253547 0 0 0 0 0 0 60 16 6 0 0 0 
1683214072.3966131 19.5529296875 45.08525737256836 981.2991866288971 0 0 0 0 0 0 60 16 6 0 0 0 
1683214077.5508232 19.5630859375 44.98496094500952 981.3304368576422 0 0 0 0 0 0 54 16 6 0 0 0 
1683214082.7059531 19.5580078125 45.01448762724544 981.3277427308744 0 0 0 0 0 0 54 16 6 0 0 0 
1683214087.8602877 19.5630859375 45.049826874575785 981.3354778140906 0 0 0 0 0 0 54 16 6 0 0 0 
1683214093.0150757 19.5580078125 44.90823494532191 981.3116153936453 0 0 0 0 0 0 63 14 2 0 0 0 
1683214098.1702 19.5630859375 45.00853657485114 981.2914514207539 0 0 0 0 0 0 63 14 2 0 0 0 
1683214103.326477 19.5734375 45.00858231128013 981.3280807760285 0 0 0 0 0 0 63 14 2 0 0 0 
1683214108.4819386 19.5681640625 45.06168343930405 981.3129576672102 0 0 0 0 0 0 51 10 2 0 0 0 
1683214113.636996 19.5734375 44.8905625681555 981.357313279365 0 0 0 0 0 0 51 10 2 0 0 0 
1683214118.7913177 19.5681640625 44.96142976993055 981.292455201239 0 0 0 0 0 0 51 10 2 0 0 0 
1683214123.9439163 19.5681640625 45.06172978629406 981.2780087777377 0 0 0 0 0 0 45 8 0 0 0 0 
1683214129.0938375 19.5681640625 45.10315974919129 981.3240438310634 0 0 0 0 0 0 45 8 0 0 0 0 
1683214134.2418091 19.5681640625 44.90232937717438 981.3092587829447 0 0 0 0 0 0 45 8 0 0 0 0 
1683214139.388487 19.5681640625 45.00267698507388 981.3327838090468 0 0 0 0 0 0 45 10 2 2 0 0 
1683214144.5381186 19.5681640625 44.99091182406392 981.316656388437 0 0 0 0 0 0 45 10 2 2 0 0 
1683214149.6886253 19.5681640625 44.93190194841563 981.3250580478177 0 0 0 0 0 0 42 10 4 0 0 0 
1683214154.8414059 19.5630859375 45.1503070679482 981.3183367201736 0 0 0 0 0 0 42 10 4 0 0 0 
1683214159.992167 19.5630859375 44.99086630193858 981.3277427308744 0 0 0 0 0 0 42 10 4 0 0 0 
1683214165.1430933 19.5681640625 44.87875122447991 981.326738379903 0 0 0 0 0 0 42 10 2 0 0 0 
1683214170.2947717 19.5630859375 45.156212138130954 981.2917895457193 0 0 0 0 0 0 42 10 2 0 0 0 
1683214175.4487169 19.5630859375 44.908190373006214 981.3227016533294 0 0 0 0 0 0 42 10 2 0 0 0 
1683214180.6038737 19.5681640625 45.04396790998609 981.3193409353148 0 0 0 0 0 0 48 12 0 0 0 0 
1683214185.758765 19.5681640625 44.967199551241684 981.2830497683457 0 0 0 0 0 0 48 12 0 0 0 0 
1683214190.913749 19.5529296875 45.07340074330741 981.2850682778459 0 0 0 0 0 0 48 12 0 0 0 0 
1683214196.0688243 19.5580078125 45.09720771870241 981.3136336740131 0 0 0 0 0 0 48 12 0 0 0 0 
1683214201.2237926 19.5580078125 45.02034706085894 981.3270762203585 0 0 0 0 0 0 48 12 0 0 0 0 
1683214206.3784919 19.5681640625 44.91409586306749 981.316656388437 0 0 0 0 0 0 48 12 0 0 0 0 
1683214211.5353074 19.5681640625 44.94371310774583 981.258521504314 0 0 0 0 0 0 42 10 0 0 0 0 
1683214216.6902575 19.5630859375 44.87866276908575 981.292455201239 0 0 0 0 0 0 42 10 0 0 0 0 
1683214221.8443792 19.5630859375 45.04410630806472 981.3109391414986 0 0 0 0 0 0 42 10 0 0 0 0 
1683214226.9986176 19.5681640625 45.014533420736484 981.3260623716229 0 0 0 0 0 0 42 10 0 0 0 0 
1683214232.1577194 19.5681640625 44.96138459779679 981.3428659672743 0 0 0 0 0 0 30 10 2 0 0 0 
1683214237.3121166 19.5580078125 44.961339414883874 981.2796891078705 0 0 0 0 0 0 30 10 2 0 0 0 
1683214242.4669855 19.5630859375 45.00853657485114 981.310273038124 0 0 0 0 0 0 30 10 2 0 0 0 
1683214247.6221197 19.5580078125 45.00858231128013 981.323377715802 0 0 0 0 0 0 51 17 4 0 0 0 
1683214252.7771285 19.5681640625 44.937717720903194 981.3327838090468 0 0 0 0 0 0 51 17 4 0 0 0 
1683214257.9319422 19.5630859375 44.91405121212744 981.2833879610517 0 0 0 0 0 0 51 17 4 0 0 0 
1683214263.0868914 19.5580078125 45.04392175573539 981.301195253145 0 0 0 0 0 0 51 17 2 0 0 0 
1683214268.241284 19.5580078125 44.967154278927566 981.310273038124 0 0 0 0 0 0 51 17 2 0 0 0 
1683214273.3963776 19.5529296875 45.14435469081082 981.3395052475862 0 0 0 0 0 0 51 17 2 0 0 0 
1683214278.5515902 19.5478515625 45.04987309666611 981.3274139516943 0 0 0 0 0 0 63 21 2 0 0 0 
1683214283.7076867 19.5580078125 44.99663481405106 981.3408563941174 0 0 0 0 0 0 63 21 2 0 0 0 
1683214288.8646991 19.5580078125 45.079352315170766 981.3089306006488 0 0 0 0 0 0 63 21 2 0 0 0 
1683214294.0201015 19.5580078125 45.002585637119466 981.3284187120582 0 0 0 0 0 0 57 19 2 0 0 0 
1683214299.1750934 19.5580078125 45.02629822845323 981.3307745618818 0 0 0 0 0 0 57 19 2 0 0 0 
1683214304.3302512 19.5478515625 44.843053894618166 981.3196876982489 0 0 0 0 0 0 57 19 2 0 0 0 
1683214309.48738 19.5478515625 45.00240281186227 981.3096060340281 0 0 0 0 0 0 57 19 2 0 0 0 
1683214314.641074 19.5478515625 45.073307702520324 981.2948212173552 0 1 1 0 1 1 108 36 9 0 0 0 
1683214319.7927577 19.5529296875 44.93758292161173 981.294145758339 0 1 1 0 1 1 120 40 9 0 0 0 
1683214324.9439054 19.5478515625 44.9199118945388 981.3129665884895 0 1 1 0 1 1 120 40 9 0 0 0 
1683214330.098457 19.5580078125 44.837060918169755 981.2961638189715 0 1 1 0 1 1 120 40 9 0 0 0 
1683214335.2529323 19.5427734375 44.94335305710085 981.2844018844576 0 1 1 0 1 1 147 47 9 0 0 0 
1683214340.409236 19.5478515625 45.06159071298745 981.2944835424032 0 1 1 0 1 1 147 47 9 0 0 0 
1683214345.563506 19.5478515625 45.09692709757302 981.3146468658248 0 1 1 0 1 1 147 47 9 0 0 0 
1683214350.7172937 19.5427734375 45.03206545798349 981.2776807805548 0 1 1 0 1 1 141 45 9 0 0 0 
1683214355.8735316 19.5478515625 45.06163708153519 981.2823837294768 0 1 1 0 1 1 141 45 9 0 0 0 
1683214361.0211916 19.5529296875 45.014258498105264 981.2975063386413 0 1 1 0 1 1 141 45 9 0 0 0 
1683214366.1715446 19.5376953125 45.1559273821438 981.2995243723174 0 1 1 0 1 1 141 45 11 0 0 0 
1683214371.329843 19.5478515625 44.94335305710085 981.336490477528 0 1 1 0 1 1 141 45 11 0 0 0 
1683214376.4840803 19.5478515625 44.9199118945388 981.3206927321562 0 1 1 0 1 1 141 45 11 0 0 0 
1683214381.6342723 19.5580078125 44.99668043635532 981.2951501800744 0 1 1 0 1 1 147 45 11 2 0 0 
1683214386.7859998 19.5630859375 44.85504050161247 981.323377715802 0 1 1 0 1 1 147 45 11 2 0 0 
1683214391.9364655 19.5630859375 44.97910096428059 981.3304270860863 0 1 1 0 1 1 147 45 11 2 0 0 
1683214397.0832522 19.5630859375 45.0794919666891 981.31967904821 0 0 0 0 0 0 48 14 0 0 0 0 
1683214402.232775 19.5630859375 44.81969389161735 981.3045559425293 0 0 0 0 0 0 48 14 0 0 0 0 
1683214407.3807666 19.5630859375 44.97896477262007 981.2981727439354 0 0 0 0 0 0 36 10 0 0 0 0 
1683214412.5310822 19.5580078125 45.04396790998609 981.2968304973567 0 0 0 0 0 0 36 10 0 0 0 0 
1683214417.682827 19.5681640625 45.00276828991219 981.3458886819898 0 0 0 0 0 0 36 10 0 0 0 0 
1683214422.8332393 19.5478515625 44.955343744273186 981.3297611218015 0 0 0 0 0 0 36 10 0 0 0 0 
1683214427.9829357 19.5630859375 44.961339414883874 981.3532859699438 0 0 0 0 0 0 36 10 0 0 0 0 
1683214433.1360488 19.5734375 44.96142976993055 981.3176605764122 0 0 0 0 0 0 36 10 0 0 0 0 
1683214438.2867053 19.5734375 44.949528588375415 981.3008569912203 0 0 0 0 0 0 36 10 0 0 0 0 
1683214443.441317 19.578515625 44.955524226110384 981.3227016533294 0 0 0 0 0 0 36 10 0 0 0 0 
1683214448.5894184 19.5681640625 45.026344157625715 981.3173223408415 0 0 0 0 0 0 36 10 0 0 0 0 
1683214453.7403512 19.578515625 45.04406018615075 981.3109391414986 0 0 0 0 0 0 36 10 0 0 0 0 
1683214458.896454 19.5734375 44.98509727552226 981.3190027132924 0 0 0 0 0 0 36 10 0 0 0 0 
1683214464.0423813 19.5734375 44.94371310774583 981.3317793765775 0 0 0 0 0 0 36 10 0 0 0 0 
1683214469.1917093 19.5734375 45.061868762590926 981.3237055405557 0 0 0 0 0 0 57 17 2 0 0 0 
1683214474.3422754 19.578515625 44.967380532706905 981.3132847434225 0 0 0 0 0 0 57 17 2 0 0 0 
1683214479.4911997 19.578515625 44.99100283597742 981.3139615961488 0 0 0 0 0 0 69 21 4 0 0 0 
1683214484.6423602 19.58359375 44.92009074811979 981.3334495409192 0 0 0 0 0 0 69 21 4 0 0 0 
1683214489.793171 19.578515625 45.00276828991219 981.3556328917621 0 0 0 0 0 0 63 17 2 0 0 0 
1683214494.9459414 19.578515625 44.98500639929284 981.3311034495862 0 0 0 0 0 0 63 17 2 0 0 0 
1683214500.0961578 19.58359375 44.86107814014368 981.3505917293718 0 0 0 0 0 0 63 17 2 0 0 0 
1683214505.2455413 19.58359375 45.02639007601924 981.3102624528418 0 0 0 0 0 0 84 24 2 0 0 0 
1683214510.396415 19.578515625 45.09148907209895 981.3549564981809 0 0 0 0 0 0 84 24 2 0 0 0 
1683214515.551463 19.58359375 44.8670720350046 981.3263894589593 0 0 0 0 0 0 84 24 2 0 0 0 
1683214520.7043405 19.598828125 44.872977935986256 981.309923944816 0 0 0 0 0 0 78 24 2 0 0 0 
1683214525.8537443 19.59375 44.77843925468004 981.3028636770857 0 0 0 0 0 0 78 24 2 0 0 0 
1683214531.0027907 19.60390625 45.00881083173989 981.2806793638223 0 0 0 0 0 0 78 24 2 0 0 0 
1683214536.1528797 19.598828125 44.99113927300471 981.2944616154432 0 0 0 0 0 0 72 22 2 0 0 0 
1683214541.296867 19.60390625 44.802063140281085 981.3391556950253 0 0 0 0 0 0 72 22 2 0 0 0 
1683214546.453051 19.598828125 44.80814252457908 981.3408361361937 0 0 0 0 0 0 72 22 2 0 0 0 
1683214551.6114554 19.60390625 45.05024248534855 981.3089077659176 0 0 0 0 0 0 66 20 2 0 0 0 
1683214556.7655058 19.598828125 44.93212595130398 981.337813859044 0 0 0 0 0 0 66 20 2 0 0 0 
1683214561.9204288 19.6140625 44.79628687219273 981.3391556950253 0 0 0 0 0 0 84 28 11 0 0 0 
1683214567.0791538 19.639453125 44.8970890546385 981.3088924591891 0 0 0 0 0 0 84 28 11 0 0 0 
1683214572.235792 19.639453125 44.82025898049046 981.3203166327824 0 0 0 0 0 0 84 28 11 0 0 0 
1683214577.3910792 19.64453125 44.666723816881 981.3162764439096 0 0 0 0 0 0 84 28 11 0 0 0 
1683214582.5438137 19.649609375 44.70807257106539 981.3082133964631 0 0 0 0 0 0 84 28 11 0 0 0 
1683214587.7003872 19.669921875 44.731911919302505 981.3586125412324 0 0 0 0 0 0 84 28 11 0 0 0 
1683214592.855783 19.680078125 44.59604298111217 981.3414665413809 0 0 0 0 0 0 90 30 11 0 0 0 
1683214598.0109293 19.680078125 44.68465377294604 981.3263409863184 0 0 0 0 0 0 90 30 11 0 0 0 
1683214603.1666095 19.675 44.80279790933076 981.3250004613444 0 0 0 0 0 0 90 30 11 0 0 0 
1683214608.3215284 19.675 44.67275583767819 981.3397859238727 0 0 0 0 0 0 90 30 11 0 0 0 
1683214613.4766095 19.669921875 44.85591768750516 981.3518901230227 0 0 0 0 0 0 90 30 11 0 0 0 
1683214618.6311524 19.66484375 44.66098294685696 981.346848310098 0 0 0 0 0 0 90 30 11 0 0 0 
1683214623.7872958 19.659765625 44.530900147390916 981.3471881167 0 0 0 0 0 0 90 30 13 0 0 0 
1683214628.941391 19.659765625 44.63136403895601 981.3303822136372 0 0 0 0 0 0 90 30 13 0 0 0 
1683214634.0963273 19.659765625 44.69035173788319 981.362992477242 0 0 0 0 0 0 90 30 13 0 0 0 
1683214639.2503905 19.659765625 44.755498153913166 981.3653349605579 0 0 0 0 0 0 57 19 6 0 0 0 
1683214644.4059167 19.659765625 44.82629599185882 981.360632844172 0 1 1 0 1 1 150 45 4 2 0 0 
1683214649.5622375 19.669921875 44.82638283793588 981.3098750344973 0 1 1 0 1 1 150 45 4 2 0 0 
1683214654.717217 19.675 44.725962433463515 981.383482001754 0 1 1 0 1 1 150 45 4 2 0 0 
1683214659.8719695 19.680078125 44.80275477385873 981.346848310098 0 0 0 0 0 0 51 17 4 2 0 0 
1683214665.0269463 19.669921875 44.87954538273886 981.3972664675945 0 0 0 0 0 0 51 17 4 2 0 0 
1683214670.1811187 19.66484375 44.70824087824591 981.3733982872886 0 0 0 0 0 0 51 17 4 2 0 0 
1683214675.3354716 19.680078125 44.649168361553215 981.3253404440785 0 0 0 0 0 0 45 15 4 0 0 0 
1683214680.4893026 19.675 44.70828292809137 981.3485289143365 0 0 0 0 0 0 45 15 4 0 0 0 
1683214685.6442773 19.675 44.74372635343275 981.3720573809994 0 0 0 0 0 0 45 15 4 0 0 0 
1683214690.7995987 19.66484375 44.78499067552024 981.3602931459592 0 0 0 0 0 0 45 15 4 0 0 0 
1683214695.9560285 19.669921875 44.60199125661894 981.3838216194574 0 0 0 0 0 0 45 15 4 0 0 0 
1683214701.110264 19.659765625 44.90903540374474 981.3542501231157 0 0 0 0 0 0 45 15 4 0 0 0 
1683214706.261401 19.669921875 44.70233367268207 981.360632844172 0 0 0 0 0 0 39 13 4 0 0 0 
1683214711.413048 19.66484375 44.82638283793588 981.3391249294717 0 0 0 0 0 0 39 13 4 0 0 0 
1683214716.5682437 19.66484375 44.77317665623525 981.3720573809994 0 0 0 0 0 0 39 13 4 0 0 0 
1683214721.718804 19.669921875 44.743641428728004 981.3727364785747 None None None None None None None None None None None None 
1683214726.8709888 19.669921875 44.7377343524903 981.405669499947 0 0 2 0 0 2 84 26 11 4 2 0 
1683214732.0219502 19.66484375 44.714190191262986 981.378779802557 0 0 2 0 0 2 84 26 11 4 2 0 
1683214737.1755207 19.68515625 44.81456882638861 981.3653349605579 0 0 2 0 0 2 84 26 11 4 2 0 
1683214742.3266716 19.669921875 44.6255390679979 981.3764197440921 0 0 2 0 0 2 78 24 11 4 2 0 
1683214747.4754932 19.68515625 44.71423229818202 981.3680165821816 0 0 2 0 0 2 78 24 11 4 2 0 
1683214752.6129212 19.680078125 44.70237565467387 981.3911759237345 0 0 2 0 0 2 78 24 11 4 2 0 
1683214757.7487707 19.68515625 44.7497185724188 981.4029405511574 0 0 2 0 0 2 84 26 11 4 2 0 
1683214762.899631 19.6953125 44.696594048744764 981.394877097493 0 0 2 0 0 2 84 26 11 4 2 0 
