timestamp temperature humidity pressure pm10_standard pm25_standard pm100_standard pm10_env pm25_env pm100_env particles_03um particles_05um particles_10um particles_25um particles_50um particles_100um
1680146506.164953 13.17890625 56.499150898345555 979.1626697930961 0 0 0 0 0 0 57 19 2 0 0 0 
1680146511.3188784 13.17890625 56.533564424163075 979.1213127008036 0 0 0 0 0 0 57 19 2 0 0 0 
1680146516.4673543 13.16875 56.54516466574655 979.1348414256837 0 0 0 0 0 0 57 19 2 0 0 0 
1680146521.6170409 13.173828125 56.463768808341406 979.1213127008036 0 0 0 0 0 0 72 24 2 0 0 0 
1680146526.7717462 13.173828125 56.52177013840381 979.1348414256837 0 0 0 0 0 0 72 24 2 0 0 0 
1680146531.9208596 13.16875 56.510169951962894 979.1331782365638 0 0 0 0 0 0 72 24 2 0 0 0 
1680146537.0700333 13.163671875 56.58518092977848 979.1664420319435 0 0 0 0 0 0 72 24 2 0 0 0 
1680146542.2196667 13.163671875 56.47498219062698 979.1581260805367 0 0 0 0 0 0 72 24 2 0 0 0 
1680146547.368763 13.16875 56.597170380491306 979.1317380742814 0 0 0 0 0 0 72 24 2 0 0 0 
1680146552.5176933 13.163671875 56.428967532874566 979.1631156511759 0 0 0 0 0 0 72 22 2 0 0 0 
1680146557.6672606 13.173828125 56.457968620629714 979.1626697930961 0 0 0 0 0 0 72 22 2 0 0 0 
1680146562.8142626 13.173828125 56.451975216139175 979.1576801413868 0 0 0 0 0 0 72 22 2 0 0 0 
1680146567.9629607 13.173828125 56.446754462051 979.1379447254118 0 0 0 0 0 0 96 30 4 0 0 0 
1680146573.112214 13.183984375 56.43515374755844 979.1605602666931 0 0 0 0 0 0 102 32 4 0 0 0 
1680146578.26276 13.16875 56.45236161905081 979.1460376231229 0 0 0 0 0 0 102 32 4 0 0 0 
1680146583.4117627 13.17890625 56.50456364613752 979.1545767568521 0 0 0 0 0 0 102 32 4 0 0 0 
1680146588.5635645 13.173828125 56.46415545918802 979.1529135534006 0 0 0 0 0 0 102 32 6 0 0 0 
1680146593.709071 13.173828125 56.46396213914127 979.1809651879578 0 0 0 0 0 0 102 32 6 0 0 0 
1680146598.8566182 13.183984375 56.31895277834069 979.1495871467027 0 0 0 0 0 0 102 32 6 0 0 0 
1680146604.0054524 13.183984375 56.429353375391784 979.156016924287 0 0 0 0 0 0 102 32 4 0 0 0 
1680146609.1559832 13.183984375 56.44056799781596 979.1638867554179 0 0 0 0 0 0 102 32 4 0 0 0 
1680146614.3056846 13.183984375 56.4003513653549 979.1503574075336 0 0 0 0 0 0 102 32 4 0 0 0 
1680146619.4525862 13.173828125 56.35955602600555 979.1659962279107 0 0 0 0 0 0 102 32 4 0 0 0 
1680146624.6018388 13.194140625 56.5165518289911 979.1653267268646 0 0 0 0 0 0 102 32 4 0 0 0 
1680146629.7527714 13.183984375 56.36574078920092 979.158897022433 0 0 0 0 0 0 102 32 4 0 0 0 
1680146634.902696 13.19921875 56.37173355889647 979.1700931627158 0 0 0 0 0 0 87 29 6 0 0 0 
1680146640.0516543 13.204296875 56.44714066572238 979.1669899849096 0 0 0 0 0 0 87 29 6 0 0 0 
1680146645.2006693 13.19921875 56.43650432917319 979.1860556372377 0 0 0 0 0 0 87 29 6 0 0 0 
1680146650.3502438 13.21953125 56.384104076047336 979.1299508921468 0 0 0 0 0 0 90 27 6 0 0 0 
1680146655.4997342 13.204296875 56.21007377244106 979.1509021692539 0 0 0 0 0 0 90 27 6 0 0 0 
1680146660.649178 13.214453125 56.33808038537307 979.1825053570383 0 0 0 0 0 0 84 25 6 0 0 0 
1680146665.8012834 13.21953125 56.2220568913666 979.1704142583466 0 0 0 0 0 0 84 25 6 0 0 0 
1680146670.9505382 13.214453125 56.32590333085815 979.1725254003362 0 0 0 0 0 0 84 25 6 0 0 0 
1680146676.0999777 13.214453125 56.285296836039656 979.1632165778068 0 0 0 0 0 0 84 25 8 0 0 0 
1680146681.2492275 13.204296875 56.33712151763109 979.1451440944868 0 0 0 0 0 0 84 25 8 0 0 0 
1680146686.3994536 13.194140625 56.325136668054796 979.1420411214078 0 0 0 0 0 0 84 25 8 0 0 0 
1680146691.54632 13.194140625 56.406729662039346 979.1686532430232 0 0 0 0 0 0 84 25 8 0 0 0 
1680146696.695155 13.19921875 56.4413401787277 979.1651033478402 0 0 0 0 0 0 84 25 8 0 0 0 
1680146701.8448012 13.183984375 56.284340838479835 979.1358350201938 0 0 0 0 0 0 84 25 8 0 0 0 
1680146706.9969475 13.17890625 56.35994023030719 979.2056907302697 0 0 0 0 0 0 90 27 10 0 0 0 
1680146712.1463826 13.17890625 56.325136668054796 979.1605602666931 0 0 0 0 0 0 90 27 10 0 0 0 
1680146717.2933855 13.1890625 56.429160459509774 979.1954884119349 0 0 0 0 0 0 90 27 10 0 0 0 
1680146722.44283 13.183984375 56.2783490432886 979.1724260913932 0 0 0 0 0 0 90 27 10 0 0 0 
1680146727.596055 13.173828125 56.35955602600555 979.1512503500173 0 0 0 0 0 0 90 27 10 0 0 0 
1680146732.7464812 13.183984375 56.336162381055225 979.156016924287 0 0 0 0 0 0 90 23 2 0 0 0 
1680146737.8959036 13.183984375 56.39996619645828 979.1793019699014 0 0 0 0 0 0 90 23 2 0 0 0 
1680146743.0428262 13.17890625 56.28975885028677 979.1531365105125 0 0 0 0 0 0 90 23 2 0 0 0 
1680146748.1920776 13.173828125 56.37058007310325 979.1778616123462 0 0 0 0 0 0 111 30 2 0 0 0 
1680146753.3414936 13.15859375 56.38275766298714 979.1797475577472 0 0 0 0 0 0 111 30 2 0 0 0 
1680146758.490984 13.163671875 56.3707723476187 979.1566857145549 0 0 0 0 0 0 111 30 2 0 0 0 
1680146763.6404967 13.173828125 56.480975768165635 979.1336241570873 0 0 0 0 0 0 117 32 2 0 0 0 
1680146768.7879899 13.17890625 56.2841496067075 979.1543537072555 0 0 0 0 0 0 117 32 2 0 0 0 
1680146773.9373763 13.173828125 56.35356354097705 979.1531365105125 0 0 0 0 0 0 117 32 2 0 0 0 
1680146779.086698 13.163671875 56.336354229877124 979.2080218145975 0 0 0 0 0 0 132 37 6 0 0 0 
1680146784.236062 13.163671875 56.34757116997773 979.1899492588308 0 0 0 0 0 0 132 37 6 0 0 0 
1680146789.385259 13.163671875 56.42297441545738 979.1944936601831 0 0 0 0 0 0 132 37 6 0 0 0 
1680146794.5347798 13.173828125 56.47517567765277 979.191389896412 0 0 0 0 0 0 138 41 6 0 0 0 
1680146799.6856043 13.163671875 56.4635754667884 979.1778616123462 0 0 0 0 0 0 138 41 6 0 0 0 
1680146804.839321 13.173828125 56.32475327213284 979.1583488911197 0 0 0 0 0 0 138 41 6 0 0 0 
1680146809.9893725 13.16875 56.405381136999814 979.1861776354106 0 0 0 0 0 0 144 43 8 0 0 0 
1680146815.1392143 13.183984375 56.34776316428288 979.1892812792639 0 0 0 0 0 0 87 25 2 0 0 0 
1680146820.289951 13.163671875 56.34157891300828 979.1932756147612 0 0 0 0 0 0 87 25 2 0 0 0 
1680146825.4385092 13.16875 56.35317940688421 979.1885085423503 0 0 0 0 0 0 87 25 2 0 0 0 
1680146830.5844831 13.15859375 56.39397336612025 979.1880635135948 0 0 0 0 0 0 108 32 6 0 0 0 
1680146835.7355323 13.163671875 56.2317535416461 979.1697684129846 0 0 0 0 0 0 108 32 6 0 0 0 
1680146840.884681 13.163671875 56.34177085070196 979.1830739398813 0 0 0 0 0 0 108 32 6 0 0 0 
1680146846.03656 13.163671875 56.31818612691916 979.1849597254472 0 0 0 0 0 0 123 37 8 0 0 0 
1680146851.1851485 13.163671875 56.37058007310325 979.1882860809679 0 0 0 0 0 0 123 37 8 0 0 0 
1680146856.333547 13.15859375 56.31837780590464 979.2180009687881 0 0 0 0 0 0 123 37 8 0 0 0 
1680146861.485798 13.1484375 56.41678858789272 979.2003729550557 0 0 0 0 0 0 129 39 10 0 0 0 
1680146866.63726 13.143359375 56.35782657435865 979.1844079975172 0 0 0 0 0 0 129 39 10 0 0 0 
1680146871.7887108 13.1279296875 56.462415191654564 979.1779775838468 0 0 0 0 0 0 129 39 10 0 0 0 
1680146876.9389036 13.1330078125 56.49721327995698 979.1998195856947 0 0 1 0 0 1 129 39 12 2 0 0 
1680146882.0923948 13.1279296875 56.41041018774791 979.1964934185161 0 0 1 0 0 1 129 39 12 2 0 0 
1680146887.2411635 13.1380859375 56.485613956968784 979.2093546561894 0 0 1 0 0 1 129 39 12 2 0 0 
1680146892.389895 13.1228515625 56.35202674652556 979.2147873413803 0 1 1 0 1 1 129 39 14 4 0 0 
1680146897.5382211 13.1279296875 56.38102578624511 979.2014826693868 0 0 0 0 0 0 123 38 6 0 0 0 
1680146902.6894665 13.1330078125 56.39861776659274 979.2293119941938 0 0 0 0 0 0 102 31 6 0 0 0 
1680146907.8404014 13.1279296875 56.35782657435865 979.1983781540313 0 0 0 0 0 0 102 31 6 0 0 0 
1680146912.9937027 13.1279296875 56.42703767509657 979.1983781540313 0 0 0 0 0 0 102 31 6 0 0 0 
1680146918.14215 13.1279296875 56.32901920323097 979.2328597983179 0 0 0 0 0 0 102 31 6 0 0 0 
1680146923.2921057 13.1380859375 56.47942703199655 979.2259857705099 0 0 0 0 0 0 102 31 6 0 0 0 
1680146928.441637 13.1380859375 56.4046103146917 979.2147873413803 0 0 0 0 0 0 102 31 6 0 0 0 
1680146933.5902944 13.1279296875 56.416017183674725 979.2262074047231 0 0 0 0 0 0 96 29 6 0 0 0 
1680146938.7412038 13.1380859375 56.32882733574732 979.214122154997 0 0 0 0 0 0 96 29 6 0 0 0 
1680146943.8922591 13.1330078125 56.38121826000738 979.2095764255176 0 0 0 0 0 0 96 29 6 0 0 0 
1680146949.038357 13.1380859375 56.2888021395202 979.219333323962 0 0 0 0 0 0 75 22 2 0 0 0 
1680146954.189381 13.1380859375 56.3874031554716 979.215785279838 0 0 0 0 0 0 75 22 2 0 0 0 
1680146959.3402393 13.1380859375 56.25961025614442 979.2438367150457 0 0 0 0 0 0 75 22 2 0 0 0 
1680146964.492886 13.1484375 56.38121826000738 979.2259857705099 0 0 0 0 0 0 75 20 2 0 0 0 
1680146969.6410348 13.1380859375 56.27121048956442 979.2538155535644 0 0 0 0 0 0 75 20 2 0 0 0 
1680146974.7894566 13.1380859375 56.335011062303124 979.2407321606526 0 0 0 0 0 0 75 20 2 0 0 0 
1680146979.9422455 13.153515625 56.28899350318043 979.2170044713076 0 0 0 0 0 0 126 30 2 0 0 0 
1680146985.0936327 13.1484375 56.300785394257225 979.2286465367487 0 0 0 0 0 0 126 30 2 0 0 0 
1680146990.2426257 13.153515625 56.23118156849209 979.2467193352892 0 0 0 0 0 0 132 32 2 0 0 0 
1680146995.3937476 13.153515625 56.28899350318043 979.2203307753778 0 0 0 0 0 0 132 32 2 0 0 0 
1680147000.5433388 13.15859375 56.23137223696365 979.2400666690036 0 0 0 0 0 0 132 32 2 0 0 0 
1680147005.6916966 13.16875 56.24297310878688 979.2683405082673 0 0 0 0 0 0 117 27 0 0 0 0 
1680147010.8406556 13.16875 56.28376711090246 979.2282023685309 0 0 0 0 0 0 117 27 0 0 0 0 
1680147015.9902215 13.163671875 56.26037434192685 979.235299147075 0 0 0 0 0 0 117 27 0 0 0 0 
1680147021.138279 13.173828125 56.23137223696365 979.2928447036131 0 0 0 0 0 0 123 29 0 0 0 0 
1680147026.2834883 13.173828125 56.26075632029701 979.2647923333657 0 0 0 0 0 0 123 29 0 0 0 0 
1680147031.433361 13.163671875 56.277966682218334 979.2662335820476 0 0 0 0 0 0 123 29 0 0 0 0 
1680147036.5830193 13.16875 56.24877352977952 979.2581396100271 0 0 0 0 0 0 123 29 0 0 0 0 
1680147041.7330947 13.183984375 56.2783490432886 979.2543690889647 0 0 0 0 0 0 123 29 0 0 0 0 
1680147046.8854258 13.15859375 56.23736340293549 979.2776540018475 0 0 0 0 0 0 123 29 0 0 0 0 
1680147052.036516 13.163671875 56.17317728632206 979.2797609648738 0 0 0 0 0 0 102 26 0 0 0 0 
1680147057.187665 13.173828125 56.1911492337841 979.2334140038107 0 0 0 0 0 0 102 26 0 0 0 0 
1680147062.3388906 13.16875 56.1911492337841 979.2429488650247 0 0 0 0 0 0 84 25 6 0 0 0 
1680147067.48789 13.163671875 56.20797997497307 979.2963927841508 0 0 0 0 0 0 84 25 6 0 0 0 
1680147072.6358175 13.163671875 56.23156289468166 979.2429488650247 0 0 0 0 0 0 69 20 6 0 0 0 
1680147077.7838054 13.173828125 56.23755411726917 979.2776540018475 0 0 0 0 0 0 69 20 6 0 0 0 
1680147082.9354277 13.173828125 56.13371067468067 979.2674526210316 0 0 0 0 0 0 69 20 6 0 0 0 
1680147088.0848672 13.183984375 56.1623356861082 979.271001168229 0 0 0 0 0 0 60 18 6 0 0 0 
1680147093.2317834 13.163671875 56.17412715261837 979.2745495556582 0 0 0 0 0 0 60 18 6 0 0 0 
1680147098.3815265 13.173828125 56.17973794332555 979.2990538445836 0 0 0 0 0 0 60 18 6 0 0 0 
1680147103.5312033 13.16875 56.16214585834645 979.241285671464 0 0 0 0 0 0 66 20 6 0 0 0 
1680147108.6804552 13.173828125 56.127530903113204 979.2614659715598 0 0 0 0 0 0 66 20 6 0 0 0 
1680147113.8299375 13.173828125 56.17374723836085 979.2809804190667 0 0 0 0 0 0 66 20 6 0 0 0 
1680147118.979272 13.173828125 56.127530903113204 979.2807583963631 0 0 0 0 0 0 87 27 8 0 0 0 
1680147124.1270287 13.17890625 56.08654695581646 979.2741055081508 0 0 0 0 0 0 87 27 8 0 0 0 
1680147129.2763166 13.16875 56.01151237366033 979.2973906216763 0 0 0 0 0 0 87 27 8 0 0 0 
1680147134.4253416 13.16875 56.11031758798474 979.3042653472529 0 0 0 0 0 0 75 23 8 0 0 0 
1680147139.5747228 13.163671875 56.24354545389495 979.3011606826891 0 0 0 0 0 0 75 23 8 0 0 0 
1680147144.723573 13.163671875 56.08055728292455 979.3227822362799 0 0 0 0 0 0 102 30 0 0 0 0 
1680147149.8730059 13.163671875 56.18515847058731 979.309476663473 0 0 0 0 0 0 102 30 0 0 0 0 
1680147155.0232844 13.15859375 56.15596560037953 979.2583615039196 0 0 0 0 0 0 102 30 0 0 0 0 
1680147160.1752841 13.163671875 56.26037434192685 979.3151305562493 0 0 0 0 0 0 90 28 0 0 0 0 
1680147165.3245494 13.15859375 56.17897775929494 979.3099197195211 0 0 0 0 0 0 90 28 0 0 0 0 
1680147170.473672 13.15859375 56.10937142720099 979.3215619063237 0 0 0 0 0 0 90 28 0 0 0 0 
1680147175.6267247 13.15859375 56.167566730798264 979.3346459944146 0 0 0 0 0 0 63 19 0 0 0 0 
1680147180.7773006 13.15859375 56.18515847058731 979.3348672667685 0 0 0 0 0 0 63 19 0 0 0 0 
1680147185.927898 13.16875 56.21397085463396 979.3115828888594 0 0 0 0 0 0 63 19 0 0 0 0 
1680147191.077062 13.16875 56.13276322019028 979.2866353559585 0 0 0 0 0 0 48 14 2 0 0 0 
1680147196.2254107 13.15859375 56.05155363633424 979.3146877932463 0 0 0 0 0 0 48 14 2 0 0 0 
1680147201.374925 13.15859375 56.179167821433076 979.3282145859995 0 0 0 0 0 0 48 14 2 0 0 0 
1680147206.5223033 13.163671875 56.18534857858947 979.2999407049261 0 0 0 0 0 0 42 12 2 0 0 0 
1680147211.6716592 13.16875 56.08673591847442 979.2847505099395 0 0 0 0 0 0 42 12 2 0 0 0 
1680147216.8211303 13.16875 56.138563830156556 979.2945078992918 0 0 0 0 0 0 42 12 2 0 0 0 
1680147221.9703414 13.15859375 56.0109481133766 979.3134674002862 0 0 0 0 0 0 30 8 2 0 0 0 
1680147227.1213946 13.153515625 56.14455407732855 979.3082565502511 0 0 1 0 0 1 81 27 6 2 2 0 
1680147232.2707298 13.16875 56.1099391559326 979.3527197910819 0 0 1 0 0 1 81 27 6 2 2 0 
1680147237.4201424 13.16875 56.01151237366033 979.3344246160726 0 0 1 0 0 1 81 27 6 2 2 0 
1680147242.5695498 13.15859375 56.16737680340344 979.3068147771165 0 0 1 0 0 1 81 25 4 2 2 0 
1680147247.7204762 13.163671875 56.22519057317527 979.3479514673255 0 0 1 0 0 1 81 25 4 2 2 0 
1680147252.8734434 13.163671875 56.17317728632206 979.3645833146128 0 0 1 0 0 1 81 25 4 2 2 0 
1680147258.0220768 13.163671875 56.091780558103686 979.3398567780624 0 0 1 0 0 1 81 25 4 2 2 0 
1680147263.1712382 13.163671875 56.132384163117905 979.3562673901152 0 0 1 0 0 1 81 25 4 2 2 0 
1680147268.3203297 13.15859375 56.08654695581646 979.3101410885647 0 0 1 0 0 1 81 25 4 2 2 0 
1680147273.471579 13.163671875 56.17897775929494 979.3417410609516 0 0 1 0 0 1 60 18 4 2 2 0 
1680147278.6224022 13.15859375 56.172797264527844 979.3465094607443 0 0 1 0 0 1 60 18 4 2 2 0 
1680147283.7731507 13.153515625 56.103381637835334 979.3417410609516 0 0 1 0 0 1 60 18 4 2 2 0 
1680147288.9233513 13.153515625 56.12116197041976 979.342182967648 0 0 1 0 0 1 66 18 4 2 2 0 
1680147294.073796 13.153515625 56.05155363633424 979.322004349264 0 0 1 0 0 1 66 18 4 2 2 0 
1680147299.219706 13.143359375 56.12078318284143 979.3282145859995 0 0 1 0 0 1 66 18 4 2 2 0 
1680147304.3703966 13.143359375 56.114982677784916 979.3105835087039 0 0 1 0 0 1 78 22 4 2 2 0 
1680147309.5194805 13.153515625 56.207789565227095 979.3585935064932 0 0 0 0 0 0 120 19 4 2 0 0 
1680147314.6688247 13.1330078125 56.04537584135641 979.3602566507892 0 0 0 0 0 0 126 24 9 2 0 0 
1680147319.8211503 13.1330078125 56.149216286323444 979.3193410145126 0 0 0 0 0 0 126 24 9 2 0 0 
1680147324.964756 13.1380859375 56.14303659901067 979.3340881801045 0 0 0 0 0 0 126 24 9 2 0 0 
1680147330.1145089 13.1330078125 56.07942362087462 979.3143517085574 0 0 0 0 0 0 132 26 11 2 0 0 
1680147335.269226 13.1330078125 56.14883671747631 979.334529586056 0 0 0 0 0 0 132 26 11 2 0 0 
1680147340.421196 13.1228515625 56.17203709189529 979.3166768884129 0 0 0 0 0 0 132 26 11 2 0 0 
1680147345.574022 13.1279296875 56.14902650727674 979.3409613474225 0 0 0 0 0 0 144 28 11 2 0 0 
1680147350.720106 13.1279296875 56.16062684911952 979.3378557645742 0 0 0 0 0 0 144 28 11 2 0 0 
1680147355.8699117 13.1330078125 56.14902650727674 979.336192675281 0 0 0 0 0 0 144 28 11 2 0 0 
1680147361.0184388 13.1228515625 56.131625919928155 979.3426244504321 0 0 0 0 0 0 165 32 11 2 0 0 
1680147366.169328 13.1228515625 56.07904564749383 979.3278772298395 0 0 0 0 0 0 165 32 11 2 0 0 
1680147371.3176353 13.1177734375 56.09064595850646 979.3285387061317 0 0 0 0 0 0 165 32 11 2 0 0 
1680147376.46677 13.1228515625 56.18325679911489 979.3299813819295 0 0 0 0 0 0 102 29 13 2 0 0 
1680147381.6150398 13.1126953125 56.061456305699664 979.3511604813793 0 0 0 0 0 0 102 29 13 2 0 0 
1680147386.7649908 13.1177734375 56.177266716136685 979.3316444439265 0 0 0 0 0 0 102 29 13 2 0 0 
1680147391.9177976 13.1126953125 56.20046608321805 979.3368539489006 0 1 1 0 1 1 126 39 10 4 0 0 
1680147397.0678701 13.1076171875 56.142846865829135 979.3270959514618 0 1 1 0 1 1 126 39 10 4 0 0 
1680147402.2188208 13.1177734375 56.18905671322804 979.356370119677 0 0 0 0 0 0 63 21 6 2 0 0 
1680147407.3699665 13.1228515625 56.061645106393954 979.36634858031 0 0 0 0 0 0 63 21 6 2 0 0 
1680147412.517151 13.1126953125 56.114035857517145 979.3516011932182 0 0 0 0 0 0 63 21 6 2 0 0 
1680147417.668106 13.1177734375 56.067445296704705 979.3283183200008 0 0 0 0 0 0 69 23 6 2 0 0 
1680147422.8172147 13.1177734375 56.11964656201585 979.3494973915394 0 0 0 0 0 0 69 23 6 2 0 0 
1680147427.9640217 13.1126953125 56.137236470600676 979.33973935742 0 0 0 0 0 0 69 23 6 2 0 0 
1680147433.1136563 13.1076171875 56.148267283552634 979.3418430953819 0 0 0 0 0 0 78 23 4 2 0 0 
1680147438.2570002 13.1126953125 56.159867086417236 979.3252126095022 0 0 0 0 0 0 78 23 4 2 0 0 
1680147443.4080977 13.1126953125 56.07809325464081 979.3634627372375 0 0 0 0 0 0 78 23 4 2 0 0 
1680147448.5586128 13.1025390625 56.159677118857395 979.3422833335738 0 0 0 0 0 0 78 23 4 2 0 0 
1680147453.7086692 13.1025390625 56.1072889271428 979.3354111263324 0 0 0 0 0 0 78 23 4 2 0 0 
1680147458.8607497 13.1076171875 56.159867086417236 979.3634627372375 0 0 0 0 0 0 78 23 4 2 0 0 
1680147464.011523 13.1025390625 56.15948714054384 979.353704517058 0 0 0 0 0 0 78 23 2 0 0 0 
1680147469.162143 13.1025390625 56.1478876071682 979.3370741615113 0 0 0 0 0 0 78 23 2 0 0 0 
1680147474.3104904 13.1126953125 56.1366674409134 979.3466120049732 0 1 1 0 1 1 123 38 10 2 0 0 
1680147479.4552207 13.1177734375 56.12544665288536 979.3617996874541 0 1 1 0 1 1 123 38 10 2 0 0 
1680147484.6052873 13.1126953125 56.026466952080455 979.3487154096769 0 0 0 0 0 0 114 36 10 2 0 0 
1680147489.7557473 13.1126953125 56.113657054133505 979.3549273190563 0 0 0 0 0 0 114 36 10 2 0 0 
1680147494.9017186 13.1126953125 56.14883671747631 979.330422021205 0 0 0 0 0 0 114 36 10 2 0 0 
1680147500.0540607 13.1177734375 56.241255492771245 979.3717779871787 0 0 0 0 0 0 120 38 10 2 0 0 
1680147505.2002506 13.1076171875 56.11346763631099 979.3501583408832 0 0 0 0 0 0 120 38 10 2 0 0 
1680147510.349856 13.1177734375 56.18325679911489 979.3470523740197 0 0 0 0 0 0 120 38 10 2 0 0 
1680147515.501436 13.1076171875 56.09064595850646 979.3701149370537 0 0 0 0 0 0 114 36 10 2 0 0 
1680147520.6533148 13.1126953125 56.14265712189386 979.3368539489006 0 0 0 0 0 0 114 36 10 2 0 0 
1680147525.8041384 13.1126953125 56.107667660301246 979.3534844395618 0 0 0 0 0 0 114 36 10 2 0 0 
1680147530.9529476 13.1076171875 56.03189008590875 979.3831993997132 0 0 0 0 0 0 114 36 10 2 0 0 
1680147536.101419 13.1177734375 56.00925475181057 979.3580331962784 0 0 0 0 0 0 114 36 10 2 0 0 
1680147541.2508442 13.1177734375 56.11346763631099 979.3335278515882 0 0 0 0 0 0 114 36 10 2 0 0 
1680147546.40025 13.1228515625 56.04405587723166 979.3698948887098 0 0 0 0 0 0 120 38 10 2 0 0 
1680147551.5472422 13.1228515625 56.05004469594009 979.36634858031 0 0 0 0 0 0 120 38 10 2 0 0 
1680147556.696575 13.1126953125 56.03806717257878 979.3432858798178 0 0 0 0 0 0 102 25 4 0 0 0 
1680147561.845022 13.1126953125 56.021231814086 979.324771677229 0 0 0 0 0 0 102 25 4 0 0 0 
1680147566.994346 13.1076171875 55.968652986372206 979.3651257870889 0 0 0 0 0 0 102 25 4 0 0 0 
1680147572.1464357 13.1025390625 56.12468842109857 979.3289791605063 0 0 0 0 0 0 102 25 4 0 0 0 
1680147577.2961717 13.0974609375 56.066689759900804 979.3275362209405 0 0 0 0 0 0 102 25 4 0 0 0 
1680147582.4475846 13.1076171875 56.07267863847237 979.3437263029103 0 0 0 0 0 0 102 25 4 0 0 0 
1680147587.5970323 13.0974609375 56.1478876071682 979.330422021205 0 0 0 0 0 0 96 23 4 0 0 0 
1680147592.7462301 13.1126953125 56.03189008590875 979.3617996874541 0 0 0 0 0 0 96 23 4 0 0 0 
1680147597.8992884 13.1076171875 56.06126749425149 979.3570305889871 0 0 0 0 0 0 96 23 4 0 0 0 
1680147603.0483336 13.1126953125 56.10205695742212 979.3719979160487 0 0 0 0 0 0 96 23 2 0 0 0 
1680147608.1976018 13.1126953125 56.0784786067687 979.3404002320742 0 0 0 0 0 0 96 23 2 0 0 0 
1680147613.3444505 13.1025390625 56.02066682691581 979.3470523740197 0 0 0 0 0 0 96 23 2 0 0 0 
1680147618.493942 13.1076171875 56.03226706730144 979.3487154096769 0 0 0 0 0 0 81 23 2 0 0 0 
1680147623.6432393 13.1025390625 56.02066682691581 979.3719979160487 0 0 0 0 0 0 81 23 2 0 0 0 
1680147628.7917407 13.1025390625 56.0202901150325 979.3404002320742 0 0 0 0 0 0 81 23 2 0 0 0 
1680147633.9411526 13.1076171875 56.03226706730144 979.3786500631853 0 0 0 0 0 0 75 21 2 0 0 0 
1680147639.0905917 13.0974609375 56.02609010544222 979.3686718428903 0 0 0 0 0 0 111 37 2 0 0 0 
1680147644.2393203 13.0923828125 56.008878330946494 979.3622396013716 0 0 0 0 0 0 132 44 2 0 0 0 
1680147649.3904157 13.1076171875 56.066689759900804 979.3508183365619 0 0 0 0 0 0 132 44 2 0 0 0 
1680147654.5397952 13.1025390625 56.02589441810625 979.3570305889871 0 0 0 0 0 0 132 44 2 0 0 0 
1680147659.6892567 13.0974609375 56.09587845199712 979.3584735880924 0 0 0 0 0 0 138 44 2 0 0 0 
1680147664.8385694 13.0923828125 56.10186767434784 979.336071168945 0 0 0 0 0 0 138 44 2 0 0 0 
1680147669.988935 13.1076171875 56.11888859972318 979.3308622366382 0 0 0 0 0 0 138 44 2 0 0 0 
1680147675.1410196 13.0923828125 55.97388983379967 979.3736609527305 0 0 0 0 0 0 123 39 2 0 0 0 
1680147680.2897937 13.0974609375 56.04349001701222 979.3541443541721 0 0 0 0 0 0 123 39 2 0 0 0 
1680147685.4390752 13.0974609375 56.02009449766541 979.370554715857 0 0 0 0 0 0 123 39 2 0 0 0 
1680147690.589622 13.1025390625 55.96228966405951 979.3670088064133 0 0 0 0 0 0 117 37 2 0 0 0 
1680147695.7420454 13.1025390625 55.97388983379967 979.3651257870889 0 0 0 0 0 0 117 37 2 0 0 0 
1680147700.8917723 13.0974609375 55.97949477617683 979.3738807621293 0 0 0 0 0 0 117 37 2 0 0 0 
1680147706.040554 13.0923828125 56.03150581060928 979.3425032937317 0 0 0 0 0 0 117 37 2 0 0 0 
1680147711.1879094 13.0923828125 56.06630466053618 979.362679091459 0 0 0 0 0 0 117 37 2 0 0 0 
1680147716.3395686 13.0873046875 56.03150581060928 979.3907305659163 0 0 0 0 0 0 117 37 2 0 0 0 
1680147721.4883208 13.0923828125 56.06126749425149 979.3869652486432 0 0 1 0 0 1 147 47 10 2 2 0 
1680147726.6399636 13.1126953125 55.927863471943674 979.3541443541721 0 0 0 0 0 0 126 40 8 0 0 0 
1680147731.7885442 13.1025390625 55.962477351590806 979.3653457700048 0 0 0 0 0 0 126 40 8 0 0 0 
1680147736.9370544 13.1177734375 55.986241727438916 979.3549273190563 0 0 0 0 0 0 126 40 8 0 0 0 
1680147742.0897481 13.1126953125 55.92767619945007 979.3470523740197 0 0 0 0 0 0 120 38 8 0 0 0 
1680147747.2448325 13.1126953125 55.927863471943674 979.3751040876332 0 0 0 0 0 0 120 38 8 0 0 0 
1680147752.3962848 13.1126953125 55.95068945454656 979.3615795715527 0 0 0 0 0 0 120 38 8 0 0 0 
1680147757.5463653 13.1177734375 55.88744799374335 979.368451886997 0 0 0 0 0 0 126 40 8 0 0 0 
1680147762.6933515 13.1177734375 55.9456392119129 979.339959754936 0 0 0 0 0 0 126 40 8 0 0 0 
1680147767.844651 13.1126953125 55.95125208059739 979.3680116573213 0 0 0 0 0 0 126 40 8 0 0 0 
1680147772.992139 13.1076171875 55.905036209124795 979.3474923192248 0 1 1 0 1 1 153 49 15 2 0 0 
1680147778.143685 13.1076171875 55.96846525296927 979.3919543607375 0 1 1 0 1 1 153 49 15 2 0 0 
1680147783.2929099 13.1126953125 55.922250372094844 979.3636827336647 0 1 1 0 1 1 153 49 15 2 0 0 
1680147788.4444277 13.1126953125 55.94507682026587 979.3335278515882 0 1 1 0 1 1 99 31 13 2 0 0 
1680147793.597084 13.1177734375 55.956864793823115 979.360136637739 0 1 1 0 1 1 99 31 13 2 0 0 
1680147798.7455137 13.1076171875 55.922250372094844 979.3751040876332 0 1 1 0 1 1 99 31 13 2 0 0 
1680147803.8944602 13.1025390625 55.927863471943674 979.353704517058 0 0 0 0 0 0 102 27 4 0 0 0 
1680147809.044462 13.1076171875 55.881460839866264 979.3736609527305 0 0 0 0 0 0 102 27 4 0 0 0 
1680147814.1958413 13.1025390625 55.89268781039009 979.3572505335001 0 0 0 0 0 0 90 23 4 0 0 0 
1680147819.3447418 13.1025390625 55.86368661544201 979.3539244885939 0 0 0 0 0 0 90 23 4 0 0 0 
1680147824.496225 13.1025390625 55.88108736224044 979.3670088064133 0 0 0 0 0 0 90 23 4 0 0 0 
1680147829.649818 13.0974609375 55.89867496588853 979.3555875110128 0 0 0 0 0 0 96 25 4 0 0 0 
1680147834.7984037 13.0974609375 55.8866935832707 979.363902624132 0 0 0 0 0 0 96 25 4 0 0 0 
1680147839.9511814 13.0974609375 55.91027548914344 979.3572505335001 0 0 0 0 0 0 96 25 4 0 0 0 
1680147845.1003604 13.1076171875 55.82925711808918 979.3672286698579 0 0 0 0 0 0 96 25 4 0 0 0 
1680147850.2512336 13.1025390625 55.97949477617683 979.3456093775236 0 0 0 0 0 0 96 25 4 0 0 0 
1680147855.4008653 13.1025390625 55.92748891620232 979.3605765786796 0 0 0 0 0 0 96 25 4 0 0 0 
1680147860.5507 13.1025390625 55.89886190147274 979.3553675529884 0 0 0 0 0 0 90 25 4 0 0 0 
1680147865.7000399 13.1025390625 55.87566046611011 979.3503784454022 0 0 0 0 0 0 90 25 4 0 0 0 
1680147870.848614 13.0923828125 55.95125208059739 979.4098084348351 0 0 0 0 0 0 90 25 4 0 0 0 
1680147875.9979377 13.1076171875 55.78865366652872 979.356590382078 0 0 0 0 0 0 63 18 6 0 0 0 
1680147881.1493902 13.1076171875 55.823642703678374 979.3551474890037 0 0 0 0 0 0 63 18 6 0 0 0 
1680147886.2983365 13.1025390625 55.974265467626864 979.3641224086418 0 0 0 0 0 0 72 24 2 0 0 0 
1680147891.449665 13.1076171875 55.89829387158533 979.3757634752978 0 0 0 0 0 0 72 24 2 0 0 0 
1680147896.598896 13.1025390625 55.88089342419895 979.3622396013716 0 0 0 0 0 0 66 22 0 0 0 0 
1680147901.7492237 13.1025390625 55.90428821876695 979.3670088064133 0 0 0 0 0 0 66 22 0 0 0 0 
1680147906.8997147 13.1025390625 55.904094000828216 979.3836391742552 0 0 0 0 0 0 66 22 0 0 0 0 
1680147912.0488975 13.1025390625 55.88089342419895 979.4002695489273 0 0 0 0 0 0 75 25 0 0 0 0 
1680147917.1982932 13.0923828125 55.84628577915482 979.4104672891565 0 0 0 0 0 0 75 25 0 0 0 0 
1680147922.3473992 13.0974609375 55.92710711320053 979.3772068086748 0 0 0 0 0 0 75 25 0 0 0 0 
1680147927.496816 13.0923828125 55.78248194714238 979.3508183365619 0 0 0 0 0 0 75 25 0 0 0 0 
1680147932.645599 13.1076171875 55.80605520543087 979.3620196973928 0 0 0 0 0 0 75 25 0 0 0 0 
1680147937.7925963 13.1126953125 55.81185569851094 979.3782102075747 0 0 0 0 0 0 75 25 0 0 0 0 
1680147942.9432025 13.1126953125 55.76563685041973 979.3867454413762 0 0 0 0 0 0 69 23 0 0 0 0 
1680147948.0902555 13.1126953125 55.84085801475637 979.3487154096769 0 0 0 0 0 0 69 23 0 0 0 0 
1680147953.2394137 13.1076171875 55.85245887164893 979.3884084921842 0 0 0 0 0 0 69 23 0 0 0 0 
1680147958.389327 13.1177734375 55.730277916971865 979.3886282859396 0 0 0 0 0 0 96 27 2 0 0 0 
1680147963.5382247 13.0974609375 55.79988311155503 979.3786500631853 None None None None None None None None None None None None 
1680147968.6865172 13.0923828125 55.96846525296927 979.418562968956 0 0 0 0 0 0 114 31 10 2 0 0 
1680147973.8417618 13.1126953125 55.90484922766662 979.3998300446152 0 0 0 0 0 0 114 31 10 2 0 0 
1680147978.9886422 13.1076171875 55.84665844817447 979.3834193399654 0 0 0 0 0 0 114 31 10 2 0 0 
1680147984.1379285 13.1126953125 55.77668153911844 979.3967237472483 0 0 0 0 0 0 114 31 10 2 0 0 
1680147989.2849412 13.1126953125 55.80605520543087 979.3838589025853 0 0 0 0 0 0 114 31 10 2 0 0 
1680147994.435392 13.1126953125 55.77125203813362 979.4152368919724 0 0 0 0 0 0 102 27 10 2 0 0 
1680147999.582472 13.0923828125 55.79408273336068 979.3986065111527 0 0 0 0 0 0 102 27 10 2 0 0 
1680148004.7310083 13.1126953125 55.800068912358284 979.4231129589539 0 0 0 0 0 0 102 27 10 2 0 0 
1680148009.8798988 13.1076171875 55.77705259087564 979.444513273681 0 0 0 0 0 0 96 25 6 2 0 0 
1680148015.0276082 13.1025390625 55.77705259087564 979.4050390040202 0 0 0 0 0 0 96 25 6 2 0 0 
1680148020.1785157 13.1126953125 55.73046290912168 979.3902913233043 0 0 0 0 0 0 96 25 6 2 0 0 
1680148025.3308895 13.1025390625 55.82869154512027 979.4233325749295 0 0 0 0 0 0 81 20 6 2 0 0 
1680148030.4824572 13.1076171875 55.80568347980619 979.3986065111527 0 0 0 0 0 0 81 20 6 2 0 0 
1680148035.631736 13.1025390625 55.89268781039009 979.4083651072073 0 0 0 0 0 0 81 20 6 2 0 0 
1680148040.7834723 13.1126953125 55.736448512864605 979.4302042405503 0 0 0 0 0 0 75 18 6 2 0 0 
1680148045.9330106 13.0974609375 55.84628577915482 979.406921700709 0 0 1 0 0 1 63 21 6 2 2 0 
1680148051.0821872 13.0923828125 55.893061557547576 979.4104672891565 0 0 1 0 0 1 69 23 6 2 2 0 
1680148056.2312446 13.1025390625 55.75366506929539 979.4466153134948 0 0 1 0 0 1 69 23 6 2 2 0 
1680148061.3800497 13.0974609375 55.77125203813362 979.4000498497522 0 0 1 0 0 1 69 23 6 2 2 0 
1680148066.5300326 13.1126953125 55.817842163100025 979.4114715001109 0 0 1 0 0 1 75 25 6 2 2 0 
1680148071.6810765 13.1177734375 55.76563685041973 979.4114715001109 0 0 1 0 0 1 75 25 6 2 2 0 
1680148076.830547 13.1126953125 55.74187888216768 979.418782413546 0 0 1 0 0 1 75 25 6 2 2 0 
1680148081.981869 13.1025390625 55.77705259087564 979.4354126674476 0 0 1 0 0 1 81 27 6 2 2 0 
1680148087.1313076 13.1076171875 55.7946399013477 979.4368563972499 0 0 1 0 0 1 81 27 6 2 2 0 
1680148092.280497 13.1076171875 55.75366506929539 979.4383000481846 0 0 1 0 0 1 81 27 6 2 2 0 
1680148097.4300573 13.0974609375 55.90428821876695 979.4534867937799 0 0 1 0 0 1 81 27 6 2 2 0 
1680148102.5808 13.0974609375 55.71848493335045 979.4439469329217 0 0 1 0 0 1 81 27 6 2 2 0 
1680148107.7299218 13.0873046875 55.82869154512027 979.462458956616 0 0 1 0 0 1 81 27 6 2 2 0 
1680148112.8801434 13.0923828125 55.81690499329099 979.4574699575184 0 0 1 0 0 1 81 27 6 2 2 0 
1680148118.0302892 13.0873046875 55.805118660479145 979.4144511583502 0 0 1 0 0 1 81 27 6 2 2 0 
1680148123.1784623 13.0822265625 55.833933080296475 979.5042524106487 0 0 1 0 0 1 81 27 6 2 2 0 
1680148128.325407 13.0771484375 55.77556098722628 979.4115632605916 0 0 0 0 0 0 36 12 2 0 0 0 
1680148133.4761097 13.0923828125 55.764517307182565 979.4310810048606 0 0 0 0 0 0 30 10 2 0 0 0 
1680148138.6256952 13.0873046875 55.81653291126044 979.4959374715133 0 0 0 0 0 0 30 10 2 0 0 0 
1680148143.7747984 13.0873046875 55.787903838856714 979.4344069749824 0 0 0 0 0 0 30 10 2 0 0 0 
1680148148.923553 13.0974609375 55.76508069324097 979.4734432786322 0 0 0 0 0 0 36 10 2 0 0 0 
1680148154.0732157 13.1025390625 55.7476793498508 979.4570320077314 0 0 0 0 0 0 36 10 2 0 0 0 
1680148159.2224517 13.0923828125 55.788089526809166 979.4570320077314 0 0 0 0 0 0 36 10 2 0 0 0 
1680148164.3704896 13.0974609375 55.82270519434968 979.4738811700987 0 0 0 0 0 0 51 13 0 0 0 0 
1680148169.5213444 13.1025390625 55.79969015318426 979.4607959568486 0 0 0 0 0 0 51 13 0 0 0 0 
1680148174.6673486 13.1025390625 55.74748702129329 979.4636841147566 0 0 0 0 0 0 51 13 0 0 0 0 
1680148179.8166707 13.1025390625 55.707075867261885 979.4967258567248 0 0 0 0 0 0 57 15 0 0 0 0 
1680148184.966599 13.0974609375 55.759280255387445 979.4584759140708 0 0 0 0 0 0 57 15 0 0 0 0 
1680148190.1150055 13.0974609375 55.666471897456375 979.442064770921 0 0 0 0 0 0 57 15 0 0 0 0 
1680148195.2665708 13.1025390625 55.72447741945916 979.4755441839242 0 0 0 0 0 0 63 17 0 0 0 0 
1680148200.4190917 13.1025390625 55.75871707408452 979.4709926643528 0 0 0 0 0 0 63 17 0 0 0 0 
1680148205.5745258 13.0873046875 55.78248194714238 979.4907299631142 0 0 0 0 0 0 63 17 0 0 0 0 
1680148210.7266645 13.0923828125 55.75908778686974 979.4969446662748 0 1 1 0 1 1 168 53 13 0 0 0 
1680148215.877907 13.0923828125 55.77686707037426 979.5339680112335 0 1 1 0 1 1 168 53 13 0 0 0 
1680148221.0298448 13.0923828125 55.72410042414171 979.5056969745457 0 1 1 0 1 1 168 53 13 0 0 0 
1680148226.1788087 13.1025390625 55.68948259683374 979.5187825673582 0 1 1 0 1 1 168 53 13 0 0 0 
1680148231.3274148 13.0822265625 55.71848493335045 979.5040339730024 0 1 1 0 1 1 168 53 13 0 0 0 
1680148236.4792519 13.0974609375 55.66609627586949 979.5453908262679 0 1 1 0 1 1 174 55 13 0 0 0 
1680148241.6256557 13.0923828125 55.74168662359063 979.5106859795857 0 1 1 0 1 1 174 55 13 0 0 0 
1680148246.7775896 13.0822265625 55.671896735438956 979.5456090320774 0 1 1 0 1 1 174 55 13 0 0 0 
1680148251.9287264 13.0923828125 55.787903838856714 979.508585865761 0 1 1 0 1 1 174 55 13 0 0 0 
1680148257.0776086 13.0873046875 55.712684485933025 979.5158933283067 0 1 1 0 1 1 174 55 13 0 0 0 
1680148262.2293344 13.1025390625 55.61426607751064 979.4655661019964 0 1 1 0 1 1 174 55 13 0 0 0 
1680148267.3829026 13.1025390625 55.54465706474033 979.5119119233717 0 1 1 0 1 1 183 55 13 0 0 0 
1680148272.5352557 13.1025390625 55.66665614831116 979.4938373405114 0 1 1 0 1 1 183 55 13 0 0 0 
1680148277.683872 13.0923828125 55.74206400909539 979.4850845660051 0 1 1 0 1 1 183 55 13 0 0 0 
1680148282.8349588 13.1025390625 55.608465381134025 979.4950628149886 0 1 1 0 1 1 174 52 13 0 0 0 
1680148287.9849532 13.1025390625 55.800254702407145 979.4803143871005 0 1 1 0 1 1 174 52 13 0 0 0 
1680148293.13531 13.1025390625 55.631668106981316 979.5169010103002 0 0 0 0 0 0 93 27 4 2 0 0 
1680148298.2854433 13.1126953125 55.608648958059874 979.5064852741389 0 0 0 0 0 0 93 27 4 2 0 0 
1680148303.4364183 13.1228515625 55.580194645384864 979.4863095082177 0 0 0 0 0 0 93 27 4 2 0 0 
1680148308.584225 13.1126953125 55.557173410601955 979.5623734462444 0 0 0 0 0 0 99 27 2 0 0 0 
1680148313.7340317 13.1228515625 55.603398648412345 979.5160257848997 0 0 0 0 0 0 99 27 2 0 0 0 
1680148318.8836412 13.1177734375 55.574759868089025 979.5274483917732 0 0 0 0 0 0 99 27 2 0 0 0 
1680148324.027513 13.1279296875 55.55662459628573 979.50604728738 0 0 0 0 0 0 105 27 2 0 0 0 
1680148329.179388 13.1177734375 55.62678622842194 979.5112555416583 0 0 0 0 0 0 105 27 2 0 0 0 
1680148334.328844 13.1126953125 55.62061786682034 979.5528322982133 0 0 0 0 0 0 105 27 2 0 0 0 
1680148339.4806857 13.1025390625 55.707260589853114 979.5399649658443 0 0 0 0 0 0 114 32 2 0 0 0 
1680148344.6302657 13.1025390625 55.637277764697544 979.5339680112335 0 0 0 0 0 0 114 32 2 0 0 0 
1680148349.7797298 13.0974609375 55.60229056438559 979.5121305053632 0 0 0 0 0 0 114 32 2 0 0 0 
1680148354.9311492 13.0873046875 55.68349762474974 979.5724349759656 0 0 0 0 0 0 123 35 4 0 0 0 
1680148360.0843468 13.0873046875 55.70688402857263 979.5341862056739 0 0 0 0 0 0 123 35 4 0 0 0 
1680148365.2327034 13.0873046875 55.66029580635729 979.5705540880132 0 0 0 0 0 0 123 35 4 0 0 0 
1680148370.38211 13.0822265625 55.654311178153876 979.5474901216772 0 0 0 0 0 0 114 30 4 0 0 0 
1680148375.5274267 13.0822265625 55.70052949763415 979.5427191736002 0 0 0 0 0 0 96 32 2 0 0 0 
1680148380.6759312 13.0771484375 55.72990078428396 979.6192161444975 0 0 0 0 0 0 96 32 2 0 0 0 
1680148385.8255596 13.0771484375 55.83411932884484 979.589064887362 0 0 0 0 0 0 96 32 2 0 0 0 
1680148390.9765203 13.0771484375 55.67677498594296 979.6094556450682 0 0 0 0 0 0 96 32 2 0 0 0 
1680148396.1291366 13.0771484375 55.717745351648325 979.5978148897963 0 0 0 0 0 0 96 32 2 0 0 0 
1680148401.281334 13.0669921875 55.792960960728244 979.6030211071436 0 0 0 0 0 0 96 32 2 0 0 0 
1680148406.4308815 13.0517578125 55.71139057675945 979.6015753858986 0 0 0 0 0 0 102 34 2 0 0 0 
1680148411.5822718 13.0619140625 55.77500413411138 979.5932606971842 0 0 0 0 0 0 102 34 2 0 0 0 
1680148416.7329147 13.0619140625 55.7577901039182 979.598249510208 0 0 0 0 0 0 102 34 2 0 0 0 
1680148421.8799303 13.0466796875 55.81017483348427 979.578294261801 0 0 0 0 0 0 102 34 2 0 0 0 
1680148427.029693 13.0517578125 55.71139057675945 979.5733054512361 0 0 0 0 0 0 102 34 2 0 0 0 
1680148432.179073 13.0568359375 55.75199019781801 979.5866089474422 0 0 0 0 0 0 102 34 2 0 0 0 
1680148437.3295257 13.0466796875 55.76303348676013 979.5936005103689 0 0 0 0 0 0 90 30 2 0 0 0 
1680148442.4772453 13.0466796875 55.76938988629459 979.5472566858693 0 0 0 0 0 0 90 30 2 0 0 0 
1680148447.630103 13.0568359375 55.740205131661746 979.5869489248935 0 0 0 0 0 0 90 30 2 0 0 0 
1680148452.7801688 13.0568359375 55.722990518197115 979.5882718847752 0 0 0 0 0 0 90 30 2 0 0 0 
1680148457.9277363 13.0619140625 55.64759018804718 979.6132159529668 0 1 2 0 1 2 228 68 15 2 2 0 
1680148463.0770211 13.0517578125 55.734590419869456 979.590152041034 0 1 2 0 1 2 228 68 13 2 2 0 
1680148468.2240446 13.0669921875 55.728975552603615 979.5745333892929 0 1 2 0 1 2 228 68 13 2 2 0 
1680148473.3733532 13.0720703125 55.70632976276692 979.5932606971842 0 1 2 0 1 2 228 68 13 2 2 0 
1680148478.5203693 13.0720703125 55.79913265274408 979.6094556450682 0 1 2 0 1 2 234 70 15 2 2 0 
1680148483.669745 13.0771484375 55.67732833768049 979.5861741378712 0 1 2 0 1 2 234 70 15 2 2 0 
1680148488.819261 13.0873046875 55.59032257108248 979.5892825299783 0 1 2 0 1 2 234 70 15 2 2 0 
1680148493.9702926 13.0974609375 55.637277764697544 979.611693778741 0 1 2 0 1 2 123 37 13 2 2 0 
1680148499.119674 13.0974609375 55.695283084022996 979.626878727951 0 1 2 0 1 2 123 37 13 2 2 0 
1680148504.2688494 13.0974609375 55.70089888414549 979.6177704723111 0 1 2 0 1 2 123 37 13 2 2 0 
1680148509.4184089 13.0822265625 55.62530896870216 979.6023688213969 0 1 2 0 1 2 117 37 13 2 2 0 
1680148514.567802 13.0873046875 55.77031753033812 979.6256507164763 0 1 2 0 1 2 117 37 13 2 2 0 
1680148519.7170422 13.0669921875 55.682759617396385 979.657464684142 0 1 2 0 1 2 117 37 13 2 2 0 
1680148524.8659477 13.0669921875 55.57798839209392 979.6379431035618 0 1 2 0 1 2 102 34 13 2 2 0 
1680148530.017004 13.0619140625 55.740390355793636 979.5968037372772 0 1 2 0 1 2 102 34 13 2 2 0 
1680148535.1671035 13.0517578125 55.647774323176826 979.6317251604813 0 1 2 0 1 2 102 34 13 2 2 0 
1680148540.3164666 13.0517578125 55.7576046776215 979.6348341578298 0 0 0 0 0 0 135 39 8 0 0 0 
1680148545.4678762 13.0619140625 55.69979059555646 979.6267363838939 0 0 0 0 0 0 129 37 6 0 0 0 
1680148550.6173058 13.0517578125 55.69960584315056 979.6136499064319 0 0 0 0 0 0 129 37 6 0 0 0 
1680148555.7667108 13.0669921875 55.682575088671506 979.6286161115189 0 0 0 0 0 0 129 37 6 0 0 0 
1680148560.916078 13.0517578125 55.728975552603615 979.6701889324523 0 0 0 0 0 0 129 37 6 0 0 0 
1680148566.0654173 13.0517578125 55.69979059555646 979.6631041354507 0 0 0 0 0 0 129 37 6 0 0 0 
1680148571.2147145 13.0517578125 55.746190281776485 979.5920320644055 0 0 0 0 0 0 129 37 6 0 0 0 
1680148576.3681571 13.0568359375 55.71139057675945 979.6237492878939 0 0 0 0 0 0 156 44 6 0 0 0 
1680148581.5199845 13.0619140625 55.76321900195358 979.6649836867718 0 0 0 0 0 0 156 44 6 0 0 0 
1680148586.669651 13.0466796875 55.75199019781801 979.6369306722908 0 0 0 0 0 0 156 44 6 0 0 0 
1680148591.8179433 13.0568359375 55.740205131661746 979.6023484978449 0 0 0 0 0 0 150 42 6 0 0 0 
1680148596.9637682 13.0517578125 55.90820980575385 979.6369306722908 0 0 0 0 0 0 150 42 6 0 0 0 
1680148602.1148841 13.0517578125 55.74581968798119 979.630617294728 0 0 0 0 0 0 150 42 6 0 0 0 
1680148607.2648342 13.0416015625 55.68183686622573 979.6285213520409 0 0 0 0 0 0 129 38 6 0 0 0 
1680148612.4143274 13.0568359375 55.67677498594296 979.6348341578298 0 0 0 0 0 0 129 38 6 0 0 0 
1680148617.563043 13.0517578125 55.746190281776485 979.6616578329135 0 0 0 0 0 0 129 38 6 0 0 0 
1680148622.7140772 13.0568359375 55.624205872144216 979.6581153144363 0 0 0 0 0 0 117 39 6 0 0 0 
1680148627.8597212 13.0517578125 55.728975552603615 979.6761910389595 0 0 0 0 0 0 117 39 6 0 0 0 
1680148633.0106902 13.0517578125 55.71139057675945 979.6581153144363 0 0 0 0 0 0 102 34 6 0 0 0 
1680148638.160348 13.0568359375 55.711205689573525 979.6999051687782 0 0 0 0 0 0 102 34 6 0 0 0 
1680148643.311336 13.0517578125 55.69979059555646 979.6782871049372 0 0 0 0 0 0 102 34 6 0 0 0 
1680148648.461585 13.0466796875 55.728605384649754 979.6516802729774 0 1 1 0 1 1 114 36 8 0 0 0 
1680148653.6112015 13.0568359375 55.752360883371864 979.6649836867718 0 1 1 0 1 1 114 36 8 0 0 0 
1680148658.7617674 13.0568359375 55.61315691980256 979.6402564970776 0 1 1 0 1 1 114 36 8 0 0 0 
1680148663.912529 13.0619140625 55.76938988629459 979.6300622348838 0 1 1 0 1 1 129 38 8 0 0 0 
1680148669.057924 13.0619140625 55.68837518145848 979.6633207598084 0 1 1 0 1 1 129 38 8 0 0 0 
1680148674.2089179 13.0517578125 55.6941752643039 979.6533431994627 0 1 1 0 1 1 129 38 8 0 0 0 
1680148679.3594897 13.0619140625 55.69435992781024 979.692820587358 0 1 1 0 1 1 135 40 10 2 0 0 
1680148684.5087242 13.0568359375 55.728975552603615 979.6566690526382 0 1 1 0 1 1 135 40 10 2 0 0 
1680148689.6623218 13.0619140625 55.64832666403762 979.6662133131987 0 1 1 0 1 1 135 40 10 2 0 0 
1680148694.8092232 13.0771484375 55.64234226400918 979.6460408977094 0 1 1 0 1 1 171 52 12 2 0 0 
1680148699.9595644 13.0771484375 55.63690988231032 979.6576816668457 0 1 1 0 1 1 171 52 12 2 0 0 
1680148705.1068764 13.0669921875 55.706144985989205 979.6726483749386 0 0 0 0 0 0 126 38 6 0 0 0 
1680148710.2554405 13.0771484375 55.64271032420066 979.6331712185845 0 0 0 0 0 0 126 38 6 0 0 0 
1680148715.4073496 13.0568359375 55.682759617396385 979.6562355898965 0 0 0 0 0 0 126 38 6 0 0 0 
1680148720.5567493 13.0619140625 55.71719055244895 979.662887405158 0 0 0 0 0 0 135 38 8 0 0 0 
1680148725.7050412 13.0669921875 55.693990590042965 979.6618743648509 0 0 0 0 0 0 135 38 8 0 0 0 
1680148730.8532393 13.0568359375 55.69960584315056 979.635051011881 0 0 0 0 0 0 135 38 8 0 0 0 
1680148736.003908 13.0517578125 55.722805496232105 979.6617793244909 0 0 0 0 0 0 144 41 8 0 0 0 
1680148741.1521397 13.0517578125 55.722620463512555 979.6901439016616 0 0 0 0 0 0 144 41 8 0 0 0 
1680148746.302853 13.0416015625 55.71645066961928 979.7001213899543 0 0 0 0 0 0 144 41 8 0 0 0 
1680148751.4515 13.0314453125 55.71645066961928 979.6624279625344 0 0 0 0 0 0 138 37 8 0 0 0 
1680148756.5999312 13.0365234375 55.72823517367773 979.6657536802143 0 0 0 0 0 0 138 37 8 0 0 0 
1680148761.7493262 13.0416015625 55.75013612477895 979.6626439633733 0 0 0 0 0 0 138 37 8 0 0 0 
1680148766.897225 13.0365234375 55.774632844929194 979.636038447947 0 1 1 0 1 1 159 44 8 0 0 0 
1680148772.0472283 13.0365234375 55.79147418671488 979.7268482410033 0 1 1 0 1 1 159 44 8 0 0 0 
1680148777.1945844 13.0212890625 55.768461973389584 979.6645226900789 0 1 1 0 1 1 159 44 8 0 0 0 
1680148782.3473465 13.0263671875 55.756677384820726 979.7137609293593 0 1 1 0 1 1 174 49 8 0 0 0 
1680148787.495616 13.0263671875 55.78548891682238 979.6909123426688 0 0 0 0 0 0 177 48 0 0 0 0 
1680148792.6484296 13.0365234375 55.83244270475343 979.677393694245 0 0 0 0 0 0 177 48 0 0 0 0 
1680148797.8018987 13.0416015625 55.69886672598102 979.68093526537 0 0 0 0 0 0 177 48 0 0 0 0 
1680148802.9518595 13.0416015625 55.7628479608122 979.7056623136792 0 0 0 0 0 0 171 46 0 0 0 0 
1680148808.1014397 13.0212890625 55.77370443377079 979.6661855219306 0 0 0 0 0 0 171 46 0 0 0 0 
1680148813.2462442 13.0212890625 55.59971999476622 979.7060935068581 0 0 0 0 0 0 171 46 0 0 0 0 
1680148818.3970542 13.0314453125 55.721324933348185 979.7023365927215 0 0 0 0 0 0 165 44 0 0 0 0 
1680148823.5434985 13.0314453125 55.762662424109806 979.6854920744289 0 0 0 0 0 0 165 44 0 0 0 0 
1680148828.689135 13.0263671875 55.76809073294633 979.6640908213402 0 0 0 0 0 0 165 44 0 0 0 0 
1680148833.838267 13.0314453125 55.727864919687555 979.6927908408451 0 0 0 0 0 0 60 18 2 2 0 0 
1680148838.9873254 13.0314453125 55.803445068734945 979.6890337116221 0 0 0 0 0 0 60 18 2 2 0 0 
1680148844.1348093 13.0263671875 55.72823517367773 979.6886018245434 0 0 0 0 0 0 60 18 2 2 0 0 
1680148849.2857938 13.0314453125 55.76883317081498 979.7039994531664 0 0 0 0 0 0 69 21 2 2 0 0 
1680148854.4345448 13.0314453125 55.71645066961928 979.6640908213402 0 0 0 0 0 0 69 21 2 2 0 0 
1680148859.585142 13.0365234375 55.73964939473895 979.6956851516254 0 0 0 0 0 0 69 21 2 2 0 0 
1680148864.7360618 13.0416015625 55.733849728369634 979.6902647114644 0 0 0 0 0 0 63 21 2 2 0 0 
1680148869.8855019 13.0365234375 55.75704833420449 979.707109432306 0 0 0 0 0 0 69 21 0 0 0 0 
1680148875.0348625 13.0365234375 55.86125341000307 979.7139766172689 0 0 0 0 0 0 69 21 2 0 0 0 
1680148880.1839802 13.0416015625 55.60625455332308 979.6538974952153 0 0 0 0 0 0 69 21 2 0 0 0 
1680148885.3332763 13.0517578125 55.75161946924619 979.7051101350226 0 0 0 0 0 0 69 21 2 0 0 0 
1680148890.4821882 13.0517578125 55.687821328583624 979.6834922441658 0 0 0 0 0 0 81 25 2 0 0 0 
1680148895.631651 13.0517578125 55.693805905027425 979.6852760509064 0 0 0 0 0 0 81 25 2 0 0 0 
1680148900.7803633 13.0517578125 55.75199019781801 979.6767454210056 0 0 0 0 0 0 81 25 2 0 0 0 
1680148905.9297347 13.0517578125 55.734590419869456 979.7179812071769 0 0 0 0 0 0 81 25 2 0 0 0 
1680148911.0818164 13.0517578125 55.60662195536161 979.6883857221193 0 0 0 0 0 0 81 25 2 0 0 0 
1680148916.232535 13.0416015625 55.67042162691748 979.6987950625258 0 0 0 0 0 0 81 25 2 0 0 0 
1680148921.3812294 13.0416015625 55.74563437495178 979.7116663343857 0 0 0 0 0 0 87 27 2 0 0 0 
1680148926.530681 13.0466796875 55.74001989677533 979.6906965715202 0 0 0 0 0 0 87 27 2 0 0 0 
1680148931.680871 13.0466796875 55.751434088828525 979.7272795065633 0 0 0 0 0 0 87 27 2 0 0 0 
1680148936.830801 13.0314453125 55.72805005205991 979.7154238037933 0 0 0 0 0 0 87 27 2 0 0 0 
1680148941.9806213 13.0263671875 55.69886672598102 979.6878023422171 0 0 0 0 0 0 87 27 2 0 0 0 
1680148947.1300898 13.0212890625 55.750692459612935 979.7557634050355 0 0 0 0 0 0 87 27 2 0 0 0 
1680148952.2801247 13.0212890625 55.785303078307955 979.7343616866467 0 0 0 0 0 0 84 21 0 0 0 0 
1680148957.4296362 13.0111328125 55.69232803773723 979.7112974049237 0 0 0 0 0 0 84 21 0 0 0 0 
1680148962.5787406 13.0111328125 55.83132447141371 979.7316814048323 0 0 0 0 0 0 111 30 0 0 0 0 
1680148967.7299209 13.0111328125 55.750321580478115 979.7314663816012 0 0 0 0 0 0 111 30 0 0 0 0 
1680148972.8792398 13.0162109375 55.895113948584424 979.6984255381767 0 0 0 0 0 0 111 30 0 0 0 0 
1680148978.0294013 13.0060546875 55.77370443377079 979.7295884314581 0 0 0 0 0 0 111 30 0 0 0 0 
1680148983.1814651 13.0212890625 55.866492476847114 979.7397804200886 0 0 0 0 0 0 111 30 0 0 0 0 
1680148988.3307505 13.0162109375 55.860506573424914 979.723152344821 0 0 0 0 0 0 111 30 0 0 0 0 
1680148993.479848 13.0212890625 55.87229164505387 979.7295884314581 0 0 0 0 0 0 132 34 0 0 0 0 
1680148998.6288795 13.0111328125 55.76210574947573 979.7426758609287 0 0 0 0 0 0 132 34 0 0 0 0 
1680149003.781231 13.0212890625 55.81991251978737 979.7279256105227 0 0 0 0 0 0 132 34 0 0 0 0 
1680149008.9299395 13.0263671875 55.791288291568314 979.732914073534 0 0 0 0 0 0 126 32 0 0 0 0 
1680149014.082044 13.0263671875 55.79708765637455 979.7343616866467 0 0 0 0 0 0 126 32 0 0 0 0 
1680149019.234967 13.0212890625 55.756306392418985 979.7478794662551 0 0 0 0 0 0 126 32 0 0 0 0 
1680149024.3876982 13.0162109375 55.72693909650755 979.7048614699138 0 0 0 0 0 0 159 41 0 0 0 0 
1680149029.5367558 13.0162109375 55.802328856957566 979.7212743274636 0 0 0 0 0 0 159 41 0 0 0 0 
1680149034.6858377 13.0111328125 55.785303078307955 979.7362397158828 0 0 0 0 0 0 90 24 6 0 0 0 
1680149039.8337662 13.0162109375 55.77370443377079 979.731036017412 0 0 0 0 0 0 90 24 6 0 0 0 
1680149044.9844701 13.0162109375 55.79671569904548 979.7381176122544 0 0 0 0 0 0 105 26 10 0 0 0 
1680149050.1342206 13.0212890625 55.733479318092535 979.7312512524618 0 0 0 0 0 0 105 26 10 0 0 0 
1680149055.2865543 13.0314453125 55.72805005205991 979.751791575549 0 0 0 0 0 0 105 26 10 0 0 0 
1680149060.4364853 13.0263671875 55.69868191980214 979.7374720692362 0 0 0 0 0 0 111 28 10 0 0 0 
1680149065.58713 13.0416015625 55.61150305248129 979.7222909225658 0 0 0 0 0 0 111 28 10 0 0 0 
1680149070.7365994 13.0365234375 55.71645066961928 979.738919538281 0 0 0 0 0 0 111 28 10 0 0 0 
1680149075.8883474 13.0314453125 55.658637473924514 979.7667575836521 0 0 0 0 0 0 117 30 10 0 0 0 
1680149081.0370123 13.0314453125 55.63525387920981 979.7501286861012 0 0 0 0 0 0 117 30 10 0 0 0 
1680149086.18691 13.0416015625 55.704851247417025 979.7748566351537 0 0 0 0 0 0 117 30 10 0 0 0 
1680149091.3402996 13.0314453125 55.73329409682219 979.7210590113467 0 0 0 0 0 0 111 30 10 0 0 0 
1680149096.4889762 13.0263671875 55.78043250910277 979.750559573345 0 0 0 0 0 0 111 30 10 0 0 0 
1680149101.6377392 13.0314453125 55.75124869765638 979.7268482410033 0 0 0 0 0 0 111 30 10 0 0 0 
1680149106.7859397 13.0416015625 55.68165228372771 979.7293731828971 0 0 0 0 0 0 111 32 8 0 0 0 
1680149111.9357738 13.0365234375 55.63506982509175 979.7139766172689 0 0 0 0 0 0 111 32 8 0 0 0 
1680149117.0865436 13.0314453125 55.634701684591434 979.7460015311194 0 0 0 0 0 0 126 36 6 0 0 0 
1680149122.238261 13.0314453125 55.84310918150141 979.7491120092434 0 0 0 0 0 0 126 36 6 0 0 0 
1680149127.390559 13.0162109375 55.71028109232535 979.7659555580001 0 0 0 0 0 0 126 36 6 0 0 0 
1680149132.542554 13.0212890625 55.78511722903909 979.7395653585049 0 0 0 0 0 0 126 36 8 0 0 0 
1680149137.692722 13.0162109375 55.785303078307955 979.7150534680903 0 0 0 0 0 0 126 36 8 0 0 0 
1680149142.8440232 13.0111328125 55.802328856957566 979.771158977038 0 0 0 0 0 0 126 36 8 0 0 0 
1680149147.9953578 13.0111328125 55.68054456289232 979.7597341194231 0 0 0 0 0 0 120 34 8 0 0 0 
1680149153.1458282 13.0060546875 55.81972625544827 979.7582861178228 0 0 0 0 0 0 120 34 8 0 0 0 
1680149158.2963223 13.0162109375 55.80831412929491 979.7499721431354 0 0 0 0 0 0 120 34 8 0 0 0 
1680149163.446016 13.0162109375 55.756306392418985 979.7364548044886 0 0 0 0 0 0 114 34 8 0 0 0 
1680149168.5937812 13.0162109375 55.80251491913981 979.7460015311194 0 0 0 0 0 0 114 34 8 0 0 0 
1680149173.7400866 13.0162109375 55.8835159512772 979.7431060359614 0 0 0 0 0 0 114 34 8 0 0 0 
1680149178.8883822 13.0162109375 55.82571170012474 979.7678333318208 0 0 0 0 0 0 108 32 8 0 0 0 
1680149184.0372775 13.0212890625 55.75013612477895 979.787572431551 0 0 0 0 0 0 108 32 8 0 0 0 
1680149189.186121 13.0212890625 55.849468061343494 979.7543157077912 0 0 0 0 0 0 108 32 8 0 0 0 
1680149194.3365805 13.0212890625 55.785303078307955 979.7576413789379 0 0 1 0 0 1 81 25 13 2 0 0 
1680149199.4838598 13.0314453125 55.75087788304858 979.732914073534 0 0 0 0 0 0 63 17 4 0 0 0 
1680149204.632427 13.0263671875 55.73909356102548 979.7690661998978 0 0 0 0 0 0 63 17 4 0 0 0 
1680149209.7760227 13.0263671875 55.73927884968449 979.7937940185934 0 0 0 0 0 0 63 17 4 0 0 0 
1680149214.9247863 13.0212890625 55.76210574947573 979.7428910014002 0 0 0 0 0 0 63 17 4 0 0 0 
1680149220.0755112 13.0212890625 55.78567474458236 979.7726069024789 0 0 0 0 0 0 69 21 4 0 0 0 
1680149225.2199244 13.0263671875 55.6694993345655 979.7686358217403 0 0 0 0 0 0 69 21 4 0 0 0 
1680149230.3693945 13.0162109375 55.64611671984107 979.7823689991305 0 0 0 0 0 0 69 21 4 0 0 0 
1680149235.5203736 13.0314453125 55.79110238566732 979.7738396535117 0 0 0 0 0 0 60 18 2 0 0 0 
1680149240.6736755 13.0416015625 55.70503609947679 979.7370411776502 0 0 0 0 0 0 60 18 2 0 0 0 
1680149245.824581 13.0365234375 55.6468535399817 979.7536699346247 0 0 0 0 0 0 60 18 2 0 0 0 
1680149250.9732182 13.0416015625 55.704851247417025 979.7624148019204 0 0 0 0 0 0 60 18 2 0 0 0 
1680149256.1230743 13.0517578125 55.664252956586516 979.7883751606777 0 0 0 0 0 0 60 18 2 0 0 0 
1680149261.2710333 13.0416015625 55.647037718130115 979.7324835245432 0 0 0 0 0 0 60 18 2 0 0 0 
1680149266.4179866 13.0314453125 55.792217659756915 979.761553405744 0 0 0 0 0 0 54 16 2 0 0 0 
1680149271.5689106 13.0517578125 55.71157545319078 979.80987392344 0 0 0 0 0 0 54 16 2 0 0 0 
1680149276.717456 13.0517578125 55.78061822645818 979.7882559766502 0 0 0 0 0 0 54 16 2 0 0 0 
1680149281.8685374 13.0568359375 55.75161946924619 979.7781824431888 0 1 1 0 1 1 156 48 8 2 0 0 
1680149287.018045 13.0517578125 55.682390549192 979.7451400181678 0 1 1 0 1 1 162 50 10 2 0 0 
1680149292.1681337 13.0416015625 55.66462170648037 979.794476643375 0 1 1 0 1 1 162 50 10 2 0 0 
1680149297.3141506 13.0517578125 55.70540577133259 979.798233489119 0 1 1 0 1 1 162 50 10 2 0 0 
1680149302.4651692 13.0517578125 55.612605727488315 979.7484657967219 0 1 1 0 1 1 168 52 10 2 0 0 
1680149307.6139898 13.0619140625 55.79857505551434 979.7666380414022 0 1 1 0 1 1 168 52 10 2 0 0 
1680149312.763357 13.0619140625 55.612973199785905 979.7882559766502 0 1 1 0 1 1 168 52 10 2 0 0 
1680149317.915347 13.0619140625 55.630373806218394 979.769963876843 0 1 1 0 1 1 162 50 10 2 0 0 
1680149323.0646715 13.0517578125 55.63598998813494 979.8096585940169 0 1 1 0 1 1 162 50 10 2 0 0 
1680149328.2134748 13.0466796875 55.63018987326682 979.798233489119 0 1 1 0 1 1 162 50 10 2 0 0 
1680149333.3628986 13.0466796875 55.67622153741373 979.7767349254606 0 1 1 0 1 1 150 48 8 2 0 0 
1680149338.5124102 13.0416015625 55.63543792257317 979.7619843156726 0 1 1 0 1 1 150 48 8 2 0 0 
1680149343.6628923 13.0517578125 55.68220599895787 979.7667575836521 0 1 1 0 1 1 150 48 8 2 0 0 
1680149348.8122206 13.0466796875 55.63488576021895 979.7719615751839 0 1 1 0 1 1 138 44 10 2 0 0 
1680149353.961006 13.0365234375 55.60643825971973 979.8066669656371 0 1 1 0 1 1 138 44 10 2 0 0 
1680149359.1103632 13.0466796875 55.798017361494985 979.8251736674315 0 1 1 0 1 1 138 44 10 2 0 0 
1680149364.2613118 13.0314453125 55.75704833420449 979.7815082514975 0 1 1 0 1 1 132 40 6 2 0 0 
1680149369.4108243 13.0416015625 55.67585251795438 979.8070969341111 0 1 1 0 1 1 132 40 6 2 0 0 
1680149374.5617373 13.0263671875 55.774261512729204 979.7925609424709 0 1 1 0 1 1 138 42 8 2 0 0 
1680149379.711205 13.0263671875 55.681283086467786 979.8123003133836 0 1 1 0 1 1 138 42 8 2 0 0 
1680149384.860563 13.0314453125 55.69325178545317 979.7958866167588 0 1 1 0 1 1 138 42 8 2 0 0 
1680149390.0115952 13.0416015625 55.79166007110702 979.7726069024789 0 1 1 0 1 1 132 44 8 2 0 0 
1680149395.1633778 13.0416015625 55.72767977656065 979.8214179725068 0 1 1 0 1 1 132 44 8 2 0 0 
1680149400.3127468 13.0416015625 55.751434088828525 979.7981372971375 0 1 1 0 1 1 132 44 8 2 0 0 
1680149405.4620886 13.0416015625 55.751434088828525 979.7817235972867 0 0 0 0 0 0 123 41 4 2 0 0 
1680149410.611574 13.0416015625 55.65302183578354 979.8114405385666 0 0 0 0 0 0 123 41 4 2 0 0 
1680149415.7584224 13.0365234375 55.67023718995638 979.8068820028337 0 0 0 0 0 0 123 41 4 2 0 0 
1680149420.9077704 13.0416015625 55.74544905116787 979.7952418569375 0 0 0 0 0 0 150 43 4 2 0 0 
1680149426.0571537 13.0263671875 55.722065300826586 979.797119747063 0 0 0 0 0 0 150 43 4 2 0 0 
1680149431.2077289 13.0314453125 55.68165228372771 979.8054340694322 0 0 0 0 0 0 150 43 4 2 0 0 
1680149436.3568761 13.0365234375 55.73366452860836 979.8399248140065 0 0 0 0 0 0 123 34 4 2 0 0 
1680149441.5081022 13.0365234375 55.72823517367773 979.7883751606777 0 0 0 0 0 0 123 34 4 2 0 0 
1680149446.658636 13.0314453125 55.6990515214053 979.8137483935088 0 0 0 0 0 0 114 28 6 0 0 0 
1680149451.808811 13.0314453125 55.762476876652926 979.8108521544351 0 0 0 0 0 0 114 28 6 0 0 0 
1680149456.95813 13.0212890625 55.762476876652926 979.8008751287031 0 0 0 0 0 0 114 28 6 0 0 0 
1680149462.1084552 13.0212890625 55.69269756908744 979.8303770467835 0 0 0 0 0 0 126 32 6 0 0 0 
1680149467.2564335 13.0212890625 55.802887011241076 979.8403542420264 0 0 0 0 0 0 126 32 6 0 0 0 
1680149472.4032252 13.0212890625 55.8262706307713 979.8125149922962 0 0 0 0 0 0 126 32 6 0 0 0 
1680149477.5537665 13.0212890625 55.77407583049752 979.8341318907037 0 0 0 0 0 0 96 23 2 0 0 0 
1680149482.7017717 13.0162109375 55.785303078307955 979.836009113364 0 0 0 0 0 0 96 23 2 0 0 0 
1680149487.8510919 13.0060546875 55.7675337916229 979.8062927894437 0 0 0 0 0 0 96 23 2 0 0 0 
1680149492.994809 13.0263671875 55.58812071410277 979.8042008036739 0 0 0 0 0 0 96 23 2 0 0 0 
1680149498.1456194 13.0111328125 55.80270097056765 979.853871619885 0 0 0 0 0 0 96 23 2 0 0 0 
1680149503.2960234 13.0162109375 55.77407583049752 979.8692656338203 0 0 0 0 0 0 96 23 2 0 0 0 
1680149508.4449763 13.0111328125 55.970499962028065 979.8659399805455 0 0 0 0 0 0 96 23 2 0 0 0 
1680149513.5962515 13.0060546875 55.854707452722984 979.8300004907722 0 0 0 0 0 0 96 23 2 0 0 0 
1680149518.7456017 13.0162109375 55.831883636478146 979.82957214453 0 0 0 0 0 0 96 23 2 0 0 0 
1680149523.896286 13.0162109375 55.80812799972681 979.8112812215497 0 0 0 0 0 0 90 23 2 0 0 0 
1680149529.041899 13.0111328125 55.854707452722984 979.8312349561196 0 0 0 0 0 0 84 26 4 0 0 0 
1680149534.1924238 13.0060546875 55.82533902592188 979.824797976777 0 0 0 0 0 0 84 26 4 0 0 0 
1680149539.3425531 13.0009765625 55.83113806155018 979.8366516294514 0 0 0 0 0 0 84 26 4 0 0 0 
1680149544.4932663 13.0162109375 55.86593206660567 979.7950820306306 0 0 0 0 0 0 84 26 4 0 0 0 
1680149549.643484 13.0111328125 55.78511722903909 979.8395490150926 0 0 0 0 0 0 84 26 4 0 0 0 
1680149554.7928917 13.0111328125 55.7273094580432 979.8711424547587 0 0 0 0 0 0 84 26 4 0 0 0 
1680149559.9453483 13.0060546875 55.888753671538026 979.8300004907722 0 0 0 0 0 0 84 26 4 0 0 0 
1680149565.0948358 13.0111328125 55.89473963566578 979.8449655543368 0 0 0 0 0 0 84 26 4 0 0 0 
1680149570.245579 13.0009765625 55.842549547603475 979.8615934092288 0 0 0 0 0 0 84 26 4 0 0 0 
1680149575.3910937 13.0009765625 55.85414741452046 979.8435166754018 0 0 0 0 0 0 90 28 4 0 0 0 
1680149580.541501 12.9908203125 55.8131822371983 979.8333260599752 0 0 0 0 0 0 90 28 4 0 0 0 
1680149585.694506 13.0009765625 55.842549547603475 979.8372931924273 0 0 0 0 0 0 90 28 4 0 0 0 
1680149590.8454525 13.0009765625 55.911948778056455 979.8703346133381 0 0 0 0 0 0 111 35 8 0 0 0 
1680149595.9969943 12.9857421875 55.847788553191734 979.8337539285675 0 0 0 0 0 0 111 35 8 0 0 0 
1680149601.1462703 12.9908203125 55.94655334990932 979.8786484099404 0 0 0 0 0 0 111 35 8 0 0 0 
1680149606.3007686 12.9755859375 55.98096852911571 979.8379338023599 0 0 0 0 0 0 111 35 8 0 0 0 
1680149611.4517324 12.9755859375 55.83001937652748 979.8364844370332 0 0 0 0 0 0 114 25 4 0 0 0 
1680149616.6011007 12.9755859375 55.85321380242995 979.8682885382004 0 0 0 0 0 0 135 32 4 0 0 0 
1680149621.7506888 12.9654296875 56.04998190110509 979.8685014081077 0 0 0 0 0 0 135 32 4 0 0 0 
1680149626.9014742 12.9705078125 55.95739878383725 979.8369107961433 0 0 0 0 0 0 135 32 4 0 0 0 
1680149632.0526845 12.9654296875 56.07317427752168 979.8616378269581 0 0 0 0 0 0 135 32 6 0 0 0 
1680149637.201618 12.9654296875 55.9918118711459 979.8585254227196 0 0 0 0 0 0 135 32 6 0 0 0 
1680149642.3488464 12.9705078125 55.94000371807512 979.8682885382004 0 0 0 0 0 0 135 32 6 0 0 0 
1680149647.499973 12.9705078125 55.95758675138891 979.8416856997859 0 0 0 0 0 0 135 32 6 0 0 0 
1680149652.6477225 12.9603515625 55.922608562878615 979.8614247971266 0 0 0 0 0 0 135 32 6 0 0 0 
1680149657.8003223 12.9755859375 55.94000371807512 979.8333723163657 0 0 0 0 0 0 135 32 6 0 0 0 
1680149662.9497714 12.9806640625 55.9054006793735 979.8213067683732 0 0 0 0 0 0 114 28 6 0 0 0 
1680149668.0989 12.9755859375 56.009772018476184 979.8281709870827 0 0 0 0 0 0 114 28 6 0 0 0 
1680149673.249774 12.9603515625 56.038574574872726 979.8248456075803 0 0 0 0 0 0 114 28 6 0 0 0 
1680149678.397161 12.9654296875 55.93439304097813 979.8200709064439 0 0 0 0 0 0 99 26 8 0 0 0 
1680149683.5490613 12.9705078125 55.9921886470584 979.8416856997859 0 0 0 0 0 0 99 26 8 0 0 0 
1680149688.697352 12.9654296875 55.86481095575687 979.849999084913 0 0 0 0 0 0 99 26 8 0 0 0 
1680149693.8483384 12.9705078125 55.94000371807512 979.879501417197 0 0 1 0 0 1 90 26 6 2 0 0 
1680149699.0011163 12.9654296875 55.969183546969994 979.8450110536319 0 0 1 0 0 1 90 26 6 2 0 0 
1680149704.1502595 12.9654296875 55.98078030280154 979.9081928285939 0 0 1 0 0 1 90 26 6 2 0 0 
1680149709.2993155 12.9755859375 55.89978946023013 979.8828268282275 0 0 1 0 0 1 90 26 6 2 0 0 
1680149714.452784 12.9755859375 56.01538169046278 979.8587382678141 0 0 0 0 0 0 90 26 4 2 0 0 
1680149719.6054769 12.9603515625 55.95739878383725 979.8682885382004 0 0 0 0 0 0 90 26 4 2 0 0 
1680149724.7520027 12.9603515625 56.03239864948001 979.8566497942434 0 0 0 0 0 0 90 26 4 2 0 0 
1680149729.9038157 12.9654296875 55.910824303800275 979.9015421107974 0 0 0 0 0 0 102 30 4 2 0 0 
1680149735.050314 12.9654296875 55.99761001214655 979.891566036151 0 0 0 0 0 0 102 30 4 2 0 0 
1680149740.202053 12.9654296875 55.922796126148434 979.8865779997493 0 0 0 0 0 0 102 30 4 2 0 0 
1680149745.3546689 12.9603515625 56.03239864948001 979.8653888704231 0 0 0 0 0 0 90 26 2 2 0 0 
1680149750.5053108 12.9603515625 56.003408143210514 979.8668387437058 0 0 0 0 0 0 90 26 2 2 0 0 
1680149755.6552525 12.9705078125 55.9921886470584 979.8649631824429 0 0 0 0 0 0 90 26 2 2 0 0 
1680149760.8046288 12.9705078125 55.94561423972018 979.8948913940933 0 0 0 0 0 0 69 21 2 2 0 0 
1680149765.953931 12.9705078125 55.975170088789824 979.873276572349 0 0 0 0 0 0 69 21 2 2 0 0 
1680149771.103193 12.9705078125 56.021368635184345 979.8155093774824 0 0 0 0 0 0 69 21 2 2 0 0 
1680149776.2544103 12.9705078125 56.0505490378923 979.8616378269581 0 1 1 0 1 1 117 37 10 0 0 0 
1680149781.4037998 12.9705078125 55.91643513389879 979.8614247971266 0 1 1 0 1 1 117 37 10 0 0 0 
1680149786.5507164 12.9654296875 56.009394859804615 979.8566497942434 0 1 1 0 1 1 138 44 14 0 0 0 
1680149791.7001746 12.9654296875 56.02735569396864 979.8633005046664 0 1 1 0 1 1 138 44 14 0 0 0 
1680149796.8515804 12.9755859375 55.99836379046768 979.8828268282275 0 1 1 0 1 1 138 44 14 0 0 0 
1680149802.0028176 12.9806640625 55.94617773809612 979.8886249681163 0 1 1 0 1 1 138 42 12 0 0 0 
1680149807.1520476 12.9958984375 55.98078030280154 979.9011165937768 0 1 1 0 1 1 138 42 12 0 0 0 
1680149812.3006542 12.9806640625 55.88837942885858 979.8593357016381 0 1 1 0 1 1 138 42 12 0 0 0 
1680149817.4481971 12.9908203125 55.876595082794346 979.9139925222541 0 1 1 0 1 1 159 47 10 0 0 0 
1680149822.5970156 12.9958984375 55.876969077451676 979.8776256052937 0 1 1 0 1 1 159 47 10 0 0 0 
1680149827.7503016 12.9857421875 55.88258076214829 979.8923769872868 0 1 1 0 1 1 159 47 10 0 0 0 
1680149832.897949 12.9705078125 55.888192291387476 979.8894776511078 0 0 0 0 0 0 138 40 8 0 0 0 
1680149838.0451014 12.9755859375 56.02716692863235 979.8844895338452 0 0 0 0 0 0 138 40 8 0 0 0 
1680149843.1938574 12.9705078125 56.0041621910431 979.8994538874763 0 0 0 0 0 0 138 40 8 0 0 0 
1680149848.3408275 12.9705078125 55.96937163852631 979.879501417197 0 1 1 0 1 1 159 47 8 0 0 0 
1680149853.4898694 12.9806640625 55.95796265422985 979.8666258602875 0 1 1 0 1 1 159 47 8 0 0 0 
1680149858.637532 12.9755859375 55.975170088789824 979.8599751493183 0 0 0 0 0 0 48 14 4 0 0 0 
1680149863.7853656 12.9806640625 55.876595082794346 979.8778387117844 0 0 0 0 0 0 48 14 4 0 0 0 
1680149868.9324267 12.9806640625 56.009960581680915 979.8711878908158 0 0 0 0 0 0 48 14 4 0 0 0 
1680149874.081805 12.9806640625 55.85938599592865 979.880737857853 0 0 0 0 0 0 48 14 4 0 0 0 
1680149879.2308207 12.9857421875 55.888192291387476 979.9054657650123 0 0 0 0 0 0 48 14 4 0 0 0 
1680149884.3802912 12.9806640625 55.95777470818645 979.9085780918427 0 0 0 0 0 0 48 14 4 0 0 0 
1680149889.5298033 12.9857421875 55.91138658932233 979.8840633230641 0 0 0 0 0 0 69 17 4 0 0 0 
1680149894.6785235 12.9755859375 55.86499783445075 979.8975782368859 0 0 0 0 0 0 69 17 4 0 0 0 
1680149899.8279538 12.9806640625 55.92298367866406 979.8716138942311 0 0 0 0 0 0 69 17 4 0 0 0 
1680149904.9770904 12.9806640625 55.9401914834869 979.8878149452853 0 0 0 0 0 0 90 24 2 0 0 0 
1680149910.1285434 12.9705078125 56.038574574872726 979.8946786344802 0 0 0 0 0 0 90 24 2 0 0 0 
1680149915.2821772 12.9705078125 56.00378518863489 979.8865779997493 0 0 0 0 0 0 90 24 2 0 0 0 
1680149920.431043 12.9755859375 55.98059206573329 979.9096428701996 0 0 0 0 0 0 96 26 2 0 0 0 
1680149925.579331 12.9705078125 55.99256537995464 979.8863651725816 0 0 0 0 0 0 96 26 2 0 0 0 
1680149930.7237713 12.9705078125 55.99817536201848 979.8886659881566 0 0 0 0 0 0 96 26 2 0 0 0 
1680149935.8729372 12.9806640625 55.899602177240425 979.8982167523086 0 0 0 0 0 0 96 26 2 0 0 0 
1680149941.0233223 12.9705078125 55.99237701888355 979.8847024804065 0 0 0 0 0 0 90 25 12 0 0 0 
1680149946.1711392 12.9705078125 55.96282101709232 979.904654791012 0 0 0 0 0 0 90 25 12 0 0 0 
1680149951.3176305 12.9654296875 56.06756545679923 979.9248196278645 0 0 0 0 0 0 90 25 12 0 0 0 
1680149956.466525 12.9705078125 55.89922757899828 979.9065301490424 0 0 0 0 0 0 126 32 14 0 0 0 
1680149961.616858 12.9501953125 55.98563703603637 979.9169310776796 0 0 0 0 0 0 126 32 14 0 0 0 
1680149966.7659533 12.9603515625 55.96880733159504 979.908617814007 0 0 0 0 0 0 126 32 14 0 0 0 
1680149971.9175131 12.9501953125 56.067186929092685 979.9005169534886 0 0 0 0 0 0 126 32 14 0 0 0 
1680149977.067558 12.9552734375 56.049792834001444 979.8955290376609 0 0 0 0 0 0 126 32 14 0 0 0 
1680149982.2170577 12.9552734375 55.99742154068113 979.9140302528541 0 0 0 0 0 0 126 32 14 0 0 0 
1680149987.3686116 12.9501953125 56.06138890733229 979.9285696496887 0 0 0 0 0 0 120 30 12 0 0 0 
1680149992.517175 12.9501953125 55.96805477179581 979.919230171488 0 0 0 0 0 0 120 30 12 0 0 0 
1680149997.6662834 12.9552734375 56.00321960436725 979.9073797504127 0 0 0 0 0 0 120 30 12 0 0 0 
1680150002.8182385 12.9451171875 56.002842494418594 979.927119181613 0 0 0 0 0 0 126 32 12 0 0 0 
1680150007.96973 12.9501953125 56.084012456166164 979.9061413174501 0 0 0 0 0 0 126 32 12 0 0 0 
1680150013.1161044 12.9552734375 56.11898889432882 979.9061413174501 0 0 0 0 0 0 126 32 12 0 0 0 
1680150018.2679634 12.9501953125 56.0262229406409 979.9173555044845 0 0 0 0 0 0 120 30 10 0 0 0 
1680150023.4169838 12.9501953125 56.00303105476994 979.9425067523512 0 1 1 0 1 1 153 37 11 0 0 0 
1680150028.563663 12.9603515625 56.04941466753226 979.9437455830661 0 1 1 0 1 1 153 37 11 0 0 0 
1680150033.7139194 12.9552734375 56.00864041341308 979.9618227310052 0 1 1 0 1 1 153 37 11 0 0 0 
1680150038.8622966 12.9400390625 56.06661905687841 979.9159049467427 0 1 1 0 1 1 153 37 11 0 0 0 
1680150044.012992 12.9451171875 56.11898889432882 979.9520587863526 0 1 1 0 1 1 174 41 11 0 0 0 
1680150049.1648564 12.9654296875 56.00321960436725 979.9283573720518 0 1 1 0 1 1 174 41 11 0 0 0 
1680150054.3133194 12.9654296875 56.05559087563521 979.9418708789384 0 1 1 0 1 1 174 41 11 0 0 0 
1680150059.4652262 12.9705078125 56.06119969472341 979.9321071013319 0 1 1 0 1 1 147 34 11 0 0 0 
1680150064.6101067 12.9603515625 55.9918118711459 979.9138180653661 0 1 1 0 1 1 147 34 11 0 0 0 
1680150069.7550454 12.9705078125 55.9918118711459 979.9119431192712 0 1 1 0 1 1 147 34 11 0 0 0 
1680150074.9063087 12.9755859375 55.98059206573329 979.9680493379202 0 1 1 0 1 1 141 32 11 0 0 0 
1680150080.0517774 12.9603515625 56.01519303837259 979.9566227191157 0 1 1 0 1 1 141 32 11 0 0 0 
1680150085.2023702 12.9654296875 56.113950351149704 979.9499720474431 0 1 1 0 1 1 141 32 11 0 0 0 
1680150090.349806 12.9603515625 56.14275045282711 979.9601600762908 0 0 0 0 0 0 135 32 11 0 0 0 
1680150095.4936929 12.9755859375 55.922608562878615 979.9645117818181 0 0 0 0 0 0 135 32 11 0 0 0 
1680150100.6441045 12.9654296875 56.038574574872726 979.9597359285559 0 0 0 0 0 0 135 32 11 0 0 0 
1680150105.794681 12.9603515625 56.01538169046278 979.971374702144 0 0 0 0 0 0 69 19 0 0 0 0 
1680150110.9446225 12.9654296875 56.00378518863489 979.9647239739696 0 0 0 0 0 0 69 19 0 0 0 0 
1680150116.0900888 12.9806640625 56.015947582209236 979.9607616351245 0 0 0 0 0 0 75 21 0 0 0 0 
1680150121.2415097 12.9755859375 55.90558802974504 979.9410215654694 0 0 0 0 0 0 75 21 0 0 0 0 
1680150126.392334 12.9806640625 55.94617773809612 979.9476723979083 0 0 0 0 0 0 75 21 0 0 0 0 
1680150131.5386953 12.9806640625 55.94617773809612 979.9509978145375 0 0 0 0 0 0 69 19 0 0 0 0 
1680150136.6851518 12.9806640625 56.00958344451742 979.9493351061888 0 0 0 0 0 0 69 19 0 0 0 0 
1680150141.831546 12.9705078125 56.02099120700364 979.8969792477327 0 0 0 0 0 0 69 19 0 0 0 0 
1680150146.9830933 12.9654296875 56.049792834001444 979.9734613159178 0 0 0 0 0 0 69 21 0 0 0 0 
1680150152.1331055 12.9501953125 56.05559087563521 979.9786610483395 0 0 0 0 0 0 69 21 0 0 0 0 
1680150157.2776313 12.9552734375 56.118609067857086 979.9720104812044 0 0 0 0 0 0 69 21 0 0 0 0 
1680150162.4280612 12.9501953125 56.08981023605676 979.9838605944392 0 0 0 0 0 0 63 19 0 0 0 0 
1680150167.5764952 12.9501953125 56.107203516112605 979.9855232230876 0 0 0 0 0 0 63 19 0 0 0 0 
1680150172.7290494 12.9501953125 56.084580934753724 979.9425067523512 0 0 0 0 0 0 63 19 0 0 0 0 
1680150177.880421 12.9501953125 56.014438322471584 979.9477062983833 0 0 0 0 0 0 78 26 2 0 0 0 
1680150183.028723 12.9400390625 56.15938281973656 979.9709827063431 0 0 0 0 0 0 78 26 2 0 0 0 
1680150188.1772156 12.9400390625 56.04865820554633 979.9711941168629 0 0 0 0 0 0 63 21 6 0 0 0 
1680150193.328827 12.9400390625 56.14759723300805 980.0092225484675 0 0 0 0 0 0 63 21 6 0 0 0 
1680150198.4829657 12.9400390625 56.130394417083174 979.9464668188285 0 0 0 0 0 0 69 21 6 0 0 0 
1680150203.6298504 12.9400390625 56.15301415827584 979.9890599542196 0 0 0 0 0 0 69 21 6 0 0 0 
1680150208.7792335 12.924609375 56.20557281812797 979.9728567044326 0 0 0 0 0 0 69 21 6 0 0 0 
