timestamp temperature humidity pressure pm10_standard pm25_standard pm100_standard pm10_env pm25_env pm100_env particles_03um particles_05um particles_10um particles_25um particles_50um particles_100um
1682520949.410699 20.412109375 32.004344481270905 985.677308111013 0 1 1 0 1 1 258 71 12 0 0 0 
1682520954.5640788 20.396875 32.07571836046747 985.7176945318199 0 1 1 0 1 1 258 71 12 0 0 0 
1682520959.7110696 20.401953125 32.09968300569834 985.6732211006774 1 2 2 1 2 2 315 95 14 0 0 0 
1682520964.8615062 20.391796875 32.19449563511879 985.6944561445238 1 2 2 1 2 2 315 95 14 0 0 0 
1682520970.0202165 20.4171875 32.028206299260134 985.6806736445421 1 2 2 1 2 2 315 95 14 0 0 0 
1682520975.1749785 20.401953125 32.07582306998575 985.6930936578686 1 2 2 1 2 2 309 93 12 0 0 0 
1682520980.329036 20.401953125 32.075927768681574 985.6846799576748 1 2 2 1 2 2 309 93 12 0 0 0 
1682520985.482601 20.401953125 32.11156056253026 985.7136065404788 1 2 2 1 2 2 309 93 12 0 0 0 
1682520990.636213 20.38671875 32.105621789254 985.7189745681641 1 1 1 1 1 1 273 84 10 0 0 0 
1682520995.785706 20.391796875 32.12958495516141 985.7038301436281 1 1 1 1 1 1 273 84 10 0 0 0 
1682521000.9375243 20.3765625 32.195012238806285 985.6980586965884 1 1 1 1 1 1 273 84 10 0 0 0 
1682521006.0878813 20.371484375 32.13562753325543 985.7014240418839 1 1 1 1 1 1 258 79 10 0 0 0 
1682521011.242503 20.381640625 31.957785284817653 985.7078351219435 0 1 3 0 1 3 186 57 14 4 2 2 
1682521016.3934708 20.361328125 32.1418777280092 985.7303488138816 0 1 3 0 1 3 216 67 14 4 2 2 
1682521021.5437305 20.36640625 32.01154858776211 985.7091129106769 0 1 3 0 1 3 216 67 14 4 2 2 
1682521026.69558 20.35625 32.12416683803086 985.6774623400707 0 1 3 0 1 3 216 67 14 4 2 2 
1682521031.845744 20.361328125 32.1004136794994 985.6922865908487 0 1 2 0 1 2 228 67 19 2 0 0 
1682521036.9949236 20.35625 32.27855836015967 985.7158434405655 0 1 2 0 1 2 228 67 19 2 0 0 
1682521042.1454453 20.351171875 32.225115927209735 985.7127973219181 0 1 2 0 1 2 228 67 19 2 0 0 
1682521047.296143 20.35625 32.290536494660834 985.7124781754814 0 2 3 0 2 3 243 70 26 6 0 0 
1682521052.446876 20.34609375 32.32636723739204 985.7030207279898 0 2 3 0 2 3 243 70 26 6 0 0 
1682521057.6031995 20.34609375 32.33230494683991 985.7191205076019 0 2 3 0 2 3 243 70 26 6 0 0 
1682521062.7576034 20.341015625 32.118540932175016 985.7022948620238 0 1 3 0 1 3 228 63 22 6 0 0 
1682521067.914238 20.3357421875 32.32646894617426 985.7389927861913 0 1 3 0 1 3 228 63 22 6 0 0 
1682521073.072533 20.3306640625 32.373969787215245 985.7184830621819 0 1 3 0 1 3 228 63 22 6 0 0 
1682521078.2267225 20.351171875 32.13041706018722 985.7019760584861 0 1 2 0 1 2 201 56 20 6 0 0 
1682521083.38373 20.34609375 32.32636723739204 985.7036586362843 0 1 2 0 1 2 201 56 20 6 0 0 
1682521088.538792 20.351171875 32.39751817304891 985.7383554472026 0 1 2 0 1 2 201 56 20 6 0 0 
1682521093.6928966 20.351171875 32.32636723739204 985.7585467291643 1 2 2 1 2 2 354 106 10 2 0 0 
1682521098.8414116 20.341015625 32.183962476754644 985.7639130721202 1 2 2 1 2 2 354 106 10 2 0 0 
1682521103.992739 20.341015625 32.213548805243 985.7033397368594 1 2 2 1 2 2 339 101 10 2 0 0 
1682521109.1437843 20.341015625 32.39168147608084 985.7279408950036 1 2 2 1 2 2 339 101 10 2 0 0 
1682521114.297973 20.361328125 32.11229027932064 985.7606367115254 1 2 2 1 2 2 339 101 10 2 0 0 
1682521119.451165 20.36640625 32.26657990032189 985.7461308389045 1 1 1 1 1 1 327 94 6 0 0 0 
1682521124.6063209 20.3765625 32.27804675760031 985.7502215800929 1 1 1 1 1 1 327 94 6 0 0 0 
1682521129.760934 20.381640625 32.24845759497302 985.7448542430134 1 1 1 1 1 1 327 94 6 0 0 0 
1682521134.9158049 20.3765625 32.18313537992573 985.7559942964244 1 1 1 1 1 1 315 90 6 0 0 0 
1682521140.0693784 20.38671875 32.31367663424439 985.7664099476906 1 1 1 1 1 1 315 90 6 0 0 0 
1682521145.2242517 20.381640625 32.24251926318041 985.7566330613585 1 1 1 1 1 1 315 90 6 0 0 0 
1682521150.3778937 20.3765625 32.08228500647768 985.7583157499731 1 1 1 1 1 1 273 76 6 0 0 0 
1682521155.534785 20.371484375 32.242930164026205 985.7505407431277 1 1 1 1 1 1 273 76 6 0 0 0 
1682521160.6901789 20.371484375 32.29616812102183 985.7575903878043 1 1 1 1 1 1 273 76 6 0 0 0 
1682521165.844997 20.371484375 32.40305239496173 985.7458118541151 0 1 1 0 1 1 264 73 8 0 0 0 
1682521170.9999876 20.371484375 32.2544985212266 985.7552696046424 0 1 1 0 1 1 264 73 8 0 0 0 
1682521176.1548588 20.36640625 32.26043676410991 985.7653656556289 0 1 1 0 1 1 201 60 11 4 0 0 
1682521181.3096948 20.36640625 32.349610674260106 985.7707326824399 0 1 1 0 1 1 201 60 11 4 0 0 
1682521186.4637973 20.36640625 32.22480715263303 985.7589540499512 0 2 2 0 2 2 228 69 11 4 0 0 
1682521191.6186092 20.361328125 32.19521880452734 985.7424465594046 0 2 2 0 2 2 228 69 11 4 0 0 
1682521196.7775624 20.35625 32.20730159789344 985.7562266433837 0 2 2 0 2 2 228 69 11 4 0 0 
1682521201.93234 20.35625 32.183445622401806 985.7609556837729 0 2 2 0 2 2 249 69 11 4 0 0 
1682521207.087178 20.36640625 32.37356507429681 985.7592730357537 0 2 2 0 2 2 249 69 11 4 0 0 
1682521212.2421556 20.381640625 32.24282745504746 985.7623193731697 0 2 2 0 2 2 249 69 11 4 0 0 
1682521217.3975403 20.391796875 32.17115490741741 985.7607229378086 1 1 1 1 1 1 285 78 4 2 0 0 
1682521222.55287 20.38671875 32.32555317756091 985.7576770121493 1 1 1 1 1 1 285 78 4 2 0 0 
1682521227.7078645 20.38671875 32.25439591648692 985.7812350396381 1 1 1 1 1 1 285 78 4 2 0 0 
1682521232.8624344 20.371484375 32.29023000815976 985.7902868469336 1 1 1 1 1 1 315 81 8 2 0 0 
1682521238.01756 20.371484375 32.11791609805369 985.760317629821 1 1 1 1 1 1 315 81 8 2 0 0 
1682521243.1720138 20.3765625 32.22480715263303 985.7519042548728 1 1 1 1 1 1 315 81 8 2 0 0 
1682521248.3274004 20.371484375 32.45629273213188 985.7599984386576 1 1 1 1 1 1 303 76 6 0 0 0 
1682521253.4830055 20.381640625 32.343672653902104 985.7586349546915 1 1 1 1 1 1 303 76 6 0 0 0 
1682521258.6386287 20.396875 32.277944404623426 985.758720579364 0 2 3 0 2 3 222 59 18 6 2 2 
1682521263.7899458 20.391796875 32.17730042840308 985.7728214568192 0 2 3 0 2 3 222 59 18 6 2 2 
1682521268.9405587 20.38671875 32.30804431591128 985.7549503728137 0 2 3 0 2 3 222 59 18 6 2 2 
1682521274.0898528 20.3765625 32.27825143108906 985.7768253293481 0 1 3 0 1 3 216 57 16 4 2 2 
1682521279.2347553 20.371484375 32.35565010548681 985.7367601843699 0 1 3 0 1 3 216 57 16 4 2 2 
1682521284.3859282 20.371484375 32.408990312537426 985.7606367115254 0 1 3 0 1 3 216 57 16 4 2 2 
1682521289.538937 20.371484375 32.23084831423641 985.7306680301197 0 1 3 0 1 3 222 59 14 4 2 2 
1682521294.6932104 20.36640625 32.23084831423641 985.7539060656474 0 1 3 0 1 3 222 59 14 4 2 2 
1682521299.8441463 20.371484375 32.337734623265874 985.7734599506507 0 1 3 0 1 3 222 59 14 4 2 2 
1682521304.9920428 20.371484375 32.331796582351416 985.7468562307427 0 1 2 0 1 2 201 52 12 4 2 2 
1682521310.141011 20.36640625 32.486382129980086 985.7687310065171 0 1 2 0 1 2 201 52 12 4 2 2 
1682521315.2948391 20.381640625 32.27825143108906 985.7340333238516 0 1 2 0 1 2 201 52 12 4 2 2 
1682521320.45083 20.3765625 32.20709534887662 985.7485389053827 0 1 2 0 1 2 192 52 8 4 2 2 
1682521325.60473 20.36640625 32.32565497291501 985.749902307599 0 1 2 0 1 2 192 52 8 4 2 2 
1682521330.7585273 20.381640625 32.30190211856488 985.7700945722329 0 1 2 0 1 2 192 52 8 4 2 2 
1682521335.9123893 20.3765625 32.23678652988078 985.7650465051307 0 1 2 0 1 2 198 55 12 4 2 2 
1682521341.0679204 20.381640625 32.36128394607913 985.748219619334 1 1 1 1 1 1 306 93 10 0 0 0 
1682521346.2217376 20.381640625 32.224910088313806 985.7485389053827 1 1 1 1 1 1 306 93 10 0 0 0 
1682521351.376589 20.381640625 32.349407662805895 985.7680926502799 1 1 1 1 1 1 306 93 10 0 0 0 
1682521356.5213494 20.381640625 32.337531338417854 985.7633638162364 1 1 1 1 1 1 276 83 8 0 0 0 
1682521361.6721025 20.381640625 32.26637499671476 985.7653656556289 1 1 1 1 1 1 276 83 8 0 0 0 
1682521366.820928 20.381640625 32.39691254920998 985.7613618403426 1 1 1 1 1 1 276 83 8 0 0 0 
1682521371.9712179 20.381640625 32.575247831695485 985.7778696063008 1 1 1 1 1 1 264 79 8 0 0 0 
1682521377.1233735 20.381640625 32.379098293898714 985.7532676843389 1 1 1 1 1 1 264 79 8 0 0 0 
1682521382.2750468 20.371484375 32.46233090645526 985.7330754280937 1 1 1 1 1 1 264 79 8 0 0 0 
1682521387.4246767 20.381640625 32.355447252371555 985.7740980066372 1 1 1 1 1 1 258 79 8 0 0 0 
1682521392.5681875 20.38671875 32.480244521743835 985.7734599506507 1 1 1 1 1 1 258 79 8 0 0 0 
1682521397.7165945 20.391796875 32.46796832446816 985.7549503728137 1 1 1 1 1 1 258 79 8 0 0 0 
1682521402.8655932 20.381640625 32.32555317756091 985.7613618403426 1 2 2 1 2 2 327 100 10 2 0 0 
1682521408.017141 20.38671875 32.3908734308577 985.7697753529391 1 2 2 1 2 2 327 100 10 2 0 0 
1682521413.1648564 20.396875 32.2720059875219 985.7842811570273 1 2 2 1 2 2 327 100 10 2 0 0 
1682521418.3185623 20.391796875 32.39067131133955 985.764088396858 1 2 2 1 2 2 333 102 12 2 0 0 
1682521423.474816 20.396875 32.37889592263565 985.7718628950673 1 1 2 1 1 2 228 76 10 2 2 2 
1682521428.628742 20.396875 32.438177262432596 985.7792329660411 1 1 1 1 1 1 213 69 8 0 0 0 
1682521433.7826471 20.391796875 32.432440217200735 985.7523092914084 1 1 1 1 1 1 213 69 8 0 0 0 
1682521438.9279563 20.401953125 32.343266314314675 985.7738652686563 1 1 1 1 1 1 213 69 8 0 0 0 
1682521444.0791752 20.391796875 32.449953254875695 985.7354820038513 1 1 1 1 1 1 249 81 10 0 0 0 
1682521449.2264361 20.40703125 32.420261873607735 985.7600835973981 1 1 1 1 1 1 249 81 10 0 0 0 
1682521454.371141 20.401953125 32.479544317514126 985.7604033223391 1 1 1 1 1 1 249 81 10 0 0 0 
1682521459.5210426 20.401953125 32.330880844519854 985.7513499132543 1 1 1 1 1 1 240 76 8 0 0 0 
1682521464.6766036 20.412109375 32.42589810774845 985.7631293033635 1 1 1 1 1 1 240 76 8 0 0 0 
1682521469.8302991 20.442578125 32.35422922468437 985.7827648395681 1 1 1 1 1 1 240 76 8 0 0 0 
1682521474.9842074 20.452734375 32.38361983831094 985.7760333759012 1 1 1 1 1 1 240 76 8 0 0 0 
1682521480.1320693 20.442578125 32.43727210984806 985.7861305718211 1 1 1 1 1 1 240 76 8 0 0 0 
1682521485.282746 20.44765625 32.241079746672035 985.7726583543955 1 1 1 1 1 1 240 76 8 0 0 0 
1682521490.4341698 20.44765625 32.347985370629566 985.7790692286834 0 1 1 0 1 1 198 62 6 0 0 0 
1682521495.5792778 20.432421875 32.38955888027081 985.7894871551647 0 1 1 0 1 1 198 62 6 0 0 0 
1682521500.7302763 20.452734375 32.520414552477234 985.7511110521413 0 1 1 0 1 1 198 62 6 0 0 0 
1682521505.8801582 20.462890625 32.5081378931591 985.7568706873783 0 1 1 0 1 1 297 72 6 0 0 0 
1682521511.0322182 20.473046875 32.1872115446721 985.7747407678165 0 1 1 0 1 1 297 72 6 0 0 0 
1682521516.182909 20.4578125 32.13990212271951 985.7736997529639 0 1 1 0 1 1 291 70 6 0 0 0 
1682521521.3372304 20.4578125 32.211279903263375 985.7787484740031 0 1 1 0 1 1 291 70 6 0 0 0 
1682521526.4927652 20.462890625 32.37174172354517 985.7709754747032 0 1 1 0 1 1 291 70 6 0 0 0 
1682521531.647676 20.452734375 32.312554667440374 985.7827556340179 0 1 1 0 1 1 297 70 6 0 0 0 
1682521536.8024983 20.452734375 32.443110364310265 985.7925323794205 0 1 1 0 1 1 297 70 6 0 0 0 
1682521541.9561179 20.452734375 32.34224970784644 985.777706993892 0 1 1 0 1 1 297 70 6 0 0 0 
1682521547.11114 20.432421875 32.567923614918875 985.7894963043539 0 1 1 0 1 1 219 58 10 0 0 0 
1682521552.2647936 20.4375 32.425495206023385 985.77971953218 0 1 1 0 1 1 219 58 10 0 0 0 
1682521557.4197884 20.42734375 32.449350672418014 985.7655348465711 0 1 1 0 1 1 219 58 10 0 0 0 
1682521562.5740545 20.4375 32.532490913565105 985.7679395673639 0 1 1 0 1 1 183 51 10 0 0 0 
1682521567.7287314 20.432421875 32.532490913565105 985.7834055250255 0 1 1 0 1 1 183 51 10 0 0 0 
1682521572.8853505 20.42734375 32.45549009531295 985.7537551708223 0 1 1 0 1 1 183 51 10 0 0 0 
1682521578.0408788 20.412109375 32.45538971701611 985.8052824372285 0 1 1 0 1 1 156 42 10 0 0 0 
1682521583.1996245 20.432421875 32.31296280687067 985.8056024395024 0 1 1 0 1 1 156 42 10 0 0 0 
1682521588.3536463 20.42734375 32.39006469307529 985.8096077141112 0 0 0 0 0 0 129 37 2 0 0 0 
1682521593.508517 20.422265625 32.35453387769479 985.7702631026335 0 0 0 0 0 0 129 37 2 0 0 0 
1682521598.6636374 20.42734375 32.431635306787385 985.7854085289446 0 0 0 0 0 0 141 41 4 0 0 0 
1682521603.818384 20.432421875 32.54426855157291 985.8072852658366 0 0 0 0 0 0 141 41 4 0 0 0 
1682521608.9721646 20.4375 32.40174004341115 985.7733084926093 0 0 0 0 0 0 141 41 4 0 0 0 
1682521614.126899 20.452734375 32.419052218432924 985.7591953188146 0 1 1 0 1 1 156 46 6 2 0 0 
1682521619.2841983 20.452734375 32.347985370629566 985.7491075324209 0 1 1 0 1 1 156 46 6 2 0 0 
1682521624.439282 20.473046875 32.323821000852725 985.7915701122045 0 1 1 0 1 1 156 46 6 2 0 0 
1682521629.5942397 20.478125 32.54961104489529 985.7814725047326 0 1 1 0 1 1 135 42 4 2 0 0 
1682521634.749109 20.478125 32.454586301085484 985.7750617686139 0 1 1 0 1 1 135 42 4 2 0 0 
1682521639.9047134 20.493359375 32.3947897979579 985.8084771758054 0 1 1 0 1 1 135 42 4 2 0 0 
1682521645.0594997 20.48828125 32.44240615343198 985.8097615734706 0 1 1 0 1 1 165 52 4 2 0 0 
1682521650.2147143 20.483203125 32.31184000680782 985.7562284970663 0 1 1 0 1 1 165 52 4 2 0 0 
1682521655.3697417 20.478125 32.44250678744917 985.8195384155958 0 1 1 0 1 1 165 52 4 2 0 0 
1682521660.5263977 20.473046875 32.496059953126895 985.8087201932717 0 1 1 0 1 1 186 57 4 2 0 0 
1682521665.6822717 20.462890625 32.39519449945144 985.8134482703629 0 1 1 0 1 1 186 57 4 2 0 0 
1682521670.8353875 20.473046875 32.501999073098986 985.7938946408966 1 2 3 1 2 3 267 76 18 4 2 0 
1682521675.989303 20.462890625 32.448747700403615 985.7854801030342 1 2 3 1 2 3 267 76 18 4 2 0 
1682521681.1392589 20.462890625 32.31798362006135 985.8019885061026 1 2 3 1 2 3 267 76 18 4 2 0 
1682521686.2915103 20.462890625 32.419052218432924 985.8029502008145 1 2 3 1 2 3 282 81 20 4 2 0 
1682521691.441118 20.452734375 32.31214635486535 985.7642439566331 1 2 3 1 2 3 282 81 20 4 2 0 
1682521696.593289 20.452734375 32.644731434296084 985.7474151663523 1 2 3 1 2 3 282 81 20 4 2 0 
1682521701.7451003 20.462890625 32.43707084579755 985.798943364453 1 2 3 1 2 3 291 86 24 4 2 0 
1682521706.8955462 20.462890625 32.50219892015471 985.7720168460905 1 2 3 1 2 3 291 86 24 4 2 0 
1682521712.0456922 20.4578125 32.56762621321062 985.8147303694291 1 2 3 1 2 3 291 86 24 4 2 0 
1682521717.1914961 20.462890625 32.44300979521937 985.7625610772903 1 2 4 1 2 4 285 86 26 6 4 0 
1682521722.3437645 20.46796875 32.252649980182156 985.7790692286834 1 2 4 1 2 4 285 86 26 6 4 0 
1682521727.498721 20.46796875 32.60909886101459 985.8070372713746 1 2 4 1 2 4 285 86 26 6 4 0 
1682521732.6533194 20.462890625 32.56158818748712 985.8083994635853 1 2 3 1 2 3 249 74 19 4 2 0 
1682521737.807339 20.462890625 32.59128243556037 985.775382659907 1 2 3 1 2 3 249 74 19 4 2 0 
1682521742.9625554 20.473046875 32.41895134349764 985.8117653347005 1 2 3 1 2 3 249 74 19 4 2 0 
1682521748.1082692 20.46796875 32.4902208884956 985.8073579051124 1 2 3 1 2 3 297 88 21 4 2 0 
1682521753.2576234 20.473046875 32.4902208884956 985.8104031152388 0 1 1 0 1 1 195 62 12 0 0 0 
1682521758.407906 20.478125 32.466263849203706 985.8033506574367 0 1 1 0 1 1 195 62 12 0 0 0 
1682521763.556957 20.46796875 32.466263849203706 985.8282740179467 0 1 1 0 1 1 195 62 12 0 0 0 
1682521768.7107046 20.478125 32.697886578858245 985.826270268509 0 1 1 0 1 1 195 62 10 0 0 0 
1682521773.8631368 20.46796875 32.47834273382309 985.810082399108 0 1 1 0 1 1 195 62 10 0 0 0 
1682521779.014044 20.473046875 32.46636419902219 985.7918909774467 0 1 1 0 1 1 195 62 10 0 0 0 
1682521784.162136 20.462890625 32.47834273382309 985.7935738987145 1 1 1 1 1 1 210 67 10 0 0 0 
1682521789.3154266 20.483203125 32.59098572407846 985.7676878674927 1 1 1 1 1 1 210 67 10 0 0 0 
1682521794.4648054 20.478125 32.54941226966302 985.7929320858347 1 1 1 1 1 1 210 67 10 0 0 0 
1682521799.61969 20.483203125 32.39489098956314 985.8202582008693 1 1 1 1 1 1 219 67 8 0 0 0 
1682521804.7746177 20.4984375 32.45407994811592 985.8081558025973 1 1 1 1 1 1 219 67 8 0 0 0 
1682521809.9292455 20.4984375 32.584745867625244 985.7761784942815 1 1 1 1 1 1 219 67 8 0 0 0 
1682521815.0854647 20.493359375 32.56703111763866 985.8034281661124 1 1 1 1 1 1 225 69 6 0 0 0 
1682521820.241813 20.483203125 32.58494769620413 985.7852365894254 1 1 1 1 1 1 225 69 6 0 0 0 
1682521825.3979073 20.493359375 32.36519367793387 985.8233029574534 1 1 1 1 1 1 225 69 6 0 0 0 
1682521830.5525932 20.493359375 32.56663035320942 985.8078343198677 None None None None None None None None None None None None 
1682521835.7013175 20.503515625 32.513274460558705 985.7893209891789 0 1 1 0 1 1 180 54 17 0 0 0 
1682521840.8521724 20.51875 32.45971799802362 985.8257046632111 0 1 1 0 1 1 180 54 17 0 0 0 
1682521845.99879 20.50859375 32.58434969596179 985.8489460142442 0 1 1 0 1 1 180 54 17 0 0 0 
1682521851.1510868 20.503515625 32.44210031445029 985.8330797844444 0 1 1 0 1 1 180 54 19 0 0 0 
1682521856.306926 20.4984375 32.63216103340016 985.8202582008693 0 1 1 0 1 1 180 54 19 0 0 0 
1682521861.4619765 20.48828125 32.56088949789078 985.8266689926351 0 1 1 0 1 1 180 54 19 0 0 0 
1682521866.6161146 20.48828125 32.477637233764476 985.836445847577 0 2 2 0 2 2 207 63 24 0 0 0 
1682521871.7730691 20.493359375 32.67967456767521 985.8023876893277 0 2 2 0 2 2 207 63 24 0 0 0 
1682521876.9272997 20.48828125 32.519413530046776 985.8273113313063 0 2 2 0 2 2 207 63 24 0 0 0 
1682521882.08127 20.503515625 32.46606311710384 985.7997407190138 0 2 2 0 2 2 222 66 24 0 0 0 
1682521887.2342033 20.503515625 32.51931375161499 985.8317180459322 0 2 2 0 2 2 222 66 24 0 0 0 
1682521892.3875277 20.513671875 32.51307471290714 985.8240216049179 0 2 2 0 2 2 222 66 24 0 0 0 
1682521897.537971 20.52890625 32.518515134613175 985.8112745582984 0 2 2 0 2 2 243 73 24 0 0 0 
1682521902.6896832 20.52890625 32.57811272322564 985.8200119732825 0 2 2 0 2 2 243 73 24 0 0 0 
1682521907.8456893 20.523828125 32.518415258794505 985.8277835824701 0 2 2 0 2 2 243 73 24 0 0 0 
1682521912.9995823 20.51875 32.726602896888195 985.8365210427087 0 1 1 0 1 1 168 52 8 2 0 0 
1682521918.154582 20.513671875 32.54861290955394 985.8024635959194 0 1 1 0 1 1 168 52 8 2 0 0 
1682521923.309347 20.51875 32.477536955291704 985.8226601264734 0 1 1 0 1 1 174 52 6 0 0 0 
1682521928.464236 20.52890625 32.47723605494785 985.8314717445677 0 1 1 0 1 1 174 52 6 0 0 0 
1682521933.6191056 20.5341796875 32.572272210854436 985.8297886453272 0 1 1 0 1 1 174 52 6 0 0 0 
1682521938.77799 20.523828125 32.67898873170663 985.8264224470561 0 1 1 0 1 1 195 57 10 2 0 0 
1682521943.9327137 20.5341796875 32.5306942166329 985.8412484862397 0 1 1 0 1 1 195 57 10 2 0 0 
1682521949.0875177 20.5341796875 32.64958547781389 985.8166458029626 0 1 1 0 1 1 195 57 10 2 0 0 
1682521954.2416527 20.5392578125 32.60761360327016 985.7890720090669 0 1 1 0 1 1 180 52 10 2 0 0 
1682521959.396632 20.5392578125 32.648798542300206 985.8167181152683 0 1 1 0 1 1 180 52 10 2 0 0 
1682521964.551862 20.5544921875 32.530195575061924 985.8012471364466 0 1 1 0 1 1 180 52 10 2 0 0 
1682521969.7066493 20.5798828125 32.411088278987805 985.8154275251833 0 1 1 0 1 1 186 54 12 4 0 0 
1682521974.8615077 20.5646484375 32.52969666297283 985.8187939396506 0 1 1 0 1 1 186 54 12 4 0 0 
1682521980.0152614 20.5595703125 32.523955958935 985.8154275251833 0 1 1 0 1 1 186 54 12 4 0 0 
1682521985.1707702 20.5494140625 32.369910959391895 985.7978808048543 0 1 1 0 1 1 165 49 10 4 0 0 
1682521990.3255844 20.5646484375 32.53583655131909 985.8228057600959 0 1 1 0 1 1 165 49 10 4 0 0 
1682521995.4801674 20.5595703125 32.488313934889675 985.8056511766474 0 1 1 0 1 1 210 58 8 0 0 0 
1682522000.6348126 20.5646484375 32.38148713175136 985.8026076011556 0 1 1 0 1 1 210 58 8 0 0 0 
1682522005.7891562 20.5595703125 32.57731905410428 985.8059739602795 0 1 1 0 1 1 210 60 10 0 0 0 
1682522010.9430065 20.5595703125 32.57147808157837 985.8218374872143 0 1 1 0 1 1 210 60 10 0 0 0 
1682522016.0980446 20.5646484375 32.3753435119967 985.8255267694244 0 1 1 0 1 1 210 60 10 0 0 0 
1682522021.2520227 20.5798828125 32.64216890004675 985.8279244171737 0 1 1 0 1 1 210 60 12 0 0 0 
1682522026.4070706 20.5849609375 32.5413781409342 985.8080486362649 0 1 1 0 1 1 210 60 12 0 0 0 
1682522031.5623415 20.6001953125 32.53523803962706 985.8205449228609 0 1 1 0 1 1 210 60 12 0 0 0 
1682522036.7175307 20.5951171875 32.52345654282542 985.7720536693423 0 1 1 0 1 1 189 51 12 0 0 0 
1682522041.8721626 20.6052734375 32.55296049639384 985.8296742457396 0 1 1 0 1 1 189 51 12 0 0 0 
1682522047.0303495 20.6154296875 32.51701586115202 985.7963317574199 0 1 1 0 1 1 189 51 12 0 0 0 
1682522052.1850915 20.6154296875 32.404033663599904 985.7822173744422 0 1 1 0 1 1 204 56 12 0 0 0 
1682522057.339469 20.6154296875 32.475428607729334 985.8047482650804 0 1 1 0 1 1 204 56 12 0 0 0 
1682522062.495845 20.6103515625 32.64177459628635 985.7960079334792 0 1 1 0 1 1 204 56 12 0 0 0 
1682522067.6515198 20.6052734375 32.40423632613772 985.7710822449325 0 1 1 0 1 1 204 58 10 0 0 0 
1682522072.8008628 20.6052734375 32.40443894539068 985.8118050648275 0 1 1 0 1 1 204 58 10 0 0 0 
1682522077.9517016 20.6001953125 32.576624025544426 985.7764560232108 1 2 2 1 2 2 336 100 12 2 0 0 
1682522083.1010535 20.6001953125 32.51721590495027 985.8027411936924 1 2 2 1 2 2 336 100 12 2 0 0 
1682522088.2547574 20.6052734375 32.457706055521676 985.7882390336549 1 2 2 1 2 2 336 100 12 2 0 0 
1682522093.4093711 20.6001953125 32.53503844916405 985.7932888963234 1 2 2 1 2 2 330 98 12 2 0 0 
1682522098.562986 20.6001953125 32.52325670063631 985.7966554717854 1 2 2 1 2 2 330 98 12 2 0 0 
1682522103.7101882 20.6052734375 32.48157053871706 985.785519748695 1 2 2 1 2 2 330 98 12 2 0 0 
1682522108.8610725 20.5951171875 32.606525650297385 985.8171783725526 1 2 2 1 2 2 336 96 10 2 0 0 
1682522114.0099716 20.5951171875 32.53523803962706 985.7831891716163 1 2 2 1 2 2 336 96 10 2 0 0 
1682522119.159764 20.5951171875 32.57088203015749 985.7939360505641 1 2 2 1 2 2 336 96 10 2 0 0 
1682522124.3110116 20.6001953125 32.60662460921527 985.8309677995644 1 1 1 1 1 1 315 89 8 0 0 0 
1682522129.46515 20.6001953125 32.61811024305706 985.8165313787432 1 1 1 1 1 1 315 89 8 0 0 0 
1682522134.6190302 20.6205078125 32.588505526194076 985.7882390336549 1 1 1 1 1 1 315 89 8 0 0 0 
1682522139.7739527 20.6205078125 32.60018885543053 985.8074673009629 1 1 1 1 1 1 315 91 12 0 0 0 
1682522144.926534 20.6205078125 32.594049683932774 985.8172434091123 1 1 1 1 1 1 315 91 12 0 0 0 
1682522150.0777478 20.6255859375 32.58206834912579 985.7903099310996 1 1 1 1 1 1 315 91 12 0 0 0 
1682522155.2265933 20.6255859375 32.45136183434806 985.8031283884828 1 2 2 1 2 2 330 98 21 2 0 0 
1682522160.3809845 20.6255859375 32.594049683932774 985.8253362159968 0 1 1 0 1 1 270 73 6 2 0 0 
1682522165.5392382 20.6306640625 32.498892052341034 985.7812445910449 0 1 1 0 1 1 234 59 6 2 0 0 
1682522170.6954782 20.6357421875 32.47492591685368 985.7748355422314 0 1 1 0 1 1 234 59 6 2 0 0 
1682522175.8501682 20.6408203125 32.73653326363817 985.8112210005092 0 1 1 0 1 1 234 59 6 2 0 0 
1682522181.0086088 20.6357421875 32.516415470058504 985.7960573333435 0 1 1 0 1 1 255 66 4 0 0 0 
1682522186.1626801 20.6306640625 32.789903340086994 985.8152360762065 0 1 1 0 1 1 255 66 4 0 0 0 
1682522191.3168683 20.6255859375 32.379963629992055 985.798402515486 0 1 1 0 1 1 255 66 4 0 0 0 
1682522196.473793 20.6458984375 32.50473307600574 985.8017692270703 0 1 1 0 1 1 255 66 6 0 0 0 
1682522201.6218426 20.6458984375 32.682967269495585 985.8283789386807 0 1 1 0 1 1 255 66 6 0 0 0 
1682522206.770582 20.6509765625 32.62335918732495 985.8078411130512 0 1 1 0 1 1 255 66 6 0 0 0 
1682522211.9264832 20.6408203125 32.58186970062684 985.791020404811 0 0 0 0 0 0 222 59 4 0 0 0 
1682522217.08274 20.6357421875 32.795650385168585 985.80785423386 0 0 0 0 0 0 222 59 4 0 0 0 
1682522222.2378104 20.6458984375 32.68277092284586 985.8162581006554 0 0 0 0 0 0 222 59 4 0 0 0 
1682522227.3917432 20.6357421875 32.56404596820655 985.8246880699053 0 0 0 0 0 0 201 52 4 0 0 0 
1682522232.5385082 20.6458984375 32.462640174163745 985.794049343877 0 0 0 0 0 0 201 52 4 0 0 0 
1682522237.6884346 20.6611328125 32.510073304152506 985.8503122832096 0 0 0 0 0 0 201 52 4 0 0 0 
1682522242.8406177 20.6662109375 32.569489728628135 985.8267439425924 1 1 1 1 1 1 231 65 12 0 0 0 
1682522247.9918962 20.6712890625 32.68812315018017 985.8486288298537 1 1 1 1 1 1 252 72 12 0 0 0 
1682522253.143328 20.6814453125 32.62286471448784 985.7796073025003 1 1 1 1 1 1 252 72 12 0 0 0 
1682522258.298167 20.6712890625 32.62296363069603 985.8129514571754 1 1 1 1 1 1 252 72 12 0 0 0 
1682522263.453024 20.6662109375 32.55740717935745 985.8129514571754 1 1 1 1 1 1 264 74 12 0 0 0 
1682522268.6069841 20.6662109375 32.527798329907206 985.7796073025003 1 1 1 1 1 1 264 74 12 0 0 0 
1682522273.7610621 20.6814453125 32.498089544386936 985.7873743026062 1 1 1 1 1 1 264 74 12 0 0 0 
1682522278.9193172 20.6763671875 32.6761417631412 985.8361951915695 1 1 1 1 1 1 249 69 8 0 0 0 
1682522284.0759447 20.6763671875 32.58097142243173 985.8015497710913 1 1 1 1 1 1 249 69 8 0 0 0 
1682522289.229971 20.7220703125 32.65762309421359 985.7894935381605 1 1 1 1 1 1 249 69 8 0 0 0 
1682522294.384896 20.7169921875 32.55066321958505 985.7696166314735 1 1 1 1 1 1 255 73 6 0 0 0 
1682522299.5373983 20.7169921875 32.47925411850085 985.7736883124361 1 1 1 1 1 1 255 73 6 0 0 0 
1682522304.6919482 20.7375 32.41378457043412 985.7945443388803 1 1 1 1 1 1 255 73 6 0 0 0 
1682522309.8488386 20.72734375 32.44944047334035 985.7763509749872 1 1 1 1 1 1 291 82 8 0 0 0 
1682522315.0034285 20.72734375 32.55036365239571 985.7989427195897 1 1 1 1 1 1 291 82 8 0 0 0 
1682522320.158349 20.72734375 32.651680966458024 985.7962279392601 1 1 1 1 1 1 291 82 8 0 0 0 
1682522325.312711 20.72734375 32.53263613885305 985.8016047731358 1 2 2 1 2 2 270 79 21 2 0 0 
1682522330.4676135 20.7119140625 32.68139150229283 985.7477300227873 1 2 2 1 2 2 270 79 21 2 0 0 
1682522335.6217065 20.72734375 32.64564007693265 985.7948704254233 1 2 2 1 2 2 258 77 21 2 0 0 
1682522340.776388 20.7169921875 32.52105172717567 985.7915032519869 1 2 2 1 2 2 258 77 21 2 0 0 
1682522345.9314964 20.7119140625 32.461527442888 985.8120321381509 1 2 2 1 2 2 258 77 21 2 0 0 
1682522351.0864048 20.72734375 32.69337383852788 985.7850949642085 1 1 1 1 1 1 258 74 21 2 0 0 
1682522356.2419345 20.72734375 32.57443236885409 985.7837373536174 1 1 1 1 1 1 258 74 21 2 0 0 
1682522361.396106 20.7119140625 32.64564007693265 985.828542175183 1 1 1 1 1 1 258 74 21 2 0 0 
1682522366.550976 20.732421875 32.71704380558262 985.816431149278 1 2 2 1 2 2 273 79 21 2 0 0 
1682522371.7050042 20.732421875 32.633557824510284 985.8137691186789 1 2 2 1 2 2 273 79 21 2 0 0 
1682522376.8599112 20.74765625 32.57393440292313 985.7976365626574 1 2 2 1 2 2 273 79 21 2 0 0 
1682522382.0153692 20.74765625 32.5323358916625 985.8232182993124 1 1 1 1 1 1 261 75 17 0 0 0 
1682522387.1702137 20.742578125 32.443295644299134 985.8016571701098 1 1 1 1 1 1 261 75 17 0 0 0 
1682522392.3242826 20.7375 32.431308835465146 985.7999735152226 1 1 1 1 1 1 261 75 17 0 0 0 
1682522397.4790108 20.7375 32.46122480025084 985.8120854768588 1 2 2 1 2 2 282 82 21 2 0 0 
1682522402.6355734 20.7375 32.55620635114894 985.813116284239 1 2 2 1 2 2 282 82 21 2 0 0 
1682522407.791046 20.742578125 32.74042110456074 985.8417386668241 1 1 1 1 1 1 282 82 10 0 0 0 
1682522412.9463387 20.742578125 32.55620635114894 985.8356564687101 1 1 1 1 1 1 282 82 10 0 0 0 
1682522418.0985587 20.74765625 32.55610653129862 985.8063816089233 1 1 1 1 1 1 282 82 12 0 0 0 
1682522423.253809 20.742578125 32.65128616898473 985.7851472172541 1 1 1 1 1 1 282 82 12 0 0 0 
1682522428.4090335 20.7375 32.56809147251188 985.815452760569 1 1 1 1 1 1 282 82 12 0 0 0 
1682522433.5641184 20.72734375 32.401696025960625 985.8006263472931 1 1 1 1 1 1 261 77 12 0 0 0 
1682522438.7189207 20.74765625 32.526293033634005 985.8063816089233 1 1 1 1 1 1 261 77 12 0 0 0 
1682522443.8753436 20.76796875 32.56165005122634 985.810452500643 1 1 1 1 1 1 261 77 12 0 0 0 
1682522449.0184846 20.7578125 32.745875077796924 985.8124630112256 0 1 1 0 1 1 225 65 12 0 0 0 
1682522454.1620498 20.752734375 32.53797842746422 985.7979632663532 0 1 1 0 1 1 225 65 12 0 0 0 
1682522459.3118036 20.7578125 32.46082112524053 985.803340825067 0 1 1 0 1 1 225 65 12 0 0 0 
1682522464.466345 20.762890625 32.591463887545736 985.7973097493153 1 1 1 1 1 1 231 68 12 0 0 0 
1682522469.61991 20.76796875 32.69229310984747 985.7851968649708 1 1 1 1 1 1 231 68 12 0 0 0 
1682522474.774665 20.752734375 32.532035547085314 985.8360347632438 1 1 1 1 1 1 231 68 12 0 0 0 
1682522479.9287388 20.7578125 32.52014975543892 985.7811265864624 0 1 1 0 1 1 246 68 16 0 0 0 
1682522485.083404 20.7578125 32.69843230573402 985.8030142716852 0 1 1 0 1 1 246 68 16 0 0 0 
1682522490.2371767 20.752734375 32.508464709889175 985.8461369468794 1 2 2 1 2 2 225 75 14 4 0 0 
1682522495.3877146 20.74765625 32.48439145014398 985.7996469347272 1 2 2 1 2 2 225 75 14 4 0 0 
1682522500.5422766 20.7578125 32.627120397604756 985.8191977961167 1 2 2 1 2 2 225 75 14 4 0 0 
1682522505.7001116 20.752734375 32.60334943208351 985.8205547593213 1 1 2 1 1 2 219 73 12 4 0 0 
1682522510.854204 20.752734375 32.6865470906744 985.831310214574 1 1 2 1 1 2 219 73 12 4 0 0 
1682522516.002825 20.74765625 32.57383477727521 985.8013306031712 1 1 2 1 1 2 219 73 12 4 0 0 
1682522521.1518471 20.74765625 32.57383477727521 985.8333203169053 1 1 2 1 1 2 198 66 10 4 0 0 
1682522526.3031 20.742578125 32.62751646161173 985.8198509606747 1 1 2 1 1 2 198 66 10 4 0 0 
1682522531.455248 20.7375 32.44923840573793 985.8157789997736 1 1 2 1 1 2 198 66 10 4 0 0 
1682522536.6098351 20.742578125 32.53263613885305 985.858575371911 1 1 2 1 1 2 225 75 12 4 0 0 
1682522541.76836 20.7375 32.71684793188266 985.8255546133798 1 1 2 1 1 2 225 75 12 4 0 0 
1682522546.9230616 20.732421875 32.66307237115538 985.8205036866597 1 1 2 1 1 2 225 75 12 4 0 0 
1682522552.0724616 20.7375 32.698825089558866 985.8275644000664 1 1 2 1 1 2 225 75 10 4 0 0 
1682522557.224842 20.732421875 32.55620635114894 985.8575438305687 1 1 2 1 1 2 225 75 10 4 0 0 
1682522562.38019 20.7375 32.77032692196076 985.8306055407301 1 1 2 1 1 2 225 75 10 4 0 0 
1682522567.5358667 20.742578125 32.88907016518296 985.8454322217409 0 1 2 0 1 2 204 68 10 4 0 0 
1682522572.6908555 20.742578125 32.63940133588872 985.852818840813 0 0 0 0 0 0 138 43 10 0 0 0 
1682522577.8453147 20.742578125 32.65128616898473 985.8353302825499 0 0 0 0 0 0 138 41 10 0 0 0 
1682522583.0000036 20.7375 32.782016615095486 985.8457583265597 0 0 0 0 0 0 138 41 10 0 0 0 
1682522588.158981 20.7375 32.75824781370426 985.8754120839965 0 0 0 0 0 0 138 41 10 0 0 0 
1682522593.3157563 20.742578125 32.53263613885305 985.8306055407301 0 0 0 0 0 0 123 39 10 0 0 0 
1682522598.4700646 20.7375 32.46706662828283 985.8386975953335 0 0 0 0 0 0 123 39 10 0 0 0 
1682522603.624387 20.752734375 32.68694042118682 985.8188200445594 0 0 0 0 0 0 123 39 10 0 0 0 
1682522608.7796552 20.7375 32.79390095401961 985.8487995353644 0 0 0 0 0 0 129 41 10 0 0 0 
1682522613.9348447 20.7375 32.50866545388728 985.8117591009025 0 0 0 0 0 0 129 41 10 0 0 0 
1682522619.0926034 20.74765625 32.722594302759994 985.855860186929 0 0 0 0 0 0 129 41 10 0 0 0 
1682522624.2390664 20.7375 32.811727385191446 985.8858400037004 0 1 2 0 1 2 135 43 12 4 2 2 
1682522629.387897 20.7375 32.829747044043906 985.8676456938774 0 1 2 0 1 2 135 43 12 4 2 2 
1682522634.5463343 20.72734375 32.66336810792777 985.847767951404 0 1 2 0 1 2 135 43 12 4 2 2 
1682522639.7006078 20.732421875 32.69902141655067 985.8356564687101 0 1 2 0 1 2 141 45 12 4 2 2 
1682522644.8532763 20.72734375 32.74042110456074 985.8329412809567 0 1 2 0 1 2 141 45 12 4 2 2 
1682522650.0048854 20.7375 32.53263613885305 985.8376661744753 0 1 2 0 1 2 141 45 12 4 2 2 
1682522655.1597557 20.732421875 32.562348387534335 985.8491256130695 1 2 2 1 2 2 249 79 12 4 0 0 
1682522660.3141475 20.732421875 32.66326953982388 985.8188200445594 1 3 3 1 3 3 285 86 14 6 0 0 
1682522665.4726477 20.742578125 32.722790083070436 985.8589014779147 1 3 3 1 3 3 285 86 14 6 0 0 
1682522670.6295402 20.7375 32.639599029616996 985.8561861007689 1 3 3 1 3 3 285 86 14 6 0 0 
1682522675.7839766 20.72734375 32.85955302132183 985.834624896503 1 3 3 1 3 3 291 86 14 6 0 0 
1682522680.931838 20.72734375 32.79399802958534 985.8474419697797 1 3 3 1 3 3 291 86 14 6 0 0 
1682522686.0814826 20.7375 32.66326953982388 985.82419714249 1 3 3 1 3 3 291 86 14 6 0 0 
1682522691.2326736 20.732421875 32.74061647486512 985.8009525988732 1 2 2 1 2 2 255 72 14 6 0 0 
1682522696.384746 20.7375 32.6810964454719 985.8275644000664 1 2 2 1 2 2 255 72 14 6 0 0 
1682522701.5397074 20.732421875 32.73467435456167 985.8225135138068 1 2 2 1 2 2 255 72 14 6 0 0 
1682522706.681871 20.752734375 32.853225627847095 985.8019836274074 1 2 2 1 2 2 255 72 14 6 0 0 
1682522711.8371685 20.752734375 32.978007973114345 985.8218610342144 1 2 2 1 2 2 255 72 14 6 0 0 
1682522716.9911919 20.74765625 32.80559134149876 985.8366876566629 1 2 2 1 2 2 255 72 14 6 0 0 
1682522722.146392 20.76796875 32.775587865081356 985.7909018356336 1 2 2 1 2 2 276 74 16 6 0 0 
1682522727.301333 20.7578125 32.88839806197423 985.7804727982862 1 2 2 1 2 2 276 74 16 6 0 0 
1682522732.4552982 20.7578125 32.76954791440322 985.7838401879321 1 2 2 1 2 2 276 74 16 6 0 0 
1682522737.6101887 20.762890625 32.66852205066679 985.7939423585495 0 1 1 0 1 1 231 69 8 0 0 0 
1682522742.7637975 20.7578125 32.61523493543652 985.8343510662161 0 1 1 0 1 1 231 69 8 0 0 0 
1682522747.9189863 20.752734375 32.561949403139224 985.7909018356336 0 1 1 0 1 1 204 60 6 0 0 0 
1682522753.073848 20.74765625 32.83530258899823 985.8249019687362 0 1 1 0 1 1 204 60 6 0 0 0 
1682522758.228532 20.732421875 32.82351487643417 985.82892189821 0 1 1 0 1 1 204 60 6 0 0 0 
1682522763.3830276 20.732421875 32.633458903897846 985.8444006921479 0 1 1 0 1 1 216 67 8 0 0 0 
1682522768.537923 20.732421875 32.81211480255809 985.8026362130898 0 1 1 0 1 1 216 67 8 0 0 0 
1682522773.69286 20.72734375 32.85351480462346 985.7955754643926 0 1 1 0 1 1 216 67 8 0 0 0 
1682522778.8477259 20.7375 32.95471635675597 985.8093706706563 0 1 1 0 1 1 225 70 10 0 0 0 
1682522784.0065503 20.72734375 32.80597911874795 985.7841164605561 0 1 1 0 1 1 225 70 10 0 0 0 
1682522789.1616254 20.7375 32.94283312038081 985.7676067423193 0 1 1 0 1 1 225 70 10 0 0 0 
1682522794.3165865 20.7375 32.829747044043906 985.7928607385704 0 1 1 0 1 1 210 65 12 0 0 0 
1682522799.4713936 20.7119140625 32.84172745220241 985.7844427380705 0 1 1 0 1 1 210 65 12 0 0 0 
1682522804.6263306 20.7169921875 32.77656072480456 985.8056772308234 0 1 1 0 1 1 210 65 12 0 0 0 
1682522809.7836092 20.7220703125 32.78230821932598 985.8144215145659 0 1 1 0 1 1 225 70 10 0 0 0 
1682522814.941472 20.7169921875 32.68139150229283 985.79959514023 0 1 1 0 1 1 225 70 10 0 0 0 
1682522820.0963242 20.7220703125 32.639796680063974 985.79318683867 0 1 1 0 1 1 174 49 12 2 0 0 
1682522825.2523558 20.72734375 32.78230821932598 985.8113803458288 0 1 1 0 1 1 174 49 12 2 0 0 
1682522830.4062817 20.72734375 32.7525006845877 985.8012787408198 0 1 1 0 1 1 189 52 14 2 0 0 
1682522835.56297 20.7119140625 32.93094984282844 985.7746673890039 0 1 1 0 1 1 189 52 14 2 0 0 
1682522840.7203028 20.7169921875 32.97254113411145 985.7847689059538 0 1 1 0 1 1 189 52 14 2 0 0 
1682522845.874517 20.72734375 32.98423454350532 985.7696166314735 0 1 1 0 1 1 189 52 16 2 0 0 
1682522851.0217884 20.72734375 32.8119211155141 985.8056772308234 0 1 1 0 1 1 189 52 16 2 0 0 
1682522856.1708198 20.7375 32.823708355072405 985.7773820071889 0 1 1 0 1 1 189 52 16 2 0 0 
1682522861.3193429 20.72734375 32.77032692196076 985.8181147505676 0 1 1 0 1 1 180 52 16 2 0 0 
1682522866.4736445 20.732421875 32.76448224871954 985.8009525988732 0 1 1 0 1 1 180 52 16 2 0 0 
1682522871.6262553 20.742578125 32.8058821906652 985.7986163448169 0 1 1 0 1 1 180 52 16 2 0 0 
1682522876.7764697 20.74765625 32.68703872676455 985.8104018351085 0 1 1 0 1 1 174 52 16 0 0 0 
1682522881.930931 20.7375 32.77003487527542 985.7999735152226 0 1 1 0 1 1 174 52 16 0 0 0 
1682522887.0857766 20.74765625 32.83530258899823 985.7895449255328 0 1 1 0 1 1 174 52 16 0 0 0 
1682522892.239819 20.74765625 32.75815031732316 985.7710245818872 0 1 1 0 1 1 174 52 18 0 0 0 
1682522897.3937104 20.74765625 32.84718701592798 985.7831369702005 None None None None None None None None None None None None 
1682522902.5477057 20.742578125 33.126645724413216 985.7531580572438 0 0 0 0 0 0 195 62 2 0 0 0 
1682522907.7029638 20.74765625 32.75211044736936 985.7387077391683 0 0 0 0 0 0 195 62 2 0 0 0 
1682522912.8580408 20.74765625 32.98394987630532 985.7760755838598 0 1 1 0 1 1 201 64 4 0 0 0 
1682522918.0127704 20.742578125 32.81747587138571 985.7676572475888 0 1 1 0 1 1 201 64 4 0 0 0 
1682522923.1665418 20.72734375 32.88897418289699 985.7699944540998 0 1 1 0 1 1 201 64 4 0 0 0 
1682522928.3250368 20.7220703125 32.72298582010085 985.7611987036561 0 1 1 0 1 1 216 67 6 0 0 0 
1682522933.4795635 20.7169921875 32.829747044043906 985.7874836876597 0 1 1 0 1 1 216 67 6 0 0 0 
1682522938.63342 20.7068359375 32.758637691029925 985.7628822890797 0 1 1 0 1 1 216 67 6 0 0 0 
1682522943.7918024 20.7220703125 32.76457963348804 985.7315470525116 0 1 1 0 1 1 210 62 6 0 0 0 
1682522948.9464898 20.7169921875 33.156817939507825 985.7632085235718 0 1 1 0 1 1 210 62 6 0 0 0 
1682522954.1027555 20.7119140625 32.8837043103984 985.7652182068178 0 1 1 0 1 1 210 62 6 0 0 0 
1682522959.2552235 20.7068359375 33.02629798040939 985.8019306958232 0 1 1 0 1 1 201 59 8 0 0 0 
1682522964.4076977 20.7119140625 33.02045109926147 985.7625030381038 0 1 1 0 1 1 201 59 8 0 0 0 
1682522969.5582244 20.6966796875 32.81259883082387 985.761145330092 0 1 1 0 1 1 201 59 8 0 0 0 
1682522974.710678 20.7017578125 33.07986279824203 985.8150179270481 0 1 1 0 1 1 207 61 8 0 0 0 
1682522979.8617303 20.6916015625 33.01460433364678 985.7742877579511 0 1 2 0 1 2 210 64 23 2 2 0 
1682522985.011511 20.6865234375 33.06807438679259 985.8022004377594 0 1 2 0 1 2 231 69 21 2 2 0 
1682522990.1655571 20.6814453125 33.17510459730042 985.8176769164146 0 1 2 0 1 2 231 69 21 2 2 0 
1682522995.3195958 20.6763671875 32.961228511752 985.7954664699135 0 1 2 0 1 2 231 69 21 2 2 0 
1682523000.4740183 20.6763671875 32.997068369538965 985.7240534756742 0 1 2 0 1 2 222 64 12 2 2 0 
1682523005.622477 20.6712890625 33.03271410397126 985.804859067156 0 1 2 0 1 2 222 64 12 2 2 0 
1682523010.7734973 20.6662109375 33.056665588161046 985.7994837361489 0 1 2 0 1 2 222 64 12 2 2 0 
1682523015.9192276 20.6662109375 33.163690055329454 985.7742317712941 0 1 1 0 1 1 216 64 8 0 0 0 
1682523021.0741098 20.6662109375 32.866556413108384 985.804859067156 0 1 1 0 1 1 216 64 8 0 0 0 
1682523026.221334 20.6662109375 33.08042849402353 985.8193603956244 0 1 1 0 1 1 216 64 8 0 0 0 
1682523031.3725564 20.6611328125 33.00913928242335 985.7846576541721 0 1 1 0 1 1 216 64 8 0 0 0 
1682523036.519604 20.6662109375 33.1041912352151 985.7823238691756 0 1 1 0 1 1 216 64 8 0 0 0 
1682523041.6710448 20.6712890625 33.21724614172578 985.7998087129655 0 1 1 0 1 1 216 64 8 0 0 0 
1682523046.8260396 20.6611328125 32.99754137222335 985.7600561776478 0 0 0 0 0 0 183 53 4 0 0 0 
1682523051.980158 20.6662109375 33.205273257527466 985.7903577939777 0 0 0 0 0 0 183 53 4 0 0 0 
1682523057.1339145 20.6662109375 33.25288795170609 985.8004583377922 0 0 0 0 0 0 183 53 4 0 0 0 
1682523062.2882771 20.6611328125 33.1163522139444 985.774882022019 0 1 1 0 1 1 195 65 12 2 0 0 
1682523067.442233 20.6458984375 33.16387539801579 985.8065425186928 0 2 2 0 2 2 216 72 12 2 0 0 
1682523072.5960426 20.6611328125 32.9972576030696 985.8115928737232 0 2 2 0 2 2 216 72 12 2 0 0 
1682523077.752429 20.6611328125 33.24685595543239 985.8189760079938 0 2 2 0 2 2 216 72 12 2 0 0 
1682523082.9069622 20.6611328125 33.27070871776154 985.7964418105216 0 1 1 0 1 1 201 67 10 2 0 0 
1682523088.0654354 20.6662109375 33.31219917611937 985.8071920350677 0 1 1 0 1 1 201 67 10 2 0 0 
1682523093.220893 20.6509765625 33.22337042385392 985.787640349937 0 1 1 0 1 1 201 67 10 2 0 0 
1682523098.3762379 20.6509765625 33.2587366336371 985.8105588841254 0 1 2 0 1 2 216 69 14 4 2 0 
1682523103.530992 20.6560546875 33.080709393659475 985.7900329550258 0 1 2 0 1 2 216 69 14 4 2 0 
1682523108.6846662 20.6662109375 33.16972315209696 985.8038251862899 0 1 2 0 1 2 216 69 14 4 2 0 
1682523113.8394673 20.6560546875 33.12813999587011 985.8105588841254 0 1 2 0 1 2 189 60 14 4 2 0 
1682523118.99448 20.6560546875 33.157842301775155 985.796766704848 0 1 2 0 1 2 189 60 14 4 2 0 
1682523124.1492422 20.6560546875 33.08664988943502 985.7886743702536 0 1 2 0 1 2 189 60 14 4 2 0 
1682523129.3041606 20.6560546875 33.151901861177066 985.8240262831546 0 1 2 0 1 2 153 46 12 4 2 0 
1682523134.4584103 20.6662109375 33.15765680081812 985.8304354707517 0 1 2 0 1 2 153 46 12 4 2 0 
1682523139.6139896 20.6662109375 32.99131674795483 985.8031756156893 0 1 2 0 1 2 153 46 12 4 2 0 
1682523144.7674391 20.6662109375 33.151901861177066 985.7782488955309 1 2 2 1 2 2 291 88 23 2 0 0 
1682523149.9244921 20.6611328125 33.2110293809136 985.7711900511135 1 2 2 1 2 2 291 88 23 2 0 0 
1682523155.082208 20.6712890625 33.17547847076435 985.7913914573805 1 2 2 1 2 2 285 81 21 2 0 0 
1682523160.2365186 20.6712890625 33.11022519721563 985.819685319368 1 2 2 1 2 2 285 81 21 2 0 0 
1682523165.391395 20.6662109375 33.246580729507365 985.8365199797475 1 2 2 1 2 2 285 81 21 2 0 0 
1682523170.546804 20.6662109375 33.151530542720444 985.804859067156 0 2 2 0 2 2 249 69 14 2 0 0 
1682523175.701614 20.6560546875 33.16359736775879 985.8156091582365 0 2 2 0 2 2 249 69 14 2 0 0 
1682523180.8564403 20.6408203125 33.151994663745285 985.8142502730265 0 2 2 0 2 2 249 69 14 2 0 0 
1682523186.0102465 20.6458984375 33.11050503960185 985.8132286066731 1 2 2 1 2 2 258 69 14 4 0 0 
1682523191.1651397 20.6306640625 33.282954310675876 985.8317456798964 1 2 2 1 2 2 258 69 14 4 0 0 
1682523196.3201053 20.6205078125 33.31877548413678 985.8172434091123 1 2 2 1 2 2 258 69 14 4 0 0 
1682523201.4746845 20.6205078125 33.16443116643496 985.8296742457396 1 2 2 1 2 2 279 76 14 4 0 0 
1682523206.632296 20.6255859375 33.18828318883037 985.8498740465278 1 2 2 1 2 2 279 76 14 4 0 0 
1682523211.7864575 20.6052734375 33.15264397880842 985.8465074123636 1 2 2 1 2 2 279 76 14 4 0 0 
1682523216.9406922 20.6052734375 33.28359287810661 985.8263076132541 1 1 2 1 1 2 264 71 12 4 0 0 
1682523222.0956073 20.6001953125 33.42019791838678 985.8202215078547 1 1 2 1 1 2 264 71 12 4 0 0 
1682523227.251755 20.6052734375 33.35477538036133 985.813811822524 0 0 0 0 0 0 171 52 12 0 0 0 
1682523232.4044912 20.6052734375 33.22428954844839 985.8239114734492 0 0 0 0 0 0 171 52 12 0 0 0 
1682523237.5560539 20.6052734375 33.34316802691894 985.8259180136162 0 0 0 0 0 0 171 52 12 0 0 0 
1682523242.7084563 20.5951171875 33.319320271083 985.8387376886711 0 0 0 0 0 0 135 40 8 0 0 0 
1682523247.8541389 20.6052734375 33.37871313520825 985.8272780243173 0 0 0 0 0 0 135 40 8 0 0 0 
1682523253.0051868 20.5951171875 33.43234474663838 985.8107686595488 0 0 0 0 0 0 135 40 8 0 0 0 
1682523258.1555402 20.5951171875 33.503612075009286 985.8205449228609 0 0 0 0 0 0 165 47 6 0 0 0 
1682523263.3063214 20.5951171875 33.485706545261856 985.794582766535 0 0 0 0 0 0 165 47 6 0 0 0 
1682523268.4558742 20.5849609375 33.2183500408304 985.8208682282975 0 0 0 0 0 0 165 47 6 0 0 0 
1682523273.6074576 20.5849609375 33.319411031045284 985.8029989345914 0 0 0 0 0 0 150 42 4 0 0 0 
1682523278.7582493 20.5951171875 33.331198926217056 985.8356944027115 0 0 0 0 0 0 150 42 4 0 0 0 
1682523283.9065497 20.6052734375 33.46753328055217 985.8400976163525 0 0 0 0 0 0 150 42 4 0 0 0 
1682523289.0602922 20.6154296875 33.170556141193295 985.8111577705334 0 0 0 0 0 0 123 38 2 0 0 0 
1682523294.2160518 20.6205078125 33.49102384102193 985.8198979832764 0 0 0 0 0 0 123 38 2 0 0 0 
1682523299.3706055 20.6306640625 33.29501641094084 985.8219695024536 0 0 0 0 0 0 123 38 2 0 0 0 
1682523304.5251832 20.6408203125 33.38987167311097 985.8283789386807 0 0 0 0 0 0 117 36 2 0 0 0 
1682523309.6835585 20.6560546875 33.22327845189491 985.8243507413794 0 1 3 0 1 3 207 66 11 4 2 2 
1682523314.8376114 20.6458984375 33.37187184835309 985.8263584880896 0 1 3 0 1 3 207 66 11 4 2 2 
1682523319.9914572 20.6357421875 33.241282690594964 985.80615771574 0 1 3 0 1 3 207 66 11 4 2 2 
1682523325.1464934 20.6357421875 33.324352092300494 985.8213082940576 0 1 3 0 1 3 195 62 11 4 2 2 
1682523330.3028233 20.6408203125 33.37214257595971 985.80785423386 0 1 3 0 1 3 195 62 11 4 2 2 
1682523335.4566748 20.6306640625 33.30680499581072 985.8236528591901 0 1 3 0 1 3 195 62 11 4 2 2 
1682523340.61071 20.6306640625 33.3305642599288 985.8421697879111 0 1 2 0 1 2 174 53 11 4 2 2 
1682523345.7656384 20.6306640625 33.37223279686016 985.8222934382335 0 1 2 0 1 2 174 53 11 4 2 2 
1682523350.9193046 20.6357421875 33.3005919672905 985.8401625341601 0 1 2 0 1 2 174 53 11 4 2 2 
1682523356.077996 20.6560546875 33.26495147104588 985.8415090739637 0 1 2 0 1 2 189 58 11 4 2 2 
1682523361.2321897 20.6560546875 33.37763136900838 985.7866660805346 0 1 2 0 1 2 189 58 11 4 2 2 
1682523366.38539 20.6662109375 33.29446959508837 985.8304354707517 0 1 2 0 1 2 189 58 11 4 2 2 
1682523371.5314207 20.6662109375 33.329929063573346 985.8570460973335 0 1 2 0 1 2 189 61 11 4 2 2 
1682523376.6808476 20.6611328125 33.24694767577135 985.8267439425924 0 1 2 0 1 2 189 61 11 4 2 2 
1682523381.8345053 20.6611328125 33.26458543108469 985.8439029849496 0 1 2 0 1 2 189 61 11 4 2 2 
1682523386.9896333 20.6458984375 33.401301561084594 985.8364588780427 0 1 2 0 1 2 189 61 11 4 2 2 
1682523392.1439097 20.6560546875 33.276557573756456 985.8324434098217 0 0 0 0 0 0 171 46 6 0 0 0 
1682523397.2937632 20.6560546875 33.318230307751854 985.8105588841254 0 0 0 0 0 0 159 46 10 0 0 0 
1682523402.4458926 20.6458984375 33.45494052875949 985.8209839183152 0 0 0 0 0 0 159 46 10 0 0 0 
1682523407.5957959 20.6408203125 33.360082361056534 985.8162711510081 0 0 0 0 0 0 159 46 10 0 0 0 
1682523412.743859 20.6408203125 33.389691587071525 985.8266955681777 0 1 1 0 1 1 189 58 10 0 0 0 
1682523417.896444 20.6458984375 33.431539295615856 985.8516222221306 0 1 1 0 1 1 189 58 10 0 0 0 
1682523423.0421472 20.6357421875 33.38978163549998 985.8263584880896 0 1 1 0 1 1 189 58 10 0 0 0 
1682523428.193322 20.6255859375 33.4790559304407 985.8489032186358 0 1 1 0 1 1 198 61 10 0 0 0 
1682523433.344197 20.6255859375 33.40184106441627 985.8192506053929 0 1 1 0 1 1 198 61 10 0 0 0 
1682523438.495142 20.6255859375 33.473294495666764 985.825983923749 0 1 1 0 1 1 198 61 10 0 0 0 
1682523443.6461935 20.6255859375 33.34847409410575 985.8502627615854 1 1 1 1 1 1 219 68 12 0 0 0 
1682523448.7971804 20.6255859375 33.53845079784666 985.8492269375145 1 1 1 1 1 1 219 68 12 0 0 0 
1682523453.9464748 20.6154296875 33.55644525349237 985.838090828177 1 1 1 1 1 1 219 68 12 0 0 0 
1682523459.0975616 20.6103515625 33.372683739099315 985.8579672012274 1 1 1 1 1 1 267 84 16 0 0 0 
1682523464.2465901 20.5951171875 33.44386541396866 985.853564044 1 1 1 1 1 1 267 84 16 0 0 0 
1682523469.391329 20.6001953125 33.56849964815827 985.864310102334 1 1 1 1 1 1 267 84 16 0 0 0 
1682523474.5423899 20.5951171875 33.4679785960106 985.8592602715199 1 1 1 1 1 1 294 87 17 0 0 0 
1682523479.6933286 20.5951171875 33.52142867561856 985.8646330553094 1 1 1 1 1 1 279 82 13 0 0 0 
1682523484.8444457 20.5900390625 33.426226685727386 985.8558937179935 1 1 1 1 1 1 279 82 13 0 0 0 
1682523489.9985688 20.6001953125 33.497407055299234 985.8646330553094 1 1 1 1 1 1 279 82 13 0 0 0 
1682523495.1535752 20.6052734375 33.449893946053436 985.8724034936603 1 1 1 1 1 1 279 84 11 0 0 0 
1682523500.3083405 20.5951171875 33.53304145510139 985.8508438882286 1 1 1 1 1 1 279 84 11 0 0 0 
1682523505.4638155 20.6052734375 33.59225600838414 985.8858698234911 1 1 1 1 1 1 279 84 11 0 0 0 
1682523510.6208236 20.5951171875 33.46186141649445 985.8760930433491 1 1 1 1 1 1 264 79 4 0 0 0 
1682523515.7794094 20.5849609375 33.527279163488245 985.8747326374892 1 1 1 1 1 1 264 79 4 0 0 0 
1682523520.934475 20.5951171875 33.37880321207772 985.8599061492412 1 1 1 1 1 1 264 79 4 0 0 0 
1682523526.089302 20.5951171875 33.61042288754771 985.8548564003937 1 1 1 1 1 1 285 86 4 0 0 0 
1682523531.2441378 20.5951171875 33.59260654500768 985.8757700756981 1 1 1 1 1 1 285 86 4 0 0 0 
1682523536.402016 20.5951171875 33.66395814713089 985.8572538779523 1 1 1 1 1 1 285 86 4 0 0 0 
1682523541.5567963 20.5951171875 33.681600738289355 985.8424275066862 1 1 1 1 1 1 279 84 2 0 0 0 
1682523546.7116327 20.6001953125 33.59243129832933 985.8430736555314 1 1 1 1 1 1 279 84 2 0 0 0 
1682523551.8658242 20.6001953125 33.65173315609148 985.8572538779523 1 1 1 1 1 1 279 84 2 0 0 0 
1682523557.021035 20.5951171875 33.640116586013285 985.8652786325633 1 1 1 1 1 1 276 82 8 0 0 0 
1682523562.1759229 20.5900390625 33.628151929354765 985.853495979656 1 1 1 1 1 1 276 82 8 0 0 0 
1682523567.3305604 20.5849609375 33.72342977170585 985.8400300948164 1 1 1 1 1 1 270 80 8 0 0 0 
1682523572.4857714 20.5748046875 33.842196381041056 985.8571851436293 1 1 1 1 1 1 270 80 8 0 0 0 
1682523577.6407332 20.5595703125 33.69984865745709 985.8278553014047 1 1 1 1 1 1 270 80 8 0 0 0 
1682523582.7962728 20.5646484375 33.86018003117387 985.8864445302488 1 1 1 1 1 1 276 82 6 0 0 0 
1682523587.9511433 20.5494140625 33.54571269301857 985.8655295799284 1 1 1 1 1 1 276 82 6 0 0 0 
1682523593.1052785 20.5392578125 33.93177063197712 985.8773116664181 1 1 1 1 1 1 276 82 6 0 0 0 
1682523598.2591069 20.5443359375 33.86094005729186 985.8577577930271 1 1 1 1 1 1 246 73 6 0 0 0 
1682523603.4157565 20.52890625 33.8727306603086 985.8880540994719 1 1 1 1 1 1 246 73 6 0 0 0 
1682523608.5705051 20.52890625 33.77187721698767 985.8516689409083 1 1 1 1 1 1 246 73 6 0 0 0 
1682523613.7270584 20.523828125 33.83125270099015 985.8469413459144 1 1 1 1 1 1 261 78 6 0 0 0 
1682523618.8821993 20.523828125 33.77187721698767 985.8284274003067 1 1 1 1 1 1 261 78 6 0 0 0 
1682523624.0388095 20.50859375 33.74821242619289 985.8822861746651 1 1 1 1 1 1 261 78 6 0 0 0 
1682523629.1946044 20.513671875 33.76619603732039 985.8725090411813 1 1 1 1 1 1 261 78 10 0 0 0 
1682523634.3474233 20.51875 33.754235605411395 985.8640936728444 1 1 1 1 1 1 261 78 10 0 0 0 
1682523639.5017655 20.51875 33.813610032139 985.8627319633547 1 1 3 1 1 3 243 75 16 4 2 0 
1682523644.6510153 20.513671875 33.760087550972685 985.8789199991696 1 1 3 1 1 3 243 75 16 4 2 0 
1682523649.8012476 20.50859375 33.962208010049615 985.855999724447 1 1 3 1 1 3 243 75 16 4 2 0 
1682523654.954841 20.513671875 33.813779857229214 985.8482270707434 1 1 3 1 1 3 237 73 16 4 2 0 
1682523660.1072059 20.503515625 33.86136191547443 985.8378075309979 1 1 3 1 1 3 237 73 16 4 2 0 
1682523665.258044 20.503515625 33.867214732719646 985.8081558025973 1 1 3 1 1 3 237 73 16 4 2 0 
1682523670.408764 20.513671875 33.902753637443276 985.845579868658 1 1 2 1 1 2 243 75 12 4 2 0 
1682523675.560019 20.513671875 33.83125270099015 985.8506290871424 1 1 2 1 1 2 243 75 12 4 2 0 
1682523680.7112415 20.513671875 33.91446042933924 985.8388475783246 1 1 2 1 1 2 243 75 12 4 2 0 
1682523685.8624356 20.523828125 33.92641860944572 985.8041466397475 0 1 2 0 1 2 231 71 10 2 2 0 
1682523691.009481 20.51875 33.86102445055978 985.8240216049179 0 1 2 0 1 2 231 71 10 2 2 0 
1682523696.1594632 20.513671875 33.99791258970978 985.8324368970831 0 1 2 0 1 2 231 71 10 2 2 0 
1682523701.3053734 20.513671875 33.908690800989795 985.8304322169818 1 1 1 1 1 1 258 80 10 0 0 0 
1682523706.4565165 20.503515625 33.932522893704345 985.81793250381 1 1 1 1 1 1 258 80 10 0 0 0 
1682523711.6071982 20.503515625 33.94431356629204 985.8428566670982 1 1 1 1 1 1 258 80 10 0 0 0 
1682523716.756999 20.50859375 34.02174247319593 985.8297137215917 0 1 1 0 1 1 237 71 8 0 0 0 
1682523721.9113533 20.4984375 33.93845993754215 985.8249859750093 1 1 1 1 1 1 252 76 8 0 0 0 
1682523727.0666223 20.503515625 33.97424807891128 985.8071154497487 1 1 1 1 1 1 252 76 8 0 0 0 
1682523732.2205968 20.493359375 33.944480365083734 985.8387712471791 1 1 1 1 1 1 252 76 8 0 0 0 
1682523737.3731787 20.483203125 33.97424807891128 985.8205793696683 0 1 1 0 1 1 168 53 10 0 0 0 
1682523742.524245 20.478125 33.962460743537946 985.7970175127463 0 1 1 0 1 1 168 53 10 0 0 0 
1682523747.674375 20.493359375 33.89130249787903 985.8367670998587 0 1 1 0 1 1 168 53 10 0 0 0 
1682523752.8250265 20.493359375 34.00393215246847 985.8236242086598 0 1 1 0 1 1 162 51 10 0 0 0 
1682523757.9757814 20.48828125 33.99799535832484 985.8202582008693 0 1 1 0 1 1 162 51 10 0 0 0 
1682523763.1236382 20.493359375 33.89706828444582 985.8390922668652 0 1 1 0 1 1 162 51 10 0 0 0 
1682523768.2777243 20.483203125 33.91504979639059 985.8346850862238 0 1 1 0 1 1 198 61 12 0 0 0 
1682523773.4327137 20.483203125 34.033783820926864 985.8225834056997 0 1 1 0 1 1 198 61 12 0 0 0 
1682523778.581591 20.493359375 33.99222738023491 985.7946150342837 0 1 1 0 1 1 198 61 12 0 0 0 
1682523783.732786 20.483203125 34.02191060357485 985.866661409484 0 1 1 0 1 1 192 59 14 0 0 0 
1682523788.8825436 20.478125 34.069567048113456 985.8134482703629 0 1 1 0 1 1 192 59 14 0 0 0 
1682523794.030898 20.473046875 33.98653928923129 985.8636159808972 0 1 1 0 1 1 192 59 14 0 0 0 
1682523799.1812408 20.483203125 34.063466684347006 985.8825293902767 0 1 1 0 1 1 192 59 14 0 0 0 
1682523804.3267446 20.483203125 34.08127627899802 985.8552012250167 0 1 1 0 1 1 231 72 10 2 0 0 
1682523809.477809 20.473046875 34.081358058811844 985.8319605672659 0 1 1 0 1 1 231 72 8 0 0 0 
1682523814.6275408 20.46796875 34.069567048113456 985.8386923136923 0 1 1 0 1 1 231 72 8 0 0 0 
1682523819.776039 20.462890625 34.19439009449663 985.8117653347005 0 1 1 0 1 1 231 72 8 0 0 0 
1682523824.9291115 20.4578125 34.09933047358064 985.8255494160895 0 1 1 0 1 1 246 75 10 2 0 0 
1682523830.0765898 20.4578125 34.016304038204595 985.8258699007164 0 1 1 0 1 1 246 75 10 2 0 0 
1682523835.231603 20.452734375 34.152999332717336 985.8298763055392 0 1 1 0 1 1 246 75 10 2 0 0 
1682523840.3841436 20.44765625 34.36668806024241 985.8063249712125 0 1 1 0 1 1 225 70 8 2 0 0 
1682523845.534673 20.44765625 34.21243886207623 985.8217908630633 0 1 1 0 1 1 225 70 8 2 0 0 
1682523850.6823096 20.442578125 34.36684492497774 985.8551281446439 0 1 1 0 1 1 225 70 8 2 0 0 
1682523855.8363256 20.442578125 34.41432840696165 985.8285222800602 0 1 1 0 1 1 246 77 10 2 0 0 
1682523860.9947536 20.452734375 34.14120837816759 985.8352536981755 0 1 1 0 1 1 246 77 10 2 0 0 
1682523866.1496186 20.432421875 34.283747248149595 985.8372564070887 0 1 1 0 1 1 246 77 10 2 0 0 
1682523871.3042967 20.432421875 34.36700174645778 985.863862237647 0 1 1 0 1 1 237 77 10 2 0 0 
1682523876.4518144 20.4375 34.15332285017394 985.8527216032917 0 1 1 0 1 1 237 77 10 2 0 0 
1682523881.6019948 20.42734375 34.27227342115922 985.8325276692412 0 1 1 0 1 1 237 77 10 2 0 0 
1682523886.7541099 20.422265625 34.36122331624097 985.8166585044753 0 1 1 0 1 1 189 60 10 2 0 0 
1682523891.9080997 20.432421875 34.16519424952361 985.8645014028042 0 1 1 0 1 1 174 55 14 2 0 0 
1682523897.062338 20.4171875 34.31991329398502 985.8604109654797 0 1 1 0 1 1 174 55 14 2 0 0 
1682523902.2174044 20.412109375 34.22479069603773 985.8755560591468 0 1 1 0 1 1 174 55 14 2 0 0 
1682523907.3722484 20.401953125 34.47437613103018 985.8293958445098 0 1 2 0 1 2 195 65 12 2 0 0 
1682523912.5265472 20.396875 34.26048239250354 985.8580025345104 0 1 2 0 1 2 195 65 12 2 0 0 
1682523917.6813061 20.396875 34.438690373976605 985.8627318779486 0 1 2 0 1 2 195 65 12 2 0 0 
1682523922.834979 20.40703125 34.438690373976605 985.8832437483486 0 1 2 0 1 2 195 65 10 2 0 0 
1682523927.9892395 20.401953125 34.29617288880236 985.8731472609257 0 1 2 0 1 2 195 65 10 2 0 0 
1682523933.1458967 20.396875 34.31421504028495 985.8330803689979 0 1 2 0 1 2 195 65 10 2 0 0 
1682523938.3012688 20.381640625 34.248850985907055 985.8785141709265 0 1 2 0 1 2 204 68 10 2 0 0 
1682523943.4564216 20.391796875 34.45071470416269 985.8485437651084 0 1 2 0 1 2 204 68 10 2 0 0 
1682523948.6114419 20.38671875 34.231285371710655 985.8640068134226 0 1 2 0 1 2 204 68 10 2 0 0 
1682523953.7661598 20.3765625 34.45086939790805 985.8707376404177 0 1 1 0 1 1 171 57 6 0 0 0 
1682523958.9209878 20.3765625 34.45086939790805 985.8363565547252 0 1 1 0 1 1 171 57 6 0 0 0 
1682523964.0769694 20.3765625 34.37981078766192 985.8609598876607 0 1 1 0 1 1 171 57 6 0 0 0 
1682523969.231029 20.381640625 34.344046494172794 985.8710560464025 0 1 1 0 1 1 207 59 14 2 0 0 
1682523974.3859212 20.371484375 34.43931015468884 985.8380392195152 0 1 1 0 1 1 207 59 14 2 0 0 
1682523979.5433502 20.3765625 34.35599429307572 985.8562302277552 1 2 2 1 2 2 249 73 18 4 0 0 
1682523984.6970632 20.3765625 34.53418066863208 985.8733751962537 1 2 2 1 2 2 249 73 18 4 0 0 
1682523989.8517225 20.36640625 34.617333352247655 985.8420410830618 1 2 2 1 2 2 249 73 18 4 0 0 
1682523995.0058787 20.361328125 34.5638513630014 985.8437237209514 0 2 2 0 2 2 228 71 18 4 0 0 
1682524000.161139 20.351171875 34.6054654268543 985.8703279549756 0 2 2 0 2 2 228 71 18 4 0 0 
1682524005.3162837 20.371484375 34.60523882418066 985.8356286891244 0 2 2 0 2 2 228 71 18 4 0 0 
1682524010.4718018 20.36640625 34.516454675989934 985.9053458684384 0 2 2 0 2 2 198 66 16 4 0 0 
1682524015.626922 20.361328125 34.58165365628706 985.8753759130843 0 2 2 0 2 2 198 66 16 4 0 0 
1682524020.7817657 20.36640625 34.43915527439209 985.8447698793742 0 2 2 0 2 2 198 66 16 4 0 0 
1682524025.937101 20.361328125 34.522465266232096 985.879376937271 0 2 2 0 2 2 213 71 16 4 0 0 
1682524031.0933297 20.361328125 34.72414283079142 985.8871544844515 0 2 2 0 2 2 213 71 16 4 0 0 
1682524036.2513177 20.361328125 34.56986140400802 985.8955677518107 0 2 2 0 2 2 213 71 16 4 0 0 
1682524041.4028275 20.36640625 34.46296995379031 985.8622327423503 1 2 2 1 2 2 270 90 18 4 0 0 
1682524046.5538797 20.35625 34.68868914447021 985.872964183744 1 2 2 1 2 2 270 90 18 4 0 0 
1682524051.7105818 20.351171875 34.46905841258086 985.8850600144101 0 1 1 0 1 1 207 67 12 0 0 0 
1682524056.869076 20.351171875 34.5700132375023 985.8931555328104 0 1 1 0 1 1 207 67 12 0 0 0 
1682524062.0242596 20.35625 34.75388534562674 985.8942028901438 0 1 1 0 1 1 207 67 12 0 0 0 
1682524067.178474 20.35625 34.599607029598225 985.8645511246038 0 1 1 0 1 1 192 62 10 0 0 0 
1682524072.3370697 20.361328125 34.457267318148254 985.8874723306166 0 1 1 0 1 1 192 62 10 0 0 0 
1682524077.4918904 20.341015625 34.76589992760303 985.8567735085069 0 1 1 0 1 1 192 62 10 0 0 0 
1682524082.6488183 20.351171875 34.6117765082623 985.8884252124241 0 1 1 0 1 1 198 62 8 0 0 0 
1682524087.8028471 20.35625 34.59374874776904 985.8965207586333 0 1 1 0 1 1 198 62 8 0 0 0 
1682524092.9543924 20.361328125 34.62905072495799 985.8817885285926 0 1 1 0 1 1 198 62 8 0 0 0 
1682524098.1050146 20.361328125 34.540191102331114 985.8501361288318 0 0 0 0 0 0 177 55 6 0 0 0 
1682524103.2566907 20.361328125 34.72399450340056 985.9002978658895 0 0 0 0 0 0 177 55 6 0 0 0 
1682524108.4105654 20.361328125 34.67659765822214 985.8935671968029 0 0 0 0 0 0 177 55 6 0 0 0 
1682524113.5654852 20.361328125 34.66480464271077 985.9258555287744 0 0 0 0 0 0 168 50 4 0 0 0 
1682524118.7155359 20.361328125 34.771612641257356 985.8925202501571 0 0 0 0 0 0 168 50 4 0 0 0 
1682524123.8606865 20.361328125 34.771759833353634 985.8715992251502 0 0 0 0 0 0 168 50 4 0 0 0 
1682524129.0104415 20.35625 34.777693376908516 985.8894726935538 0 0 0 0 0 0 177 53 4 0 0 0 
1682524134.1604245 20.35625 34.79534729982413 985.8712815717762 0 0 0 0 0 0 159 48 6 0 0 0 
1682524139.3117795 20.34609375 34.68868914447021 985.864233307565 0 0 0 0 0 0 159 48 6 0 0 0 
1682524144.4635189 20.34609375 34.64715304464796 985.884742469476 0 0 0 0 0 0 159 48 6 0 0 0 
1682524149.6160007 20.35625 34.658870767375035 985.9059813720078 0 0 0 0 0 0 159 48 6 0 0 0 
1682524154.7670546 20.351171875 34.730372845089114 985.8651864303497 0 0 0 0 0 0 159 48 6 0 0 0 
1682524159.9174595 20.351171875 34.83116770374795 985.8783296192211 0 0 0 0 0 0 159 48 6 0 0 0 
1682524165.067287 20.35625 34.77190698220058 985.9093466531695 0 0 0 0 0 0 144 43 10 0 0 0 
1682524170.219381 20.34609375 34.65909542978306 985.9304902111893 0 0 0 0 0 0 144 43 10 0 0 0 
1682524175.3752277 20.351171875 34.5640793342424 985.8783296192211 0 0 0 0 0 0 144 43 10 0 0 0 
1682524180.5300684 20.35625 34.641294356419316 985.9096642136687 0 1 1 0 1 1 159 48 17 2 0 0 
1682524185.6844397 20.34609375 34.66510389793791 985.8820122792777 0 1 1 0 1 1 159 48 17 2 0 0 
1682524190.8381631 20.34609375 34.80750727035752 985.8988381351954 0 1 1 0 1 1 159 48 17 2 0 0 
1682524195.9924152 20.3357421875 34.70671313535275 985.8755993462499 0 1 1 0 1 1 180 52 17 2 0 0 
1682524201.1452103 20.34609375 34.80164713163917 985.887060035319 0 1 1 0 1 1 180 52 17 2 0 0 
1682524206.2944264 20.34609375 34.92617222557562 985.896107343461 0 1 1 0 1 1 180 52 17 2 0 0 
1682524211.449343 20.3357421875 35.0330377259572 985.9116642782968 0 1 1 0 1 1 180 54 17 2 0 0 
1682524216.6038795 20.35625 34.65316174893886 985.9156639981028 0 0 0 0 0 0 153 42 10 0 0 0 
1682524221.7614293 20.341015625 34.97356580806671 985.8769645238654 0 0 0 0 0 0 144 42 10 0 0 0 
1682524226.91297 20.3306640625 34.74824708244027 985.9072510657753 0 0 0 0 0 0 144 42 10 0 0 0 
1682524232.0641627 20.34609375 34.967632671906166 985.8466780046024 0 0 0 0 0 0 144 42 10 0 0 0 
1682524237.214894 20.3357421875 34.748099409199995 985.8988381351954 0 0 0 0 0 0 144 42 10 0 0 0 
1682524242.3657756 20.3357421875 34.961913648276536 985.9089336521009 0 0 0 0 0 0 144 42 10 0 0 0 
1682524247.5172274 20.3306640625 34.89078971785131 985.8941076359638 0 0 0 0 0 0 144 42 10 0 0 0 
1682524252.6675408 20.341015625 35.02710482905018 985.9412196843078 0 0 0 0 0 0 150 44 10 0 0 0 
1682524257.8219547 20.341015625 34.801720337776054 985.8856947759544 0 0 0 0 0 0 150 44 10 0 0 0 
1682524262.9762747 20.3357421875 34.77205408779821 985.8739167748773 0 0 0 0 0 0 150 44 10 0 0 0 
1682524268.1325378 20.3357421875 34.79586037190849 985.9115672783731 0 0 0 0 0 0 150 47 10 0 0 0 
1682524273.282932 20.3306640625 35.039041088890755 985.9109333612245 0 0 0 0 0 0 150 47 10 0 0 0 
1682524278.4336386 20.3306640625 34.87899599074956 985.8910596677011 0 0 0 0 0 0 150 47 10 0 0 0 
1682524283.5849285 20.3306640625 34.77791387920544 985.8812814659144 0 0 0 0 0 0 159 47 12 0 0 0 
1682524288.7385564 20.3357421875 34.95011922317176 985.9216625542252 0 0 0 0 0 0 159 47 12 0 0 0 
1682524293.8934321 20.341015625 35.0569097431698 985.9196631719924 0 0 0 0 0 0 159 47 12 0 0 0 
1682524299.0472248 20.3154296875 34.9264592956604 985.9354395305988 1 1 1 1 1 1 225 70 8 0 0 0 
1682524304.2060525 20.3205078125 34.896938959793175 985.8900111599652 0 1 1 0 1 1 204 59 8 0 0 0 
1682524309.3627293 20.3154296875 35.02131327311028 985.9219792673215 0 1 1 0 1 1 204 59 8 0 0 0 
1682524314.5179813 20.3255859375 34.9561235272639 985.8886455034633 0 1 1 0 1 1 204 59 8 0 0 0 
1682524319.6729424 20.3154296875 34.968131662720104 985.9559462664715 0 1 1 0 1 1 189 56 8 0 0 0 
1682524324.8279045 20.3103515625 34.991862234883 985.9071532021428 0 1 1 0 1 1 189 56 8 0 0 0 
1682524329.982408 20.3103515625 35.00966005611349 985.9394374239282 0 1 1 0 1 1 189 56 8 0 0 0 
1682524335.1373184 20.3103515625 35.05697999312803 985.9354395305988 1 1 1 1 1 1 216 65 8 0 0 0 
1682524340.2926376 20.3154296875 35.22915891416144 985.9206133519489 1 1 1 1 1 1 216 65 8 0 0 0 
1682524345.447518 20.3205078125 34.95033362570624 985.9054706837316 1 1 1 1 1 1 216 65 8 0 0 0 
1682524350.6024277 20.3205078125 35.009376894181365 985.9270268655263 0 0 0 0 0 0 168 49 4 0 0 0 
1682524355.757514 20.341015625 34.99157825403962 985.9260765199354 0 0 0 0 0 0 168 49 4 0 0 0 
1682524360.9144828 20.3306640625 34.99157825403962 985.9112503745157 0 0 0 0 0 0 168 49 4 0 0 0 
1682524366.0693052 20.3357421875 35.02117192186659 985.9243939464656 0 0 0 0 0 0 177 52 4 0 0 0 
1682524371.2245576 20.3357421875 34.97971244256342 985.9109333612245 0 0 0 0 0 0 177 52 4 0 0 0 
1682524376.3797712 20.3306640625 35.10437112778721 985.9459505689506 0 0 0 0 0 0 177 52 4 0 0 0 
1682524381.534809 20.3306640625 35.16369693370941 985.9109333612245 0 1 1 0 1 1 225 69 6 0 0 0 
1682524386.6902068 20.3306640625 35.104231687268275 985.9031545504185 0 1 1 0 1 1 225 69 6 0 0 0 
1682524391.8450592 20.3357421875 35.06277225968411 985.9045201377926 0 1 1 0 1 1 204 66 4 0 0 0 
1682524397.0005631 20.3255859375 35.074707839472126 985.9146154932968 0 1 1 0 1 1 204 66 4 0 0 0 
1682524402.1554995 20.3306640625 35.1990860223733 985.8907424917503 0 1 1 0 1 1 204 66 4 0 0 0 
1682524407.314327 20.341015625 35.080500531256504 985.9274421062971 0 1 1 0 1 1 210 68 4 0 0 0 
1682524412.4691157 20.3306640625 35.068705026691596 985.9156639981028 0 1 1 0 1 1 210 68 4 0 0 0 
1682524417.62404 20.341015625 35.03296717060145 985.9126159341349 0 1 1 0 1 1 210 68 4 0 0 0 
1682524422.7822394 20.341015625 35.09836870758387 985.9190291715231 0 0 0 0 0 0 204 66 4 0 0 0 
1682524427.9340339 20.34609375 35.19922330094164 985.9072510657753 0 0 0 0 0 0 204 66 4 0 0 0 
1682524433.0862 20.34609375 35.00923524834651 985.9190291715231 0 0 0 0 0 0 204 66 4 0 0 0 
1682524438.23382 20.351171875 35.2584801934793 985.9473162229277 0 0 0 0 0 0 168 54 4 0 0 0 
1682524443.3845074 20.341015625 35.104161950792125 985.9220772079411 0 0 0 0 0 0 168 54 4 0 0 0 
1682524448.533297 20.34609375 34.96770398874301 985.9392202179163 0 0 0 0 0 0 168 54 4 0 0 0 
1682524453.6863935 20.341015625 35.03296717060145 985.9203946075014 0 0 0 0 0 0 162 54 4 0 0 0 
1682524458.8352778 20.351171875 35.14555300577145 985.9341724553743 0 0 0 0 0 0 162 54 4 0 0 0 
1682524463.984594 20.34609375 35.175355251121545 985.9271250096805 1 1 1 1 1 1 243 70 13 2 0 0 
1682524469.1347375 20.3357421875 35.18722065730105 985.9540466295803 1 1 1 1 1 1 243 70 13 2 0 0 
1682524474.2855155 20.341015625 35.21095134633829 985.9392202179163 1 1 1 1 1 1 243 70 13 2 0 0 
1682524479.4314835 20.3306640625 35.28227779491706 985.9055684795196 1 1 1 1 1 1 264 75 15 2 0 0 
1682524484.583776 20.3357421875 35.317871961468846 985.9311242407638 1 1 1 1 1 1 264 75 15 2 0 0 
1682524489.74046 20.341015625 35.35319825379111 985.9590944353037 1 1 1 1 1 1 264 75 15 2 0 0 
1682524494.8949254 20.3306640625 35.1280321315676 985.9308072806958 1 1 1 1 1 1 264 75 15 2 0 0 
1682524500.0490255 20.3357421875 35.080500531256504 985.9392202179163 1 1 1 1 1 1 264 75 15 2 0 0 
1682524505.2040858 20.341015625 35.16949151848295 985.947633156884 1 1 1 1 1 1 264 75 15 2 0 0 
1682524510.3527217 20.3306640625 35.11609720361469 985.9291246934615 1 2 2 1 2 2 270 77 15 2 0 0 
1682524515.5049484 20.3306640625 35.1280321315676 985.939537110209 1 2 2 1 2 2 270 77 15 2 0 0 
1682524520.6634514 20.3255859375 35.37719475028112 985.9462674070234 1 2 2 1 2 2 270 77 15 2 0 0 
1682524525.8175423 20.3306640625 35.28214242687584 985.9392202179163 1 1 1 1 1 1 234 70 15 2 0 0 
1682524530.9714289 20.341015625 35.21674708050083 985.9389032161848 1 1 1 1 1 1 234 70 15 2 0 0 
1682524536.1237369 20.341015625 35.418653981652895 985.8901078115358 1 1 1 1 1 1 234 70 15 2 0 0 
1682524541.2821157 20.34609375 35.28821018169988 985.9604601023944 1 1 1 1 1 1 240 70 13 0 0 0 
1682524546.4350493 20.3306640625 35.22881755872831 985.9156639981028 0 1 1 0 1 1 168 46 6 2 0 0 
1682524551.588399 20.34609375 35.21095134633829 985.922394345223 0 1 1 0 1 1 168 46 6 2 0 0 
1682524556.7433195 20.3306640625 35.28234546272194 985.9513151303681 0 1 1 0 1 1 168 46 6 2 0 0 
1682524561.8962493 20.3306640625 35.28807495012135 985.9277590934747 0 0 0 0 0 0 162 43 2 0 0 0 
1682524567.047368 20.3306640625 35.228954133333566 985.9176636532859 0 0 0 0 0 0 162 43 2 0 0 0 
1682524572.1979887 20.3306640625 35.234750106231665 985.9203946075014 0 0 0 0 0 0 162 43 2 0 0 0 
1682524577.3531997 20.341015625 35.15769529864277 985.9442679810871 0 0 2 0 0 2 189 54 6 2 2 2 
1682524582.504515 20.3306640625 35.24081894513039 985.9661416287643 0 0 2 0 0 2 189 54 6 2 2 2 
1682524587.655596 20.3306640625 35.31773741219666 985.9543635093163 0 0 2 0 0 2 189 54 6 2 2 2 
1682524592.8038585 20.3255859375 35.24075079969973 985.929758531271 0 0 2 0 0 2 177 50 8 2 2 2 
1682524597.9574823 20.3255859375 35.27627765101096 985.9126159341349 0 0 2 0 0 2 177 50 8 2 2 2 
1682524603.1062508 20.3306640625 35.579013047786404 985.9109333612245 0 0 2 0 0 2 177 50 8 2 2 2 
1682524608.2574623 20.3357421875 35.34160120030986 985.9227113730658 0 0 2 0 0 2 171 48 8 2 2 2 
1682524613.4104486 20.3357421875 35.495837245002996 985.8967412857329 0 0 2 0 0 2 171 48 8 2 2 2 
1682524618.5613337 20.3255859375 35.383126972642465 985.9392202179163 0 0 2 0 0 2 171 48 8 2 2 2 
1682524623.711403 20.3357421875 35.389059184727465 985.8860119925702 0 0 2 0 0 2 165 48 8 2 2 2 
1682524628.864104 20.3357421875 35.31780469223793 985.876550911785 0 1 1 0 1 1 204 59 13 2 0 0 
1682524634.0137534 20.3255859375 35.43065034367784 985.9098847326424 0 1 1 0 1 1 177 50 13 2 0 0 
1682524639.1686442 20.3357421875 35.50770126839565 985.9045201377926 0 1 1 0 1 1 177 50 13 2 0 0 
1682524644.3225973 20.3357421875 35.43631876499705 985.9288076103999 0 1 1 0 1 1 177 50 13 2 0 0 
1682524649.4682763 20.3357421875 35.34746655624556 985.9069338064986 0 1 1 0 1 1 192 53 11 2 0 0 
1682524654.6194875 20.34609375 35.40072460353755 985.8803296940704 0 1 1 0 1 1 192 53 11 2 0 0 
