timestamp temperature humidity pressure pm10_standard pm25_standard pm100_standard pm10_env pm25_env pm100_env particles_03um particles_05um particles_10um particles_25um particles_50um particles_100um
1675116892.556657 20.8796875 14.511627994599293 987.8136755031312 4 6 6 4 6 6 885 245 31 2 0 0 
1675116897.6876152 20.874609375 14.512244159275015 987.8187278606914 4 5 5 4 5 5 837 237 31 2 0 0 
1675116902.8209264 20.874609375 14.42260793627979 987.7634656289183 3 4 4 3 4 4 837 237 31 2 0 0 
1675116907.9502876 20.874609375 14.518527821987735 987.712942557759 3 4 4 3 4 4 837 237 31 2 0 0 
1675116913.0774975 20.86953125 14.435189365781303 987.7159967141661 3 5 5 3 5 5 906 259 36 2 0 0 
1675116918.2061653 20.86953125 14.47669842855968 987.7348358808578 4 6 6 4 6 6 906 259 36 2 0 0 
1675116923.3378804 20.859375 14.524823168125813 987.7449404955097 4 6 6 4 6 6 906 259 36 2 0 0 
1675116928.4718506 20.854296875 14.555315697005783 987.745881285058 4 6 6 4 6 6 861 245 38 2 0 0 
1675116933.6061432 20.854296875 14.537081934183636 987.7007253804857 4 6 6 4 6 6 861 245 38 2 0 0 
1675116938.7393618 20.84921875 14.579216894377453 987.7206203632995 5 7 7 5 7 7 942 266 45 4 0 0 
1675116943.8732674 20.84921875 14.484844519576097 987.7047205769309 5 7 7 5 7 7 942 266 45 4 0 0 
1675116949.0058248 20.8390625 14.598063817091221 987.7243020387187 5 7 7 5 7 7 942 266 45 4 0 0 
1675116954.13763 20.8390625 14.533261060022298 987.6848258972088 5 7 7 5 7 7 927 262 41 4 0 0 
1675116959.2699447 20.8390625 14.562520824428672 987.684512347381 5 7 7 5 7 7 927 262 41 4 0 0 
1675116964.404356 20.82890625 14.688606195876192 987.6955565373323 5 7 7 5 7 7 927 262 41 4 0 0 
1675116969.5377398 20.82890625 14.604652748567345 987.7508150626959 5 7 7 5 7 7 963 274 46 4 0 0 
1675116974.6717298 20.82890625 14.593317071984924 987.7760749854049 5 7 7 5 7 7 963 274 46 4 0 0 
1675116979.8034859 20.82890625 14.396453223712872 987.7427089086746 5 7 7 5 7 7 963 274 46 4 0 0 
1675116984.9343526 20.823828125 14.426328322856689 987.72755321463 5 7 7 5 7 7 999 276 46 4 0 0 
1675116990.0681322 20.82890625 14.52192690988036 987.7221871693348 5 7 7 5 7 7 999 276 46 4 0 0 
1675116995.2006326 20.82890625 14.616909306024663 987.6736663483957 5 7 7 5 7 7 999 276 46 4 0 0 
1675117000.3314846 20.81875 14.58167468789664 987.7090295962762 5 7 7 5 7 7 1008 281 44 4 0 0 
1675117005.4664786 20.82890625 14.701167154221094 987.7359720403742 5 7 7 5 7 7 1008 281 44 4 0 0 
1675117010.5984976 20.813671875 14.6716005632004 987.6989258080172 5 7 7 5 7 7 1008 281 44 4 0 0 
1675117015.7331738 20.81875 14.570032527927545 987.6749185084121 5 7 7 5 7 7 996 272 44 2 0 0 
1675117020.8640666 20.81875 14.558083151630184 987.713023201876 6 8 8 6 8 8 1113 322 39 0 0 0 
1675117025.9962158 20.813671875 14.605880409648648 987.7147071398539 4 6 6 4 6 6 1041 296 35 0 0 0 
1675117031.1263564 20.813671875 14.528825091213271 987.6911320145352 4 6 6 4 6 6 1041 296 35 0 0 0 
1675117036.2582316 20.80859375 14.659957803609492 987.6998644823734 4 6 6 4 6 6 1041 296 35 0 0 0 
1675117041.3867683 20.80859375 14.581981863029743 987.7237519051049 4 6 6 4 6 6 1050 296 37 0 0 0 
1675117046.521033 20.81875 14.558083151630184 987.7197589542072 5 7 7 5 7 7 1050 296 37 0 0 0 
1675117051.6528776 20.813671875 14.576621656298254 987.7551216723222 5 7 7 5 7 7 1050 296 37 0 0 0 
1675117056.7865558 20.80859375 14.553030943844332 987.7301751225506 5 7 7 5 7 7 1029 294 37 0 0 0 
1675117061.9208934 20.80859375 14.486694297875891 987.8073238364391 5 7 7 5 7 7 1029 294 37 0 0 0 
1675117067.0544171 20.80859375 14.768106327579732 987.7035449751952 5 7 7 5 7 7 1029 294 37 0 0 0 
1675117072.1881745 20.80859375 14.451462928905524 987.7167037241161 5 7 7 5 7 7 1029 289 37 0 0 0 
1675117077.3208268 20.7984375 14.492669045701641 987.655650059675 5 7 7 5 7 7 1029 289 37 0 0 0 
1675117082.4530613 20.803515625 14.486694297875891 987.703857510582 5 7 7 5 7 7 1029 289 37 0 0 0 
1675117087.5847626 20.7984375 14.619056555401215 987.6651279016083 5 7 7 5 7 7 1002 282 42 0 0 0 
1675117092.7187638 20.793359375 14.564979926408869 987.6351307803136 5 7 7 5 7 7 1002 282 42 0 0 0 
1675117097.8496454 20.78828125 14.613082231003489 987.6270243188804 5 7 7 5 7 7 1002 282 42 0 0 0 
1675117102.9835703 20.78828125 14.571568930613884 987.6643819309154 5 8 8 5 8 8 972 279 54 4 0 0 
1675117108.1137307 20.78828125 14.668075330023672 987.6404952532049 5 8 8 5 8 8 972 279 54 4 0 0 
1675117113.2466621 20.783203125 14.625337506754299 987.6815327659797 5 8 8 5 8 8 1008 286 54 4 0 0 
1675117118.3785582 20.78828125 14.703918908659428 987.6599551839204 5 8 8 5 8 8 1008 286 54 4 0 0 
1675117123.511224 20.7984375 14.684467486476164 987.6724887401804 5 8 8 5 8 8 1008 286 54 4 0 0 
1675117128.6455588 20.793359375 14.553338420644707 987.6946913231145 4 7 7 4 7 7 918 255 50 2 0 0 
1675117133.7797158 20.78828125 14.69702764410937 987.6233436190961 4 7 7 4 7 7 918 255 50 2 0 0 
1675117138.914046 20.803515625 14.475669927650335 987.6452340640872 4 7 7 4 7 7 918 255 50 2 0 0 
1675117144.0477648 20.78828125 14.559620244864531 987.6505984568882 5 7 7 5 7 7 930 269 52 2 0 0 
1675117149.1777217 20.78828125 14.672825011577686 987.6478559473021 5 7 7 5 7 7 930 269 52 2 0 0 
1675117154.3094666 20.783203125 14.428181983052697 987.6728012042513 5 7 7 5 7 7 930 269 52 2 0 0 
1675117159.4427261 20.773046875 14.553645886543439 987.6414330893338 5 7 7 5 7 7 975 272 54 2 0 0 
1675117164.5766127 20.778125 14.65582112881228 987.6532198758181 5 7 7 5 7 7 975 272 54 2 0 0 
1675117169.7086656 20.76796875 14.602361139764549 987.6689985626792 5 7 7 5 7 7 975 272 54 2 0 0 
1675117174.8372922 20.752734375 14.6806351642304 987.6656309620213 4 6 6 4 6 6 924 255 47 2 0 0 
1675117179.971911 20.76796875 14.680023230756529 987.6184845822053 4 6 6 4 6 6 924 255 47 2 0 0 
1675117185.1055534 20.76796875 14.68094111461587 987.6497289919145 5 5 6 5 5 6 852 268 31 2 0 0 
1675117190.2370548 20.752734375 14.698556523804381 987.6393144584795 5 5 6 5 5 6 852 268 31 2 0 0 
1675117195.367535 20.7578125 14.716783326799833 987.6494170918758 5 5 6 5 5 6 852 268 31 2 0 0 
1675117200.5014386 20.7578125 14.567438330687642 987.6466732918207 4 5 6 4 5 6 852 259 29 2 0 0 
1675117205.6303182 20.7578125 14.65229739486101 987.6564640280125 4 5 6 4 5 6 852 259 29 2 0 0 
1675117210.7619863 20.74765625 14.735009611936963 987.6048917309026 4 5 6 4 5 6 852 259 29 2 0 0 
1675117215.895675 20.752734375 14.711420828083378 987.6567757641986 4 5 6 4 5 6 852 261 29 2 0 0 
1675117221.029884 20.74765625 14.747567060951152 987.636570821962 4 5 6 4 5 6 852 261 29 2 0 0 
1675117226.1631527 20.752734375 14.592254855586132 987.636570821962 3 4 5 3 4 5 852 261 29 2 0 0 
1675117231.290312 20.74765625 14.598842266746326 987.6402500737854 4 5 5 4 5 5 888 271 31 2 0 0 
1675117236.417137 20.7375 14.718005362149267 987.6489803161478 4 5 5 4 5 5 888 271 31 2 0 0 
1675117241.5456114 20.74765625 14.598842266746326 987.6557151892683 4 5 5 4 5 5 888 271 31 2 0 0 
1675117246.6794086 20.742578125 14.813578363522355 987.6587711228515 5 6 7 5 6 7 876 264 33 2 0 0 
1675117251.810346 20.742578125 14.742509259464459 987.669496251306 5 6 7 5 6 7 876 264 33 2 0 0 
1675117256.9443538 20.742578125 14.623042887074632 987.6644451353551 5 6 7 5 6 7 876 264 33 2 0 0 
1675117262.0788984 20.7375 14.766402039793219 987.7028593324666 4 5 6 4 5 6 912 274 35 2 0 0 
1675117267.2087486 20.742578125 14.778043587977143 987.6809709734438 4 6 6 4 6 6 942 266 31 0 0 0 
1675117272.3392773 20.7375 14.735925500664047 987.6523477525682 5 6 6 5 6 6 948 273 29 0 0 0 
1675117277.468622 20.74765625 14.861363875865138 987.6651944931053 5 6 6 5 6 6 948 273 29 0 0 0 
1675117282.6002688 20.74765625 14.76548725217819 987.6304594208399 4 5 5 4 5 5 948 273 29 0 0 0 
1675117287.7319014 20.7375 14.646936490985404 987.6456128800074 4 5 5 4 5 5 984 285 29 0 0 0 
1675117292.8666975 20.74765625 14.831498007865253 987.6655060518843 4 5 5 4 5 5 984 285 29 0 0 0 
1675117297.9968562 20.7375 14.670523907099874 987.680659646302 4 5 5 4 5 5 984 285 29 0 0 0 
1675117303.1286352 20.7375 14.70130782049986 987.6492917912816 4 5 5 4 5 5 1005 282 27 0 0 0 
1675117308.2606745 20.72734375 14.81418710630153 987.666440070546 4 5 5 4 5 5 1005 282 27 0 0 0 
1675117313.39577 20.7220703125 14.623962548137873 987.6350725866992 4 5 5 4 5 5 1005 282 27 0 0 0 
1675117318.5299046 20.7119140625 14.904388958047956 987.6168636027436 5 6 6 5 6 6 1038 298 27 0 0 0 
1675117323.6608963 20.7169921875 15.030419165070771 987.6182359574162 5 6 6 5 6 6 1038 298 27 0 0 0 
1675117328.7920876 20.7220703125 14.874828474020573 987.6249706082896 5 6 6 5 6 6 1038 298 27 0 0 0 
1675117333.9231699 20.7119140625 14.892139891619358 987.6572711977091 4 5 5 4 5 5 1053 308 22 0 0 0 
1675117339.055055 20.7119140625 14.8273500723809 987.6457966127999 4 5 5 4 5 5 1053 308 22 0 0 0 
1675117344.1855838 20.7017578125 14.696251775546209 987.621164085462 4 5 5 4 5 5 1053 308 22 0 0 0 
1675117349.3183608 20.7017578125 14.74372992842865 987.6542147965854 4 5 5 4 5 5 849 257 21 2 0 0 
1675117354.4479415 20.6966796875 14.654440853869612 987.6231585227276 4 5 5 4 5 5 849 257 21 2 0 0 
1675117359.5829 20.6916015625 14.792731399951885 987.6436722234423 4 5 7 4 5 7 906 266 26 4 2 0 
1675117364.714552 20.6814453125 14.655359315642492 987.6543943395757 4 5 7 4 5 7 906 266 26 4 2 0 
1675117369.8462126 20.6916015625 14.608201597874904 987.6776540574381 4 5 7 4 5 7 906 266 26 4 2 0 
1675117374.9779146 20.6814453125 14.751544856091707 987.686381906989 4 6 7 4 6 7 927 274 28 4 2 0 
1675117380.1097336 20.6763671875 14.644037968218937 987.6975468900114 4 6 7 4 6 7 927 274 28 4 2 0 
1675117385.243223 20.6814453125 14.823214262040787 987.7736176640938 4 6 7 4 6 7 927 274 28 4 2 0 
1675117390.3741224 20.6763671875 14.650010660586192 987.7419393209536 5 6 7 5 6 7 957 286 37 4 2 0 
1675117395.5063078 20.6763671875 14.650623007588099 987.7105709981383 5 6 7 5 6 7 957 286 37 4 2 0 
1675117400.637067 20.6712890625 14.79457021146306 987.69710275471 5 6 7 5 6 7 957 286 37 4 2 0 
1675117405.7704282 20.6611328125 14.776958358415994 987.6603749949768 5 6 8 5 6 8 963 291 39 4 2 0 
1675117410.900058 20.6458984375 14.699319852746116 987.6929807228807 5 6 8 5 6 8 963 291 39 4 2 0 
1675117416.0318923 20.6408203125 14.694264478549515 987.708438518418 5 6 8 5 6 8 963 291 39 4 2 0 
1675117421.163164 20.6408203125 14.736068665896484 987.7320069967037 5 7 8 5 7 8 963 289 46 6 2 0 
1675117426.2959785 20.6357421875 15.045392023335625 987.7101219806979 5 7 8 5 7 8 963 289 46 6 2 0 
1675117431.4299226 20.6509765625 14.771900425149514 987.7084413073788 5 7 7 5 7 7 1068 297 44 2 0 0 
1675117436.5640714 20.6357421875 14.802368661735022 987.730632314805 5 7 7 5 7 7 1068 297 44 2 0 0 
1675117441.6973 20.6357421875 14.8787865114852 987.7929199977776 5 7 7 5 7 7 1068 297 44 2 0 0 
1675117446.831012 20.6306640625 14.849230808554566 987.7444084770882 6 8 8 6 8 8 1134 316 56 0 0 0 
1675117451.961274 20.6306640625 14.813703676059614 987.7474668142713 6 8 8 6 8 8 1134 316 56 0 0 0 
1675117457.0941877 20.6306640625 14.80742750653967 987.6753876353371 6 8 8 6 8 8 1134 316 56 0 0 0 
1675117462.2271173 20.6205078125 14.771900425149514 987.6737042016415 6 8 8 6 8 8 1110 314 54 0 0 0 
1675117467.3601398 20.6154296875 14.700847603973218 987.6588624466808 6 8 8 6 8 8 1110 314 54 0 0 0 
1675117472.49437 20.6052734375 14.833443159126855 987.626430640874 6 8 8 6 8 8 1110 314 54 0 0 0 
1675117477.628485 20.6103515625 14.857328724164123 987.6011801910827 7 9 9 7 9 9 1197 338 63 0 0 0 
1675117482.7620828 20.5951171875 14.768061720842613 987.6402063139508 7 9 9 7 9 9 1197 338 63 0 0 0 
1675117487.89562 20.6001953125 14.797918872089612 987.6937652506032 7 9 9 7 9 9 1197 338 63 0 0 0 
1675117493.0289564 20.6001953125 14.773728526296807 987.6842817576492 6 8 8 6 8 8 1119 319 56 0 0 0 
1675117498.16248 20.6001953125 14.881820918849378 987.6674483700695 6 8 8 6 8 8 1119 319 56 0 0 0 
1675117503.2962816 20.5849609375 14.954382099587683 987.6963732267241 6 8 8 6 8 8 1119 319 56 0 0 0 
1675117508.4298503 20.5849609375 14.822716621528645 987.7017311485563 6 8 8 6 8 8 1098 312 46 0 0 0 
1675117513.563875 20.5849609375 14.889005286729777 987.7256051771651 5 7 7 5 7 7 1245 349 43 4 0 0 
1675117518.6975822 20.5748046875 14.751671750909619 987.7248441927534 6 9 9 6 9 9 1275 361 47 6 0 0 
1675117523.8315828 20.5595703125 14.764832820388825 987.7784016332913 6 9 9 6 9 9 1275 361 47 6 0 0 
1675117528.9654512 20.5544921875 14.854394335810788 987.7150519386249 6 9 9 6 9 9 1275 361 47 6 0 0 
1675117534.0986037 20.5494140625 14.789020515754228 987.7080116025262 5 8 8 5 8 8 1290 364 44 4 0 0 
1675117539.2302551 20.5341796875 14.753500724328918 987.7537666012217 5 8 8 5 8 8 1290 364 44 4 0 0 
1675117544.3630376 20.5443359375 14.741559249104485 987.7412212627703 5 8 8 5 8 8 1290 364 44 4 0 0 
1675117549.4962971 20.5494140625 14.884854236223747 987.6934771219636 4 7 7 4 7 7 1140 321 33 4 0 0 
1675117554.6297972 20.5443359375 14.903068757685544 987.7109235701884 5 8 8 5 8 8 1140 321 33 4 0 0 
1675117559.7627256 20.5392578125 15.058295710358005 987.7112304736345 5 8 8 5 8 8 1140 321 33 4 0 0 
1675117564.8958764 20.5392578125 14.84306047701339 987.694091528546 5 8 8 5 8 8 1113 314 35 4 0 0 
1675117570.0300107 20.5341796875 14.932617915288262 987.6988340324435 5 8 8 5 8 8 1113 314 35 4 0 0 
1675117575.1641417 20.5392578125 14.991717497487025 987.6985268150652 5 8 8 5 8 8 1113 314 35 4 0 0 
1675117580.2979932 20.5494140625 15.051722883168864 987.6749615859771 5 8 8 5 8 8 1113 317 33 4 0 0 
1675117585.4315546 20.5544921875 15.015599230990393 987.6766448161718 5 8 8 5 8 8 1113 317 33 4 0 0 
1675117590.565628 20.5494140625 14.968742547798191 987.7069429716335 None None None None None None None None None None None None 
1675117595.6992521 20.5443359375 15.021569638649392 987.7147446377776 4 7 7 4 7 7 969 269 37 2 0 0 
1675117600.8361177 20.5341796875 15.057693160072926 987.6937843800135 4 7 7 4 7 7 969 269 37 2 0 0 
1675117605.9701197 20.5392578125 14.920677057239722 987.7072501212256 5 7 7 5 7 7 1041 288 44 2 0 0 
1675117611.1037555 20.5443359375 14.759166713906193 987.6654770738061 4 6 6 4 6 6 1041 288 44 2 0 0 
1675117616.23737 20.51875 15.017409715928013 987.6795569096005 4 6 6 4 6 6 1041 288 44 2 0 0 
1675117621.3710368 20.523828125 14.999801590335618 987.6835369821665 4 6 6 4 6 6 1056 295 42 2 0 0 
1675117626.5023801 20.513671875 14.910553968301583 987.6690021694241 4 6 6 4 6 6 1056 295 42 2 0 0 
1675117631.6322732 20.503515625 15.101890884071967 987.6709918761502 4 6 6 4 6 6 1056 295 42 2 0 0 
1675117636.7658935 20.4984375 14.989371758087358 987.672981446335 4 6 6 4 6 6 1047 290 44 2 0 0 
1675117641.8994672 20.493359375 14.864322248335581 987.7069494295469 4 6 6 4 6 6 1047 290 44 2 0 0 
1675117647.0335777 20.483203125 15.121313742558344 987.6523266844947 4 6 6 4 6 6 1047 290 44 2 0 0 
1675117652.1677823 20.48828125 15.175636388391753 987.6290704228311 4 6 6 4 6 6 996 280 44 2 0 0 
1675117657.3014164 20.462890625 14.859869837526285 987.6400865140312 4 6 6 4 6 6 996 280 44 2 0 0 
1675117662.4350498 20.46796875 15.1338528689384 987.639474662374 4 6 6 4 6 6 996 280 44 2 0 0 
1675117667.5685632 20.4578125 14.979256683627536 987.658293625305 4 6 6 4 6 6 960 278 44 4 0 0 
1675117672.7021601 20.462890625 15.010007868414547 987.6589049597615 6 8 8 6 8 8 1155 330 34 2 0 0 
1675117677.8357487 20.442578125 15.213246614617086 987.6255513145442 6 7 7 6 7 7 1134 327 30 2 0 0 
1675117682.969348 20.44765625 14.973891688956257 987.6406979277891 6 7 7 6 7 7 1134 327 30 2 0 0 
1675117688.1033354 20.44765625 15.135654435251235 987.684454842312 6 7 7 6 7 7 1134 327 30 2 0 0 
1675117693.2363496 20.442578125 15.087904538146434 987.6362535826272 5 7 7 5 7 7 1086 313 37 2 0 0 
1675117698.3699374 20.432421875 15.099541426116332 987.6359482198195 5 7 7 5 7 7 1086 313 37 2 0 0 
1675117703.503168 20.442578125 14.998371707510236 987.6443628681131 5 7 7 5 7 7 1086 313 37 2 0 0 
1675117708.6368911 20.4375 15.15356047702022 987.6466562514554 5 7 7 5 7 7 1086 309 37 0 0 0 
1675117713.7698178 20.442578125 15.178034523932492 987.663180246413 5 7 7 5 7 7 1086 309 37 0 0 0 
1675117718.9034245 20.442578125 15.06433039413207 987.6157530710469 5 7 7 5 7 7 1086 309 37 0 0 0 
1675117724.0375597 20.4375 15.309338727536442 987.6608869010214 5 7 7 5 7 7 1050 294 37 0 0 0 
1675117729.1716874 20.432421875 15.202207827400326 987.6523148944373 5 7 7 5 7 7 1050 294 37 0 0 0 
1675117734.3052907 20.42734375 15.231750481394439 987.6901069280985 5 7 7 5 7 7 1050 294 37 0 0 0 
1675117739.4421678 20.432421875 15.172066032809187 987.7069361132413 4 6 6 4 6 6 963 270 30 0 0 0 
1675117744.5763986 20.422265625 15.226081248474882 987.5628169397205 4 6 6 4 6 6 963 270 30 0 0 0 
1675117749.7104053 20.42734375 15.118349150051626 987.6971433666237 4 6 6 4 6 6 963 270 30 0 0 0 
1675117754.84406 20.42734375 15.327839434261058 987.6455833914498 5 7 7 5 7 7 1047 307 34 0 0 0 
1675117759.9777925 20.42734375 15.214443851330344 987.6842895489053 5 7 7 5 7 7 1047 307 34 0 0 0 
1675117765.112268 20.412109375 15.400347178846236 987.6599603164095 5 7 7 5 7 7 1056 307 36 0 0 0 
1675117770.2457979 20.401953125 15.328733312916103 987.6619475587769 5 7 7 5 7 7 1056 307 36 0 0 0 
1675117775.3803382 20.401953125 15.280989913238768 987.6804586051194 5 7 7 5 7 7 1056 307 36 0 0 0 
1675117780.5135708 20.401953125 15.239811834189217 987.6972868364076 5 7 7 5 7 7 1113 316 38 0 0 0 
1675117785.6488779 20.38671875 15.17416431244909 987.6894807714248 5 7 7 5 7 7 1113 316 38 0 0 0 
1675117790.7803142 20.391796875 15.227876013660248 987.6625560441186 5 7 7 5 7 7 1113 316 38 0 0 0 
1675117795.9153645 20.38671875 15.138656173888497 987.6423625103838 5 7 7 5 7 7 1098 321 36 0 0 0 
1675117801.0512986 20.38671875 15.198934553331352 987.6824455626477 5 7 7 5 7 7 1098 321 36 0 0 0 
1675117806.1802762 20.381640625 15.324255348859213 987.6884056163376 5 7 7 5 7 7 1098 321 36 0 0 0 
1675117811.3092055 20.381640625 15.300086831331177 987.6783090045968 5 7 7 5 7 7 1125 318 31 0 0 0 
1675117816.4431179 20.381640625 15.33678604390327 987.6584196889755 5 7 7 5 7 7 1125 318 31 0 0 0 
1675117821.5778847 20.36640625 15.098082205291911 987.6755508879712 5 7 7 5 7 7 1125 318 31 0 0 0 
1675117826.71171 20.35625 15.098683301486622 987.6506135276487 6 7 7 6 7 7 1197 333 29 0 0 0 
1675117831.8458714 20.35625 15.373779649191867 987.6626961601668 6 7 7 6 7 7 1197 333 29 0 0 0 
1675117836.9808667 20.361328125 15.445383540984654 987.6778405844021 4 8 8 4 8 8 1008 289 52 2 0 0 
1675117842.1126692 20.351171875 15.302174277469872 987.6562687964811 4 8 8 4 8 8 1008 289 52 2 0 0 
1675117847.244134 20.35625 15.337977148322022 987.638062633931 4 8 8 4 8 8 1008 289 52 2 0 0 
1675117852.375062 20.34609375 15.343646566757574 987.6363799486376 4 7 7 4 7 7 978 280 45 2 0 0 
1675117857.5060108 20.351171875 15.308439542281764 987.6246011535409 4 7 7 4 7 7 978 280 45 2 0 0 
1675117862.6358776 20.351171875 15.158959094238257 987.6535101027022 4 7 7 4 7 7 978 280 45 2 0 0 
1675117867.7669027 20.341015625 15.243099699472717 987.6548894907097 4 6 6 4 6 6 930 263 34 2 0 0 
1675117872.8960505 20.361328125 15.373184947040178 987.6273591923039 4 6 6 4 6 6 930 263 34 2 0 0 
1675117878.0298903 20.351171875 15.254137814707926 987.6461725998182 4 6 6 4 6 6 930 263 34 2 0 0 
1675117883.1635659 20.35625 15.391680760883428 987.6896195849441 4 6 6 4 6 6 894 256 34 2 0 0 
1675117888.298781 20.361328125 15.135689502134674 987.6733990412396 4 6 6 4 6 6 894 256 34 2 0 0 
1675117893.4330494 20.351171875 15.212366272382218 987.6812060127791 4 6 6 4 6 6 894 256 34 2 0 0 
1675117898.5638845 20.351171875 15.439416606526995 987.6851778505261 4 6 6 4 6 6 873 242 30 2 0 0 
1675117903.6973126 20.351171875 15.361845523344398 987.6447933758037 4 6 6 4 6 6 873 242 30 2 0 0 
1675117908.826507 20.351171875 15.206099578872202 987.6114433145142 4 6 6 4 6 6 873 242 30 2 0 0 
1675117913.9608815 20.351171875 15.349911356387782 987.6343937068922 2 4 4 2 4 4 822 223 27 4 0 0 
1675117919.0925927 20.34609375 15.141656822673042 987.6232220108031 5 6 6 5 6 6 1032 302 33 2 0 0 
1675117924.2234802 20.34609375 15.337679388563586 987.6660615872854 4 7 7 4 7 7 990 288 33 6 0 0 
1675117929.3503015 20.34609375 15.380341217220101 987.5912512717016 4 7 7 4 7 7 990 288 33 6 0 0 
1675117934.4837172 20.341015625 15.41643928799531 987.5982855874427 4 7 7 4 7 7 990 288 33 6 0 0 
1675117939.614178 20.341015625 15.278902358654777 987.6134294991195 4 7 7 4 7 7 1026 295 38 6 0 0 
1675117944.744953 20.341015625 15.248170482351105 987.6417313976059 4 7 7 4 7 7 1026 295 38 6 0 0 
1675117949.876656 20.34609375 15.3806384611344 987.6420346810678 4 7 7 4 7 7 1026 295 38 6 0 0 
1675117955.0102978 20.341015625 15.445383540984654 987.6464760614466 4 7 7 4 7 7 1056 312 38 6 0 0 
1675117960.141433 20.341015625 15.34453960627309 987.615112156322 4 7 7 4 7 7 1056 312 38 6 0 0 
1675117965.2738442 20.3306640625 15.279797577869402 987.6372899210312 4 7 7 4 7 7 1056 312 38 6 0 0 
1675117970.4057965 20.3306640625 15.297101759737991 987.6409582885437 4 8 8 4 8 8 1086 322 40 6 0 0 
1675117975.5374317 20.3306640625 15.160158307422632 987.6574816611433 4 8 8 4 8 8 1086 322 40 6 0 0 
1675117980.6682763 20.3154296875 15.327532224704177 987.6274972413916 4 8 8 4 8 8 1086 322 40 6 0 0 
1675117985.7987053 20.3306640625 15.256825957262414 987.6853118459277 5 8 8 5 8 8 1080 322 42 8 0 0 
1675117990.9303858 20.3205078125 15.369894188820597 987.6567075560895 5 8 8 5 8 8 1080 322 42 8 0 0 
1675117996.064906 20.3306640625 15.375563494111496 987.6665005294542 5 8 8 5 8 8 1080 322 42 8 0 0 
1675118001.1966999 20.3205078125 15.369596850453474 987.6449293249685 4 6 9 4 6 9 936 277 35 8 4 0 
1675118006.3276482 20.3103515625 15.41106627414467 987.6684857906355 4 6 9 4 6 9 936 277 35 8 4 0 
1675118011.4621553 20.3255859375 15.369596850453474 987.6684857906355 4 6 7 4 6 7 837 251 31 6 2 0 
1675118016.595991 20.3306640625 15.30336686408583 987.663740549156 4 6 7 4 6 7 837 251 31 6 2 0 
1675118021.7259731 20.3255859375 15.375563494111496 987.7200420309043 4 6 7 4 6 7 837 251 31 6 2 0 
1675118026.860839 20.3306640625 15.560229209972327 987.6934224370558 4 6 8 4 6 8 879 261 35 6 2 0 
1675118031.9939392 20.3205078125 15.297698147503239 987.7004553016664 4 6 8 4 6 8 879 261 35 6 2 0 
1675118037.126276 20.3154296875 15.339465783651809 987.7175835101891 4 6 8 4 6 8 879 261 35 6 2 0 
1675118042.258066 20.3154296875 15.513089144032365 987.7077900614312 3 5 5 3 5 5 852 249 35 4 0 0 
1675118047.392566 20.3103515625 15.405396558263558 987.7408378779814 3 5 5 3 5 5 852 249 35 4 0 0 
1675118052.5275576 20.3103515625 15.573046942732883 987.7498545751508 3 5 5 3 5 5 852 249 35 4 0 0 
1675118057.6586518 20.3103515625 15.316790441126464 987.6882033312901 3 6 6 3 6 6 825 241 33 4 0 0 
1675118062.7910175 20.3154296875 15.579307999962758 987.7080920639206 3 6 6 3 6 6 825 241 33 4 0 0 
1675118067.9244444 20.3052734375 15.543511322399045 987.7128378007709 3 6 6 3 6 6 825 241 33 4 0 0 
1675118073.05788 20.3052734375 15.519351074068654 987.6895838408388 3 7 7 3 7 7 813 238 36 8 0 0 
1675118078.1877878 20.2951171875 15.537840546685599 987.6898858830494 3 7 7 3 7 7 813 238 36 8 0 0 
1675118083.320308 20.2900390625 15.406892488782464 987.6969179693792 5 7 7 5 7 7 969 289 31 0 0 0 
1675118088.4520655 20.2900390625 15.46088447531842 987.6820770167564 5 7 7 5 7 7 969 289 31 0 0 0 
1675118093.5839589 20.2900390625 15.513976124432414 987.7002830465549 5 7 7 5 7 7 969 289 31 0 0 0 
1675118098.7133856 20.2849609375 15.598101549380294 987.6742679857776 5 7 7 5 7 7 984 289 40 0 0 0 
1675118103.8449478 20.2798828125 15.467442873698728 987.6944579532694 5 7 7 5 7 7 984 289 40 0 0 0 
1675118108.9785373 20.2798828125 15.520544740575575 987.7241401469192 5 7 7 5 7 7 984 289 40 0 0 0 
1675118114.1101239 20.2900390625 15.56856720802062 987.6719818720169 6 7 7 6 7 7 1020 310 42 0 0 0 
1675118119.243762 20.2900390625 15.383918852602381 987.6924738644954 6 7 7 6 7 7 1020 310 42 0 0 0 
1675118124.3751163 20.2900390625 15.419121678308906 987.719394052582 6 7 7 6 7 7 1020 310 42 0 0 0 
1675118129.5095685 20.2798828125 15.491010628568734 987.7305687537144 5 7 7 5 7 7 1005 305 38 0 0 0 
1675118134.640576 20.2849609375 15.694140780274434 987.672585488941 5 7 7 5 7 7 1005 305 38 0 0 0 
1675118139.773483 20.2798828125 15.40778306410938 987.659125516763 5 7 7 5 7 7 1005 305 38 0 0 0 
1675118144.906756 20.2748046875 15.425681114862906 987.650713036423 5 7 7 5 7 7 990 303 38 0 0 0 
1675118150.0372577 20.2798828125 15.509204129109849 987.6389355668821 5 7 7 5 7 7 990 303 38 0 0 0 
1675118155.169219 20.2798828125 15.461180712593972 987.6523955323511 5 7 7 5 7 7 990 303 38 0 0 0 
1675118160.2994926 20.2900390625 15.448655912765771 987.6144736659044 5 7 7 5 7 7 957 296 38 0 0 0 
1675118165.4307444 20.2951171875 15.490418833289691 987.6501090670454 5 6 6 5 6 6 945 271 37 0 0 0 
1675118170.5653546 20.2900390625 15.502646768880105 987.6326791624392 5 7 7 5 7 7 1011 294 39 0 0 0 
1675118175.6999698 20.2849609375 15.532476670333661 987.6585216829444 5 7 7 5 7 7 1011 294 39 0 0 0 
1675118180.8333442 20.2849609375 15.747244378258571 987.5750007919834 5 7 7 5 7 7 1011 294 39 0 0 0 
1675118185.9656253 20.2748046875 15.628813510827213 987.610030899774 5 7 7 5 7 7 1089 317 41 0 0 0 
1675118191.0999806 20.2849609375 15.634484874795008 987.6170631325341 5 7 7 5 7 7 1089 317 41 0 0 0 
1675118196.2334554 20.2748046875 15.497272393219395 987.6644747179713 5 7 7 5 7 7 1089 317 41 0 0 0 
1675118201.364149 20.2646484375 15.485636555647169 987.6826804710097 5 8 8 5 8 8 1146 336 50 0 0 0 
1675118206.4946826 20.2646484375 15.563486505598991 987.6728871333273 5 8 8 5 8 8 1146 336 50 0 0 0 
1675118211.6267154 20.2646484375 15.570336949194674 987.6653791981953 5 8 8 5 8 8 1146 336 50 0 0 0 
1675118216.7565398 20.2595703125 15.635073292051686 987.6802199190574 6 9 9 6 9 9 1203 357 50 0 0 0 
1675118221.8884315 20.2646484375 15.65355771712311 987.6684427258732 6 9 9 6 9 9 1203 357 50 0 0 0 
1675118227.0219417 20.2646484375 15.5939038529051 987.6734900939614 6 9 9 6 9 9 1203 357 50 0 0 0 
1675118232.1553774 20.2697265625 15.581383340904436 987.6681412595774 5 7 7 5 7 7 1104 331 43 0 0 0 
1675118237.2893014 20.2595703125 15.718589339802541 987.6715061986781 5 7 7 5 7 7 1104 331 43 0 0 0 
1675118242.4204173 20.2595703125 15.474889076420569 987.6398409852527 5 7 7 5 7 7 1104 331 43 0 0 0 
1675118247.5541868 20.2646484375 15.647004279298113 987.666458790132 5 7 7 5 7 7 990 293 32 4 0 0 
1675118252.6848586 20.2646484375 15.706951963295513 987.6734900939614 5 7 7 5 7 7 990 293 32 4 0 0 
1675118257.814586 20.2595703125 15.58197295678514 987.6109373376353 5 6 6 5 6 6 948 281 30 2 0 0 
1675118262.9462302 20.2595703125 15.719175781227992 987.6179690795817 5 6 6 5 6 6 948 281 30 2 0 0 
1675118268.0775146 20.2544921875 15.485932484164564 987.641825013837 5 6 6 5 6 6 948 281 30 2 0 0 
1675118273.2080483 20.2595703125 15.659816941495853 987.6670616404595 5 6 6 5 6 6 921 272 32 2 0 0 
1675118278.3372848 20.2595703125 15.52828341573036 987.6636967560012 5 6 6 5 6 6 921 272 32 2 0 0 
1675118283.469652 20.2595703125 15.761517515667215 987.6788279416267 5 6 6 5 6 6 921 272 32 2 0 0 
1675118288.6002755 20.2494140625 15.576597203636744 987.6485442363922 4 5 5 4 5 5 822 246 27 0 0 0 
1675118293.7336261 20.2341796875 15.517534431218373 987.6502266638668 4 5 5 4 5 5 822 246 27 0 0 0 
1675118298.8641593 20.2494140625 15.588527844252564 987.5959128700144 4 5 5 4 5 5 822 246 27 0 0 0 
1675118303.9975197 20.2341796875 15.60730717671011 987.6547958971446 4 6 6 4 6 6 867 260 34 0 0 0 
1675118309.1268432 20.2291015625 15.505603820122445 987.6410358730404 4 6 6 4 6 6 867 260 34 0 0 0 
1675118314.262035 20.2341796875 15.828007816403083 987.6528125797147 4 6 6 4 6 6 867 260 34 0 0 0 
1675118319.3942358 20.2341796875 15.744501120016837 987.6511301928372 4 5 5 4 5 5 876 264 29 0 0 0 
1675118324.5250995 20.2291015625 15.589117234938719 987.6895243535189 4 5 5 4 5 5 876 264 29 0 0 0 
1675118329.658995 20.2240234375 15.720641694119882 987.6466849197864 3 5 5 3 5 5 954 282 28 4 0 0 
1675118334.7921581 20.2291015625 15.57240115145007 987.6601437981944 3 5 5 3 5 5 954 282 28 4 0 0 
1675118339.9253957 20.2138671875 15.703333719774808 987.6786497633074 3 5 5 3 5 5 954 282 28 4 0 0 
1675118345.0554104 20.2189453125 15.7632735494453 987.6769674024931 3 4 4 3 4 4 933 275 19 2 0 0 
1675118350.1887457 20.2138671875 15.614449746604093 987.6722208966788 4 5 5 4 5 5 933 275 19 2 0 0 
1675118355.3204565 20.2189453125 15.697662348951368 987.6842976994535 4 5 5 4 5 5 933 275 19 2 0 0 
1675118360.4520814 20.2087890625 15.697662348951368 987.7011210424218 4 5 5 4 5 5 882 263 15 2 0 0 
1675118365.5838144 20.2189453125 15.632049905649227 987.6758860305894 3 4 4 3 4 4 882 263 15 2 0 0 
1675118370.7133167 20.2189453125 15.7042136924559 987.7112150515569 3 4 4 3 4 4 882 263 15 2 0 0 
1675118375.8472373 20.2087890625 15.691991094976867 987.7044857118542 3 4 4 3 4 4 804 237 13 2 0 0 
1675118380.9811573 20.2087890625 15.710178250115888 987.6916273432331 3 4 4 3 4 4 804 237 13 2 0 0 
1675118386.113761 20.1986328125 15.704506994891743 987.680151279716 3 4 4 3 4 4 804 237 13 2 0 0 
1675118391.245517 20.2037109375 15.74655100827399 987.7064681330647 3 4 4 3 4 4 777 233 22 2 0 0 
1675118396.377664 20.1986328125 15.692577986775316 987.7003388016012 3 4 4 3 4 4 777 233 22 2 0 0 
1675118401.506049 20.1833984375 15.794557748297619 987.6720398582484 3 4 4 3 4 4 777 233 22 2 0 0 
1675118406.640315 20.1986328125 15.764736611306363 987.6333474559011 3 4 4 3 4 4 777 235 26 2 0 0 
1675118411.76768 20.1935546875 15.82437862853981 987.628600909652 4 5 5 4 5 5 849 240 24 0 0 0 
1675118416.895899 20.1884765625 15.657672214071805 987.6720398582484 4 5 5 4 5 5 891 255 26 0 0 0 
1675118422.027204 20.1884765625 15.84881836425573 987.6619461845075 4 5 5 4 5 5 891 255 26 0 0 0 
1675118427.1580377 20.1884765625 15.60399247783955 987.680751120849 4 5 5 4 5 5 891 255 26 0 0 0 
1675118432.291067 20.1884765625 15.74146521737585 987.6844153823542 4 5 5 4 5 5 918 262 24 0 0 0 
1675118437.4236832 20.1783203125 15.693164834991155 987.6574993505847 4 5 5 4 5 5 918 262 24 0 0 0 
1675118442.5555131 20.1884765625 15.69971587278656 987.7046024179186 3 4 4 3 4 4 918 262 24 0 0 0 
1675118447.6869717 20.1833984375 15.830634594422968 987.6824333868442 3 4 4 3 4 4 912 258 20 0 0 0 
1675118452.821354 20.1884765625 15.847651887913301 987.7073677361482 3 4 4 3 4 4 912 258 20 0 0 0 
1675118457.9557407 20.1935546875 15.800814110546026 987.7037033895602 4 5 5 4 5 5 912 258 20 0 0 0 
1675118463.0868213 20.1884765625 15.741172372562641 987.670357579117 4 5 5 4 5 5 939 265 20 0 0 0 
1675118468.2209373 20.1935546875 15.698542495968745 987.6683752299292 4 5 5 4 5 5 939 265 20 0 0 0 
1675118473.3502653 20.1986328125 15.758187023029153 987.6546166035929 4 5 5 4 5 5 939 265 20 0 0 0 
1675118478.481136 20.1884765625 15.799937580880588 987.6916273432331 4 5 5 4 5 5 903 260 18 0 0 0 
1675118483.6130245 20.2037109375 15.848235147874233 987.6745040409718 4 5 5 4 5 5 903 260 18 0 0 0 
1675118488.7448459 20.1986328125 15.735208142280804 987.6647104383229 4 5 5 4 5 5 903 260 18 0 0 0 
1675118493.8762932 20.1935546875 15.740879516854031 987.651552307601 5 7 8 5 7 8 1038 291 34 6 0 0 
1675118499.0084136 20.1935546875 15.740879516854031 987.656599183566 5 7 8 5 7 8 1038 291 34 6 0 0 
1675118504.141955 20.1884765625 15.735208142280804 987.6333474559011 5 7 7 5 7 7 1059 293 34 4 0 0 
1675118509.2762582 20.1833984375 15.90816665094498 987.617125336465 5 7 7 5 7 7 1059 293 34 4 0 0 
1675118514.4089942 20.1783203125 15.669600931378646 987.6000024352425 5 7 7 5 7 7 1059 293 34 4 0 0 
1675118519.5417807 20.1884765625 15.615921380001472 987.6356300879411 5 6 7 5 6 7 1038 279 34 2 0 0 
1675118524.67604 20.1783203125 15.718194719647745 987.6339478374576 5 6 7 5 6 7 1038 279 34 2 0 0 
1675118529.8099418 20.1884765625 15.908748465525465 987.6345477816633 5 6 7 5 6 7 1038 279 34 2 0 0 
1675118534.9438493 20.1833984375 15.789470419757432 987.6221720860293 5 6 7 5 6 7 1011 274 34 2 0 0 
1675118540.0778544 20.1783203125 15.724158773718356 987.6339478374576 5 6 7 5 6 7 1011 274 34 2 0 0 
1675118545.2117028 20.1783203125 15.94453107825399 987.6275189172143 5 6 7 5 6 7 1011 274 34 2 0 0 
1675118550.3454635 20.1783203125 15.86103774014249 987.6224722076876 5 6 7 5 6 7 981 269 32 2 0 0 
1675118555.4788904 20.1935546875 15.693751639624411 987.61069655457 5 6 7 5 6 7 981 269 32 2 0 0 
1675118560.6119447 20.1833984375 15.765029190992717 987.6191077350189 5 6 7 5 6 7 981 269 32 2 0 0 
1675118565.7458665 20.1732421875 15.891148118473762 987.7012379112927 5 6 6 5 6 6 987 271 32 2 0 0 
1675118570.8785262 20.1884765625 15.99166077083648 987.6709573642336 5 6 6 5 6 6 987 271 32 2 0 0 
1675118576.0120044 20.1783203125 15.82525426479655 987.6810508774049 4 5 5 4 5 5 906 252 39 0 0 0 
1675118581.1452868 20.1884765625 15.801690542155582 987.6793686250352 4 5 5 4 5 5 906 252 39 0 0 0 
1675118586.2800264 20.1833984375 15.902784660794985 987.669874487162 4 5 5 4 5 5 906 252 39 0 0 0 
1675118591.408597 20.1884765625 15.682116666481006 987.6490880943244 4 5 5 4 5 5 933 254 34 0 0 0 
1675118596.54362 20.1783203125 15.932603581754835 987.6723397919211 4 5 5 4 5 5 933 254 34 0 0 0 
1675118601.6786919 20.1783203125 15.872965483103762 987.6143611066395 4 5 5 4 5 5 933 254 34 0 0 0 
1675118606.812938 20.1833984375 15.909039356473885 987.6440413414068 4 5 5 4 5 5 933 251 32 0 0 0 
1675118611.9465685 20.1783203125 15.955877823070708 987.6474058432821 4 5 5 4 5 5 933 251 32 0 0 0 
1675118617.0806556 20.1783203125 15.819582242261562 987.6477057616092 4 5 5 4 5 5 933 251 32 0 0 0 
1675118622.2145936 20.1681640625 15.87325678805247 987.6723397919211 4 6 6 4 6 6 948 258 37 0 0 0 
1675118627.3484457 20.1783203125 15.957329517876957 987.6328655583603 4 6 6 4 6 6 948 258 37 0 0 0 
1675118632.482313 20.1783203125 15.93289419670778 987.6446411229476 4 6 6 4 6 6 948 258 37 0 0 0 
1675118637.6167746 20.1732421875 15.992240653480412 987.6264365417268 4 5 5 4 5 5 948 256 37 0 0 0 
1675118642.750608 20.1732421875 15.849984666280504 987.6469226638396 4 5 5 4 5 5 948 256 37 0 0 0 
1675118647.8802536 20.1681640625 15.897984896217913 987.6455399752714 4 5 5 4 5 5 948 256 37 0 0 0 
1675118653.0134966 20.1580078125 15.945692920714315 987.6371290606896 4 6 6 4 6 6 984 273 37 0 0 0 
1675118658.147537 20.142578125 15.892021346948463 987.622588486645 4 7 8 4 7 8 1005 286 46 4 2 0 
1675118663.281728 20.1580078125 15.909911963951881 987.6508858829811 4 7 8 4 7 8 984 281 48 4 2 0 
1675118668.4154017 20.1580078125 15.826421627275947 987.6674083613574 4 7 8 4 7 8 984 281 48 4 2 0 
1675118673.5499914 20.1580078125 15.903948435219053 987.6287181478546 4 7 8 4 7 8 984 281 48 4 2 0 
1675118678.6844108 20.1580078125 16.124015399855544 987.6738378202404 5 8 9 5 8 9 1056 300 53 4 2 0 
1675118683.8185804 20.1630859375 15.826713440658388 987.6993698699507 5 8 9 5 8 9 1056 300 53 4 2 0 
1675118688.9523065 20.1580078125 16.005616770599733 987.6421756092292 5 8 9 5 8 9 1056 300 53 4 2 0 
1675118694.0860484 20.1529296875 16.02350659532413 987.6401938775339 4 7 8 4 7 8 990 283 48 4 2 0 
1675118699.2204192 20.1681640625 15.838057255176619 987.6054673253216 4 7 8 4 7 8 990 283 48 4 2 0 
1675118704.3502958 20.1630859375 15.999363662746948 987.6589974422349 4 7 8 4 7 8 990 283 48 4 2 0 
1675118709.4841375 20.1529296875 16.125168875847315 987.596756695008 4 6 8 4 6 8 1047 300 48 4 2 0 
1675118714.6179066 20.1681640625 16.040817657852944 987.6121959973167 4 6 8 4 6 8 1047 300 48 4 2 0 
1675118719.7507632 20.1630859375 15.82045795478676 987.6152606909507 4 6 8 4 6 8 1047 300 48 4 2 0 
1675118724.8844838 20.1681640625 15.939729453591355 987.6304003302819 4 6 8 4 6 8 1032 295 48 4 2 0 
1675118730.0185163 20.1630859375 15.987146941767836 987.6031855728321 5 7 9 5 7 9 1032 295 48 4 2 0 
1675118735.152831 20.1681640625 15.849693107116579 987.6224722076876 5 7 9 5 7 9 1032 295 48 4 2 0 
1675118740.2854958 20.1681640625 16.016964108945036 987.619707704553 5 8 8 5 8 8 1011 296 53 4 0 0 
1675118745.4224262 20.1783203125 15.9334753939304 987.6295011119641 5 8 8 5 8 8 1011 296 53 4 0 0 
1675118750.557027 20.1783203125 15.974349639789917 987.6019850915451 5 7 7 5 7 7 975 291 50 2 0 0 
1675118755.6909385 20.1783203125 15.980313321289337 987.6019850915451 5 7 7 5 7 7 975 291 50 2 0 0 
1675118760.8250113 20.1783203125 15.949913962499036 987.6123787905202 5 7 7 5 7 7 975 291 50 2 0 0 
1675118765.9586277 20.1783203125 16.028890903936084 987.565576683532 5 7 7 5 7 7 966 283 43 2 0 0 
1675118771.0885003 20.1783203125 15.789470419757432 987.5568650410569 5 7 7 5 7 7 966 283 43 2 0 0 
1675118776.2225773 20.1783203125 15.956458533676123 987.5447886618072 5 7 7 5 7 7 966 283 43 2 0 0 
1675118781.3558092 20.1833984375 16.11718667445214 987.5128259862479 4 6 6 4 6 6 909 259 36 2 0 0 
1675118786.4893353 20.1732421875 16.117475161461634 987.4976857803122 4 6 6 4 6 6 909 259 36 2 0 0 
1675118791.6228812 20.1833984375 15.980313321289337 987.496304673867 4 6 6 4 6 6 909 259 36 2 0 0 
1675118796.7566166 20.1783203125 16.016095194631504 987.4993680251366 4 5 5 4 5 5 846 238 31 0 0 0 
1675118801.8896277 20.1732421875 16.165182354220907 987.5066990097511 4 5 5 4 5 5 846 238 31 0 0 0 
1675118807.0232308 20.1783203125 15.980313321289337 987.528267078601 4 5 5 4 5 5 846 238 31 0 0 0 
1675118812.1573007 20.1783203125 15.902493689952529 987.53469518259 4 5 5 4 5 5 837 242 33 0 0 0 
1675118817.291571 20.1783203125 15.93856733513904 987.5178727228174 None None None None None None None None None None None None 
1675118822.425153 20.1884765625 16.15864297202015 987.5299493111277 5 8 9 5 8 9 1062 313 50 4 2 0 
1675118827.559804 20.1884765625 15.95616818382057 987.5310297270897 5 8 9 5 8 9 1062 313 50 4 2 0 
1675118832.693387 20.1935546875 16.182496914926734 987.527665207745 5 8 9 5 8 9 1077 313 48 4 2 0 
1675118837.827137 20.1884765625 15.943950091657635 987.5700223708534 5 8 9 5 8 9 1077 313 48 4 2 0 
1675118842.9612994 20.1935546875 16.086791303651328 987.5733868665807 5 8 9 5 8 9 1077 313 48 4 2 0 
1675118848.09488 20.1884765625 15.884310818408672 987.5313306900766 5 8 9 5 8 9 1062 315 53 6 2 0 
1675118853.229084 20.1884765625 15.949333070321016 987.5256818351826 5 8 9 5 8 9 1062 315 53 6 2 0 
1675118858.3626251 20.1935546875 16.098141215878837 987.530427473088 5 8 9 5 8 9 1062 315 53 6 2 0 
1675118863.496126 20.1935546875 16.06293642751093 987.5610095854361 6 8 9 6 8 9 1077 322 46 6 2 0 
1675118868.62976 20.1935546875 15.931731671529421 987.5792138212045 6 8 9 6 8 9 1077 322 46 6 2 0 
1675118873.7627666 20.1986328125 16.00213913063629 987.6229533556779 6 8 9 6 8 9 1077 322 46 6 2 0 
1675118878.8968775 20.1935546875 15.97973316266013 987.6445227713782 5 8 9 5 8 9 1086 320 44 6 2 0 
1675118884.0304446 20.2037109375 16.122573309763045 987.6064310238928 5 8 9 5 8 9 1086 320 44 6 2 0 
1675118889.1644752 20.1986328125 15.967515279755313 987.6195887744262 5 8 9 5 8 9 1086 320 44 6 2 0 
1675118894.2988605 20.1986328125 16.073996845537323 987.6075120747773 5 7 9 5 7 9 993 290 42 6 2 0 
1675118899.4321294 20.1986328125 16.06832200780289 987.6024651642246 6 7 9 6 7 9 1158 340 26 4 2 0 
1675118904.5682127 20.2087890625 16.097852467426986 987.5937527627726 6 8 9 6 8 9 1167 347 31 4 2 0 
1675118909.7017653 20.1986328125 16.086791303651328 987.5727855090341 6 8 9 6 8 9 1167 347 31 4 2 0 
1675118914.8362415 20.2037109375 16.11006882721617 987.5960367134894 6 8 9 6 8 9 1167 347 31 4 2 0 
1675118919.9678857 20.1986328125 16.128536941503462 987.6047487474862 6 8 8 6 8 8 1218 356 29 2 0 0 
1675118925.1002755 20.2037109375 16.06206897296847 987.5926721344736 6 8 8 6 8 8 1218 356 29 2 0 0 
1675118930.2320669 20.2037109375 16.014646786228816 987.603545750465 6 8 8 6 8 8 1218 356 29 2 0 0 
1675118935.3658414 20.1986328125 16.13363559214137 987.5637722042106 6 8 8 6 8 8 1161 330 33 2 0 0 
1675118940.4997835 20.1986328125 15.990790865164598 987.6027658723598 6 8 8 6 8 8 1161 330 33 2 0 0 
1675118945.6302817 20.1884765625 16.163454580293255 987.6226528102085 6 8 8 6 8 8 1161 330 33 2 0 0 
1675118950.7640362 20.1986328125 16.1705699640129 987.5657555124069 5 7 7 5 7 7 1104 309 26 2 0 0 
1675118955.8943307 20.1935546875 16.121996397471772 987.5623909359061 5 7 7 5 7 7 1104 309 26 2 0 0 
1675118961.0256302 20.2087890625 16.158354946156106 987.5604076007388 5 7 7 5 7 7 1104 309 26 2 0 0 
1675118966.1549435 20.2037109375 16.17566995523546 987.5906890420468 5 6 6 5 6 6 1071 292 19 0 0 0 
1675118971.2884958 20.1986328125 16.188460374979062 987.598019642558 5 6 6 5 6 6 1071 292 19 0 0 0 
1675118976.4233868 20.1986328125 16.08621356345976 987.6159235937627 None None None None None None None None None None None None 
1675118981.5555992 20.1986328125 16.10468235292202 987.5926721344736 5 8 8 5 8 8 1029 288 52 4 0 0 
1675118986.6904082 20.1986328125 16.264550391732435 987.5688191099425 5 8 8 5 8 8 1029 288 52 4 0 0 
1675118991.8191643 20.1935546875 16.241269840532173 987.5954350794266 5 8 8 5 8 8 1071 300 52 4 0 0 
1675118996.9508152 20.2087890625 16.182209165018893 987.6018634199063 5 8 8 5 8 8 1071 300 52 4 0 0 
1675119002.085161 20.1884765625 16.22395365263521 987.5724846662467 5 8 8 5 8 8 1071 300 52 4 0 0 
1675119007.2179077 20.1935546875 16.182496914926734 987.5909898450703 5 8 8 5 8 8 1056 291 52 4 0 0 
1675119012.3502214 20.1935546875 16.230204307793016 987.6195887744262 5 8 8 5 8 8 1056 291 52 4 0 0 
1675119017.4787602 20.1986328125 16.182209165018893 987.594053648034 5 8 8 5 8 8 1056 291 52 4 0 0 
1675119022.609354 20.1986328125 16.122573309763045 987.6243351144948 5 8 8 5 8 8 1050 287 45 4 0 0 
1675119027.7416472 20.1986328125 16.30147779454179 987.6280002280795 5 8 8 5 8 8 1050 287 45 4 0 0 
1675119032.873798 20.1935546875 16.354004231320985 987.6209705059923 5 8 8 5 8 8 1050 287 45 4 0 0 
1675119038.008943 20.1986328125 16.23616768568753 987.5775315323601 4 7 7 4 7 7 1002 275 40 4 0 0 
1675119043.140212 20.2037109375 16.27676439355756 987.6229533556779 4 7 7 4 7 7 1002 275 40 4 0 0 
1675119048.2690594 20.1986328125 16.22991710978626 987.6414585575579 4 7 7 4 7 7 1002 275 40 4 0 0 
1675119053.4033792 20.1986328125 16.37218030788716 987.6260174188507 5 8 8 5 8 8 1053 294 42 4 0 0 
1675119058.534087 20.2138671875 16.13363559214137 987.6223521553908 4 6 6 4 6 6 918 250 28 2 0 0 
1675119063.6663573 20.2037109375 16.258873616906655 987.5937527627726 4 6 6 4 6 6 918 250 28 2 0 0 
1675119068.7987435 20.2138671875 16.103816347222725 987.6287807172308 4 6 6 4 6 6 918 250 28 2 0 0 
1675119073.932119 20.2037109375 16.187309585942693 987.5836588643168 5 6 6 5 6 6 990 274 30 2 0 0 
1675119079.062542 20.2138671875 16.11006882721617 987.6251152076769 5 6 6 5 6 6 990 274 30 2 0 0 
1675119084.1959033 20.2087890625 16.198661843219305 987.6015623837183 5 6 6 5 6 6 990 274 30 2 0 0 
1675119089.328304 20.2037109375 16.365931235327384 987.578611916032 5 6 6 5 6 6 975 269 23 2 0 0 
1675119094.4580777 20.2087890625 16.32390039285198 987.591769438021 5 6 6 5 6 6 975 269 23 2 0 0 
1675119099.5894687 20.2189453125 16.288118412301188 987.6063083113935 5 6 6 5 6 6 975 269 23 2 0 0 
1675119104.724538 20.2291015625 16.25858672025928 987.6046259535839 4 6 6 4 6 6 912 245 23 2 0 0 
1675119109.8502772 20.2189453125 16.318222972800033 987.6029435958441 4 6 6 4 6 6 912 245 23 2 0 0 
1675119114.9826226 20.2240234375 16.18702186145074 987.5861200222895 4 6 6 4 6 6 912 245 23 2 0 0 
1675119120.116682 20.2189453125 16.269940502903328 987.544061118973 4 5 5 4 5 5 870 230 25 2 0 0 
1675119125.2458649 20.2189453125 16.264263553177816 987.5827553084171 4 5 5 4 5 5 870 230 25 2 0 0 
1675119130.3753278 20.2189453125 16.382965254948896 987.5454417720305 4 5 5 4 5 5 870 230 25 2 0 0 
1675119135.5096722 20.2189453125 16.359682003641648 987.5322846338702 None None None None None None None None None None None None 
1675119140.642862 20.2189453125 16.30004578023602 987.5261586170792 5 6 6 5 6 6 954 256 30 2 0 0 
1675119145.7759025 20.2138671875 16.40739024284391 987.5914683204996 5 6 6 5 6 6 969 256 25 2 0 0 
1675119150.9089336 20.2138671875 16.281868070434985 987.4975590617221 5 6 6 5 6 6 969 256 25 2 0 0 
1675119156.0395834 20.2189453125 16.3179367551047 987.5177469810545 5 6 6 5 6 6 969 256 25 2 0 0 
1675119161.168644 20.2189453125 16.354290024228433 987.5483302395289 5 6 6 5 6 6 969 256 27 2 0 0 
1675119166.3006868 20.2138671875 16.32957792970648 987.5824539044032 5 6 6 5 6 6 969 256 27 2 0 0 
1675119171.4297855 20.2240234375 16.51473137760172 987.5460450671446 5 6 6 5 6 6 969 256 27 2 0 0 
1675119176.5592513 20.2189453125 16.282154712927056 987.5356493435502 5 7 7 5 7 7 1032 275 31 2 0 0 
1675119181.6945114 20.2138671875 16.264263553177816 987.5726611684769 5 7 7 5 7 7 1032 275 31 2 0 0 
1675119186.824648 20.2087890625 16.33554161589422 987.5480288789182 5 7 7 5 7 7 1032 275 31 2 0 0 
1675119191.9541993 20.2189453125 16.490878079691967 987.5298247816993 5 7 7 5 7 7 990 263 34 2 0 0 
1675119197.084407 20.2087890625 16.401712000844828 987.5679155161052 5 7 7 5 7 7 990 263 34 2 0 0 
1675119202.2187808 20.2138671875 16.461345788368067 987.5934517681605 5 7 7 5 7 7 990 263 34 2 0 0 
1675119207.3501136 20.2138671875 16.222804475731326 987.5945318081934 4 7 7 4 7 7 1020 272 39 2 0 0 
1675119212.483266 20.2240234375 16.347468957455554 987.5429818943688 4 7 7 4 7 7 1020 272 39 2 0 0 
1675119217.6155066 20.2037109375 16.39574856560252 987.5446642224821 3 4 4 3 4 4 909 253 20 0 0 0 
1675119222.7444174 20.2087890625 16.40824575908476 987.5460450671446 3 4 4 3 4 4 909 253 20 0 0 0 
1675119227.87285 20.2138671875 16.282154712927056 987.5233969809938 3 4 4 3 4 4 909 253 20 0 0 0 
1675119233.0039275 20.2087890625 16.36564556949093 987.5113193323236 4 5 5 4 5 5 1017 284 27 0 0 0 
1675119238.1358407 20.2087890625 16.473556835939313 987.514683958854 4 5 5 4 5 5 1017 284 27 0 0 0 
1675119243.2661805 20.2087890625 16.306582149228998 987.5082562826627 4 5 5 4 5 5 1017 284 27 0 0 0 
1675119248.3979611 20.2037109375 16.36564556949093 987.5419022866392 4 5 7 4 5 7 1026 286 32 2 2 0 
1675119253.527667 20.2037109375 16.383821664305184 987.5301261820684 4 5 7 4 5 7 1026 286 32 2 2 0 
1675119258.657188 20.2087890625 16.300332204882324 987.5463465506651 4 5 7 4 5 7 1026 286 32 2 2 0 
1675119263.79209 20.2189453125 16.347468957455554 987.5500125542964 5 6 8 5 6 8 984 281 37 2 2 0 
1675119268.9237125 20.2087890625 16.41392394361739 987.5166677810369 5 6 8 5 6 8 984 281 37 2 2 0 
1675119274.057805 20.2138671875 16.502804749189128 987.5289199244696 5 6 8 5 6 8 984 281 37 2 2 0 
1675119279.189259 20.2037109375 16.555907303727075 987.5292216529024 5 6 8 5 6 8 969 281 37 2 2 0 
1675119284.320711 20.2138671875 16.514163462177663 987.5356493435502 4 5 7 4 5 7 969 281 37 2 2 0 
1675119289.4536417 20.2240234375 16.335827637533104 987.5356493435502 4 5 7 4 5 7 969 281 37 2 2 0 
1675119294.584065 20.2189453125 16.48377747559888 987.5252533504454 4 6 8 4 6 8 1026 293 46 4 2 0 
1675119299.7163143 20.2240234375 16.288118412301188 987.5356493435502 6 7 7 6 7 7 1188 345 24 0 0 0 
1675119304.8435118 20.2291015625 16.413068601639367 987.5403946656909 6 7 7 6 7 7 1119 328 33 0 0 0 
1675119309.9756875 20.2291015625 16.40710504897955 987.5673125734357 6 7 7 6 7 7 1119 328 33 0 0 0 
1675119315.1075165 20.2189453125 16.425850604247138 987.5309039940122 6 7 7 6 7 7 1119 328 33 0 0 0 
1675119320.2353866 20.2138671875 16.436637849704635 987.5561391190438 5 7 7 5 7 7 1131 331 37 2 0 0 
1675119325.362551 20.2087890625 16.47838262597093 987.5689949432639 5 7 7 5 7 7 1131 331 37 2 0 0 
1675119330.4961915 20.2291015625 16.44260141998609 987.5888819274971 5 7 7 5 7 7 1131 331 37 2 0 0 
1675119335.6279366 20.2341796875 16.502236557861874 987.5491081850653 6 7 7 6 7 7 1077 310 35 2 0 0 
1675119340.7544453 20.2443359375 16.543980543213884 987.5232689946132 6 7 7 6 7 7 1077 310 35 2 0 0 
1675119345.88826 20.2240234375 16.340647368487197 987.5283161395232 6 7 7 6 7 7 1077 310 35 2 0 0 
1675119351.02131 20.2341796875 16.37103789868209 987.5367280491041 6 7 7 6 7 7 1062 298 35 2 0 0 
1675119356.1550672 20.2291015625 16.4301043787978 987.5451399604322 6 7 7 6 7 7 1062 298 35 2 0 0 
1675119361.2887223 20.2291015625 16.49059385152161 987.5636461715026 6 7 7 6 7 7 1062 298 35 2 0 0 
1675119366.420387 20.2443359375 16.382679763379144 987.5942304990685 6 8 8 6 8 8 1113 314 47 2 0 0 
1675119371.5451827 20.2494140625 16.47752942957432 987.5801683707904 6 8 8 6 8 8 1113 314 47 2 0 0 
1675119376.6768587 20.2341796875 16.2756175694352 987.553551873507 6 8 8 6 8 8 1113 314 47 2 0 0 
1675119381.8102787 20.2291015625 16.4301043787978 987.5852155634947 7 11 11 7 11 11 1350 399 72 4 0 0 
1675119386.9436996 20.2240234375 16.26340297215738 987.5145549228633 7 11 11 7 11 11 1350 399 72 4 0 0 
1675119392.0776496 20.2291015625 16.459638252007498 987.5495832381083 7 11 11 7 11 11 1278 380 63 4 0 0 
1675119397.208277 20.2291015625 16.359110501328825 987.5238728608929 7 11 11 7 11 11 1278 380 63 4 0 0 
1675119402.3375068 20.2392578125 16.358538955446864 987.5888819274971 7 11 11 7 11 11 1278 380 63 4 0 0 
1675119407.4666638 20.2291015625 16.40057092768358 987.553551873507 8 11 11 8 11 11 1356 406 60 4 0 0 
1675119412.600273 20.2240234375 16.21001456774328 987.5451399604322 8 11 11 8 11 11 1356 406 60 4 0 0 
1675119417.7319198 20.2341796875 16.382394260917216 987.541171190176 8 11 11 8 11 11 1356 406 60 4 0 0 
1675119422.8629987 20.2341796875 16.40028563216308 987.5468223429073 8 11 11 8 11 11 1398 418 56 4 0 0 
1675119427.9960659 20.2240234375 16.4479955035136 987.5445360091393 8 11 11 8 11 11 1398 418 56 4 0 0 
1675119433.1305838 20.2443359375 16.53773344940113 987.541171190176 8 11 11 8 11 11 1398 418 56 4 0 0 
1675119438.264195 20.2443359375 16.34661124107917 987.5041582000277 8 11 11 8 11 11 1356 406 51 4 0 0 
1675119443.3992238 20.2443359375 16.369895315201408 987.5010957671944 8 11 11 8 11 11 1356 406 51 4 0 0 
1675119448.5287757 20.2341796875 16.358538955446864 987.5310767349633 8 11 11 8 11 11 1356 406 51 4 0 0 
1675119453.6613297 20.2494140625 16.412498319193958 987.4624007195579 7 9 9 7 9 9 1263 385 42 4 0 0 
1675119458.7913196 20.2544921875 16.323041881360762 987.5108878320844 7 9 9 7 9 9 1263 385 42 4 0 0 
1675119463.9243069 20.2341796875 16.351717495938072 987.5644327902368 6 9 9 6 9 9 1203 335 52 4 0 0 
1675119469.056201 20.2443359375 16.29918644094161 987.5781842141452 6 9 9 6 9 9 1203 335 52 4 0 0 
1675119474.1900015 20.2544921875 16.596801584052443 987.5863044906129 6 9 9 6 9 9 1203 335 52 4 0 0 
1675119479.322085 20.2646484375 16.352003375984058 987.5089123730909 6 9 9 6 9 9 1194 331 59 4 0 0 
1675119484.451736 20.2544921875 16.405393657060383 987.5310767349633 6 9 9 6 9 9 1194 331 59 4 0 0 
1675119489.5862641 20.2443359375 16.292936017956304 987.5462184187256 6 9 9 6 9 9 1194 331 59 4 0 0 
1675119494.7209446 20.2595703125 16.42867946230454 987.5086097283753 5 8 8 5 8 8 1158 319 52 4 0 0 
1675119499.8498552 20.2748046875 16.273610207851775 987.5116719001048 5 8 8 5 8 8 1158 319 52 4 0 0 
1675119504.9815297 20.2595703125 16.441462147540594 987.4634866338471 5 8 8 5 8 8 1158 319 52 4 0 0 
1675119510.1097891 20.2646484375 16.315646621412146 987.536908852687 5 8 8 5 8 8 1113 302 45 4 0 0 
1675119515.2413552 20.2697265625 16.315360305684298 987.4884203419762 5 8 8 5 8 8 1113 302 45 4 0 0 
1675119520.37286 20.2697265625 16.171927035074642 987.5150368262074 5 8 8 5 8 8 1113 302 45 4 0 0 
1675119525.5067327 20.2849609375 16.380681017409977 987.5329384951104 4 7 7 4 7 7 1020 279 41 4 0 0 
1675119530.638974 20.2798828125 16.39203854389773 987.5306501098352 4 7 7 4 7 7 1020 279 41 4 0 0 
1675119535.7687519 20.2798828125 16.266785198899843 987.537985968429 4 7 7 4 7 7 1020 279 41 4 0 0 
1675119540.9003458 20.2798828125 16.33778691607073 987.4706863758962 4 7 7 4 7 7 1035 279 41 4 0 0 
1675119546.028966 20.2849609375 16.36818111321323 987.4683969900781 7 8 8 7 8 8 1425 426 57 0 0 0 
1675119551.1603308 20.2951171875 16.469289492546654 987.477113003872 7 9 9 7 9 9 1467 433 52 2 0 0 
1675119556.2941182 20.2849609375 16.343751478487977 987.5205550028346 8 10 10 8 10 10 1467 433 52 2 0 0 
1675119561.4245834 20.2951171875 16.331536169246263 987.5337120619344 8 10 10 8 10 10 1467 433 52 2 0 0 
1675119566.5582857 20.2900390625 16.32614399263637 987.5404421894484 8 9 9 8 9 9 1446 422 56 2 0 0 
1675119571.6889262 20.2849609375 16.450531290866557 987.5542053692875 8 9 9 8 9 9 1446 422 56 2 0 0 
1675119576.8234026 20.2951171875 16.522683573388278 987.5249961428159 8 9 9 8 9 9 1446 422 56 2 0 0 
1675119581.9569726 20.2900390625 16.498826495006064 987.4697759063217 8 9 9 8 9 9 1446 419 49 2 0 0 
1675119587.089831 20.2849609375 16.517003344084603 987.44117292201 8 9 9 8 9 9 1446 419 49 2 0 0 
1675119592.2238915 20.2900390625 16.36760962541251 987.4095089918789 7 8 8 7 8 8 1446 419 49 2 0 0 
1675119597.3562253 20.2900390625 16.42725427351267 987.3910013529833 6 8 8 6 8 8 1368 393 52 4 0 0 
1675119602.4893582 20.2900390625 16.44514746759103 987.3553640902601 6 8 8 6 8 8 1368 393 52 4 0 0 
1675119607.6239238 20.2798828125 16.474969252232725 987.3576555202031 7 9 9 7 9 9 1368 393 52 4 0 0 
1675119612.7573473 20.2900390625 16.499394947731226 987.3671417622867 6 8 8 6 8 8 1263 362 54 4 0 0 
1675119617.8912585 20.2900390625 16.462755912636528 987.3812104890984 6 8 8 6 8 8 1263 362 54 4 0 0 
1675119623.0242524 20.2849609375 16.397432077893157 987.3828929874009 6 8 8 6 8 8 1263 362 54 4 0 0 
1675119628.1581306 20.2900390625 16.415895810198652 987.416239044483 4 6 7 4 6 7 948 285 36 8 0 0 
1675119633.292338 20.2900390625 16.552504690191025 987.4515718389995 4 6 7 4 6 7 948 285 36 8 0 0 
1675119638.4259322 20.2900390625 16.53432822208713 987.4549368686561 4 7 7 4 7 7 990 299 38 8 0 0 
1675119643.5595791 20.2849609375 16.295748103430228 987.471154740354 4 7 7 4 7 7 990 299 38 8 0 0 
1675119648.6931348 20.2951171875 16.504211491279392 987.3960488900252 4 7 7 4 7 7 990 299 38 8 0 0 
1675119653.8267174 20.3001953125 16.391182123631808 987.3523035898911 4 7 8 4 7 8 1026 304 40 8 0 0 
1675119658.9603224 20.2900390625 16.468424783478508 987.3887102315292 4 7 8 4 7 8 1026 304 40 8 0 0 
1675119664.0938778 20.2951171875 16.272176051367616 987.3873320651563 5 8 9 5 8 9 1026 304 40 8 0 0 
1675119669.2281096 20.3052734375 16.444862604093547 987.3954403892251 5 8 9 5 8 9 1059 311 38 8 0 0 
1675119674.3616436 20.2900390625 16.33720369019793 987.4391864415036 5 8 9 5 8 9 1059 311 38 8 0 0 
1675119679.4951162 20.3052734375 16.64168391209907 987.4358213588818 4 7 8 4 7 8 1059 311 38 8 0 0 
1675119684.6292088 20.3001953125 16.54625679648336 987.4408689829194 4 7 7 4 7 7 1017 297 50 6 0 0 
1675119689.7634413 20.3052734375 16.354525916776243 987.4321521602731 4 7 7 4 7 7 1017 297 50 6 0 0 
1675119694.8970344 20.3001953125 16.384921026786746 987.3611801313077 4 7 7 4 7 7 1017 297 50 6 0 0 
1675119700.0306935 20.2951171875 16.367323865173766 987.3702023036323 5 9 9 5 9 9 1011 294 57 6 0 0 
1675119705.1642654 20.2951171875 16.40311119121274 987.4223610311899 5 9 9 5 9 9 1011 294 57 6 0 0 
1675119710.2980297 20.2951171875 16.34316839323378 987.408900707971 6 10 12 6 10 12 1311 376 58 10 2 2 
1675119715.4315834 20.3103515625 16.69592443105255 987.3809062807863 6 10 12 6 10 12 1311 376 58 10 2 2 
1675119720.5656743 20.3052734375 16.355097768480686 987.3806019630815 6 10 12 6 10 12 1311 376 58 10 2 2 
1675119725.699234 20.2900390625 16.65928295071385 987.3853451531008 6 10 10 6 10 10 1296 371 51 8 0 0 
1675119730.833256 20.3052734375 16.64139044449483 987.3455735479099 6 10 10 6 10 10 1296 371 51 8 0 0 
1675119735.9675822 20.3001953125 16.5936766424807 987.3331864732074 6 10 10 6 10 10 1296 371 51 8 0 0 
1675119741.1009219 20.3052734375 16.53971404711056 987.3884057628118 7 10 10 7 10 10 1329 376 51 8 0 0 
1675119746.2345872 20.3103515625 16.32498798798164 987.3682151337645 7 10 10 7 10 10 1329 376 51 8 0 0 
1675119751.3682644 20.3052734375 16.581464789973694 987.3914663176255 7 10 10 7 10 10 1329 376 51 8 0 0 
1675119756.5013404 20.3103515625 16.44456677277939 987.3897837511248 7 11 11 7 11 11 1371 392 63 10 0 0 
1675119761.6348917 20.3103515625 16.486318183616117 987.367910392977 7 11 11 7 11 11 1371 392 63 10 0 0 
1675119766.7677097 20.3103515625 16.665247098903667 987.3443544820273 7 11 11 7 11 11 1371 392 63 10 0 0 
1675119771.901446 20.3103515625 16.65275383817261 987.367910392977 7 10 10 7 10 10 1287 368 54 8 0 0 
1675119777.0360548 20.3154296875 16.54454350846941 987.393612261212 7 10 10 7 10 10 1287 368 54 8 0 0 
1675119782.169539 20.3255859375 16.472681852230156 987.3720433331778 7 10 10 7 10 10 1287 368 54 8 0 0 
1675119787.3039384 20.3255859375 16.46700162562322 987.359349063698 6 9 10 6 9 10 1266 356 56 8 0 0 
1675119792.4365594 20.3255859375 16.305661023880745 987.3700555754767 6 9 9 6 9 9 1182 358 55 4 0 0 
1675119797.5707266 20.3306640625 16.61583614980639 987.3720433331778 6 9 9 6 9 9 1167 351 53 4 0 0 
1675119802.7042952 20.3306640625 16.496256982628122 987.361031710346 6 9 9 6 9 9 1167 351 53 4 0 0 
1675119807.8379242 20.3306640625 16.365598081494184 987.3599598572126 6 9 9 6 9 9 1167 351 53 4 0 0 
1675119812.971517 20.3205078125 16.37099153132764 987.3868817781753 6 9 9 6 9 9 1209 354 58 4 0 0 
1675119818.1050937 20.3255859375 16.496825632240032 987.4118161735136 6 9 9 6 9 9 1209 354 58 4 0 0 
1675119823.2388268 20.3255859375 16.282660623198545 987.3585824839394 6 9 9 6 9 9 1209 354 58 4 0 0 
1675119828.372908 20.3205078125 16.38377865944092 987.4003427453666 6 9 9 6 9 9 1188 345 49 4 0 0 
1675119833.5058763 20.3255859375 16.42553272096818 987.3992698565145 6 9 9 6 9 9 1188 345 49 4 0 0 
1675119838.6394024 20.3255859375 16.431497545797164 987.3821389730418 6 9 9 6 9 9 1188 345 49 4 0 0 
1675119843.7703245 20.3205078125 16.50932349309398 987.3919296403479 7 10 10 7 10 10 1302 378 58 4 0 0 
1675119848.9039059 20.341015625 16.514435800465588 987.3712755242309 7 10 10 7 10 10 1302 378 58 4 0 0 
1675119854.0374053 20.3306640625 16.562437542499673 987.4232896854545 7 10 10 7 10 10 1302 378 58 4 0 0 
1675119859.1709921 20.3357421875 16.532614101068702 987.3549119990244 7 10 10 7 10 10 1317 382 58 4 0 0 
1675119864.3045502 20.3205078125 16.424962437666277 987.3619476958296 7 10 10 7 10 10 1317 382 58 4 0 0 
1675119869.4379654 20.3306640625 16.4136030404826 987.3801512962573 7 10 10 7 10 10 1317 382 58 4 0 0 
1675119874.5717502 20.3205078125 16.50932349309398 987.367605542787 6 6 6 6 6 6 1017 291 37 0 0 0 
1675119879.7054205 20.3205078125 16.551075561241262 987.3605702130758 6 6 6 6 6 6 1017 291 37 0 0 0 
1675119884.834658 20.3205078125 16.40167331889354 987.363935397994 5 6 6 5 6 6 945 270 41 0 0 0 
1675119889.9683056 20.3205078125 16.306520571404356 987.3555224362227 5 6 6 5 6 6 945 270 41 0 0 0 
1675119895.1018476 20.3154296875 16.50989177966774 987.3824439200415 5 6 6 5 6 6 945 270 41 0 0 0 
1675119900.2348723 20.3205078125 16.22301003338962 987.3790787335857 5 6 6 5 6 6 930 261 41 0 0 0 
1675119905.368257 20.3205078125 16.479215774497714 987.3490971767734 5 6 6 5 6 6 930 261 41 0 0 0 
1675119910.5018637 20.3205078125 16.509607641826634 987.3457320202251 5 6 6 5 6 6 930 261 41 0 0 0 
1675119915.6355097 20.3103515625 16.56328815904576 987.3659229637091 4 6 6 4 6 6 981 280 46 0 0 0 
1675119920.768777 20.3103515625 16.390314623696383 987.3673005831919 4 6 6 4 6 6 981 280 46 0 0 0 
1675119925.9027588 20.3103515625 16.342882334862917 987.3796883535889 4 6 6 4 6 6 981 280 46 0 0 0 
1675119931.0369563 20.2951171875 16.396564820647992 987.3897837511248 4 5 5 4 5 5 981 273 41 0 0 0 
1675119936.1705713 20.3205078125 16.425817846281173 987.4217525265879 5 6 6 5 6 6 981 273 41 0 0 0 
1675119941.304696 20.3103515625 16.271017495406806 987.4133396884932 5 6 6 5 6 6 981 273 41 0 0 0 
1675119946.43836 20.3154296875 16.57465025893172 987.402330260319 5 7 7 5 7 7 960 269 41 0 0 0 
1675119951.5724754 20.3103515625 16.533181879403376 987.3662278274548 5 7 7 5 7 7 960 269 41 0 0 0 
1675119956.7065146 20.3154296875 16.431782602130852 987.3928442373436 5 6 6 5 6 6 984 291 39 0 0 0 
1675119961.8405735 20.3205078125 16.520968685127503 987.3760184392252 5 6 6 5 6 6 984 291 39 0 0 0 
1675119966.9718308 20.3103515625 16.526933345542567 987.3706657686693 5 6 6 5 6 6 984 291 39 0 0 0 
1675119972.1002843 20.3205078125 16.342596265599674 987.367910392977 4 6 6 4 6 6 933 277 48 0 0 0 
1675119977.2290366 20.3205078125 16.384064267615646 987.3712755242309 4 6 6 4 6 6 933 277 48 0 0 0 
1675119982.3624854 20.3205078125 16.491998295900096 987.3851991575909 4 6 6 4 6 6 933 277 48 0 0 0 
1675119987.4927917 20.3205078125 16.371563078063566 987.3787737594743 4 6 6 4 6 6 933 272 46 0 0 0 
1675119992.6237411 20.3103515625 16.306234066455726 987.4396521325662 4 6 6 4 6 6 933 272 46 0 0 0 
1675119997.7578135 20.3103515625 16.407923517078324 987.3689831758956 4 6 6 4 6 6 933 272 46 0 0 0 
1675120002.8884935 20.3205078125 16.431497545797164 987.3919296403479 4 7 7 4 7 7 1005 291 60 0 0 0 
1675120008.0206294 20.3306640625 16.515004014436574 987.3989650450739 3 6 6 3 6 6 1005 291 60 0 0 0 
1675120013.1498303 20.341015625 16.37695665558392 987.410438473696 3 6 6 3 6 6 1005 291 60 0 0 0 
1675120018.2789645 20.3357421875 16.412747185313467 987.3636303018797 3 6 6 3 6 6 1056 298 67 0 0 0 
1675120023.4113195 20.3306640625 16.3587753243152 987.4081458448642 4 7 7 4 7 7 1056 298 67 0 0 0 
1675120028.5454762 20.341015625 16.489723232771315 987.4128886640076 4 7 7 4 7 7 1056 298 67 0 0 0 
1675120033.6721218 20.341015625 16.43717736210375 987.3832113848101 4 8 8 4 8 8 1065 295 72 2 0 0 
1675120038.8030777 20.34609375 16.472112629017666 987.4064631962591 5 8 8 5 8 8 1014 302 52 2 0 0 
1675120043.9321377 20.341015625 16.281226609836157 987.412583427497 5 7 7 5 7 7 1014 306 47 2 0 0 
1675120049.0652933 20.34609375 16.328949101205698 987.4131937910986 5 7 7 5 7 7 1014 306 47 2 0 0 
1675120054.199569 20.351171875 16.490007653783184 987.4131937910986 5 7 7 5 7 7 1014 306 47 2 0 0 
1675120059.3311105 20.351171875 16.513867542928484 987.4081458448642 5 7 7 5 7 7 1044 311 43 2 0 0 
1675120064.4642668 20.35625 16.513299241825237 987.4240569099011 5 7 7 5 7 7 1044 311 43 2 0 0 
1675120069.598482 20.35625 16.44768263351673 987.4355304760909 5 7 7 5 7 7 1044 311 43 2 0 0 
1675120074.731172 20.361328125 16.351952044935647 987.3904031237399 6 7 7 6 7 7 1143 341 38 0 0 0 
1675120079.8614922 20.361328125 16.5845962388853 987.391780194353 6 7 7 6 7 7 1143 341 38 0 0 0 
1675120084.994788 20.35625 16.5610196304304 987.3904031237399 6 7 7 6 7 7 1143 341 38 0 0 0 
1675120090.1251202 20.35625 16.47097405189172 987.4099843448262 6 7 7 6 7 7 1134 339 40 0 0 0 
1675120095.2574644 20.35625 16.566417529639665 987.4049361954604 6 7 7 6 7 7 1134 339 40 0 0 0 
1675120100.389522 20.371484375 16.387173213309797 987.395145598963 6 7 7 6 7 7 1134 339 40 0 0 0 
1675120105.5243988 20.35625 16.29201043946119 987.4029477371497 6 7 7 6 7 7 1182 351 37 0 0 0 
1675120110.6585882 20.36640625 16.422966103012108 987.399888046724 6 7 7 6 7 7 1182 351 37 0 0 0 
1675120115.792817 20.371484375 16.435182069404203 987.4147268477186 6 7 7 6 7 7 1182 351 37 0 0 0 
1675120120.9264019 20.361328125 16.590277987966324 987.4298714234832 7 8 9 7 8 9 1254 371 46 2 2 0 
1675120126.0598073 20.371484375 16.32723123696113 987.4063131969627 7 8 9 7 8 9 1254 371 46 2 2 0 
1675120131.1932368 20.371484375 16.47068938038085 987.407995926974 6 8 9 6 8 9 1224 357 49 2 2 0 
1675120136.3256116 20.36640625 16.518696119653953 987.3887204351657 6 8 9 6 8 9 1224 357 49 2 2 0 
1675120141.458995 20.361328125 16.494266365900184 987.4164095780793 6 8 9 6 8 9 1224 357 49 2 2 0 
1675120146.5898716 20.361328125 16.399389716917387 987.3783185787097 6 7 8 6 7 8 1119 324 35 2 2 0 
1675120151.7174387 20.361328125 16.47665474380097 987.399888046724 6 7 8 6 7 8 1119 324 35 2 2 0 
1675120156.8492413 20.361328125 16.488585439807224 987.399888046724 6 7 8 6 7 8 1119 324 35 2 2 0 
1675120161.9838772 20.371484375 16.36984830714874 987.4180923085103 6 7 8 6 7 8 1176 335 33 2 2 0 
1675120167.1147516 20.36640625 16.506765664379945 987.3948398986165 6 7 8 6 7 8 1176 335 33 2 2 0 
1675120172.2469413 20.371484375 16.250250932257718 987.4136553293152 6 7 8 6 7 8 1176 335 33 2 2 0 
1675120177.3774698 20.36640625 16.27353966276254 987.4228348114676 6 7 8 6 7 8 1176 333 38 2 2 0 
1675120182.5109067 20.361328125 16.399675205286787 987.4015707628995 6 7 8 6 7 8 1176 333 38 2 2 0 
1675120187.6458914 20.361328125 16.513015074936305 987.3800012804205 6 7 8 6 7 8 1176 333 38 2 2 0 
1675120192.7749531 20.36640625 16.542556906868874 987.4214577695815 6 8 9 6 8 9 1239 352 43 2 2 0 
1675120197.9087667 20.361328125 16.506765664379945 987.4113613872064 6 8 9 6 8 9 1239 352 43 2 2 0 
1675120203.0424726 20.36640625 16.387173213309797 987.3847436042893 5 8 9 5 8 9 1146 335 37 2 2 0 
1675120208.1738374 20.361328125 16.351379953599697 987.4046304670212 5 8 9 5 8 9 1146 335 37 2 2 0 
1675120213.3072994 20.361328125 16.590561269077156 987.423140500222 5 8 9 5 8 9 1146 335 37 2 2 0 
1675120218.4378457 20.371484375 16.29201043946119 987.4514414735067 5 7 8 5 7 8 1116 318 32 2 2 0 
1675120223.571323 20.371484375 16.404784263238845 987.423140500222 5 7 8 5 7 8 1116 318 32 2 2 0 
1675120228.7011912 20.381640625 16.374098958185552 987.4387449410846 5 7 8 5 7 8 1116 318 32 2 2 0 
1675120233.8280158 20.38671875 16.350521734903072 987.4727062774327 6 7 8 6 7 8 1137 318 41 2 2 0 
1675120238.9623985 20.381640625 16.410179031635487 987.4340025067736 6 7 8 6 7 8 1137 318 41 2 2 0 
1675120244.0936184 20.391796875 16.45136867284803 987.4451701473209 6 7 8 6 7 8 1137 318 41 2 2 0 
1675120249.2274976 20.38671875 16.338017676021007 987.4235998735214 5 7 9 5 7 9 1152 315 45 2 2 0 
1675120254.357482 20.391796875 16.475231567759074 987.4340025067736 5 7 9 5 7 9 1152 315 45 2 2 0 
1675120259.4883003 20.38671875 16.356487510830476 987.4471588699556 5 7 9 5 7 9 1152 315 45 2 2 0 
1675120264.617883 20.3765625 16.463300140861904 987.4323197349751 5 7 9 5 7 9 1131 310 43 2 2 0 
1675120269.7529843 20.391796875 16.338017676021007 987.4370621555203 5 7 9 5 7 9 1131 310 43 2 2 0 
1675120274.8848076 20.396875 16.409322784352394 987.4222231056524 5 7 9 5 7 9 1131 310 43 2 2 0 
1675120280.0164452 20.391796875 16.44597291629723 987.419928163656 6 8 8 6 8 8 1188 317 38 0 0 0 
1675120285.1472666 20.391796875 16.361881352149293 987.4151859495444 6 9 10 6 9 10 1119 318 48 6 2 2 
1675120290.274468 20.396875 16.308187849579234 987.4246703502897 6 9 10 6 9 10 1140 335 45 6 2 2 
1675120295.408289 20.396875 16.3732414365673 987.4135031649586 6 9 10 6 9 10 1140 335 45 6 2 2 
1675120300.5399857 20.40703125 16.200798346599793 987.3936160029053 6 9 10 6 9 10 1140 335 45 6 2 2 
1675120305.672324 20.396875 16.218696828377784 987.4145734786318 6 9 10 6 9 10 1119 335 48 6 2 2 
1675120310.8028157 20.396875 16.33773142158678 987.4647518691526 6 9 10 6 9 10 1119 335 48 6 2 2 
1675120315.9334722 20.401953125 16.361595373645883 987.470106303895 6 9 10 6 9 10 1119 335 48 6 2 2 
1675120321.0677168 20.391796875 16.34398361047184 987.4488416559394 6 9 10 6 9 10 1128 335 50 6 2 2 
1675120326.1995633 20.412109375 16.277496900646522 987.4543487223652 6 9 10 6 9 10 1128 335 50 6 2 2 
1675120331.329738 20.401953125 16.34937729081443 987.396368993094 6 9 10 6 9 10 1128 335 50 6 2 2 
1675120336.461132 20.401953125 16.3968198314473 987.3991216542312 6 9 9 6 9 9 1170 340 43 4 0 0 
1675120341.5944948 20.391796875 16.385459161234422 987.4078422322581 6 9 9 6 9 9 1170 340 43 4 0 0 
1675120346.7258105 20.401953125 16.34937729081443 987.4196219141461 6 9 9 6 9 9 1170 340 43 4 0 0 
1675120351.8588705 20.396875 16.277496900646522 987.3879550069283 6 8 8 6 8 8 1176 340 34 4 0 0 
1675120356.9905539 20.401953125 16.3732414365673 987.362713058918 6 8 8 6 8 8 1176 340 34 4 0 0 
1675120362.1176162 20.40703125 16.301648505885673 987.3449642360105 6 8 8 6 8 8 1176 340 34 4 0 0 
1675120367.2448766 20.401953125 16.31358076379574 987.3483299081091 5 8 8 5 8 8 1170 330 45 6 0 0 
1675120372.371995 20.40703125 16.223512642425334 987.3163560344631 6 9 9 6 9 9 1170 330 45 6 0 0 
1675120377.5036533 20.40703125 16.152491812629243 987.322018939046 6 9 9 6 9 9 1191 339 42 6 0 0 
1675120382.6358957 20.40703125 16.355343342672118 987.3096246958589 6 9 9 6 9 9 1191 339 42 6 0 0 
1675120387.769591 20.412109375 16.396534234156622 987.3368571896544 6 9 9 6 9 9 1191 339 42 6 0 0 
1675120392.8997273 20.412109375 16.313007648595313 987.3062590269764 6 10 10 6 10 10 1239 361 49 6 0 0 
1675120398.0292363 20.412109375 16.295108832403447 987.3412913627395 6 10 10 6 10 10 1239 361 49 6 0 0 
1675120403.1623828 20.422265625 16.216970860112433 987.3409840518315 6 10 10 6 10 10 1239 361 49 6 0 0 
1675120408.290998 20.4171875 16.39028243913057 987.3493983674666 6 9 9 6 9 9 1140 335 42 6 0 0 
1675120413.4209733 20.422265625 16.31840087929663 987.3578126848498 6 9 9 6 9 9 1140 335 42 6 0 0 
1675120418.5541327 20.432421875 16.29992820175971 987.3770853589356 6 9 9 6 9 9 1140 335 42 6 0 0 
1675120423.6858528 20.442578125 16.31782781492407 987.3579580976653 5 8 8 5 8 8 1026 304 39 4 0 0 
1675120428.8186076 20.432421875 16.36498766011735 987.3397537135854 5 8 8 5 8 8 1026 304 39 4 0 0 
1675120433.9504957 20.44765625 16.24565404349318 987.360256310835 5 8 8 5 8 8 1026 304 39 4 0 0 
1675120439.0832136 20.442578125 16.14479434504141 987.3518417894069 6 8 8 6 8 8 1095 320 39 4 0 0 
1675120444.2144346 20.4375 16.192528579652762 987.3451101735227 6 8 8 6 8 8 1095 320 39 4 0 0 
1675120449.347466 20.442578125 16.365273667669303 987.3757098084184 6 9 12 6 9 12 1215 357 48 8 4 2 
1675120454.4813495 20.442578125 16.21581999674123 987.3784608271699 6 9 12 6 9 12 1215 357 48 8 4 2 
1675120459.614805 20.442578125 16.132571996431565 987.3515341355435 6 9 12 6 9 12 1215 357 48 8 4 2 
1675120464.7483807 20.442578125 16.25787483949421 987.3663768099557 6 8 12 6 8 12 1137 335 48 8 4 2 
1675120469.881489 20.4375 16.251620821998962 987.3639295693981 6 8 12 6 8 12 1137 335 48 8 4 2 
1675120475.0145724 20.442578125 16.365273667669303 987.358265806772 6 8 12 6 8 12 1137 335 48 8 4 2 
1675120480.1471763 20.442578125 16.132571996431565 987.3350127517942 6 9 11 6 9 11 1245 352 55 6 2 2 
1675120485.2799819 20.442578125 16.26412869784231 987.3532170532457 6 9 11 6 9 11 1245 352 55 6 2 2 
1675120490.4139953 20.42734375 16.19878323007606 987.3622466783894 6 9 11 6 9 11 1245 352 55 6 2 2 
1675120495.5477555 20.432421875 16.317541266398976 987.3437348819061 6 9 10 6 9 10 1230 342 50 4 2 2 
1675120500.68156 20.432421875 16.133149359830856 987.3420519917362 6 9 10 6 9 10 1230 342 50 4 2 2 
1675120505.8151572 20.4375 16.234870491154982 987.3163560344631 6 9 10 6 9 10 1230 342 50 4 2 2 
1675120510.9485652 20.42734375 16.26412869784231 987.3844314443204 7 9 10 7 9 10 1293 363 43 4 2 2 
1675120516.0824628 20.42734375 16.19310454146077 987.4060018673441 7 9 10 7 9 10 1293 363 43 4 2 2 
1675120521.215766 20.42734375 16.22861639622719 987.402328944196 7 9 10 7 9 10 1293 363 43 4 2 2 
1675120526.349 20.422265625 16.216683160609215 987.3776999315738 6 9 10 6 9 10 1272 361 48 4 2 2 
1675120531.4828248 20.422265625 16.276922935841764 987.3140582535451 5 7 7 5 7 7 1011 294 33 2 0 0 
1675120536.6168156 20.432421875 16.120926980990237 987.3581198601943 5 7 7 5 7 7 1011 289 31 2 0 0 
1675120541.7498574 20.4171875 16.205325547934518 987.3648512611339 5 7 7 5 7 7 1011 289 31 2 0 0 
1675120546.8837624 20.412109375 16.13998188313601 987.3194143265007 5 7 7 5 7 7 1011 289 31 2 0 0 
1675120552.0155323 20.412109375 16.104471347129067 987.3813727828211 5 7 7 5 7 7 1032 298 33 2 0 0 
1675120557.149445 20.412109375 16.033161832183296 987.3900940246199 5 7 7 5 7 7 1032 298 33 2 0 0 
1675120562.2823174 20.412109375 16.372669701027185 987.3937665088123 5 7 7 5 7 7 1032 298 33 2 0 0 
1675120567.4161386 20.40703125 16.080894317784693 987.3822934111236 6 7 7 6 7 7 1077 312 37 2 0 0 
1675120572.549494 20.412109375 16.229479048130827 987.378927763341 6 7 7 6 7 7 1077 312 37 2 0 0 
1675120577.6831403 20.401953125 16.301648505885673 987.3570510595706 6 7 7 6 7 7 1077 312 37 2 0 0 
1675120582.81699 20.401953125 16.182323665262842 987.3402228339414 6 8 8 6 8 8 1164 329 48 4 0 0 
