timestamp temperature humidity pressure pm10_standard pm25_standard pm100_standard pm10_env pm25_env pm100_env particles_03um particles_05um particles_10um particles_25um particles_50um particles_100um
1685809129.4922934 20.752734375 47.132079972516095 985.1042978507367 1 2 2 1 2 2 318 96 15 0 0 0 
1685809134.645373 20.742578125 47.31544491025357 985.0925123759248 0 1 1 0 1 1 291 89 15 0 0 0 
1685809139.7989428 20.742578125 47.12031244294383 985.0874614591983 0 1 1 0 1 1 291 89 15 0 0 0 
1685809144.952569 20.74765625 47.339112883326024 985.1042978507367 0 1 1 0 1 1 291 89 15 0 0 0 
1685809150.1015134 20.7375 47.232537105723125 985.0712898660457 1 2 2 1 2 2 339 100 15 0 0 0 
1685809155.254734 20.7375 47.33890338762109 985.0992469325403 1 2 2 1 2 2 339 100 15 0 0 0 
1685809160.4081678 20.732421875 47.24423375917482 985.0840712247357 1 2 2 1 2 2 339 100 15 0 0 0 
1685809165.5654645 20.742578125 47.25015068816352 985.096876066661 1 2 2 1 2 2 381 114 15 0 0 0 
1685809170.7189562 20.742578125 47.36862745812946 985.074657088168 0 1 1 0 1 1 381 114 15 0 0 0 
1685809175.8722646 20.7375 47.22675706714171 985.0807269045426 0 1 1 0 1 1 381 114 15 0 0 0 
1685809181.021541 20.752734375 47.20907362163736 985.0854453822642 0 2 2 0 2 2 375 114 20 0 0 0 
1685809186.1785474 20.7578125 47.26239812489895 985.0719761661812 1 3 3 1 3 3 375 114 20 0 0 0 
1685809191.332618 20.74765625 47.321570707941795 985.0807269045426 1 3 3 1 3 3 375 114 20 0 0 0 
1685809196.4860303 20.7578125 47.21505931713883 985.0568233034422 1 3 3 1 3 3 390 114 20 0 0 0 
1685809201.6395044 20.7578125 47.08487419805504 985.0665925143625 0 2 2 0 2 2 390 114 20 0 0 0 
1685809206.7931674 20.752734375 47.126229926928424 985.100265829898 0 2 2 0 2 2 390 114 20 0 0 0 
1685809211.949866 20.752734375 47.315514449598346 985.0803944257082 1 2 2 1 2 2 369 119 14 0 0 0 
1685809217.101527 20.752734375 47.39835258319339 985.090828736946 1 2 2 1 2 2 369 119 14 0 0 0 
1685809222.2545211 20.74765625 47.17941884929194 985.0571559720665 1 2 2 1 2 2 360 116 12 0 0 0 
1685809227.40786 20.7375 47.19723893165898 985.0925123759248 1 2 2 1 2 2 360 116 12 0 0 0 
1685809232.5610662 20.742578125 47.3035414473345 985.0527701493761 1 2 2 1 2 2 360 116 12 0 0 0 
1685809237.7051764 20.74765625 47.35686375502778 985.086110148941 2 2 2 2 2 2 423 135 12 0 0 0 
1685809242.8579261 20.74765625 47.167652026533816 985.119450609105 2 2 2 2 2 2 423 135 12 0 0 0 
1685809248.009672 20.74765625 47.15574949326978 985.0992469325403 2 2 2 2 2 2 423 135 12 0 0 0 
1685809253.1642883 20.742578125 47.315514449598346 985.1110324093114 2 3 3 2 3 3 450 140 14 0 0 0 
1685809258.3192902 20.74765625 47.17941884929194 985.097895526898 2 3 3 2 3 3 450 140 14 0 0 0 
1685809263.47039 20.74765625 47.39243564057307 985.0948604267817 2 3 3 2 3 3 450 140 14 0 0 0 
1685809268.6249564 20.732421875 47.20880032111493 985.1346033731425 2 2 2 2 2 2 435 135 14 0 0 0 
1685809273.7642066 20.7375 47.27388739855324 985.1116965499913 2 2 2 2 2 2 435 135 14 0 0 0 
1685809278.9164805 20.7375 47.20295152583703 985.1083293247896 2 2 2 2 2 2 435 135 14 0 0 0 
1685809284.0660186 20.742578125 47.12602781358922 985.1315680542435 1 2 2 1 2 2 393 121 16 2 0 0 
1685809289.2194722 20.7375 47.35080688404948 985.0719542188367 1 2 2 1 2 2 393 121 16 2 0 0 
1685809294.3709283 20.7375 47.28585971226462 985.1063136561098 1 1 1 1 1 1 345 86 8 0 0 0 
1685809299.5196636 20.742578125 47.32136191896491 985.126517173357 0 0 0 0 0 0 345 86 8 0 0 0 
1685809304.6671295 20.742578125 47.24444000266977 985.100930571869 0 0 0 0 0 0 345 86 8 0 0 0 
1685809309.8189096 20.742578125 47.339112883326024 985.1177669690063 0 1 1 0 1 1 378 98 10 2 0 0 
1685809314.9696872 20.742578125 47.14969683344146 985.165240609584 1 2 2 1 2 2 378 98 10 2 0 0 
1685809320.1242497 20.752734375 47.297832483740756 985.1177669690063 1 2 2 1 2 2 378 98 10 2 0 0 
1685809325.2721164 20.74765625 47.28592891283913 985.1026142112678 1 2 2 1 2 2 378 101 10 2 0 0 
1685809330.4268272 20.752734375 47.3806719982915 985.1177669690063 1 2 2 1 2 2 378 101 10 2 0 0 
1685809335.5779743 20.74765625 47.23866016640406 985.1177669690063 1 2 2 1 2 2 378 101 10 2 0 0 
1685809340.728653 20.752734375 47.38651868765702 985.1245015298208 2 2 3 2 2 3 399 106 10 2 0 0 
1685809345.8784046 20.74765625 47.309388915746744 985.1197826664882 2 2 3 2 2 3 399 106 10 2 0 0 
1685809351.027526 20.74765625 47.439486980160815 985.118099039946 2 2 3 2 2 3 399 106 10 2 0 0 
1685809356.1785152 20.74765625 47.552117228229825 985.13661893576 1 2 2 1 2 2 372 101 8 2 0 0 
1685809361.3290706 20.742578125 47.380461144435785 985.1086612577684 1 2 2 1 2 2 372 101 8 2 0 0 
1685809366.4808807 20.742578125 47.12011053288804 985.1396542957481 0 1 1 0 1 1 372 101 8 2 0 0 
1685809371.6292567 20.7375 47.20301978859622 985.1433534454284 0 0 1 0 0 1 288 85 10 2 0 0 
1685809376.7761436 20.742578125 47.33918269368276 985.1379706548096 1 3 3 1 3 3 327 99 24 2 0 0 
1685809381.9233625 20.74765625 47.32136191896491 985.1234818404024 1 3 3 1 3 3 327 99 24 2 0 0 
1685809387.072783 20.742578125 47.25042592896932 985.1369507479285 1 3 3 1 3 3 327 99 24 2 0 0 
1685809392.2273984 20.762890625 47.26239812489895 985.1110324093114 1 2 2 1 2 2 306 94 21 2 0 0 
1685809397.3773918 20.7578125 47.39835258319339 985.1278688106482 1 2 2 1 2 2 306 94 21 2 0 0 
1685809402.5279093 20.752734375 47.250494712239046 985.142689600589 1 2 2 1 2 2 306 94 21 2 0 0 
1685809407.6790912 20.74765625 47.20900531266595 985.1359549824691 1 2 2 1 2 2 291 87 21 2 0 0 
1685809412.8283088 20.742578125 47.30374965884666 985.1349353085179 1 2 2 1 2 2 291 87 21 2 0 0 
1685809417.9802535 20.752734375 47.33326564810524 985.1228178895124 1 2 2 1 2 2 291 87 21 2 0 0 
1685809423.1320019 20.742578125 47.463367039391926 985.1312360917555 1 2 2 1 2 2 279 85 14 0 0 0 
1685809428.2828414 20.74765625 47.27994264178038 985.1581743506911 1 2 2 1 2 2 279 85 14 0 0 0 
1685809433.4346094 20.742578125 47.4159619562688 985.1413379367566 1 2 2 1 2 2 279 85 14 0 0 0 
1685809438.5878952 20.7375 47.34509972896456 985.1379706548096 1 2 2 1 2 2 300 92 16 0 0 0 
1685809443.7395859 20.74765625 47.27402556100065 985.1349353085179 1 2 2 1 2 2 300 92 16 0 0 0 
1685809448.8901494 20.7375 47.2384541908146 985.1137120550069 1 2 2 1 2 2 300 92 16 0 0 0 
1685809454.0419505 20.742578125 47.463295795512295 985.1392976299669 1 2 2 1 2 2 306 94 16 0 0 0 
1685809459.1930366 20.7375 47.47491494961544 985.1123602520779 2 3 3 2 3 3 423 133 14 2 0 0 
1685809464.3437529 20.7375 47.33904306219683 985.0982276508637 2 2 3 2 2 3 429 136 12 2 0 0 
1685809469.4956894 20.732421875 47.34482015189339 985.1355988503195 2 2 3 2 2 3 429 136 12 2 0 0 
1685809474.647598 20.7375 47.20247338488368 985.114043837671 2 2 3 2 2 3 429 136 12 2 0 0 
1685809479.7982864 20.742578125 47.332986613054004 985.1234818404024 2 2 3 2 2 3 420 131 12 2 0 0 
1685809484.9498556 20.742578125 47.29755511786229 985.1127160491302 2 2 3 2 2 3 420 131 12 2 0 0 
1685809490.1010597 20.74765625 47.32129230109428 985.1177669690063 2 2 3 2 2 3 420 131 12 2 0 0 
1685809495.2527587 20.7375 47.33904306219683 985.1214662931005 2 2 4 2 2 4 399 124 17 4 0 0 
1685809500.4039278 20.72734375 47.25613650097384 985.0837393077014 2 2 4 2 2 4 399 124 17 4 0 0 
1685809505.558675 20.74765625 47.380390838272525 985.084758756215 2 2 4 2 2 4 399 124 17 4 0 0 
1685809510.7113848 20.72734375 47.1732298083179 985.0716220972644 2 2 3 2 2 3 378 119 17 2 0 0 
1685809515.8619776 20.7375 47.27395648516326 985.0925123759248 2 2 3 2 2 3 378 119 17 2 0 0 
1685809521.014384 20.7220703125 47.47512915237069 985.1089930811015 2 2 3 2 2 3 378 119 17 2 0 0 
1685809526.1644468 20.72734375 47.392153895459906 985.0938408151719 1 2 3 1 2 3 336 103 15 2 0 0 
1685809531.3170874 20.72734375 47.23226259181209 985.0773369420469 1 2 3 1 2 3 336 103 15 2 0 0 
1685809536.470446 20.72734375 47.24423375917482 985.1106766665548 1 2 3 1 2 3 336 103 15 2 0 0 
1685809541.6241877 20.72734375 47.315236227584116 985.104605724238 1 3 3 1 3 3 342 98 21 4 0 0 
1685809546.7768636 20.72734375 47.261846559194545 985.1089930811015 1 3 3 1 3 3 342 98 21 4 0 0 
1685809551.9304318 20.72734375 47.37447406801794 985.0837393077014 0 3 3 0 3 3 306 86 26 6 0 0 
1685809557.0839071 20.72734375 47.45709428939097 985.0790205126141 0 3 3 0 3 3 306 86 26 6 0 0 
1685809562.2381938 20.7169921875 47.43342849492157 985.0743016898532 0 3 3 0 3 3 306 86 26 6 0 0 
1685809567.3916066 20.7220703125 47.421524712418844 985.1110083666879 0 3 3 0 3 3 342 93 24 6 0 0 
1685809572.5450695 20.732421875 47.30340258579699 985.0992233648794 0 3 3 0 3 3 342 93 24 6 0 0 
1685809577.6983626 20.732421875 47.38017985514871 985.104605724238 0 3 3 0 3 3 342 93 24 6 0 0 
1685809582.8516567 20.7169921875 47.45146239747291 985.105625910405 0 3 3 0 3 3 342 93 28 6 0 0 
1685809588.0051832 20.7220703125 47.39208343225084 985.1123602520779 0 3 3 0 3 3 342 93 28 6 0 0 
1685809593.1575384 20.72734375 47.49872408141187 985.0871064765782 0 3 3 0 3 3 342 93 28 6 0 0 
1685809598.3147407 20.732421875 47.43357038060491 985.0588176704264 0 2 2 0 2 2 306 84 21 4 0 0 
1685809603.468877 20.7220703125 47.51640183756299 985.1025905079034 0 2 2 0 2 2 306 84 21 4 0 0 
1685809608.622233 20.7375 47.32706982819215 985.1127160491302 0 2 2 0 2 2 306 84 21 4 0 0 
1685809613.7750342 20.742578125 47.250288330111815 985.0995791526003 0 2 2 0 2 2 318 86 21 2 0 0 
1685809618.930394 20.74765625 47.386237213545805 985.120446452305 0 2 2 0 2 2 318 86 21 2 0 0 
1685809624.0839505 20.732421875 47.350876851455624 985.0712898660457 2 3 3 2 3 3 402 131 28 0 0 0 
1685809629.2368455 20.72734375 47.56373319274168 985.1207781807436 2 3 3 2 3 3 402 131 28 0 0 0 
1685809634.387826 20.732421875 47.457236717059864 985.1157274233342 2 3 3 2 3 3 402 131 30 0 0 0 
1685809639.54069 20.7220703125 47.29143026921944 985.1258289387829 2 3 3 2 3 3 402 131 30 0 0 0 
1685809644.693389 20.7119140625 47.37433355887626 985.0894537042113 2 3 3 2 3 3 402 131 30 0 0 0 
1685809649.8473868 20.7220703125 47.350666916919934 985.1167220728076 2 4 4 2 4 4 450 145 37 0 0 0 
1685809655.0009499 20.7169921875 47.58133700810086 985.1332262219767 2 4 4 2 4 4 450 145 37 0 0 0 
1685809660.1583133 20.7220703125 47.445190318248095 985.1130235155911 2 4 4 2 4 4 450 145 37 0 0 0 
1685809665.3153913 20.7169921875 47.39785894188452 985.1264919853951 2 4 4 2 4 4 456 150 39 0 0 0 
1685809670.4704096 20.7119140625 47.46892712485986 985.1264919853951 1 3 3 1 3 3 456 150 39 0 0 0 
1685809675.624489 20.7119140625 47.36221965294535 985.1251397988286 1 3 3 1 3 3 456 150 39 0 0 0 
1685809680.778506 20.7068359375 47.56950456381548 985.0894537042113 1 2 2 1 2 2 471 148 39 0 0 0 
1685809685.9318879 20.7068359375 47.38003914587111 985.0982030817197 2 3 3 2 3 3 471 148 39 0 0 0 
1685809691.084213 20.7169921875 47.581191692044605 985.0954988972694 2 3 3 2 3 3 471 148 39 0 0 0 
1685809696.2351708 20.7068359375 47.43941597495669 985.1248084264247 2 4 4 2 4 4 513 159 39 0 0 0 
1685809701.3893154 20.7119140625 47.3624301232603 985.0844030321288 2 4 4 2 4 4 513 159 39 0 0 0 
1685809706.5438778 20.7119140625 47.40370476893311 985.1002180921264 1 3 3 1 3 3 360 100 21 4 0 0 
1685809711.692822 20.7169921875 47.49850903338177 985.0793523606761 1 3 3 1 3 3 360 100 21 4 0 0 
1685809716.8446434 20.7068359375 47.42744112931725 985.1231248675242 1 3 3 1 3 3 360 100 21 4 0 0 
1685809721.9973965 20.72734375 47.462939414532336 985.1217727082103 0 2 2 0 2 2 387 107 28 4 0 0 
1685809727.1473327 20.7169921875 47.54583955171309 985.1197577499332 0 2 2 0 2 2 387 107 28 4 0 0 
1685809732.2967649 20.7169921875 47.49850903338177 985.1130235155911 0 2 2 0 2 2 387 107 28 4 0 0 
1685809737.4493997 20.7220703125 47.43328656614943 985.104605724238 0 2 2 0 2 2 387 107 26 2 0 0 
1685809742.598917 20.7119140625 47.36813603728176 985.1109817186784 1 3 3 1 3 3 387 107 26 2 0 0 
1685809747.7525215 20.7169921875 47.386025994852965 985.0749651384011 1 3 3 1 3 3 387 107 26 2 0 0 
1685809752.9030695 20.7119140625 47.47484352715285 985.0830511862187 1 2 2 1 2 2 399 114 26 0 0 0 
1685809758.054545 20.6966796875 47.362289820489394 985.0712663825257 1 2 2 1 2 2 399 114 26 0 0 0 
1685809763.2032359 20.7068359375 47.46864159827692 985.130190435281 1 2 2 1 2 2 399 114 26 0 0 0 
1685809768.351548 20.7068359375 47.462939414532336 985.0766486681598 1 2 2 1 2 2 384 109 19 0 0 0 
1685809773.4989684 20.6966796875 47.480616906416344 985.1160322312352 1 2 2 1 2 2 384 109 19 0 0 0 
1685809778.6504545 20.7017578125 47.65211038016264 985.100880695454 1 2 2 1 2 2 384 109 19 0 0 0 
1685809783.8016264 20.7068359375 47.45695181863353 985.1039164831795 1 2 2 1 2 2 357 100 17 2 0 0 
1685809788.9550862 20.7068359375 47.43906078735328 985.130190435281 0 2 3 0 2 3 366 111 19 4 2 2 
1685809794.101537 20.7119140625 47.46301071227257 985.128506889727 0 2 3 0 2 3 360 109 17 4 2 2 
1685809799.255566 20.7119140625 47.226208581374266 985.0951675001219 0 2 3 0 2 3 360 109 17 4 2 2 
1685809804.4058611 20.7169921875 47.46885575937228 985.1133549828892 0 2 3 0 2 3 360 109 17 4 2 2 
1685809809.555926 20.7119140625 47.55153884608774 985.1143755106917 0 1 3 0 1 3 345 105 10 4 2 2 
1685809814.7074873 20.7169921875 47.40384602021301 985.0699145495455 1 2 4 1 2 4 345 105 10 4 2 2 
1685809819.851512 20.7068359375 47.39187197798977 985.0864182736179 1 2 4 1 2 4 345 105 10 4 2 2 
1685809825.0025773 20.7017578125 47.38003914587111 985.085066318002 1 2 4 1 2 4 378 112 12 4 2 2 
1685809830.1578786 20.7068359375 47.40370476893311 985.085066318002 0 1 3 0 1 3 378 112 12 4 2 2 
1685809835.3099174 20.6966796875 47.65802626011293 985.0352241059004 0 1 3 0 1 3 378 112 12 4 2 2 
1685809840.4637034 20.7017578125 47.498222151866614 985.0520591187163 1 2 3 1 2 3 399 119 19 4 2 2 
1685809845.615556 20.7017578125 47.60471001406439 985.0604766277482 1 2 3 1 2 3 399 119 19 4 2 2 
1685809850.763226 20.6916015625 47.69921497993725 985.0439732095625 2 3 4 2 3 4 399 119 19 4 2 2 
1685809855.9143245 20.6865234375 47.657805531020166 985.0554261221191 1 3 4 1 3 4 369 112 21 4 2 2 
1685809861.0628393 20.6865234375 47.58097363717169 985.0628229181614 1 3 4 1 3 4 369 112 21 4 2 2 
1685809866.2115927 20.6916015625 47.56906929930026 985.042621223931 0 2 3 0 2 3 369 112 21 4 2 2 
1685809871.3622062 20.6865234375 47.557310062287286 985.0725925110066 1 3 3 1 3 3 381 109 25 2 0 0 
1685809876.5119464 20.6916015625 47.49807864647686 985.034866665117 1 2 2 1 2 2 360 100 16 2 0 0 
1685809881.663895 20.6763671875 47.5689213327172 985.0695568184774 0 1 1 0 1 1 360 100 16 2 0 0 
1685809886.8123283 20.6865234375 47.639762002236914 985.0550680298034 0 1 1 0 1 1 360 100 16 2 0 0 
1685809891.961538 20.6763671875 47.52751126534954 985.0601183725494 0 2 2 0 2 2 366 104 18 2 0 0 
1685809897.1124623 20.6814453125 47.49793233702908 985.0419316389765 0 2 2 0 2 2 366 104 18 2 0 0 
1685809902.2662022 20.6814453125 47.5689213327172 985.034866665117 1 3 3 1 3 3 366 104 18 2 0 0 
1685809907.4195364 20.6712890625 47.610257817815985 985.0264494328048 1 2 2 1 2 2 333 95 18 2 0 0 
1685809912.571774 20.6662109375 47.66933901807236 985.0823340597976 1 2 2 1 2 2 333 95 18 2 0 0 
1685809917.7214646 20.6662109375 47.74616339761425 985.0702190599305 1 2 2 1 2 2 333 95 18 2 0 0 
1685809922.8727875 20.6662109375 47.72250261165597 985.0405792963402 1 3 3 1 3 3 381 106 22 2 0 0 
1685809928.0236113 20.6662109375 47.663349926341574 985.0462913270651 1 3 3 1 3 3 381 106 22 2 0 0 
1685809933.1724129 20.6611328125 47.64560392005919 985.0604494101832 1 3 3 1 3 3 381 106 22 2 0 0 
1685809938.3229313 20.6662109375 47.811154296607825 985.0439461359506 1 3 3 1 3 3 387 109 20 2 0 0 
1685809943.476802 20.6662109375 47.639688564048335 985.032493247394 1 3 3 1 3 3 387 109 20 2 0 0 
1685809948.632569 20.6662109375 47.72265137394149 985.0355290374494 1 3 3 1 3 3 387 109 20 2 0 0 
1685809953.786106 20.6560546875 47.66342363548914 985.0025231370511 1 3 3 1 3 3 444 131 32 2 0 0 
1685809958.9392862 20.6611328125 47.568630853105006 985.0590969176609 1 3 3 1 3 3 444 131 32 2 0 0 
1685809964.092722 20.6560546875 47.82889923518877 985.0311407944001 1 3 3 1 3 3 465 138 34 2 0 0 
1685809969.2453742 20.6611328125 47.852559009216264 985.0594277496208 1 3 3 1 3 3 465 138 34 2 0 0 
1685809974.3987541 20.6560546875 47.539053639891684 985.0493273091868 1 3 3 1 3 3 465 138 34 2 0 0 
1685809979.5512094 20.6662109375 47.69876753468012 985.0456295558606 1 3 3 1 3 3 453 131 32 2 0 0 
1685809984.7016542 20.6712890625 47.66342363548914 985.0624637588107 1 3 3 1 3 3 453 131 32 2 0 0 
1685809989.858755 20.6662109375 47.710672156926655 985.074247705039 2 4 4 2 4 4 453 131 32 2 0 0 
1685809995.0127685 20.6662109375 47.66342363548914 985.050679816011 2 4 4 2 4 4 474 138 32 4 0 0 
1685810000.165357 20.6560546875 47.76383400756775 985.0358600591929 2 4 4 2 4 4 474 138 32 4 0 0 
1685810005.319326 20.6611328125 47.73425849244527 985.0159902674022 2 4 4 2 4 4 474 138 32 4 0 0 
1685810010.471515 20.6509765625 47.63377319774579 985.0563916853239 0 3 3 0 3 3 423 126 32 4 0 0 
1685810015.6286812 20.6509765625 47.627637848398415 985.0166520881842 0 3 3 0 3 3 423 126 32 4 0 0 
1685810020.781917 20.6560546875 47.751929085640356 985.0345075789469 0 3 3 0 3 3 423 126 32 4 0 0 
1685810025.932474 20.6611328125 47.562642851955744 985.0328241866384 0 3 3 0 3 3 402 128 34 4 0 0 
1685810031.0860195 20.6560546875 47.74601405035167 985.0365217738487 0 3 3 0 3 3 402 128 34 4 0 0 
1685810036.2393932 20.6560546875 47.62778450767218 985.0395577562921 1 3 3 1 3 3 342 94 28 4 0 0 
1685810041.3915372 20.6458984375 47.84072914278544 985.0156591925985 1 3 3 1 3 3 342 94 28 4 0 0 
1685810046.54386 20.6408203125 47.66312873426936 985.0331550162737 1 3 3 1 3 3 342 94 28 4 0 0 
1685810051.6959856 20.6408203125 47.75784411063781 984.9846681760355 0 3 3 0 3 3 306 85 28 4 0 0 
1685810056.849285 20.6560546875 47.73425849244527 984.9930849925732 0 3 3 0 3 3 306 85 28 4 0 0 
1685810062.0027063 20.6458984375 47.639321211530635 984.996451719678 0 3 3 0 3 3 306 85 28 4 0 0 
1685810067.1560504 20.6560546875 47.621722664734804 985.0365217738487 0 2 2 0 2 2 285 78 28 4 0 0 
1685810072.3133488 20.6509765625 47.59229243842939 985.0143068758634 0 2 2 0 2 2 285 78 28 4 0 0 
1685810077.466814 20.6458984375 47.698470921563406 985.006220965749 0 2 2 0 2 2 285 78 28 4 0 0 
1685810082.6211371 20.6408203125 47.668970025923045 985.0318023711757 0 3 3 0 3 3 297 85 37 4 0 0 
1685810087.7747746 20.6408203125 47.71643871953992 985.0183551821584 0 3 3 0 3 3 297 85 37 4 0 0 
1685810092.9260418 20.6357421875 47.76952419752749 985.0301190061189 0 3 3 0 3 3 297 85 37 4 0 0 
1685810098.0772343 20.6458984375 47.67488505951991 985.0001691018693 1 3 3 1 3 3 327 95 40 4 0 0 
1685810103.2296596 20.6408203125 47.68671509584137 985.0048685386646 1 3 3 1 3 3 327 95 40 4 0 0 
1685810108.3810928 20.6458984375 47.81100343764071 985.0166520881842 1 3 3 1 3 3 327 95 40 4 0 0 
1685810113.5319488 20.6509765625 47.745939360563334 985.0133051311494 1 3 3 1 3 3 312 90 36 4 0 0 
1685810118.6841016 20.6509765625 47.69270418949299 985.0028542106927 2 4 6 2 4 6 567 170 37 4 2 2 
1685810123.8373003 20.6408203125 47.680947982955445 985.0015018108601 2 4 6 2 4 6 567 170 37 4 2 2 
1685810128.9855607 20.6408203125 47.75776928537811 985.0116019951132 2 4 6 2 4 6 567 170 37 4 2 2 
1685810134.1360278 20.6458984375 47.74009900477177 985.028104880436 2 4 5 2 4 5 573 172 39 4 0 0 
1685810139.2884257 20.6458984375 47.79325881283872 985.0092567016669 2 4 5 2 4 5 573 172 39 4 0 0 
1685810144.4376976 20.6458984375 47.876066269508605 985.0099186308961 2 4 5 2 4 5 573 172 39 4 0 0 
1685810149.587467 20.6458984375 47.77551409541786 984.9813014499102 2 4 5 2 4 5 582 172 34 4 0 0 
1685810154.7374332 20.6509765625 47.59214659205193 984.976251361247 2 4 5 2 4 5 582 172 34 4 0 0 
1685810159.891848 20.6458984375 47.60397705199804 984.9543676509829 2 4 5 2 4 5 582 172 34 4 0 0 
1685810165.0435581 20.6458984375 47.781429011515804 984.9944373242766 2 4 5 2 4 5 576 170 36 4 0 0 
1685810170.1920936 20.6458984375 47.72235380628472 985.0079043433819 1 3 4 1 3 4 576 170 36 4 0 0 
1685810175.3413887 20.6560546875 47.627564502604 984.9994874559164 1 3 4 1 3 4 576 170 36 4 0 0 
1685810180.4943323 20.6509765625 47.69869339755819 985.0025231370511 1 2 3 1 2 3 534 154 25 4 0 0 
1685810185.64793 20.6458984375 47.72235380628472 984.9826536862328 2 3 4 2 3 4 534 154 25 4 0 0 
1685810190.799006 20.6560546875 47.87629477695977 984.9870413155037 2 3 4 2 3 4 534 154 25 4 0 0 
1685810195.9495661 20.6560546875 47.54482434062798 984.9567400559145 2 3 4 2 3 4 555 161 25 4 0 0 
1685810201.1002483 20.6662109375 47.610184729103175 984.9668404732587 0 1 1 0 1 1 372 110 22 0 0 0 
1685810206.2497494 20.6712890625 47.6990639754529 984.9577600583799 0 1 1 0 1 1 360 108 24 0 0 0 
1685810211.4038937 20.6916015625 47.6280776969595 984.9685484312946 0 1 1 0 1 1 360 108 24 0 0 0 
1685810216.5588348 20.6966796875 47.616541792885876 984.9601310770672 0 1 1 0 1 1 360 108 24 0 0 0 
1685810221.7075958 20.7017578125 47.533574158160505 984.9934686092886 0 2 2 0 2 2 375 113 28 0 0 0 
1685810226.8515332 20.6916015625 47.65772910220885 984.9705638776951 0 2 2 0 2 2 375 113 28 0 0 0 
1685810232.0006418 20.6763671875 47.61617336076789 984.9698757291739 0 2 2 0 2 2 375 113 28 0 0 0 
1685810237.1512723 20.6865234375 47.681317544777016 984.9675288556007 0 2 2 0 2 2 384 116 28 0 0 0 
1685810242.3034081 20.6763671875 47.604269243600626 984.947991316732 1 3 3 1 3 3 384 116 28 0 0 0 
1685810247.4549098 20.6662109375 47.5865227253414 984.9665088957207 1 3 3 1 3 3 384 116 28 0 0 0 
1685810252.6092768 20.6611328125 47.6396151150881 984.9469712716855 1 3 3 1 3 3 384 123 28 2 0 0 
1685810257.7589173 20.6560546875 47.64567742598787 984.9368709407142 0 2 2 0 2 2 384 123 28 2 0 0 
1685810262.9082363 20.6611328125 47.693000445485936 984.9631420625476 0 2 2 0 2 2 384 123 28 2 0 0 
1685810268.059598 20.6662109375 47.69314850885335 984.961126918245 0 2 2 0 2 2 363 116 28 2 0 0 
1685810273.2074058 20.6662109375 47.698841661030556 984.9500064457509 0 2 2 0 2 2 363 116 28 2 0 0 
1685810278.3567765 20.6763671875 47.65166640234381 984.9715591460051 1 3 3 1 3 3 363 116 28 2 0 0 
1685810283.5088618 20.6611328125 47.66342363548914 984.9527097691067 0 1 1 0 1 1 342 101 17 0 0 0 
1685810288.660868 20.6763671875 47.7579937288432 984.9729109299775 0 1 1 0 1 1 342 101 17 0 0 0 
1685810293.8114948 20.6712890625 47.59243824171974 984.961458646066 1 1 1 1 1 1 363 110 19 0 0 0 
1685810298.9651098 20.6611328125 47.72242821435606 984.9678606388152 1 1 1 1 1 1 363 110 19 0 0 0 
1685810304.11755 20.6560546875 47.73425849244527 984.9213886150458 1 1 1 1 1 1 363 110 19 0 0 0 
1685810309.2671428 20.6662109375 47.675106690340826 984.9237355474392 1 1 1 1 1 1 393 115 19 0 0 0 
1685810314.4160378 20.6509765625 47.52145136591216 984.9665088957207 2 2 2 2 2 2 393 115 19 0 0 0 
1685810319.5668528 20.6662109375 47.663276206422424 984.9617902642716 2 2 2 2 2 2 393 115 19 0 0 0 
1685810324.7183657 20.6560546875 47.69861924966476 984.923403836671 2 2 2 2 2 2 381 115 21 0 0 0 
1685810329.8642368 20.6560546875 47.71643871953992 984.9486546604254 1 1 1 1 1 1 381 115 21 0 0 0 
1685810335.0163672 20.6560546875 47.58053443789653 984.9452878830152 1 1 1 1 1 1 381 115 21 0 0 0 
1685810340.168747 20.6509765625 47.822908706389086 984.9250872244316 1 1 1 1 1 1 390 115 21 0 0 0 
1685810345.3198783 20.6560546875 47.72841782358308 984.9102685563207 1 1 1 1 1 1 390 115 21 0 0 0 
1685810350.4740133 20.6611328125 47.72841782358308 984.9250872244316 2 2 2 2 2 2 390 115 21 0 0 0 
1685810355.625272 20.6509765625 47.55679999869405 984.9072335459589 2 2 2 2 2 2 369 110 21 0 0 0 
1685810360.7778037 20.6560546875 47.66926524118564 984.9382226306587 2 2 2 2 2 2 369 110 21 0 0 0 
1685810365.9311876 20.6662109375 47.49771693227912 984.9335041642838 0 2 2 0 2 2 369 112 27 6 0 0 
1685810371.0845702 20.6560546875 47.75791892512617 984.9617902642716 0 2 2 0 2 2 369 112 27 6 0 0 
1685810376.236954 20.6560546875 47.82305981474626 984.943272836707 0 2 2 0 2 2 348 105 25 6 0 0 
1685810381.3904688 20.6509765625 47.615807470780204 984.9190170670724 0 2 2 0 2 2 348 105 25 6 0 0 
1685810386.5439312 20.6509765625 47.92346063232987 984.9170020513203 0 2 2 0 2 2 348 105 25 6 0 0 
1685810391.6978116 20.6560546875 47.6513720861264 984.960438383565 0 2 3 0 2 3 369 115 25 6 0 0 
1685810396.8514075 20.6408203125 47.834662793302854 984.9156503464044 0 2 3 0 2 3 369 115 25 6 0 0 
1685810402.004693 20.6509765625 47.64545687588692 984.9436044944152 1 3 4 1 3 4 369 115 25 6 0 0 
1685810407.1573641 20.6458984375 47.81691829199272 984.9375340357487 2 3 4 2 3 4 390 117 23 6 0 0 
1685810412.3111398 20.6509765625 47.816842778619176 984.9176857161868 2 3 4 2 3 4 390 117 23 6 0 0 
1685810417.464571 20.6408203125 47.67488505951991 984.9510212204805 1 2 3 1 2 3 390 117 23 6 0 0 
1685810422.6192832 20.6458984375 47.76967412975905 984.8988167472626 1 2 2 1 2 2 390 117 19 6 0 0 
1685810427.772128 20.6509765625 47.69270418949299 984.965157070193 1 2 2 1 2 2 390 117 19 6 0 0 
1685810432.9249015 20.6458984375 47.752003832393136 984.9648254790992 2 3 3 2 3 3 390 117 19 6 0 0 
1685810438.0788348 20.6560546875 47.64545687588692 984.948323043385 2 3 3 2 3 3 381 114 17 6 0 0 
1685810443.2311838 20.6712890625 47.929605662721634 984.9348558269764 2 3 3 2 3 3 381 114 17 6 0 0 
1685810448.3846312 20.6560546875 47.84072914278544 984.9496747326538 2 4 4 2 4 4 528 157 28 2 0 0 
1685810453.5374103 20.6662109375 47.7935596748838 984.9392423341242 2 4 4 2 4 4 528 157 28 2 0 0 
1685810458.6914668 20.6662109375 47.716661708228614 984.9584234586301 2 4 4 2 4 4 528 157 28 2 0 0 
1685810463.8449492 20.6611328125 47.79939956395616 984.9796446525066 2 4 4 2 4 4 507 152 33 2 0 0 
1685810468.99842 20.6662109375 47.70475691412446 984.9277903311274 2 4 4 2 4 4 507 152 33 2 0 0 
1685810474.152086 20.6560546875 47.84080489477602 984.947991316732 2 4 4 2 4 4 507 152 33 2 0 0 
1685810479.3044493 20.6560546875 47.91170772388281 984.928785670263 1 3 3 1 3 3 465 143 29 2 0 0 
1685810484.457881 20.6458984375 47.69876753468012 984.9510009273764 1 3 3 1 3 3 465 143 29 2 0 0 
1685810489.611234 20.6357421875 47.79325881283872 984.9510009273764 1 3 3 1 3 3 465 143 29 2 0 0 
1685810494.764409 20.6357421875 47.911554562050746 984.9712012732135 1 3 3 1 3 3 402 124 27 2 0 0 
1685810499.9186862 20.6408203125 47.70438583596885 984.9594379595685 1 3 3 1 3 3 402 124 27 2 0 0 
1685810505.0743463 20.6408203125 47.876066269508605 984.9577343748693 1 3 3 1 3 3 402 124 27 2 0 0 
1685810510.2252254 20.6458984375 47.71044933913532 984.9628046556933 1 2 2 1 2 2 348 110 23 2 0 0 
1685810515.37715 20.6509765625 47.69869339755819 984.9318207761734 1 2 2 1 2 2 348 110 23 2 0 0 
1685810520.5267253 20.6458984375 47.793409265403746 984.9486546604254 1 2 2 1 2 2 348 110 23 2 0 0 
1685810525.67712 20.6611328125 47.72242821435606 984.9587549943352 1 2 2 1 2 2 357 108 23 2 0 0 
1685810530.8298304 20.6763671875 47.59258400192297 984.9607950808067 0 1 1 0 1 1 261 76 23 2 0 0 
1685810535.977942 20.6712890625 47.710746407980835 984.947991316732 0 1 1 0 1 1 261 76 23 2 0 0 
1685810541.1299727 20.6662109375 47.663349926341574 984.9597752296544 1 2 2 1 2 2 261 76 23 2 0 0 
1685810546.2766254 20.6560546875 47.77551409541786 984.9766093969193 0 3 3 0 3 3 252 71 23 4 0 0 
1685810551.4269066 20.6712890625 47.693000445485936 984.9594434882774 0 3 3 0 3 3 252 71 23 4 0 0 
1685810556.5758474 20.6560546875 47.752153293584655 984.9412576537443 0 3 3 0 3 3 252 71 23 4 0 0 
1685810561.7276533 20.6662109375 47.80538997691332 984.956408397041 0 3 3 0 3 3 258 73 23 4 0 0 
1685810566.8813686 20.6560546875 47.7579937288432 984.9665088957207 0 3 3 0 3 3 258 73 23 4 0 0 
1685810572.0327916 20.6611328125 47.66926524118564 984.9681923124123 0 3 3 0 3 3 258 73 23 4 0 0 
1685810577.1840315 20.6611328125 47.78749423441947 984.9735740862208 1 3 3 1 3 3 279 80 25 4 0 0 
1685810582.3346734 20.6560546875 47.74009900477177 984.9422526675387 1 3 3 1 3 3 279 80 25 4 0 0 
1685810587.4852755 20.6458984375 47.87030373167656 984.9671719411842 1 3 3 1 3 3 279 80 25 4 0 0 
1685810592.6361482 20.6560546875 47.6396151150881 984.9257505092479 1 3 3 1 3 3 321 94 27 2 0 0 
1685810597.7872999 20.6458984375 47.91754589548667 984.9436044944152 1 3 3 1 3 3 321 94 27 2 0 0 
1685810602.9377918 20.6458984375 47.77566414157653 984.9553882160855 1 3 3 1 3 3 321 94 27 2 0 0 
1685810608.0896862 20.6458984375 47.84671990086922 984.9675032994996 None None None None None None None None None None None None 
1685810613.2418451 20.6560546875 47.80516394013342 984.9789556697112 1 1 1 1 1 1 276 82 14 0 0 0 
1685810618.392732 20.6611328125 47.74017361605268 984.9422526675387 1 1 1 1 1 1 276 82 14 0 0 0 
1685810623.5419934 20.6560546875 47.615880670321175 984.9402377174249 1 1 1 1 1 1 276 82 14 0 0 0 
1685810628.693619 20.6560546875 47.62778450767218 984.9594434882774 1 1 1 1 1 1 291 87 12 0 0 0 
1685810633.8445385 20.6560546875 47.80523929649793 984.986709900637 1 1 1 1 1 1 291 87 12 0 0 0 
1685810638.9962392 20.6560546875 47.828823607891856 984.9907394016668 1 1 1 1 1 1 291 87 12 0 0 0 
1685810644.1478124 20.6509765625 47.75185432811622 984.9691866755234 1 1 1 1 1 1 255 78 12 0 0 0 
1685810649.2988334 20.6408203125 47.83451134938833 984.9526842891447 1 1 1 1 1 1 255 78 12 0 0 0 
1685810654.448528 20.6458984375 47.6808740382765 984.9988251447998 1 1 1 1 1 1 255 78 12 0 0 0 
1685810659.5976806 20.6509765625 47.710597895101 984.9537048270655 1 1 1 1 1 1 249 76 14 0 0 0 
1685810664.751749 20.6560546875 47.929605662721634 984.9836745077632 1 1 1 1 1 1 249 76 14 0 0 0 
1685810669.903062 20.6560546875 47.69876753468012 984.9873726207584 1 1 1 1 1 1 249 76 14 0 0 0 
1685810675.0557117 20.6560546875 47.82889923518877 984.9782928140309 1 1 1 1 1 1 234 74 16 0 0 0 
1685810680.206576 20.6611328125 47.76989894732159 984.9298056219776 1 1 1 1 1 1 234 74 16 0 0 0 
1685810685.3597145 20.6560546875 47.73425849244527 984.9665088957207 1 1 1 1 1 1 234 74 16 0 0 0 
1685810690.511584 20.6611328125 47.8704559022025 984.956408397041 2 4 4 2 4 4 411 130 28 4 0 0 
1685810695.6626034 20.6712890625 47.85263489667072 984.9631420625476 2 4 4 2 4 4 411 130 28 4 0 0 
1685810700.813341 20.6662109375 47.82905045746916 984.9399060326048 1 3 3 1 3 3 384 120 23 4 0 0 
1685810705.9682345 20.6763671875 47.76989894732159 984.9715591460051 1 3 3 1 3 3 384 120 23 4 0 0 
1685810711.1232314 20.6712890625 47.69898988141695 984.9796446525066 1 3 3 1 3 3 384 120 23 4 0 0 
1685810716.2744622 20.6662109375 47.82298426595325 984.9766093969193 1 2 2 1 2 2 348 108 14 2 0 0 
1685810721.4272134 20.6560546875 47.8172202377751 984.9520214381155 1 2 2 1 2 2 348 108 14 2 0 0 
1685810726.5814652 20.6763671875 47.56877611445479 984.9978308560285 1 2 2 1 2 2 348 108 14 2 0 0 
1685810731.7322829 20.6712890625 47.81729569729274 984.9708957434176 1 2 2 1 2 2 369 108 14 2 0 0 
1685810736.8836503 20.6712890625 47.9532652787552 984.9722473352646 1 2 2 1 2 2 369 108 14 2 0 0 
1685810742.0373135 20.6763671875 47.66941278418749 984.9708957434176 1 2 2 1 2 2 369 108 14 2 0 0 
1685810747.184075 20.6814453125 47.78779473935779 984.9675288556007 1 2 2 1 2 2 399 115 14 2 0 0 
1685810752.3315606 20.6763671875 47.87644706140543 984.961126918245 1 2 2 1 2 2 399 115 14 2 0 0 
1685810757.4795384 20.6763671875 47.73440754722032 984.956408397041 1 2 2 1 2 2 399 115 14 2 0 0 
1685810762.6309867 20.6712890625 47.75814330396325 984.9826798529807 1 2 2 1 2 2 399 115 16 2 0 0 
1685810767.782512 20.6662109375 47.90586939575792 984.9897452383999 1 2 2 1 2 2 399 115 16 2 0 0 
1685810772.9381084 20.6611328125 47.775739148498936 984.9698757291739 0 1 2 0 1 2 411 119 20 2 0 0 
1685810778.0919456 20.6560546875 47.77581414465005 984.9702072795997 0 1 2 0 1 2 411 119 20 2 0 0 
1685810783.2451916 20.6712890625 47.621942434265605 984.9951269889928 0 1 1 0 1 1 363 105 18 2 0 0 
1685810788.397585 20.6712890625 47.71082064826356 985.0129818647439 0 1 1 0 1 1 363 105 18 2 0 0 
1685810793.5514855 20.6763671875 47.71089487777481 984.9725791874309 0 1 1 0 1 1 363 105 18 2 0 0 
1685810798.704486 20.6712890625 47.75821807536627 984.979976231212 0 1 1 0 1 1 369 107 18 0 0 0 
1685810803.8580964 20.6763671875 47.84103208612107 984.9809964085475 1 2 2 1 2 2 369 107 18 0 0 0 
1685810809.0113368 20.6865234375 47.6754758596112 984.961126918245 1 2 2 1 2 2 369 107 18 0 0 0 
1685810814.1646135 20.6916015625 47.734782859602774 984.9621465908976 1 2 2 1 2 2 333 95 18 0 0 0 
1685810819.3175972 20.6865234375 47.72287729573211 985.0082880999507 1 2 2 1 2 2 333 95 18 0 0 0 
1685810824.4710414 20.6966796875 47.858932415611505 984.9836996733129 1 2 2 1 2 2 333 95 18 0 0 0 
1685810829.6249866 20.6865234375 47.81752491204981 984.9853831449982 1 2 2 1 2 2 339 95 16 0 0 0 
1685810834.777832 20.7068359375 47.66386849643748 984.9483467840873 1 2 2 1 2 2 339 95 16 0 0 0 
1685810839.935033 20.6916015625 47.59872121025721 984.9662006265174 0 1 1 0 1 1 339 95 16 0 0 0 
1685810845.0883846 20.6966796875 47.65203688230972 984.9662006265174 0 1 1 0 1 1 345 104 14 0 0 0 
1685810850.2432914 20.7017578125 47.82366671952191 984.9773205321428 0 1 1 0 1 1 345 104 14 0 0 0 
1685810855.3967419 20.7017578125 47.77050086521712 984.9645171284897 1 2 2 1 2 2 369 99 28 2 0 0 
1685810860.5503128 20.7068359375 47.900644807237974 985.0059404785549 1 2 2 1 2 2 369 99 28 2 0 0 
1685810865.703833 20.6966796875 47.64626790926006 984.9722699554636 1 2 2 1 2 2 369 99 28 2 0 0 
1685810870.8573575 20.7017578125 47.67584759624115 984.9810199025795 1 2 3 1 2 3 378 102 28 4 0 0 
1685810876.0104194 20.7068359375 47.65218386724394 984.981352111915 1 2 3 1 2 3 378 102 28 4 0 0 
1685810881.1639268 20.6966796875 47.76451033901361 984.9880861072445 1 2 3 1 2 3 378 102 28 4 0 0 
1685810886.3186247 20.7017578125 47.83549787210044 984.958115426569 1 2 3 1 2 3 342 100 23 4 0 0 
1685810891.4721193 20.7017578125 47.5455505023555 984.9955070120911 1 2 3 1 2 3 342 100 23 4 0 0 
1685810896.6254597 20.6966796875 47.60471001406439 984.9847191094398 1 2 3 1 2 3 342 100 23 4 0 0 
1685810901.7781627 20.6966796875 47.669931679432594 984.9981871023379 1 2 4 1 2 4 351 100 25 6 2 2 
1685810906.9336643 20.7017578125 47.61668796493322 984.9928044900338 1 2 4 1 2 4 351 100 25 6 2 2 
1685810912.0878937 20.6966796875 47.83549787210044 985.0018860382941 1 2 4 1 2 4 351 100 25 6 2 2 
1685810917.242663 20.6966796875 47.758594644348015 984.9968355806808 1 3 5 1 3 5 321 93 29 8 2 2 
1685810922.3938313 20.7068359375 47.69951116053707 984.9928044900338 1 3 5 1 3 5 321 93 29 8 2 2 
1685810927.5462692 20.7017578125 47.758744046298155 985.00627259418 1 3 5 1 3 5 321 93 29 8 2 2 
1685810932.6955717 20.7068359375 47.62851997354545 985.0157094970175 1 3 5 1 3 5 300 89 27 8 2 2 
1685810937.8442223 20.7220703125 47.65218386724394 985.0305292357714 1 3 5 1 3 5 414 123 37 4 2 0 
1685810942.99166 20.7169921875 47.693595284903836 984.9985417030903 1 3 4 1 3 4 393 114 30 4 2 0 
1685810948.1452842 20.7220703125 47.62275023882915 985.0338963459442 1 3 4 1 3 4 393 114 30 4 2 0 
1685810953.2990758 20.7220703125 47.81782651149739 985.037263456397 1 3 4 1 3 4 393 114 30 4 2 0 
1685810958.4510753 20.7220703125 47.628593178893695 985.0170607978791 1 3 3 1 3 3 405 114 30 2 0 0 
1685810963.6015162 20.7169921875 47.68782715369478 985.0557825688913 1 3 3 1 3 3 405 114 30 2 0 0 
1685810968.7523167 20.7169921875 47.80614562585298 985.0170607978791 1 3 3 1 3 3 405 114 30 2 0 0 
1685810973.9031534 20.7220703125 47.51034172473042 985.0406305671298 1 3 3 1 3 3 372 104 23 4 0 0 
1685810979.0538373 20.72734375 47.72339739533144 985.0251462891746 1 3 3 1 3 3 372 104 23 4 0 0 
1685810984.2056274 20.7169921875 47.65817335898345 985.037263456397 1 3 3 1 3 3 372 104 23 4 0 0 
1685810989.35155 20.7119140625 47.68782715369478 985.0770049707874 1 3 3 1 3 3 420 121 25 4 0 0 
1685810994.5007415 20.7169921875 47.63458249781708 985.0423141226013 1 3 3 1 3 3 420 121 25 4 0 0 
1685810999.6528602 20.7119140625 47.70557518702323 985.05409901286 1 3 3 1 3 3 420 121 25 4 0 0 
1685811004.8019357 20.7220703125 47.65824689226131 985.0453491145665 1 3 3 1 3 3 426 116 23 4 0 0 
1685811009.956081 20.7169921875 47.58133700810086 985.0271621258784 1 3 3 1 3 3 426 116 23 4 0 0 
1685811015.1015134 20.7169921875 47.71163943108033 985.0338963459442 1 3 3 1 3 3 426 116 23 4 0 0 
1685811020.2531855 20.72734375 47.6464147156278 985.0170607978791 1 3 4 1 3 4 492 144 39 4 0 0 
1685811025.4039161 20.72734375 47.72339739533144 985.0483840513953 0 3 3 0 3 3 471 139 37 4 0 0 
1685811030.5586216 20.7169921875 47.599158442419274 985.0237950162654 0 3 3 0 3 3 471 139 37 4 0 0 
1685811035.7075922 20.7169921875 47.6759213435085 985.006959472399 1 4 4 1 4 4 471 139 37 4 0 0 
1685811040.8587263 20.7169921875 47.610990919245246 985.0251462891746 2 4 5 2 4 5 513 146 42 4 0 0 
1685811046.009689 20.72734375 47.72339739533144 984.9860915320437 2 4 5 2 4 5 513 146 42 4 0 0 
1685811051.1592405 20.7169921875 47.75881873111623 985.0621848100911 2 4 5 2 4 5 513 146 42 4 0 0 
1685811056.3081813 20.732421875 47.50456889582056 985.0281810616485 1 4 5 1 4 5 450 130 40 6 0 0 
1685811061.4606674 20.72734375 47.71762972513021 985.0096616632336 1 4 5 1 4 5 450 130 40 6 0 0 
1685811066.6124496 20.7375 47.6169801797674 984.9934910423447 1 4 5 1 4 5 450 130 40 6 0 0 
1685811071.7655418 20.72734375 47.60514758804733 985.0531025297147 0 3 3 0 3 3 423 123 38 6 0 0 
1685811076.919377 20.72734375 47.764884101781654 984.997876595924 0 3 3 0 3 3 423 123 38 6 0 0 
1685811082.0722177 20.72734375 47.652477707853 985.0015763389544 0 3 3 0 3 3 423 123 38 6 0 0 
1685811087.2219222 20.72734375 47.74706144306395 984.9968581494385 0 2 3 0 2 3 381 109 36 6 0 0 
1685811092.370476 20.7375 47.682132470071394 985.0342504411751 0 2 3 0 2 3 381 109 36 6 0 0 
1685811097.519757 20.72734375 47.61113684809255 985.0291996131355 0 2 3 0 2 3 381 109 36 6 0 0 
1685811102.6688857 20.732421875 47.54598401176048 985.0073126989087 1 3 3 1 3 3 345 101 50 2 0 0 
1685811107.8200517 20.72734375 47.5697220506533 985.0342504411751 1 3 3 1 3 3 345 101 50 2 0 0 
1685811112.9743426 20.742578125 47.72953636417429 985.0221324427272 1 3 3 1 3 3 318 96 45 2 0 0 
1685811118.1236293 20.742578125 47.56387801616462 985.0268505076111 1 3 3 1 3 3 318 96 45 2 0 0 
1685811123.2746196 20.74765625 47.62895904405978 985.0174143501589 1 3 3 1 3 3 318 96 45 2 0 0 
1685811128.425956 20.74765625 47.79461422113321 985.0157307414422 1 3 3 1 3 3 291 84 43 2 0 0 
1685811133.577827 20.74765625 47.49302226490067 985.0453705109727 1 3 3 1 3 3 291 84 43 2 0 0 
1685811138.7290833 20.752734375 47.61719922779012 985.0325668317586 1 3 3 1 3 3 291 84 43 2 0 0 
1685811143.8775737 20.74765625 47.66453080864992 985.0386359633159 1 3 3 1 3 3 297 81 43 2 0 0 
1685811149.0316124 20.742578125 47.67621622486239 985.0460357090504 1 3 3 1 3 3 297 81 43 2 0 0 
1685811154.1808548 20.74765625 47.629105314724484 985.0702925144858 1 3 3 1 3 3 297 81 43 2 0 0 
1685811159.3354142 20.752734375 47.617126222554255 985.0473867883703 1 3 3 1 3 3 270 74 36 2 0 0 
1685811164.4888604 20.7375 47.629105314724484 985.0356014251105 1 3 3 1 3 3 270 74 36 2 0 0 
1685811169.6359017 20.752734375 47.469283790716176 985.0473867883703 1 3 3 1 3 3 270 74 36 2 0 0 
1685811174.787338 20.742578125 47.640791824384316 985.0238160652801 1 2 2 1 2 2 258 70 29 0 0 0 
1685811179.9392474 20.74765625 47.58761665514952 985.0221324427272 1 2 2 1 2 2 258 70 29 0 0 0 
1685811185.0942082 20.752734375 47.747433974368235 985.0605232472948 1 2 2 1 2 2 336 96 8 0 0 0 
1685811190.2464933 20.74765625 47.747359489650094 985.0470541480618 1 2 2 1 2 2 336 96 8 0 0 0 
1685811195.4000106 20.742578125 47.73552694448159 985.0389686714062 1 2 2 1 2 2 336 96 8 0 0 0 
1685811200.552908 20.74765625 47.55233394379708 985.0285341439303 1 2 2 1 2 2 366 101 10 0 0 0 
1685811205.7060819 20.752734375 47.59952250633105 985.0366194952755 1 2 2 1 2 2 366 101 10 0 0 0 
1685811210.8595104 20.74765625 47.806671911129456 985.0298848947929 1 2 2 1 2 2 366 101 10 0 0 0 
1685811216.0121517 20.74765625 47.457592597719746 984.9965450658319 1 2 2 1 2 2 408 113 12 0 0 0 
1685811221.1654968 20.74765625 47.569939440544616 985.0063138019227 1 2 2 1 2 2 408 113 12 0 0 0 
1685811226.318096 20.752734375 47.593678626490046 985.0217995990731 1 2 2 1 2 2 408 113 12 0 0 0 
1685811231.4735947 20.752734375 47.68834395590498 985.0100141482675 1 2 2 1 2 2 393 106 14 0 0 0 
1685811236.62698 20.752734375 47.77124869111081 985.0467213980991 1 2 2 1 2 2 393 106 14 0 0 0 
1685811241.784205 20.752734375 47.61749114101652 985.0015959712204 1 2 2 1 2 2 393 106 14 0 0 0 
1685811246.937847 20.7578125 47.55233394379708 985.0211335827985 1 2 2 1 2 2 414 113 16 0 0 0 
1685811252.0915763 20.7578125 47.52282166699097 985.0056473223154 1 2 2 1 2 2 414 113 16 0 0 0 
1685811257.244882 20.762890625 47.57001188229807 985.057841315469 1 2 2 1 2 2 414 113 16 0 0 0 
1685811262.398158 20.762890625 47.70010300470529 985.0127152677378 1 2 2 1 2 2 378 101 12 0 0 0 
1685811267.551503 20.76796875 47.74181519940888 985.0187834376198 1 3 3 1 3 3 360 106 22 4 0 0 
1685811272.7043624 20.783203125 47.60587601627988 985.0389877254196 1 3 3 1 3 3 360 106 22 4 0 0 
1685811277.8577762 20.778125 47.38708111880798 985.0305692709449 1 3 3 1 3 3 360 106 22 4 0 0 
1685811283.0104702 20.783203125 47.33960132960175 985.0352870734752 0 1 2 0 1 2 354 104 22 4 0 0 
1685811288.1646478 20.773046875 47.62348091474218 985.0507735646239 0 1 2 0 1 2 354 104 22 4 0 0 
1685811293.3182187 20.76796875 47.676731852527105 985.0154160572997 0 1 2 0 1 2 354 104 22 4 0 0 
1685811298.471677 20.778125 47.51120296106348 985.0299025400495 0 2 2 0 2 2 354 111 20 4 0 0 
1685811303.6250815 20.783203125 47.52303723712545 985.0231676692778 1 3 3 1 3 3 354 111 20 4 0 0 
1685811308.7779005 20.783203125 47.44026732644229 985.0383211300895 1 3 3 1 3 3 354 111 20 4 0 0 
1685811313.9306602 20.773046875 47.469640187269945 985.0383211300895 1 3 4 1 3 4 396 123 24 4 0 0 
1685811319.0846245 20.778125 47.52310907229304 985.0548249888158 1 3 4 1 3 4 396 123 24 4 0 0 
1685811324.2393243 20.778125 47.52303723712545 985.0329364730176 1 3 4 1 3 4 396 123 24 4 0 0 
1685811329.391832 20.783203125 47.5290262626235 985.0157654131467 1 3 4 1 3 4 381 118 24 4 0 0 
1685811334.5443213 20.78828125 47.67110925929754 985.0110479690488 1 3 4 1 3 4 381 118 24 4 0 0 
1685811339.6959958 20.778125 47.52310907229304 985.0363039362165 1 3 4 1 3 4 381 118 24 4 0 0 
1685811344.848198 20.78828125 47.67110925929754 985.0262015474597 1 2 2 1 2 2 324 101 20 2 0 0 
1685811349.9995522 20.778125 47.45801929903126 985.0514575240768 1 3 4 1 3 4 432 118 23 4 2 0 
1685811355.1500626 20.783203125 47.46985389593703 985.0376540960805 1 3 4 1 3 4 453 125 23 4 2 0 
1685811360.301943 20.778125 47.576290969696025 985.0299025400495 1 3 4 1 3 4 453 125 23 4 2 0 
1685811365.4564214 20.78828125 47.49944020799743 985.0363039362165 1 3 4 1 3 4 453 125 23 4 2 0 
1685811370.6074817 20.778125 47.546705665683746 985.048090059618 1 3 4 1 3 4 453 128 27 4 2 0 
1685811375.7579653 20.783203125 47.51127466073998 985.054491552541 1 3 4 1 3 4 453 128 27 4 2 0 
1685811380.907422 20.78828125 47.659275227133854 985.0096979310937 1 3 4 1 3 4 453 128 27 4 2 0 
1685811386.0578723 20.778125 47.59404202853775 985.0531412564113 1 3 3 1 3 3 417 119 25 2 0 0 
1685811391.2096562 20.793359375 47.42843262656278 985.0379876679211 1 3 3 1 3 3 417 119 25 2 0 0 
1685811396.3602169 20.78828125 47.52325271031235 985.0292353704752 0 2 2 0 2 2 417 119 25 2 0 0 
1685811401.5119526 20.7984375 47.71829684555123 985.0359703508195 0 1 1 0 1 1 360 100 16 2 0 0 
1685811406.6651785 20.78828125 47.57650827197791 985.0208166466199 0 1 1 0 1 1 360 100 16 2 0 0 
1685811411.816962 20.7984375 47.546849867205694 985.033952897 1 2 2 1 2 2 360 100 16 2 0 0 
1685811416.9675708 20.7984375 47.511418027777026 985.0410215868127 1 2 2 1 2 2 324 86 14 2 0 0 
1685811422.1183512 20.7984375 47.34572814718731 985.036986623373 1 2 2 1 2 2 324 86 14 2 0 0 
1685811427.2654734 20.793359375 47.57051867296096 985.0777306471884 1 2 2 1 2 2 324 86 14 2 0 0 
1685811432.416772 20.793359375 47.31607037654612 985.0194666230216 1 2 2 1 2 2 348 106 14 0 0 0 
1685811437.5680068 20.803515625 47.62377288350015 985.0494403148679 1 2 2 1 2 2 348 106 14 0 0 0 
1685811442.7209635 20.793359375 47.60602157266558 985.0410215868127 1 2 2 1 2 2 375 113 16 0 0 0 
1685811447.8721895 20.793359375 47.56452918836146 985.0285677622015 1 2 2 1 2 2 375 113 16 0 0 0 
1685811453.0239983 20.7984375 47.62990903320593 985.0191329020588 1 2 2 1 2 2 375 113 16 0 0 0 
1685811458.17511 20.7984375 47.487819935507595 985.0420379409156 1 2 2 1 2 2 363 109 12 0 0 0 
1685811463.3243618 20.803515625 47.49373739086221 985.0555081241096 1 2 2 1 2 2 363 109 12 0 0 0 
1685811468.4729445 20.803515625 47.546921951808834 985.0258678807231 1 2 2 1 2 2 363 109 12 0 0 0 
1685811473.6239192 20.7984375 47.40490403134691 985.033952897 1 2 2 1 2 2 357 107 14 0 0 0 
1685811478.7758715 20.7984375 47.47598499390411 985.0373204145654 1 2 2 1 2 2 357 107 14 0 0 0 
1685811483.925375 20.7984375 47.58841527599694 985.0622432173866 1 2 2 1 2 2 357 107 14 0 0 0 
1685811489.0771117 20.7984375 47.564673774803815 985.0588756706081 1 2 2 1 2 2 369 112 16 0 0 0 
1685811494.226871 20.793359375 47.32198799503813 985.0262015474597 1 2 2 1 2 2 369 112 16 0 0 0 
1685811499.3772361 20.793359375 47.434420789840445 985.0477565691169 1 2 2 1 2 2 369 112 16 0 0 0 
1685811504.5288906 20.78828125 47.51733537419361 985.0908673763089 1 2 2 1 2 2 363 110 16 0 0 0 
1685811509.6793828 20.78828125 47.51726362831538 985.0289016211772 1 2 2 1 2 2 363 110 16 0 0 0 
1685811514.8303757 20.793359375 47.552767084090924 985.0228340851006 1 2 2 1 2 2 294 85 24 2 0 0 
1685811519.9814029 20.7984375 47.59418731395448 985.0225003912509 1 2 2 1 2 2 294 85 24 2 0 0 
1685811525.1332579 20.78828125 47.60602157266558 985.0201489027803 1 2 2 1 2 2 294 85 24 2 0 0 
1685811530.2816875 20.783203125 47.446184660935984 985.0107141803035 1 2 2 1 2 2 300 89 22 2 0 0 
1685811535.4355695 20.793359375 47.41666849043535 985.0346202045822 1 2 2 1 2 2 300 89 22 2 0 0 
1685811540.5839272 20.793359375 47.493665926740206 985.0171153133737 1 2 2 1 2 2 300 89 22 2 0 0 
1685811545.7333772 20.7984375 47.38708111880798 985.005329009 1 2 2 1 2 2 315 94 22 2 0 0 
1685811550.8863335 20.793359375 47.5588287200896 985.0221665877266 1 2 2 1 2 2 315 94 22 2 0 0 
1685811556.038503 20.78828125 47.40483357267723 985.0487730319527 1 2 2 1 2 2 315 94 22 2 0 0 
1685811561.1882224 20.7984375 47.582497985411635 985.020482829539 1 2 2 1 2 2 303 91 22 2 0 0 
1685811566.3406863 20.78828125 47.511418027777026 985.0225003912509 1 2 2 1 2 2 303 91 22 2 0 0 
1685811571.4906054 20.793359375 47.36341103614912 985.0305853797148 1 2 2 1 2 2 303 91 22 2 0 0 
1685811576.643825 20.803515625 47.45816144662473 985.0302515342959 1 2 2 1 2 2 282 79 17 2 0 0 
1685811581.7924943 20.803515625 47.49965483591875 984.9918589510585 1 2 2 1 2 2 282 79 17 2 0 0 
1685811586.9440172 20.793359375 47.36341103614912 985.0319353064601 1 2 2 1 2 2 282 79 17 2 0 0 
1685811592.093622 20.793359375 47.47598499390411 985.0090304361623 1 2 2 1 2 2 267 81 19 2 0 0 
1685811597.2464879 20.7984375 47.52325271031235 985.0326028605075 1 1 2 1 1 2 234 71 10 2 2 0 
1685811602.3999724 20.7984375 47.47584246136935 985.0191329020588 1 1 2 1 1 2 234 71 10 2 2 0 
1685811607.5534136 20.793359375 47.57658068452825 985.0258678807231 1 1 2 1 1 2 234 71 10 2 2 0 
1685811612.7059693 20.803515625 47.647514390003415 985.0208166466199 0 1 2 0 1 2 225 68 10 2 2 0 
1685811617.8593948 20.80859375 47.47598499390411 985.0386703958171 0 1 2 0 1 2 225 68 10 2 2 0 
1685811623.0167603 20.803515625 47.351645781943574 985.0100462737847 0 1 2 0 1 2 225 68 10 2 2 0 
1685811628.1700857 20.803515625 47.57059102853978 985.0019614940945 1 1 2 1 1 2 267 82 8 2 2 0 
1685811633.3251748 20.803515625 47.41666849043535 985.0235164463389 1 1 2 1 1 2 267 82 8 2 2 0 
1685811638.4786358 20.7984375 47.47605624401337 985.0033111891877 1 1 2 1 1 2 267 82 8 2 2 0 
1685811643.6320105 20.793359375 47.647734034044745 985.018131081111 1 2 3 1 2 3 300 91 10 4 2 0 
1685811648.7847416 20.7984375 47.5113463496445 985.0386703958171 1 2 3 1 2 3 300 91 10 4 2 0 
1685811653.9381857 20.80859375 47.47591373302277 985.011730045109 1 2 3 1 2 3 300 91 10 4 2 0 
1685811659.0921457 20.80859375 47.62998203389242 985.0194807202205 1 2 3 1 2 3 294 91 10 4 2 0 
1685811664.2446458 20.803515625 47.53515928999824 985.0265500079653 1 2 3 1 2 3 294 91 10 4 2 0 
1685811669.3972783 20.793359375 47.47584246136935 985.057191897324 1 2 3 1 2 3 294 91 10 4 2 0 
1685811674.5511174 20.7984375 47.41666849043535 985.0454054862942 1 2 3 1 2 3 303 91 10 4 2 0 
1685811679.703587 20.7984375 47.452172996567064 985.0494403148679 1 1 2 1 1 2 228 74 10 2 2 0 
1685811684.8572226 20.783203125 47.55868429067855 985.0326028605075 1 1 3 1 1 3 276 88 14 2 2 0 
1685811690.0095005 20.7984375 47.40476310323528 985.0046467804294 1 1 3 1 1 3 276 88 14 2 2 0 
1685811695.1628966 20.78828125 47.57051867296096 985.05280780658 1 1 3 1 1 3 276 88 14 2 2 0 
1685811700.31753 20.78828125 47.534871471998876 985.0029630636815 1 2 3 1 2 3 288 92 19 4 2 0 
1685811705.4710066 20.778125 47.463865444930114 985.0083478106513 1 2 3 1 2 3 288 92 19 4 2 0 
1685811710.6215339 20.773046875 47.57037392948784 985.0282188222517 1 2 3 1 2 3 288 92 19 4 2 0 
1685811715.7749836 20.778125 47.39278757958761 984.998245591712 1 2 2 1 2 2 288 92 19 2 0 0 
1685811720.9272285 20.76796875 47.52895435971073 985.0467397218791 1 2 2 1 2 2 288 92 19 2 0 0 
1685811726.0810812 20.778125 47.741889562533835 985.0265351045236 1 2 2 1 2 2 288 92 19 2 0 0 
1685811731.2345748 20.773046875 47.51120296106348 985.0063304972475 1 2 2 1 2 2 297 92 21 2 0 0 
1685811736.3886666 20.778125 47.629470802882 985.0133989210659 1 2 2 1 2 2 297 92 21 2 0 0 
1685811741.5420117 20.773046875 47.7656308194694 985.0433722849532 1 2 2 1 2 2 297 92 21 2 0 0 
1685811746.6949434 20.76796875 47.68264857190877 985.0389877254196 0 1 1 0 1 1 276 87 19 2 0 0 
1685811751.843971 20.773046875 47.475485941521065 985.0373040343845 0 1 1 0 1 1 276 87 19 2 0 0 
1685811756.9972084 20.7578125 47.528738586340786 985.0292187947655 0 1 1 0 1 1 276 87 19 2 0 0 
1685811762.145965 20.762890625 47.57008431327968 985.031235563181 2 3 3 2 3 3 417 129 33 2 0 0 
1685811767.2967393 20.74765625 47.71193580889535 985.0248339451659 2 3 3 2 3 3 417 129 33 2 0 0 
1685811772.446224 20.7375 47.65868786572492 985.0170815754881 2 3 4 2 3 4 417 129 36 2 0 0 
1685811777.5978286 20.7578125 47.61734520594673 985.0214666457645 2 3 4 2 3 4 417 129 36 2 0 0 
1685811782.7488844 20.752734375 47.55817844842634 985.0032796064896 2 3 4 2 3 4 417 129 36 2 0 0 
1685811787.902696 20.74765625 47.664677870654195 984.9904766190905 2 3 3 2 3 3 402 129 34 2 0 0 
1685811793.0547671 20.742578125 47.765033531489685 985.0089963072754 2 3 3 2 3 3 402 129 34 2 0 0 
1685811798.2087574 20.74765625 47.770949690008884 985.0015959712204 2 3 3 2 3 3 402 129 34 2 0 0 
1685811803.3602867 20.74765625 47.63487543936967 984.9972110501778 1 3 3 1 3 3 375 120 25 0 0 0 
1685811808.5114899 20.74765625 47.753201183565544 984.9685897257897 1 3 3 1 3 3 375 120 25 0 0 0 
1685811813.662551 20.742578125 47.753201183565544 985.0042782558567 1 3 3 1 3 3 375 120 25 0 0 0 
1685811818.812734 20.72734375 47.81228726003172 985.0453705109727 1 3 3 1 3 3 363 118 30 0 0 0 
1685811823.963601 20.732421875 47.758968068438385 984.9995601767583 1 3 3 1 3 3 363 118 30 0 0 0 
1685811829.1131234 20.732421875 47.81206144137071 984.9810407914305 1 3 3 1 3 3 363 118 30 0 0 0 
1685811834.259896 20.72734375 47.80629604693083 985.0214467339724 1 3 3 1 3 3 342 111 26 0 0 0 
1685811839.414064 20.7375 47.60514758804733 985.0042782558567 1 3 3 1 3 3 342 111 26 0 0 0 
1685811844.567372 20.732421875 47.66445726149042 985.0042782558567 0 0 0 0 0 0 240 65 12 4 0 0 
1685811849.719565 20.7375 47.72354589827414 985.0076454452677 0 0 0 0 0 0 240 65 12 4 0 0 
1685811854.8734417 20.7220703125 47.74683779502505 985.0227978010812 0 1 1 0 1 1 255 65 10 4 0 0 
1685811860.027672 20.72734375 47.75305202480035 984.987775112388 0 1 1 0 1 1 255 65 10 4 0 0 
1685811865.1796265 20.732421875 47.80614562585298 985.0073126989087 0 1 1 0 1 1 255 65 10 4 0 0 
1685811870.330009 20.72734375 47.794539172990405 984.970606377144 0 2 2 0 2 2 270 70 12 4 0 0 
1685811875.4818182 20.732421875 47.770800124830146 984.9897913689879 0 2 2 0 2 2 270 70 12 4 0 0 
1685811880.633358 20.742578125 47.84171598686777 985.0076454452677 0 2 2 0 2 2 270 70 12 4 0 0 
1685811885.7840579 20.732421875 47.84770748763603 984.9961930151596 1 2 2 1 2 2 276 77 14 4 0 0 
1685811890.9385164 20.72734375 47.69381710403867 984.9894586928025 1 2 2 1 2 2 276 77 14 4 0 0 
1685811896.087873 20.732421875 47.58732592441515 985.0029273386368 1 2 2 1 2 2 276 77 14 4 0 0 
1685811901.2419026 20.72734375 47.652477707853 984.9524199398527 1 2 2 1 2 2 276 79 12 2 0 0 
1685811906.3924608 20.72734375 47.80622084177751 984.9958602835541 1 2 2 1 2 2 276 79 12 2 0 0 
1685811911.5445354 20.742578125 47.758968068438385 984.9945094344654 1 2 2 1 2 2 276 79 12 2 0 0 
1685811916.695141 20.7375 47.63487543936967 984.9786913673819 1 2 2 1 2 2 291 86 14 0 0 0 
1685811921.8477693 20.7375 47.65255114107624 984.9470360787014 1 2 2 1 2 2 291 86 14 0 0 0 
1685811926.9974747 20.7375 47.63472899013669 984.9658885733699 1 3 3 1 3 3 327 95 23 4 0 0 
1685811932.1489906 20.7375 47.74129435593586 984.9756571571663 1 3 3 1 3 3 327 95 23 4 0 0 
1685811937.2998397 20.7375 47.557961497311766 984.9669061191025 1 3 3 1 3 3 327 95 23 4 0 0 
1685811942.4506774 20.732421875 47.74698690448901 984.9692557324491 1 2 2 1 2 2 327 91 23 4 0 0 
1685811947.5998313 20.7220703125 47.67029996935837 984.9759900514472 0 1 1 0 1 1 327 91 23 4 0 0 
1685811952.7519388 20.732421875 47.77072532608384 984.9975438778746 0 1 1 0 1 1 327 91 23 4 0 0 
1685811957.9012814 20.732421875 47.5575996966835 984.9557870978122 0 1 1 0 1 1 318 88 23 2 0 0 
1685811963.0521946 20.7220703125 47.758968068438385 984.9574706768967 1 2 2 1 2 2 318 88 23 2 0 0 
1685811968.2034676 20.732421875 47.69980716879307 984.944002046179 1 2 2 1 2 2 318 88 23 2 0 0 
1685811973.351544 20.72734375 47.78270706348781 984.9625214145708 0 1 1 0 1 1 267 71 14 2 0 0 
1685811978.500895 20.732421875 47.75297742926073 984.9490527821732 0 1 1 0 1 1 267 71 14 2 0 0 
1685811983.6504226 20.7220703125 47.69980716879307 984.9403017102373 0 1 1 0 1 1 267 71 14 2 0 0 
1685811988.8021076 20.72734375 47.73530383211756 984.9776736313715 1 1 1 1 1 1 267 73 16 2 0 0 
1685811993.951035 20.732421875 47.76495882202133 984.9328831625259 1 1 1 1 1 1 267 73 16 2 0 0 
1685811999.1015186 20.72734375 47.60500177313998 984.9477022185296 1 1 1 1 1 1 267 73 16 2 0 0 
1685812004.2522264 20.732421875 47.87137094155394 984.9722899704149 1 2 2 1 2 2 303 83 18 2 0 0 
1685812009.4067504 20.742578125 47.6169801797674 984.9554540408562 1 2 4 1 2 4 261 85 27 4 2 2 
1685812014.5626194 20.732421875 47.52239023587919 984.9524199398527 1 2 4 1 2 4 234 78 27 4 2 2 
1685812019.7153778 20.72734375 47.747135970867525 984.9672391908124 1 2 4 1 2 4 234 78 27 4 2 2 
1685812024.8680532 20.7375 47.80629604693083 984.9490527821732 1 2 4 1 2 4 234 78 27 4 2 2 
1685812030.0218608 20.732421875 47.82995978910245 984.9170647981803 1 2 4 1 2 4 255 81 25 4 2 2 
1685812035.1750305 20.72734375 47.67614252068123 984.9470360787014 1 2 4 1 2 4 255 81 25 4 2 2 
1685812040.3287807 20.72734375 47.611063889054755 984.9594871762491 1 2 4 1 2 4 255 81 25 4 2 2 
1685812045.4821846 20.72734375 47.82988431301584 984.9413009181882 1 2 4 1 2 4 270 83 18 2 2 2 
1685812050.63562 20.7220703125 47.85362336655766 984.9362502645807 1 2 4 1 2 4 270 83 18 2 2 2 
1685812055.788267 20.7375 47.60514758804733 984.9658885733699 1 2 4 1 2 4 270 83 18 2 2 2 
1685812060.9416275 20.7169921875 47.81790188443135 984.9379338157132 1 2 4 1 2 4 312 94 18 2 2 2 
1685812066.0951607 20.7119140625 47.68775328172154 984.9594871762491 1 2 4 1 2 4 312 94 18 2 2 2 
1685812071.2477336 20.7220703125 47.82389304152326 984.9413009181882 1 2 4 1 2 4 312 94 18 2 2 2 
1685812076.4001813 20.7220703125 47.741070975733955 984.9295160607508 1 2 3 1 2 3 276 82 16 2 2 2 
1685812081.5498643 20.732421875 47.67606880572855 984.9288498419752 1 2 3 1 2 3 276 82 16 2 2 2 
1685812086.7073731 20.732421875 47.75889340516297 984.93053341994 1 2 3 1 2 3 276 82 16 2 2 2 
1685812091.8610137 20.7119140625 47.90079743882035 984.9345667135183 1 1 1 1 1 1 285 80 19 0 0 0 
1685812097.0145087 20.7220703125 47.88896610631966 984.9493857837082 1 1 1 1 1 1 285 80 19 0 0 0 
1685812102.1684787 20.7119140625 47.90072112841464 984.9234477467015 1 1 1 1 1 1 285 80 19 0 0 0 
1685812107.3222075 20.7068359375 47.936137744925546 984.9487006059549 1 1 1 1 1 1 285 80 19 0 0 0 
1685812112.4754643 20.7169921875 47.74683779502505 984.9146971731575 1 2 2 1 2 2 321 92 21 0 0 0 
1685812117.6287427 20.7169921875 47.90079743882035 984.9106638023073 1 2 2 1 2 2 321 92 21 0 0 0 
1685812122.7814894 20.72734375 47.7943890443911 984.9429844695306 1 2 2 1 2 2 321 92 21 0 0 0 
1685812127.935222 20.7169921875 47.918544360364095 984.9207651851907 1 2 2 1 2 2 300 85 21 0 0 0 
1685812133.0878906 20.72734375 47.900644807237974 984.8790095677158 1 2 2 1 2 2 300 85 21 0 0 0 
1685812138.2402349 20.7220703125 47.6879748653267 984.905946356163 1 2 2 1 2 2 300 85 21 0 0 0 
1685812143.3937678 20.72734375 47.794313963934606 984.8985454505739 1 1 1 1 1 1 300 87 17 0 0 0 
1685812148.5471015 20.7375 47.634802220139015 984.9345841664156 1 1 1 1 1 1 300 87 17 0 0 0 
1685812153.7015393 20.742578125 47.69995510829215 984.9062963249784 1 1 1 1 1 1 300 87 17 0 0 0 
1685812158.851517 20.732421875 47.8357246004986 984.8904610440992 1 1 1 1 1 1 285 85 15 0 0 0 
1685812164.0041246 20.7375 47.77679099329399 984.9315503948405 1 1 1 1 1 1 285 85 15 0 0 0 
1685812169.1543067 20.7375 47.81228726003172 984.907979929146 1 1 1 1 1 1 285 85 15 0 0 0 
1685812174.3061895 20.732421875 47.847783156149035 984.9083134753247 0 1 1 0 1 1 312 95 12 2 0 0 
1685812179.4606662 20.7375 47.747135970867525 984.9204319532004 1 2 2 1 2 2 312 95 12 2 0 0 
1685812184.611641 20.732421875 47.78255720582655 984.909997066006 1 2 2 1 2 2 333 102 12 2 0 0 
1685812189.7652845 20.72734375 47.65839392650223 984.91033048898 1 2 2 1 2 2 333 102 12 2 0 0 
1685812194.9157267 20.72734375 47.729387747300414 984.9339005760801 1 2 2 1 2 2 333 102 12 2 0 0 
1685812200.0645223 20.7220703125 47.776566393849784 984.9008957069645 1 3 3 1 3 3 390 121 17 0 0 0 
1685812205.2164083 20.7068359375 47.71740715777068 984.9480351239778 1 3 3 1 3 3 390 121 17 0 0 0 
1685812210.3666325 20.72734375 47.65824689226131 984.925131270162 1 3 3 1 3 3 390 121 17 0 0 0 
1685812215.517928 20.7119140625 47.80614562585298 984.9217642233111 1 3 3 1 3 3 405 124 17 0 0 0 
1685812220.6699579 20.7119140625 47.977700096380254 984.9278325099681 1 3 3 1 3 3 405 124 17 0 0 0 
1685812225.8213565 20.7068359375 47.73500619816605 984.91671365356 1 3 3 1 3 3 405 124 17 0 0 0 
1685812230.972028 20.7119140625 47.87705869315789 984.9281654684496 0 2 2 0 2 2 399 122 19 0 0 0 
1685812236.1215668 20.7169921875 47.87114305860853 984.9032454706357 0 2 2 0 2 2 399 122 19 0 0 0 
1685812241.2733052 20.72734375 48.019263796684925 984.9349176053454 0 2 2 0 2 2 399 122 19 0 0 0 
1685812246.4234028 20.732421875 47.72347165218849 984.8897939824491 0 2 2 0 2 2 414 124 26 0 0 0 
1685812251.5740879 20.7375 47.79446411407637 984.909997066006 0 2 2 0 2 2 414 124 26 0 0 0 
1685812256.7233744 20.72734375 47.764884101781654 984.9369345264254 1 1 1 1 1 1 315 91 15 0 0 0 
1685812261.871621 20.7220703125 47.81812793860619 984.9204319532004 1 1 1 1 1 1 315 91 15 0 0 0 
1685812267.0234613 20.72734375 47.74698690448901 984.9295160607508 1 1 1 1 1 1 315 91 15 0 0 0 
1685812272.1753302 20.7119140625 47.88289819942748 984.9803551550094 1 1 1 1 1 1 300 86 13 0 0 0 
1685812277.3267953 20.7068359375 47.86499963707417 984.9180642465607 1 1 1 1 1 1 300 86 13 0 0 0 
1685812282.4776707 20.7068359375 47.871067076084664 984.925131270162 1 1 1 1 1 1 300 86 13 0 0 0 
1685812287.6270552 20.7017578125 47.94789176802443 984.9220970167429 1 1 1 1 1 1 279 81 11 0 0 0 
1685812292.7781782 20.7017578125 47.82965782012915 984.9554347044148 1 1 1 1 1 1 279 81 11 0 0 0 
1685812297.9336436 20.6966796875 47.9831519001882 984.956099639401 1 1 1 1 1 1 279 81 11 0 0 0 
1685812303.08292 20.6966796875 47.88858512388348 984.9651814893939 1 1 1 1 1 1 267 79 11 0 0 0 
1685812308.2338243 20.6966796875 47.97739126825361 984.9342141759583 1 1 1 1 1 1 267 79 11 0 0 0 
1685812313.38341 20.6865234375 48.0306281123755 984.9311796890192 1 1 1 1 1 1 267 79 11 0 0 0 
1685812318.5364435 20.6916015625 47.93583072700809 984.9395971050792 1 1 1 1 1 1 246 72 6 0 0 0 
1685812323.686188 20.6865234375 48.03638743261008 984.9584476064316 1 1 1 1 1 1 246 72 6 0 0 0 
1685812328.8350227 20.6865234375 47.870763038278874 984.9294962060172 1 1 1 1 1 1 246 72 6 0 0 0 
1685812333.9880466 20.6865234375 47.93583072700809 984.9463310391868 1 1 1 1 1 1 234 70 8 0 0 0 
1685812339.1386635 20.6865234375 48.006812239749 984.9537293058497 2 4 5 2 4 5 471 145 34 4 2 2 
1685812344.2878501 20.6865234375 47.9003394148218 984.9567641358659 2 4 5 2 4 5 471 145 34 4 2 2 
1685812349.441575 20.6865234375 48.11328172978124 984.9318443729118 2 4 5 2 4 5 471 145 34 4 2 2 
1685812354.5912092 20.6763671875 48.0893834502959 984.9170255719348 2 4 5 2 4 5 456 141 34 4 2 2 
1685812359.7437713 20.6814453125 47.982994268364365 984.924423501173 2 4 5 2 4 5 456 141 34 4 2 2 
1685812364.8980176 20.6763671875 48.077475561299245 984.9126395985362 2 4 5 2 4 5 456 141 34 4 2 2 
1685812370.05073 20.6560546875 48.101134148139614 984.9298056219776 2 4 6 2 4 6 507 158 41 4 2 2 
1685812375.202064 20.6560546875 48.01817281683479 984.960106861416 2 4 6 2 4 6 507 158 41 4 2 2 
1685812380.3503168 20.6509765625 48.07132570876223 984.9537048270655 2 4 6 2 4 6 507 158 41 4 2 2 
1685812385.4986944 20.6560546875 48.165876483714264 984.8883847053038 2 4 5 2 4 5 507 156 37 2 2 2 
1685812390.6493409 20.6458984375 48.06541122919962 984.9139669861754 2 4 5 2 4 5 507 156 37 2 2 2 
1685812395.8010116 20.6509765625 48.065254524061764 984.8887165911358 2 4 5 2 4 5 507 156 37 2 2 2 
1685812400.9551961 20.6458984375 47.97661546950402 984.9156503464044 2 4 5 2 4 5 480 147 37 2 2 2 
1685812406.1015263 20.6408203125 48.142298660798154 984.9085851827457 2 4 5 2 4 5 480 147 37 2 2 2 
1685812411.2516427 20.6560546875 47.94719645869269 984.8836665140169 2 4 5 2 4 5 480 147 37 2 2 2 
1685812416.4026556 20.6458984375 48.02408744645214 984.9102685563207 1 3 5 1 3 5 432 131 32 2 2 2 
1685812421.5569403 20.6458984375 48.11256898885298 984.9274338699668 1 2 2 1 2 2 285 92 22 0 0 0 
1685812426.7107282 20.6458984375 48.12431845619901 984.9526842891447 1 2 2 1 2 2 294 92 22 0 0 0 
1685812431.864264 20.6509765625 48.02393171099136 984.9409007582359 1 2 2 1 2 2 294 92 22 0 0 0 
1685812437.0174537 20.6458984375 48.053504027463866 984.9240671485991 1 2 2 1 2 2 294 92 22 0 0 0 
1685812442.1709254 20.6458984375 48.1599622365305 984.9388859178001 1 2 2 1 2 2 309 94 20 0 0 0 
1685812447.3257208 20.6509765625 47.97661546950402 984.9372025430355 0 1 1 0 1 1 309 94 20 0 0 0 
1685812452.47941 20.6408203125 48.13630514488556 984.9358710945303 0 1 1 0 1 1 309 94 20 0 0 0 
1685812457.63186 20.6408203125 48.08891183878338 984.9362023799829 0 1 1 0 1 1 318 94 18 0 0 0 
1685812462.7854671 20.6408203125 48.029690280875165 984.9543879159057 1 2 2 1 2 2 318 94 18 0 0 0 
1685812467.937852 20.6458984375 48.19536771746192 984.9291377070382 1 2 2 1 2 2 318 94 18 0 0 0 
1685812473.0889378 20.6357421875 48.15980334277146 984.931483596446 1 3 3 1 3 3 348 101 22 2 0 0 
1685812478.242215 20.6408203125 48.0711688681783 984.9459508424912 1 3 3 1 3 3 348 101 22 2 0 0 
1685812483.396252 20.6357421875 48.32523185288669 984.9200315621316 1 3 3 1 3 3 348 101 22 2 0 0 
1685812488.5485854 20.6255859375 48.19520798953864 984.9422454574348 1 2 2 1 2 2 348 99 17 2 0 0 
1685812493.703922 20.6255859375 48.18330024941842 984.9533667583476 1 2 2 1 2 2 348 99 17 2 0 0 
1685812498.8573744 20.6154296875 48.1476577134044 984.972214070776 1 2 2 1 2 2 348 99 17 2 0 0 
1685812504.0111706 20.6052734375 48.21854318836705 984.947626102482 1 4 4 1 4 4 456 129 32 4 0 0 
1685812509.1645145 20.6154296875 48.12384395435564 984.9344906320772 1 4 4 1 4 4 408 118 32 4 0 0 
1685812514.3179176 20.6154296875 48.12392306492214 984.9745585859011 1 4 4 1 4 4 408 118 32 4 0 0 
1685812519.4714637 20.6154296875 48.11217432863776 984.9627756222015 1 4 4 1 4 4 408 118 32 4 0 0 
1685812524.6247306 20.6103515625 48.15932640300768 984.9843278042932 1 4 4 1 4 4 387 113 32 4 0 0 
1685812529.7787015 20.6154296875 48.206875901942425 984.9378571632946 1 4 4 1 4 4 387 113 32 4 0 0 
1685812534.9319701 20.6154296875 48.330982633630086 984.9644589025202 1 4 4 1 4 4 387 113 32 4 0 0 
1685812540.0845659 20.6154296875 48.20695592826485 984.9419145414421 1 4 4 1 4 4 423 127 36 6 0 0 
1685812545.2379913 20.6103515625 48.319155517819524 984.9765722924062 1 4 4 1 4 4 423 127 36 6 0 0 
1685812550.3913066 20.6052734375 48.289587548225626 984.9627756222015 1 4 4 1 4 4 423 127 36 6 0 0 
1685812555.5438867 20.6255859375 48.277841138045524 984.9806306107248 1 5 5 1 5 5 435 129 36 8 0 0 
1685812560.7005188 20.6052734375 48.12999522407049 984.9674948603028 1 5 5 1 5 5 435 129 36 8 0 0 
1685812565.851558 20.6205078125 48.28974950768193 984.9641282723443 1 5 5 1 5 5 435 129 36 8 0 0 
1685812571.0034811 20.6103515625 48.330982633630086 984.9358431466178 1 5 5 1 5 5 414 124 36 8 0 0 
1685812576.1550193 20.6103515625 48.23620377105014 984.9530065572351 1 5 5 1 5 5 414 124 36 8 0 0 
1685812581.3071408 20.6103515625 48.17722691774676 984.9439287504697 1 5 5 1 5 5 414 124 36 8 0 0 
1685812586.458724 20.6154296875 48.28950655234257 984.9661421829087 1 2 2 1 2 2 297 85 22 2 0 0 
1685812591.6122034 20.6154296875 48.36046843465395 984.9210245100062 1 2 2 1 2 2 297 85 22 2 0 0 
1685812596.7619612 20.6103515625 48.05279963715707 984.9883551651337 0 2 2 0 2 2 255 73 18 2 0 0 
1685812601.9158833 20.6001953125 48.389788942737134 984.9772328150412 0 2 2 0 2 2 255 73 18 2 0 0 
1685812607.0670314 20.6001953125 48.330656689507656 984.948948069541 0 2 2 0 2 2 255 73 18 2 0 0 
1685812612.216856 20.5951171875 48.30100900267906 984.9775629119845 0 1 1 0 1 1 234 69 18 2 0 0 
1685812617.3705697 20.5849609375 48.22996876338623 984.9411924048546 0 1 1 0 1 1 234 69 18 2 0 0 
1685812622.5240626 20.5748046875 48.36589037492416 984.9182880429735 0 1 1 0 1 1 234 69 18 2 0 0 
1685812627.6761618 20.5646484375 48.40103876535051 984.967099998915 0 2 2 0 2 2 255 74 20 2 0 0 
1685812632.828771 20.5798828125 48.442592986032764 984.9570009687214 0 2 2 0 2 2 255 74 20 2 0 0 
1685812637.9827292 20.5646484375 48.401285903355124 984.99403075841 0 2 2 0 2 2 255 74 20 2 0 0 
1685812643.135048 20.5595703125 48.47781944639424 984.9664054708924 1 2 2 1 2 2 270 77 20 2 0 0 
1685812648.2871184 20.5595703125 48.38330068105073 984.9711254670057 1 2 2 1 2 2 270 77 20 2 0 0 
1685812653.4388072 20.5646484375 48.495640317996106 984.974491757021 1 2 2 1 2 2 270 77 20 2 0 0 
1685812658.589115 20.5392578125 48.46582814638687 984.9468667752758 1 2 2 1 2 2 276 79 18 2 0 0 
1685812663.7410932 20.5443359375 48.35948589339218 984.9852490977348 1 2 2 1 2 2 276 79 18 2 0 0 
1685812668.89541 20.5443359375 48.489727798108056 984.9781873908132 1 2 4 1 2 4 324 106 21 2 2 2 
1685812674.0471044 20.5392578125 48.400791530419035 984.9458421343883 1 2 4 1 2 4 324 106 21 2 2 2 
1685812679.1971843 20.5392578125 48.41852891275453 984.9488791373494 1 2 4 1 2 4 324 106 21 2 2 2 
1685812684.3457687 20.5341796875 48.459998877680405 984.9754795401624 1 2 4 1 2 4 330 106 26 4 2 2 
1685812689.4965875 20.5392578125 48.54851609531476 984.9488791373494 1 2 4 1 2 4 330 106 26 4 2 2 
1685812694.6486795 20.5392578125 48.45392035713836 985.0054465234083 1 2 4 1 2 4 330 106 26 4 2 2 
1685812699.7981892 20.5392578125 48.56042463868869 984.93373133255 1 2 4 1 2 4 309 97 24 4 2 2 
1685812704.9467793 20.5341796875 48.49513925128616 984.9606607672216 1 2 4 1 2 4 309 97 24 4 2 2 
1685812710.0983198 20.5341796875 48.58981629220997 984.9680510194423 1 2 4 1 2 4 309 97 24 4 2 2 
1685812715.25026 20.523828125 48.57782326578815 984.9596357033384 1 3 3 1 3 3 336 106 31 2 0 0 
1685812720.4011614 20.523828125 48.48314817612449 984.969734082873 1 3 3 1 3 3 336 106 31 2 0 0 
1685812725.554308 20.51875 48.7137941719703 984.9263035763427 1 3 3 1 3 3 336 106 31 2 0 0 
1685812730.7052298 20.523828125 48.59555890993674 984.9232665177968 1 4 4 1 4 4 399 117 35 4 0 0 
1685812735.8515348 20.52890625 48.57182692410186 984.9299986559433 1 4 4 1 4 4 399 117 35 4 0 0 
1685812741.0009573 20.51875 48.47715281007955 984.9333647254363 1 4 4 1 4 4 399 117 35 4 0 0 
1685812746.1524186 20.50859375 48.595304746006946 984.9424373485423 0 3 3 0 3 3 399 117 35 4 0 0 
1685812751.3015764 20.503515625 48.61886630147912 984.9198611626201 1 2 2 1 2 2 312 88 20 4 0 0 
1685812756.4551518 20.503515625 48.67189859286204 984.9410829138417 1 2 2 1 2 2 312 88 20 4 0 0 
1685812761.601529 20.503515625 48.58331217407825 984.9313134936315 1 2 2 1 2 2 312 88 20 4 0 0 
1685812766.7530324 20.4984375 48.73692255729287 984.9548752268654 1 3 3 1 3 3 345 99 27 4 0 0 
1685812771.9046001 20.50859375 48.577400620920514 984.9340223091384 1 3 3 1 3 3 345 99 27 4 0 0 
1685812777.05599 20.503515625 48.4651624210648 984.964316459175 1 3 3 1 3 3 345 99 27 4 0 0 
1685812782.2092192 20.513671875 48.45333875768578 984.9458033647935 1 3 3 1 3 3 324 94 27 4 0 0 
1685812787.3599174 20.50859375 48.71362203215315 984.943791700884 1 3 3 1 3 3 324 94 27 4 0 0 
1685812792.5106611 20.513671875 48.49480499142467 984.9293019545416 1 3 3 1 3 3 324 94 27 4 0 0 
1685812797.661594 20.503515625 48.683892773399236 984.9272902788741 0 3 3 0 3 3 309 89 29 4 0 0 
1685812802.8111491 20.50859375 48.67806701801971 984.9373883246902 0 3 3 0 3 3 309 89 29 4 0 0 
1685812807.9655921 20.493359375 48.45333875768578 984.9491693813243 0 3 3 0 3 3 309 89 29 4 0 0 
1685812813.118927 20.50859375 48.58939307801429 984.954218406645 0 2 2 0 2 2 330 91 29 2 0 0 
1685812818.2686417 20.50859375 48.66024692759137 984.9572558765681 0 2 2 0 2 2 330 91 29 2 0 0 
1685812823.4173381 20.50859375 48.88505192816571 984.9777805331313 0 2 2 0 2 2 330 91 29 2 0 0 
1685812828.5676446 20.503515625 48.59538947808602 984.9293019545416 0 2 2 0 2 2 309 82 25 2 0 0 
1685812833.7210686 20.503515625 48.8020324111641 984.9316419292111 0 1 2 0 1 2 327 87 18 4 2 2 
