timestamp temperature humidity pressure pm10_standard pm25_standard pm100_standard pm10_env pm25_env pm100_env particles_03um particles_05um particles_10um particles_25um particles_50um particles_100um
1684648089.8490791 20.42734375 49.166947430863125 989.4028343308929 1 1 1 1 1 1 315 95 10 0 0 0 
1684648095.0031903 20.412109375 49.07839611092136 989.4631298222419 1 1 1 1 1 1 315 95 10 0 0 0 
1684648100.1561608 20.412109375 49.10785314936307 989.4266858326408 1 1 1 1 1 1 315 95 10 0 0 0 
1684648105.3059647 20.40703125 49.09585275568354 989.4381759821893 1 1 1 1 1 1 315 92 14 0 0 0 
1684648110.4543278 20.412109375 48.965933466891535 989.4468809072307 1 1 1 1 1 1 315 92 14 0 0 0 
1684648115.601586 20.40703125 49.1135808036709 989.4539026789607 1 1 1 1 1 1 315 92 14 0 0 0 
1684648120.7540693 20.396875 49.07830562310861 989.4642900275587 1 1 1 1 1 1 288 88 14 0 0 0 
1684648125.9078019 20.401953125 49.078034095062854 989.4811189999114 1 1 1 1 1 1 288 88 14 0 0 0 
1684648131.0632942 20.381640625 49.06594419982762 989.4822769122383 1 1 1 1 1 1 288 88 14 0 0 0 
1684648136.2166207 20.38671875 49.15458022474053 989.4755455393805 1 2 2 1 2 2 300 92 16 0 0 0 
1684648141.3691099 20.396875 49.125035140070445 989.4553514275182 1 2 2 1 2 2 300 92 16 0 0 0 
1684648146.522417 20.38671875 49.148762592948344 989.463186603965 1 2 2 1 2 2 300 92 16 0 0 0 
1684648151.6756825 20.38671875 49.33766047322264 989.467131324881 1 2 2 1 2 2 300 92 14 0 0 0 
1684648156.8281085 20.3765625 49.083671589826835 989.4317916430687 1 2 2 1 2 2 300 92 14 0 0 0 
1684648161.9815304 20.371484375 49.17230715219816 989.4516961851856 1 2 2 1 2 2 300 92 14 0 0 0 
1684648167.1323464 20.371484375 49.19566712894248 989.4668418888987 1 2 2 1 2 2 270 85 14 0 0 0 
1684648172.2854288 20.371484375 49.219486319006776 989.4545365622113 1 2 2 1 2 2 270 85 14 0 0 0 
1684648177.4390078 20.371484375 49.30211551296192 989.4256395002224 1 2 2 1 2 2 270 85 14 0 0 0 
1684648182.5925038 20.3765625 49.26666373440879 989.4189082453321 1 2 2 1 2 2 261 82 14 0 0 0 
1684648187.7464132 20.381640625 49.13685320477459 989.4421782218078 1 2 2 1 2 2 261 82 14 0 0 0 
1684648192.8986547 20.36640625 49.15439732791087 989.4603999545399 1 2 2 1 2 2 261 82 14 0 0 0 
1684648198.0507448 20.371484375 49.26684920294276 989.4536685853174 1 1 1 1 1 1 240 75 12 0 0 0 
1684648203.2079859 20.371484375 49.24284403960205 989.4043420624228 1 1 1 1 1 1 240 75 12 0 0 0 
1684648208.3612401 20.3765625 49.36701557844996 989.4155426183065 1 1 1 1 1 1 240 75 12 0 0 0 
1684648213.5150104 20.371484375 49.17794093392557 989.4424676423412 0 0 0 0 0 0 225 70 12 0 0 0 
1684648218.6682012 20.371484375 49.23121158583937 989.4805940689189 0 0 0 0 0 0 225 70 12 0 0 0 
1684648223.821661 20.361328125 49.07740015274545 989.454825669039 0 0 0 0 0 0 225 70 12 0 0 0 
1684648228.9742672 20.361328125 49.34910284965019 989.4716535518917 0 0 0 0 0 0 213 68 12 0 0 0 
1684648234.1265006 20.36640625 49.20730036126493 989.4497773055465 1 1 1 1 1 1 213 68 12 0 0 0 
1684648239.2798889 20.371484375 49.20748454089711 989.4657378223237 1 1 1 1 1 1 213 68 12 0 0 0 
1684648244.4331448 20.36640625 49.39655754094244 989.4531428811383 0 1 1 0 1 1 150 47 12 0 0 0 
1684648249.5865574 20.351171875 49.23693546810691 989.4382869261813 0 1 1 0 1 1 150 47 12 0 0 0 
1684648254.7398758 20.351171875 49.22493368705916 989.460451837281 0 1 1 0 1 1 150 47 12 0 0 0 
1684648259.8930578 20.351171875 49.31946776097422 989.4570863153598 0 1 1 0 1 1 162 52 8 0 0 0 
1684648265.0463793 20.341015625 49.15384837899635 989.4744910773943 0 1 1 0 1 1 162 52 8 0 0 0 
1684648270.201208 20.34609375 49.18320675368445 989.464394671803 0 1 1 0 1 1 162 52 8 0 0 0 
1684648275.3515265 20.351171875 49.21311674282863 989.4458846014209 0 1 1 0 1 1 168 54 8 0 0 0 
1684648280.503322 20.341015625 49.35463590237095 989.4195384846497 0 1 1 0 1 1 168 54 8 0 0 0 
1684648285.6554303 20.351171875 49.36663986739866 989.4371821174776 0 1 1 0 1 1 168 54 8 0 0 0 
1684648290.8067148 20.341015625 49.207116138562334 989.4341054701268 0 0 0 0 0 0 183 59 8 0 0 0 
1684648295.9567735 20.34609375 49.36082559099052 989.4775680534777 0 0 0 0 0 0 183 59 8 0 0 0 
1684648301.1089213 20.34609375 49.27201531979858 989.4119409279232 0 0 0 0 0 0 183 59 8 0 0 0 
1684648306.257683 20.34609375 49.34872786450662 989.4744910773943 1 1 1 1 1 1 198 64 12 0 0 0 
1684648311.4084961 20.341015625 49.34281981636572 989.460451837281 1 1 1 1 1 1 198 64 12 0 0 0 
1684648316.5598748 20.3357421875 49.27792355893213 989.415884298826 1 1 1 1 1 1 198 64 12 0 0 0 
1684648321.7115324 20.3306640625 49.2541051706211 989.4461732426302 1 1 1 1 1 1 198 64 12 0 0 0 
1684648326.8624206 20.3255859375 49.29518234004691 989.4602117400505 1 1 1 1 1 1 198 64 12 0 0 0 
1684648332.0160866 20.3205078125 49.2421037280749 989.4621826243055 1 1 1 1 1 1 198 64 12 0 0 0 
1684648337.1677835 20.3154296875 49.29508913281977 989.4386251155452 1 1 1 1 1 1 219 67 10 0 0 0 
1684648342.3210995 20.3154296875 49.4191506067734 989.4705960236112 1 1 1 1 1 1 219 67 10 0 0 0 
1684648347.4725783 20.3205078125 49.33062934388782 989.4891055082346 1 1 1 1 1 1 219 67 10 0 0 0 
1684648352.6243973 20.3052734375 49.33634976926712 989.4722787036819 1 1 1 1 1 1 240 67 8 0 0 0 
1684648357.7785766 20.3001953125 49.360168231175315 989.4462201545394 1 1 1 1 1 1 240 67 8 0 0 0 
1684648362.930136 20.3103515625 49.241733313891054 989.4765076555459 1 1 1 1 1 1 240 67 8 0 0 0 
1684648368.0831826 20.2951171875 49.419055967702015 989.4703523870912 1 1 1 1 1 1 240 67 8 0 0 0 
1684648373.2346425 20.2951171875 49.46622055713409 989.5149209415812 1 1 1 1 1 1 240 67 8 0 0 0 
1684648378.3863506 20.2900390625 49.418578968589195 989.4518436573408 1 1 1 1 1 1 240 67 8 0 0 0 
1684648383.538032 20.2849609375 49.33587754345362 989.4779447873811 1 1 1 1 1 1 267 76 10 0 0 0 
1684648388.6890173 20.2849609375 49.61351007465664 989.5281351715402 1 1 1 1 1 1 267 76 10 0 0 0 
1684648393.839714 20.2849609375 49.43029845408775 989.4594365019407 1 1 1 1 1 1 267 76 10 0 0 0 
1684648398.9879198 20.2697265625 49.347692156046385 989.5015007992624 1 1 1 1 1 1 288 81 10 0 0 0 
1684648404.1365888 20.2798828125 49.47164779401763 989.5048659449349 1 1 1 1 1 1 288 81 10 0 0 0 
1684648409.2904146 20.2646484375 49.43020360389775 989.5065485178759 1 1 1 1 1 1 288 81 10 0 0 0 
1684648414.4416215 20.2697265625 49.56015548845923 989.5015007992624 1 1 1 1 1 1 267 76 10 0 0 0 
1684648419.5906396 20.2697265625 49.30015337474123 989.4667410635961 1 1 1 1 1 1 267 76 10 0 0 0 
1684648424.743157 20.2646484375 49.376945784208786 989.4667410635961 1 1 1 1 1 1 267 76 10 0 0 0 
1684648429.8958015 20.2697265625 49.3828528207165 989.48020141931 1 1 1 1 1 1 294 78 10 0 0 0 
1684648435.0450716 20.2544921875 49.53062140586452 989.4720756302745 1 1 1 1 1 1 294 78 10 0 0 0 
1684648440.1965559 20.2544921875 49.5775861247398 989.4872184106406 1 1 1 1 1 1 294 78 10 0 0 0 
1684648445.3478804 20.2595703125 49.500800015290274 989.50766921923 1 1 1 1 1 1 279 73 8 0 0 0 
1684648450.4946458 20.2646484375 49.50689821425429 989.4737581611466 1 1 1 1 1 1 279 73 8 0 0 0 
1684648455.644239 20.2544921875 49.53614386261203 989.5194467535337 1 1 1 1 1 1 279 73 8 0 0 0 
1684648460.7929602 20.2544921875 49.47136179015145 989.4751537853932 1 1 1 1 1 1 285 73 6 0 0 0 
1684648465.9435496 20.2595703125 49.488891043672254 989.4639241217942 1 1 1 1 1 1 285 73 6 0 0 0 
1684648471.0926182 20.2595703125 49.43001387121662 989.4675757724549 1 1 1 1 1 1 285 73 6 0 0 0 
1684648476.247114 20.2443359375 49.512709205707814 989.4743057307016 1 1 1 1 1 1 300 78 8 0 0 0 
1684648481.3979418 20.2291015625 49.46535968691818 989.4908701490464 1 1 1 1 1 1 300 78 8 0 0 0 
1684648486.5473585 20.2443359375 49.43563586482203 989.4810356900665 1 1 1 1 1 1 300 78 8 0 0 0 
1684648491.6993191 20.2443359375 49.4061023951992 989.4846870701 1 1 1 1 1 1 294 78 10 0 0 0 
1684648496.8515341 20.2291015625 49.482888882057836 989.5130030123172 1 1 1 1 1 1 294 78 10 0 0 0 
1684648502.002539 20.2291015625 49.36466093585073 989.4802121939155 1 1 1 1 1 1 294 78 10 0 0 0 
1684648507.15325 20.2341796875 49.512421683979746 989.4961781027249 1 1 1 1 1 1 279 80 10 0 0 0 
1684648512.302269 20.2341796875 49.44735406297216 989.4849733606935 1 1 1 1 1 1 279 80 10 0 0 0 
1684648517.4522104 20.2291015625 49.606634057975256 989.4468496068151 1 1 1 1 1 1 279 80 10 0 0 0 
1684648522.6016324 20.2291015625 49.71914410680781 989.4799259719875 1 2 2 1 2 2 294 82 12 2 0 0 
1684648527.7547994 20.2341796875 49.57710309274928 989.5051629218068 1 2 2 1 2 2 294 82 12 2 0 0 
1684648532.908699 20.2291015625 49.48260227839502 989.4796396407232 1 2 2 1 2 2 294 82 12 2 0 0 
1684648538.0627599 20.2291015625 49.47669589018916 989.4664662718459 0 2 2 0 2 2 273 73 14 2 0 0 
1684648543.2159941 20.2494140625 49.40591309618879 989.4546890378901 0 2 2 0 2 2 273 73 14 2 0 0 
1684648548.3693404 20.2341796875 49.57138997866272 989.4516105669265 0 2 2 0 2 2 273 73 14 2 0 0 
1684648553.5222332 20.2291015625 49.65388306821287 989.4900207500286 0 2 2 0 2 2 279 77 16 2 0 0 
1684648558.6765542 20.2189453125 49.41172494199816 989.4788158708616 0 2 2 0 2 2 279 77 16 2 0 0 
1684648563.8295016 20.2138671875 49.61825213675571 989.4771334352829 0 2 2 0 2 2 279 77 16 2 0 0 
1684648568.9800873 20.2087890625 49.66549990010931 989.4535793445182 0 2 2 0 2 2 300 80 16 2 0 0 
1684648574.1336272 20.2087890625 49.68912353527869 989.4771334352829 0 2 2 0 2 2 300 80 16 2 0 0 
1684648579.2860897 20.2189453125 49.547475570343984 989.5090997232259 0 2 2 0 2 2 300 80 16 2 0 0 
1684648584.4399788 20.2189453125 49.53566314496146 989.5006875397427 0 1 1 0 1 1 273 76 14 2 0 0 
1684648589.5942516 20.2087890625 49.56519413138242 989.5141470341543 0 1 1 0 1 1 273 76 14 2 0 0 
1684648594.7475243 20.2087890625 49.53556696913101 989.5124645971082 0 1 1 0 1 1 273 76 14 2 0 0 
1684648599.9030323 20.2087890625 49.541376865035225 989.5177976134688 0 1 1 0 1 1 246 65 14 2 0 0 
1684648605.0552957 20.2087890625 49.62996687004814 989.5099567136358 0 1 1 0 1 1 246 65 14 2 0 0 
1684648610.2088542 20.2037109375 49.7006410157428 989.4967830995399 0 1 1 0 1 1 246 65 14 2 0 0 
1684648615.3614116 20.1986328125 49.570810520142 989.5068773933083 0 1 1 0 1 1 225 60 14 2 0 0 
1684648620.5148702 20.2037109375 49.64168128085409 989.5102421584567 0 1 1 0 1 1 225 60 14 2 0 0 
1684648625.6681828 20.1935546875 49.70073911834041 989.4900535717585 0 1 1 0 1 1 225 60 14 2 0 0 
1684648630.8215728 20.2037109375 49.59453114535744 989.4816416636037 0 2 2 0 2 2 246 67 16 2 0 0 
1684648635.9742897 20.2138671875 49.559095050914124 989.4978942929006 0 2 2 0 2 2 246 67 16 2 0 0 
1684648641.127559 20.2087890625 49.4765049025763 989.4830383833657 0 2 2 0 2 2 246 67 16 2 0 0 
1684648646.2801836 20.2037109375 49.64768459373626 989.478562493909 0 2 2 0 2 2 240 67 16 2 0 0 
1684648651.4334764 20.2138671875 49.53566314496146 989.5127503427917 0 2 2 0 2 2 240 67 16 2 0 0 
1684648656.5872686 20.2087890625 49.65368802089776 989.4614530911588 0 2 2 0 2 2 240 67 16 2 0 0 
1684648661.7405415 20.2087890625 49.51765647902958 989.5032271293915 0 2 2 0 2 2 249 70 16 2 0 0 
1684648666.8937218 20.2037109375 49.66540222498621 989.5186540725502 0 2 2 0 2 2 249 70 16 2 0 0 
1684648672.0460188 20.2037109375 49.60034018350877 989.5217334887535 0 2 2 0 2 2 249 70 16 2 0 0 
1684648677.2006803 20.2087890625 49.53547078253378 989.5514461007201 1 2 2 1 2 2 276 82 21 0 0 0 
1684648682.3515618 20.2189453125 49.6120548892331 989.5133215061774 1 2 2 1 2 2 276 82 21 0 0 0 
1684648687.5038233 20.2138671875 49.67721392779832 989.5466841910692 1 2 2 1 2 2 276 82 21 0 0 0 
1684648692.6557288 20.2291015625 49.63616476641087 989.542748474627 1 2 2 1 2 2 261 79 17 0 0 0 
1684648697.8068178 20.2189453125 49.71884938390592 989.5222734467596 1 2 2 1 2 2 261 79 17 0 0 0 
1684648702.957136 20.2341796875 49.57138997866272 989.5267490060304 1 2 2 1 2 2 261 79 17 0 0 0 
1684648708.1015198 20.2392578125 49.47069407095409 989.5191943457116 0 2 3 0 2 3 249 75 19 2 2 2 
1684648713.2510645 20.2189453125 49.50051286724647 989.4933856766013 0 2 3 0 2 3 249 75 19 2 2 2 
1684648718.4026325 20.2291015625 49.34675275094185 989.4936717900741 0 2 3 0 2 3 249 75 19 2 2 2 
1684648723.5531564 20.2341796875 49.48869987153456 989.4950681399926 0 2 3 0 2 3 237 75 23 2 2 2 
1684648728.7049475 20.2341796875 49.6777028723239 989.4964644077584 0 2 3 0 2 3 237 75 23 2 2 2 
1684648733.851581 20.2291015625 49.47098030092605 989.528431484376 0 2 3 0 2 3 237 75 23 2 2 2 
1684648739.004889 20.2291015625 49.51222994899349 989.4917032132802 0 2 3 0 2 3 222 72 23 2 2 2 
1684648744.1594882 20.2341796875 49.54176181747454 989.4950681399926 0 2 3 0 2 3 222 72 23 2 2 2 
1684648749.3109844 20.2341796875 49.51213406535012 989.5267490060304 0 2 3 0 2 3 222 72 23 2 2 2 
1684648754.459377 20.2341796875 49.61825213675571 989.5603985862194 0 2 3 0 2 3 228 74 23 2 2 2 
1684648759.6118822 20.2291015625 49.51222994899349 989.4734823975132 0 2 3 0 2 3 228 74 23 2 2 2 
1684648764.7612803 20.2240234375 49.44135241691029 989.487228049803 0 2 3 0 2 3 228 74 23 2 2 2 
1684648769.912258 20.2291015625 49.57129342915933 989.4883382868471 0 1 3 0 1 3 228 74 23 2 2 2 
1684648775.0614905 20.2291015625 49.42363280277287 989.5186226348056 0 1 3 0 1 3 228 74 23 2 2 2 
1684648780.2119532 20.2291015625 49.52394670823086 989.5017979942559 0 1 3 0 1 3 228 74 23 2 2 2 
1684648785.361222 20.2291015625 49.52985301426381 989.5051629218068 0 1 3 0 1 3 192 62 23 2 2 2 
1684648790.5130682 20.2240234375 49.65407807246204 989.520305099245 0 1 3 0 1 3 192 62 23 2 2 2 
1684648795.6639812 20.2291015625 49.48860426931536 989.5031943165288 0 1 3 0 1 3 192 62 23 2 2 2 
1684648800.8152936 20.2341796875 49.57719972068074 989.4726232410352 0 1 3 0 1 3 192 62 21 2 2 2 
1684648805.9688988 20.2443359375 49.618640564506684 989.4678623079562 0 1 3 0 1 3 192 62 21 2 2 2 
1684648811.120569 20.2443359375 49.494797681993674 989.50766921923 0 1 3 0 1 3 192 62 21 2 2 2 
1684648816.2717545 20.2341796875 49.50051286724647 989.4743057307016 0 1 3 0 1 3 213 69 21 2 2 2 
1684648821.423506 20.2341796875 49.53614386261203 989.4944956121501 0 1 3 0 1 3 213 69 21 2 2 2 
1684648826.5757084 20.2494140625 49.49470203364356 989.4813221171121 0 1 3 0 1 3 213 69 21 2 2 2 
1684648831.7267241 20.2291015625 49.553574492964 989.4807491536792 0 1 2 0 1 2 192 62 18 2 2 2 
1684648836.8777633 20.2494140625 49.459167202493276 989.4743057307016 0 1 2 0 1 2 192 62 18 2 2 2 
1684648842.0280185 20.2392578125 49.707331735918544 989.4942091842187 0 1 2 0 1 2 192 62 18 2 2 2 
1684648847.1791623 20.2443359375 49.57148651739942 989.5009392011651 0 1 3 0 1 3 207 67 20 2 2 2 
1684648852.3282783 20.2494140625 49.57148651739942 989.4757274894354 0 1 3 0 1 3 207 67 20 2 2 2 
1684648857.4777827 20.2494140625 49.60692492437978 989.4336390820106 0 1 3 0 1 3 207 67 20 2 2 2 
1684648862.6286047 20.2494140625 49.38256979727923 989.4437340927564 0 1 1 0 1 1 192 62 18 0 0 0 
1684648867.7805564 20.2595703125 49.50099139348515 989.4269345136371 0 1 1 0 1 1 192 62 18 0 0 0 
1684648872.9320648 20.2544921875 49.47717317080005 989.4701061521052 0 1 1 0 1 1 192 62 18 0 0 0 
1684648878.0831332 20.2595703125 49.5363360743048 989.478805754183 0 1 1 0 1 1 198 64 16 0 0 0 
1684648883.2343214 20.2544921875 49.57768269883788 989.4824575596748 0 1 1 0 1 1 198 64 16 0 0 0 
1684648888.389009 20.2595703125 49.42401216973861 989.454963256015 0 1 1 0 1 1 198 64 16 0 0 0 
1684648893.5429056 20.2544921875 49.548245671986855 989.4485202054001 0 1 1 0 1 1 186 60 16 0 0 0 
1684648898.6939175 20.2595703125 49.636845672039236 989.456358634571 0 1 1 0 1 1 186 60 16 0 0 0 
1684648903.840349 20.2697265625 49.54233892313057 989.4701061521052 0 1 1 0 1 1 186 60 16 0 0 0 
1684648908.9938219 20.2595703125 49.55415241056988 989.436455279592 1 1 1 1 1 1 207 67 23 0 0 0 
1684648914.1441257 20.2595703125 49.37122709520594 989.4717886964646 1 1 1 1 1 1 207 67 23 0 0 0 
1684648919.2911012 20.2646484375 49.31796842933852 989.48159700227 1 1 1 1 1 1 207 67 23 0 0 0 
1684648924.4420133 20.2697265625 49.3830414491722 989.4950574714718 1 1 1 1 1 1 228 74 23 0 0 0 
1684648929.594669 20.2798828125 49.38313574724931 989.4644842153132 0 0 0 0 0 0 228 74 23 0 0 0 
1684648934.7424102 20.2748046875 49.40085740415214 989.4964530812775 0 0 0 0 0 0 228 74 23 0 0 0 
1684648939.8911219 20.2849609375 49.28280441512412 989.498956804248 0 1 1 0 1 1 258 84 23 0 0 0 
1684648945.0427096 20.2900390625 49.31262562517211 989.4636219389308 1 2 2 1 2 2 258 84 23 0 0 0 
1684648950.1976573 20.2900390625 49.418768344463814 989.4821306740627 1 2 2 1 2 2 258 84 23 0 0 0 
1684648955.3490467 20.3001953125 49.41896131786356 989.4941962552516 1 2 2 1 2 2 249 81 23 0 0 0 
1684648960.5021892 20.2849609375 49.294902686063345 989.4972741909149 1 2 2 1 2 2 249 81 23 0 0 0 
1684648965.6529481 20.3001953125 49.35388126151326 989.518860972897 1 2 2 1 2 2 249 81 23 0 0 0 
1684648970.8064506 20.2900390625 49.3892316756818 989.515495717509 1 2 2 1 2 2 255 81 23 0 0 0 
1684648975.959571 20.3001953125 49.39533145163007 989.4835258052669 1 2 2 1 2 2 255 81 23 0 0 0 
1684648981.113566 20.3154296875 49.324534433659544 989.4947290897508 1 2 2 1 2 2 255 81 23 0 0 0 
1684648986.2664642 20.3052734375 49.229917784828565 989.4411722399066 1 1 1 1 1 1 249 76 19 0 0 0 
1684648991.4197907 20.3103515625 49.41896131786356 989.4459321560447 1 1 1 1 1 1 249 76 19 0 0 0 
1684648996.5748081 20.2951171875 49.324534433659544 989.4882861342749 1 1 1 1 1 1 249 76 19 0 0 0 
1684649001.7282338 20.3103515625 49.602280691114856 989.4159326761776 0 1 1 0 1 1 234 71 17 0 0 0 
1684649006.8816166 20.3154296875 49.30099692480964 989.4324709432972 0 1 1 0 1 1 234 71 17 0 0 0 
1684649012.0344822 20.3103515625 49.28336658989486 989.4627586782692 0 1 1 0 1 1 234 71 17 0 0 0 
1684649017.1882854 20.3103515625 49.32472153560342 989.4257403386009 1 1 1 1 1 1 270 83 15 0 0 0 
1684649022.3420289 20.3052734375 49.35416659032555 989.4355480568545 1 1 1 1 1 1 270 83 15 0 0 0 
1684649027.4954553 20.3103515625 49.24201114068021 989.4187214102404 1 1 1 1 1 1 270 83 15 0 0 0 
1684649032.6487036 20.3205078125 49.27727268022272 989.4442495042067 1 2 2 1 2 2 285 81 15 2 0 0 
1684649037.8021302 20.3103515625 49.32481507042441 989.4672306636791 1 2 2 1 2 2 285 81 15 2 0 0 
1684649042.9550192 20.3154296875 49.33663081206041 989.4338653918785 1 2 2 1 2 2 285 81 15 2 0 0 
1684649048.108465 20.3103515625 49.342351181027574 989.4436731519834 1 2 2 1 2 2 297 85 15 2 0 0 
1684649053.2611272 20.3205078125 49.50776317095416 989.4436731519834 1 2 2 1 2 2 297 85 15 2 0 0 
1684649058.4133234 20.3154296875 49.41943445938516 989.4459321560447 1 2 2 1 2 2 297 85 15 2 0 0 
1684649063.5699558 20.3255859375 49.23028765761105 989.4574227079017 1 1 1 1 1 1 291 85 10 2 0 0 
1684649068.7233517 20.3205078125 49.51386200418275 989.4540573762025 1 1 1 1 1 1 291 85 10 2 0 0 
1684649073.87669 20.3205078125 49.33644346096549 989.4520865474451 1 1 1 1 1 1 291 85 10 2 0 0 
1684649079.0293128 20.3205078125 49.28345965100847 989.4627586782692 1 1 1 1 1 1 291 85 10 2 0 0 
1684649084.1831563 20.3255859375 49.31900064057449 989.4591053738561 1 1 1 1 1 1 291 85 10 2 0 0 
1684649089.3372943 20.3255859375 49.46679154267135 989.4949721441716 1 1 1 1 1 1 291 85 10 2 0 0 
1684649094.491601 20.3255859375 49.32500210776446 989.4565580127444 1 1 1 1 1 1 276 80 8 2 0 0 
1684649099.6437201 20.3306640625 49.289553824166944 989.3959806207486 1 1 1 1 1 1 276 80 8 2 0 0 
1684649104.7972093 20.3306640625 49.23047252939703 989.4088644860298 1 1 1 1 1 1 276 80 8 2 0 0 
1684649109.9466984 20.3357421875 49.37217185576702 989.4512214021325 1 1 1 1 1 1 285 83 8 2 0 0 
1684649115.0985847 20.34609375 49.384270106001026 989.4428078033114 1 1 1 1 1 1 285 83 8 2 0 0 
1684649120.2500775 20.351171875 49.384270106001026 989.453720793718 1 1 1 1 1 1 285 83 8 2 0 0 
1684649125.3998606 20.341015625 49.27182954363756 989.4411250837568 1 1 1 1 1 1 270 80 8 2 0 0 
1684649130.5516317 20.34609375 49.46088376772817 989.3903544410206 1 1 1 1 1 1 270 80 8 2 0 0 
1684649135.7015343 20.34609375 49.260198810701006 989.445306990837 1 1 1 1 1 1 270 80 8 2 0 0 
1684649140.8513117 20.3357421875 49.33700538504297 989.3839126604906 1 1 1 1 1 1 270 80 8 2 0 0 
1684649145.9982154 20.341015625 49.283831787788884 989.4655001206874 1 1 1 1 1 1 270 80 8 2 0 0 
1684649151.1518075 20.341015625 49.42562619730658 989.4189608777814 1 1 1 1 1 1 270 80 8 2 0 0 
1684649156.3024187 20.34609375 49.31355945843418 989.452038033002 0 0 0 0 0 0 285 83 8 2 0 0 
1684649161.4518304 20.351171875 49.26629266813151 989.4217483520671 0 0 0 0 0 0 285 83 8 2 0 0 
1684649166.6015115 20.34609375 49.366451947269866 989.4273745394966 0 0 0 0 0 0 285 83 8 2 0 0 
1684649171.7507334 20.361328125 49.27801649853522 989.4621345983464 0 0 0 0 0 0 276 78 8 2 0 0 
1684649176.9029415 20.35625 49.24284403960205 989.4382869261813 1 1 1 1 1 1 276 78 8 2 0 0 
1684649182.05435 20.35625 49.33137786234398 989.44136336779 1 1 1 1 1 1 276 78 8 2 0 0 
1684649187.2052946 20.361328125 49.378644289610094 989.4595849670055 1 1 1 1 1 1 240 73 8 0 0 0 
1684649192.3568056 20.361328125 49.272386742911394 989.4427569534713 1 1 1 1 1 1 240 73 8 0 0 0 
1684649197.5063593 20.371484375 49.171940503328294 989.432949431781 1 1 1 1 1 1 240 73 8 0 0 0 
1684649202.6576872 20.36640625 49.31383939844987 989.4626614221113 1 1 1 1 1 1 240 73 8 0 0 0 
1684649207.8109825 20.371484375 49.26657098399063 989.4242461466574 1 1 1 1 1 1 240 73 8 0 0 0 
1684649212.9618025 20.3765625 49.225302858437324 989.4354469098914 1 1 1 1 1 1 240 73 8 0 0 0 
1684649218.1106744 20.371484375 49.26084774065254 989.423956686395 0 1 1 0 1 1 240 68 10 0 0 0 
1684649223.2646632 20.3765625 49.21348537279855 989.4247705036777 0 1 1 0 1 1 240 68 10 0 0 0 
1684649228.4141223 20.38671875 49.22548737952111 989.4466476185397 0 1 1 0 1 1 240 68 10 0 0 0 
1684649233.5637505 20.38671875 49.16048921083844 989.4530893870203 0 0 0 0 0 0 228 64 8 0 0 0 
1684649238.7128394 20.391796875 49.22548737952111 989.4076519419145 0 0 0 0 0 0 228 64 8 0 0 0 
1684649243.864113 20.391796875 49.13112648988723 989.4244806193446 0 0 0 0 0 0 228 64 8 0 0 0 
1684649249.0113106 20.396875 49.148671228363916 989.4298190675971 0 1 1 0 1 1 249 71 10 0 0 0 
1684649254.1618755 20.391796875 49.1664897542778 989.4525097510716 0 1 1 0 1 1 249 71 10 0 0 0 
1684649259.311312 20.396875 49.18430858298292 989.4042862072673 0 1 1 0 1 1 249 71 10 0 0 0 
1684649264.4610143 20.396875 49.16667285721502 989.420824862438 0 1 1 0 1 1 234 66 12 0 0 0 
1684649269.615702 20.401953125 49.12521731703628 989.4026033400487 0 1 1 0 1 1 234 66 12 0 0 0 
1684649274.7679205 20.391796875 49.10148971046317 989.3874575382262 0 1 1 0 1 1 234 66 12 0 0 0 
1684649279.9166572 20.40703125 49.23185769493086 989.407071573854 0 0 0 0 0 0 228 64 12 0 0 0 
1684649285.0681686 20.412109375 49.00148085207317 989.4179807491017 0 0 0 0 0 0 228 64 12 0 0 0 
1684649290.220957 20.412109375 49.19649418610873 989.4252932186564 0 0 0 0 0 0 228 64 12 0 0 0 
1684649295.3728821 20.412109375 49.066486540646 989.4261049145961 0 1 1 0 1 1 234 69 16 0 0 0 
1684649300.5223706 20.412109375 48.97793144864846 989.4277878642097 0 1 1 0 1 1 234 69 16 0 0 0 
1684649305.6729507 20.412109375 49.04293833407674 989.4101470419694 0 1 1 0 1 1 234 69 16 0 0 0 
1684649310.8241267 20.412109375 49.03102904653532 989.399468460949 0 1 1 0 1 1 213 64 16 0 0 0 
1684649315.9774601 20.4171875 49.1966778581463 989.4331271729736 0 1 1 0 1 1 213 64 16 0 0 0 
1684649321.1259596 20.4171875 49.054847840461825 989.4210560661754 0 1 1 0 1 1 213 64 16 0 0 0 
1684649326.2764125 20.42734375 49.149401843542584 989.4291802178445 0 1 1 0 1 1 207 62 18 0 0 0 
1684649331.4294233 20.42734375 49.007569851984776 989.447983265024 0 1 1 0 1 1 207 62 18 0 0 0 
1684649336.583379 20.42734375 49.06666723477519 989.430572489234 0 1 1 0 1 1 207 62 18 0 0 0 
1684649341.732998 20.4375 48.92500919110707 989.4400888024628 0 1 1 0 1 1 228 67 18 0 0 0 
1684649346.88303 20.442578125 49.07284807999192 989.4518698352483 0 1 1 0 1 1 228 67 18 0 0 0 
1684649352.0327554 20.442578125 48.94282823979587 989.4656245029893 0 0 0 0 0 0 228 67 18 0 0 0 
1684649357.1815007 20.432421875 49.14976689270623 989.4187916526207 0 0 0 0 0 0 222 65 18 0 0 0 
1684649362.332149 20.44765625 49.0314786706068 989.4249417653441 0 0 0 0 0 0 222 65 18 0 0 0 
1684649367.4828596 20.4375 49.043478598252875 989.3666194173722 0 0 0 0 0 0 222 65 18 0 0 0 
1684649372.6366625 20.452734375 49.043478598252875 989.4431853432397 0 1 1 0 1 1 216 68 16 0 0 0 
1684649377.7907681 20.44765625 48.919453521343854 989.4367227937248 0 1 1 0 1 1 216 68 16 0 0 0 
1684649382.944294 20.4578125 49.09084934835778 989.411186567738 0 1 1 0 1 1 216 68 16 0 0 0 
1684649388.098537 20.462890625 49.13812943407292 989.4678488673329 0 1 1 0 1 1 207 65 16 0 0 0 
1684649393.2495537 20.4578125 49.04374858497288 989.406158651113 0 1 1 0 1 1 207 65 16 0 0 0 
1684649398.4028618 20.462890625 48.99055574334509 989.3887451060375 0 1 1 0 1 1 207 65 16 0 0 0 
1684649403.5553987 20.462890625 48.77186531070819 989.4319216400295 0 1 1 0 1 1 192 56 12 0 0 0 
1684649408.708742 20.473046875 48.91380865332213 989.4106248543467 0 1 1 0 1 1 192 56 12 0 0 0 
1684649413.8619955 20.462890625 48.907898084812366 989.3935025333466 0 1 1 0 1 1 192 56 12 0 0 0 
1684649419.016611 20.4578125 49.10276010387404 989.3954773350279 0 1 1 0 1 1 198 58 10 0 0 0 
1684649424.16995 20.4578125 48.90189915645262 989.4207232037058 0 1 1 0 1 1 198 58 10 0 0 0 
1684649429.3249156 20.462890625 49.043568604594206 989.4246507044408 0 1 1 0 1 1 198 58 10 0 0 0 
1684649434.4782917 20.462890625 48.91963065891573 989.4240893207182 0 1 1 0 1 1 192 56 10 0 0 0 
1684649439.63154 20.46796875 48.96100380477623 989.4106248543467 0 1 1 0 1 1 192 56 10 0 0 0 
1684649444.7849145 20.462890625 48.92554113917181 989.4210146216589 0 0 0 0 0 0 192 56 10 0 0 0 
1684649449.9378207 20.462890625 48.996376656880884 989.4439946910766 0 0 0 0 0 0 207 58 8 0 0 0 
1684649455.0911925 20.462890625 48.99055574334509 989.4207232037058 0 0 0 0 0 0 207 58 8 0 0 0 
1684649460.2446022 20.462890625 48.90172242501299 989.4027925898705 0 1 1 0 1 1 207 58 8 0 0 0 
1684649465.3979166 20.452734375 48.99055574334509 989.4173570869731 0 1 1 0 1 1 213 58 10 0 0 0 
1684649470.5512753 20.4578125 48.81897608524355 989.4210146216589 0 1 1 0 1 1 213 58 10 0 0 0 
1684649475.7046027 20.452734375 49.03765846535473 989.3856706946314 0 1 1 0 1 1 213 58 10 0 0 0 
1684649480.8579438 20.452734375 49.067028493818206 989.3859622878537 0 0 0 0 0 0 213 55 10 2 0 0 
1684649486.0127742 20.452734375 48.943094839170236 989.4089417963648 0 0 0 0 0 0 213 55 10 2 0 0 
1684649491.1650655 20.452734375 48.996376656880884 989.3994054517941 0 0 0 0 0 0 213 55 10 2 0 0 
1684649496.321323 20.44765625 49.01401780557677 989.3825752921033 0 1 1 0 1 1 213 57 8 2 0 0 
1684649501.4746554 20.442578125 49.00792840368548 989.3806215647161 0 1 1 0 1 1 213 57 8 2 0 0 
1684649506.6257923 20.452734375 49.03756852669689 989.4081117307437 0 1 1 0 1 1 213 57 8 2 0 0 
1684649511.7793503 20.44765625 48.99028758410529 989.4162356184772 0 0 0 0 0 0 234 64 8 2 0 0 
1684649516.9331145 20.442578125 49.00792840368548 989.4367227937248 0 0 0 0 0 0 234 64 8 2 0 0 
1684649522.0874786 20.452734375 49.18540886173966 989.3974520002142 0 0 0 0 0 0 234 64 8 2 0 0 
1684649527.238685 20.452734375 48.9845560682368 989.3924028688307 0 0 0 0 0 0 225 61 8 2 0 0 
1684649532.387278 20.462890625 49.138493683375806 989.3399364793172 0 1 1 0 1 1 225 61 8 2 0 0 
1684649537.5399327 20.4578125 48.895900342420184 989.3679644209312 0 1 1 0 1 1 225 61 8 2 0 0 
1684649542.6919248 20.462890625 48.854702505502296 989.3733056878759 0 1 1 0 1 1 240 64 8 2 0 0 
1684649547.8432837 20.46796875 48.94927184844373 989.3881614265799 0 1 1 0 1 1 240 64 8 2 0 0 
1684649552.9940484 20.462890625 48.94336134163025 989.3668653695458 0 1 1 0 1 1 240 64 8 2 0 0 
1684649558.1460068 20.462890625 48.86652381732798 989.3651823133822 0 1 1 0 1 1 228 59 8 2 0 0 
1684649563.2978427 20.462890625 49.04947873355168 989.3318133413138 0 1 1 0 1 1 228 59 8 2 0 0 
1684649568.4485743 20.462890625 48.97282461105121 989.3564749910091 0 1 1 0 1 1 228 59 8 2 0 0 
1684649573.5982447 20.462890625 48.95500441668732 989.3887451060375 0 1 1 0 1 1 243 64 10 2 0 0 
1684649578.7503397 20.478125 48.99082380567165 989.359549004883 0 1 1 0 1 1 243 64 10 2 0 0 
1684649583.90182 20.473046875 48.81358952820862 989.3797460063361 0 1 1 0 1 1 243 64 10 2 0 0 
1684649589.0505419 20.478125 49.07957147260683 989.3858941979992 0 1 1 0 1 1 228 59 12 2 0 0 
1684649594.2034514 20.473046875 48.7602172443784 989.3727215454683 0 1 1 0 1 1 228 59 12 2 0 0 
1684649599.3515894 20.46796875 49.08539153045181 989.3881614265799 0 1 1 0 1 1 228 59 12 2 0 0 
1684649604.505227 20.483203125 48.90207584481878 989.3811370321034 0 0 0 0 0 0 213 55 12 2 0 0 
1684649609.6561115 20.478125 48.89043089554228 989.3727215454683 0 0 0 0 0 0 213 55 12 2 0 0 
1684649614.8070798 20.473046875 49.04392852227954 989.3904281631803 0 0 0 0 0 0 213 55 12 2 0 0 
1684649619.9578536 20.473046875 48.90207584481878 989.3898445108384 0 1 1 0 1 1 243 64 12 2 0 0 
1684649625.1015096 20.462890625 48.97891344700767 989.3783548982997 0 1 1 0 1 1 243 64 12 2 0 0 
1684649630.250698 20.46796875 49.037838310366375 989.3651823133822 0 1 1 0 1 1 243 64 12 2 0 0 
1684649635.4009166 20.462890625 48.961092831222544 989.395185604257 0 1 1 0 1 1 222 62 12 2 0 0 
1684649640.5543327 20.462890625 49.061479347097524 989.3634992572885 0 1 1 0 1 1 222 62 12 2 0 0 
1684649645.707748 20.46796875 48.81332759020688 989.3629151710926 0 1 1 0 1 1 222 62 12 2 0 0 
1684649650.8592577 20.473046875 49.05592947634544 989.39291871633 0 1 1 0 1 1 216 57 14 2 0 0 
1684649656.008055 20.473046875 48.854702505502296 989.3564749910091 0 1 1 0 1 1 216 57 14 2 0 0 
1684649661.1595366 20.483203125 48.890166317586775 989.3345950955362 0 1 1 0 1 1 216 57 14 2 0 0 
1684649666.3111563 20.473046875 48.91980775341433 989.3356934250415 0 1 1 0 1 1 210 55 14 2 0 0 
1684649671.4598649 20.46796875 48.85479030278084 989.3932106795655 0 1 1 0 1 1 210 55 14 2 0 0 
1684649676.6088033 20.46796875 49.05574931137789 989.3427181780307 0 0 0 0 0 0 210 55 14 2 0 0 
1684649681.758503 20.473046875 48.79568244976784 989.3393520134995 0 0 0 0 0 0 231 62 14 2 0 0 
1684649686.9069157 20.473046875 48.783773770800146 989.3359858492481 0 0 0 0 0 0 231 62 14 2 0 0 
1684649692.0576108 20.478125 48.88416756144721 989.3326196852762 0 1 1 0 1 1 231 62 14 2 0 0 
1684649697.2115805 20.473046875 48.890166317586775 989.3612320879528 0 1 1 0 1 1 225 62 14 2 0 0 
1684649702.3603792 20.473046875 49.00255543652239 989.3676722543261 0 1 1 0 1 1 225 62 14 2 0 0 
1684649707.5087907 20.473046875 48.77212585945288 989.3393520134995 0 1 1 0 1 1 225 62 14 2 0 0 
1684649712.6597855 20.473046875 48.93162897439661 989.3555982064735 1 1 2 1 1 2 252 76 18 2 0 0 
1684649717.8106244 20.478125 48.913897127498764 989.3225211950389 1 1 2 1 1 2 252 76 18 2 0 0 
1684649722.9637496 20.478125 48.86661174998803 989.2978601241718 1 1 2 1 1 2 252 76 18 2 0 0 
1684649728.112579 20.478125 48.913897127498764 989.3141057884307 1 1 2 1 1 2 237 71 16 2 0 0 
1684649733.2651467 20.478125 48.807591347608515 989.3356934250415 1 1 2 1 1 2 237 71 16 2 0 0 
1684649738.4167542 20.478125 48.83697046064341 989.2969822444201 1 1 2 1 1 2 237 71 16 2 0 0 
1684649743.5672772 20.478125 48.89043089554228 989.3253022376052 1 1 2 1 1 2 243 73 14 2 0 0 
1684649748.7176487 20.478125 48.93753956946332 989.3070808097115 1 1 2 1 1 2 243 73 14 2 0 0 
1684649753.8691018 20.473046875 49.03801811230595 989.3154962827107 1 1 2 1 1 2 243 73 14 2 0 0 
1684649759.0183215 20.478125 48.90807488701979 989.3253022376052 1 1 2 1 1 2 228 70 14 2 0 0 
1684649764.1686158 20.483203125 48.979002654976775 989.3165939024557 1 1 2 1 1 2 228 70 14 2 0 0 
1684649769.3173425 20.473046875 48.813676819338674 989.3132276586745 1 1 2 1 1 2 228 70 14 2 0 0 
1684649774.4687662 20.46796875 49.03801811230595 989.3247166791966 0 1 1 0 1 1 207 59 12 2 0 0 
1684649779.6220634 20.483203125 49.032197509183355 989.3258873581715 0 1 1 0 1 1 207 59 12 2 0 0 
1684649784.7747188 20.478125 48.984823959810775 989.3505488767554 0 1 1 0 1 1 207 59 12 2 0 0 
1684649789.9281049 20.478125 48.90225249011149 989.3222286623687 0 1 1 0 1 1 201 57 10 0 0 0 
1684649795.0814667 20.483203125 49.06766028257768 989.313813187971 0 1 1 0 1 1 201 57 10 0 0 0 
1684649800.233915 20.478125 48.93753956946332 989.313813187971 0 1 1 0 1 1 201 57 10 0 0 0 
1684649805.3903434 20.46796875 48.902164172849325 989.3275704398427 0 1 1 0 1 1 201 60 10 0 0 0 
1684649810.5476608 20.473046875 48.90798649130025 989.3225211950389 0 1 1 0 1 1 201 60 10 0 0 0 
1684649815.7008872 20.462890625 48.96709239055261 989.2908353400431 0 1 1 0 1 1 201 60 10 0 0 0 
1684649820.8515449 20.46796875 48.848967282571756 989.3306441385148 0 1 1 0 1 1 207 57 12 0 0 0 
1684649826.0048382 20.46796875 48.88434384367669 989.3056903835708 0 1 1 0 1 1 207 57 12 0 0 0 
1684649831.1814246 20.473046875 48.7245790419946 989.3124227073188 0 1 1 0 1 1 207 57 12 0 0 0 
1684649836.3352396 20.478125 48.90207584481878 989.3160813470588 0 1 1 0 1 1 207 55 14 2 0 0 
1684649841.4884663 20.46796875 48.94927184844373 989.3110321443969 0 1 1 0 1 1 207 55 14 2 0 0 
1684649846.64104 20.483203125 48.82532395286331 989.3023242221163 0 1 1 0 1 1 207 55 14 2 0 0 
1684649851.7932763 20.478125 48.96700330718789 989.3003484325709 0 1 1 0 1 1 213 57 16 2 0 0 
1684649856.9454942 20.473046875 48.97300292392162 989.3205455673494 0 1 1 0 1 1 213 57 16 2 0 0 
1684649862.0987256 20.483203125 49.043838559010204 989.3090565453051 0 1 1 0 1 1 213 57 16 2 0 0 
1684649867.2540152 20.473046875 48.90807488701979 989.3053977153214 0 1 1 0 1 1 192 50 14 2 0 0 
1684649872.4074504 20.473046875 48.89616518805437 989.2922257394312 0 1 1 0 1 1 192 50 14 2 0 0 
1684649877.5607915 20.478125 49.01446598366318 989.2871764990325 0 1 1 0 1 1 192 50 14 2 0 0 
1684649882.714244 20.483203125 48.849054990622186 989.3202529116631 0 1 1 0 1 1 201 48 16 2 0 0 
1684649887.8676777 20.48828125 49.09712174930914 989.3141057884307 0 1 1 0 1 1 201 48 16 2 0 0 
1684649893.020015 20.48828125 48.902164172849325 989.3196672719065 0 1 1 0 1 1 201 48 16 2 0 0 
1684649898.1731625 20.483203125 48.79594374622656 989.3053977153214 0 1 1 0 1 1 189 44 16 2 0 0 
1684649903.327443 20.478125 48.837233210951354 989.3266926354777 0 1 1 0 1 1 189 44 16 2 0 0 
1684649908.4791281 20.513671875 48.985273662211775 989.3120552865012 0 1 1 0 1 1 189 44 16 2 0 0 
1684649913.6316698 20.503515625 48.6897183723296 989.3014458076431 0 1 1 0 1 1 183 42 14 2 0 0 
1684649918.7860794 20.50859375 48.86714249913611 989.3086889345353 0 1 1 0 1 1 183 42 14 2 0 0 
1684649923.9416132 20.503515625 48.938075223471635 989.3238375205847 0 1 1 0 1 1 183 42 14 2 0 0 
1684649929.0933416 20.513671875 48.86714249913611 989.2982964051307 0 1 1 0 1 1 174 46 14 2 0 0 
1684649934.2435586 20.50859375 48.87905271494994 989.3484989302289 0 1 1 0 1 1 174 46 14 2 0 0 
1684649939.3956938 20.503515625 48.760913901876975 989.3465224246024 0 1 1 0 1 1 174 46 14 2 0 0 
1684649944.5475714 20.50859375 48.74909099615511 989.2946364153895 0 1 1 0 1 1 186 50 14 2 0 0 
1684649949.7005634 20.513671875 48.73135656043594 989.3283004787717 0 1 1 0 1 1 186 50 14 2 0 0 
1684649954.8515205 20.513671875 48.84949674044754 989.3182012568197 0 1 1 0 1 1 186 50 14 2 0 0 
1684649960.0026836 20.523828125 48.86731820210108 989.317907725377 0 1 1 0 1 1 165 43 12 2 0 0 
1684649965.1533895 20.51875 48.77273676645945 989.3280070286779 0 1 1 0 1 1 165 43 12 2 0 0 
1684649970.302778 20.513671875 48.73726804929385 989.3246405939645 0 1 1 0 1 1 165 43 12 2 0 0 
1684649975.456157 20.513671875 48.80811794419045 989.339789552378 0 1 1 0 1 1 186 55 14 2 0 0 
1684649980.6075761 20.513671875 48.68397853174317 989.3336433906327 0 1 1 0 1 1 186 55 14 2 0 0 
1684649985.7581623 20.513671875 48.72544506129319 989.3030524286124 0 1 1 0 1 1 186 55 14 2 0 0 
1684649990.9095836 20.523828125 48.8674060374309 989.3044419915589 0 1 1 0 1 1 186 50 10 0 0 0 
1684649996.060594 20.51875 48.77282351870857 989.3327631623724 0 1 1 0 1 1 186 50 10 0 0 0 
1684650001.2138364 20.51875 48.70779650975194 989.2977091263285 0 1 1 0 1 1 186 50 10 0 0 0 
1684650006.3631208 20.51875 48.814116468525384 989.3296902461395 0 1 1 0 1 1 180 48 8 0 0 0 
1684650011.5161145 20.503515625 48.73709532483093 989.3246405939645 0 1 1 0 1 1 180 48 8 0 0 0 
1684650016.6667957 20.51875 48.77864818332342 989.2865140834837 0 1 1 0 1 1 180 48 8 0 0 0 
1684650021.8153157 20.51875 48.81994050882982 989.2842433992247 0 1 1 0 1 1 216 55 8 0 0 0 
1684650026.9698784 20.50859375 48.796295338412634 989.2778043941892 0 1 1 0 1 1 216 55 8 0 0 0 
1684650032.1190393 20.513671875 48.84958438347282 989.3044419915589 0 1 1 0 1 1 216 55 8 0 0 0 
1684650037.2712202 20.50859375 48.837761786296404 989.2828539998151 0 1 1 0 1 1 207 57 8 0 0 0 
1684650042.4202073 20.50859375 48.80229374793079 989.2851244786071 0 1 1 0 1 1 207 57 8 0 0 0 
1684650047.5691917 20.513671875 48.78447269149636 989.2848308949568 0 1 1 0 1 1 207 57 8 0 0 0 
1684650052.723049 20.513671875 48.89096314961755 989.3030524286124 0 1 1 0 1 1 207 57 8 0 0 0 
1684650057.8731349 20.50859375 48.69571563459692 989.3168114889281 0 1 1 0 1 1 207 57 8 0 0 0 
1684650063.024523 20.523828125 48.80820511337051 989.2996860231135 0 1 1 0 1 1 207 57 8 0 0 0 
1684650068.163472 20.50859375 48.73144283881826 989.2859266148678 0 1 1 0 1 1 249 69 8 0 0 0 
1684650073.3107631 20.513671875 48.7431795278669 989.2990985524675 0 1 1 0 1 1 249 69 8 0 0 0 
1684650078.456804 20.513671875 48.79064488609087 989.269094461583 0 1 1 0 1 1 249 69 8 0 0 0 
1684650083.594312 20.52890625 48.84393575141743 989.2836554655661 1 1 1 1 1 1 258 72 8 0 0 0 
1684650088.7428756 20.523828125 48.66632950419902 989.3136599589295 1 1 1 1 1 1 258 72 8 0 0 0 
1684650093.8938088 20.51875 48.84958438347282 989.28731594561 1 1 1 1 1 1 258 72 8 0 0 0 
1684650099.0429525 20.513671875 48.65459166767527 989.3007817822981 1 1 1 1 1 1 279 79 10 0 0 0 
1684650104.193513 20.52890625 48.69631666462563 989.2954381663518 1 1 1 1 1 1 279 79 10 0 0 0 
1684650109.3475587 20.513671875 48.920519102604054 989.2974153227067 1 1 1 1 1 1 279 79 10 0 0 0 
1684650114.4975293 20.51875 48.83784928316999 989.3055376268957 1 2 2 1 2 2 306 88 10 0 0 0 
1684650119.6494718 20.523828125 48.96207483075346 989.2906824043623 1 2 2 1 2 2 306 88 10 0 0 0 
1684650124.7999775 20.523828125 48.73735439537213 989.2906824043623 1 2 2 1 2 2 306 88 10 0 0 0 
1684650129.950815 20.52890625 48.66675706506489 989.3150492335657 1 1 1 1 1 1 300 83 10 0 0 0 
1684650135.1015196 20.52890625 48.80846655629911 989.3358360236349 1 1 1 1 1 1 300 83 10 0 0 0 
1684650140.2498171 20.52890625 48.802729093836305 989.3190035782044 1 1 1 1 1 1 300 83 10 0 0 0 
1684650145.400699 20.523828125 48.88531601106264 989.3145412915028 1 1 1 1 1 1 273 81 10 0 0 0 
1684650150.5502477 20.5341796875 48.73769967199745 989.3089041143033 1 1 1 1 1 1 273 81 10 0 0 0 
1684650155.7019746 20.5341796875 48.79655640748751 989.2917776167966 1 1 1 1 1 1 273 81 10 0 0 0 
1684650160.850469 20.5341796875 48.772996990900744 989.3083161494454 1 1 1 1 1 1 258 74 10 0 0 0 
1684650166.001626 20.52890625 48.82602650947003 989.3108811627519 1 1 1 1 1 1 258 74 10 0 0 0 
1684650171.152216 20.5392578125 48.826201200143274 989.3136599589295 1 1 1 1 1 1 258 74 10 0 0 0 
1684650176.303343 20.523828125 48.7730837108438 989.3355423128824 0 1 1 0 1 1 222 67 10 0 0 0 
1684650181.4546008 20.523828125 48.802729093836305 989.349301985015 0 1 1 0 1 1 222 67 10 0 0 0 
1684650186.6015875 20.523828125 48.88522799419873 989.3422753472457 0 1 1 0 1 1 222 67 10 0 0 0 
1684650191.753929 20.523828125 48.73744073068163 989.3156370899576 1 1 1 1 1 1 237 70 8 0 0 0 
1684650196.9038699 20.523828125 48.63120012171452 989.3307862892714 1 1 1 1 1 1 237 70 8 0 0 0 
1684650202.0563514 20.52890625 48.82046417469485 989.3187097318693 1 1 1 1 1 1 237 70 8 0 0 0 
1684650207.2096472 20.5341796875 48.725876007035644 989.34059208855 1 1 1 1 1 1 243 72 10 0 0 0 
1684650212.3630376 20.5341796875 48.66684254493118 989.3102934439858 1 1 1 1 1 1 243 72 10 0 0 0 
1684650217.515129 20.5341796875 48.89140357238641 989.3456418648473 1 1 1 1 1 1 243 72 10 0 0 0 
1684650222.6683981 20.52890625 48.761173720150175 989.3459354942503 0 1 1 0 1 1 222 62 12 0 0 0 
1684650227.8237145 20.52890625 49.00954319357793 989.315930853923 0 1 1 0 1 1 222 62 12 0 0 0 
1684650232.9769707 20.5341796875 48.78464647754004 989.3644511969184 0 1 1 0 1 1 222 62 12 0 0 0 
1684650238.1302896 20.523828125 48.87949251466111 989.3347398989441 0 1 1 0 1 1 249 71 12 0 0 0 
1684650243.2830422 20.51875 48.73744073068163 989.3498888611342 0 1 1 0 1 1 249 71 12 0 0 0 
1684650248.4385822 20.523828125 48.7137941719703 989.3428625507993 0 1 1 0 1 1 249 71 12 0 0 0 
1684650253.5923002 20.523828125 48.873317357427815 989.3543517216867 0 1 2 0 1 2 237 67 12 2 0 0 
1684650258.7454638 20.513671875 48.832025319875655 989.3229573767129 0 1 2 0 1 2 237 67 12 2 0 0 
1684650263.8980796 20.523828125 48.7847333544089 989.3616713911986 0 1 2 0 1 2 237 67 12 2 0 0 
1684650269.0503912 20.523828125 48.78464647754004 989.3333500906919 0 1 2 0 1 2 231 62 12 2 0 0 
1684650274.2036796 20.51875 48.725358839838265 989.3448392064414 0 1 2 0 1 2 231 62 12 2 0 0 
1684650279.3573835 20.513671875 48.985452094243875 989.3572080647685 0 1 2 0 1 2 231 62 12 2 0 0 
1684650284.5125544 20.513671875 48.7017989618737 989.3515720795051 0 1 1 0 1 1 195 53 10 2 0 0 
1684650289.6649356 20.50859375 48.920519102604054 989.3599881724082 0 1 1 0 1 1 195 53 10 2 0 0 
1684650294.8213105 20.513671875 48.908520101641756 989.3383997032413 0 1 1 0 1 1 195 53 10 2 0 0 
1684650299.9748092 20.513671875 48.760913901876975 989.3252274389063 0 1 1 0 1 1 195 51 10 2 0 0 
1684650305.128229 20.513671875 48.81429090996553 989.3333500906919 0 1 1 0 1 1 195 51 10 2 0 0 
1684650310.2808561 20.523828125 48.60721291862001 989.3549385164566 0 1 1 0 1 1 195 51 10 2 0 0 
1684650315.4333076 20.523828125 48.820115107192436 989.3482056428334 0 1 1 0 1 1 216 60 10 2 0 0 
1684650320.5866544 20.513671875 48.79638237220622 989.3454257259872 0 1 1 0 1 1 216 60 10 2 0 0 
1684650325.7400174 20.51875 48.70162704976919 989.3650378289893 0 1 1 0 1 1 216 60 10 2 0 0 
1684650330.893074 20.513671875 48.8496720157296 989.3370097718129 0 1 1 0 1 1 210 58 8 2 0 0 
1684650336.0463955 20.51875 48.94425239515436 989.3364231166855 0 1 1 0 1 1 210 58 8 2 0 0 
1684650341.199973 20.513671875 48.93825255097778 989.3484989302289 0 1 1 0 1 1 210 58 8 2 0 0 
1684650346.3515422 20.52890625 48.91469630942394 989.3580116381605 0 1 1 0 1 1 189 53 8 2 0 0 
1684650351.5025246 20.523828125 48.74335234464616 989.3678176892215 0 1 1 0 1 1 189 53 8 2 0 0 
1684650356.6521692 20.523828125 48.71979194852813 989.3291030446235 0 1 1 0 1 1 189 53 8 2 0 0 
1684650361.8031783 20.52890625 48.85567105576134 989.3291030446235 0 1 1 0 1 1 204 58 8 2 0 0 
1684650366.9533875 20.52890625 48.74952329581513 989.3358360236349 0 1 1 0 1 1 204 58 8 2 0 0 
1684650372.101527 20.5341796875 48.75534858620511 989.3509852305024 0 1 1 0 1 1 204 58 8 2 0 0 
1684650377.2535071 20.52890625 48.666586073025435 989.3318819487624 0 1 2 0 1 2 189 58 8 4 0 0 
1684650382.404067 20.5341796875 48.89149162463504 989.3291030446235 0 1 2 0 1 2 189 58 8 4 0 0 
1684650387.5559494 20.52890625 48.72578983942477 989.3439586060116 0 1 2 0 1 2 189 58 8 4 0 0 
1684650392.70499 20.5341796875 48.74960972344089 989.3689139468152 0 1 2 0 1 2 195 56 10 4 0 0 
1684650397.8515491 20.5443359375 48.60763709449127 989.3436648535618 0 1 2 0 1 2 195 56 10 4 0 0 
1684650403.003406 20.5341796875 48.75543509229493 989.3722804937712 0 1 2 0 1 2 195 56 10 4 0 0 
1684650408.153319 20.5392578125 48.78508075419773 989.3517874220821 0 1 1 0 1 1 237 63 10 2 0 0 
1684650413.3022943 20.5443359375 48.74960972344089 989.3638641269056 0 1 1 0 1 1 237 63 10 2 0 0 
1684650418.4537306 20.5341796875 48.690490515944965 989.3804032987282 0 1 1 0 1 1 237 63 10 2 0 0 
1684650423.6015148 20.5341796875 48.69623083549962 989.3958463302981 0 0 0 0 0 0 237 66 12 2 0 0 
1684650428.7537272 20.5443359375 48.79690434882655 989.3672306734421 0 0 0 0 0 0 237 66 12 2 0 0 
1684650433.9053755 20.5443359375 48.77899539848511 989.3436648535618 0 0 0 0 0 0 237 66 12 2 0 0 
1684650439.0562494 20.5392578125 48.690490515944965 989.3722804937712 1 1 1 1 1 1 258 73 10 2 0 0 
1684650444.2072415 20.5443359375 48.64319440933715 989.3736701494635 1 1 1 1 1 1 258 73 10 2 0 0 
1684650449.357111 20.5443359375 48.903314848958324 989.4006027532371 1 1 1 1 1 1 258 73 10 2 0 0 
1684650454.5107372 20.5341796875 48.879580442298106 989.3672306734421 1 2 2 1 2 2 285 82 12 2 0 0 
1684650459.663841 20.5392578125 48.64927697989592 989.3739637673543 1 2 2 1 2 2 285 82 12 2 0 0 
1684650464.815037 20.5392578125 48.76151999375236 989.3804032987282 1 2 2 1 2 2 285 82 12 2 0 0 
1684650469.9668946 20.5443359375 48.85028514000936 989.3716931213798 1 2 2 1 2 2 279 80 12 2 0 0 
1684650475.120004 20.5544921875 48.785254389480194 989.3066328785903 1 2 2 1 2 2 279 80 12 2 0 0 
1684650480.2709556 20.5443359375 48.81472682511568 989.3464436192783 1 2 2 1 2 2 279 80 12 2 0 0 
1684650485.4215307 20.5494140625 48.8324622504131 989.3540581600748 1 2 2 1 2 2 279 80 12 2 0 0 
1684650490.5708196 20.5392578125 48.84454825109733 989.3669370013179 1 2 2 1 2 2 279 80 12 2 0 0 
1684650495.7222114 20.5443359375 48.77942917514208 989.3588143076254 1 2 2 1 2 2 279 80 12 2 0 0 
1684650500.8739843 20.5544921875 48.77334380606083 989.4258520855368 1 2 2 1 2 2 279 80 12 2 0 0 
1684650506.0259545 20.5443359375 48.86210877910526 989.4030885514794 1 2 2 1 2 2 279 80 12 2 0 0 
1684650511.1767354 20.5544921875 48.69657408739033 989.4000156228414 1 2 2 1 2 2 279 80 12 2 0 0 
1684650516.3257835 20.5443359375 48.78516757722329 989.4154589623032 1 2 2 1 2 2 285 82 14 4 0 0 
1684650521.4767892 20.5494140625 48.67292561593702 989.3877233584706 1 2 2 1 2 2 285 82 14 4 0 0 
1684650526.6274295 20.5392578125 48.70831232918247 989.4645677589621 1 2 2 1 2 2 285 82 14 4 0 0 
1684650531.7790809 20.5392578125 48.903314848958324 989.3975296048604 1 2 2 1 2 2 306 87 12 2 0 0 
1684650536.9333408 20.5494140625 48.79690434882655 989.4174356396882 1 2 2 1 2 2 306 87 12 2 0 0 
1684650542.0842624 20.5341796875 48.86784505255327 989.3975296048604 1 2 2 1 2 2 306 87 12 2 0 0 
1684650547.2345629 20.5341796875 48.867757271065685 989.3863334018912 0 1 2 0 1 2 279 82 14 4 2 0 
1684650552.3841975 20.5341796875 48.84384820838913 989.4045559681598 0 1 2 0 1 2 279 82 14 4 2 0 
1684650557.5350602 20.5341796875 48.65484779800111 989.3860400978864 0 1 2 0 1 2 279 82 14 4 2 0 
1684650562.6815283 20.5341796875 48.82046417469485 989.4275353749164 1 2 3 1 2 3 249 79 16 4 2 0 
1684650567.8286288 20.5341796875 48.790992556655276 989.4126790790676 1 2 3 1 2 3 249 79 16 4 2 0 
1684650572.9754596 20.5392578125 48.87375671100311 989.4076292537023 1 2 3 1 2 3 249 79 16 4 2 0 
1684650578.124779 20.5341796875 48.88557999704399 989.3941630558058 1 2 3 1 2 3 240 76 14 4 2 0 
1684650583.2791946 20.5392578125 48.850022437071836 989.4261452831191 0 1 2 0 1 2 240 76 14 4 2 0 
1684650588.4284813 20.5341796875 48.8088149961102 989.3891132327487 0 1 2 0 1 2 240 76 14 4 2 0 
1684650593.577755 20.5392578125 48.75552158761602 989.444075114626 0 1 3 0 1 3 225 71 16 6 2 0 
1684650598.7287562 20.5443359375 48.838286606010115 989.4003092427866 0 2 4 0 2 4 225 71 16 6 2 0 
1684650603.8766694 20.5443359375 48.96834184726849 989.3905030247236 0 2 4 0 2 4 225 71 16 6 2 0 
1684650609.0279698 20.5494140625 48.86793282327242 989.4292186643657 0 1 3 0 1 3 204 66 14 6 2 0 
1684650614.1780808 20.5646484375 48.64936222435784 989.3946719068015 0 1 3 0 1 3 204 66 14 6 2 0 
1684650619.3305976 20.5748046875 48.85645977379597 989.3839839040552 0 1 3 0 1 3 204 66 14 6 2 0 
1684650624.4839242 20.5646484375 48.750128063051726 989.4227010980887 0 1 3 0 1 3 195 63 14 6 2 0 
1684650629.6372447 20.5798828125 48.70282952991548 989.395473308906 0 1 3 0 1 3 195 63 14 6 2 0 
1684650634.7905314 20.5748046875 48.60248726966305 989.407256897162 0 1 3 0 1 3 195 63 14 6 2 0 
1684650639.9436278 20.5748046875 48.696831413235074 989.408646181085 0 1 3 0 1 3 180 56 14 6 2 0 
1684650645.1001444 20.5748046875 48.72647887878505 989.4237966365356 0 1 3 0 1 3 180 56 14 6 2 0 
1684650650.25347 20.5798828125 48.76212555796062 989.4187464840891 0 1 3 0 1 3 180 56 14 6 2 0 
1684650655.4067008 20.5849609375 48.60839993260526 989.4120129484733 0 2 3 0 2 3 180 56 16 6 2 0 
1684650660.5639188 20.5900390625 48.75621316251042 989.4187464840891 0 2 3 0 2 3 180 56 16 6 2 0 
1684650665.7172048 20.5798828125 48.702915340587985 989.4002292638387 0 2 3 0 2 3 180 56 16 6 2 0 
1684650670.870104 20.5849609375 48.620225227625205 989.4120129484733 0 1 3 0 1 3 165 51 12 4 2 0 
1684650676.0229058 20.5849609375 48.79759971461064 989.436969747681 0 1 3 0 1 3 165 51 12 4 2 0 
1684650681.1754162 20.5798828125 48.70300114049163 989.4153797161413 0 1 3 0 1 3 165 51 12 4 2 0 
1684650686.3293839 20.5798828125 48.64387569420726 989.3901289654515 0 1 3 0 1 3 138 44 12 4 2 0 
1684650691.4829638 20.5849609375 48.77395031799657 989.4184523698221 0 1 3 0 1 3 138 44 12 4 2 0 
1684650696.6362624 20.5849609375 48.70300114049163 989.4355803280255 0 1 3 0 1 3 138 44 12 4 2 0 
1684650701.7934556 20.5748046875 48.584749219107515 989.4338969433171 0 1 1 0 1 1 117 37 8 2 0 0 
1684650706.9474726 20.5849609375 48.60231796086865 989.4403365445646 0 1 1 0 1 1 117 37 8 2 0 0 
1684650712.1009545 20.5748046875 48.58458031652406 989.3960613695372 0 1 1 0 1 1 117 37 8 2 0 0 
1684650717.254578 20.5798828125 48.77968931191223 989.3634893009175 0 0 1 0 0 1 105 33 6 2 0 0 
1684650722.407897 20.5697265625 48.69708864215988 989.3688337077671 0 0 1 0 0 1 105 33 6 2 0 0 
1684650727.561251 20.5849609375 48.750128063051726 989.4052794139766 0 0 1 0 0 1 105 33 6 2 0 0 
1684650732.71441 20.5798828125 48.76803794312268 989.4201357674596 0 0 1 0 0 1 120 33 8 2 0 0 
1684650737.8677218 20.5849609375 48.73847591443087 989.3789338379963 0 0 1 0 0 1 120 33 8 2 0 0 
1684650743.0205214 20.5646484375 48.51379609095154 989.3803229861848 0 0 1 0 0 1 120 33 8 2 0 0 
1684650748.1731877 20.5798828125 48.67352399659579 989.395473308906 0 0 0 0 0 0 129 36 6 0 0 0 
1684650753.3265908 20.5697265625 48.697002909953824 989.3833954345922 0 0 0 0 0 0 129 36 6 0 0 0 
1684650758.4798887 20.5849609375 48.72665103093707 989.3971566784471 0 0 0 0 0 0 129 36 6 0 0 0 
1684650763.6314712 20.5900390625 48.69100479375461 989.3665616123412 0 0 0 0 0 0 129 34 6 0 0 0 
1684650768.7843778 20.5900390625 48.6794366037787 989.3999350004278 0 0 0 0 0 0 129 34 6 0 0 0 
1684650773.938995 20.5900390625 48.65587135009515 989.3881512243111 0 0 0 0 0 0 129 34 6 0 0 0 
1684650779.0878692 20.5849609375 48.56118250532659 989.436675673046 0 0 0 0 0 0 144 37 6 0 0 0 
1684650784.2387896 20.5849609375 48.71508384757193 989.4002292638387 0 0 0 0 0 0 144 37 6 0 0 0 
1684650789.389863 20.5900390625 48.620394899549986 989.4282586142679 0 0 0 0 0 0 144 37 6 0 0 0 
1684650794.541697 20.5951171875 48.579089585012085 989.4131079128746 0 0 0 0 0 0 165 44 6 0 0 0 
1684650799.6926556 20.5951171875 48.65578611331675 989.4184523698221 0 0 0 0 0 0 165 44 6 0 0 0 
1684650804.844335 20.5900390625 48.83907310870567 989.3948848102436 0 0 0 0 0 0 165 44 6 0 0 0 
1684650809.9959164 20.5900390625 48.6794366037787 989.3682449942515 0 0 0 0 0 0 186 51 6 0 0 0 
1684650815.149894 20.5849609375 48.76221202405838 989.4063742696296 0 0 0 0 0 0 186 51 6 0 0 0 
1684650820.2980545 20.5849609375 48.72682314001387 989.4131079128746 0 0 0 0 0 0 186 51 6 0 0 0 
1684650825.4498904 20.5951171875 48.856810035164465 989.4060798414249 0 0 0 0 0 0 180 47 6 0 0 0 
1684650830.600504 20.5900390625 48.67960760815785 989.4411375126864 0 0 0 0 0 0 180 47 6 0 0 0 
1684650835.7512999 20.5900390625 48.60274115208621 989.4282586142679 0 0 0 0 0 0 180 47 6 0 0 0 
1684650840.8984184 20.5951171875 48.63804813744219 989.3942958735295 0 0 0 0 0 0 201 49 6 0 0 0 
1684650846.0452724 20.5951171875 48.66178405584248 989.379145062701 0 0 0 0 0 0 201 49 6 0 0 0 
1684650851.1968613 20.5951171875 48.4430898796442 989.3956846782303 0 0 0 0 0 0 201 49 6 0 0 0 
1684650856.3512845 20.5951171875 48.543695854643985 989.3639942575387 0 0 0 0 0 0 195 47 6 0 0 0 
1684650861.5010285 20.6052734375 48.69151868388399 989.3861733466106 0 0 0 0 0 0 195 47 6 0 0 0 
1684650866.6550224 20.6052734375 48.549608891282766 989.4259865622012 0 0 0 0 0 0 195 47 6 0 0 0 
1684650871.807092 20.6103515625 48.59699734145081 989.387267492261 0 0 0 0 0 0 180 42 4 0 0 0 
1684650876.9608593 20.5951171875 48.632390323870354 989.4041018659486 0 0 0 0 0 0 180 42 4 0 0 0 
1684650882.1124368 20.6052734375 48.608569333725924 989.4080576803359 0 0 0 0 0 0 180 42 4 0 0 0 
1684650887.2631214 20.5951171875 48.49031141198759 989.4158859316923 0 0 0 0 0 0 186 49 2 0 0 0 
1684650892.4136412 20.5951171875 48.69126178727933 989.4282586142679 0 0 0 0 0 0 186 49 2 0 0 0 
1684650897.565648 20.5849609375 48.71491203081991 989.426575202722 0 0 0 0 0 0 186 49 2 0 0 0 
1684650902.7166357 20.5951171875 48.82716122889476 989.4195472375027 0 0 0 0 0 0 192 49 4 0 0 0 
1684650907.8706107 20.5900390625 48.74438834074554 989.4420199431114 0 0 0 0 0 0 192 49 4 0 0 0 
1684650913.024029 20.5900390625 48.7682109999395 989.3965682069017 0 0 0 0 0 0 192 49 4 0 0 0 
1684650918.1753926 20.5900390625 48.79759971461064 989.3934957313006 0 0 0 0 0 0 207 56 4 0 0 0 
1684650923.3259692 20.5951171875 48.67935108543573 989.426575202722 0 0 0 0 0 0 207 56 4 0 0 0 
1684650928.4790273 20.5849609375 48.70325847558936 989.4111301144294 0 0 0 0 0 0 207 56 4 0 0 0 
1684650933.6279287 20.5900390625 48.74456085599946 989.4049851912413 0 0 0 0 0 0 186 51 4 0 0 0 
1684650938.780051 20.6001953125 48.827248439624526 989.4030074484269 0 0 0 0 0 0 186 51 4 0 0 0 
1684650943.9329245 20.5951171875 48.75047340741741 989.391223576421 0 0 0 0 0 0 186 51 4 0 0 0 
1684650949.0838761 20.5951171875 48.525872957196874 989.3979572171475 0 1 1 0 1 1 180 48 8 2 0 0 
1684650954.2384648 20.5951171875 48.63213545824057 989.4080576803359 0 1 1 0 1 1 180 48 8 2 0 0 
1684650959.3904123 20.5951171875 48.774123510202934 989.4063742696296 0 1 1 0 1 1 180 48 8 2 0 0 
1684650964.5398462 20.5951171875 48.70325847558936 989.4394540734637 0 1 1 0 1 1 174 46 6 2 0 0 
1684650969.689075 20.6001953125 48.67960760815785 989.38112311743 0 1 1 0 1 1 174 46 6 2 0 0 
1684650974.8373592 20.5951171875 48.803598978001574 989.4060798414249 0 1 1 0 1 1 174 46 6 2 0 0 
1684650979.9864166 20.5951171875 48.70325847558936 989.40102956905 0 1 1 0 1 1 189 53 8 2 0 0 
1684650985.1403544 20.5951171875 48.8392477686288 989.4447986172158 0 1 1 0 1 1 189 53 8 2 0 0 
1684650990.291718 20.5951171875 48.70334423241754 989.4212306623272 0 1 1 0 1 1 189 53 8 2 0 0 
1684650995.4428153 20.5951171875 48.69134743024978 989.4316254375692 0 1 1 0 1 1 174 53 8 2 0 0 
1684651000.5946903 20.5900390625 48.56118250532659 989.3850788172022 0 1 1 0 1 1 174 53 8 2 0 0 
1684651005.7434187 20.5900390625 48.68526361463193 989.4052794139766 0 1 1 0 1 1 174 53 8 2 0 0 
1684651010.8937333 20.5951171875 48.608484638550145 989.4097410911122 0 1 2 0 1 2 201 60 10 4 0 0 
1684651016.0446677 20.5849609375 48.8802834757312 989.4218191651668 0 1 2 0 1 2 201 60 10 4 0 0 
1684651021.1944637 20.5900390625 48.596743726747356 989.446187830774 0 1 2 0 1 2 201 60 10 4 0 0 
1684651026.3469427 20.5951171875 48.578836515012696 989.4599494525988 0 1 2 0 1 2 216 65 10 4 0 0 
1684651031.4993725 20.5951171875 48.74456085599946 989.4282586142679 0 1 2 0 1 2 216 65 10 4 0 0 
1684651036.652724 20.5951171875 48.750387087479105 989.4608311070461 0 1 2 0 1 2 216 65 10 4 0 0 
1684651041.8055089 20.5951171875 48.80351203804377 989.4248917912463 0 1 1 0 1 1 195 56 10 4 0 0 
1684651046.9586895 20.5849609375 48.478485393463984 989.3884455826317 0 1 1 0 1 1 195 56 10 4 0 0 
1684651052.1120443 20.5900390625 48.70317270799231 989.4481654690334 0 1 1 0 1 1 195 56 10 4 0 0 
1684651057.264971 20.5849609375 48.78577503687991 989.4131079128746 0 1 1 0 1 1 189 56 8 4 0 0 
1684651062.418266 20.5849609375 48.608484638550145 989.4181581460427 0 1 1 0 1 1 189 56 8 4 0 0 
1684651067.5736957 20.5951171875 48.63205048149254 989.3884455826317 0 1 1 0 1 1 189 56 8 4 0 0 
1684651072.726864 20.5697265625 48.82124894661425 989.4190404888458 0 1 1 0 1 1 168 49 8 4 0 0 
1684651077.8794742 20.5900390625 48.839160444051494 989.4346980634417 0 1 1 0 1 1 168 49 8 4 0 0 
1684651083.0320575 20.5951171875 48.80959835572245 989.4360871952283 0 1 1 0 1 1 168 49 8 4 0 0 
1684651088.1845582 20.5900390625 48.66161343611818 989.4131079128746 0 1 1 0 1 1 225 54 10 4 0 0 
1684651093.338281 20.5900390625 48.7682109999395 989.4167689722548 0 1 1 0 1 1 225 54 10 4 0 0 
1684651098.4903686 20.5849609375 48.82124894661425 989.4083519854668 0 1 1 0 1 1 225 54 10 4 0 0 
1684651103.6438756 20.5951171875 48.61448212178226 989.4279643623248 0 1 1 0 1 1 237 61 8 2 0 0 
1684651108.7960668 20.5951171875 48.8095113588399 989.4288467896116 0 1 1 0 1 1 237 61 8 2 0 0 
1684651113.9494958 20.5951171875 48.608569333725924 989.4450927335727 0 1 1 0 1 1 237 61 8 2 0 0 
1684651119.1015022 20.5900390625 48.79168738088936 989.4330146380577 0 1 2 0 1 2 264 70 15 2 0 0 
1684651124.2551496 20.5849609375 48.58500249221392 989.4613387888145 0 1 2 0 1 2 264 70 15 2 0 0 
1684651129.4085152 20.5951171875 48.821336089651375 989.4268693587087 0 1 2 0 1 2 264 70 15 2 0 0 
1684651134.5618784 20.6001953125 48.762298479387425 989.4571705331805 0 1 2 0 1 2 249 65 15 2 0 0 
1684651139.7152836 20.6001953125 48.56143493369303 989.4360871952283 0 1 2 0 1 2 249 65 15 2 0 0 
1684651144.8694692 20.6052734375 48.70325847558936 989.426575202722 0 1 2 0 1 2 249 65 15 2 0 0 
1684651150.0222316 20.6001953125 48.53186975049913 989.4697559901743 1 1 2 1 1 2 285 75 19 2 0 0 
1684651155.1747966 20.5951171875 48.69134743024978 989.4060798414249 1 1 2 1 1 2 285 75 19 2 0 0 
1684651160.3288648 20.6001953125 48.69751714165698 989.427670000864 1 1 2 1 1 2 285 75 19 2 0 0 
1684651165.482668 20.6001953125 48.47873494591925 989.429353439597 0 0 0 0 0 0 270 72 17 0 0 0 
1684651170.6364076 20.6052734375 48.72099651812993 989.4674841490946 0 0 0 0 0 0 270 72 17 0 0 0 
1684651175.788832 20.6052734375 48.65604179134499 989.4775849553196 0 0 0 0 0 0 270 72 17 0 0 0 
1684651180.9412634 20.6052734375 48.602825758022355 989.432425886968 0 0 0 0 0 0 270 72 19 0 0 0 
1684651186.096091 20.6103515625 48.6265622972503 989.429353439597 0 1 1 0 1 1 270 72 19 0 0 0 
1684651191.2479146 20.6001953125 48.59099985965946 989.397368115634 0 1 1 0 1 1 270 72 19 0 0 0 
1684651196.3995507 20.6103515625 48.75655869150815 989.4371817455308 0 2 2 0 2 2 270 72 21 0 0 0 
1684651201.5516088 20.6052734375 48.738648294292894 989.4344037562156 0 2 2 0 2 2 270 72 21 0 0 0 
1684651206.7030795 20.6001953125 48.63821819403154 989.4344037562156 0 2 2 0 2 2 270 72 21 0 0 0 
1684651211.8514245 20.6052734375 48.673780283915434 989.446187830774 0 1 1 0 1 1 255 67 21 0 0 0 
1684651217.0033357 20.6001953125 48.5731766675214 989.427670000864 0 1 1 0 1 1 255 67 21 0 0 0 
1684651222.1520748 20.6103515625 48.685605894183574 989.4175693699357 0 0 0 0 0 0 255 67 21 0 0 0 
1684651227.306393 20.6001953125 48.715169739794696 989.4158859316923 0 0 0 0 0 0 261 67 21 0 0 0 
1684651232.456722 20.6052734375 48.632390323870354 989.427670000864 0 0 0 0 0 0 261 67 21 0 0 0 
1684651237.6100886 20.6001953125 48.5732609349469 989.4526273216028 0 0 0 0 0 0 261 67 21 0 0 0 
1684651242.7596061 20.6103515625 48.573345191603195 989.4237140178893 0 0 0 0 0 0 210 62 19 0 0 0 
1684651247.909044 20.6052734375 48.673780283915434 989.4428209519789 0 0 0 0 0 0 210 62 19 0 0 0 
1684651253.0566533 20.6154296875 48.59116876841719 989.4206417214168 0 0 0 0 0 0 210 62 19 0 0 0 
1684651258.2051291 20.6103515625 48.69743146329532 989.4270809493798 0 0 0 0 0 0 189 55 21 0 0 0 
1684651263.3515458 20.6052734375 48.685605894183574 989.4338148132006 0 0 0 0 0 0 189 55 21 0 0 0 
1684651268.5010893 20.6001953125 48.60882335463861 989.3892456026238 0 0 0 0 0 0 189 55 21 0 0 0 
1684651273.6477792 20.6052734375 48.5732609349469 989.4220305522489 0 1 1 0 1 1 162 46 16 0 0 0 
1684651278.7969835 20.6103515625 48.66803813231843 989.3836057948579 0 1 1 0 1 1 162 46 16 0 0 0 
1684651283.951079 20.6052734375 48.5732609349469 989.4108356173824 0 1 1 0 1 1 162 46 16 0 0 0 
1684651289.101518 20.6052734375 48.549608891282766 989.4088575592934 0 1 1 0 1 1 198 51 16 0 0 0 
1684651294.2506936 20.6001953125 48.67969309419405 989.4354982793308 0 1 1 0 1 1 198 51 16 0 0 0 
1684651299.4049392 20.5951171875 48.75055971658698 989.4243031236081 0 1 1 0 1 1 198 51 16 0 0 0 
1684651304.5581949 20.6052734375 48.70334423241754 989.3956846782303 0 0 0 0 0 0 162 41 12 0 0 0 
1684651309.7099018 20.6052734375 48.632390323870354 989.4371817455308 0 0 0 0 0 0 162 41 12 0 0 0 
1684651314.858536 20.6052734375 48.58500249221392 989.4357927920411 0 0 0 0 0 0 162 41 12 0 0 0 
1684651320.0094686 20.6103515625 48.73299400823627 989.4270809493798 0 0 0 0 0 0 156 39 12 0 0 0 
1684651325.1627407 20.6052734375 48.56143493369303 989.4021237539048 0 0 0 0 0 0 156 39 12 0 0 0 
1684651330.3159711 20.6154296875 48.602825758022355 989.4105410108155 0 0 0 0 0 0 156 39 12 0 0 0 
1684651335.4669123 20.6001953125 48.66778211270893 989.402418428265 0 0 0 0 0 0 156 39 12 0 0 0 
1684651340.6197214 20.6052734375 48.65604179134499 989.397368115634 0 0 0 0 0 0 156 39 12 0 0 0 
1684651345.7720475 20.6052734375 48.66795280321755 989.3950951115174 0 0 0 0 0 0 156 39 12 0 0 0 
1684651350.9225261 20.6052734375 48.591084319422905 989.4262809372204 0 0 0 0 0 0 156 41 10 0 0 0 
1684651356.077648 20.6001953125 48.69151868388399 989.4220305522489 0 0 0 0 0 0 156 41 10 0 0 0 
1684651361.229448 20.6001953125 48.66795280321755 989.4108356173824 0 0 0 0 0 0 156 41 10 0 0 0 
1684651366.378592 20.6001953125 48.70334423241754 989.3740947936839 0 0 0 0 0 0 177 48 12 0 0 0 
1684651371.5306063 20.6052734375 48.72699520601546 989.3578501014649 0 0 0 0 0 0 177 48 12 0 0 0 
1684651376.681364 20.5849609375 48.602825758022355 989.3942958735295 0 0 0 0 0 0 177 48 12 0 0 0 
1684651381.8305457 20.5951171875 48.549608891282766 989.3737999983479 0 0 0 0 0 0 186 53 12 0 0 0 
1684651386.979448 20.6001953125 48.774123510202934 989.3945903966444 0 0 0 0 0 0 186 53 12 0 0 0 
1684651392.1322398 20.5951171875 48.71499794458034 989.3763674516221 0 0 0 0 0 0 186 53 12 0 0 0 
1684651397.2864816 20.5849609375 48.803598978001574 989.402712993105 0 0 0 0 0 0 195 55 12 0 0 0 
1684651402.4401684 20.5951171875 48.67935108543573 989.3575553895776 0 0 0 0 0 0 195 55 12 0 0 0 
1684651407.591966 20.5951171875 48.596743726747356 989.3794397078428 0 0 0 0 0 0 195 55 12 0 0 0 
1684651412.742318 20.6001953125 48.79777344837045 989.3844899368138 0 0 0 0 0 0 204 58 8 0 0 0 
1684651417.8931994 20.5951171875 48.80959835572245 989.3760728888788 0 0 0 0 0 0 204 58 8 0 0 0 
1684651423.044069 20.5951171875 48.57309238932671 989.3959792973046 0 0 0 0 0 0 204 58 8 0 0 0 
1684651428.19819 20.5798828125 48.67952211135274 989.4063742696296 0 0 0 0 0 0 216 58 6 0 0 0 
1684651433.348911 20.5900390625 48.608569333725924 989.4074687415257 0 0 0 0 0 0 216 58 6 0 0 0 
1684651438.502551 20.5951171875 48.715169739794696 989.4030074484269 0 0 0 0 0 0 216 58 6 0 0 0 
1684651443.656942 20.6052734375 48.478485393463984 989.387267492261 0 0 0 0 0 0 201 58 4 0 0 0 
1684651448.8092616 20.6052734375 48.727081222863056 989.4122244624075 0 0 0 0 0 0 201 58 4 0 0 0 
1684651453.962622 20.6154296875 48.7391651754285 989.4147070109804 0 0 0 0 0 0 201 58 4 0 0 0 
1684651459.1159494 20.6154296875 48.60890800673796 989.431541938908 0 0 0 0 0 0 210 56 4 0 0 0 
1684651464.2690663 20.6205078125 48.65638254461689 989.4180739960062 0 0 0 0 0 0 210 56 4 0 0 0 
1684651469.4223511 20.6357421875 48.408104868900445 989.4141168934516 0 0 0 0 0 0 210 56 4 0 0 0 
1684651474.5767233 20.6357421875 48.52637515043417 989.4073828157693 0 0 0 0 0 0 225 58 4 0 0 0 
1684651479.7299664 20.6357421875 48.620988412060825 989.4107498544706 0 0 0 0 0 0 225 58 4 0 0 0 
1684651484.8872101 20.6357421875 48.66246610398096 989.4172058302905 0 0 0 0 0 0 225 58 4 0 0 0 
1684651490.0397391 20.6357421875 48.58559308587466 989.4070875384677 0 0 0 0 0 0 252 65 2 0 0 0 
1684651495.1947625 20.6357421875 48.47332012600012 989.4121381373008 0 0 0 0 0 0 252 65 2 0 0 0 
1684651500.3483517 20.6357421875 48.58559308587466 989.3922311450774 0 0 0 0 0 0 252 65 2 0 0 0 
1684651505.501916 20.6458984375 48.4673235083027 989.3885686814673 0 1 1 0 1 1 267 70 2 0 0 0 
1684651510.6524365 20.6357421875 48.538453309661136 989.425901532089 0 1 1 0 1 1 267 70 2 0 0 0 
1684651515.8046207 20.6458984375 48.57976396449979 989.3885855354005 0 1 1 0 1 1 267 70 2 0 0 0 
1684651520.9579487 20.6408203125 48.69203218633329 989.4003703602592 1 1 1 1 1 1 261 68 0 0 0 0 
1684651526.111138 20.6458984375 48.69811658866019 989.3649992393468 1 1 1 1 1 1 261 68 0 0 0 0 
1684651531.264659 20.6408203125 48.455827611286566 989.4289906634752 1 1 1 1 1 1 261 68 0 0 0 0 
1684651536.4178658 20.6509765625 48.621327325147426 989.4222564726641 1 1 1 1 1 1 273 72 4 0 0 0 
1684651541.5704243 20.6458984375 48.550112644804706 989.3770794800525 1 1 1 1 1 1 273 72 4 0 0 0 
1684651546.7236516 20.6357421875 48.55602607737599 989.3919357457468 1 1 1 1 1 1 273 72 4 0 0 0 
1684651551.8769362 20.6408203125 48.514798852508946 989.4020369402646 1 1 1 1 1 1 285 77 4 0 0 0 
1684651557.029572 20.6458984375 48.5502804764913 989.4219610967078 1 1 1 1 1 1 285 77 4 0 0 0 
1684651562.1847394 20.6458984375 48.52079604340093 989.3599652607306 1 1 1 1 1 1 285 77 4 0 0 0 
1684651567.3386075 20.6509765625 48.627071266928176 989.3650158959676 1 1 1 1 1 1 327 86 4 0 0 0 
1684651572.4915614 20.6458984375 48.49114423070096 989.3768007139698 1 1 1 1 1 1 327 86 4 0 0 0 
1684651577.6455317 20.6509765625 48.61532915825164 989.413543291974 1 1 1 1 1 1 327 86 4 0 0 0 
1684651582.7999194 20.6611328125 48.57393468665979 989.3549146261232 1 1 1 1 1 1 306 81 4 0 0 0 
1684651587.952045 20.6662109375 48.65097982302417 989.3658116423585 1 1 1 1 1 1 306 81 4 0 0 0 
1684651593.1015108 20.6611328125 48.72785488989559 989.3509555363364 1 1 1 1 1 1 306 81 4 0 0 0 
1684651598.2528312 20.6560546875 48.47948302173518 989.3478844750815 1 1 1 1 1 1 291 76 4 0 0 0 
1684651603.401894 20.6509765625 48.55636196848687 989.3590772991963 1 1 1 1 1 1 291 76 4 0 0 0 
1684651608.5506363 20.6560546875 48.5149658286643 989.3863105583441 1 1 1 1 1 1 291 76 4 0 0 0 
1684651613.7016518 20.6560546875 48.59201266605693 989.3324362514085 1 1 1 1 1 1 303 85 8 0 0 0 
1684651618.8506505 20.6560546875 48.4439998443135 989.3573937135808 1 1 1 1 1 1 303 85 8 0 0 0 
1684651624.0015423 20.6509765625 48.40252013947588 989.3313450062809 1 1 1 1 1 1 303 85 8 0 0 0 
1684651629.152184 20.6560546875 48.55627801186301 989.3708624004648 1 1 1 1 1 1 303 85 8 0 0 0 
1684651634.3052247 20.6458984375 48.585846035906094 989.3462009170732 1 1 1 1 1 1 303 85 8 0 0 0 
1684651639.4577057 20.6458984375 48.66280686959506 989.3593733959204 1 1 1 1 1 1 303 85 8 0 0 0 
1684651644.6111867 20.6560546875 48.710028927383064 989.3762091203362 1 1 1 1 1 1 267 75 8 0 0 0 
1684651649.7604694 20.6560546875 48.57401885716253 989.3694748297302 1 1 1 1 1 1 267 75 8 0 0 0 
1684651654.9097404 20.6509765625 48.55627801186301 989.3765049719252 1 1 1 1 1 1 267 75 8 0 0 0 
1684651660.0587153 20.6509765625 48.62732560638488 989.3792803320414 1 1 1 1 1 1 246 68 8 0 0 0 
1684651665.2121098 20.6509765625 48.52670973053933 989.3661076848471 1 1 1 1 1 1 246 68 8 0 0 0 
1684651670.3638856 20.6560546875 48.650809732553284 989.3647200590111 1 1 1 1 1 1 246 68 8 0 0 0 
1684651675.5115807 20.6458984375 48.680291194917665 989.353214523429 0 1 1 0 1 1 258 72 10 0 0 0 
1684651680.6633742 20.6509765625 48.61549843631647 989.3680871766368 0 1 1 0 1 1 258 72 10 0 0 0 
1684651685.8137662 20.6357421875 48.59184397268215 989.3697707355545 0 1 1 0 1 1 258 72 10 0 0 0 
1684651690.9684777 20.6560546875 48.733596298518904 989.3515475367345 0 1 1 0 1 1 258 68 6 0 0 0 
1684651696.119148 20.6458984375 48.65089478317322 989.3647200590111 0 1 1 0 1 1 258 68 6 0 0 0 
1684651701.2733219 20.6458984375 48.562191637254074 989.3627405402439 0 1 1 0 1 1 258 68 6 0 0 0 
1684651706.4241502 20.6560546875 48.67446324293464 989.3391705358573 0 1 1 0 1 1 246 66 8 0 0 0 
1684651711.5724971 20.6458984375 48.550196566032625 989.3279779188514 0 1 1 0 1 1 246 66 8 0 0 0 
1684651716.726771 20.6509765625 48.53262340738651 989.3593733959204 0 1 1 0 1 1 246 66 8 0 0 0 
1684651721.8781996 20.6509765625 48.47948302173518 989.3310488981484 0 1 1 0 1 1 195 54 10 0 0 0 
1684651727.0288928 20.6560546875 48.402437932455335 989.3630365003032 0 1 1 0 1 1 195 54 10 0 0 0 
1684651732.1783717 20.6509765625 48.56210760215752 989.3363956379497 0 1 1 0 1 1 195 54 10 0 0 0 
1684651737.3298464 20.6458984375 48.514798852508946 989.3279779188514 0 1 1 0 1 1 183 52 10 0 0 0 
1684651742.4793625 20.6509765625 48.72176976972995 989.3529351495257 0 1 1 0 1 1 183 52 10 0 0 0 
1684651747.6338327 20.6408203125 48.656893351455345 989.3582817157913 0 1 1 0 1 1 183 52 10 0 0 0 
1684651752.787099 20.6408203125 48.46748944423718 989.3246108317018 0 1 1 0 1 1 198 57 12 0 0 0 
1684651757.9362457 20.6408203125 48.461575721893766 989.3462009170732 0 1 1 0 1 1 198 57 12 0 0 0 
1684651763.0895226 20.6458984375 48.597673173484765 989.3144933381227 0 1 1 0 1 1 198 57 12 0 0 0 
1684651768.240118 20.6408203125 48.5502804764913 989.3245945133299 0 1 1 0 1 1 177 50 8 0 0 0 
1684651773.3919544 20.6560546875 48.57385050538786 989.3448133587973 0 1 1 0 1 1 177 50 8 0 0 0 
1684651778.5431058 20.6408203125 48.49114423070096 989.3498474623677 0 1 1 0 1 1 177 50 8 0 0 0 
1684651783.6937392 20.6357421875 48.54419920194291 989.3885686814673 0 1 1 0 1 1 168 50 10 2 0 0 
1684651788.8430824 20.6306640625 48.780728889813005 989.3807419009407 0 1 1 0 1 1 168 50 10 2 0 0 
1684651793.9944227 20.6306640625 48.56193949965675 989.3734168956729 0 1 1 0 1 1 168 50 10 2 0 0 
