timestamp temperature humidity pressure pm10_standard pm25_standard pm100_standard pm10_env pm25_env pm100_env particles_03um particles_05um particles_10um particles_25um particles_50um particles_100um
1679010365.908249 20.2138671875 38.76345582251777 987.233434710735 0 0 0 0 0 0 48 12 2 0 0 0 
1679010371.060647 20.2087890625 38.591661948454906 987.2169155930285 0 0 0 0 0 0 48 12 2 0 0 0 
1679010376.2140336 20.2138671875 38.75753102642502 987.2429206469742 0 0 0 0 0 0 42 10 2 0 0 0 
1679010381.37014 20.2037109375 38.64498671892135 987.2169155930285 0 0 0 0 0 0 42 10 2 0 0 0 
1679010386.5222566 20.2138671875 38.71605716619038 987.2381776925549 0 0 0 0 0 0 42 10 2 0 0 0 
1679010391.6787114 20.2087890625 38.68648924749549 987.2264013913581 0 0 0 0 0 0 42 10 2 0 0 0 
1679010396.835342 20.2087890625 38.69833880353075 987.2003966440577 0 0 0 0 0 0 90 23 8 2 0 0 
1679010401.988685 20.2087890625 38.56796178343239 987.237406968677 0 0 0 0 0 0 84 21 8 2 0 0 
1679010407.1419814 20.1986328125 38.698310657463495 987.2542298546829 0 0 0 0 0 0 84 21 8 2 0 0 
1679010412.2953088 20.1935546875 38.69241403064834 987.2430609423569 0 0 0 0 0 0 84 21 8 2 0 0 
1679010417.4485874 20.1935546875 38.75755850235219 987.249486542908 0 0 0 0 0 0 90 21 8 2 0 0 
1679010422.6012654 20.1935546875 38.61542013718932 987.2292992457172 0 0 0 0 0 0 90 21 8 2 0 0 
1679010427.7549572 20.1935546875 38.698423176941 987.2598835593543 0 0 0 0 0 0 90 21 8 2 0 0 
1679010432.9085846 20.1986328125 38.733970372859325 987.2390892569632 0 0 0 0 0 0 78 17 4 0 0 0 
1679010438.0620027 20.1935546875 38.674724840934246 987.2251630411608 0 0 0 0 0 0 78 17 4 0 0 0 
1679010443.215329 20.2087890625 38.80498295916987 987.2505616263638 0 0 0 0 0 0 78 17 4 0 0 0 
1679010448.3672264 20.2087890625 38.550186551823465 987.2273132404272 0 0 0 0 0 0 78 17 4 0 0 0 
1679010453.5193262 20.1986328125 38.72796251388629 987.2357246804607 0 0 0 0 0 0 78 17 4 0 0 0 
1679010458.6727185 20.2138671875 38.585707471890984 987.2118686904387 0 0 0 0 0 0 78 17 4 0 0 0 
1679010463.8236794 20.2189453125 38.49682983014671 987.221962496247 0 0 0 0 0 0 90 21 4 0 0 0 
1679010468.975712 20.2189453125 38.60937859694472 987.2415423506685 0 0 0 0 0 0 90 21 4 0 0 0 
1679010474.128952 20.2138671875 38.75750353969946 987.2179897497422 0 0 0 0 0 0 90 21 4 0 0 0 
1679010479.2835727 20.2240234375 38.484948684069046 987.2280837198908 0 0 0 0 0 0 63 12 0 0 0 0 
1679010484.4370506 20.2291015625 38.56781340037242 987.2829930762531 0 0 0 0 0 0 63 12 0 0 0 0 
1679010489.5898726 20.2189453125 38.62715392902298 987.263108765028 0 0 0 0 0 0 48 8 0 0 0 0 
1679010494.7431862 20.2291015625 38.42560078691918 987.2776420356921 0 0 0 0 0 0 48 8 0 0 0 0 
1679010499.8964295 20.2291015625 38.561917759248615 987.2634126352199 0 0 0 0 0 0 48 8 0 0 0 0 
1679010505.049598 20.2291015625 38.53818626048254 987.2712165720752 0 0 0 0 0 0 54 10 0 0 0 0 
1679010510.2023485 20.2341796875 38.6626757288209 987.2625006965517 0 0 0 0 0 0 54 10 0 0 0 0 
1679010515.359119 20.2494140625 38.68626268707177 987.2635745884478 0 0 0 0 0 0 54 10 0 0 0 0 
1679010520.5123956 20.2544921875 38.52031905943097 987.2699998312776 0 0 0 0 0 0 54 10 0 0 0 0 
1679010525.6617725 20.2494140625 38.53223068407369 987.2649525964412 0 0 0 0 0 0 54 10 0 0 0 0 
1679010530.8148682 20.2544921875 38.47282069494403 987.2433858188962 0 0 0 0 0 0 54 10 0 0 0 0 
1679010535.9683454 20.2494140625 38.65068172662937 987.2716822430292 0 0 0 0 0 0 48 8 0 0 0 0 
1679010541.120264 20.2595703125 38.644756258709485 987.2413988421874 0 0 0 0 0 0 48 8 0 0 0 0 
1679010546.2736948 20.2443359375 38.443284237261366 987.2498108957059 0 0 0 0 0 0 48 8 0 0 0 0 
1679010551.4277718 20.2494140625 38.46695654522648 987.2363516109151 0 0 0 0 0 0 36 4 0 0 0 0 
1679010556.5777462 20.2494140625 38.61507036100177 987.2380411262119 0 0 0 0 0 0 36 4 0 0 0 0 
1679010561.7302234 20.2544921875 38.514332646077094 987.2632775012657 0 0 0 0 0 0 42 14 4 2 0 0 
1679010566.8830893 20.2494140625 38.3425437733835 987.2464532494829 0 0 0 0 0 0 42 14 4 2 0 0 
1679010572.0357316 20.2494140625 38.59142658516539 987.2666350079833 0 0 0 0 0 0 42 14 4 2 0 0 
1679010577.1923065 20.2595703125 38.50840680568308 987.2700072039355 0 0 0 0 0 0 42 14 4 2 0 0 
1679010582.3454661 20.2595703125 38.53217041644561 987.2481356743467 0 0 0 0 0 0 42 14 4 2 0 0 
1679010587.5003154 20.2494140625 38.46692563528016 987.2397164316935 0 0 0 0 0 0 36 12 2 0 0 0 
1679010592.6535442 20.2595703125 38.33065929331444 987.2615950757731 0 0 0 0 0 0 36 12 2 0 0 0 
1679010597.8004606 20.2544921875 38.567694499542036 987.2599053622337 0 0 0 0 0 0 36 12 2 0 0 0 
1679010602.948048 20.2646484375 38.53806599763304 987.2310065474645 0 0 0 0 0 0 36 12 2 0 0 0 
1679010608.0979643 20.2595703125 38.24169984648179 987.2582302249971 0 0 0 0 0 0 36 12 2 0 0 0 
1679010613.252393 20.2544921875 38.413497328762446 987.2677155024473 0 0 0 0 0 0 36 12 2 0 0 0 
1679010618.4039443 20.2595703125 38.3898878404666 987.2329938530879 0 0 0 0 0 0 30 8 2 0 0 0 
1679010623.5516353 20.2595703125 38.407634345409384 987.2074524257363 0 0 0 0 0 0 30 8 2 0 0 0 
1679010628.6977656 20.2697265625 38.15280305178527 987.2508909774574 0 0 0 0 0 0 30 8 2 0 0 0 
1679010633.852687 20.2646484375 38.38982421742013 987.2862224880078 0 0 0 0 0 0 51 15 4 0 0 0 
1679010638.9986641 20.2595703125 38.3365205463882 987.2609856916127 0 0 0 0 0 0 51 15 4 0 0 0 
1679010644.147108 20.2595703125 38.43723338631743 987.2195344611653 0 0 2 0 0 2 99 33 11 6 2 0 
1679010649.2967951 20.2646484375 38.46099971270191 987.2310065474645 0 0 2 0 0 2 99 33 11 6 2 0 
1679010654.4452355 20.2595703125 38.29500390711322 987.2357489109414 0 0 2 0 0 2 99 33 11 6 2 0 
1679010659.5903475 20.2697265625 38.2832172583956 987.2693979553306 0 0 2 0 0 2 99 31 9 6 2 0 
1679010664.7331579 20.2646484375 38.40167657128546 987.2242767970016 0 0 2 0 0 2 99 31 9 6 2 0 
1679010669.8842795 20.2646484375 38.289110525179495 987.2489035742992 0 0 2 0 0 2 99 31 9 6 2 0 
1679010675.0328162 20.2595703125 38.27129841859643 987.2427836134649 0 0 2 0 0 2 99 31 9 6 2 0 
1679010680.1778657 20.2595703125 38.35426690926009 987.2596079994053 0 0 2 0 0 2 99 31 9 6 2 0 
1679010685.3275487 20.2595703125 38.26543850445 987.229629004688 0 0 2 0 0 2 99 31 9 6 2 0 
1679010690.475574 20.2544921875 38.25355257779581 987.2447708246889 0 0 0 0 0 0 72 22 2 2 0 0 
1679010695.6284928 20.2544921875 38.28325027969252 987.2481356743467 0 0 0 0 0 0 72 22 2 2 0 0 
1679010700.781432 20.2595703125 38.34846976520384 987.2413988421874 0 0 0 0 0 0 72 22 2 2 0 0 
1679010705.9281254 20.2595703125 38.41359196224684 987.2245817326123 0 0 0 0 0 0 66 20 2 2 0 0 
1679010711.080094 20.2544921875 38.47883898629413 987.2363587017675 0 0 0 0 0 0 66 20 2 2 0 0 
1679010716.232489 20.2544921875 38.3662476790295 987.2599126503502 0 0 0 0 0 0 66 20 2 2 0 0 
1679010721.3873737 20.2595703125 38.50840680568308 987.2498108957059 0 0 0 0 0 0 66 20 2 2 0 0 
1679010726.5402143 20.2595703125 38.23587416401005 987.2498180992803 0 0 0 0 0 0 6 2 0 0 0 0 
1679010731.6938386 20.2595703125 38.354363553578345 987.256547799714 0 0 0 0 0 0 6 2 0 0 0 0 
1679010736.84471 20.2544921875 38.29506970966086 987.227946580593 0 0 0 0 0 0 6 2 0 0 0 0 
1679010741.994413 20.2595703125 38.283184226298715 987.2615877735665 0 0 0 0 0 0 6 2 0 0 0 0 
1679010747.1421885 20.2494140625 38.425569443434114 987.2565405397784 0 0 0 0 0 0 6 2 0 0 0 0 
1679010752.2909365 20.2595703125 38.19442466069279 987.2397164316935 0 0 0 0 0 0 6 2 0 0 0 0 
1679010757.4370427 20.2494140625 38.336617771290605 987.2178451016302 0 0 0 0 0 0 6 2 0 0 0 0 
1679010762.585202 20.2494140625 38.1825722688375 987.2413988421874 0 0 0 0 0 0 6 2 0 0 0 0 
1679010767.737404 20.2291015625 38.44924114711004 987.2288532965035 0 0 0 0 0 0 6 2 0 0 0 0 
1679010772.89008 20.2443359375 38.312913660193445 987.2271709272349 0 0 0 0 0 0 6 2 0 0 0 0 
1679010778.0435536 20.2341796875 38.24186728290557 987.2470550427826 0 0 0 0 0 0 6 2 0 0 0 0 
1679010783.1967485 20.2443359375 38.37809957021715 987.2420078922139 0 0 0 0 0 0 6 2 0 0 0 0 
1679010788.3534315 20.2443359375 38.22408913059093 987.2571493458064 0 0 0 0 0 0 6 2 0 0 0 0 
1679010793.5065901 20.2443359375 38.289242316320724 987.2467506131227 0 0 0 0 0 0 12 4 2 0 0 0 
1679010798.6601057 20.2443359375 38.28331628988639 987.2753513753332 0 0 0 0 0 0 12 4 2 0 0 0 
1679010803.8117824 20.2341796875 38.25964534277142 987.2366562312817 0 0 0 0 0 0 12 4 2 0 0 0 
1679010808.9608514 20.2443359375 38.336650157991805 987.2605141140401 0 0 0 0 0 0 102 27 2 0 0 0 
1679010814.1102583 20.2494140625 38.08178996345644 987.2703041805346 0 0 0 0 0 0 54 16 0 0 0 0 
1679010819.260942 20.2341796875 38.176611831755594 987.2638788825534 0 0 0 0 0 0 54 16 0 0 0 0 
1679010824.4130654 20.2291015625 38.247759915561645 987.2282442483358 0 0 0 0 0 0 54 16 0 0 0 0 
1679010829.5665863 20.2341796875 38.25964534277142 987.2507241033557 0 0 0 0 0 0 48 14 0 0 0 0 
1679010834.7196612 20.2341796875 38.247826699904124 987.2436902756668 0 0 0 0 0 0 48 14 0 0 0 0 
1679010839.872837 20.2392578125 38.32486327265008 987.1884764533402 0 0 0 0 0 0 48 14 0 0 0 0 
1679010845.02592 20.2341796875 38.24786007587522 987.2406298833411 0 0 0 0 0 0 42 12 0 0 0 0 
1679010850.1792746 20.2291015625 38.31297896767635 987.2322180352508 0 0 0 0 0 0 42 12 0 0 0 0 
1679010855.3324215 20.2291015625 38.22402177973962 987.2420078922139 0 0 0 0 0 0 42 12 0 0 0 0 
1679010860.4859915 20.2291015625 38.15301007345529 987.233900404729 0 0 0 0 0 0 42 12 0 0 0 0 
1679010865.6384528 20.2341796875 38.09374834658427 987.2170767130899 0 0 0 0 0 0 42 12 0 0 0 0 
1679010870.7908068 20.2341796875 38.21223697768742 987.2204414508587 0 0 0 0 0 0 42 12 0 0 0 0 
1679010875.9442084 20.2341796875 38.372237575055884 987.2241105896021 0 0 0 0 0 0 48 14 0 0 0 0 
1679010881.1010168 20.2392578125 38.31297896767635 987.2372651438953 0 0 0 0 0 0 48 14 0 0 0 0 
1679010886.2517638 20.2291015625 38.28338225688034 987.2703041805346 0 0 0 0 0 0 48 14 0 0 0 0 
1679010891.4044268 20.2341796875 38.164896625144294 987.2439946230664 0 0 0 0 0 0 57 17 4 0 0 0 
1679010896.5580745 20.2341796875 38.235941242406106 987.2288532965035 0 0 0 0 0 0 57 17 4 0 0 0 
1679010901.7116206 20.2240234375 38.16493094392091 987.2406298833411 0 0 0 0 0 0 57 17 4 0 0 0 
1679010906.8636262 20.2240234375 38.17681702422512 987.2221238198479 0 0 0 0 0 0 57 17 4 0 0 0 
1679010912.0170875 20.2240234375 38.2063786021643 987.2439946230664 0 0 0 0 0 0 57 17 4 0 0 0 
1679010917.1710823 20.2240234375 38.330789090958355 987.2328265917205 0 0 0 0 0 0 57 17 4 0 0 0 
1679010922.3244376 20.2189453125 38.42563211960476 987.2109561473001 0 0 0 0 0 0 57 17 4 0 0 0 
1679010927.4775045 20.2189453125 38.283448180674355 987.2325223681687 0 0 0 0 0 0 57 17 4 0 0 0 
1679010932.6309674 20.2189453125 38.15900497423377 987.2260972229487 0 0 0 0 0 0 51 15 4 0 0 0 
1679010937.7857065 20.2189453125 38.18866875546854 987.2348130347207 0 0 0 0 0 0 51 15 4 0 0 0 
1679010942.9364972 20.2087890625 38.164999549072995 987.2381776925549 0 0 0 0 0 0 51 15 4 0 0 0 
1679010948.0896397 20.1986328125 38.1472909885477 987.2169155930285 0 0 0 0 0 0 51 15 4 0 0 0 
1679010953.2421677 20.2037109375 38.16503383544846 987.2155372273146 0 0 0 0 0 0 51 15 4 0 0 0 
1679010958.3963327 20.1986328125 38.0880683963557 987.2508652769227 0 0 0 0 0 0 51 15 4 0 0 0 
1679010963.5514424 20.1986328125 38.44948949962535 987.2407715453191 0 0 0 0 0 0 45 13 4 0 0 0 
1679010968.704017 20.1833984375 38.188838771028244 987.2312851146157 0 0 0 0 0 0 45 13 4 0 0 0 
1679010973.853611 20.1935546875 38.23035061674213 987.2133874085717 0 0 0 0 0 0 30 8 6 0 0 0 
1679010979.0070856 20.1884765625 38.28371144385121 987.2201163410606 0 0 0 0 0 0 30 8 6 0 0 0 
1679010984.1534333 20.1833984375 38.402182166670826 987.2447432037422 0 0 0 0 0 0 30 8 6 0 0 0 
1679010989.301417 20.1833984375 38.18301533519755 987.2288308018325 0 0 0 0 0 0 30 8 6 0 0 0 
1679010994.4519298 20.1783203125 38.37848177671873 987.2433643326389 0 0 0 0 0 0 30 8 6 0 0 0 
1679010999.6044655 20.1833984375 38.18294728994569 987.2211915507053 0 0 0 0 0 0 30 8 6 0 0 0 
1679011004.7525923 20.1833984375 38.277786224484814 987.2198128703525 0 0 0 0 0 0 45 13 4 0 0 0 
1679011009.898397 20.1884765625 38.18887274173929 987.2184341078336 0 0 0 0 0 0 45 13 4 0 0 0 
1679011015.0454798 20.1783203125 38.32522007439311 987.1968686333759 0 0 0 0 0 0 45 13 4 0 0 0 
1679011020.1953588 20.1783203125 38.38447030328458 987.2117051756243 0 0 0 0 0 0 45 13 4 0 0 0 
1679011025.3475533 20.1783203125 38.058510429973225 987.1716353603042 0 0 0 0 0 0 45 13 4 0 0 0 
1679011030.502782 20.1732421875 38.41412638273632 987.2217985743576 0 0 0 0 0 0 45 13 4 0 0 0 
1679011035.6555393 20.1732421875 38.16527353766609 987.2002330709732 0 0 0 0 0 0 45 13 2 0 0 0 
1679011040.8104062 20.1783203125 38.43785677582621 987.2240873668911 0 0 0 0 0 0 45 13 2 0 0 0 
1679011045.9628599 20.1783203125 38.26600187140869 987.2338774623154 0 0 0 0 0 0 45 13 2 0 0 0 
1679011051.115957 20.1732421875 38.366727237404774 987.2321952420846 0 0 0 0 0 0 45 13 2 0 0 0 
1679011056.2690601 20.1681640625 38.3016175953897 987.1893677412992 0 0 0 0 0 0 36 10 4 0 0 0 
1679011061.421296 20.1630859375 38.348984476952744 987.1997639090721 0 0 0 0 0 0 36 10 4 0 0 0 
1679011066.5676959 20.1732421875 38.1298254461074 987.2078717003828 0 0 0 0 0 0 36 10 4 0 0 0 
1679011071.7109478 20.1580078125 38.12979085903501 987.2277548680778 0 0 0 0 0 0 36 10 4 0 0 0 
1679011076.8604891 20.1630859375 38.31939228212233 987.2381509243895 0 0 0 0 0 0 36 10 4 0 0 0 
1679011082.008856 20.1681640625 38.28387563233743 987.230042882801 0 0 0 0 0 0 36 10 4 0 0 0 
1679011087.1585536 20.1630859375 38.34309172067284 987.2179647725368 0 0 0 0 0 0 42 12 6 0 0 0 
1679011092.3112056 20.1681640625 38.34904862152569 987.1893677412992 0 0 0 0 0 0 42 12 6 0 0 0 
1679011097.4598203 20.1580078125 38.28387563233743 987.2112360574881 0 0 0 0 0 0 42 12 6 0 0 0 
1679011102.608425 20.1630859375 38.20685140689472 987.2061895219351 0 0 0 0 0 0 57 16 8 0 0 0 
1679011107.7535405 20.1580078125 38.34312385566832 987.2121447455306 0 0 0 0 0 0 57 16 8 0 0 0 
1679011112.9025435 20.1529296875 38.319489472022866 987.1899739950869 0 0 0 0 0 0 57 16 8 0 0 0 
1679011118.0509768 20.1580078125 38.218701400683486 987.1869126840272 0 0 0 0 0 0 51 14 8 0 0 0 
1679011123.200953 20.1580078125 38.43202536794378 987.1821691949599 0 0 0 0 0 0 51 14 8 0 0 0 
1679011128.35071 20.1529296875 38.13585407368613 987.1801841369473 0 0 0 0 0 0 51 14 8 0 0 0 
1679011133.5074193 20.1580078125 38.295758028225194 987.1681060431339 0 0 0 0 0 0 57 16 8 0 0 0 
1679011138.6638846 20.1580078125 38.37870401233396 987.191353087053 0 0 0 0 0 0 60 20 4 0 0 0 
1679011143.8170078 20.1580078125 38.378672296787904 987.2165855583492 0 0 0 0 0 0 60 20 2 0 0 0 
1679011148.9703083 20.1580078125 38.05868761448079 987.213221227935 0 0 0 0 0 0 60 20 2 0 0 0 
1679011154.1268537 20.1580078125 38.30165020715397 987.1855334413897 0 0 0 0 0 0 60 20 2 0 0 0 
1679011159.2790666 20.1478515625 38.16544442952445 987.2003697815396 0 0 0 0 0 0 48 16 2 0 0 0 
1679011164.4356768 20.1580078125 38.30168280811831 987.1684091822474 0 0 0 0 0 0 48 16 2 0 0 0 
1679011169.588312 20.1580078125 38.33716687643803 987.17621361182 0 0 0 0 0 0 48 16 2 0 0 0 
1679011174.7404354 20.1630859375 38.218701400683486 987.1994608088424 0 0 0 0 0 0 42 14 2 0 0 0 
1679011179.892589 20.1681640625 38.21267547617082 987.1896709228588 0 0 0 0 0 0 42 14 2 0 0 0 
1679011185.043401 20.1630859375 38.29569267927506 987.1924288330838 0 0 0 0 0 0 42 14 2 0 0 0 
1679011190.1916487 20.1630859375 38.23048448438068 987.206795504623 0 0 0 0 0 0 42 14 2 0 0 0 
1679011195.3421514 20.1580078125 38.18914411861684 987.2064925679447 0 0 0 0 0 0 42 14 2 0 0 0 
1679011200.4946709 20.1580078125 38.31353233710032 987.1706972415627 0 0 0 0 0 0 42 14 2 0 0 0 
1679011205.6478503 20.1580078125 38.372811138779895 987.2359971713707 0 0 0 0 0 0 42 14 0 0 0 0 
1679011210.8010898 20.142578125 38.337327783963055 987.189200445903 0 0 0 0 0 0 42 14 0 0 0 0 
1679011215.9500992 20.1478515625 38.31955421129062 987.1908825558074 0 0 0 0 0 0 42 14 0 0 0 0 
1679011221.1002223 20.1375 38.16551271066514 987.192564665782 0 0 0 0 0 0 54 12 0 0 0 0 
1679011226.2491834 20.1375 38.331371041991595 987.1589224795653 0 0 0 0 0 0 54 12 0 0 0 0 
1679011231.3958964 20.1375 38.12999821946185 987.1625895622893 0 0 0 0 0 0 54 12 0 0 0 0 
1679011236.5479321 20.132421875 38.30178054621187 987.1827747096846 0 0 0 0 0 0 54 12 0 0 0 0 
1679011241.7017424 20.132421875 38.39064794754251 987.199595673531 0 0 0 0 0 0 54 12 0 0 0 0 
1679011246.8553905 20.132421875 38.39067948367545 987.163194965054 0 0 0 0 0 0 66 16 0 0 0 0 
1679011252.0074883 20.1375 38.21304508772022 987.1581487611058 0 0 0 0 0 0 66 16 0 0 0 0 
1679011257.1606262 20.132421875 38.35519706616779 987.2035646192711 0 0 0 0 0 0 66 16 0 0 0 0 
1679011262.3138752 20.122265625 38.23075170125021 987.2315555240838 0 0 0 0 0 0 66 16 0 0 0 0 
1679011267.467499 20.12734375 38.32554330563103 987.213959169878 0 0 0 0 0 0 66 16 0 0 0 0 
1679011272.6205606 20.122265625 38.46186301596016 987.1907125951501 0 0 0 0 0 0 66 16 0 0 0 0 
1679011277.7741323 20.132421875 38.35519706616779 987.207230943924 0 0 0 0 0 0 72 18 0 0 0 0 
1679011282.927687 20.122265625 38.3966981661322 987.1618154479663 0 0 0 0 0 0 72 18 0 0 0 0 
1679011288.080873 20.1171875 38.343380546840216 987.2145631034793 0 0 0 0 0 0 72 18 0 0 0 0 
1679011293.2344215 20.10703125 38.35529277090877 987.2027888985599 0 0 0 0 0 0 72 18 2 0 0 0 
1679011298.389818 20.10703125 38.390901144021704 987.2182289383871 0 0 0 0 0 0 72 18 2 0 0 0 
1679011303.5435712 20.10703125 38.43822873603539 987.2101205929439 0 0 0 0 0 0 36 10 2 0 0 0 
1679011308.696967 20.101953125 38.40867270465228 987.1969663109198 0 0 0 0 0 0 36 10 2 0 0 0 
1679011313.8502977 20.101953125 38.26649763270876 987.2235766127761 0 0 0 0 0 0 36 10 4 2 0 0 
1679011319.0034301 20.101953125 38.42638086420873 987.2292254636657 0 0 0 0 0 0 36 10 4 2 0 0 
1679011324.158966 20.091796875 38.33162980012998 987.1919203469755 0 0 0 0 0 0 36 10 4 2 0 0 
1679011329.3122828 20.101953125 38.20126349737824 987.2353506337961 0 0 0 0 0 0 30 8 4 2 0 0 
1679011334.4690897 20.10703125 38.307933559181585 987.2047728117935 0 0 0 0 0 0 30 8 4 2 0 0 
1679011339.6215563 20.1171875 38.378957347914834 987.2512661558513 0 0 0 0 0 0 30 8 4 2 0 0 
1679011344.7785654 20.112109375 38.43822873603539 987.221592970734 0 0 0 0 0 0 63 19 4 2 0 0 
1679011349.931769 20.096875 38.22502878958821 987.1952843228686 0 0 0 0 0 0 63 19 4 2 0 0 
1679011355.0845964 20.101953125 38.27238888978776 987.2036942638234 0 0 0 0 0 0 63 19 4 2 0 0 
1679011360.2370026 20.096875 38.17766911141377 987.2104222178446 0 0 0 0 0 0 57 17 2 2 0 0 
1679011365.3901365 20.101953125 38.43829176706047 987.2252586155694 0 0 0 0 0 0 57 17 2 2 0 0 
1679011370.5433393 20.10703125 38.313857634817246 987.2171501729831 0 0 0 0 0 0 57 17 2 2 0 0 
1679011375.6967614 20.091796875 38.52125372752259 987.2272421077863 0 0 0 0 0 0 57 17 4 2 0 0 
1679011380.8517766 20.096875 38.462017464263916 987.2692918631974 0 0 0 0 0 0 57 17 4 2 0 0 
1679011386.0057037 20.08671875 38.37312949100188 987.2208155852459 0 0 0 0 0 0 36 12 2 0 0 0 
1679011391.1596212 20.096875 38.34354185817577 987.215769659032 0 0 0 0 0 0 36 12 2 0 0 0 
1679011396.309781 20.10703125 38.35532587682706 987.2515677697926 0 0 0 0 0 0 36 12 2 0 0 0 
1679011401.459214 20.101953125 38.4205514692013 987.2622626946936 0 0 0 0 0 0 30 10 2 0 0 0 
1679011406.6048906 20.091796875 38.23684385082846 987.2474259849357 0 0 0 0 0 0 30 10 2 0 0 0 
1679011411.7602196 20.081640625 38.3436058141425 987.2598020536557 0 0 0 0 0 0 30 10 2 0 0 0 
1679011416.9158661 20.091796875 38.2665633811419 987.2587218158069 0 0 0 0 0 0 42 14 2 0 0 0 
1679011422.0686913 20.08671875 38.50952679792358 987.2166734280831 0 0 0 0 0 0 42 14 2 0 0 0 
1679011427.225099 20.071484375 38.213280901803934 987.2598020536557 0 0 0 0 0 0 42 14 2 0 0 0 
1679011432.3782856 20.0765625 38.391058282628826 987.2856328068575 0 0 0 0 0 0 42 14 2 0 0 0 
1679011437.530649 20.071484375 38.34363777592621 987.2455671343293 0 0 0 0 0 0 42 14 2 0 0 0 
1679011442.685071 20.0765625 38.29624801841598 987.2651488079184 0 0 0 0 0 0 42 14 2 0 0 0 
1679011447.8380914 20.05625 38.28449834024023 987.2452663269862 0 0 0 0 0 0 54 16 2 0 0 0 
1679011452.9904122 20.06640625 38.24885760397593 987.2001552585322 0 0 0 0 0 0 54 16 2 0 0 0 
1679011458.1430387 20.06640625 38.48580310687799 987.2668307581692 0 0 0 0 0 0 54 16 2 0 0 0 
1679011463.293915 20.061328125 38.31405154599647 987.2068829406228 0 0 0 0 0 0 60 18 4 0 0 0 
1679011468.4436595 20.06640625 38.41478343704259 987.2584210076135 0 0 0 0 0 0 42 6 2 0 0 0 
1679011473.5980012 20.081640625 38.36739575463531 987.2701946588805 0 0 0 0 0 0 42 6 2 0 0 0 
1679011478.7421176 20.06640625 38.41478343704259 987.2116276244897 0 0 0 0 0 0 42 6 2 0 0 0 
1679011483.8907924 20.071484375 38.31405154599647 987.2452663269862 0 0 0 0 0 0 36 6 2 0 0 0 
1679011489.0405204 20.06640625 38.503633571006446 987.2503121347702 0 0 0 0 0 0 36 6 2 0 0 0 
1679011494.1949723 20.06640625 38.50357335753356 987.2301289074057 0 0 0 0 0 0 36 6 2 0 0 0 
1679011499.3484752 20.071484375 38.319910745067006 987.2052010199955 0 0 0 0 0 0 36 6 2 0 0 0 
1679011504.500864 20.096875 38.40876640725707 987.2312086832098 0 0 0 0 0 0 36 6 2 0 0 0 
1679011509.654215 20.091796875 38.284335179828545 987.2140876837673 0 0 0 0 0 0 36 6 2 0 0 0 
1679011514.8073492 20.096875 38.40867270465228 987.2188321619423 0 0 0 0 0 0 36 6 2 0 0 0 
1679011519.959834 20.081640625 38.27837852460455 987.2090417583915 0 0 0 0 0 0 36 6 2 0 0 0 
1679011525.1164627 20.096875 38.26063942771635 987.2146903328688 0 0 0 0 0 0 36 6 2 0 0 0 
1679011530.2690408 20.081640625 38.3672690188312 987.2510911557287 0 0 0 0 0 0 42 8 4 0 0 0 
1679011535.4215388 20.091796875 38.43246086044671 987.2143890629645 0 0 0 0 0 0 42 8 4 0 0 0 
1679011540.5721004 20.101953125 38.49755934540195 987.2325894155225 0 0 0 0 0 0 42 8 4 0 0 0 
1679011545.7251534 20.08671875 38.50943663342427 987.2090417583915 None None None None None None None None None None None None 
1679011550.8803236 20.096875 38.396761004987916 987.2036942638234 0 0 0 0 0 0 36 12 0 0 0 0 
1679011556.0375447 20.08671875 38.33169407173176 987.2188321619423 0 0 0 0 0 0 36 12 0 0 0 0 
1679011561.1900125 20.096875 38.27245452359757 987.2174516343669 0 0 0 0 0 0 36 12 0 0 0 0 
1679011566.3430786 20.08671875 38.38500878737486 987.2104222178446 0 0 0 0 0 0 36 12 0 0 0 0 
1679011571.4910429 20.0765625 38.40873518385502 987.1905400373922 0 0 0 0 0 0 36 12 0 0 0 0 
1679011576.6420178 20.081640625 38.319942979287326 987.2166734280831 0 0 0 0 0 0 36 12 0 0 0 0 
1679011581.7899513 20.081640625 38.396887759458934 987.1760055445652 0 0 0 0 0 0 36 12 0 0 0 0 
1679011586.9332626 20.0765625 38.3436058141425 987.1958874887614 0 0 0 0 0 0 36 12 0 0 0 0 
1679011592.0805538 20.0765625 38.402842768297745 987.2402205198308 0 0 0 0 0 0 36 12 0 0 0 0 
1679011597.2253723 20.0765625 38.29621551175528 987.2042972941697 0 0 0 0 0 0 42 14 0 0 0 0 
1679011602.368832 20.081640625 38.379116545877295 987.2188321619423 0 0 0 0 0 0 42 14 0 0 0 0 
1679011607.52004 20.08671875 38.38500878737486 987.2477272023352 0 0 0 0 0 0 42 14 0 0 0 0 
1679011612.6697795 20.091796875 38.396887759458934 987.1723400429067 0 0 0 0 0 0 42 14 0 0 0 0 
1679011617.822486 20.091796875 38.24882455242314 987.2087402292344 0 0 0 0 0 0 42 14 0 0 0 0 
1679011622.9748986 20.08671875 38.201365710825385 987.2292254636657 0 0 0 0 0 0 42 14 0 0 0 0 
1679011628.129999 20.091796875 38.45612447083938 987.2373340451039 0 0 0 0 0 0 12 4 0 0 0 0 
1679011633.2832115 20.096875 38.266530512325346 987.2406980247684 0 0 0 0 0 0 12 4 0 0 0 0 
1679011638.4354982 20.10703125 38.313824033797935 987.2723547221398 0 0 0 0 0 0 18 4 0 0 0 0 
1679011643.5911636 20.10703125 38.2723219493351 987.198044750173 0 0 0 0 0 0 18 4 0 0 0 0 
1679011648.746507 20.112109375 38.36121683514651 987.2249570033604 0 0 0 0 0 0 18 4 0 0 0 0 
1679011653.8999245 20.112109375 38.22496076039254 987.2468232222412 0 0 0 0 0 0 18 4 0 0 0 0 
1679011659.0535033 20.101953125 38.23684385082846 987.2238781292392 0 0 0 0 0 0 18 4 0 0 0 0 
1679011664.208585 20.101953125 38.248692238211056 987.2218946100526 0 0 0 0 0 0 18 4 0 0 0 0 
1679011669.3618746 20.10703125 38.343380546840216 987.2414755847182 0 0 0 0 0 0 12 2 0 0 0 0 
1679011674.5138402 20.1171875 38.49743722296291 987.2125791482944 0 0 0 0 0 0 12 2 0 0 0 0 
1679011679.6657314 20.122265625 38.28420319931162 987.2546302452112 0 0 0 0 0 0 12 2 0 0 0 0 
1679011684.8189445 20.112109375 38.2723219493351 987.2596763797748 0 0 0 0 0 0 12 2 0 0 0 0 
1679011689.9726958 20.1171875 38.14784119848673 987.2156412265412 0 0 0 0 0 0 12 2 0 0 0 0 
1679011695.1259701 20.132421875 38.18335491343778 987.2680866054445 0 0 0 0 0 0 12 2 0 0 0 0 
1679011700.2792578 20.132421875 38.272190464053665 987.1965339651468 0 0 0 0 0 0 39 9 2 0 0 0 
1679011705.4323936 20.1375 38.2841050426191 987.2265092302149 0 0 0 0 0 0 39 9 2 0 0 0 
1679011710.5855005 20.1375 38.2248271387078 987.2618333005003 0 0 0 0 0 0 48 14 6 0 0 0 
1679011715.7431927 20.1375 38.31955421129062 987.2338418863376 0 0 0 0 0 0 48 14 6 0 0 0 
1679011720.8963354 20.132421875 38.129963686391946 987.2662754395366 0 0 0 0 0 0 48 14 6 0 0 0 
1679011726.0495348 20.1375 38.2366096503358 987.2197808393674 0 0 0 0 0 0 48 14 6 0 0 0 
1679011731.2033749 20.142578125 38.2366096503358 987.2450123108082 0 0 0 0 0 0 48 14 6 0 0 0 
1679011736.3565688 20.1375 38.23654300394532 987.2460899249112 0 0 0 0 0 0 42 12 4 0 0 0 
1679011741.509988 20.1529296875 38.18311732207296 987.2488493090254 0 0 0 0 0 0 42 12 4 0 0 0 
1679011746.6632154 20.1580078125 38.337263453352435 987.2589422285788 0 0 0 0 0 0 42 12 4 0 0 0 
1679011751.8163147 20.1478515625 38.37873571708037 987.2693374764624 0 0 0 0 0 0 51 17 2 0 0 0 
1679011756.9698 20.1478515625 38.2306181792167 987.2262068799405 0 0 0 0 0 0 51 17 2 0 0 0 
1679011762.1216598 20.1529296875 38.22469334422024 987.2598491220406 0 0 0 0 0 0 51 17 2 0 0 0 
1679011767.2750916 20.1478515625 38.15359452337121 987.2040368017496 0 0 0 0 0 0 45 15 2 0 0 0 
1679011772.428505 20.1478515625 38.15955369566842 987.2797324548752 0 0 0 0 0 0 45 15 2 0 0 0 
1679011777.5819604 20.1478515625 38.14177899458311 987.2012777703 0 0 0 0 0 0 45 15 2 0 0 0 
1679011782.7347243 20.1529296875 38.13588854943923 987.2127499909241 0 0 0 0 0 0 45 15 2 0 0 0 
1679011787.8911223 20.1478515625 38.19506901522034 987.2645933129336 None None None None None None None None None None None None 
1679011793.0426521 20.1580078125 38.13578508977851 987.2275865453412 0 0 0 0 0 0 45 13 4 0 0 0 
1679011798.1948378 20.1529296875 38.15948525669467 987.2252991731809 0 0 0 0 0 0 45 13 4 0 0 0 
1679011803.3417747 20.1580078125 38.07057352618441 987.2040368017496 0 0 0 0 0 0 51 15 6 0 0 0 
1679011808.4927886 20.1580078125 37.94021568790824 987.2751588955804 0 0 0 0 0 0 51 15 6 0 0 0 
1679011813.6440647 20.1630859375 38.25425113561031 987.2149033931071 0 0 0 0 0 0 51 15 6 0 0 0 
1679011818.790515 20.1630859375 38.02902507026524 987.258337086302 0 0 0 0 0 0 51 15 6 0 0 0 
1679011823.9436293 20.1630859375 38.20685140689472 987.2549727252848 0 0 0 0 0 0 51 15 6 0 0 0 
1679011829.0880544 20.1580078125 37.92243923399072 987.2358628126431 0 0 0 0 0 0 51 15 6 0 0 0 
1679011834.2372165 20.1630859375 38.24243454712375 987.2415152840097 0 0 0 0 0 0 36 10 8 0 0 0 
1679011839.3821518 20.1732421875 38.14756643913125 987.2448796439094 0 0 0 0 0 0 36 10 8 0 0 0 
1679011844.53079 20.1681640625 38.18900851658045 987.2802054397263 0 0 0 0 0 0 36 10 8 0 0 0 
1679011849.6794338 20.1681640625 38.17719220058738 987.2661425460096 0 0 0 0 0 0 24 8 6 0 0 0 
1679011854.8317323 20.1580078125 38.141606794396054 987.251002676497 0 0 0 0 0 0 24 8 6 0 0 0 
1679011859.9838002 20.1630859375 38.28380998934288 987.2210260971323 0 0 0 0 0 0 24 8 6 0 0 0 
1679011865.1364918 20.1732421875 38.153457286554854 987.2661425460096 0 0 0 0 0 0 18 6 4 0 0 0 
1679011870.2884965 20.1681640625 38.16530773763852 987.2493204691226 0 0 0 0 0 0 90 28 6 0 0 0 
1679011875.4430952 20.1732421875 37.99939768463014 987.2711891704381 0 0 0 0 0 0 90 28 8 0 0 0 
1679011880.5959306 20.1630859375 38.295627287125164 987.2846468386545 0 0 0 0 0 0 90 28 8 0 0 0 
1679011885.748729 20.1732421875 38.177124083906385 987.2930578835602 0 0 0 0 0 0 90 28 8 0 0 0 
1679011890.9036348 20.1630859375 38.3193598638891 987.2398331041647 0 0 0 0 0 0 96 30 8 0 0 0 
1679011896.0571654 20.1681640625 38.2364763143543 987.2597165453338 0 0 0 0 0 0 96 30 8 0 0 0 
1679011901.2100654 20.1732421875 38.106055071468866 987.251002676497 0 0 0 0 0 0 96 30 8 0 0 0 
1679011906.361764 20.1681640625 38.12979085903501 987.2328014470206 0 0 0 0 0 0 96 30 8 0 0 0 
1679011911.5094168 20.1732421875 37.916402578046245 987.2462589939416 0 0 0 0 0 0 96 30 8 0 0 0 
1679011916.6594746 20.1783203125 38.18900851658045 987.2577315066928 0 0 0 0 0 0 96 30 8 0 0 0 
1679011921.8142278 20.1732421875 38.218701400683486 987.2395302199221 0 0 0 0 0 0 90 28 8 0 0 0 
1679011926.9596858 20.1732421875 38.123830979141985 987.2754613858335 0 0 0 0 0 0 90 28 8 0 0 0 
1679011932.1043835 20.1681640625 38.0705382579253 987.242591640324 0 0 0 0 0 0 90 28 8 0 0 0 
1679011937.2551026 20.1783203125 38.236342805570594 987.240909433299 0 0 0 0 0 0 90 28 8 0 0 0 
1679011942.4084845 20.1884765625 38.111875912812536 987.2638544294858 0 0 0 0 0 0 90 28 8 0 0 0 
1679011947.5605402 20.1884765625 38.01110472060017 987.235559682616 0 0 0 0 0 0 90 28 8 0 0 0 
1679011952.7137022 20.1935546875 37.84517956185221 987.2565190353959 0 0 0 0 0 0 24 4 0 0 0 0 
1679011957.8673658 20.2087890625 38.14732545767218 987.2663092982522 0 0 0 0 0 0 24 4 0 0 0 0 
1679011963.0202534 20.1986328125 38.23021657630104 987.2410751678558 0 0 0 0 0 0 24 4 0 0 0 0 
1679011968.1725574 20.2087890625 38.12351849920394 987.2387855115173 0 0 0 0 0 0 24 4 0 0 0 0 
1679011973.3233519 20.1986328125 38.08203694606047 987.2539262312345 0 0 0 0 0 0 18 4 0 0 0 0 
1679011978.472761 20.2037109375 37.951699812761994 987.2713561262177 0 0 0 0 0 0 18 4 0 0 0 0 
1679011983.6198866 20.1986328125 38.07022035756174 987.2542298546829 0 0 0 0 0 0 18 4 0 0 0 0 
1679011988.7671201 20.1986328125 37.95766259736199 987.2208878748573 0 0 0 0 0 0 12 4 0 0 0 0 
1679011993.9168935 20.2037109375 38.1354049060523 987.2536224984302 0 0 0 0 0 0 12 4 0 0 0 0 
1679011999.0633156 20.2087890625 37.904253160806896 987.2589731390644 0 0 0 0 0 0 12 4 0 0 0 0 
1679012004.2159164 20.2138671875 38.12351849920394 987.2657023504828 0 0 0 0 0 0 24 8 2 0 0 0 
1679012009.36866 20.2138671875 37.93981065736287 987.2317523955479 0 0 0 0 0 0 24 8 2 0 0 0 
1679012014.5218847 20.2087890625 37.969368520957524 987.2491829881475 0 0 0 0 0 0 24 8 2 0 0 0 
1679012019.6721354 20.2087890625 38.03462884049927 987.2589731390644 0 0 0 0 0 0 36 12 2 0 0 0 
1679012024.8243363 20.2189453125 38.087927730328865 987.2586694469261 0 0 0 0 0 0 36 12 2 0 0 0 
1679012029.9739332 20.2138671875 37.93981065736287 987.2449070090618 0 0 0 0 0 0 36 12 2 0 0 0 
1679012035.119981 20.2087890625 38.12944439428367 987.2744173271127 0 0 0 0 0 0 51 15 8 2 0 0 
1679012040.2666802 20.1986328125 38.15318229450201 987.2623377446339 0 0 0 0 0 0 51 15 8 2 0 0 
1679012045.4188287 20.2087890625 38.105670784837464 987.2488793240332 0 0 0 0 0 0 24 8 4 2 0 0 
1679012050.5717247 20.2189453125 37.981293936018595 987.3105179035911 0 0 0 0 0 0 24 8 4 2 0 0 
1679012055.7252247 20.2138671875 38.15314787189351 987.2872688336143 0 0 0 0 0 0 24 8 4 2 0 0 
1679012060.8786736 20.2087890625 37.993182470757404 987.3024096935654 0 0 0 0 0 0 30 10 6 2 0 0 
1679012066.0318992 20.2189453125 38.02281263263402 987.2589731390644 0 0 0 0 0 0 30 10 6 2 0 0 
1679012071.185246 20.2189453125 37.975331307148004 987.2791607766728 0 0 0 0 0 0 30 10 6 2 0 0 
1679012076.3385515 20.2087890625 37.933847479723205 987.2819182698327 0 0 0 0 0 0 24 8 6 2 0 0 
1679012081.4917326 20.2240234375 37.91014220951534 987.2681557961137 0 0 0 0 0 0 24 8 6 2 0 0 
1679012086.646236 20.2240234375 37.92784710114131 987.2748851718727 0 0 0 0 0 0 24 8 6 2 0 0 
1679012091.799374 20.2189453125 38.082001695233316 987.3014990183073 0 0 0 0 0 0 36 12 6 2 0 0 
1679012096.9523668 20.2240234375 38.016778620328886 987.2877362649301 0 0 0 0 0 0 36 12 6 2 0 0 
1679012102.1057801 20.2189453125 37.9870382657353 987.2664734523486 0 0 0 0 0 0 36 12 6 2 0 0 
1679012107.2582953 20.2291015625 37.92784710114131 987.259440071321 0 0 0 0 0 0 24 8 4 2 0 0 
1679012112.4115827 20.2291015625 38.1767144765919 987.2978304966838 0 0 0 0 0 0 24 8 4 2 0 0 
1679012117.5647776 20.2291015625 38.01078020329403 987.2863577923613 0 0 0 0 0 0 45 15 4 0 0 0 
1679012122.7172954 20.2291015625 37.987111022884164 987.2661694999041 0 0 0 0 0 0 45 15 4 0 0 0 
1679012127.8693268 20.2240234375 37.945626385516114 987.2796283604242 0 0 0 0 0 0 45 15 4 0 0 0 
1679012133.021774 20.2291015625 37.915994193533365 987.2813107183038 0 0 0 0 0 0 45 15 4 0 0 0 
1679012138.1762516 20.2291015625 37.86850667005592 987.2644871426535 0 0 0 0 0 0 45 15 4 0 0 0 
1679012143.3295324 20.2443359375 37.86257998241505 987.2389475135831 0 0 0 0 0 0 45 15 4 0 0 0 
1679012148.4806936 20.2341796875 37.915919801387794 987.2658654380939 0 0 0 0 0 0 39 13 4 0 0 0 
1679012153.6334598 20.2291015625 37.96918557922572 987.2736689769971 0 0 0 0 0 0 39 13 4 0 0 0 
1679012158.781806 20.2595703125 37.767712667651345 987.3019733068858 0 0 0 0 0 0 39 13 4 0 0 0 
1679012163.9345148 20.2443359375 37.8803600145214 987.2800943028367 0 0 0 0 0 0 45 15 4 0 0 0 
1679012169.0874968 20.2494140625 37.98689262182571 987.273364654851 0 0 0 0 0 0 45 15 4 0 0 0 
1679012174.241354 20.2494140625 37.86246647374793 987.2834591272488 0 0 0 0 0 0 45 15 4 0 0 0 
1679012179.3947072 20.2544921875 37.980965867132056 987.2716822430292 0 0 0 0 0 0 45 15 4 0 0 0 
1679012184.5485146 20.2494140625 37.98685618384585 987.2929523030352 0 0 0 0 0 0 45 15 4 0 0 0 
1679012189.7038994 20.2697265625 37.85638780282542 987.302437883757 0 0 0 0 0 0 45 15 4 0 0 0 
1679012194.8571682 20.2697265625 37.76151254933472 987.2704707492551 0 0 0 0 0 0 39 13 4 0 0 0 
1679012200.0094368 20.2697265625 37.81485884540116 987.2940254774948 0 0 0 0 0 0 102 24 4 0 0 0 
1679012205.164538 20.2798828125 37.79699950585433 987.2660330496338 0 0 0 0 0 0 102 24 4 0 0 0 
1679012210.317645 20.2697265625 37.93929327374074 987.2687882691907 0 0 0 0 0 0 102 24 4 0 0 0 
1679012215.4673226 20.2798828125 37.78518331946895 987.2917332523148 0 0 0 0 0 0 96 22 4 0 0 0 
1679012220.620888 20.2798828125 37.8207477715227 987.2950982686929 0 0 0 0 0 0 96 22 4 0 0 0 
1679012225.7696493 20.2849609375 37.83271723171027 987.2721532293895 0 0 0 0 0 0 96 22 4 0 0 0 
1679012230.9222116 20.2849609375 38.00452782502192 987.3085583370006 0 0 0 0 0 0 75 18 4 0 0 0 
1679012236.0730493 20.2798828125 37.89183798402202 987.2886731900917 0 0 0 0 0 0 75 18 4 0 0 0 
1679012241.2250307 20.2849609375 37.69631039067198 987.3051933195043 0 0 0 0 0 0 75 18 4 0 0 0 
1679012246.3747427 20.2798828125 37.76151254933472 987.2900507442304 0 0 0 0 0 0 87 22 4 0 0 0 
1679012251.5243933 20.2849609375 37.79107201363606 987.2648131313538 0 0 0 0 0 0 87 22 4 0 0 0 
1679012256.6704931 20.2900390625 37.79699950585433 987.2729204819616 0 0 0 0 0 0 87 22 4 0 0 0 
1679012261.8234494 20.2900390625 37.87401817253896 987.2998408254045 0 0 0 0 0 0 102 29 4 0 0 0 
1679012266.972343 20.2900390625 37.761354700157945 987.2843929302398 0 0 0 0 0 0 102 29 4 0 0 0 
1679012272.121174 20.2900390625 37.74949930438106 987.2571668539025 0 0 0 0 0 0 102 29 4 0 0 0 
1679012277.269475 20.3001953125 37.89183798402202 987.2908178156505 0 0 0 0 0 0 90 25 4 0 0 0 
1679012282.422156 20.3103515625 37.8027709774114 987.2989252638806 0 0 0 0 0 0 57 19 2 0 0 0 
1679012287.5660925 20.3001953125 38.04580017093505 987.3123857676494 0 0 0 0 0 0 57 19 2 0 0 0 
1679012292.716078 20.3103515625 37.90950626914981 987.3207985847763 0 0 0 0 0 0 57 19 2 0 0 0 
1679012297.8649087 20.3103515625 37.69018177771689 987.3087153166441 0 0 0 0 0 0 57 19 2 0 0 0 
1679012303.0117729 20.3154296875 37.85019266420762 987.2652740240284 0 0 0 0 0 0 51 17 2 0 0 0 
1679012308.163458 20.3052734375 37.66642996469277 987.2787345166145 0 0 0 0 0 0 51 17 2 0 0 0 
1679012313.316672 20.3103515625 37.713813861814444 987.2686391467556 0 0 0 0 0 0 51 17 2 0 0 0 
1679012318.469616 20.3103515625 37.66651038315113 987.2470715708296 0 0 0 0 0 0 51 17 2 0 0 0 
1679012323.6260831 20.3103515625 37.76131558648299 987.2720042697624 0 0 0 0 0 0 51 17 2 0 0 0 
1679012328.7807343 20.3052734375 37.68425389353116 987.258849401326 0 0 0 0 0 0 51 17 2 0 0 0 
1679012333.932534 20.3103515625 37.71389321170819 987.28209964046 0 0 0 0 0 0 78 26 0 0 0 0 
1679012339.079595 20.3052734375 37.90357876514508 987.2938775761207 0 0 0 0 0 0 78 26 0 0 0 0 
1679012344.231788 20.3255859375 37.92128666557331 987.2666509218188 0 0 0 0 0 0 78 26 0 0 0 0 
1679012349.3852441 20.3205078125 37.75534863298969 987.2801115234101 0 0 0 0 0 0 84 28 0 0 0 0 
1679012354.5376954 20.3255859375 37.832332962517555 987.2669565853571 0 0 0 0 0 0 84 28 0 0 0 0 
1679012359.6924863 20.3205078125 37.96274288610365 987.2720042697624 0 0 0 0 0 0 84 28 0 0 0 0 
1679012364.8489416 20.3052734375 37.64864595359763 987.2669565853571 0 0 0 0 0 0 135 31 4 0 0 0 
1679012370.0023053 20.3103515625 37.92717703654921 987.2882188049567 0 0 0 0 0 0 135 31 4 0 0 0 
1679012375.1550822 20.3154296875 37.79684322032258 987.2781232699122 0 0 0 0 0 0 135 31 4 0 0 0 
1679012380.308097 20.3205078125 37.72563023481563 987.2632857721197 0 0 0 0 0 0 135 31 4 0 0 0 
1679012385.461167 20.3205078125 37.98645324695586 987.2562496192809 0 0 0 0 0 0 135 31 4 0 0 0 
1679012390.6080704 20.3205078125 37.8975761250902 987.2831710371199 0 0 0 0 0 0 141 31 6 0 0 0 
1679012395.756762 20.3205078125 37.79676575654825 987.284853626329 0 0 0 0 0 0 141 31 6 0 0 0 
1679012400.9042897 20.3205078125 37.79684322032258 987.289595701803 0 0 0 0 0 0 141 31 6 0 0 0 
1679012406.054946 20.3306640625 37.648524631662546 987.2609914607413 0 0 0 0 0 0 141 31 6 0 0 0 
1679012411.208389 20.3255859375 37.89161081706345 987.2764406809827 0 0 0 0 0 0 141 31 6 0 0 0 
1679012416.361157 20.3205078125 37.82047726829793 987.2879130988284 0 0 0 0 0 0 141 31 6 0 0 0 
1679012421.5084012 20.3205078125 37.879717534087405 987.2825594341166 0 0 0 0 0 0 141 31 6 0 0 0 
1679012426.65607 20.3255859375 37.65445285004767 987.284853626329 0 0 0 0 0 0 141 31 6 0 0 0 
1679012431.8094163 20.3205078125 37.78487105466537 987.2444715046025 0 0 0 0 0 0 141 31 6 0 0 0 
1679012436.9628332 20.3255859375 37.826366713109856 987.2697103259637 0 0 0 0 0 0 120 26 4 0 0 0 
1679012442.1190948 20.3103515625 37.56561129526096 987.2542610540153 0 0 0 0 0 0 120 26 4 0 0 0 
1679012447.2722235 20.3255859375 37.743414253973036 987.2411063296094 0 0 0 0 0 0 54 18 2 0 0 0 
1679012452.4208376 20.3205078125 37.79676575654825 987.2408002439181 0 0 0 0 0 0 54 18 2 0 0 0 
1679012457.570571 20.3205078125 37.86786186802514 987.2408002439181 0 0 0 0 0 0 69 18 2 0 0 0 
1679012462.720132 20.3306640625 37.666228729510365 987.24890712238 0 0 0 0 0 0 69 18 2 0 0 0 
1679012467.8697753 20.3306640625 37.56548707908549 987.2337635912199 0 0 0 0 0 0 69 18 2 0 0 0 
1679012473.021634 20.3255859375 37.808582921147426 987.2596147955322 0 0 0 0 0 0 63 16 2 0 0 0 
1679012478.1657758 20.341015625 37.77890409906815 987.2768994635791 0 0 0 0 0 0 63 16 2 0 0 0 
1679012483.3190436 20.3357421875 37.66626899815102 987.2418703724253 0 0 0 0 0 0 63 16 2 0 0 0 
1679012488.472318 20.3357421875 37.58928301545702 987.2836300368897 0 0 0 0 0 0 63 16 2 0 0 0 
1679012493.6254134 20.341015625 37.72555109264806 987.2351398603281 0 0 0 0 0 0 63 16 2 0 0 0 
1679012498.7815423 20.3357421875 37.86774801162559 987.2264201993968 0 0 0 0 0 0 63 16 2 0 0 0 
1679012503.9347916 20.341015625 37.731400196471014 987.2533424657986 0 0 0 0 0 0 57 14 2 0 0 0 
1679012509.088018 20.341015625 37.772897933106606 987.2348334057252 0 0 0 0 0 0 57 14 2 0 0 0 
1679012514.2407467 20.341015625 37.72543229838258 987.2048525697294 0 0 0 0 0 0 57 14 2 0 0 0 
1679012519.3939369 20.34609375 37.642474779434686 987.2594602044052 0 0 0 0 0 0 51 12 2 0 0 0 
1679012524.5475993 20.351171875 37.80846702085565 987.2230549173547 0 0 0 0 0 0 51 12 2 0 0 0 
1679012529.7008653 20.341015625 37.725471907272954 987.2135722251468 0 0 0 0 0 0 18 6 2 0 0 0 
1679012534.853971 20.3357421875 37.743296137723505 987.2250440942788 0 0 0 0 0 0 18 6 2 0 0 0 
1679012540.006178 20.3306640625 37.71369475595939 987.2768994635791 0 0 0 0 0 0 18 6 2 0 0 0 
1679012545.1593928 20.341015625 37.891535490225735 987.2724637376599 0 0 0 0 0 0 18 6 2 0 0 0 
1679012550.3127615 20.3306640625 37.73147924557789 987.2775115855736 0 0 0 0 0 0 18 6 2 0 0 0 
1679012555.4641721 20.3306640625 37.701838378165355 987.24890712238 0 0 0 0 0 0 18 6 2 0 0 0 
1679012560.6175046 20.3306640625 37.70780635308894 987.2764406809827 0 0 0 0 0 0 18 6 2 0 0 0 
1679012565.770917 20.3306640625 37.71373446871299 987.2791942016847 0 0 0 0 0 0 18 6 2 0 0 0 
1679012570.9243162 20.3205078125 37.69598999736923 987.25456703126 0 0 0 0 0 0 18 6 2 0 0 0 
1679012576.0782592 20.3255859375 37.71373446871299 987.2626740625975 0 0 0 0 0 0 18 6 2 0 0 0 
1679012581.2321694 20.3103515625 37.77305408038463 987.2518135359154 0 0 0 0 0 0 18 6 2 0 0 0 
1679012586.3853395 20.3103515625 37.81458793866937 987.2478366798755 0 0 0 0 0 0 18 6 2 0 0 0 
1679012591.5391276 20.3255859375 37.867899798555534 987.246154092204 0 0 0 0 0 0 30 10 2 0 0 0 
1679012596.6923196 20.3154296875 37.90935651941121 987.2764406809827 0 0 0 0 0 0 30 10 2 0 0 0 
1679012601.8442893 20.3103515625 37.773093090199836 987.2265751327598 0 0 0 0 0 0 30 10 2 0 0 0 
1679012606.9968038 20.3255859375 37.69598999736923 987.2346820109665 0 0 0 0 0 0 30 10 2 0 0 0 
1679012612.1503942 20.3103515625 37.690101882742525 987.2612973837627 0 1 2 0 1 2 105 32 12 4 2 2 
1679012617.3042395 20.3255859375 37.63090247347727 987.2481426019342 0 0 2 0 0 2 99 30 10 2 2 2 
1679012622.4579535 20.3154296875 37.737565084287475 987.2501309752158 0 0 2 0 0 2 99 30 10 2 2 2 
1679012627.610111 20.3103515625 37.814626460762845 987.2542610540153 0 0 2 0 0 2 99 30 10 2 2 2 
1679012632.7604845 20.3052734375 37.784948812569304 987.2758289695325 0 0 2 0 0 2 120 32 10 2 2 2 
1679012637.908042 20.3205078125 37.71385354216228 987.243094879797 0 0 2 0 0 2 120 32 10 2 2 2 
1679012643.0540738 20.3103515625 37.755309429578375 987.2394237422175 0 0 2 0 0 2 120 32 10 2 2 2 
1679012648.205012 20.3205078125 37.862047983152685 987.2450832935361 0 0 2 0 0 2 114 30 10 2 2 2 
1679012653.35713 20.3154296875 37.90354127578539 987.265885050007 0 0 2 0 0 2 114 30 10 2 2 2 
1679012658.5121005 20.3103515625 37.8561963867836 987.2602263404618 0 0 2 0 0 2 114 30 10 2 2 2 
1679012663.658376 20.3052734375 37.737643867504474 987.2417181727661 0 0 2 0 0 2 93 23 8 2 2 2 
1679012668.804965 20.3052734375 37.731597738224224 987.2716986468913 0 0 2 0 0 2 93 23 8 2 2 2 
1679012673.9500883 20.3052734375 37.85026885843145 987.2565554735606 0 0 2 0 0 2 93 23 8 2 2 2 
1679012679.101969 20.3103515625 37.725748867052864 987.2756748794044 0 0 2 0 0 2 81 19 8 2 2 2 
1679012684.2552915 20.2951171875 37.78502652726651 987.2434007331161 0 0 2 0 0 2 81 19 8 2 2 2 
1679012689.411025 20.3052734375 37.838413770902356 987.2372819790081 0 0 2 0 0 2 81 19 8 2 2 2 
1679012694.5654614 20.3052734375 37.80288837306491 987.2742977217918 0 0 0 0 0 0 84 26 2 0 0 0 
1679012699.7177217 20.3001953125 37.9036162437035 987.2423295783051 0 0 0 0 0 0 99 31 0 0 0 0 
1679012704.8707623 20.2900390625 37.79699950585433 987.2328455109498 0 0 0 0 0 0 99 31 0 0 0 0 
1679012710.018085 20.2900390625 37.70207731027648 987.2692501185113 0 0 0 0 0 0 99 31 0 0 0 0 
1679012715.167697 20.2849609375 37.60723134928144 987.224432983458 0 0 0 0 0 0 93 29 0 0 0 0 
1679012720.3171742 20.2798828125 37.85623586137865 987.2645078783047 0 0 0 0 0 0 93 29 0 0 0 0 
1679012725.467849 20.2951171875 37.78518331946895 987.2140322930552 0 0 0 0 0 0 93 29 0 0 0 0 
1679012730.6119146 20.2900390625 37.755506844563115 987.2642025158598 0 0 0 0 0 0 93 29 0 0 0 0 
1679012735.7549813 20.2900390625 37.59545900646941 987.2463055585712 0 0 0 0 0 0 93 29 0 0 0 0 
1679012740.903674 20.2900390625 37.90369260885296 987.2580831039089 0 0 0 0 0 0 93 29 0 0 0 0 
1679012746.0546296 20.2849609375 37.6903030739354 987.2062310472272 0 0 0 0 0 0 66 22 0 0 0 0 
1679012751.2032773 20.2798828125 37.78518331946895 987.2381983888284 0 0 0 0 0 0 66 22 0 0 0 0 
1679012756.355417 20.2849609375 37.844419073720424 987.2597656106652 0 0 0 0 0 0 66 22 0 0 0 0 
1679012761.5087104 20.2849609375 37.95111069719892 987.2499758368307 0 0 0 0 0 0 66 22 0 0 0 0 
1679012766.6612813 20.2849609375 37.88002103634219 987.2900507442304 0 0 0 0 0 0 66 22 0 0 0 0 
1679012771.8080463 20.2900390625 37.78522211699287 987.2701657556588 0 0 0 0 0 0 66 22 0 0 0 0 
1679012776.955709 20.2798828125 37.84449531696011 987.1816050047955 0 0 0 0 0 0 123 37 2 0 0 0 
1679012782.1038818 20.2849609375 37.826751774653204 987.2385036399817 0 0 0 0 0 0 123 37 2 0 0 0 
1679012787.2526636 20.2849609375 37.78526090371511 987.2230559607145 0 0 0 0 0 0 69 23 2 0 0 0 
1679012792.4020877 20.2798828125 37.73187535859763 987.2631306243877 0 0 0 0 0 0 69 23 2 0 0 0 
1679012797.5446806 20.2798828125 37.583685552172085 987.2788831506255 0 0 0 0 0 0 69 23 2 0 0 0 
1679012802.6950505 20.2646484375 37.96911232692566 987.2593032390789 0 0 0 0 0 0 63 21 0 0 0 0 
1679012807.8474448 20.2595703125 37.62530119191255 987.2313114288531 0 0 0 0 0 0 63 21 0 0 0 0 
1679012813.0004385 20.2595703125 37.714251273331854 987.2697026343237 0 0 0 0 0 0 63 21 0 0 0 0 
1679012818.15317 20.2494140625 37.797269983458925 987.2582302249971 0 0 0 0 0 0 57 17 0 0 0 0 
1679012823.30585 20.2544921875 37.761746742812534 987.2400210249491 0 0 0 0 0 0 57 17 0 0 0 0 
1679012828.4589522 20.2494140625 37.85657748660164 987.2531757176024 0 0 0 0 0 0 57 17 0 0 0 0 
1679012833.6123667 20.2544921875 37.91584536603731 987.2413988421874 0 0 0 0 0 0 48 14 2 0 0 0 
1679012838.7651637 20.2494140625 37.8743579582942 987.261892190601 0 0 0 0 0 0 48 14 2 0 0 0 
1679012843.9172816 20.2443359375 37.76178573725269 987.2683247781632 0 0 0 0 0 0 48 14 2 0 0 0 
1679012849.0709233 20.2494140625 37.98696546538248 987.2450682159746 0 0 0 0 0 0 54 16 2 0 0 0 
1679012854.2242043 20.2494140625 37.73807791293484 987.2602097928238 0 0 0 0 0 0 54 16 2 0 0 0 
1679012859.3803127 20.2494140625 37.74396568558418 987.2794926740983 0 0 0 0 0 0 60 15 6 0 0 0 
1679012864.5332384 20.2494140625 37.8683933657738 987.229621970197 0 0 0 0 0 0 60 15 6 0 0 0 
1679012869.680088 20.2544921875 37.82694316166288 987.2683247781632 0 0 0 0 0 0 60 15 6 0 0 0 
1679012874.8290048 20.2697265625 37.98696546538248 987.26465531655 0 0 0 0 0 0 60 15 6 0 0 0 
1679012879.9789803 20.2646484375 37.88009644043592 987.2744453143999 0 0 0 0 0 0 60 15 6 0 0 0 
1679012885.129713 20.2595703125 37.7911882018132 987.2781148320109 0 0 0 0 0 0 60 15 6 0 0 0 
1679012890.2830322 20.2646484375 37.939552230179956 987.271080408284 0 0 0 0 0 0 60 15 6 0 0 0 
1679012895.436297 20.2544921875 37.97500252793792 987.2660330496338 0 0 0 0 0 0 60 15 6 0 0 0 
1679012900.589531 20.2544921875 38.04026876585887 987.2515005242839 0 0 0 0 0 0 60 15 6 0 0 0 
1679012905.7427332 20.2494140625 37.72618453590281 987.2767369077234 0 0 0 0 0 0 60 15 6 0 0 0 
1679012910.8959367 20.2544921875 37.80912398323934 987.2397164316935 0 0 0 0 0 0 60 15 6 0 0 0 
1679012916.049251 20.2544921875 37.785454675301196 987.2447636633854 0 0 0 0 0 0 60 15 6 0 0 0 
1679012921.2024207 20.2494140625 37.886286671346014 987.2784118907355 0 0 0 0 0 0 81 22 10 0 0 0 
1679012926.3532274 20.2443359375 37.631390669584796 987.2820809693766 0 0 0 0 0 0 81 22 10 0 0 0 
1679012931.505374 20.2341796875 37.86250432077171 987.2487374264451 0 0 0 0 0 0 81 22 10 0 0 0 
1679012936.6576436 20.2443359375 37.73807791293484 987.2534802024143 0 0 0 0 0 0 81 22 10 0 0 0 
1679012941.8108456 20.2291015625 37.89817736003231 987.2843715215713 0 0 0 0 0 0 81 25 4 0 0 0 
1679012946.9640386 20.2291015625 37.69674769252051 987.304559985917 0 0 0 0 0 0 81 25 4 0 0 0 
1679012952.1160595 20.2240234375 37.838949292599374 987.2675478089695 0 0 0 0 0 0 81 25 4 0 0 0 
1679012957.269513 20.2240234375 37.6611066218562 987.2961481245502 0 0 0 0 0 0 87 25 4 0 0 0 
1679012962.4263391 20.2037109375 37.809392977733026 987.274581287205 0 0 0 0 0 0 87 25 4 0 0 0 
1679012967.5795128 20.2087890625 37.67900721263588 987.2475006994422 0 0 0 0 0 0 87 25 4 0 0 0 
1679012972.732341 20.2138671875 37.99910852367407 987.2384816567154 0 0 0 0 0 0 93 27 4 0 0 0 
1679012977.8857856 20.1986328125 37.97540425038339 987.2592767218471 0 0 0 0 0 0 93 27 4 0 0 0 
1679012983.0378935 20.1986328125 37.66142728195596 987.2895579380377 0 0 0 0 0 0 93 27 4 0 0 0 
1679012988.1911507 20.1935546875 38.01703047021585 987.2733416579827 0 0 0 0 0 0 87 27 6 0 0 0 
1679012993.3445063 20.1986328125 37.87480964499507 987.2699771329063 0 0 0 0 0 0 87 27 6 0 0 0 
1679012998.4971278 20.1935546875 37.94588403339102 987.2713561262177 0 0 0 0 0 0 87 27 6 0 0 0 
1679013003.650402 20.1986328125 37.82728697778372 987.2531545117168 0 0 0 0 0 0 87 27 4 0 0 0 
1679013008.804066 20.1884765625 37.975586419453926 987.2632480835922 0 0 0 0 0 0 87 27 4 0 0 0 
1679013013.9574285 20.1783203125 37.999289330278685 987.2604899594685 0 0 0 0 0 0 87 27 4 0 0 0 
1679013019.1113114 20.1833984375 37.90447670110853 987.2324983992218 0 0 0 0 0 0 75 23 4 0 0 0 
1679013024.2632535 20.1783203125 38.082283399432015 987.2338774623154 0 0 0 0 0 0 81 25 6 0 0 0 
1679013029.4164217 20.1783203125 38.082283399432015 987.2274517796137 0 0 0 0 0 0 75 23 6 0 0 0 
1679013034.569537 20.1783203125 37.969660666074006 987.2369386771735 0 0 0 0 0 0 75 23 6 0 0 0 
1679013039.725049 20.1732421875 37.92821705127709 987.2338774623154 0 0 0 0 0 0 75 23 6 0 0 0 
1679013044.8771245 20.1783203125 37.999325459196776 987.238924123427 0 0 0 0 0 0 69 21 6 0 0 0 
1679013050.0306783 20.1732421875 37.857144917715615 987.2638544294858 0 0 0 0 0 0 69 21 6 0 0 0 
1679013055.180569 20.1783203125 37.95784573428892 987.2459560545835 0 0 0 0 0 0 69 21 6 0 0 0 
1679013060.3237581 20.1833984375 37.94006855528958 987.2520787856485 0 0 0 0 0 0 69 21 6 0 0 0 
1679013065.471135 20.1783203125 38.058545888476225 987.2565190353959 0 0 0 0 0 0 69 21 6 0 0 0 
1679013070.6154983 20.1783203125 38.00528714310112 987.2487143166093 0 0 0 0 0 0 69 21 6 0 0 0 
1679013075.7654881 20.1833984375 37.92821705127709 987.2473352266769 0 0 0 0 0 0 69 21 6 0 0 0 
1679013080.9122374 20.1783203125 38.10005983904499 987.2227082897639 0 0 0 0 0 0 69 21 6 0 0 0 
1679013086.0648394 20.1783203125 37.904513920021024 987.2641574384165 0 0 0 0 0 0 69 21 6 0 0 0 
1679013091.2197123 20.1681640625 38.005323182294724 987.2341806058974 0 0 0 0 0 0 54 16 2 0 0 0 
1679013096.372075 20.1732421875 37.94606774355362 987.2529877690789 0 0 0 0 0 0 54 16 2 0 0 0 
1679013101.5243595 20.1580078125 38.088349209978574 987.2415152840097 0 0 0 0 0 0 54 16 2 0 0 0 
1679013106.6802754 20.1580078125 38.017281790859556 987.2090831742238 0 0 1 0 0 1 57 13 2 2 2 0 
1679013111.8347952 20.1529296875 37.86325899295139 987.2292686704074 0 0 1 0 0 1 57 13 2 2 2 0 
1679013116.9871333 20.1375 38.15955369566842 987.2477720507457 0 0 1 0 0 1 63 15 6 2 2 0 
1679013122.1397102 20.1478515625 37.9876553243751 987.2612290599371 0 0 1 0 0 1 63 15 6 2 2 0 
1679013127.2920668 20.1375 37.8751099053529 987.237679296786 0 0 1 0 0 1 63 15 6 2 2 0 
1679013132.445294 20.1375 37.8336694930978 987.2362995496366 0 0 1 0 0 1 75 19 6 2 2 0 
1679013137.6017172 20.1375 37.987763893046754 987.2601512012168 0 0 1 0 0 1 75 19 6 2 2 0 
1679013142.7493932 20.1375 38.082599490405016 987.2570889998274 0 0 1 0 0 1 75 19 6 2 2 0 
1679013147.9025886 20.132421875 38.08256441238842 987.2537248288592 0 0 1 0 0 1 75 19 6 2 2 0 
1679013153.0499256 20.12734375 37.99979415224633 987.2304777444349 0 0 1 0 0 1 75 19 6 2 2 0 
1679013158.2007432 20.12734375 37.97594994751826 987.2742116109642 0 0 1 0 0 1 75 19 6 2 2 0 
1679013163.3448687 20.122265625 38.047085488328584 987.2287956735881 0 0 0 0 0 0 54 14 4 0 0 0 
1679013168.494505 20.12734375 38.07078490892441 987.2277175381553 0 0 0 0 0 0 54 14 4 0 0 0 
1679013173.6500745 20.1171875 37.86937210660363 987.2327636693662 0 0 0 0 0 0 54 14 4 0 0 0 
1679013178.8032067 20.122265625 38.01753258226012 987.2394918452919 0 0 0 0 0 0 54 16 4 0 0 0 
1679013183.9558969 20.12734375 37.946434353794594 987.2293995818225 0 0 0 0 0 0 54 16 4 0 0 0 
1679013189.1114862 20.1171875 38.10640328889109 987.2293995818225 0 0 0 0 0 0 69 23 6 0 0 0 
1679013194.2591853 20.1171875 38.0649658190958 987.2448396461301 0 0 0 0 0 0 69 23 6 0 0 0 
1679013199.405423 20.112109375 38.07685017174058 987.2639446990933 0 0 0 0 0 0 75 25 6 0 0 0 
1679013204.5547066 20.10703125 37.97620516769437 987.2538526737424 0 0 0 0 0 0 75 25 6 0 0 0 
1679013209.7050323 20.10703125 38.070925614737114 987.2067565886842 0 0 0 0 0 0 75 25 6 0 0 0 
1679013214.8580022 20.101953125 38.225095491598054 987.2824467521006 0 0 0 0 0 0 75 25 6 0 0 0 
1679013220.0107079 20.096875 38.00586385376417 987.2538526737424 0 0 0 0 0 0 75 25 6 0 0 0 
1679013225.1673195 20.10703125 37.94647095541252 987.246521676941 0 0 0 0 0 0 75 25 6 0 0 0 
1679013230.3219109 20.10703125 37.976168939515084 987.2488066620098 0 0 0 0 0 0 75 25 8 0 0 0 
1679013235.4744153 20.101953125 37.952506735471545 987.2642458902433 0 0 0 0 0 0 75 25 8 0 0 0 
1679013240.627006 20.08671875 38.05921890357263 987.2827477941485 0 0 0 0 0 0 75 25 8 0 0 0 
1679013245.7792711 20.08671875 38.118426894318226 987.2743378367803 0 0 0 0 0 0 87 29 8 0 0 0 
1679013250.9322226 20.071484375 37.97627759164987 987.2530741999703 0 0 0 0 0 0 87 29 8 0 0 0 
1679013256.0858119 20.071484375 38.09479939756787 987.2379365332636 0 0 0 0 0 0 87 29 8 0 0 0 
1679013261.2408445 20.091796875 38.189618662118306 987.2726558455162 0 0 0 0 0 0 93 31 8 0 0 0 
1679013266.3933668 20.06640625 38.124420158555544 987.2701946588805 0 0 0 0 0 0 93 31 8 0 0 0 
1679013271.5405178 20.06640625 38.05332990106503 987.2671314985896 0 0 0 0 0 0 69 21 2 0 0 0 
1679013276.6891906 20.081640625 38.27255289331218 987.2732577643792 0 0 0 0 0 0 69 21 2 0 0 0 
1679013281.841766 20.06640625 38.25484737618747 987.2405213678377 0 0 0 0 0 0 69 21 2 0 0 0 
1679013286.993873 20.06640625 37.9763861465755 987.2506129014495 0 0 0 0 0 0 75 21 2 0 0 0 
1679013292.1469526 20.06640625 38.02973950331832 987.249520778991 0 0 0 0 0 0 75 21 2 0 0 0 
1679013297.2996001 20.061328125 38.189686095095674 987.2694145612284 0 0 0 0 0 0 75 21 2 0 0 0 
1679013302.4517891 20.051171875 38.130516241199075 987.2593116980446 0 0 0 0 0 0 69 19 4 0 0 0 
1679013307.608328 20.051171875 38.201634352902126 987.2461570167106 0 0 0 0 0 0 69 19 4 0 0 0 
1679013312.7617102 20.04609375 38.06535408771492 987.256548591684 0 0 0 0 0 0 69 19 4 0 0 0 
1679013317.9142666 20.051171875 38.12459246038208 987.2346843144328 0 0 0 0 0 0 69 19 4 0 0 0 
1679013323.067408 20.030859375 38.17797373728078 987.2568487697038 0 0 0 0 0 0 69 19 4 0 0 0 
1679013328.2194638 20.041015625 38.17201630257054 987.2767310119292 0 0 0 0 0 0 69 19 4 0 0 0 
1679013333.3727057 20.041015625 38.16612660206221 987.2787128825486 0 0 0 0 0 0 63 17 4 0 0 0 
1679013338.5294664 20.0359375 38.2135148966218 987.2666398005496 0 0 0 0 0 0 63 17 4 0 0 0 
1679013343.682527 20.0359375 38.02991709267263 987.2316209618555 0 0 0 0 0 0 63 17 4 0 0 0 
1679013348.8355525 20.0359375 38.249121627594945 987.2369667535693 0 0 0 0 0 0 84 24 6 0 0 0 
1679013353.9890716 20.030859375 37.95290753002084 987.2436941140794 0 0 0 0 0 0 96 30 8 0 0 0 
1679013359.1425076 20.030859375 38.19587865422379 987.2241123877661 0 0 2 0 0 2 117 37 12 2 2 2 
1679013364.2961805 20.030859375 38.332110784161635 987.2305395705253 0 0 2 0 0 2 117 37 12 2 2 2 
1679013369.4495628 20.020703125 38.23730810171824 987.2308396376064 0 0 2 0 0 2 117 37 12 2 2 2 
1679013374.602751 20.0359375 38.15441562410615 987.25744879793 0 0 2 0 0 2 123 39 12 2 2 2 
1679013379.7559664 20.030859375 38.20176841473446 987.2453759543816 0 0 2 0 0 2 123 39 12 2 2 2 
1679013384.9091892 20.02578125 38.1070286882415 987.25744879793 0 0 2 0 0 2 123 39 12 2 2 2 
1679013390.062318 20.02578125 38.01817641327093 987.2627940896061 0 0 2 0 0 2 123 39 12 2 2 2 
1679013395.2153084 20.020703125 38.24922045825059 987.189394828521 0 0 2 0 0 2 123 39 12 2 2 2 
1679013400.3685431 20.02578125 38.243297359492175 987.2490396624456 0 0 2 0 0 2 123 39 12 2 2 2 
1679013405.5253415 20.020703125 38.36764870785836 987.2580483890874 0 0 2 0 0 2 108 34 12 2 2 2 
1679013410.6784348 20.020703125 38.189921770307286 987.225012096083 0 0 2 0 0 2 108 34 12 2 2 2 
1679013415.8314521 20.020703125 38.272912750664894 987.252703207304 0 0 2 0 0 2 108 34 12 2 2 2 
1679013420.9842036 20.010546875 38.04194120187887 987.281593598208 0 0 2 0 0 2 129 41 14 2 2 2 
1679013426.1374762 20.015625 38.272978038874356 987.252703207304 0 0 2 0 0 2 129 41 14 2 2 2 
1679013431.290609 20.00546875 38.26109941070936 987.2351027272844 0 0 2 0 0 2 129 41 14 2 2 2 
1679013436.4436183 20.015625 38.36774338712212 987.2233303244602 0 0 0 0 0 0 75 18 0 0 0 0 
1679013441.5989454 20.010546875 38.261197703092314 987.2367844993958 0 0 0 0 0 0 75 18 0 0 0 0 
1679013446.7531123 20.00546875 38.22566071445411 987.2435115885394 0 0 0 0 0 0 75 18 0 0 0 0 
1679013451.9044611 20.000390625 38.27301066677907 987.2236300222686 0 0 0 0 0 0 75 18 0 0 0 0 
1679013457.0545182 20.00546875 38.24938496000823 987.2197826098432 0 0 0 0 0 0 75 18 0 0 0 0 
1679013462.2066176 20.00546875 38.27301066677907 987.2569657701783 0 0 0 0 0 0 75 18 0 0 0 0 
1679013467.353458 20.000390625 38.22562755245217 987.226993538475 0 0 0 0 0 0 75 18 0 0 0 0 
1679013472.502115 20.00546875 38.178277488321 987.2603293162864 0 0 0 0 0 0 63 18 0 0 0 0 
1679013477.6527276 20.00546875 38.27301066677907 987.2572651969008 0 0 0 0 0 0 63 18 0 0 0 0 
1679013482.7962122 20.000390625 38.21970461698578 987.2734841030749 0 0 0 0 0 0 63 18 0 0 0 0 
1679013487.944496 20.015625 38.21371504240033 987.225012096083 0 0 0 0 0 0 63 18 0 0 0 0 
1679013493.0932438 20.00546875 38.261164949764705 987.2465755162247 0 0 0 0 0 0 63 18 0 0 0 0 
1679013498.2390084 20.00546875 38.23747339260125 987.2351027272844 0 0 0 0 0 0 63 18 0 0 0 0 
1679013503.3886228 20.00546875 38.11302107913272 987.2418298161488 0 0 0 0 0 0 63 16 0 0 0 0 
1679013508.5414896 20.00546875 38.136850799676964 987.255283997229 0 0 0 0 0 0 63 16 0 0 0 0 
1679013513.6898148 20.00546875 38.095355262395444 987.2236300222686 0 0 0 0 0 0 63 16 0 0 0 0 
1679013518.8387306 20.00546875 38.02417100167719 987.2754652772285 0 0 0 0 0 0 66 22 4 0 0 0 
1679013523.9893644 20.010546875 38.04793502482694 987.2337205717256 0 0 0 0 0 0 66 22 4 0 0 0 
1679013529.1420949 20.00546875 38.28485634274853 987.2354023302128 0 0 0 0 0 0 72 24 4 0 0 0 
1679013534.2984664 20.00546875 38.20193574901926 987.2387658473968 0 0 0 0 0 0 72 24 4 0 0 0 
1679013539.4512424 20.00546875 38.12497057395544 987.2603293162864 0 0 0 0 0 0 72 24 4 0 0 0 
1679013544.5985882 20.010546875 38.0953206018483 987.240148043828 0 0 0 0 0 0 78 24 4 0 0 0 
1679013549.7449527 20.00546875 38.24938496000823 987.2424288043165 0 0 0 0 0 0 78 24 4 0 0 0 
1679013554.897207 20.00546875 38.2848238510658 987.2636928626735 0 0 0 0 0 0 78 24 4 0 0 0 
1679013560.0516276 19.9953125 38.17242205653759 987.2639922351789 0 0 0 0 0 0 84 26 2 0 0 0 
1679013565.202821 19.9953125 38.119047532165425 987.23708408877 0 0 0 0 0 0 84 26 2 0 0 0 
1679013570.3498993 20.00546875 38.255307707944425 987.255283997229 0 0 0 0 0 0 84 26 2 0 0 0 
1679013575.4963675 20.00546875 38.172388303108924 987.2670564093402 0 0 0 0 0 0 78 24 2 0 0 0 
1679013580.6511447 20.00546875 38.34414769569677 987.2441105495986 0 0 0 0 0 0 78 24 2 0 0 0 
1679013585.8020332 20.000390625 38.17834486974855 987.2606287159003 0 0 0 0 0 0 78 24 2 0 0 0 
1679013590.947682 20.00546875 38.07758595232755 987.2266938677752 0 0 0 0 0 0 84 26 2 0 0 0 
1679013596.09729 20.000390625 38.024206501262434 987.2522199189254 0 0 0 0 0 0 84 26 2 0 0 0 
1679013601.245852 20.00546875 38.178243781406735 987.2482573023792 0 0 0 0 0 0 42 10 2 0 0 0 
1679013606.3921692 20.000390625 38.21970461698578 987.2539016781808 0 0 0 0 0 0 42 10 2 0 0 0 
1679013611.5403106 20.00546875 38.29081157811356 987.2441105495986 0 0 0 0 0 0 42 10 2 0 0 0 
1679013616.688731 19.9953125 38.21384825691518 987.2357018238865 0 0 0 0 0 0 36 10 2 0 0 0 
1679013621.8334343 20.00546875 38.24928629135391 987.2390653139619 0 0 0 0 0 0 36 10 2 0 0 0 
1679013626.9822478 20.015625 38.11894433553617 987.265075167764 0 0 0 0 0 0 36 10 2 0 0 0 
1679013632.135306 20.015625 38.16626225545062 987.2280758731345 0 0 0 0 0 0 36 10 2 0 0 0 
1679013637.2877204 20.020703125 37.98855847517223 987.231439443977 0 0 0 0 0 0 36 10 2 0 0 0 
1679013642.4426782 20.030859375 38.14253478210236 987.2496393891472 0 0 0 0 0 0 36 10 2 0 0 0 
1679013647.5894585 20.020703125 38.2966372559498 987.25744879793 0 0 0 0 0 0 42 12 2 0 0 0 
1679013652.7421777 20.0359375 38.13072223827119 987.2268757148989 0 0 0 0 0 0 42 12 2 0 0 0 
1679013657.8986135 20.030859375 38.00033406144821 987.224893549083 0 0 0 0 0 0 42 12 2 0 0 0 
1679013663.0507493 20.0359375 38.10096662454741 987.2467576446791 0 0 0 0 0 0 48 14 2 0 0 0 
1679013668.203439 20.0359375 38.16612660206221 987.2033299677781 0 0 0 0 0 0 48 14 2 0 0 0 
1679013673.3585079 20.02578125 38.118875483780684 987.2467576446791 0 0 0 0 0 0 48 14 2 0 0 0 
1679013678.5121367 20.041015625 37.994410327321724 987.2568487697038 0 0 0 0 0 0 48 14 2 0 0 0 
1679013683.6648026 20.041015625 38.07734167119207 987.2562483043895 0 0 0 0 0 0 54 14 0 0 0 0 
1679013688.8174624 20.04609375 38.08911922248788 987.2632760639817 0 0 0 0 0 0 54 14 0 0 0 0 
1679013693.9718518 20.041015625 37.87593348963731 987.2632760639817 0 0 0 0 0 0 54 14 0 0 0 0 
1679013699.1201327 20.051171875 38.00019069233697 987.2360657315462 0 0 0 0 0 0 54 14 0 0 0 0 
1679013704.2688553 20.051171875 38.047547051465415 987.2273557021642 0 0 0 0 0 0 54 14 0 0 0 0 
1679013709.4215145 20.051171875 38.16605871056578 987.2509135588438 0 0 0 0 0 0 54 14 0 0 0 0 
1679013714.5696378 20.05625 38.08901471247232 987.2343838509299 0 0 0 0 0 0 75 21 0 0 0 0 
1679013719.7199335 20.061328125 38.16010096126573 987.2357763813599 0 0 0 0 0 0 75 21 0 0 0 0 
1679013724.869386 20.071484375 38.0474410137324 987.2402205198308 0 0 0 0 0 0 75 21 0 0 0 0 
1679013730.0233552 20.071484375 37.89340855603752 987.25703987946 0 0 0 0 0 0 63 19 0 0 0 0 
1679013735.176348 20.071484375 38.15410893488819 987.1903648828493 0 0 0 0 0 0 63 19 0 0 0 0 
1679013740.3301978 20.071484375 37.917143164279416 987.2416015117399 0 0 0 0 0 0 63 19 0 0 0 0 
1679013745.4828498 20.071484375 38.08891010525106 987.2312086832098 0 0 0 0 0 0 57 17 0 0 0 0 
1679013750.6395187 20.0765625 37.9821658993414 987.267910926886 0 0 0 0 0 0 57 17 0 0 0 0 
1679013755.7932923 20.0765625 37.94069408388999 987.2217192323053 0 0 0 0 0 0 57 17 0 0 0 0 
1679013760.9463184 20.08671875 38.00004715041079 987.2301289074057 0 0 0 0 0 0 72 22 4 0 0 0 
1679013766.0996087 20.0765625 37.822200410986504 987.2121042065244 0 0 0 0 0 0 111 35 6 0 0 0 
1679013771.2519064 20.096875 38.04729947887754 987.2544551094014 0 0 0 0 0 0 105 33 6 0 0 0 
1679013776.405489 20.096875 37.993978884074025 987.2137861952741 0 0 0 0 0 0 105 33 6 0 0 0 
1679013781.558834 20.10703125 38.0650010474677 987.2151665998571 0 0 0 0 0 0 105 33 6 0 0 0 
1679013786.7119393 20.10703125 37.9938333370344 987.2078349859636 0 0 0 0 0 0 84 26 6 0 0 0 
1679013791.8648677 20.112109375 37.88125967899852 987.2142611913328 0 0 0 0 0 0 84 26 6 0 0 0 
1679013797.017974 20.1171875 37.94639774137554 987.2021847751919 0 0 0 0 0 0 84 26 6 0 0 0 
1679013802.1718054 20.122265625 37.93451099718162 987.1772562606211 0 0 0 0 0 0 90 28 8 0 0 0 
1679013807.3249238 20.1171875 37.981983652823 987.1963627349426 0 0 0 0 0 0 90 28 8 0 0 0 
1679013812.4773295 20.122265625 37.90495970447249 987.1926967256389 0 0 0 0 0 0 90 28 8 0 0 0 
1679013817.6298764 20.12734375 37.90488551507654 987.1920924396135 0 0 0 0 0 0 84 26 6 0 0 0 
1679013822.7817743 20.132421875 37.91081063203135 987.2307797396527 0 0 0 0 0 0 84 26 6 0 0 0 
1679013827.9350271 20.132421875 37.90477414997315 987.20524668907 0 0 0 0 0 0 84 26 6 0 0 0 
1679013833.0881863 20.12734375 37.76271836329047 987.1567692848919 0 0 0 0 0 0 69 21 8 0 0 0 
1679013838.239956 20.12734375 38.03516448127336 987.2049443812166 0 0 0 0 0 0 69 21 8 0 0 0 
1679013843.3925786 20.12734375 37.981875009393704 987.2035646192711 0 0 0 0 0 0 69 21 8 0 0 0 
1679013848.5463367 20.132421875 37.7804556873726 987.1985184102938 0 0 0 0 0 0 102 34 8 2 0 0 
1679013853.6972601 20.12734375 37.774568943480716 987.1820001065499 0 0 0 0 0 0 96 29 6 2 0 0 
1679013858.8506289 20.132421875 37.975986240919084 987.2015802145792 0 0 0 0 0 0 96 29 6 2 0 0 
1679013864.003794 20.122265625 37.83378331080097 987.2349197203458 0 0 0 0 0 0 96 29 6 2 0 0 
1679013869.158179 20.132421875 37.89884881837203 987.2161142127592 0 0 0 0 0 0 108 33 6 2 0 0 
1679013874.3122885 20.1630859375 37.86318372015876 987.204507343557 0 0 0 0 0 0 108 33 6 2 0 0 
1679013879.4615805 20.1630859375 37.869109317749356 987.2560492990392 0 0 0 0 0 0 108 33 6 2 0 0 
1679013884.6147954 20.1630859375 37.7564434389598 987.2496233813705 0 0 0 0 0 0 129 37 6 2 0 0 
1679013889.7637603 20.1630859375 37.83948122711325 987.2448796439094 0 0 0 0 0 0 129 37 6 2 0 0 
1679013894.9111784 20.1580078125 37.76244699006695 987.230042882801 0 0 0 0 0 0 129 37 6 2 0 0 
1679013900.0579085 20.1580078125 37.90462551195096 987.2451823781532 0 0 0 0 0 0 129 37 6 2 0 0 
1679013905.210856 20.1580078125 38.011356518098815 987.230042882801 0 0 0 0 0 0 129 37 6 2 0 0 
1679013910.3576825 20.1580078125 37.78615001706465 987.2468645446528 0 0 0 0 0 0 129 37 6 2 0 0 
1679013915.5076697 20.1580078125 37.84544471195943 987.2303456297093 0 0 0 0 0 0 123 35 6 2 0 0 
1679013920.6550014 20.1580078125 37.88692341819783 987.2317250486718 0 0 0 0 0 0 123 35 6 2 0 0 
1679013925.8104503 20.1630859375 37.94021568790824 987.213826883523 0 0 0 0 0 0 123 35 6 2 0 0 
1679013930.962518 20.1681640625 37.81574037214392 987.2620040462924 0 0 0 0 0 0 42 14 2 0 0 0 
1679013936.119039 20.1681640625 37.99350834133485 987.2274517796137 0 0 0 0 0 0 42 14 2 0 0 0 
1679013941.271721 20.1783203125 37.744552533972666 987.244576800332 0 0 0 0 0 0 42 14 2 0 0 0 
1679013946.424294 20.1783203125 37.85118127394349 987.2305130219236 0 0 0 0 0 0 42 14 2 0 0 0 
1679013951.5768063 20.1783203125 37.8036970141237 987.2358628126431 0 0 0 0 0 0 42 14 2 0 0 0 
1679013956.7301447 20.1783203125 37.774182468057525 987.2453498478499 0 0 0 0 0 0 48 16 2 0 0 0 
1679013961.882984 20.1783203125 37.70303067040586 987.2887850485756 0 0 0 0 0 0 48 16 2 0 0 0 
1679013967.0331292 20.1884765625 37.83932946185334 987.2497899883175 0 0 0 0 0 0 48 16 2 0 0 0 
1679013972.1808033 20.1986328125 37.667273741681626 987.2542298546829 0 0 0 0 0 0 48 16 2 0 0 0 
1679013977.327828 20.2037109375 37.76802368925136 987.2727350373592 0 0 0 0 0 0 48 16 2 0 0 0 
1679013982.484444 20.2138671875 37.82120772347852 987.2516363266866 0 0 0 0 0 0 48 16 2 0 0 0 
1679013987.6393135 20.2087890625 37.566397323987545 987.2953769184978 0 0 0 0 0 0 48 16 2 0 0 0 
1679013992.7925007 20.2138671875 37.708680320420854 987.2575944327225 0 0 0 0 0 0 48 16 2 0 0 0 
1679013997.9359765 20.2189453125 37.76198054742712 987.2796283604242 0 0 0 0 0 0 48 16 2 0 0 0 
1679014003.0846577 20.2087890625 37.607885609088065 987.2681557961137 0 0 0 0 0 0 42 14 0 0 0 0 
1679014008.2340882 20.2189453125 37.59010497710041 987.2650949652899 0 0 0 0 0 0 42 14 0 0 0 0 
1679014013.3836133 20.2189453125 37.82124598259808 987.263108765028 0 0 0 0 0 0 84 26 8 0 0 0 
1679014018.5366142 20.2189453125 37.69674769252051 987.2891146553114 0 0 0 0 0 0 84 26 8 0 0 0 
1679014023.689415 20.2138671875 37.63151208500589 987.2442988610968 0 0 0 0 0 0 84 26 8 0 0 0 
1679014028.8460274 20.2240234375 37.63151208500589 987.2543930006173 0 0 0 0 0 0 90 28 8 0 0 0 
1679014033.998224 20.2291015625 37.63151208500589 987.2507241033557 0 0 0 0 0 0 90 28 8 0 0 0 
1679014039.150465 20.2341796875 37.785570808632734 987.2456769930338 0 0 0 0 0 0 90 28 8 0 0 0 
1679014044.3037229 20.2291015625 37.68481443524701 987.2470550427826 0 0 0 0 0 0 90 28 8 0 0 0 
1679014049.4566338 20.2341796875 37.678847570593405 987.2641830672878 0 0 0 0 0 0 90 28 8 0 0 0 
1679014054.6112957 20.2392578125 37.63735824044625 987.2820809693766 0 0 0 0 0 0 90 28 8 0 0 0 
1679014059.7591577 20.2240234375 37.7855321083239 987.274277293172 0 0 0 0 0 0 84 26 6 0 0 0 
1679014064.9108925 20.2341796875 37.57808689568015 987.2456769930338 0 0 0 0 0 0 84 26 6 0 0 0 
1679014070.0597365 20.2291015625 37.560305291944644 987.2652569863646 0 0 0 0 0 0 84 26 6 0 0 0 
