timestamp temperature humidity pressure pm10_standard pm25_standard pm100_standard pm10_env pm25_env pm100_env particles_03um particles_05um particles_10um particles_25um particles_50um particles_100um
1675560352.5565028 20.371484375 51.711968396368526 985.6414878481089 3 4 4 3 4 4 801 229 35 2 0 0 
1675560357.6875978 20.371484375 51.570259706488 985.6310719748383 3 4 4 3 4 4 801 229 35 2 0 0 
1675560362.81895 20.371484375 51.64701931506675 985.5886851267022 3 4 4 3 4 4 801 229 35 2 0 0 
1675560367.9530256 20.36640625 51.88909593335274 985.4537502495118 3 5 5 3 5 5 873 250 35 2 0 0 
1675560373.0869045 20.371484375 51.605926463463405 985.4100006972345 4 6 6 4 6 6 873 250 35 2 0 0 
1675560378.2158768 20.3765625 51.74751578578858 985.4049526750126 4 6 6 4 6 6 873 250 35 2 0 0 
1675560383.3497446 20.396875 51.723898058313104 985.3874812367949 4 6 6 4 6 6 864 247 37 2 0 0 
1675560388.4834495 20.391796875 51.74775803748573 985.37770752285 4 6 6 4 6 6 864 247 37 2 0 0 
1675560393.6147273 20.396875 51.476491995833456 985.3905241495863 4 6 6 4 6 6 864 247 37 2 0 0 
1675560398.748808 20.396875 51.759688354708295 985.4208130142525 4 6 6 4 6 6 873 247 46 2 0 0 
1675560403.8826137 20.401953125 51.795237370094746 985.3097539545481 4 6 6 4 6 6 873 247 46 2 0 0 
1675560409.0157983 20.401953125 51.65376402771745 985.4238561185742 3 5 5 3 5 5 873 247 46 2 0 0 
1675560414.1486187 20.396875 51.67714332667217 985.5026226612166 3 5 5 3 5 5 885 252 46 2 0 0 
1675560419.2824774 20.412109375 51.783792599388924 985.5023007528638 3 5 5 3 5 5 885 252 46 2 0 0 
1675560424.4168935 20.412109375 51.61254841954554 985.4807469708333 4 6 6 4 6 6 885 252 46 2 0 0 
1675560429.5506868 20.4171875 51.618333955235414 985.5039835123223 3 5 5 3 5 5 810 226 28 4 0 0 
1675560434.6803045 20.412109375 51.52999427662448 985.5252156260394 3 5 5 3 5 5 810 226 28 4 0 0 
1675560439.8143635 20.422265625 51.5830226871418 985.5248935790098 3 5 5 3 5 5 774 219 21 4 0 0 
1675560444.9483721 20.4171875 51.683529441301 985.5319467766493 3 5 5 3 5 5 774 219 21 4 0 0 
1675560450.0825934 20.422265625 51.76029441756945 985.4898771036908 3 5 5 3 5 5 774 219 21 4 0 0 
1675560455.2172043 20.442578125 51.677864828840754 985.4606245173017 3 5 5 3 5 5 795 229 23 4 0 0 
1675560460.3502908 20.42734375 51.73113212725498 985.494280770606 3 5 5 3 5 5 795 229 23 4 0 0 
1675560465.4831839 20.422265625 51.494798365474566 985.4946031711165 3 5 5 3 5 5 795 229 23 4 0 0 
1675560470.6171784 20.422265625 51.50649113959504 985.4744095784393 3 5 5 3 5 5 795 226 21 4 0 0 
1675560475.7512631 20.422265625 51.748605579442675 985.4606245173017 3 5 5 3 5 5 795 226 21 4 0 0 
1675560480.8848374 20.4171875 51.46479936471557 985.3942814075808 3 5 5 3 5 5 795 226 21 4 0 0 
1675560486.0184329 20.422265625 51.68943450115762 985.4080663347673 4 4 4 4 4 4 795 219 14 2 0 0 
1675560491.1521702 20.412109375 51.754510593790464 985.4006895415362 4 4 4 4 4 4 795 219 14 2 0 0 
1675560496.2848213 20.422265625 51.7013650945591 985.3909158707124 4 4 4 4 4 4 795 219 14 2 0 0 
1675560501.4192486 20.4171875 51.707270191151615 985.3905928487616 4 5 5 4 5 5 831 228 21 2 0 0 
1675560506.5533626 20.42734375 51.512396575447035 985.3939584127402 4 5 5 4 5 5 831 228 21 2 0 0 
1675560511.6870918 20.4171875 51.47105830859069 985.3858675659343 3 7 7 3 7 7 798 232 48 4 0 0 
1675560516.8209007 20.422265625 51.707270191151615 985.4430817235996 3 7 7 3 7 7 798 232 48 4 0 0 
1675560521.9537103 20.422265625 51.488892831195336 985.3976469447289 3 7 7 3 7 7 798 232 48 4 0 0 
1675560527.087768 20.42734375 51.67195961326715 985.3717589713353 3 6 6 3 6 6 732 218 51 4 0 0 
1675560532.2216866 20.422265625 51.58928551574982 985.4054148794248 3 6 6 3 6 6 732 218 51 4 0 0 
1675560537.3556445 20.422265625 51.6424333811867 985.4292968513989 3 6 6 3 6 6 732 218 51 4 0 0 
1675560542.4895277 20.422265625 51.60712096516545 985.4336995347944 4 7 7 4 7 7 789 237 55 4 0 0 
1675560547.6233788 20.4375 51.677864828840754 985.4575815922329 4 7 7 4 7 7 789 237 55 4 0 0 
1675560552.756514 20.4375 51.53637398831428 985.435059361245 4 7 7 4 7 7 789 237 55 4 0 0 
1675560557.8893833 20.4375 51.58397569543219 985.5323409905249 3 6 6 3 6 6 726 218 44 2 0 0 
1675560563.022224 20.44765625 51.69003624041608 985.5522128459982 3 6 6 3 6 6 726 218 44 2 0 0 
1675560568.1548927 20.452734375 51.73137373674858 985.547164276881 3 6 6 3 6 6 726 218 44 2 0 0 
1675560573.2882123 20.462890625 51.554447002728814 985.5050813616172 3 6 6 3 6 6 705 223 46 2 0 0 
1675560578.4225466 20.4578125 51.54287265197042 985.5586107719853 3 6 6 3 6 6 705 223 46 2 0 0 
1675560583.5564358 20.452734375 51.56059036562968 985.6256042157949 3 6 6 3 6 6 705 223 46 2 0 0 
1675560588.6902633 20.462890625 51.53094233285187 985.6676767565154 3 6 6 3 6 6 720 227 50 2 0 0 
1675560593.8244352 20.462890625 51.57854595299068 985.6825012450287 4 7 7 4 7 7 972 280 42 2 0 0 
1675560598.958147 20.4578125 51.737762412395256 985.6525306368213 4 7 7 4 7 7 957 275 44 2 0 0 
1675560604.0918667 20.46796875 51.6197682043716 985.5654117864798 4 7 7 4 7 7 957 275 44 2 0 0 
1675560609.2263327 20.473046875 51.572521044244084 985.5916238458475 4 7 7 4 7 7 957 275 44 2 0 0 
1675560614.360085 20.473046875 51.6196487427994 985.5158928356245 4 6 6 4 6 6 984 277 41 0 0 0 
1675560619.493145 20.462890625 51.60807579168505 985.4421684489182 4 6 6 4 6 6 984 277 41 0 0 0 
1675560624.6269932 20.46796875 51.560709151385055 985.4701308431271 4 6 6 4 6 6 984 277 41 0 0 0 
1675560629.7601166 20.478125 51.57287774243538 985.5054722086239 4 6 6 4 6 6 900 251 34 0 0 0 
1675560634.8945503 20.473046875 51.54334691942233 985.5152465494392 4 6 6 4 6 6 900 251 34 0 0 0 
1675560640.027184 20.483203125 51.3425305050243 985.5283868477645 4 6 6 4 6 6 900 251 34 0 0 0 
1675560645.1609752 20.483203125 51.661588560544764 985.437183555806 4 5 5 4 5 5 873 239 30 0 0 0 
1675560650.295323 20.483203125 51.47837820385244 985.5230146460078 4 5 5 4 5 5 873 239 30 0 0 0 
1675560655.4289756 20.493359375 51.56142620590415 985.4362107774004 4 5 5 4 5 5 873 239 30 0 0 0 
1675560660.563349 20.493359375 51.63218231140543 985.453365028695 4 5 5 4 5 5 900 249 27 0 0 0 
1675560665.697191 20.493359375 51.57878387618772 985.5485822646862 4 5 5 4 5 5 900 249 27 0 0 0 
1675560670.8311174 20.4984375 51.41352529704985 985.5476124988256 4 5 5 4 5 5 900 249 27 0 0 0 
1675560675.9649165 20.493359375 51.395805798367526 985.5159592763822 4 5 5 4 5 5 918 261 25 0 0 0 
1675560681.0993176 20.4984375 51.55540118276541 985.4092827633752 4 5 5 4 5 5 918 261 25 0 0 0 
1675560686.2337065 20.4984375 51.56142620590415 985.5644424272841 4 6 6 4 6 6 912 261 27 0 0 0 
1675560691.3673139 20.4984375 51.573357760128296 985.5570635595438 4 6 6 4 6 6 912 261 27 0 0 0 
1675560696.5001588 20.503515625 51.53213098672767 985.4810035070941 4 6 6 4 6 6 912 261 27 0 0 0 
1675560701.631985 20.503515625 51.62651505002026 985.4436522246381 4 5 5 4 5 5 855 244 22 0 0 0 
1675560706.7663445 20.523828125 51.45569733307728 985.4264969287187 4 5 5 4 5 5 855 244 22 0 0 0 
1675560711.8981218 20.51875 51.47318263323068 985.4332291505119 4 5 5 4 5 5 855 244 22 0 0 0 
1675560717.0274813 20.52890625 51.3611858108003 985.3706307098573 4 5 5 4 5 5 840 242 22 0 0 0 
1675560722.1593041 20.52890625 51.302461786952655 985.4396364974376 4 5 5 4 5 5 840 242 22 0 0 0 
1675560727.289714 20.5494140625 51.41458278840744 985.3965834818265 4 5 5 4 5 5 840 242 22 0 0 0 
1675560732.4212363 20.523828125 51.31381323400419 985.3925105809953 4 6 6 4 6 6 834 238 26 2 0 0 
1675560737.5511947 20.5494140625 51.33223041389737 985.419495969371 4 6 6 4 6 6 834 238 26 2 0 0 
1675560742.6861036 20.5494140625 51.33211443666444 985.4268794433108 4 6 6 4 6 6 834 238 26 2 0 0 
1675560747.8172324 20.5443359375 51.43288965856503 985.4410512427519 3 5 5 3 5 5 813 229 24 2 0 0 
1675560752.9460194 20.5544921875 51.46266139365073 985.4222108222923 3 5 5 3 5 5 813 229 24 2 0 0 
1675560758.0793707 20.5544921875 51.30883194579071 985.3834980760664 3 4 6 3 4 6 714 199 28 4 4 0 
1675560763.2105408 20.5646484375 51.32053134098426 985.3282802896181 3 4 6 3 4 6 714 199 28 4 4 0 
1675560768.3423533 20.5595703125 51.35632498163474 985.3511915655488 3 4 6 3 4 6 714 199 28 4 4 0 
1675560773.4764624 20.5646484375 51.326786497879965 985.3592809524307 3 4 5 3 4 5 714 199 33 2 2 0 
1675560778.6070647 20.5798828125 51.31508675300908 985.3542313881239 3 4 5 3 4 5 714 199 33 2 2 0 
1675560783.7338264 20.5646484375 51.30917893722771 985.3256172022769 3 4 5 3 4 5 714 199 33 2 2 0 
1675560788.8648741 20.5646484375 51.24419228464563 985.3518947920201 3 5 6 3 5 6 777 216 30 4 2 0 
1675560793.998841 20.5798828125 51.179204387254096 985.3303399375035 3 5 6 3 5 6 777 216 30 4 2 0 
1675560799.130216 20.5798828125 51.344625677600725 985.4330153026496 3 5 6 3 5 6 777 216 30 4 2 0 
1675560804.263555 20.5798828125 51.17318223651465 985.4145000536327 3 5 6 3 5 6 771 216 32 4 2 0 
1675560809.3986034 20.5849609375 51.427567275647206 985.3596571572302 3 5 6 3 5 6 771 216 32 4 2 0 
1675560814.5310388 20.5951171875 51.39826165381218 985.3966885091681 3 5 6 3 5 6 771 216 32 4 2 0 
1675560819.665558 20.5951171875 51.32736566940071 985.3707858970757 4 5 6 4 5 6 828 230 32 4 2 0 
1675560824.7945275 20.5951171875 51.29226327869254 985.3421703154526 4 5 6 4 5 6 828 230 32 4 2 0 
1675560829.928367 20.6052734375 51.18568343561639 985.3388037777673 4 5 6 4 5 6 828 230 32 4 2 0 
1675560835.0596874 20.6001953125 51.150119226537676 985.3270208980724 3 5 6 3 5 6 813 223 30 4 2 0 
1675560840.1935458 20.6052734375 51.22715645039083 985.3812124720845 4 5 7 4 5 7 909 269 26 4 2 0 
1675560845.324529 20.6103515625 51.2921479037605 985.407491010425 4 5 6 4 5 6 852 253 28 4 2 0 
1675560850.4594705 20.6052734375 51.22124807471354 985.322999204828 4 5 6 4 5 6 852 253 28 4 2 0 
1675560855.5889187 20.6154296875 51.03842069753614 985.3044829612566 4 5 6 4 5 6 852 253 28 4 2 0 
1675560860.7209077 20.6205078125 51.42838585772163 985.3216435563643 3 4 6 3 4 6 888 265 30 4 2 0 
1675560865.8502824 20.6255859375 51.18011732731754 985.3546543420779 3 4 6 3 4 6 888 265 30 4 2 0 
1675560870.9799626 20.6255859375 51.17432273560712 985.3492767764967 3 4 6 3 4 6 888 265 30 4 2 0 
1675560876.1091604 20.6306640625 50.90842235027485 985.324026932074 3 4 6 3 4 6 897 268 30 4 2 0 
1675560881.2396576 20.6205078125 51.02058169961506 985.3374935138071 4 5 7 4 5 7 897 268 30 4 2 0 
1675560886.373146 20.6205078125 51.127053078883876 985.3358101908458 4 5 7 4 5 7 897 268 30 4 2 0 
1675560891.5064046 20.6255859375 51.08591753168253 985.3475934530455 4 5 7 4 5 7 867 263 32 4 2 0 
1675560896.6413476 20.6306640625 51.04444209846986 985.350632368509 4 5 7 4 5 7 867 263 32 4 2 0 
1675560901.7746165 20.6306640625 51.02716426747555 985.350632368509 4 5 7 4 5 7 867 263 32 4 2 0 
1675560906.908822 20.6560546875 51.045116893338054 985.3634686872864 5 5 8 5 5 8 888 275 35 6 4 2 
1675560912.0430236 20.6712890625 50.98624621681897 985.3570634430839 5 5 8 5 5 8 888 275 35 6 4 2 
1675560917.1766644 20.6662109375 51.02170365354485 985.3432673316149 5 5 8 5 5 8 888 275 35 6 4 2 
1675560922.3107378 20.6712890625 50.891691240836614 985.3573918756152 3 4 4 3 4 4 795 218 18 2 0 0 
1675560927.4442053 20.6560546875 51.133756218585205 985.3917589246644 3 4 4 3 4 4 795 218 18 2 0 0 
1675560932.5746324 20.6560546875 51.045116893338054 985.3415838857637 3 4 4 3 4 4 873 237 20 2 0 0 
1675560937.7075686 20.6611328125 51.16352969535286 985.324052096987 3 4 4 3 4 4 873 237 20 2 0 0 
1675560942.8372262 20.6509765625 51.13386966076214 985.2937508295186 3 4 4 3 4 4 873 237 20 2 0 0 
1675560947.9695613 20.6662109375 51.13989243339547 985.3082439187056 3 4 4 3 4 4 894 235 22 2 0 0 
1675560953.102576 20.6611328125 51.11023246337059 985.3203566672108 3 4 4 3 4 4 894 235 22 2 0 0 
1675560958.232906 20.6662109375 51.09250445726412 985.3604303090032 3 4 4 3 4 4 894 235 22 2 0 0 
1675560963.363384 20.6763671875 50.962942067938755 985.3675330283564 3 4 4 3 4 4 900 242 20 2 0 0 
1675560968.4939053 20.6814453125 50.97487759639077 985.335546776501 3 4 4 3 4 4 900 242 20 2 0 0 
1675560973.6228774 20.6865234375 50.97476174266096 985.3372302628109 3 4 4 3 4 4 900 242 20 2 0 0 
1675560978.750418 20.6916015625 50.945327981350616 985.3264708142565 3 4 4 3 4 4 933 251 20 2 0 0 
1675560983.8833437 20.6966796875 51.07556975432934 985.3015476505905 3 4 4 3 4 4 933 251 20 2 0 0 
1675560989.011391 20.7017578125 51.16421645887061 985.3399389207977 4 5 5 4 5 5 933 251 20 2 0 0 
1675560994.1443872 20.6916015625 51.040110424031276 985.3146862247066 4 5 5 4 5 5 918 242 18 0 0 0 
1675560999.2729983 20.7017578125 51.02817841534634 985.3433059481328 4 5 5 4 5 5 918 242 18 0 0 0 
1675561004.4012754 20.6916015625 50.98680905745114 985.3941401701776 5 7 7 5 7 7 1038 284 39 4 0 0 
1675561009.5302625 20.6966796875 50.80370541882146 985.3978358165741 5 7 7 5 7 7 1038 284 39 4 0 0 
1675561014.6621633 20.6865234375 50.89180188966235 985.3927853502967 5 7 7 5 7 7 1038 284 39 4 0 0 
1675561019.7903905 20.6865234375 50.903958087993196 985.3776339552433 5 8 8 5 8 8 1122 314 50 4 0 0 
1675561024.9229276 20.6763671875 50.880428392625355 985.3321798040909 5 8 8 5 8 8 1122 314 50 4 0 0 
1675561030.0543058 20.6865234375 50.92748279674876 985.3776339552433 5 8 8 5 8 8 1122 314 50 4 0 0 
1675561035.1870956 20.6763671875 50.88600261902346 985.4032147748885 6 7 7 6 7 7 1158 323 47 0 0 0 
1675561040.3120358 20.6814453125 51.01033679477373 985.413315629254 6 7 7 6 7 7 1158 323 47 0 0 0 
1675561045.4395146 20.6763671875 51.12841376752855 985.4166825812691 6 7 7 6 7 7 1158 323 47 0 0 0 
1675561050.5690973 20.6865234375 50.90964219207406 985.4217330098164 5 7 7 5 7 7 1080 302 49 0 0 0 
1675561055.6962132 20.6865234375 51.045678926412414 985.4752763783551 5 7 7 5 7 7 1080 302 49 0 0 0 
1675561060.8276758 20.6916015625 51.040110424031276 985.4779872710615 5 7 7 5 7 7 1080 302 49 0 0 0 
1675561065.9610226 20.6966796875 50.886449044036056 985.447683934355 5 7 7 5 7 7 1116 314 56 0 0 0 
1675561071.0962176 20.7068359375 50.939529173697885 985.4342157919856 5 7 7 5 7 7 1116 314 56 0 0 0 
1675561076.230263 20.6916015625 51.11682534104238 985.437582827158 5 7 7 5 7 7 1116 314 56 0 0 0 
1675561081.3636103 20.7017578125 50.95748187313102 985.4672294635383 5 6 6 5 6 6 966 272 45 0 0 0 
1675561086.4987545 20.7068359375 51.028514831773386 985.4372542915708 5 7 7 5 7 7 1002 292 31 0 0 0 
1675561091.6285849 20.7017578125 50.89246980961134 985.4540896071962 5 7 7 5 7 7 1002 294 33 0 0 0 
1675561096.7632806 20.6865234375 51.010560699048874 985.5372381168061 5 7 7 5 7 7 1002 294 33 0 0 0 
1675561101.8956258 20.6814453125 51.00442695410879 985.5645015570303 5 7 7 5 7 7 1002 294 33 0 0 0 
1675561107.030285 20.6814453125 50.83303709742008 985.5190471961629 5 7 7 5 7 7 1017 297 36 0 0 0 
1675561112.1613045 20.6865234375 50.82110275996845 985.4533909871899 5 7 7 5 7 7 1017 297 36 0 0 0 
1675561117.2950075 20.6966796875 50.78586500193995 985.4934669265186 5 7 7 5 7 7 1017 297 36 0 0 0 
1675561122.4267302 20.6865234375 50.89804806205631 985.466202637426 5 7 7 5 7 7 1008 289 41 0 0 0 
1675561127.5585268 20.7068359375 51.05193024197073 985.482381380631 5 7 7 5 7 7 1008 289 41 0 0 0 
1675561132.6920846 20.7068359375 50.89838004867201 985.4712531942783 5 7 7 5 7 7 1008 289 41 0 0 0 
1675561137.8214157 20.7017578125 50.99305419612556 985.4594685626023 5 7 7 5 7 7 993 280 39 0 0 0 
1675561142.95304 20.7017578125 51.04022269804981 985.4641907999305 5 7 7 5 7 7 993 280 39 0 0 0 
1675561148.0820282 20.6916015625 51.028290564918386 985.3837102979867 5 7 7 5 7 7 993 280 39 0 0 0 
1675561153.2156944 20.6814453125 51.140119399136516 985.413315629254 5 6 6 5 6 6 981 280 39 0 0 0 
1675561158.3460596 20.7068359375 50.79199417066005 985.3911408422338 5 6 6 5 6 6 981 280 39 0 0 0 
1675561163.48051 20.6865234375 50.93941802746393 985.3254458601103 5 6 6 5 6 6 981 280 39 0 0 0 
1675561168.6147063 20.6916015625 50.95123792494442 985.3685586620679 4 6 6 4 6 6 819 238 28 2 0 0 
1675561173.7470083 20.6865234375 50.98089910800791 985.4005454556552 4 6 6 4 6 6 819 238 28 2 0 0 
1675561178.8820817 20.6966796875 50.98089910800791 985.401202794442 4 6 6 4 6 6 876 255 30 4 0 0 
1675561184.014409 20.6966796875 50.915888984786335 985.401202794442 4 6 6 4 6 6 876 255 30 4 0 0 
1675561189.146393 20.6865234375 50.99260724190024 985.4281386274633 4 6 6 4 6 6 876 255 30 4 0 0 
1675561194.2779126 20.6916015625 51.1108025112663 985.4567579696763 4 6 6 4 6 6 870 255 30 4 0 0 
1675561199.4089758 20.6966796875 51.08136684867825 985.4496957835349 4 6 6 4 6 6 870 255 30 4 0 0 
1675561204.5434132 20.6865234375 51.140232865862885 985.391430447979 4 6 6 4 6 6 870 255 30 4 0 0 
1675561209.6741073 20.6916015625 51.0343127060354 985.3631789859527 4 6 7 4 6 7 876 262 37 4 0 0 
1675561214.8073375 20.6966796875 51.111028714066514 985.3742669793344 4 6 7 4 6 7 876 262 37 4 0 0 
1675561219.940929 20.6916015625 50.86258769028438 985.2345377259554 4 6 7 4 6 7 876 262 37 4 0 0 
1675561225.0759594 20.6865234375 51.01635865027046 985.2271436668248 4 6 7 4 6 7 876 259 37 4 0 0 
1675561230.2102797 20.6865234375 50.97498914827156 985.2847126697716 4 6 7 4 6 7 876 259 37 4 0 0 
1675561235.3424711 20.6865234375 50.95134920639494 985.2766247997353 4 6 7 4 6 7 876 259 37 4 0 0 
1675561240.4770474 20.6814453125 50.96316919791949 985.3304963179908 3 6 6 3 6 6 855 250 37 6 0 0 
1675561245.6092527 20.6916015625 51.040110424031276 985.3439642087505 3 6 6 3 6 6 855 250 37 6 0 0 
1675561250.7436616 20.6763671875 50.88020319210757 985.3523816427497 5 8 8 5 8 8 969 285 48 6 0 0 
1675561255.8773432 20.6966796875 51.10477544734817 985.3035605499063 5 8 8 5 8 8 969 285 48 6 0 0 
1675561261.0107598 20.6916015625 51.03397605450466 985.3012181265627 4 7 7 4 7 7 969 285 48 6 0 0 
1675561266.1404035 20.6916015625 50.96907917824209 985.3702421768902 4 6 7 4 6 7 939 276 48 6 0 0 
1675561271.2744725 20.6865234375 50.80359583840934 985.3574321039888 4 6 7 4 6 7 939 276 48 6 0 0 
1675561276.4051416 20.6916015625 50.93361914190968 985.3823556559287 4 6 7 4 6 7 939 276 48 6 0 0 
1675561281.5378501 20.6916015625 50.868608112893384 985.3618246034791 3 6 6 3 6 6 930 274 41 4 0 0 
1675561286.6698742 20.6865234375 51.01033679477373 985.3372302628109 3 6 6 3 6 6 930 274 41 4 0 0 
1675561291.797069 20.6966796875 50.99840096859369 985.2426252483383 3 6 6 3 6 6 930 274 41 4 0 0 
1675561296.9300275 20.6966796875 50.856677592297295 985.3052440348868 3 6 8 3 6 8 882 262 41 8 2 2 
1675561302.061741 20.6865234375 50.93350806328436 985.3520526350331 3 6 8 3 6 8 882 262 41 8 2 2 
1675561307.188891 20.6916015625 50.797685569879334 985.3874061616153 3 6 8 3 6 8 882 262 41 8 2 2 
1675561312.3202856 20.6763671875 50.7975760463177 985.3944688389857 3 6 7 3 6 7 882 264 39 6 2 2 
1675561317.4516695 20.6814453125 51.01010854034499 985.3813295990714 4 7 8 4 7 8 882 264 39 6 2 2 
1675561322.580795 20.6814453125 50.945212478660636 985.3984927711105 4 7 8 4 7 8 882 264 39 6 2 2 
1675561327.7144706 20.6763671875 51.068979659497835 985.3917589246644 4 7 9 4 7 9 948 278 41 6 2 2 
1675561332.8465087 20.6763671875 51.163302145761264 985.4405793367634 5 8 8 5 8 8 1110 301 43 4 0 0 
1675561337.9784286 20.6712890625 50.90942049952597 985.4826659461496 5 8 8 5 8 8 1068 292 40 4 0 0 
1675561343.111844 20.6662109375 50.885670875377635 985.4412351750315 5 8 8 5 8 8 1068 292 40 4 0 0 
1675561348.2425199 20.6560546875 51.02159150658563 985.4025161566097 5 8 8 5 8 8 1068 292 40 4 0 0 
1675561353.3720126 20.6662109375 51.092617415467956 985.4583971615698 5 7 7 5 7 7 1074 292 40 2 0 0 
1675561358.5065322 20.6509765625 51.0746635923736 985.4580695424121 5 7 7 5 7 7 1074 292 40 2 0 0 
1675561363.6368856 20.6509765625 50.97988984856067 985.406538995504 5 7 7 5 7 7 1074 292 40 2 0 0 
1675561368.7684164 20.6458984375 51.15114280625544 985.3933996639327 5 7 8 5 7 8 1008 275 43 4 2 2 
1675561373.8993225 20.6255859375 51.16886969241644 985.4189945687154 5 7 8 5 7 8 1008 275 43 4 2 2 
1675561379.0334182 20.6357421875 51.192391235338555 985.4964295290094 5 7 8 5 7 8 1008 275 43 4 2 2 
1675561384.1678584 20.6408203125 51.257387829181916 985.4832894485205 4 7 8 4 7 8 945 256 41 6 2 2 
1675561389.3007479 20.6357421875 50.96784796704653 985.5159261444777 4 7 8 4 7 8 945 256 41 6 2 2 
1675561394.4336307 20.6357421875 51.233752848215175 985.451305693437 4 7 8 4 7 8 945 256 41 6 2 2 
1675561399.5663822 20.6255859375 51.10955327129286 985.6135594260714 5 7 8 5 7 8 954 261 43 6 2 2 
1675561404.6988835 20.6306640625 51.026939741479694 985.5240164621808 5 7 8 5 7 8 954 261 43 6 2 2 
1675561409.832708 20.6306640625 51.16273308343478 985.5391665638795 5 7 8 5 7 8 954 261 43 6 2 2 
1675561414.9665039 20.6357421875 51.11546218046975 985.5970517276007 4 6 6 4 6 6 918 249 34 2 0 0 
1675561420.1002662 20.6255859375 51.103757509810805 985.6415252399839 4 6 6 4 6 6 918 249 34 2 0 0 
1675561425.2330298 20.6306640625 50.902734967226216 985.5997670273429 4 6 6 4 6 6 876 232 36 2 0 0 
1675561430.366005 20.6306640625 51.16261923868132 985.660042234708 4 6 6 4 6 6 876 232 36 2 0 0 
1675561435.499203 20.6306640625 51.073986769399326 985.6637342815884 4 6 6 4 6 6 876 232 36 2 0 0 
1675561440.6337008 20.6255859375 51.1329618219886 985.6031337224163 4 6 6 4 6 6 885 239 32 2 0 0 
1675561445.7682054 20.6357421875 51.06830337129726 985.6182838537088 3 5 5 3 5 5 885 239 32 2 0 0 
1675561450.9020026 20.6255859375 50.926260842241284 985.5637643974306 3 5 5 3 5 5 885 239 32 2 0 0 
1675561456.0346313 20.6408203125 51.044779544337466 985.6149171573762 3 4 4 3 4 4 828 234 30 2 0 0 
1675561461.1681423 20.6408203125 51.097735422068254 985.6243658747215 4 5 5 4 5 5 828 234 30 2 0 0 
1675561466.3022346 20.6255859375 51.245340787799186 985.6280583400471 4 5 5 4 5 5 828 234 30 2 0 0 
1675561471.4345477 20.6255859375 51.15068798956395 985.6714428214337 4 5 5 4 5 5 822 229 34 2 0 0 
1675561476.5681827 20.6205078125 50.967513125509285 985.8071433527585 4 5 5 4 5 5 822 229 34 2 0 0 
1675561481.702022 20.6255859375 51.203751597171944 985.8596505323206 4 5 5 4 5 5 822 229 34 2 0 0 
1675561486.8354883 20.6154296875 51.05625999771177 985.7788507187622 3 5 5 3 5 5 780 208 30 2 0 0 
1675561491.9693856 20.6103515625 51.06773950181577 985.7098343389902 None None None None None None None None None None None None 
1675561497.1002595 20.6052734375 51.05580937837565 985.6509180102806 5 7 7 5 7 7 978 295 39 4 0 0 
1675561502.235394 20.6154296875 51.215568670361726 985.5997112778921 5 7 7 5 7 7 978 295 39 4 0 0 
1675561507.368123 20.6154296875 51.21545418493574 985.5020811778309 5 7 7 5 7 7 1029 295 34 4 0 0 
1675561512.5014462 20.6103515625 51.18000324747901 985.5068049588031 4 6 6 4 6 6 1029 295 34 4 0 0 
1675561517.6348016 20.6154296875 51.06773950181577 985.5024071549404 4 6 6 4 6 6 1029 295 34 4 0 0 
1675561522.7681482 20.6052734375 51.18579760457876 985.4482163957764 4 6 6 4 6 6 1038 300 37 2 0 0 
1675561527.9013815 20.6052734375 51.31601213070922 985.4627129519598 5 7 7 5 7 7 1038 300 37 2 0 0 
1675561533.0352113 20.6001953125 51.19147755810677 985.4616825845743 5 7 7 5 7 7 1038 300 37 2 0 0 
1675561538.168534 20.6052734375 51.29203251806604 985.4583160369549 5 8 8 5 8 8 1053 302 42 4 0 0 
1675561543.3013985 20.6154296875 51.05603470956966 985.5334116582475 5 8 8 5 8 8 1053 302 42 4 0 0 
1675561548.4349325 20.6001953125 51.14443825460088 985.528687725932 4 7 7 4 7 7 1053 302 42 4 0 0 
1675561553.5685418 20.6154296875 51.1267126645596 985.4071640550225 4 6 6 4 6 6 1062 302 44 2 0 0 
1675561558.7019303 20.6103515625 51.04990070431451 985.3145827294279 4 6 6 4 6 6 1062 302 44 2 0 0 
1675561563.8357563 20.6103515625 51.168072230608544 985.3734980939569 4 6 6 4 6 6 1062 302 44 2 0 0 
1675561568.9691443 20.6052734375 51.04410455573518 985.4492465457064 4 6 6 4 6 6 1053 297 39 2 0 0 
1675561574.1023457 20.6103515625 51.17398069888771 985.4425133442586 3 5 5 3 5 5 909 268 40 0 0 0 
1675561579.2356641 20.6052734375 51.19761446911342 985.4583160369549 3 5 5 3 5 5 909 268 40 0 0 0 
1675561584.369302 20.6052734375 51.28623964126329 985.4650491324733 3 5 5 3 5 5 921 270 40 0 0 0 
1675561589.5041413 20.6001953125 51.11489555308659 985.4751487778492 4 6 6 4 6 6 921 270 40 0 0 0 
1675561594.6371245 20.5951171875 51.04410455573518 985.456306310552 4 6 6 4 6 6 921 270 40 0 0 0 
1675561599.7703257 20.6052734375 51.31578085085834 985.3893018724286 4 6 6 4 6 6 855 255 36 0 0 0 
1675561604.9042847 20.5951171875 51.291801714389884 985.4791675510796 4 6 6 4 6 6 855 255 36 0 0 0 
1675561610.0389855 20.5951171875 51.215110664082204 985.3428247357241 4 6 6 4 6 6 855 255 36 0 0 0 
1675561615.1730995 20.5900390625 51.037520823045796 985.4761270311435 4 5 5 4 5 5 828 243 36 0 0 0 
1675561620.3074834 20.5849609375 51.149891645987886 985.4663535763992 4 5 5 4 5 5 828 243 36 0 0 0 
1675561625.4417338 20.5748046875 51.26203114215364 985.4569059861041 4 5 5 4 5 5 828 243 36 0 0 0 
1675561630.576881 20.5697265625 51.4982239395416 985.5191841477641 4 5 5 4 5 5 855 250 38 0 0 0 
1675561635.710352 20.5646484375 51.273731826498164 985.5087595913124 4 5 5 4 5 5 855 250 38 0 0 0 
1675561640.843952 20.5697265625 51.29133997788854 985.5548561681156 4 5 5 4 5 5 855 250 38 0 0 0 
1675561645.9768486 20.5595703125 51.33848592046836 985.5622382886703 4 5 5 4 5 5 813 233 31 0 0 0 
1675561651.1108763 20.5595703125 51.42142567788025 985.4824793738661 4 5 5 4 5 5 813 233 31 0 0 0 
1675561656.2446103 20.5646484375 51.486173563279536 985.4797637318942 4 6 10 4 6 10 879 251 43 8 6 4 
1675561661.3784683 20.5544921875 51.415167405916975 985.4858457335214 4 6 10 4 6 10 879 251 43 8 6 4 
1675561666.5117042 20.5595703125 51.350301168499065 985.5009943554329 4 6 10 4 6 10 879 251 43 8 6 4 
1675561671.6457114 20.5595703125 51.30292432250189 985.4353503680701 4 5 7 4 5 7 849 239 32 4 2 2 
1675561676.7785256 20.5646484375 51.12000991038477 985.4242197372747 4 5 7 4 5 7 849 239 32 4 2 2 
1675561681.9115627 20.5798828125 51.262146232924586 985.4744437974073 4 5 7 4 5 7 849 239 32 4 2 2 
1675561687.046214 20.6052734375 51.19147755810677 985.5394389359251 4 6 7 4 6 7 912 255 32 4 2 2 
1675561692.1800933 20.6103515625 51.138643352281434 985.5674034198147 4 6 7 4 6 7 912 255 32 4 2 2 
1675561697.3126738 20.6103515625 51.07955691312006 985.5185879857879 4 6 7 4 6 7 912 255 32 4 2 2 
1675561702.4455314 20.6205078125 51.11534887651879 985.5102231566016 4 6 7 4 6 7 933 267 27 2 2 2 
1675561707.5787835 20.6205078125 51.23329420297461 985.5260261282112 4 6 7 4 6 7 933 267 27 2 2 2 
1675561712.712322 20.6306640625 51.16875580158915 985.5018063709022 4 6 7 4 6 7 933 267 27 2 2 2 
1675561717.8456893 20.6255859375 51.06796508189722 985.4677628554591 4 5 7 4 5 7 912 260 23 2 2 2 
1675561722.9794924 20.6255859375 51.22170626528065 985.5492666348266 4 5 7 4 5 7 912 260 23 2 2 2 
1675561728.1126468 20.6205078125 51.03262415806777 985.4852995613644 4 5 7 4 5 7 912 260 23 2 2 2 
1675561733.245814 20.6205078125 51.156482892830006 985.5098454091062 4 5 5 4 5 5 885 248 19 0 0 0 
1675561738.379742 20.6154296875 51.209660138911616 985.5842363417415 5 7 7 5 7 7 891 261 48 2 0 0 
1675561743.5134518 20.6103515625 51.12103093241159 985.5323801492173 5 8 8 5 8 8 933 271 51 2 0 0 
1675561748.6458442 20.6103515625 51.120804113967644 985.5340634260699 5 8 8 5 8 8 933 271 51 2 0 0 
1675561753.779185 20.6154296875 51.11466882679346 985.5411221995017 5 8 8 5 8 8 933 271 51 2 0 0 
1675561758.9094942 20.5951171875 51.09092191230717 985.598027998311 5 8 8 5 8 8 945 279 51 2 0 0 
1675561764.041384 20.5951171875 51.30964144180376 985.6572675552248 5 8 8 5 8 8 945 279 51 2 0 0 
1675561769.1749978 20.5951171875 51.35678969221663 985.6696993774156 5 8 8 5 8 8 945 279 51 2 0 0 
1675561774.3086128 20.5849609375 51.21476704636526 985.6228933199108 5 7 7 5 7 7 945 274 48 2 0 0 
1675561779.4420884 20.5849609375 51.12012340032796 985.6383668138075 5 7 7 5 7 7 945 274 48 2 0 0 
1675561784.5759068 20.5595703125 51.37393154111397 985.609042422106 5 7 7 5 7 7 945 274 48 2 0 0 
1675561789.7078054 20.5544921875 51.350301168499065 985.6440649529317 4 7 7 4 7 7 882 260 46 2 0 0 
1675561794.841306 20.5646484375 51.23237639589085 985.6962437671998 4 7 7 4 7 7 882 260 46 2 0 0 
1675561799.973476 20.5646484375 51.50992095131907 985.7268645948379 4 7 7 4 7 7 882 260 46 2 0 0 
1675561805.1037834 20.5544921875 51.19669973449056 985.6218591639059 5 6 6 5 6 6 891 265 39 2 0 0 
1675561810.2341983 20.5544921875 51.291109045063344 985.662903944255 5 6 6 5 6 6 891 265 39 2 0 0 
1675561815.3645766 20.5595703125 51.25566296586033 985.5837948582553 5 6 6 5 6 6 891 265 39 2 0 0 
1675561820.4950297 20.5494140625 51.279178379109084 985.3858332547117 4 5 5 4 5 5 894 235 22 0 0 0 
1675561825.6254244 20.5494140625 51.42663110755073 985.6585020479669 4 5 5 4 5 5 894 235 22 0 0 0 
1675561830.7558389 20.5443359375 51.25543280112155 985.6770166622102 4 5 5 4 5 5 915 242 29 0 0 0 
1675561835.8862197 20.5443359375 51.432538312047875 985.6638750946113 4 5 5 4 5 5 915 242 29 0 0 0 
1675561841.0166144 20.5494140625 51.30871626045361 985.7241448093837 4 5 5 4 5 5 915 242 29 0 0 0 
1675561846.147025 20.5392578125 51.349836513037786 985.7594909557508 5 6 6 5 6 6 972 261 27 0 0 0 
1675561851.277435 20.5494140625 51.261455526861525 985.7931539809688 5 6 6 5 6 6 972 261 27 0 0 0 
1675561856.4077744 20.5443359375 51.409026288254516 985.7406532105944 5 6 6 5 6 6 972 261 27 0 0 0 
1675561861.5405002 20.5443359375 51.237710028220334 985.7093197116103 4 6 6 4 6 6 945 254 23 0 0 0 
1675561866.6727037 20.5443359375 51.35006886229299 985.7392931540496 4 6 6 4 6 6 945 254 23 0 0 0 
1675561871.8039286 20.5494140625 51.24964024059613 985.8059739602795 4 6 6 4 6 6 945 254 23 0 0 0 
1675561876.9381576 20.5544921875 51.30871626045361 985.786098646485 4 6 6 4 6 6 945 251 23 2 0 0 
1675561882.0719478 20.5494140625 51.35018502077717 985.7571617803677 4 6 6 4 6 6 945 251 23 2 0 0 
1675561887.2057576 20.5392578125 51.18442686669385 985.7500377758662 4 6 6 4 6 6 945 251 23 2 0 0 
1675561892.3390765 20.5341796875 51.28485511373986 985.7853833749177 5 6 6 5 6 6 1002 273 25 2 0 0 
1675561897.4719975 20.5443359375 51.243732582033324 985.7870664994515 5 6 6 5 6 6 1002 273 25 2 0 0 
1675561902.6023245 20.5341796875 51.31439226771471 985.7991706768224 2 5 7 2 5 7 831 244 39 8 2 2 
1675561907.7327716 20.523828125 51.278486068890636 985.7035564016259 2 5 7 2 5 7 831 244 39 8 2 2 
1675561912.8631275 20.5341796875 51.30257743698357 985.6496974307191 2 5 7 2 5 7 831 244 39 8 2 2 
1675561917.9935284 20.51875 51.32018381484066 985.7102887780252 3 5 8 3 5 8 843 249 44 8 2 2 
1675561923.1239214 20.52890625 51.57395182457367 985.7944435774343 3 5 8 3 5 8 843 249 44 8 2 2 
1675561928.2543173 20.51875 51.34334844101318 985.7678363647599 3 5 8 3 5 8 843 249 44 8 2 2 
1675561933.3880105 20.51875 51.38469729885221 985.8600844423562 3 6 8 3 6 8 837 247 48 8 2 2 
1675561938.5104876 20.523828125 51.5617823036455 985.7126173417689 3 6 8 3 6 8 837 247 48 8 2 2 
1675561943.643359 20.51875 51.5324860061444 985.7257593100705 3 6 8 3 6 8 837 247 48 8 2 2 
1675561948.7752483 20.52890625 51.39651116566903 985.7759295065619 3 4 6 3 4 6 801 232 37 4 2 2 
1675561953.9089096 20.523828125 51.40844190106905 985.7398687794309 3 4 6 3 4 6 801 232 37 4 2 2 
1675561959.041331 20.51875 51.21362095440604 985.6567530350087 3 4 6 3 4 6 801 232 37 4 2 2 
1675561964.1746476 20.513671875 51.40809113961198 985.7348196154619 3 4 7 3 4 7 843 237 37 4 2 2 
1675561969.3062086 20.513671875 51.27825521271816 985.6274274196423 3 4 7 3 4 7 843 237 37 4 2 2 
1675561974.4385905 20.503515625 51.48487824643582 985.8172893724447 3 4 7 3 4 7 843 237 37 4 2 2 
1675561979.5689154 20.513671875 51.50248007777428 985.6311165084242 3 4 7 3 4 7 855 242 39 4 2 2 
1675561984.699266 20.4984375 51.37253381376855 985.7243270964307 5 6 6 5 6 6 951 258 29 4 0 0 
1675561989.8297682 20.493359375 51.63218231140543 985.709824118137 5 6 6 5 6 6 930 256 29 4 0 0 
1675561994.96173 20.483203125 51.37773623227261 985.6949993385209 5 6 6 5 6 6 930 256 29 4 0 0 
1675562000.0946183 20.478125 51.543109807220056 985.6913114292838 5 6 6 5 6 6 930 256 29 4 0 0 
1675562005.2261167 20.483203125 51.38978249553511 985.5943446598335 5 6 6 5 6 6 888 244 29 2 0 0 
1675562010.3604286 20.473046875 51.51346116864036 985.658618482127 5 6 6 5 6 6 888 244 29 2 0 0 
1675562015.4944375 20.473046875 51.549015857222535 985.63706251995 5 6 6 5 6 6 888 244 29 2 0 0 
1675562020.6285565 20.462890625 51.430658316423795 985.6471600100066 4 6 6 4 6 6 861 233 31 2 0 0 
1675562025.7615025 20.462890625 51.471883089162425 985.6878715915846 4 6 6 4 6 6 861 233 31 2 0 0 
1675562030.8927355 20.4578125 51.595906313311225 985.6609451470632 4 6 6 4 6 6 861 233 31 2 0 0 
1675562036.020782 20.462890625 51.44247052654663 985.6962861091686 3 5 5 3 5 5 840 233 27 2 0 0 
1675562041.1537747 20.44765625 51.43621226266417 985.6323358193732 3 5 5 3 5 5 840 233 27 2 0 0 
1675562046.2849922 20.452734375 51.60783714962528 985.7790692286834 3 5 5 3 5 5 840 233 27 2 0 0 
1675562051.4179454 20.4578125 51.4956249631167 985.7282612919307 3 5 5 3 5 5 831 230 31 2 0 0 
1675562056.553771 20.452734375 51.50141283953518 985.7975810621008 4 6 6 4 6 6 831 230 31 2 0 0 
1675562061.6875405 20.462890625 51.61350413108539 985.6380281999653 4 6 6 4 6 6 831 230 31 2 0 0 
1675562066.822281 20.4578125 51.57228319164104 985.694603205512 4 6 6 4 6 6 876 251 49 2 0 0 
1675562071.9535086 20.44765625 51.47778905980146 985.6346624518384 4 6 6 4 6 6 876 251 49 2 0 0 
1675562077.087444 20.442578125 51.713657728581 985.6228823355963 4 6 6 4 6 6 876 254 49 2 0 0 
1675562082.2184293 20.4375 51.778373282114416 985.750389549809 4 6 6 4 6 6 876 254 49 2 0 0 
1675562087.3491564 20.432421875 51.654483778863806 985.7096814540231 4 6 6 4 6 6 876 254 49 2 0 0 
1675562092.4789598 20.422265625 51.72498541924561 985.661200694863 4 6 6 4 6 6 876 254 49 2 0 0 
1675562097.6130753 20.432421875 51.7016060713333 985.7251474011244 4 6 6 4 6 6 876 254 49 2 0 0 
1675562102.7418509 20.422265625 51.55385314282139 985.6763459582745 4 6 6 4 6 6 876 254 49 2 0 0 
1675562107.8760011 20.42734375 51.55397193632652 985.6524655357607 5 6 6 5 6 6 918 268 49 2 0 0 
1675562113.0070968 20.452734375 51.507436947025 985.6683301093799 5 6 6 5 6 6 918 268 49 2 0 0 
1675562118.136201 20.442578125 51.530586892480656 985.6605584682854 5 6 6 5 6 6 918 268 49 2 0 0 
1675562123.2694874 20.442578125 51.47152967634663 985.6669685809088 4 6 6 4 6 6 855 254 42 2 0 0 
1675562128.4027555 20.4375 51.489246949142945 985.6218533084216 4 6 6 4 6 6 855 254 42 2 0 0 
1675562133.533674 20.432421875 51.43007166061566 985.6605584682854 4 6 6 4 6 6 855 254 42 2 0 0 
1675562138.6633527 20.42734375 51.52432588265831 985.6137606957087 4 6 6 4 6 6 798 238 42 2 0 0 
1675562143.7927938 20.4171875 51.73679551990532 985.5894830244474 4 6 6 4 6 6 798 238 42 2 0 0 
1675562148.9251397 20.412109375 51.553496697735106 985.5140800705418 3 4 4 3 4 4 747 212 20 2 0 0 
1675562154.059524 20.412109375 51.64207389494632 985.5830732857374 3 4 4 3 4 4 747 212 20 2 0 0 
1675562159.1941106 20.391796875 51.67726360393744 985.5261811102276 3 4 4 3 4 4 747 212 20 2 0 0 
1675562164.3237183 20.396875 51.56530712433813 985.5803502204792 3 4 4 3 4 4 732 212 18 0 0 0 
1675562169.454986 20.40703125 51.71293398733614 985.6184113195225 3 4 4 3 4 4 732 212 18 0 0 0 
1675562174.5869179 20.412109375 51.70112407473902 985.6527079128786 3 4 4 3 4 4 732 212 18 0 0 0 
1675562179.7211163 20.40703125 51.9253822886739 985.5625586075682 3 4 4 3 4 4 699 202 20 0 0 0 
1675562184.8503275 20.40703125 51.65376402771745 985.5699325518885 3 4 4 3 4 4 699 202 20 0 0 0 
1675562189.982694 20.40703125 51.70690844254845 985.600543051866 3 4 4 3 4 4 699 202 20 0 0 0 
1675562195.1165617 20.4171875 51.60664329362503 985.5918082904418 3 4 4 3 4 4 726 214 20 0 0 0 
1675562200.2512548 20.40703125 51.594833010943645 985.5773820725256 3 4 4 3 4 4 726 214 20 0 0 0 
1675562205.3833919 20.4171875 51.5830226871418 985.4871559208827 3 4 4 3 4 4 726 214 20 0 0 0 
1675562210.5152261 20.432421875 51.57747476589699 985.5582277289349 3 4 4 3 4 4 735 212 25 0 0 0 
1675562215.6460218 20.4375 51.4597181097414 985.5474865721034 3 4 4 3 4 4 735 212 25 0 0 0 
1675562220.7777078 20.4375 51.51286983559656 985.5875528474389 3 4 4 3 4 4 735 212 25 0 0 0 
1675562225.9109862 20.44765625 51.63086214975545 985.6181660276883 4 5 5 4 5 5 792 228 27 2 0 0 
1675562231.041793 20.442578125 51.54842255046745 985.6918802080364 5 7 7 5 7 7 1038 300 55 0 0 0 
1675562236.176565 20.42734375 51.66617446495223 985.7133677371218 5 7 7 5 7 7 1002 288 50 0 0 0 
1675562241.3099706 20.4375 51.559639692161724 985.7130470987909 5 7 7 5 7 7 1002 288 50 0 0 0 
1675562246.4437494 20.422265625 51.64857838700866 985.6393242132671 5 7 7 5 7 7 1002 288 50 0 0 0 
1675562251.5770195 20.412109375 51.423813958205166 985.614724681527 5 7 7 5 7 7 987 286 46 0 0 0 
1675562256.7079365 20.412109375 51.660029130554996 985.6278657943885 5 7 7 5 7 7 987 286 46 0 0 0 
1675562261.8406894 20.412109375 51.72462306245424 985.7008668515897 5 7 7 5 7 7 987 286 46 0 0 0 
1675562266.970286 20.396875 51.64171431185141 985.6877251297286 4 6 6 4 6 6 930 262 42 0 0 0 
1675562272.0999298 20.401953125 51.694857695310525 985.6681729235337 4 6 6 4 6 6 930 262 42 0 0 0 
1675562277.235078 20.401953125 51.64159442929653 985.6799520045147 4 6 6 4 6 6 930 262 42 0 0 0 
1675562282.3686423 20.401953125 51.58266513146398 985.8290766753332 4 6 6 4 6 6 885 245 39 0 0 0 
1675562287.5015874 20.38671875 51.74787914719225 985.8771500073044 4 6 6 4 6 6 885 245 39 0 0 0 
1675562292.6371188 20.36640625 51.67702303864538 985.8132066702896 4 6 6 4 6 6 885 245 39 0 0 0 
1675562297.7708747 20.391796875 51.70654659709213 985.8404489277486 3 5 5 3 5 5 849 235 35 0 0 0 
1675562302.9079595 20.391796875 51.65340400686284 985.7139264260231 3 5 5 3 5 5 849 235 35 0 0 0 
1675562308.042036 20.391796875 51.724139769405845 985.7220201788391 3 5 5 3 5 5 849 235 35 0 0 0 
1675562313.1740446 20.391796875 51.812951121968474 985.8384474491571 3 4 4 3 4 4 702 198 15 0 0 0 
1675562318.3081336 20.391796875 51.71233057369228 985.9289962328429 3 4 4 3 4 4 702 198 15 0 0 0 
1675562323.44368 20.396875 51.61821436452322 985.8381285666956 3 4 4 3 4 4 675 186 15 0 0 0 
1675562328.5775828 20.391796875 51.807168312213236 985.7778696063008 3 4 4 3 4 4 675 186 15 0 0 0 
1675562333.7086961 20.381640625 51.81270742669301 985.7680926502799 3 4 4 3 4 4 675 186 15 0 0 0 
1675562338.8377767 20.3765625 51.6352102575767 985.6994216900556 3 4 4 3 4 4 717 203 12 0 0 0 
1675562343.9708076 20.381640625 51.6884711587459 985.6966956208413 3 4 4 3 4 4 717 203 12 0 0 0 
1675562349.1055777 20.381640625 51.84186282797454 985.6728186157845 3 4 4 3 4 4 717 203 12 0 0 0 
1675562354.2377079 20.381640625 51.70028016638217 985.7559942964244 3 4 4 3 4 4 732 205 19 0 0 0 
1675562359.369048 20.371484375 51.75932458785552 985.7751426399644 3 4 4 3 4 4 732 205 19 0 0 0 
1675562364.497764 20.36640625 51.883069124238666 985.7555887270117 3 4 4 3 4 4 732 205 19 0 0 0 
1675562369.6306224 20.371484375 51.62364059393683 985.7269834933193 3 4 4 3 4 4 789 222 23 0 0 0 
1675562374.764585 20.381640625 51.759203310715236 985.7468562307427 3 4 4 3 4 4 789 222 23 0 0 0 
1675562379.89637 20.361328125 51.700159564999545 985.6832343514546 3 4 4 3 4 4 789 222 23 0 0 0 
1675562385.027499 20.36640625 51.84174059405203 985.7208913387158 3 5 5 3 5 5 768 219 21 0 0 0 
1675562390.1596348 20.361328125 51.83546991357872 985.7313061342361 None None None None None None None None None None None None 
1675562395.291853 20.35625 51.81775810949846 985.701338123082 4 6 7 4 6 7 855 242 34 4 0 0 
1675562400.4290962 20.361328125 51.69979769628277 985.7696877199375 4 6 7 4 6 7 855 242 34 4 0 0 
1675562405.5630643 20.361328125 51.835714300086806 985.7198467809133 5 6 7 5 6 7 906 256 37 4 0 0 
1675562410.6940465 20.361328125 51.8534264170982 985.674097105312 5 6 7 5 6 7 906 256 37 4 0 0 
1675562415.8250432 20.361328125 51.88885037362149 985.6899649855886 5 6 7 5 6 7 906 256 37 4 0 0 
1675562420.955392 20.361328125 51.91246613908186 985.8013392572088 5 7 9 5 7 9 969 282 44 8 0 0 
1675562426.087738 20.36640625 51.75896072415064 985.8168015231063 5 7 9 5 7 9 969 282 44 8 0 0 
1675562431.2208657 20.371484375 51.80619389951268 985.6768233684369 5 7 9 5 7 9 969 282 44 8 0 0 
1675562436.355427 20.361328125 51.947889478939665 985.7262582754923 5 7 8 5 7 8 969 278 44 8 0 0 
1675562441.4885683 20.351171875 51.97716101638013 985.7080685431329 5 7 8 5 7 8 969 278 44 8 0 0 
1675562446.6231148 20.341015625 52.030169214628536 985.7195277981459 5 7 8 5 7 8 969 278 44 8 0 0 
1675562451.7569487 20.341015625 51.94149193360501 985.6609556262628 5 7 8 5 7 8 969 276 47 8 0 0 
1675562456.8907704 20.341015625 51.905947111952436 985.6531813327465 5 7 8 5 7 8 969 276 47 8 0 0 
1675562462.0246522 20.34609375 51.923781089903486 985.6615942123009 5 7 8 5 7 8 969 276 47 8 0 0 
1675562467.1585307 20.341015625 51.687386575277046 985.7305798905603 4 7 7 4 7 7 900 257 40 6 0 0 
1675562472.293082 20.3306640625 51.92365784544058 985.7232119923369 4 5 5 4 5 5 801 229 35 0 0 0 
1675562477.425557 20.3357421875 52.047505716062815 985.5909260783551 4 5 5 4 5 5 786 225 30 0 0 0 
1675562482.5597367 20.341015625 51.752450214118525 985.6450877193415 4 5 5 4 5 5 786 225 30 0 0 0 
1675562487.6946754 20.3357421875 51.94161537000958 985.6531813327465 4 5 5 4 5 5 786 225 30 0 0 0 
1675562492.8298213 20.34609375 51.85305921305432 985.6609556262628 4 5 5 4 5 5 795 223 32 0 0 0 
1675562497.963527 20.341015625 51.811610265273 985.641403304306 4 5 5 4 5 5 795 223 32 0 0 0 
1675562503.096907 20.3306640625 51.876429017273956 985.6262601299154 4 5 5 4 5 5 795 223 32 0 0 0 
1675562508.2306302 20.341015625 51.7820910106035 985.6632767884214 4 5 5 4 5 5 786 230 32 0 0 0 
1675562513.3613813 20.34609375 51.77040471365491 985.6539057026316 4 5 5 4 5 5 786 230 32 0 0 0 
1675562518.495935 20.351171875 51.593400585142504 985.6552687118327 4 5 5 4 5 5 786 230 32 0 0 0 
1675562523.629778 20.361328125 51.936081740098096 985.6323513820427 5 6 6 5 6 6 849 254 43 2 0 0 
1675562528.762937 20.35625 51.634850618941066 985.6855560648748 5 6 6 5 6 6 849 254 43 2 0 0 
1675562533.8963656 20.36640625 51.91837005475256 985.6828294737086 5 6 6 5 6 6 849 254 43 2 0 0 
1675562539.0284204 20.361328125 51.77667324199459 985.6205731697061 4 5 5 4 5 5 864 257 40 2 0 0 
1675562544.1625607 20.35625 51.8298102405275 985.5991015191494 4 5 5 4 5 5 864 257 40 2 0 0 
1675562549.2967474 20.361328125 51.75293528913081 985.581553259019 4 5 5 4 5 5 864 257 40 2 0 0 
1675562554.4304345 20.34609375 51.67027645165392 985.6760990578515 5 7 7 5 7 7 930 268 27 2 0 0 
1675562559.5648882 20.361328125 51.7707690796577 985.6519034517817 4 6 6 4 6 6 930 268 27 2 0 0 
1675562564.699127 20.361328125 51.91824692090155 985.7111147030357 4 5 5 4 5 5 909 263 23 2 0 0 
1675562569.8329551 20.36640625 51.87704242922476 985.6280267056168 4 5 5 4 5 5 909 263 23 2 0 0 
1675562574.9667635 20.36640625 51.853671165988466 985.6021464732111 4 5 5 4 5 5 909 263 23 2 0 0 
1675562580.1003141 20.371484375 51.61761624953716 985.6893255740969 5 6 6 5 6 6 918 265 23 2 0 0 
1675562585.234237 20.3765625 51.87753296508611 985.6357998590571 5 6 6 5 6 6 918 265 23 2 0 0 
1675562590.3675303 20.36640625 51.7711333488086 985.606874054634 5 6 6 5 6 6 918 265 23 2 0 0 
1675562595.5021439 20.3765625 51.84186282797454 985.6489411354286 3 5 5 3 5 5 912 256 19 2 0 0 
1675562600.635712 20.371484375 51.92439715080359 985.7357159708225 3 5 5 3 5 5 912 256 19 2 0 0 
1675562605.7701478 20.361328125 51.70606398582315 985.7306680301197 3 5 5 3 5 5 912 256 19 2 0 0 
1675562610.9051502 20.361328125 51.73546491816627 985.6619992327737 3 4 4 3 4 4 870 245 19 2 0 0 
1675562616.0411673 20.371484375 51.78306360532326 985.5960565101282 4 5 5 4 5 5 870 245 19 2 0 0 
1675562621.1750572 20.371484375 51.623520881836114 985.5536698623707 4 5 5 4 5 5 870 245 19 2 0 0 
1675562626.3096616 20.371484375 51.62930571341434 985.5752237846672 3 5 5 3 5 5 756 210 19 4 0 0 
1675562631.4434743 20.3765625 51.664973205286906 985.6149670009377 None None None None None None None None None None None None 
1675562636.5775678 20.391796875 51.511804758116924 985.688365635884 3 6 6 3 6 6 696 198 27 6 0 0 
1675562641.714673 20.396875 51.51192314310679 985.6685736025394 3 6 6 3 6 6 696 198 27 6 0 0 
1675562646.8484368 20.401953125 51.736311815387026 985.678589448652 2 5 5 2 5 5 690 198 25 6 0 0 
1675562651.9823241 20.40703125 51.459011804573805 985.630511549134 2 5 5 2 5 5 690 198 25 6 0 0 
1675562657.116198 20.4171875 51.63640835352251 985.5608758321077 2 5 5 2 5 5 690 198 25 6 0 0 
1675562662.2499726 20.4171875 51.594952309809166 985.4713664614328 3 6 6 3 6 6 690 201 27 6 0 0 
1675562667.3833797 20.40703125 51.55928301204143 985.6840391783508 3 6 6 3 6 6 690 201 27 6 0 0 
1675562672.5164664 20.42734375 51.61881221046746 985.6561522749845 3 6 6 3 6 6 690 201 27 6 0 0 
1675562677.6497803 20.432421875 51.6782254346444 985.5797825244344 2 5 7 2 5 7 675 197 30 8 4 0 
1675562682.7835157 20.42734375 51.63062281638873 985.554862097032 2 5 7 2 5 7 675 197 30 8 4 0 
1675562687.917234 20.42734375 51.541923600498144 985.5464480184986 2 5 7 2 5 7 675 197 30 8 4 0 
1675562693.0516658 20.422265625 51.441648186851765 985.6494210494586 3 5 8 3 5 8 717 209 39 10 4 0 
1675562698.185573 20.432421875 51.5657829035915 985.7254678350832 3 5 8 3 5 8 717 209 39 10 4 0 
1675562703.3195512 20.432421875 51.45334175430055 985.6878047698494 3 5 8 3 5 8 717 209 39 10 4 0 
1675562708.4522576 20.422265625 51.600738157424395 985.6890874795884 3 6 8 3 6 8 747 218 37 10 4 0 
1675562713.5861478 20.4171875 51.68364974309802 985.5827519185497 3 4 4 3 4 4 672 194 16 0 0 0 
1675562718.7195315 20.422265625 51.860676765045525 985.6012624624603 3 4 4 3 4 4 672 194 18 0 0 0 
1675562723.8502944 20.4171875 51.49432578720167 985.5978969083927 3 4 4 3 4 4 672 194 18 0 0 0 
1675562728.9838881 20.422265625 51.500467486690006 985.6382835756606 3 4 4 3 4 4 672 194 18 0 0 0 
1675562734.117266 20.4171875 51.61254841954554 985.5861174713588 3 4 4 3 4 4 645 189 18 0 0 0 
1675562739.2513096 20.432421875 51.43586000184302 985.6524655357607 3 4 4 3 4 4 645 189 18 0 0 0 
1675562744.3842566 20.42734375 51.725226936632765 985.637962546312 3 4 4 3 4 4 645 189 18 0 0 0 
1675562749.5175028 20.44765625 51.518893887223285 985.6858009837758 3 5 5 3 5 5 717 211 20 0 0 0 
1675562754.6520886 20.4375 51.50696412940546 985.6400430270327 3 5 5 3 5 5 717 211 20 0 0 0 
1675562759.7858582 20.452734375 51.371130049306615 985.6501401076385 3 5 5 3 5 5 717 211 20 0 0 0 
1675562764.9199352 20.44765625 51.61338470480879 985.6514911952705 3 5 5 3 5 5 741 209 20 0 0 0 
1675562770.0544038 20.44765625 51.54842255046745 985.6716856966191 3 5 5 3 5 5 741 209 20 0 0 0 
1675562775.1885004 20.452734375 51.52479964043566 985.6643109516496 3 5 5 3 5 5 741 209 20 0 0 0 
1675562780.3226683 20.46796875 51.50767329126321 985.6976474980497 4 5 5 4 5 5 753 214 22 0 0 0 
1675562785.4567323 20.473046875 51.495743005446315 985.6724764967151 4 5 5 4 5 5 753 214 22 0 0 0 
1675562790.5885632 20.483203125 51.46065924729058 985.6764868057019 None None None None None None None None None None None None 
1675562795.720406 20.483203125 51.36025007859152 985.6428276768003 5 7 7 5 7 7 873 260 59 4 0 0 
1675562800.8555439 20.478125 51.43089290341229 985.5707835044136 5 7 7 5 7 7 873 260 59 4 0 0 
1675562805.9846718 20.478125 51.40750182230018 985.6522806923625 4 8 8 4 8 8 909 265 70 6 0 0 
1675562811.116413 20.473046875 51.38954889783986 985.653641164867 4 8 8 4 8 8 909 265 70 6 0 0 
1675562816.247768 20.473046875 51.312881761963965 985.6128570058503 4 8 8 4 8 8 909 265 70 6 0 0 
1675562821.3794992 20.46796875 51.64363096915004 985.6852235305566 4 8 8 4 8 8 924 268 68 6 0 0 
1675562826.5148644 20.478125 51.62603257600322 985.6630231507846 4 8 8 4 8 8 924 268 68 6 0 0 
1675562831.6481538 20.483203125 51.42522105651446 985.6128570058503 4 8 8 4 8 8 924 268 68 6 0 0 
1675562836.779812 20.478125 51.27744243423557 985.5892958396612 4 8 8 4 8 8 930 265 66 6 0 0 
1675562841.910357 20.473046875 51.218261221339496 985.5455394245303 4 8 8 4 8 8 930 265 66 6 0 0 
1675562847.0408614 20.48828125 51.3778529013214 985.594021989578 4 8 8 4 8 8 930 265 66 6 0 0 
1675562852.1732075 20.473046875 51.44872908881335 985.625998122839 5 8 8 5 8 8 993 284 57 6 0 0 
1675562857.2999008 20.478125 51.44270538388643 985.6529254125337 5 8 8 5 8 8 993 284 57 6 0 0 
1675562862.4341996 20.478125 51.45451782322876 985.6243151678273 5 8 8 5 8 8 993 284 57 6 0 0 
1675562867.5660357 20.478125 51.3129976767438 985.6434721215817 4 6 7 4 6 7 927 265 47 4 0 0 
1675562872.7004678 20.48828125 51.53129767636624 985.6411447210894 4 5 5 4 5 5 909 268 42 0 0 0 
1675562877.829127 20.483203125 51.383992747827676 985.6172607584874 4 5 5 4 5 5 915 275 37 0 0 0 
1675562882.9641054 20.48828125 51.259953233655644 985.6485921744759 5 6 6 5 6 6 915 275 37 0 0 0 
1675562888.094712 20.50859375 51.30165193538903 985.6324765295166 5 6 6 5 6 6 915 275 37 0 0 0 
1675562893.2288806 20.523828125 51.461486697778 985.5241142542451 6 7 7 6 7 7 972 297 44 0 0 0 
1675562898.3584769 20.503515625 51.278139768488224 985.619725326127 5 6 6 5 6 6 972 297 44 0 0 0 
1675562903.4878953 20.503515625 51.21895453885646 985.5920836681474 5 6 6 5 6 6 972 297 44 0 0 0 
1675562908.6194916 20.513671875 51.29597635012838 985.5668381502483 5 6 6 5 6 6 993 302 40 0 0 0 
1675562913.749968 20.523828125 51.36685997413292 985.5140158993146 5 6 6 5 6 6 993 302 40 0 0 0 
1675562918.8830638 20.52890625 51.37914003305396 985.4797055235541 6 7 7 6 7 7 993 302 40 0 0 0 
1675562924.0155249 20.523828125 51.20169164632934 985.5443109716593 6 7 7 6 7 7 1029 312 40 0 0 0 
1675562929.149001 20.5341796875 51.225550480965765 985.6062607131081 6 7 7 6 7 7 1029 312 40 0 0 0 
1675562934.278357 20.52890625 51.225320884560894 985.5338884948213 5 6 6 5 6 6 1029 312 40 0 0 0 
1675562939.4089446 20.51875 51.402651757156185 985.5571274918071 5 6 6 5 6 6 993 310 40 2 0 0 
1675562944.540447 20.52890625 51.16624748042239 985.5625007517106 5 6 6 5 6 6 993 310 40 2 0 0 
1675562949.6725917 20.5341796875 51.20192070195848 985.701873307701 5 6 6 5 6 6 993 310 40 2 0 0 
1675562954.8019564 20.523828125 51.237135441964746 985.5790076400924 5 6 6 5 6 6 969 289 35 0 0 0 
1675562959.935699 20.523828125 51.36744210329005 985.5901414036399 5 6 6 5 6 6 969 289 35 0 0 0 
1675562965.0697303 20.523828125 51.10762678960172 985.5480635158638 5 6 6 5 6 6 975 293 30 0 0 0 
1675562970.2034311 20.52890625 51.25485720093062 985.6524167577736 5 6 6 5 6 6 975 293 30 0 0 0 
1675562975.3366091 20.52890625 51.213850258898766 985.6736503680819 5 6 6 5 6 6 975 293 30 0 0 0 
1675562980.4700794 20.5392578125 51.09001665376823 985.5918245200602 5 6 6 5 6 6 903 283 32 0 0 0 
1675562985.6002595 20.52890625 51.2257800343203 985.603930213114 5 6 6 5 6 6 903 283 32 0 0 0 
1675562990.732582 20.5392578125 51.17238324676904 985.6019232200509 5 6 6 5 6 6 903 283 32 0 0 0 
1675562995.8622425 20.5443359375 51.12535003860926 985.6251630536821 5 6 6 5 6 6 873 274 25 0 0 0 
1675563000.9969265 20.5341796875 51.272809545262284 985.5921484911037 5 6 6 5 6 6 873 274 25 0 0 0 
1675563006.1296127 20.5392578125 51.16079625889519 985.5921484911037 5 6 6 5 6 6 873 274 25 0 0 0 
1675563011.2637897 20.5443359375 51.349836513037786 985.5467047383106 5 5 5 5 5 5 867 269 22 0 0 0 
1675563016.3982134 20.52890625 51.27304018014607 985.6251630536821 5 5 5 5 5 5 867 269 22 0 0 0 
1675563021.5262425 20.5392578125 51.04264075119833 985.6423180451933 5 5 5 5 5 5 867 269 22 0 0 0 
1675563026.6597579 20.5341796875 51.302461786952655 985.6352618434007 5 6 6 5 6 6 888 271 26 0 0 0 
1675563031.7914276 20.5544921875 51.054794855234846 985.6225077959283 5 6 6 5 6 6 888 271 26 0 0 0 
1675563036.9231336 20.5494140625 51.31485530096043 985.5979088241625 4 6 6 4 6 6 792 236 40 4 0 0 
1675563042.0556202 20.5544921875 51.433006752546575 985.6211487891892 4 6 6 4 6 6 792 236 40 4 0 0 
1675563047.1894293 20.5595703125 51.24396245486455 985.607359250693 4 6 6 4 6 6 792 236 40 4 0 0 
1675563052.3193161 20.5646484375 51.07865308063126 985.5296084345022 4 6 6 4 6 6 843 253 35 4 0 0 
1675563057.4525204 20.5646484375 51.049112179326826 985.5387320922864 4 6 6 4 6 6 843 253 35 4 0 0 
1675563062.580278 20.5595703125 51.22635372936145 985.5663136310532 4 6 6 4 6 6 843 253 35 4 0 0 
1675563067.7086167 20.5748046875 51.2561231661878 985.6753975249829 4 6 7 4 6 7 900 274 42 4 0 0 
1675563072.8415136 20.5849609375 51.137961486408386 985.5646304342772 4 6 7 4 6 7 900 274 42 4 0 0 
1675563077.9744349 20.5646484375 51.019908010630154 985.6403743584515 4 6 7 4 6 7 900 274 42 4 0 0 
1675563083.105721 20.5849609375 51.043429179664585 985.5188588405034 5 6 7 5 6 7 894 274 42 2 0 0 
1675563088.2362459 20.5798828125 51.0847873879344 985.5303159791424 5 6 7 5 6 7 894 274 42 2 0 0 
1675563093.3667352 20.5798828125 51.24430718339238 985.5289580922125 5 6 7 5 6 7 894 274 42 2 0 0 
1675563098.497277 20.5748046875 51.13193968001464 985.5774462352733 5 6 7 5 6 7 930 279 40 2 0 0 
1675563103.630054 20.5697265625 51.196814113987685 985.5578976478723 5 6 7 5 6 7 930 279 40 2 0 0 
1675563108.7631407 20.5646484375 51.19102046118715 985.5780960104444 5 6 7 5 6 7 930 279 40 2 0 0 
1675563113.895925 20.5798828125 51.15579987473583 985.5457901839904 5 6 7 5 6 7 909 277 40 2 2 0 
1675563119.0301158 20.5849609375 51.049450183185265 985.6060610603954 3 6 6 3 6 6 876 270 44 2 0 0 
1675563124.1644351 20.5849609375 51.025479273109255 985.61583567512 3 5 5 3 5 5 891 272 39 2 0 0 
1675563129.2985022 20.5849609375 51.297478781902385 985.555889442415 3 5 5 3 5 5 891 272 39 2 0 0 
1675563134.4321356 20.5849609375 50.97275176711622 985.4966515440547 4 6 6 4 6 6 891 272 39 2 0 0 
1675563139.5663214 20.5900390625 51.01399954525467 985.5000179863043 4 6 6 4 6 6 900 272 34 2 0 0 
1675563144.6992195 20.5849609375 50.9962740873993 985.6104610663219 4 6 6 4 6 6 900 272 34 2 0 0 
1675563149.8323834 20.5900390625 51.09092191230717 985.5330315058461 4 6 6 4 6 6 900 272 34 2 0 0 
1675563154.9657173 20.5951171875 51.23260591223715 985.5811375994936 3 4 4 3 4 4 843 253 30 2 0 0 
1675563160.0995865 20.5900390625 51.20920240302129 985.5134837581011 3 4 4 3 4 4 843 253 30 2 0 0 
1675563165.2337554 20.5849609375 51.250560014386565 985.5111492655828 3 4 4 3 4 4 843 253 30 2 0 0 
1675563170.3678658 20.5951171875 51.31566519478936 985.4589685865102 3 4 4 3 4 4 879 258 25 0 0 0 
1675563175.5019722 20.6001953125 51.238973170878104 985.535420887427 3 4 4 3 4 4 879 258 25 0 0 0 
1675563180.636222 20.6001953125 51.050013307689326 985.5256470425057 3 4 4 3 4 4 879 258 25 0 0 0 
1675563185.7690802 20.6154296875 51.11512223632836 985.5327058823187 3 4 4 3 4 4 909 258 27 0 0 0 
1675563190.902966 20.6052734375 50.9493402062038 985.4768320523234 4 5 5 4 5 5 909 258 27 0 0 0 
1675563196.0372093 20.6154296875 51.16250538316515 985.5448688345708 4 5 5 4 5 5 909 258 27 0 0 0 
1675563201.170879 20.6255859375 51.03228702095888 985.513212015287 7 9 9 7 9 9 1236 362 49 0 0 0 
1675563206.3048756 20.6255859375 50.80829503596473 985.5560000168574 7 9 9 7 9 9 1236 362 49 0 0 0 
1675563211.438306 20.6357421875 50.950343002281784 985.5287400912971 5 7 7 5 7 7 1179 348 45 0 0 0 
1675563216.571505 20.6408203125 50.97398049988687 985.5065141090122 5 7 7 5 7 7 1179 348 45 0 0 0 
1675563221.7044423 20.6458984375 50.97988984856067 985.4327887941434 5 7 7 5 7 7 1179 348 45 0 0 0 
1675563226.8381925 20.6458984375 50.89102712185142 985.541865205703 6 8 8 6 8 8 1179 348 47 0 0 0 
1675563231.971263 20.6509765625 50.879540078189926 985.496413801339 6 8 8 6 8 8 1179 348 47 0 0 0 
1675563237.105216 20.6662109375 51.0095484816026 985.4398795069548 6 8 8 6 8 8 1179 348 47 0 0 0 
1675563242.2393286 20.6611328125 50.95045437025207 985.4863134961848 5 7 8 5 7 8 1188 355 49 2 0 0 
1675563247.3730237 20.6509765625 50.81431437201192 985.507543589831 5 7 8 5 7 8 1188 355 49 2 0 0 
1675563252.5066438 20.6611328125 50.84430264612106 985.5260611261136 5 7 8 5 7 8 1188 355 49 2 0 0 
1675563257.6397514 20.6662109375 51.0275009757465 985.5045037998934 4 6 7 4 6 7 1047 314 44 2 0 0 
1675563262.7728522 20.6560546875 50.91510836101818 985.6028453907237 5 7 8 5 7 8 1047 314 44 2 0 0 
1675563267.9059577 20.6560546875 50.76736534624033 985.5610861271787 5 7 8 5 7 8 1047 314 44 2 0 0 
1675563273.039943 20.6814453125 50.90942049952597 985.5718897026818 5 7 7 5 7 7 990 295 39 2 0 0 
1675563278.174091 20.6662109375 50.90964219207406 985.5617888901893 5 7 7 5 7 7 990 295 39 2 0 0 
1675563283.3069973 20.6611328125 50.95089973450092 985.5988252149768 4 6 7 4 6 7 864 248 37 2 2 0 
1675563288.4407825 20.6662109375 50.968517359514955 985.604528833864 4 6 7 4 6 7 864 248 37 2 2 0 
1675563293.574576 20.6763671875 50.78531374352528 985.6429218078367 4 6 7 4 6 7 864 248 37 2 2 0 
1675563298.7082071 20.6560546875 50.8502124240328 985.6671422174193 4 6 7 4 6 7 855 243 37 2 2 0 
1675563303.8410795 20.6662109375 50.81486338282178 985.7004852085258 4 6 7 4 6 7 855 243 37 2 2 0 
1675563308.9747605 20.6662109375 50.97442698890822 985.628097045176 4 6 7 4 6 7 855 243 37 2 2 0 
1675563314.1091928 20.6611328125 50.85623244557572 985.6115889926585 5 6 7 5 6 7 912 262 44 2 2 0 
1675563319.2424982 20.6712890625 50.82668316649684 985.5590758936338 5 6 7 5 6 7 912 262 44 2 2 0 
1675563324.3761463 20.6611328125 51.02159150658563 985.5277445389227 5 6 7 5 6 7 912 262 44 2 2 0 
1675563329.509386 20.6611328125 51.045116893338054 985.5361616040179 5 7 8 5 7 8 954 274 51 2 2 0 
1675563334.6429477 20.6611328125 50.97442698890822 985.6668162792465 5 7 8 5 7 8 954 274 51 2 2 0 
1675563339.7771788 20.6712890625 50.761783008174326 985.676264912606 5 7 8 5 7 8 954 274 51 2 2 0 
1675563344.9108906 20.6712890625 51.068979659497835 985.6008353711758 5 6 8 5 6 8 960 272 48 2 2 0 
1675563350.045664 20.6814453125 50.92146191684494 985.577266985748 5 6 8 5 6 8 960 272 48 2 2 0 
1675563355.180038 20.6814453125 50.76189215875164 985.5567384848878 5 6 8 5 6 8 960 272 48 2 2 0 
1675563360.3127906 20.6814453125 50.75620435170529 985.5193747521813 5 6 7 5 6 7 876 249 44 2 2 0 
1675563365.4463212 20.6865234375 50.897711720460954 985.4978171362345 4 6 9 4 6 9 873 265 32 6 4 2 
1675563370.5797088 20.6763671875 50.797352753416064 985.5715626765258 4 6 8 4 6 8 897 265 32 4 4 2 
1675563375.7128057 20.6865234375 50.957147858245335 985.4806547227341 4 6 8 4 6 8 897 265 32 4 4 2 
1675563380.846219 20.6916015625 50.9098681036372 985.4853773321123 4 6 8 4 6 8 897 265 32 4 4 2 
1675563385.9794495 20.6966796875 50.90406882857183 985.567541276254 4 6 9 4 6 9 960 277 36 4 4 2 
1675563391.1127124 20.6966796875 50.67936986649281 985.5557567115525 4 6 9 4 6 9 960 277 36 4 4 2 
1675563396.2434425 20.7068359375 50.89826939723012 985.536582754915 4 6 9 4 6 9 960 277 36 4 4 2 
1675563401.3781002 20.6865234375 50.79188473623993 985.5776423344417 3 6 8 3 6 8 882 253 31 4 4 2 
1675563406.5077245 20.6916015625 50.77393513972507 985.4678861563068 3 6 8 3 6 8 882 253 31 4 4 2 
1675563411.6394203 20.6966796875 50.856677592297295 985.4988452743737 3 6 8 3 6 8 882 253 31 4 4 2 
1675563416.7715116 20.6966796875 50.803372429620225 985.5106297275261 4 6 6 4 6 6 954 272 27 0 0 0 
1675563421.9003215 20.6763671875 50.750180882772966 985.4860328767899 4 6 6 4 6 6 954 272 27 0 0 0 
1675563427.0318723 20.6814453125 50.95101104865506 985.5749296416959 4 6 6 4 6 6 954 272 27 0 0 0 
1675563432.1647296 20.6712890625 50.761783008174326 985.5836739871067 4 7 7 4 7 7 966 277 36 0 0 0 
1675563437.2981458 20.6763671875 50.86225258128676 985.5526689890544 4 7 7 4 7 7 966 277 36 0 0 0 
1675563442.4320364 20.6712890625 50.75565474244144 985.4816376684998 4 7 7 4 7 7 966 277 36 0 0 0 
1675563447.5653453 20.6712890625 50.808734038740084 985.5065619117512 4 5 5 4 5 5 792 225 20 4 0 0 
1675563452.6987062 20.6560546875 50.808734038740084 985.4341286263468 4 5 5 4 5 5 792 225 20 4 0 0 
1675563457.8302898 20.6611328125 50.96227327485196 985.5543524165394 4 5 5 4 5 5 786 220 22 4 0 0 
1675563462.9638617 20.6458984375 51.045116893338054 985.5368150471437 4 5 5 4 5 5 786 220 22 4 0 0 
1675563468.0965607 20.6458984375 50.844082376432794 985.5449053794437 4 5 5 4 5 5 786 220 22 4 0 0 
1675563473.2297728 20.6408203125 51.00943643756487 985.4705085426644 3 4 5 3 4 5 735 213 20 2 0 0 
1675563478.3636525 20.6458984375 51.06261964944023 985.4923928846242 3 4 5 3 4 5 735 213 20 2 0 0 
1675563483.4963896 20.6357421875 51.00932438276405 985.4927200134495 3 4 5 3 4 5 735 213 20 2 0 0 
1675563488.6296427 20.6458984375 50.94454490251528 985.4677962766106 3 4 4 3 4 4 636 187 16 0 0 0 
1675563493.7624166 20.6458984375 50.98579918694349 985.4991265306832 3 4 4 3 4 4 636 187 16 0 0 0 
1675563498.8907263 20.6408203125 50.731579466641755 985.4024884317414 3 4 4 3 4 4 636 187 16 0 0 0 
1675563504.0232813 20.6458984375 50.95045437025207 985.4472682978516 3 4 4 3 4 4 651 196 18 0 0 0 
1675563509.1567726 20.6408203125 50.82613347955564 985.4863134961848 3 4 4 3 4 4 651 196 18 0 0 0 
1675563514.290569 20.6458984375 50.891248537899976 985.51326323562 3 4 4 3 4 4 651 196 18 0 0 0 
1675563519.4237738 20.6408203125 50.84397222544343 985.4762131935494 3 4 4 3 4 4 666 201 18 0 0 0 
1675563524.5573812 20.6458984375 50.920573806582915 985.5368150471437 3 4 4 3 4 4 666 201 18 0 0 0 
1675563529.6907215 20.6357421875 51.03887037646878 985.5098808787961 3 6 6 3 6 6 711 211 45 2 0 0 
1675563534.8240342 20.6357421875 51.00319114647126 985.5038163353983 3 6 6 3 6 6 711 211 45 2 0 0 
1675563539.9573324 20.6357421875 50.873409498100465 985.552959430481 3 6 6 3 6 6 711 211 45 2 0 0 
1675563545.0904243 20.6255859375 50.90262409707351 985.5270567332477 3 6 6 3 6 6 759 226 48 0 0 0 
1675563550.222879 20.6306640625 51.05637262563835 985.5711501305195 3 6 6 3 6 6 759 226 48 0 0 0 
1675563555.356461 20.6255859375 50.991372926796615 985.5792408653122 3 6 6 3 6 6 759 226 48 0 0 0 
1675563560.4895427 20.6255859375 50.99717008990048 985.5428594400311 3 6 6 3 6 6 786 230 44 0 0 0 
1675563565.6229742 20.6154296875 51.0088760559299 985.5532854256735 3 6 6 3 6 6 786 230 44 0 0 0 
1675563570.755815 20.6205078125 50.85523977278538 985.513212015287 3 6 6 3 6 6 786 230 44 0 0 0 
1675563575.8891776 20.6205078125 50.94956312511934 985.5603445311991 4 6 6 4 6 6 816 235 42 0 0 0 
1675563581.0217059 20.6154296875 50.87274627320444 985.5808697567963 4 6 6 4 6 6 816 235 42 0 0 0 
1675563586.1556556 20.6154296875 50.84910996893172 985.6041104879431 4 6 6 4 6 6 816 235 42 0 0 0 
1675563591.2890134 20.6103515625 50.9910372416897 985.5536113112821 4 6 6 4 6 6 861 245 40 0 0 0 
1675563596.4224432 20.6103515625 51.07955691312006 985.5367782663869 4 6 6 4 6 6 861 245 40 0 0 0 
1675563601.5558534 20.6103515625 50.98512831923592 985.5758198799034 4 6 6 4 6 6 861 245 40 0 0 0 
1675563606.68914 20.6052734375 51.079669843747986 985.5876029269664 4 6 6 4 6 6 861 243 36 0 0 0 
1675563611.8227277 20.6103515625 51.02035717967236 985.5037644534244 4 6 6 4 6 6 972 263 32 0 0 0 
1675563616.9561083 20.6052734375 51.03217462039652 985.5556203786284 4 5 5 4 5 5 915 244 32 0 0 0 
1675563622.0894823 20.6052734375 50.87865532354928 985.5946614393589 4 5 5 4 5 5 915 244 32 0 0 0 
1675563627.2233038 20.6052734375 51.00831540521762 985.5683797650915 4 5 5 4 5 5 915 244 32 0 0 0 
1675563632.3564484 20.6001953125 51.09716980870884 985.6875663984497 4 5 5 4 5 5 894 241 28 0 0 0 
1675563637.4897149 20.5951171875 51.0201326166774 985.6370683390003 4 5 5 4 5 5 894 241 28 0 0 0 
1675563642.6230311 20.5951171875 51.13239407296438 985.5246152581921 4 5 5 4 5 5 894 241 28 0 0 0 
1675563647.756847 20.5900390625 51.031837354131184 985.4774843036473 4 5 5 4 5 5 879 233 23 0 0 0 
1675563652.8901072 20.5900390625 50.95513744436164 985.5835290284978 4 5 5 4 5 5 879 233 23 0 0 0 
1675563658.0225506 20.5900390625 50.95502589038813 985.4774843036473 4 5 5 4 5 5 879 233 23 0 0 0 
1675563663.15615 20.5849609375 51.090808792659956 985.5889038508342 4 4 4 4 4 4 900 238 21 0 0 0 
1675563668.2904868 20.5951171875 50.949228730601185 985.6289768527141 4 4 4 4 4 4 900 238 21 0 0 0 
1675563673.421048 20.5900390625 51.0734224542734 985.613177517059 4 4 4 4 4 4 900 238 21 0 0 0 
1675563678.5509372 20.6052734375 51.09114811931288 985.5744620915222 3 4 4 3 4 4 822 217 21 0 0 0 
1675563683.6850402 20.6103515625 50.89025182663514 985.5205972132069 3 4 4 3 4 4 822 217 21 0 0 0 
1675563688.8186069 20.6154296875 50.86694770935047 985.5771775858884 3 4 4 3 4 4 822 217 21 0 0 0 
1675563693.9522755 20.6052734375 50.9910372416897 985.569412256137 4 5 5 4 5 5 795 218 30 2 0 0 
1675563699.0861502 20.6103515625 50.94945167104319 985.6478764919796 4 5 5 4 5 5 795 218 30 2 0 0 
1675563704.2200124 20.6052734375 51.168072230608544 985.7273164605753 3 4 4 3 4 4 702 185 23 2 0 0 
1675563709.350269 20.6052734375 51.02626590517899 985.771406162641 3 4 4 3 4 4 702 185 23 2 0 0 
1675563714.4862916 20.6052734375 50.907867446196434 985.7838364885313 3 4 4 3 4 4 702 185 23 2 0 0 
1675563719.6213078 20.5951171875 51.02604120697435 985.7091246007169 3 5 5 3 5 5 753 204 25 2 0 0 
1675563724.7548072 20.6001953125 50.96684315182858 985.7865557462388 3 5 5 3 5 5 753 204 25 2 0 0 
1675563729.8892221 20.6052734375 51.03217462039652 985.7845486496336 3 5 5 3 5 5 753 204 25 2 0 0 
1675563735.0223079 20.6154296875 50.95547204170284 985.7000590970624 3 5 5 3 5 5 684 182 27 2 0 0 
1675563740.1560707 20.6052734375 51.12659917159255 985.7609824443448 3 5 5 3 5 5 684 182 27 2 0 0 
1675563745.2907767 20.6001953125 50.9612693587057 985.7441494489622 3 5 5 3 5 5 684 182 27 2 0 0 
1675563750.424942 20.5951171875 51.043766916133436 985.7178652643402 2 3 3 2 3 3 699 186 24 2 0 0 
1675563755.5592859 20.6001953125 50.96695484101669 985.771729970777 2 3 3 2 3 3 699 186 24 2 0 0 
1675563760.6930337 20.5951171875 51.215110664082204 985.7656442745667 2 3 3 2 3 3 699 186 24 2 0 0 
1675563765.8268685 20.5951171875 51.07910508297909 985.6511837216718 2 4 4 2 4 4 693 189 26 2 0 0 
1675563770.963768 20.5951171875 51.13841610670822 985.6912572872444 3 5 5 3 5 5 693 189 26 2 0 0 
1675563776.0976076 20.5951171875 51.05580937837565 985.6761079835444 4 6 7 4 6 7 912 259 38 2 0 0 
1675563781.2315226 20.6001953125 51.16216375204028 985.7336626169298 4 6 7 4 6 7 912 259 38 2 0 0 
1675563786.3655002 20.6052734375 51.220789711945095 985.7215559116433 4 6 7 4 6 7 912 259 38 2 0 0 
1675563791.4989893 20.5849609375 50.91957385914542 985.6559089207585 3 4 5 3 4 5 855 240 31 2 0 0 
1675563796.6332932 20.5900390625 51.043766916133436 985.6797988295708 3 4 5 3 4 5 855 240 31 2 0 0 
1675563801.7651103 20.5900390625 51.02002031903531 985.7134636882759 3 4 5 3 4 5 855 240 31 2 0 0 
1675563806.899526 20.5900390625 51.15000544164416 985.7693342728581 4 5 6 4 5 6 849 240 29 2 0 0 
1675563812.0326867 20.5900390625 51.05513312648199 985.8181480415004 4 5 6 4 5 6 849 240 29 2 0 0 
1675563817.164455 20.5798828125 51.05535858683182 985.7982724000758 4 5 6 4 5 6 849 240 29 2 0 0 
1675563822.2971394 20.5798828125 51.037408290300874 985.8046821684127 4 5 6 4 5 6 849 240 27 2 0 0 
1675563827.429038 20.5646484375 51.09035620644211 985.8187939396506 4 5 6 4 5 6 849 240 27 2 0 0 
1675563832.5565495 20.5798828125 51.143642158205836 985.7989184044553 4 5 6 4 5 6 849 240 27 2 0 0 
1675563837.688408 20.5544921875 51.11989640967876 985.8252039293534 4 5 5 4 5 5 813 233 22 2 0 0 
1675563842.8204958 20.5646484375 51.001846202292555 985.7265411740738 3 4 4 3 4 4 813 233 22 2 0 0 
1675563847.9519362 20.5595703125 51.24384752383021 985.7992412423115 3 4 4 3 4 4 813 233 22 2 0 0 
1675563853.0868545 20.5544921875 51.06672385868302 985.8059739602795 2 4 4 2 4 4 825 228 22 0 0 0 
1675563858.2174256 20.5544921875 51.07831396585962 985.7857758097332 4 7 7 4 7 7 942 263 45 0 0 0 
1675563863.3479366 20.5544921875 51.24964024059613 985.7598137903007 4 7 7 4 7 7 942 263 45 0 0 0 
1675563868.4811354 20.5494140625 51.16102428204671 985.7278341998209 4 7 7 4 7 7 948 263 54 0 0 0 
1675563873.6123817 20.5443359375 51.084335029073564 985.789787677188 4 7 7 4 7 7 948 263 54 0 0 0 
1675563878.7475052 20.5494140625 51.24952522044098 985.7827323161519 4 7 7 4 7 7 948 263 54 0 0 0 
1675563883.8819134 20.5646484375 51.108080359245726 985.8042907806827 4 7 7 4 7 7 957 259 52 0 0 0 
1675563889.0124383 20.5544921875 51.15523039701521 985.8531030173922 4 7 7 4 7 7 957 259 52 0 0 0 
1675563894.1445367 20.5646484375 51.255778032085956 985.7039470253089 4 7 7 4 7 7 957 259 52 0 0 0 
1675563899.2783856 20.5595703125 51.1021723185984 985.7305542317654 4 7 7 4 7 7 936 259 49 0 0 0 
1675563904.40705 20.5646484375 51.279178379109084 985.7366403147347 4 7 7 4 7 7 936 259 49 0 0 0 
1675563909.5410657 20.5595703125 51.18465543063477 985.7170889305775 4 7 7 4 7 7 936 259 49 0 0 0 
1675563914.6731193 20.5544921875 51.12000991038477 985.7453795388577 4 7 7 4 7 7 906 255 49 0 0 0 
1675563919.8027725 20.5595703125 51.16125226214728 985.7484226486886 4 7 7 4 7 7 906 255 49 0 0 0 
1675563924.9373848 20.5646484375 51.10785359594945 985.7925085254627 4 7 7 4 7 7 906 255 49 0 0 0 
1675563930.0698826 20.5443359375 51.24964024059613 985.7521122478723 4 7 7 4 7 7 948 257 51 0 0 0 
1675563935.204305 20.5595703125 51.149322506265094 985.732560555721 4 7 7 4 7 7 948 257 51 0 0 0 
1675563940.338321 20.5494140625 51.031050022805566 985.7622113134926 4 6 6 4 6 6 828 242 36 2 0 0 
1675563945.4721038 20.5544921875 51.22021651632628 985.7588449580061 4 6 6 4 6 6 828 242 36 2 0 0 
1675563950.6052966 20.5494140625 51.090129848755765 985.782409452288 4 6 6 4 6 6 828 242 36 2 0 0 
1675563955.7347174 20.5646484375 51.00786669091204 985.7127520183416 4 6 7 4 6 7 885 256 40 4 2 0 
1675563960.8674753 20.5748046875 51.1022856165008 985.7279008472449 4 6 7 4 6 7 885 256 40 4 2 0 
1675563965.9996321 20.5646484375 50.99604997914274 985.7087379522497 4 6 7 4 6 7 885 256 40 4 2 0 
1675563971.1340325 20.5697265625 50.95457956686179 985.7029765223242 4 6 8 4 6 8 918 263 40 6 2 0 
1675563976.267972 20.5646484375 51.019683361530625 985.7046597112801 4 6 8 4 6 8 918 263 40 6 2 0 
1675563981.399581 20.5646484375 51.09058252107683 985.703688262958 4 6 8 4 6 8 918 263 40 6 2 0 
1675563986.5289044 20.5748046875 51.03763334502768 985.7356696391055 4 6 8 4 6 8 912 266 43 8 2 0 
1675563991.6614852 20.5849609375 50.95502589038813 985.7942594633319 4 6 8 4 6 8 912 266 43 8 2 0 
1675563996.7933319 20.5748046875 50.92514884436168 985.6484660953159 4 6 8 4 6 8 912 266 43 8 2 0 
1675564001.9263911 20.5646484375 50.96650801968506 985.6706719677828 4 6 8 4 6 8 897 262 43 6 2 0 
1675564007.0582252 20.5798828125 51.025591681408386 985.6770807399319 4 6 8 4 6 8 897 262 43 6 2 0 
1675564012.1873252 20.5646484375 51.09637749796458 985.6460722108894 4 6 8 4 6 8 897 262 43 6 2 0 
1675564017.3205588 20.5646484375 51.149436355735176 985.7571617803677 4 5 7 4 5 7 855 255 34 6 2 0 
1675564022.4520435 20.5646484375 51.019571020836246 985.7804032866978 3 6 6 3 6 6 801 222 31 6 0 0 
1675564027.5793695 20.5646484375 51.07263196105361 985.7649313417508 3 6 6 3 6 6 786 215 33 6 0 0 
1675564032.7087789 20.5595703125 51.08467431436357 985.810377904007 3 6 6 3 6 6 786 215 33 6 0 0 
1675564037.8400476 20.5595703125 51.22056046598534 985.8861222877537 3 6 6 3 6 6 786 215 33 6 0 0 
1675564042.973234 20.5748046875 51.17318223651465 985.7649313417508 3 5 5 3 5 5 795 213 31 4 0 0 
