timestamp temperature humidity pressure pm10_standard pm25_standard pm100_standard pm10_env pm25_env pm100_env particles_03um particles_05um particles_10um particles_25um particles_50um particles_100um
1673357815.519698 20.52890625 43.30631275543929 974.2252356562374 0 0 0 0 0 0 96 26 6 0 0 0 
1673357820.6495774 20.52890625 43.36554961584048 974.1869504720473 0 0 0 0 0 0 96 26 6 0 0 0 
1673357825.783891 20.52890625 43.45426385867447 974.1432017920076 0 0 0 0 0 0 96 26 6 0 0 0 
1673357830.9182212 20.523828125 43.36545064309955 974.18946460281 0 0 0 0 0 0 108 33 8 0 0 0 
1673357836.052678 20.52890625 43.400976207033175 974.21638645853 0 0 0 0 0 0 108 33 8 0 0 0 
1673357841.1865067 20.523828125 43.40092584104593 974.2424559240073 0 0 0 0 0 0 108 33 8 0 0 0 
1673357846.3203647 20.51875 43.29432650645084 974.2256300225547 0 0 0 0 0 0 114 35 8 0 0 0 
1673357851.4542487 20.513671875 43.4778687784462 974.2050236020972 0 0 0 0 0 0 114 35 8 0 0 0 
1673357856.5881824 20.523828125 43.306216456020586 974.227727674507 0 0 0 0 0 0 114 35 8 0 0 0 
1673357861.7189462 20.513671875 43.442396577349314 974.273157260571 0 0 0 0 0 0 108 33 8 0 0 0 
1673357866.850296 20.523828125 43.19369291887156 974.290836420777 0 0 0 0 0 0 108 33 8 0 0 0 
1673357871.9854307 20.51875 43.37137159613512 974.2231169252576 0 0 0 0 0 0 108 33 8 0 0 0 
1673357877.1197782 20.51875 43.2707139957268 974.2260450982245 0 0 0 0 0 0 96 29 6 0 0 0 
1673357882.2528682 20.51875 43.312137443996896 974.2693773808791 0 0 0 0 0 0 90 24 4 0 0 0 
1673357887.3868463 20.513671875 43.41281797939515 974.2584287681119 0 0 0 0 0 0 84 22 2 0 0 0 
1673357892.5199933 20.50859375 43.41868807671024 974.248333385201 0 0 0 0 0 0 84 22 2 0 0 0 
1673357897.6563172 20.513671875 43.35358407184869 974.2458211051371 0 0 0 0 0 0 84 22 2 0 0 0 
1673357902.7923985 20.503515625 43.4423709136081 974.2424559240073 0 0 0 0 0 0 72 22 2 0 0 0 
1673357907.9274442 20.513671875 43.61401126157056 974.2281426269323 0 0 0 0 0 0 72 22 2 0 0 0 
1673357913.0614307 20.523828125 43.430529515728864 974.2786433184602 0 0 0 0 0 0 72 22 2 0 0 0 
1673357918.1951728 20.52890625 43.377317434066285 974.2857886028779 0 0 0 0 0 0 99 29 4 0 0 0 
1673357923.32883 20.5341796875 43.36545064309955 974.3021999931324 0 0 0 0 0 0 99 29 4 0 0 0 
1673357928.4626665 20.52890625 43.24117822067219 974.284958878497 0 0 0 0 0 0 99 29 4 0 0 0 
1673357933.5965424 20.5392578125 43.401026529885726 974.250475528198 0 0 0 0 0 0 99 29 4 0 0 0 
1673357938.7303858 20.5443359375 43.152423208663976 974.3354614485245 0 0 0 0 0 0 99 29 4 0 0 0 
1673357943.8638265 20.5392578125 43.27083225172005 974.3257803310432 0 0 0 0 0 0 99 29 4 0 0 0 
1673357948.9973497 20.5544921875 43.27083225172005 974.3392417360898 0 0 0 0 0 0 93 27 4 0 0 0 
1673357954.1315095 20.5494140625 43.288620414959475 974.2231372647631 0 0 0 0 0 0 93 27 4 0 0 0 
1673357959.2652144 20.5443359375 43.33007065850723 974.3678472366773 0 0 0 0 0 0 93 27 4 0 0 0 
1673357964.3978307 20.5544921875 43.247146320173464 974.4603945829529 0 0 0 0 0 0 30 10 0 0 0 0 
1673357969.5303068 20.5443359375 43.28267515577434 974.4250582984954 0 0 0 0 0 0 30 10 0 0 0 0 
1673357974.6642873 20.5544921875 43.22940490694717 974.2138919777819 0 0 0 0 0 0 57 19 2 2 0 0 
1673357979.7990484 20.5595703125 43.436654684542766 974.3316809973301 0 0 0 0 0 0 57 19 2 2 0 0 
1673357984.9335623 20.5798828125 43.42486291628733 974.1373370555516 0 0 0 0 0 0 57 19 2 2 0 0 
1673357990.068607 20.5646484375 43.42486291628733 974.2500795718059 0 0 0 0 0 0 63 21 2 2 0 0 
1673357995.202058 20.5646484375 43.30048734075118 974.231134845183 0 0 0 0 0 0 63 21 2 2 0 0 
1673358000.3358672 20.5544921875 43.27677739565091 974.0982029498488 0 0 0 0 0 0 63 21 2 2 0 0 
1673358005.4697413 20.5494140625 43.02806448522599 974.13605490135 0 0 0 0 0 0 75 25 2 2 0 0 
1673358010.6002922 20.5341796875 43.116827016374764 974.113746979591 0 0 0 0 0 0 75 25 2 2 0 0 
1673358015.7342505 20.523828125 43.30626462729785 974.0775623913468 0 0 0 0 0 0 75 25 2 2 0 0 
1673358020.8680918 20.51875 43.27066661784107 974.1213095896511 0 0 0 0 0 0 69 23 2 2 0 0 
1673358026.002542 20.513671875 43.270690312175965 974.209219339246 0 0 0 0 0 0 69 23 2 2 0 0 
1673358031.136362 20.50859375 43.24695915443961 974.1402338005544 0 0 0 0 0 0 69 23 2 2 0 0 
1673358036.2709079 20.50859375 43.28250857110212 974.1721811142058 0 0 0 0 0 0 69 23 2 2 0 0 
1673358041.4046924 20.50859375 43.51341843695624 974.1288715452595 0 0 0 0 0 0 69 23 2 2 0 0 
1673358046.5391326 20.513671875 43.323955083543055 974.100268058431 0 0 0 0 0 0 36 12 4 0 0 0 
1673358051.6726427 20.503515625 43.199591144213194 974.1772504164547 0 0 0 0 0 0 36 12 4 0 0 0 
1673358056.8070142 20.51875 43.21742347448107 974.139402157616 0 0 0 0 0 0 36 12 4 0 0 0 
1673358061.9414763 20.523828125 43.4128685738821 974.2395278141308 0 0 0 0 0 0 30 10 2 0 0 0 
1673358067.075332 20.52890625 43.35360870617244 974.2067062046365 0 0 0 0 0 0 30 10 2 0 0 0 
1673358072.2092595 20.52890625 43.31216160293997 974.2984199443974 0 0 0 0 0 0 30 10 2 0 0 0 
1673358077.3430543 20.5341796875 43.3536579424685 974.3274393026363 0 0 0 0 0 0 42 14 2 0 0 0 
1673358082.4770763 20.5341796875 43.18196392721452 974.3030529675461 0 0 0 0 0 0 42 14 2 0 0 0 
1673358087.6108532 20.52890625 43.21159416378075 974.3030529675461 0 0 0 0 0 0 42 14 2 0 0 0 
1673358092.7446547 20.52890625 43.24117822067219 974.2820085568596 0 0 0 0 0 0 36 12 2 0 0 0 
1673358097.8785524 20.5341796875 43.247122962201196 974.3438510748591 0 0 0 0 0 0 36 12 2 0 0 0 
1673358103.0110807 20.52890625 43.32397938909426 974.2706451529571 0 0 0 0 0 0 36 12 2 0 0 0 
1673358108.1439958 20.51875 43.158277921822645 974.272327758224 0 0 0 0 0 0 36 12 2 0 0 0 
1673358113.276942 20.523828125 43.4720262240858 974.1524470804299 0 0 0 0 0 0 36 12 2 0 0 0 
1673358118.411371 20.52890625 43.28253240126451 974.1616916608185 0 0 0 0 0 0 36 12 2 0 0 0 
1673358123.5458832 20.523828125 43.1167832348835 974.1305731058444 0 0 0 0 0 0 57 16 2 0 0 0 
1673358128.6797283 20.523828125 43.30631275543929 974.2210188765996 0 0 0 0 0 0 63 18 2 0 0 0 
1673358133.8135092 20.5341796875 43.22334468464966 974.2079733766941 0 0 0 0 0 0 69 20 2 0 0 0 
1673358138.94776 20.523828125 43.46018465743023 974.2277493983588 0 0 0 0 0 0 69 20 2 0 0 0 
1673358144.0818117 20.523828125 43.276682583904815 974.2075578364379 0 0 0 0 0 0 69 20 2 0 0 0 
1673358149.2154992 20.52890625 43.26476925220407 974.1844167568556 0 0 0 0 0 0 63 18 0 0 0 0 
1673358154.3496573 20.51875 43.146345892898346 974.306394413312 0 0 0 0 0 0 63 18 0 0 0 0 
1673358159.483607 20.52890625 43.41873885014815 974.3829658389383 0 0 0 0 0 0 63 18 0 0 0 0 
1673358164.6180546 20.51875 43.442396577349314 974.2820085568596 0 0 0 0 0 0 57 16 0 0 0 0 
1673358169.7516348 20.5341796875 43.13456966274142 974.3388031689565 0 0 0 0 0 0 57 16 0 0 0 0 
1673358174.8853695 20.52890625 43.37739205490658 974.3110512851122 0 0 0 0 0 0 57 16 0 0 0 0 
1673358180.0191422 20.5443359375 43.31822778321299 974.3350464029248 0 0 0 0 0 0 51 14 0 0 0 0 
1673358185.1513436 20.5494140625 43.19385237243333 974.4015007926604 0 0 0 0 0 0 51 14 0 0 0 0 
1673358190.2845514 20.5494140625 43.21756168190386 974.2500600110658 0 0 0 0 0 0 51 14 0 0 0 0 
1673358195.417054 20.5544921875 43.199796767188374 974.3569215461108 0 0 0 0 0 0 57 16 0 0 0 0 
1673358200.552029 20.5494140625 43.45444407813674 974.3392417360898 0 0 0 0 0 0 57 16 0 0 0 0 
1673358205.684557 20.5443359375 43.32414922600348 974.3897220448838 0 0 0 0 0 0 57 16 0 0 0 0 
1673358210.815353 20.5595703125 43.2116400539521 974.3703831785623 0 0 0 0 0 0 114 32 8 0 0 0 
1673358215.9489625 20.5443359375 43.122792479347346 974.3926729258 0 0 0 0 0 0 114 32 8 0 0 0 
1673358221.083355 20.5494140625 43.36557433206627 974.316951870247 0 0 0 0 0 0 66 16 6 0 0 0 
1673358226.2149277 20.5595703125 43.16424426366127 974.3291456818853 0 0 0 0 0 0 66 16 6 0 0 0 
1673358231.3463702 20.5494140625 43.15834493948311 974.4334716967589 0 0 0 0 0 0 66 16 6 0 0 0 
1673358236.4796932 20.5646484375 43.075503839871125 974.3729187902446 0 0 0 0 0 0 87 21 10 0 0 0 
1673358241.6134439 20.5697265625 43.19988787478621 974.4435935780019 0 0 0 0 0 0 87 21 10 0 0 0 
1673358246.7406785 20.5646484375 43.22952046239395 974.4099389017762 0 0 0 0 0 0 87 21 10 0 0 0 
1673358251.8728082 20.5646484375 43.170278119507415 974.394794306603 0 0 0 0 0 0 72 19 8 0 0 0 
1673358257.0049272 20.5646484375 43.341962327900575 974.4200353017061 0 0 0 0 0 0 72 19 8 0 0 0 
1673358262.1356664 20.5697265625 43.12884596495187 974.4175230638069 0 0 0 0 0 0 72 19 8 0 0 0 
1673358267.2672443 20.5646484375 43.11693628137373 974.4133043681396 0 0 0 0 0 0 66 17 6 0 0 0 
1673358272.4026537 20.5595703125 43.176155102247996 974.4427395296873 0 0 0 0 0 0 66 17 6 0 0 0 
1673358277.533455 20.5595703125 43.31235448626286 974.447373404458 0 0 0 0 0 0 66 17 6 0 0 0 
1673358282.66348 20.5544921875 43.152467697344804 974.4928068997152 0 0 0 0 0 0 66 17 6 0 0 0 
1673358287.797521 20.5849609375 43.152512142887964 974.4549583220179 0 0 0 0 0 0 66 17 6 0 0 0 
1673358292.9291584 20.5646484375 43.247239644221224 974.4318144381401 0 0 0 0 0 0 48 16 6 2 0 0 
1673358298.059915 20.5798828125 43.30055911893765 974.3535782130914 0 0 0 0 0 0 48 16 6 2 0 0 
1673358303.1903708 20.5748046875 43.128867889084766 974.346410264231 0 0 0 0 0 0 48 16 6 2 0 0 
1673358308.3207166 20.5646484375 43.24134110009389 974.4183525682096 0 0 0 0 0 0 81 27 6 2 0 0 
1673358313.4511902 20.5849609375 43.30060691714211 974.3653575201071 0 0 0 0 0 0 81 27 6 2 0 0 
1673358318.58155 20.5951171875 43.20587821619323 974.4086942773565 0 0 0 0 0 0 81 27 6 2 0 0 
1673358323.712033 20.5849609375 43.105179068265606 974.3569437290316 0 0 0 0 0 0 69 23 6 2 0 0 
1673358328.8438175 20.6052734375 43.182234675571785 974.3031143068589 0 0 0 0 0 0 69 23 6 2 0 0 
1673358333.9728096 20.5951171875 43.288810607437135 974.4129123819796 0 0 0 0 0 0 69 23 6 2 0 0 
1673358339.1024487 20.5900390625 43.06374440195337 974.3746234509723 0 0 0 0 0 0 63 21 6 0 0 0 
1673358344.233532 20.5849609375 43.093356101951855 974.4065963958244 0 0 0 0 0 0 63 21 6 0 0 0 
1673358349.363898 20.5849609375 43.247286241540316 974.3392849623586 0 0 0 0 0 0 63 21 6 0 0 0 
1673358354.4943507 20.5849609375 43.223667515545834 974.4389842163183 0 0 0 0 0 0 69 23 6 0 0 0 
1673358359.6246758 20.5849609375 43.28873936613805 974.4840046826804 0 0 0 0 0 0 69 23 6 0 0 0 
1673358364.7552052 20.5849609375 43.1644008116689 974.416693120498 0 0 0 0 0 0 69 23 6 0 0 0 
1673358369.8855305 20.5900390625 43.23546554571654 974.4040609815778 0 0 0 0 0 0 75 25 6 0 0 0 
1673358375.0159607 20.5849609375 43.09329155212382 974.4646403868651 0 0 0 0 0 0 60 18 0 0 0 0 
1673358380.1463733 20.5900390625 43.01044269378753 974.444447241696 0 0 0 0 0 0 45 13 0 0 0 0 
1673358385.2767959 20.5798828125 43.12888980243318 974.4124747824463 0 0 0 0 0 0 45 13 0 0 0 0 
1673358390.4072533 20.5951171875 43.093356101951855 974.4065963958244 0 0 0 0 0 0 45 13 0 0 0 0 
1673358395.5390456 20.5900390625 43.01634452413186 974.4747369632269 0 0 0 0 0 0 57 17 0 0 0 0 
1673358400.6726542 20.5798828125 43.022266899091186 974.4440325416821 0 0 0 0 0 0 57 17 0 0 0 0 
1673358405.8073502 20.5798828125 43.318300204964864 974.4545438130212 0 0 0 0 0 0 57 17 0 0 0 0 
1673358410.938132 20.5849609375 43.23546554571654 974.4175230638069 0 0 0 0 0 0 57 17 0 0 0 0 
1673358416.0693414 20.5697265625 43.18212205248197 974.4410817184807 0 0 0 0 0 0 57 17 0 0 0 0 
1673358421.2031293 20.5951171875 42.939332962862906 974.5100750003248 0 0 0 0 0 0 57 17 0 0 0 0 
1673358426.3354518 20.5748046875 43.09331307951777 974.4234007689089 0 0 0 0 0 0 36 10 0 0 0 0 
1673358431.4652262 20.5849609375 43.122901976101915 974.4263516067944 0 0 0 0 0 0 36 10 0 0 0 0 
1673358436.5979238 20.5849609375 43.10513575257811 974.4107920221328 0 0 0 0 0 0 36 10 0 0 0 0 
1673358441.7312596 20.5748046875 43.15255654529347 974.4057437416116 0 0 0 0 0 0 42 12 2 0 0 0 
1673358446.8625846 20.5900390625 43.18214459866859 974.3935493163751 0 0 0 0 0 0 42 12 2 0 0 0 
1673358451.9930022 20.5849609375 43.24733279572289 974.3981597717075 0 0 0 0 0 0 42 12 2 0 0 0 
1673358457.1266084 20.5646484375 43.134790068569174 974.3628224020665 0 0 0 0 0 0 57 17 8 0 0 0 
1673358462.256261 20.5798828125 43.23541924162726 974.484833542107 0 0 0 0 0 0 57 17 8 0 0 0 
1673358467.3893158 20.5646484375 43.23541924162726 974.4511530672814 0 0 0 0 0 0 57 17 6 0 0 0 
1673358472.52104 20.5646484375 43.12880208433262 974.4149871014264 0 0 0 0 0 0 57 17 6 0 0 0 
1673358477.6513765 20.5646484375 43.22945116147843 974.4137189964027 0 0 0 0 0 0 57 17 6 0 0 0 
1673358482.784739 20.5595703125 43.318276075164825 974.4776623956302 0 0 0 0 0 0 69 21 6 0 0 0 
1673358487.9164891 20.5544921875 43.01031920259595 974.4141335149469 0 0 0 0 0 0 69 21 6 0 0 0 
1673358493.0454595 20.5544921875 43.259012789537536 974.4229613876811 0 0 0 0 0 0 69 21 6 0 0 0 
1673358498.1795337 20.5494140625 43.14060183005995 974.4780763993346 0 0 0 0 0 0 69 21 6 0 0 0 
1673358503.30805 20.5494140625 43.0458092569478 974.4145479237741 0 0 0 0 0 0 69 21 6 0 0 0 
1673358508.4431171 20.5544921875 42.933311936780015 974.3998181141967 0 0 0 0 0 0 69 21 6 0 0 0 
1673358513.5768023 20.5798828125 43.26502843108357 974.4086708376078 0 0 0 0 0 0 63 19 4 0 0 0 
1673358518.7086403 20.5849609375 43.217676558190114 974.4625430734027 0 0 0 0 0 0 63 19 4 0 0 0 
1673358523.8405416 20.5900390625 43.18811181349753 974.3767215885968 0 0 0 0 0 0 63 19 4 0 0 0 
1673358528.9651487 20.5951171875 43.14073428695317 974.4402521545302 0 0 0 0 0 0 75 23 4 0 0 0 
1673358534.097092 20.5849609375 43.19403395801782 974.3645267367917 0 0 0 0 0 0 75 23 4 0 0 0 
1673358539.2299082 20.5849609375 43.17626749359177 974.4015252370915 0 0 0 0 0 0 93 22 4 0 0 0 
1673358544.3637457 20.5849609375 43.057800932795914 974.4305703421112 0 0 0 0 0 0 93 22 4 0 0 0 
1673358549.4946525 20.5849609375 43.164311420370815 974.4881990689601 0 0 0 0 0 0 93 22 4 0 0 0 
1673358554.6280377 20.5798828125 43.128867889084766 974.444447241696 0 0 0 0 0 0 93 22 4 0 0 0 
1673358559.759323 20.5646484375 43.05185757841105 974.4562265751537 0 0 0 0 0 0 93 22 4 0 0 0 
1673358564.8864827 20.5798828125 43.18804400353773 974.5071235606458 0 0 0 0 0 0 93 22 4 0 0 0 
1673358570.019949 20.5900390625 42.868338548075414 974.4705423612899 0 0 0 0 0 0 72 18 2 0 0 0 
1673358575.1511915 20.6052734375 43.03419485983576 974.5605850656851 0 0 0 0 0 0 72 18 2 0 0 0 
1673358580.2854145 20.6001953125 43.17633479898591 974.6299943013149 0 0 0 0 0 0 72 18 2 0 0 0 
1673358585.4185746 20.5900390625 42.85645530009105 974.5900206200853 0 0 0 0 0 0 78 20 2 0 0 0 
1673358590.552385 20.6001953125 43.123033016318736 974.4225939978331 0 0 0 0 0 0 78 20 2 0 0 0 
1673358595.6864405 20.6103515625 43.093463469306684 974.3982035020821 0 0 0 0 0 0 78 20 2 0 0 0 
1673358600.820599 20.6001953125 43.07565295428923 974.4608837721734 0 0 0 0 0 0 66 16 2 0 0 0 
1673358605.9534528 20.6103515625 43.016447530421864 974.5059054789705 0 0 0 0 0 0 66 16 2 0 0 0 
1673358611.0870285 20.6052734375 43.0045816265532 974.469297923998 0 0 0 0 0 0 66 16 2 0 0 0 
1673358616.2211578 20.6052734375 43.17631237463887 974.5181000390701 0 0 0 0 0 0 72 20 4 0 0 0 
1673358621.3552742 20.5951171875 42.9986385623306 974.4612987620818 0 0 0 0 0 0 63 19 2 0 0 0 
1673358626.4891036 20.5951171875 43.146678620103195 974.3952320895376 0 0 0 0 0 0 48 12 2 0 0 0 
1673358631.6221442 20.5748046875 43.03413244474513 974.4107920221328 0 0 0 0 0 0 48 12 2 0 0 0 
1673358636.7561455 20.5748046875 43.11697991188166 974.3224368745356 0 0 0 0 0 0 48 12 2 0 0 0 
1673358641.8856997 20.5646484375 43.05183652647188 974.3102422054912 0 0 0 0 0 0 42 12 2 0 0 0 
1673358647.0196605 20.5646484375 42.92154602122394 974.4465445801477 0 0 0 0 0 0 42 12 2 0 0 0 
1673358652.1540153 20.5646484375 43.17620009113853 974.4570554563267 0 0 0 0 0 0 42 12 2 0 0 0 
1673358657.2882004 20.5798828125 43.18212205248197 974.4650548145706 0 0 0 0 0 0 42 12 2 0 0 0 
1673358662.4217992 20.5798828125 43.09921365749481 974.3889161444214 0 0 0 0 0 0 42 12 2 0 0 0 
1673358667.5549827 20.5849609375 43.16435613758861 974.4078413900693 0 0 0 0 0 0 42 12 2 0 0 0 
1673358672.6881065 20.5798828125 43.13472406005778 974.4313998491884 0 0 0 0 0 0 48 14 4 2 0 0 
1673358677.820941 20.5798828125 43.10513575257811 974.4280343541891 0 0 0 0 0 0 48 14 4 2 0 0 
1673358682.9539366 20.5595703125 43.01036040946586 974.4452763125477 0 0 0 0 0 0 48 14 4 2 0 0 
1673358688.0882082 20.5849609375 42.97486745321216 974.4562265751537 0 0 0 0 0 0 63 16 4 2 0 0 
1673358693.2234223 20.5900390625 43.11704527675963 974.4941014266615 0 0 0 0 0 0 63 16 4 2 0 0 
1673358698.3572266 20.5951171875 43.152600904561304 974.4680300292072 0 0 0 0 0 0 63 16 4 2 0 0 
1673358703.4907067 20.5951171875 43.152600904561304 974.4251070596499 0 0 0 0 0 0 78 19 0 0 0 0 
1673358708.6243277 20.6052734375 42.96900530214873 974.4162779842477 0 0 0 0 0 0 78 19 0 0 0 0 
1673358713.7575336 20.6001953125 42.92754686224896 974.3864029540323 0 0 0 0 0 0 63 17 0 0 0 0 
1673358718.891612 20.5900390625 43.152600904561304 974.4318382122306 0 0 0 0 0 0 63 17 0 0 0 0 
1673358724.0244305 20.5900390625 43.18811181349753 974.3901837702598 0 0 0 0 0 0 63 17 0 0 0 0 
1673358729.1587145 20.5951171875 43.105179068265606 974.3952320895376 0 0 0 0 0 0 63 17 0 0 0 0 
1673358734.292362 20.5900390625 42.95716008504907 974.3906205248447 0 0 0 0 0 0 63 17 0 0 0 0 
1673358739.4255948 20.5849609375 43.12298937938448 974.4217414837793 0 0 0 0 0 0 63 17 0 0 0 0 
1673358744.5597942 20.6052734375 43.10524396091267 974.3817908305106 0 0 0 0 0 0 48 12 0 0 0 0 
1673358749.6935294 20.6052734375 43.00456117192937 974.3897892972058 0 0 0 0 0 0 48 12 0 0 0 0 
1673358754.826969 20.6255859375 42.89804867678924 974.3721289551204 0 0 0 0 0 0 48 12 0 0 0 0 
1673358759.9612603 20.6357421875 42.99283769331062 974.3355222154257 0 0 0 0 0 0 54 14 0 0 0 0 
1673358765.0952847 20.6255859375 42.88027924258446 974.3616155384901 0 0 0 0 0 0 54 14 0 0 0 0 
1673358770.2294254 20.6255859375 42.79733595781513 974.3494011381445 0 0 0 0 0 0 54 14 0 0 0 0 
1673358775.3625035 20.6154296875 42.88026025757684 974.3321565113453 0 0 0 0 0 0 60 16 0 0 0 0 
1673358780.495654 20.6306640625 42.87435607726944 974.3098629166813 0 0 0 0 0 0 60 16 0 0 0 0 
1673358785.6284752 20.6255859375 43.099386118047484 974.2484309167885 0 0 0 0 0 0 102 27 6 0 0 0 
1673358790.7620244 20.6255859375 43.04017999742362 974.2644255977264 0 0 0 0 0 0 102 27 6 0 0 0 
1673358795.896327 20.6255859375 43.11127466363664 974.3010318920564 0 0 0 0 0 0 102 27 6 0 0 0 
1673358801.0306017 20.6357421875 42.95135642374128 974.3001823365361 0 0 0 0 0 0 102 27 6 0 0 0 
1673358806.1647415 20.6103515625 43.06977277144778 974.3296408249068 0 0 0 0 0 0 102 27 6 0 0 0 
1673358811.298832 20.6205078125 43.08166074071948 974.2686249409115 0 0 0 0 0 0 102 27 6 0 0 0 
1673358816.4329607 20.6154296875 43.093463469306684 974.2989159959849 0 0 0 0 0 0 102 27 6 0 0 0 
1673358821.5670114 20.6154296875 43.0342779289698 974.2379169107024 0 0 0 0 0 0 102 27 6 0 0 0 
1673358826.7003753 20.6154296875 42.915779222432455 974.2358169415871 0 0 0 0 0 0 102 27 6 0 0 0 
1673358831.8330617 20.6205078125 42.83287519038265 974.2619085971501 0 0 0 0 0 0 90 25 4 0 0 0 
1673358836.9661317 20.6205078125 42.76183159675195 974.2341340800907 0 0 0 0 0 0 90 25 4 0 0 0 
1673358842.1005027 20.6205078125 42.868432901664384 974.3300572970322 0 0 0 0 0 0 90 25 4 0 0 0 
1673358847.2346165 20.6205078125 42.92766419466302 974.3553002866381 0 0 0 0 0 0 105 27 4 0 0 0 
1673358852.3686953 20.6255859375 42.779584032783404 974.327957945944 0 0 0 0 0 0 105 27 4 0 0 0 
1673358857.503044 20.6357421875 42.862509715769285 974.3700299409994 0 0 0 0 0 0 105 27 4 0 0 0 
1673358862.6366506 20.6306640625 42.88031718024395 974.3780281562935 0 0 0 0 0 0 99 25 6 2 0 0 
1673358867.7702367 20.6458984375 42.82113849308289 974.4035971184732 0 0 0 0 0 0 81 23 4 0 0 0 
1673358872.9039254 20.6408203125 43.0106476496526 974.4015886872033 0 0 0 0 0 0 90 26 4 0 0 0 
1673358878.03757 20.6408203125 42.95141575948096 974.4397712396484 0 0 0 0 0 0 90 26 4 0 0 0 
1673358883.1698215 20.6357421875 43.0935705670467 974.4722703622102 0 0 0 0 0 0 90 26 4 0 0 0 
1673358888.304217 20.6255859375 42.939529983292424 974.5210744479327 0 0 0 0 0 0 90 26 2 0 0 0 
1673358893.4385948 20.6357421875 43.01652974132701 974.4625884840385 0 0 0 0 0 0 90 26 2 0 0 0 
1673358898.57238 20.6205078125 43.03423641597232 974.4596381440066 0 0 0 0 0 0 90 26 2 0 0 0 
1673358903.706388 20.6154296875 42.94535438830569 974.3047971169594 0 0 0 0 0 0 84 24 2 0 0 0 
1673358908.8404207 20.6154296875 43.06385007125913 974.352766816527 0 0 0 0 0 0 84 24 2 0 0 0 
1673358913.9743054 20.5951171875 43.17633479898591 974.5248313699043 0 0 0 0 0 0 84 24 2 0 0 0 
1673358919.1081834 20.5951171875 43.01640636026034 974.4436177319398 0 0 0 0 0 0 84 24 2 0 0 0 
1673358924.2418754 20.6103515625 43.00462250344625 974.5084176554645 0 0 0 0 0 0 84 24 2 0 0 0 
1673358929.3757706 20.6154296875 43.03421564329643 974.4903449056438 0 0 0 0 0 0 84 24 2 0 0 0 
1673358934.5088375 20.6255859375 42.74993223688528 974.5017099367707 0 0 0 0 0 0 90 26 4 0 0 0 
1673358939.641945 20.6205078125 42.986833803177575 974.4587858288224 0 0 0 0 0 0 90 26 4 0 0 0 
1673358944.7760987 20.6154296875 43.046081908955756 974.4772971134107 0 0 0 0 0 0 90 26 4 0 0 0 
1673358949.9100718 20.6205078125 42.88620239760942 974.5143197079828 0 0 0 0 0 0 18 6 0 0 0 0 
1673358955.0440018 20.6205078125 43.010586276133935 974.5252701598179 0 0 0 0 0 0 18 6 0 0 0 0 
1673358960.1777995 20.6255859375 43.158612039529096 974.4205163927847 0 0 0 0 0 0 18 6 0 0 0 0 
1673358965.3123188 20.6255859375 42.95131681265637 974.2871361385406 0 0 0 0 0 0 18 6 0 0 0 0 
1673358970.4461312 20.6255859375 42.992797152827656 974.3582312607382 0 0 0 0 0 0 18 6 0 0 0 0 
1673358975.5800123 20.6103515625 42.820992176937075 974.402420576019 0 0 0 0 0 0 18 6 0 0 0 0 
1673358980.712936 20.6205078125 43.0460610004328 974.423030619747 0 0 0 0 0 0 18 6 0 0 0 0 
1673358985.8470795 20.6154296875 42.832856738036774 974.5033928093907 0 0 0 0 0 0 18 6 0 0 0 0 
1673358990.9802778 20.6103515625 42.99869969007232 974.4831983425674 0 0 0 0 0 0 18 6 2 0 0 0 
1673358996.113882 20.6001953125 43.0460610004328 974.4470059248554 0 0 0 0 0 0 18 6 2 0 0 0 
1673359001.2487638 20.6052734375 42.986813563114474 974.488223837299 0 0 0 0 0 0 18 6 2 0 0 0 
1673359006.3820908 20.6001953125 42.92162418682307 974.5206117933511 0 0 0 0 0 0 18 6 2 0 0 0 
1673359011.5151052 20.6052734375 43.03417406559032 974.5504881423311 0 0 0 0 0 0 18 6 2 0 0 0 
1673359016.6481736 20.6001953125 43.01046323790583 974.5071493512597 0 0 0 0 0 0 18 6 2 0 0 0 
1673359021.782584 20.5951171875 43.1762899395075 974.4869556965169 0 0 0 0 0 0 18 6 2 0 0 0 
1673359026.9162173 20.5900390625 42.93346952738624 974.3952320895376 0 0 0 0 0 0 18 6 2 0 0 0 
1673359032.0501037 20.5849609375 43.07565295428923 974.3864029540323 0 0 0 0 0 0 105 23 2 0 0 0 
1673359037.1837487 20.5849609375 42.915701501108536 974.3948168868882 0 0 0 0 0 0 105 23 2 0 0 0 
1673359042.3181515 20.5900390625 42.88018420969403 974.4465684172527 0 0 0 0 0 0 105 23 2 0 0 0 
1673359047.4518278 20.5900390625 42.90387540946494 974.4486660985789 0 0 0 0 0 0 147 44 4 0 0 0 
1673359052.5856757 20.5900390625 43.05192066952025 974.4158403032835 0 0 0 0 0 0 147 44 4 0 0 0 
1673359057.719651 20.5849609375 43.04003396224024 974.4314231979171 0 0 0 0 0 0 147 44 4 0 0 0 
1673359062.8502882 20.5951171875 43.069687985882766 974.4886385006943 0 0 0 0 0 0 153 46 4 0 0 0 
1673359067.9802976 20.5900390625 42.98085047809389 974.4869556965169 0 0 0 0 0 0 153 46 4 0 0 0 
1673359073.114152 20.6001953125 42.903856098813606 974.4230091896234 0 0 0 0 0 0 153 46 4 0 0 0 
1673359078.247082 20.6001953125 42.92160466160096 974.3729406651006 0 1 1 0 1 1 144 43 6 2 0 0 
1673359083.3804224 20.5951171875 43.05784311859639 974.3998652474412 0 1 1 0 1 1 144 43 6 2 0 0 
1673359088.513106 20.6001953125 42.98085047809389 974.4028155768542 0 1 1 0 1 1 144 43 6 2 0 0 
1673359093.6461012 20.5951171875 42.92756644461404 974.3771580174575 0 1 1 0 1 1 144 43 6 2 0 0 
1673359098.779973 20.5951171875 42.79726371409926 974.3927187742473 0 1 1 0 1 1 144 43 6 2 0 0 
1673359103.913745 20.5951171875 42.844628470021405 974.4314231979171 0 1 1 0 1 1 144 43 6 2 0 0 
1673359109.047218 20.5951171875 42.97494802104687 974.4444705991657 0 1 1 0 1 1 132 39 6 2 0 0 
1673359114.1805694 20.6052734375 42.88614520644146 974.3733766968751 0 0 0 0 0 0 30 10 2 0 0 0 
1673359119.3143 20.6154296875 42.93945130454132 974.3855720840497 0 0 0 0 0 0 36 12 2 0 0 0 
1673359124.447641 20.6103515625 43.00462250344625 974.4276636107501 0 0 0 0 0 0 36 12 2 0 0 0 
1673359129.5811307 20.6205078125 42.969065443358986 974.4381763243144 0 0 0 0 0 0 36 12 2 0 0 0 
1673359134.715174 20.6154296875 42.90393327670792 974.4436402386372 0 0 0 0 0 0 24 8 0 0 0 0 
1673359139.8485782 20.6103515625 43.0579483943653 974.4663696279106 0 0 0 0 0 0 24 8 0 0 0 0 
1673359144.981982 20.6052734375 42.91574038334076 974.4983207451227 0 0 0 0 0 0 24 8 0 0 0 0 
1673359150.1157866 20.6052734375 42.945295029861946 974.5551223725093 0 0 0 0 0 0 30 8 0 0 0 0 
1673359155.2496588 20.5951171875 42.93348917767916 974.5862412626618 0 0 0 0 0 0 30 8 0 0 0 0 
1673359160.383011 20.6001953125 43.05788526125805 974.5071493512597 0 0 0 0 0 0 30 8 0 0 0 0 
1673359165.5157793 20.6103515625 42.93945130454132 974.4049348672426 0 0 0 0 0 0 24 6 0 0 0 0 
1673359170.6491125 20.6103515625 42.915701501108536 974.4596159454755 0 0 0 0 0 0 24 6 0 0 0 0 
1673359175.7829292 20.6103515625 42.963122667815476 974.5723648127812 0 0 0 0 0 0 24 6 0 0 0 0 
1673359180.9146626 20.6001953125 42.84466572193689 974.4512018634928 0 0 0 0 0 0 30 8 0 0 0 0 
1673359186.048308 20.6001953125 42.945314826794906 974.5643647610691 0 0 0 0 0 0 30 8 0 0 0 0 
1673359191.183421 20.5951171875 43.022308269810225 974.6013865399209 0 0 0 0 0 0 30 8 0 0 0 0 
1673359196.3159845 20.6205078125 43.00464292571549 974.653168752771 0 0 0 0 0 0 78 18 0 0 0 0 
1673359201.4494014 20.6255859375 42.93951032978224 974.7036551507015 0 0 0 0 0 0 78 18 0 0 0 0 
1673359206.581787 20.6255859375 42.957279455285736 974.6199252211317 0 0 0 0 0 0 78 18 0 0 0 0 
1673359211.7143939 20.6255859375 43.034257177863445 974.6485339181116 0 0 0 0 0 0 78 18 0 0 0 0 
1673359216.8467271 20.6052734375 42.84466572193689 974.6287533961893 0 0 0 0 0 0 78 18 0 0 0 0 
1673359221.9803972 20.5951171875 42.77949477410583 974.6060212519437 0 0 0 0 0 0 78 20 0 0 0 0 
1673359227.11173 20.5900390625 42.96898523350871 974.5748754691715 0 0 0 0 0 0 78 20 0 0 0 0 
1673359232.2437038 20.5849609375 42.79720941806472 974.6038965038366 0 0 0 0 0 0 78 20 0 0 0 0 
1673359237.3775241 20.5748046875 42.99853646706346 974.5870394968842 0 0 0 0 0 0 90 24 0 0 0 0 
1673359242.5022194 20.5646484375 43.116958102019964 974.6724461183683 0 0 0 0 0 0 90 24 0 0 0 0 
1673359247.632593 20.5595703125 43.063680870953704 974.6846377752034 0 0 0 0 0 0 90 24 0 0 0 0 
1673359252.7629685 20.5646484375 42.96886459518418 974.6736834146051 0 0 0 0 0 0 84 22 0 0 0 0 
1673359257.8933928 20.5443359375 42.832708730995996 974.7422625450318 0 0 0 0 0 0 84 22 0 0 0 0 
1673359263.0237982 20.5544921875 42.90368181761911 974.5668165914504 0 0 0 0 0 0 84 22 0 0 0 0 
1673359268.154233 20.5494140625 42.992573409051175 974.6379340521994 0 0 0 0 0 0 57 15 0 0 0 0 
1673359273.2845898 20.5646484375 43.02220476212655 974.6227896159108 0 0 0 0 0 0 57 15 0 0 0 0 
1673359278.4150736 20.5697265625 42.89191461962094 974.5706545642641 0 0 0 0 0 0 60 18 2 0 0 0 
1673359283.5454214 20.5595703125 42.79715502496074 974.5550676982576 0 0 0 0 0 0 60 18 2 0 0 0 
1673359288.6759005 20.5849609375 42.891933848339995 974.5807511670679 0 0 0 0 0 0 60 18 2 0 0 0 
1673359293.8103063 20.5849609375 43.06964552839226 974.5752892221248 0 0 0 0 0 0 48 14 2 0 0 0 
1673359298.9420128 20.5748046875 42.88603053290459 974.473468560288 0 0 0 0 0 0 48 14 2 0 0 0 
1673359304.075775 20.5798828125 42.963042686531004 974.5269026478809 0 0 0 0 0 0 48 14 2 0 0 0 
1673359309.2078881 20.5900390625 42.85051384828031 974.5550958589703 0 0 0 0 0 0 60 18 4 2 0 0 
1673359314.3383174 20.5849609375 42.945275222143955 974.5483647401575 0 0 0 0 0 0 60 18 4 2 0 0 
1673359319.4686706 20.5849609375 42.99267527254123 974.5504613662113 0 0 0 0 0 0 60 18 4 2 0 0 
1673359324.599142 20.5951171875 43.028210022438316 974.5449991811707 0 0 0 0 0 0 48 16 4 2 0 0 
1673359329.7295318 20.6001953125 42.951237461066306 974.5904342511008 0 0 0 0 0 0 48 16 4 2 0 0 
1673359334.8599155 20.5900390625 43.051878619565514 974.6476488561474 0 0 0 0 0 0 48 16 4 2 0 0 
1673359339.9903321 20.5798828125 42.90381744515545 974.6106276318835 0 1 1 0 1 1 54 18 6 4 0 0 
1673359345.1207469 20.5849609375 42.85643651130794 974.5837031264118 0 1 1 0 1 1 54 18 6 4 0 0 
1673359350.2511702 20.5951171875 43.051878619565514 974.6661594809759 0 0 0 0 0 0 54 18 6 4 0 0 
1673359355.381621 20.5900390625 43.034111618145374 974.6367255422281 0 0 0 0 0 0 42 14 6 4 0 0 
1673359360.5135577 20.5951171875 42.80905491901859 974.6413605431809 0 0 0 0 0 0 30 10 0 0 0 0 
1673359365.6424236 20.5849609375 42.98081005832467 974.5483647401575 0 0 0 0 0 0 30 10 0 0 0 0 
1673359370.7720017 20.6001953125 43.105222340814876 974.5302681782315 0 0 0 0 0 0 30 10 0 0 0 0 
1673359375.9030902 20.5849609375 42.92750766516352 974.5479507704264 0 0 0 0 0 0 30 10 0 0 0 0 
1673359381.0336905 20.5798828125 42.93343019444515 974.5151232938572 0 0 0 0 0 0 30 10 0 0 0 0 
1673359386.1640325 20.5900390625 43.004499743348745 974.5235371178101 0 0 0 0 0 0 30 10 0 0 0 0 
1673359391.2943497 20.6001953125 42.92162418682307 974.5231230545774 0 0 0 0 0 0 36 12 2 0 0 0 
1673359396.4282117 20.5951171875 42.92160466160096 974.5900206200853 0 0 0 0 0 0 36 12 2 0 0 0 
1673359401.560377 20.5951171875 43.022308269810225 974.5130263847525 0 0 0 0 0 0 36 12 2 0 0 0 
1673359406.6918073 20.6001953125 43.05784311859639 974.5929724962996 0 0 0 0 0 0 36 12 2 0 0 0 
1673359411.8225203 20.5951171875 43.022266899091186 974.5479507704264 0 0 0 0 0 0 36 12 2 0 0 0 
1673359416.950274 20.5849609375 42.7616726682874 974.5062952729348 0 0 0 0 0 0 36 12 2 0 0 0 
1673359422.07986 20.5951171875 43.081532812014636 974.5647787050434 0 0 0 0 0 0 30 10 2 0 0 0 
1673359427.2124026 20.5900390625 42.97488761134827 974.6375521552629 0 0 0 0 0 0 30 10 2 0 0 0 
1673359432.3420355 20.5900390625 43.004499743348745 974.5386820053322 0 0 0 0 0 0 30 10 2 0 0 0 
1673359437.4717386 20.5798828125 42.9748472842911 974.5975788440039 None None None None None None None None None None None None 
1673359442.60027 20.5646484375 42.93339081836374 974.6152328619833 0 0 0 0 0 0 51 15 8 0 0 0 
1673359447.730835 20.5798828125 42.945255403640914 974.6531102275237 0 0 0 0 0 0 51 15 8 0 0 0 
1673359452.8656888 20.5798828125 42.95710025433316 974.6817173336124 0 0 0 0 0 0 51 15 8 0 0 0 
1673359457.9974506 20.5798828125 42.83863128902497 974.6400610856032 0 0 0 0 0 0 51 15 8 0 0 0 
1673359463.130896 20.5900390625 42.921663204911944 974.6178010122617 0 0 0 0 0 0 51 15 8 0 0 0 
1673359468.2655442 20.6052734375 42.93346952738624 974.6556790168976 0 0 0 0 0 0 51 15 8 0 0 0 
1673359473.3976336 20.6103515625 42.933528445909786 974.6523133133295 0 0 0 0 0 0 51 15 8 0 0 0 
1673359478.5288475 20.6205078125 43.093463469306684 974.744457343767 0 0 0 0 0 0 63 19 10 0 0 0 
1673359483.6608217 20.6154296875 42.8920872898251 974.551756704434 0 0 0 0 0 0 63 19 10 0 0 0 
1673359488.7902064 20.6357421875 42.880336132895835 974.6417227189222 0 0 0 0 0 0 63 19 10 0 0 0 
1673359493.9244668 20.6357421875 42.71446085752387 974.6817777038675 0 0 0 0 0 0 48 16 10 0 0 0 
1673359499.0581949 20.6357421875 42.98103183320117 974.5711467544741 0 0 0 0 0 0 48 16 10 0 0 0 
1673359504.190304 20.6458984375 42.83289363194314 974.6013323424668 0 0 0 0 0 0 48 16 10 0 0 0 
1673359509.31993 20.6306640625 42.809200579661464 974.6603414097445 0 0 0 0 0 0 63 21 8 0 0 0 
1673359514.4526114 20.6255859375 42.77366069253767 974.5707077715613 0 0 0 0 0 0 63 21 8 0 0 0 
1673359519.585002 20.6052734375 42.92766419466302 974.5829022315236 None None None None None None None None None None None None 
1673359524.7198431 20.6103515625 42.7321624385402 974.6472647585024 0 0 0 0 0 0 72 22 4 0 0 0 
1673359529.8502676 20.6052734375 42.84466572193689 974.6123387726061 0 0 0 0 0 0 72 22 4 0 0 0 
1673359534.9848888 20.6154296875 42.74397408201872 974.5976071395297 0 0 0 0 0 0 72 22 4 0 0 0 
1673359540.1190248 20.6052734375 43.02237024500272 974.6211666586963 0 0 0 0 0 0 72 22 4 0 0 0 
1673359545.2525613 20.6052734375 43.00460207039215 974.5786820568728 0 0 0 0 0 0 72 22 4 0 0 0 
1673359550.3860285 20.6306640625 42.86845174002635 974.6169998913516 0 0 0 0 0 0 72 24 4 0 0 0 
1673359555.5181212 20.6509765625 42.82115673406674 974.6429912730235 0 0 0 0 0 0 72 24 4 0 0 0 
1673359560.64523 20.6611328125 42.779708541939165 974.6350155278294 0 0 0 0 0 0 72 24 4 0 0 0 
1673359565.7772121 20.6763671875 42.844869836319866 974.619015345962 0 0 0 0 0 0 63 21 4 0 0 0 
1673359570.9093704 20.6560546875 42.88629750051828 974.6493086261409 0 0 0 0 0 0 63 21 4 0 0 0 
1673359576.0427551 20.6662109375 42.8863164887444 974.7048463653468 0 0 0 0 0 0 63 21 4 0 0 0 
1673359581.1746655 20.6458984375 42.84481429818502 974.7216759983312 0 0 0 0 0 0 69 23 4 0 0 0 
1673359586.3084605 20.6560546875 43.00478557962403 974.7145301282652 0 0 0 0 0 0 69 23 4 0 0 0 
1673359591.4410465 20.6662109375 42.93964767786733 974.7511418096688 0 0 0 0 0 0 69 23 4 0 0 0 
1673359596.5756376 20.6662109375 42.79157402238147 974.7225309556799 0 0 0 0 0 0 75 25 6 0 0 0 
1673359601.7089126 20.6662109375 42.8153056426073 974.7389468350233 0 0 0 0 0 0 63 16 0 0 0 0 
1673359606.8434734 20.6611328125 42.79746196907653 974.6442597445365 0 0 0 0 0 0 63 16 0 0 0 0 
1673359611.9771824 20.6509765625 42.83300405481308 974.7755308708998 0 0 0 0 0 0 63 16 0 0 0 0 
1673359617.1101334 20.6458984375 42.57826213128856 974.7523829635317 0 0 0 0 0 0 57 14 0 0 0 0 
1673359622.2429154 20.6560546875 42.738224336198826 974.6981145141123 0 0 0 0 0 0 57 14 0 0 0 0 
1673359627.3772418 20.6458984375 42.91593414739405 974.7014804395895 0 0 0 0 0 0 57 14 0 0 0 0 
1673359632.511428 20.6611328125 42.63157793654545 974.7031634024332 0 0 0 0 0 0 57 14 0 0 0 0 
1673359637.6456387 20.6712890625 42.72048698549226 974.7208479648984 0 0 0 0 0 0 57 14 0 0 0 0 
1673359642.7775824 20.6560546875 42.72641096183865 974.7128471513826 0 0 0 0 0 0 57 14 0 0 0 0 
1673359647.9072502 20.6712890625 42.76193706370973 974.742726850514 0 0 0 0 0 0 63 16 0 0 0 0 
1673359653.0389814 20.6662109375 42.66717073523779 974.8458025406725 0 0 0 0 0 0 63 16 0 0 0 0 
1673359658.1702878 20.6560546875 42.809291267036 974.7776272417831 0 0 0 0 0 0 63 16 0 0 0 0 
1673359663.3040152 20.6509765625 42.738189745599335 974.7498726589597 0 0 0 0 0 0 63 16 0 0 0 0 
1673359668.438238 20.6611328125 42.85673583760051 974.7940434998928 0 0 0 0 0 0 63 16 0 0 0 0 
1673359673.573018 20.6458984375 42.904010282039565 974.7645770283556 0 0 0 0 0 0 63 16 0 0 0 0 
1673359678.7049284 20.6357421875 42.8329672903313 974.753315386184 0 0 0 0 0 0 63 16 0 0 0 0 
1673359683.8399823 20.6458984375 42.72634236727007 974.7742613371066 0 0 0 0 0 0 78 24 2 0 0 0 
1673359688.9747849 20.6357421875 42.827043770967954 974.6450885854459 0 0 0 0 0 0 66 22 4 0 0 0 
1673359694.109223 20.6408203125 42.797372014960125 974.677170612023 0 0 0 0 0 0 66 22 4 0 0 0 
1673359699.2407756 20.6560546875 42.75001963541551 974.6670730898163 0 0 0 0 0 0 66 22 4 0 0 0 
1673359704.3717833 20.6357421875 42.8151603013385 974.6551861866964 0 0 0 0 0 0 87 29 6 2 0 0 
1673359709.498849 20.6458984375 42.8863164887444 974.6678211974099 0 0 0 0 0 0 87 29 6 2 0 0 
1673359714.632826 20.6560546875 43.00478557962403 974.6896997016431 0 0 0 0 0 0 87 29 6 2 0 0 
1673359719.7632344 20.6560546875 42.927742200570506 974.6867479137535 0 0 0 0 0 0 93 31 6 2 0 0 
1673359724.8976433 20.6509765625 42.80338567576127 974.7056742307301 0 0 0 0 0 0 93 31 6 2 0 0 
1673359730.0298562 20.6408203125 42.64337710663452 974.6434056521491 0 0 0 0 0 0 93 31 6 2 0 0 
1673359735.161216 20.6408203125 42.809273151132004 974.6732843269529 0 0 0 0 0 0 72 24 4 2 0 0 
1673359740.29308 20.6357421875 42.72040155499882 974.6506579955459 0 0 0 0 0 0 72 24 4 2 0 0 
1673359745.4237273 20.6357421875 42.868489384394465 974.7023083591687 0 0 0 0 0 0 72 24 4 2 0 0 
1673359750.5575747 20.6560546875 42.93370461908631 974.691382663997 0 0 0 0 0 0 60 20 4 2 0 0 
1673359755.689051 20.6509765625 42.70264748711969 974.6602349882662 0 0 0 0 0 0 60 20 4 2 0 0 
1673359760.8222592 20.6509765625 42.77374934190598 974.6951626577778 0 0 0 0 0 0 60 20 4 2 0 0 
1673359765.9550512 20.6509765625 42.93960848948259 974.6203657005118 0 0 0 0 0 0 66 20 4 0 0 0 
1673359771.091314 20.6408203125 42.78556099232075 974.6502438917356 0 0 0 0 0 0 66 20 4 0 0 0 
1673359776.2235641 20.6255859375 42.64334460375056 974.64265752868 0 0 0 0 0 0 66 20 2 0 0 0 
1673359781.3502815 20.6255859375 42.921741111668354 974.7263888323051 0 0 0 0 0 0 66 20 2 0 0 0 
1673359786.481355 20.6255859375 42.74998470836032 974.7785590467117 0 0 0 0 0 0 66 20 2 0 0 0 
1673359791.6155083 20.6306640625 42.72630800527155 974.709559745226 0 0 0 0 0 0 66 20 4 0 0 0 
1673359796.7499242 20.6408203125 42.86847056760305 974.7241865293197 0 0 0 0 0 0 66 20 4 0 0 0 
1673359801.8806841 20.6357421875 42.8625847327832 974.6787472660759 0 0 0 0 0 0 66 20 4 0 0 0 
1673359807.014143 20.6357421875 42.67301209121306 974.6569755701285 0 0 0 0 0 0 60 18 4 0 0 0 
1673359812.1464925 20.6306640625 42.78556099232075 974.5756734565647 0 0 0 0 0 0 60 18 4 0 0 0 
1673359817.2752113 20.6306640625 42.874393879068755 974.6216342710554 0 0 0 0 0 0 60 18 4 0 0 0 
1673359822.407195 20.6509765625 42.80333153184822 974.6501373857562 0 0 0 0 0 0 54 16 2 0 0 0 
1673359827.539037 20.6560546875 42.80334959060471 974.746920460927 0 0 0 0 0 0 54 16 2 0 0 0 
1673359832.6713676 20.6662109375 42.74418282912624 974.679187628427 0 0 0 0 0 0 54 16 2 0 0 0 
1673359837.805806 20.6763671875 42.66722002979095 974.6139895070679 0 0 0 0 0 0 54 16 2 0 0 0 
1673359842.9331665 20.6763671875 42.844925277386615 974.6627969261443 None None None None None None None None None None None None 
1673359848.0657926 20.6611328125 42.738276141205546 974.6568943670545 0 0 0 0 0 0 36 12 2 0 0 0 
1673359853.19891 20.6560546875 42.73228329433696 974.5891370109007 0 0 0 0 0 0 36 12 2 0 0 0 
1673359858.3337553 20.6560546875 42.856661264874795 974.6240642244173 0 0 0 0 0 0 36 12 4 0 0 0 
1673359863.4645877 20.6458984375 42.82110197875894 974.4932092839659 0 0 0 0 0 0 36 12 4 0 0 0 
1673359868.598801 20.6306640625 42.7322660615802 974.5424297823755 0 0 0 0 0 0 36 12 4 0 0 0 
1673359873.7297666 20.6357421875 42.90399104688441 974.5749273004632 0 0 0 0 0 0 30 10 2 0 0 0 
1673359878.8605924 20.6255859375 42.6018793492426 974.6927306651435 0 0 0 0 0 0 30 10 2 0 0 0 
1673359883.991255 20.6154296875 42.601847754377715 974.705338031717 0 0 0 0 0 0 30 10 2 0 0 0 
1673359889.1248035 20.6205078125 42.65515890892951 974.7347731313024 0 0 0 0 0 0 24 8 2 0 0 0 
1673359894.2608535 20.6052734375 42.80318667351935 974.609800585291 0 0 0 0 0 0 24 8 2 0 0 0 
1673359899.3963938 20.5951171875 42.892010655364174 974.6825744432352 0 0 0 0 0 0 24 8 2 0 0 0 
1673359904.528974 20.5900390625 42.71432406508222 974.7801768859802 0 0 0 0 0 0 24 8 2 0 0 0 
1673359909.662735 20.5900390625 42.67876889588611 974.8365326114204 0 0 0 0 0 0 24 8 2 0 0 0 
1673359914.7968116 20.5900390625 42.85641771173952 974.6985450525194 0 0 0 0 0 0 24 8 2 0 0 0 
1673359919.930568 20.5748046875 42.96892496287881 974.6665723925765 0 0 0 0 0 0 24 8 2 0 0 0 
1673359925.0643883 20.5748046875 42.891933848339995 974.5782125627056 0 0 0 0 0 0 30 10 2 0 0 0 
1673359930.197897 20.5646484375 42.974827104585096 974.586626264114 0 0 0 0 0 0 18 6 2 0 0 0 
1673359935.3316567 20.5951171875 42.92754686224896 974.5445851843426 0 0 0 0 0 0 18 6 2 0 0 0 
1673359940.4646244 20.5951171875 42.897875589355195 974.5777991524736 0 0 0 0 0 0 18 6 2 0 0 0 
1673359945.5982912 20.6052734375 42.77357177353029 974.6417739736476 0 0 0 0 0 0 24 8 2 0 0 0 
1673359950.7321205 20.6052734375 42.89799107804455 974.6952109510563 0 0 0 0 0 0 24 8 2 0 0 0 
1673359955.8667407 20.5951171875 42.785399812366606 974.6384083526312 0 0 0 0 0 0 24 8 2 0 0 0 
1673359961.0008502 20.6052734375 42.77947689001368 974.6661895759846 0 0 0 0 0 0 18 6 2 0 0 0 
1673359966.1344955 20.6052734375 42.969085468859134 974.6990199032806 0 0 0 0 0 0 18 6 2 0 0 0 
1673359971.267335 20.6154296875 42.79726371409926 974.7057513727271 0 0 0 0 0 0 18 6 2 0 0 0 
1673359976.4012616 20.6255859375 42.90989491480888 974.7061939286499 0 0 0 0 0 0 18 6 2 0 0 0 
1673359981.5349858 20.6458984375 42.963282112705045 974.7208206562192 0 0 0 0 0 0 18 6 2 0 0 0 
1673359986.6682825 20.6408203125 42.81519670136831 974.7157718470932 0 0 0 0 0 0 18 6 2 0 0 0 
1673359991.8029995 20.6458984375 42.59598711613374 974.7056742307301 0 0 0 0 0 0 24 6 2 0 0 0 
1673359996.9366856 20.6357421875 42.89216375172279 974.6602349882662 0 0 0 0 0 0 24 6 2 0 0 0 
1673360002.0706604 20.6560546875 42.76191951284742 974.6707727520611 0 0 0 0 0 0 24 6 2 0 0 0 
1673360007.2051187 20.6560546875 42.720469920965016 974.689285482375 0 0 0 0 0 0 126 30 6 2 0 0 
1673360012.34003 20.6865234375 42.809381684774216 974.716239028878 0 0 0 0 0 0 126 30 6 2 0 0 
1673360017.474057 20.6916015625 42.62576637908637 974.6434536292845 0 0 0 0 0 0 120 28 4 0 0 0 
1673360022.6053338 20.6966796875 42.7442527312595 974.6905788269473 0 0 0 0 0 0 120 28 4 0 0 0 
1673360027.7395103 20.6865234375 42.43025489687219 974.6619670932522 0 0 0 0 0 0 120 28 4 0 0 0 
1673360032.8733299 20.6814453125 42.48948706003401 974.6594308953532 0 0 0 0 0 0 87 26 2 0 0 0 
1673360038.006659 20.6712890625 42.554626620696325 974.6514306662363 0 0 0 0 0 0 87 26 2 0 0 0 
1673360043.1404624 20.6611328125 42.738293387969776 974.6783586980189 0 0 0 0 0 0 87 26 2 0 0 0 
1673360048.2743936 20.6712890625 42.52497516979217 974.7305318105722 0 0 0 0 0 0 87 26 2 0 0 0 
1673360053.4081943 20.6509765625 42.696740566491506 974.6905541427986 0 0 0 0 0 0 87 26 2 0 0 0 
1673360058.5420191 20.6458984375 42.75596073591083 974.7090401025712 0 0 0 0 0 0 87 26 2 0 0 0 
1673360063.6764953 20.6408203125 42.86850819040062 974.7183100711746 0 0 0 0 0 0 81 24 0 0 0 0 
1673360068.810969 20.6458984375 42.77374934190598 974.7132611809643 0 0 0 0 0 0 81 24 0 0 0 0 
1673360073.9453127 20.6458984375 42.6434419829709 974.6753813967537 0 0 0 0 0 0 81 24 0 0 0 0 
1673360079.0792332 20.6611328125 42.77373163360345 974.6413083262477 0 0 0 0 0 0 96 26 4 0 0 0 
1673360084.2128432 20.6509765625 42.65525723285153 974.6173323866166 None None None None None None None None None None None None 
1673360089.3458755 20.6509765625 42.70264748711969 974.5828201000597 0 0 0 0 0 0 57 19 6 2 0 0 
1673360094.4818459 20.6662109375 42.63755023598991 974.6463816622713 0 0 0 0 0 0 57 19 6 2 0 0 
1673360099.615218 20.6560546875 42.536793706446915 974.6568943670545 0 0 0 0 0 0 51 17 8 2 0 0 
1673360104.7486346 20.6509765625 42.70264748711969 974.666966724672 0 0 0 0 0 0 51 17 8 2 0 0 
1673360109.8815544 20.6458984375 42.80334959060471 974.7313599009381 0 0 0 0 0 0 51 17 8 2 0 0 
1673360115.0147765 20.6458984375 42.631545770136086 974.717974287891 0 0 0 0 0 0 57 19 8 2 0 0 
1673360120.1486337 20.6255859375 42.87437498356173 974.7541416115973 0 0 0 0 0 0 57 19 8 2 0 0 
1673360125.2815106 20.6306640625 42.72036730730139 974.765095759138 0 0 0 0 0 0 57 19 8 2 0 0 
1673360130.4152944 20.6255859375 42.714409641251315 974.7554114504259 0 0 0 0 0 0 57 19 8 2 0 0 
1673360135.549788 20.6306640625 42.82108370541884 974.7230230143296 0 0 0 0 0 0 57 19 8 2 0 0 
1673360140.684269 20.6408203125 42.678902513627165 974.7297546505605 0 0 0 0 0 0 57 19 8 2 0 0 
1673360145.8185105 20.6357421875 42.909933531762185 974.7032416864 0 0 0 0 0 0 69 23 8 2 0 0 
1673360150.9520946 20.6357421875 42.73223156370962 974.7045110204666 0 0 0 0 0 0 69 23 8 2 0 0 
1673360156.0851865 20.6509765625 42.64933340475857 974.6837960705842 0 0 0 0 0 0 69 23 8 2 0 0 
1673360161.2189302 20.6408203125 42.8151603013385 974.7007315069673 0 0 0 0 0 0 69 23 8 2 0 0 
1673360166.350289 20.6458984375 42.667071854912535 974.6955766168858 0 0 1 0 0 1 93 27 2 2 2 0 
1673360171.4835196 20.6458984375 42.89220191796042 974.688951057781 0 0 1 0 0 1 93 29 2 2 2 0 
1673360176.6173396 20.6306640625 42.720350167274084 974.705338031717 0 0 1 0 0 1 93 29 2 2 2 0 
1673360181.7502227 20.6154296875 42.7973179130644 974.7002893888805 0 0 1 0 0 1 93 29 2 2 2 0 
1673360186.88396 20.6205078125 42.690699215600034 974.7007027705373 0 0 1 0 0 1 99 31 2 2 2 0 
1673360192.0171323 20.6205078125 42.820992176937075 974.6842875085235 0 0 1 0 0 1 99 31 2 2 2 0 
1673360197.151011 20.6103515625 42.7973179130644 974.7179445833801 0 0 1 0 0 1 99 31 2 2 2 0 
1673360202.282271 20.6052734375 42.60772358013728 974.6985766039271 0 0 1 0 0 1 57 17 2 2 2 0 
1673360207.4150326 20.6001953125 42.844628470021405 974.6838442599606 0 0 1 0 0 1 57 17 2 2 2 0 
1673360212.5492315 20.5951171875 42.714358327907085 974.6787958232946 0 0 1 0 0 1 57 17 2 2 2 0 
1673360217.682916 20.5951171875 42.88608791820652 974.6825744432352 0 0 1 0 0 1 63 19 4 2 2 0 
1673360222.8172145 20.5900390625 42.86234029654836 974.7423301167111 0 0 1 0 0 1 63 19 4 2 2 0 
1673360227.951723 20.5900390625 42.80905491901859 974.7309630325384 0 0 1 0 0 1 63 19 4 2 2 0 
1673360233.0857737 20.6001953125 42.96902536000378 974.8054189353348 0 0 0 0 0 0 51 17 2 0 0 0 
1673360238.2200325 20.5951171875 42.72615284238574 974.8710483373198 0 0 0 0 0 0 51 17 2 0 0 0 
1673360243.3502657 20.5900390625 42.92158512559373 974.8933360205358 0 0 0 0 0 0 51 17 2 0 0 0 
1673360248.4828691 20.5900390625 42.720229885082645 974.8912420208751 0 0 0 0 0 0 69 21 2 2 0 0 
1673360253.6172483 20.5849609375 42.80905491901859 974.9025719107635 0 0 0 0 0 0 69 21 2 2 0 0 
1673360258.7495706 20.5951171875 42.891972273422496 974.9009276322068 0 0 0 0 0 0 69 21 0 0 0 0 
1673360263.8836565 20.6001953125 42.951237461066306 974.7094992315222 0 0 0 0 0 0 69 21 0 0 0 0 
1673360269.0158312 20.6001953125 42.77947689001368 974.8285663787766 0 0 0 0 0 0 69 21 0 0 0 0 
1673360274.1480432 20.5951171875 42.74390415450867 974.7931921933992 0 0 0 0 0 0 42 14 0 0 0 0 
1673360279.2825363 20.5849609375 42.82091876001414 974.7961459601283 0 0 0 0 0 0 42 14 0 0 0 0 
1673360284.4169168 20.5900390625 42.844628470021405 974.7932272089954 0 0 0 0 0 0 42 14 0 0 0 0 
1673360289.5518343 20.5849609375 42.82091876001414 974.7860493036012 0 0 0 0 0 0 48 16 0 0 0 0 
1673360294.683305 20.5900390625 42.70247796316072 974.8205641725029 0 0 0 0 0 0 48 16 0 0 0 0 
1673360299.8129795 20.5849609375 42.785345891575744 974.8516776160428 0 0 0 0 0 0 48 16 0 0 0 0 
1673360304.9464183 20.5646484375 42.9748472842911 974.8655510502609 0 0 0 0 0 0 48 16 0 0 0 0 
1673360310.0797448 20.5646484375 42.82084517052448 974.8554544578179 0 0 0 0 0 0 48 16 0 0 0 0 
1673360315.2138696 20.5494140625 42.73796385509982 974.764997145488 0 0 0 0 0 0 48 16 0 0 0 0 
1673360320.3444166 20.5646484375 42.8090001183175 974.7498524174798 0 0 0 0 0 0 48 16 0 0 0 0 
1673360325.4756052 20.5544921875 42.77936935896434 974.6152328619833 0 0 0 0 0 0 48 16 0 0 0 0 
1673360330.6099155 20.5595703125 42.93927364642539 974.7136563186292 0 0 0 0 0 0 75 23 2 0 0 0 
1673360335.741379 20.5595703125 42.99849555346243 974.7182924084943 0 0 0 0 0 0 75 23 2 0 0 0 
1673360340.8752313 20.5646484375 42.90374000841712 974.6959706009574 0 0 0 0 0 0 75 23 2 0 0 0 
1673360346.0090318 20.5595703125 42.986630917225355 974.7048305518204 0 0 0 0 0 0 63 19 2 0 0 0 
1673360351.1421878 20.5544921875 42.962922391054654 974.6934637003982 0 0 0 0 0 0 63 19 2 0 0 0 
1673360356.2745383 20.5544921875 42.897798381191905 974.7443570181869 0 0 0 0 0 0 63 19 2 0 0 0 
1673360361.406757 20.5595703125 42.880069814312655 974.7607724670053 0 0 0 0 0 0 63 19 2 0 0 0 
1673360366.5387697 20.5595703125 42.838594043547886 974.8394493200128 0 0 0 0 0 0 63 19 2 0 0 0 
1673360371.6703017 20.5748046875 42.90970118293341 974.8663731273721 0 0 0 0 0 0 63 19 2 0 0 0 
1673360376.8051708 20.5697265625 43.00441768758649 974.8104313635091 0 0 0 0 0 0 63 19 2 0 0 0 
1673360381.9351854 20.5697265625 42.791250536738154 974.7755053493021 0 0 0 0 0 0 63 19 2 0 0 0 
1673360387.063676 20.5697265625 43.105179068265606 974.7999232443954 0 0 0 0 0 0 63 19 2 0 0 0 
1673360392.1968834 20.5798828125 42.844572511258065 974.783507376304 0 0 0 0 0 0 63 19 2 0 0 0 
1673360397.329932 20.5646484375 42.9097400155897 974.7725870988154 0 0 0 0 0 0 63 19 2 0 0 0 
1673360402.4641767 20.5849609375 43.01044269378753 974.795734091778 0 0 0 0 0 0 63 19 2 0 0 0 
1673360407.596437 20.5849609375 42.96896515408371 974.8592686932312 0 0 0 0 0 0 69 21 4 0 0 0 
1673360412.7296848 20.6103515625 42.903913998412094 974.809231120325 0 0 0 0 0 0 51 15 8 0 0 0 
1673360417.8621356 20.6255859375 43.01642695073352 974.8252351416714 0 0 0 0 0 0 57 17 10 0 0 0 
1673360422.9966202 20.6205078125 42.93358726736765 974.9295733691959 0 0 0 0 0 0 57 17 10 0 0 0 
1673360428.1288931 20.6306640625 42.785507362739104 974.8816288995574 0 0 0 0 0 0 57 17 10 0 0 0 
1673360433.2615657 20.6255859375 42.93360685295012 974.8143128777135 0 0 0 0 0 0 63 19 10 0 0 0 
1673360438.3907127 20.6306640625 42.67888584916001 974.9182409195087 0 0 0 0 0 0 63 19 10 0 0 0 
1673360443.5252798 20.6255859375 42.779584032783404 974.926655505551 0 0 0 0 0 0 63 19 10 0 0 0 
1673360448.6584575 20.6255859375 42.619666219418846 974.7432179263805 0 0 0 0 0 0 84 23 10 0 0 0 
1673360453.788906 20.6255859375 42.76179635481457 974.9443078462247 0 0 0 0 0 0 84 23 10 0 0 0 
1673360458.9226499 20.6205078125 42.84474009634373 975.0040697792086 0 0 0 0 0 0 84 23 10 0 0 0 
1673360464.0511444 20.6205078125 42.74998470836032 974.9098263352154 0 0 0 0 0 0 84 25 10 0 0 0 
1673360469.1845386 20.6306640625 42.77369618464168 974.8795338462419 0 0 0 0 0 0 84 25 10 0 0 0 
1673360474.3154895 20.6458984375 42.732248818037746 974.8571387406472 0 0 0 0 0 0 84 25 10 0 0 0 
1673360479.4449995 20.6458984375 42.84477721883506 974.8808045141002 0 0 0 0 0 0 84 25 10 0 0 0 
1673360484.5778966 20.6408203125 42.74409603991368 974.8823828807315 0 0 0 0 0 0 84 25 10 0 0 0 
1673360489.711888 20.6255859375 42.809200579661464 974.851336675875 0 0 0 0 0 0 84 25 10 0 0 0 
1673360494.8387384 20.6205078125 42.87435607726944 974.8298714210009 0 0 0 0 0 0 18 6 0 0 0 0 
1673360499.9718747 20.6306640625 42.85658651958414 974.91655800251 0 0 0 0 0 0 18 6 0 0 0 0 
1673360505.1002703 20.6357421875 42.72630800527155 974.8126299786014 0 0 0 0 0 0 24 8 0 0 0 0 
1673360510.2314775 20.6255859375 42.79733595781513 974.8248227626332 0 0 0 0 0 0 24 8 0 0 0 0 
1673360515.3636916 20.6154296875 42.9394316078909 974.8601282708 0 0 0 0 0 0 24 8 0 0 0 0 
1673360520.4982874 20.6306640625 42.61375843975039 974.9195119006046 0 0 0 0 0 0 18 6 0 0 0 0 
1673360525.6317165 20.6255859375 42.83287519038265 974.8934092148888 0 0 0 0 0 0 18 6 0 0 0 0 
1673360530.7642767 20.6255859375 42.74400898105982 974.8996932711635 0 0 0 0 0 0 18 6 0 0 0 0 
1673360535.9000318 20.6103515625 42.667022269140446 974.8980104092005 0 0 0 0 0 0 18 6 2 0 0 0 
1673360541.034829 20.6255859375 42.57226100160706 974.8971869260719 0 0 0 0 0 0 18 6 2 0 0 0 
1673360546.1675484 20.6408203125 42.874393879068755 974.9614812882696 0 0 0 0 0 0 18 6 2 0 0 0 
1673360551.3019342 20.6357421875 42.84475866298207 974.9064605019878 0 0 0 0 0 0 18 6 2 0 0 0 
1673360556.43696 20.6357421875 42.9040487199944 974.9237014700543 0 0 0 0 0 0 18 6 2 0 0 0 
1673360561.5678303 20.6357421875 42.69074964898548 974.869848587654 0 0 0 0 0 0 18 6 2 0 0 0 
1673360566.698856 20.6357421875 42.80331346230627 974.8845825928299 0 0 0 0 0 0 18 6 2 0 0 0 
1673360571.833515 20.6357421875 42.80338567576127 974.9185832240775 0 0 0 0 0 0 18 6 2 0 0 0 
1673360576.9652214 20.6408203125 42.84479576390272 974.8701897300581 0 0 0 0 0 0 39 11 2 0 0 0 
1673360582.0963664 20.6458984375 42.76184920154224 974.9227735376105 0 0 0 0 0 0 39 11 2 0 0 0 
1673360587.2279022 20.6408203125 42.66705533710773 974.8841703723269 0 0 0 0 0 0 39 11 2 0 0 0 
1673360592.359627 20.6255859375 42.79143068240476 974.9140158198298 0 0 0 0 0 0 39 11 2 0 0 0 
1673360597.4933114 20.6255859375 42.79733595781513 974.9203356628054 0 0 0 0 0 0 39 11 2 0 0 0 
1673360602.6270044 20.6205078125 42.57226100160706 974.9287501814523 0 0 0 0 0 0 39 11 2 0 0 0 
1673360607.7604566 20.6154296875 42.86835744036376 974.8862303774182 0 0 0 0 0 0 45 13 2 0 0 0 
1673360612.8937225 20.6205078125 42.90393327670792 974.8883248971465 0 0 0 0 0 0 45 13 2 0 0 0 
1673360618.0289598 20.6052734375 42.880222255205915 974.8605399399238 0 0 0 0 0 0 45 13 2 0 0 0 
1673360623.1604943 20.6154296875 42.89801028841129 974.8992815980168 0 0 0 0 0 0 45 13 2 0 0 0 
1673360628.290042 20.5951171875 42.90393327670792 974.9358558365848 0 0 0 0 0 0 45 13 2 0 0 0 
1673360633.4217262 20.6103515625 42.66695600377523 974.9543670408789 0 0 0 0 0 0 45 13 2 0 0 0 
1673360638.5522869 20.6052734375 42.74991472482233 974.9968884974144 0 0 0 0 0 0 45 13 0 0 0 0 
1673360643.6866179 20.6154296875 42.61961823183445 974.9699624326946 0 0 0 0 0 0 45 13 0 0 0 0 
1673360648.8175097 20.6052734375 42.97500833368091 974.9371275173855 0 0 0 0 0 0 45 13 0 0 0 0 
1673360653.951175 20.6205078125 42.7973179130644 974.9884741002654 0 0 0 0 0 0 18 6 0 0 0 0 
1673360659.0840375 20.6306640625 42.85658651958414 975.0070243891328 0 0 0 0 0 0 57 14 2 0 0 0 
1673360664.2135372 20.6509765625 42.750037082764656 974.9741213327156 0 0 0 0 0 0 36 12 2 0 0 0 
1673360669.3446562 20.6458984375 42.809236886967646 974.9194076479981 0 0 0 0 0 0 36 12 2 0 0 0 
1673360674.4784806 20.6509765625 42.99884194399892 974.9346582793115 0 0 0 0 0 0 36 12 2 0 0 0 
1673360679.609694 20.6458984375 42.75596073591083 974.9042611482051 0 0 0 0 0 0 36 12 2 0 0 0 
1673360684.7446697 20.6560546875 42.71451197672474 974.9354129459214 0 0 0 0 0 0 36 12 2 0 0 0 
1673360689.878241 20.6560546875 42.83300405481308 974.9522426747623 0 0 0 0 0 0 36 12 2 0 0 0 
1673360695.0121646 20.6560546875 42.82708039958564 974.9715789684416 0 0 0 0 0 0 48 16 2 0 0 0 
1673360700.143312 20.6458984375 42.690766438542326 974.9481217318088 0 0 0 0 0 0 48 16 2 0 0 0 
1673360705.2776408 20.6357421875 42.8329672903313 974.9497006645856 0 0 0 0 0 0 48 16 2 0 0 0 
1673360710.4088223 20.6306640625 42.909933531762185 974.8950921173589 0 0 0 0 0 0 60 20 2 0 0 0 
1673360715.541668 20.6306640625 42.89216375172279 974.9148750855815 0 0 0 0 0 0 60 20 2 0 0 0 
1673360720.6725883 20.6255859375 42.904010282039565 974.9333871756443 0 0 0 0 0 0 60 20 2 0 0 0 
1673360725.8058443 20.6357421875 42.832985677964885 974.9564324491282 0 0 0 0 0 0 60 20 4 0 0 0 
1673360730.9383793 20.6408203125 42.70261366861413 974.9463347727343 0 0 0 0 0 0 60 20 4 0 0 0 
1673360736.067754 20.6509765625 42.79740802896315 975.0317538530776 0 0 0 0 0 0 60 20 4 0 0 0 
1673360741.2007754 20.6408203125 42.66118105065351 974.9968231798912 0 0 0 0 0 0 96 26 8 0 0 0 
1673360746.332067 20.6408203125 42.72040155499882 975.0166071891523 0 0 0 0 0 0 96 26 8 0 0 0 
1673360751.4594116 20.6357421875 42.80921873870728 975.0406830889413 0 0 0 0 0 0 84 22 8 0 0 0 
1673360756.5863366 20.6560546875 42.71452899488687 975.0670960909425 0 0 0 0 0 0 84 22 8 0 0 0 
1673360761.7137725 20.6458984375 42.84483282168198 975.070050972559 0 0 0 0 0 0 84 22 8 0 0 0 
1673360766.8409028 20.6560546875 42.73820704629191 975.0767828856456 0 0 0 0 0 0 84 22 4 0 0 0 
1673360771.9673698 20.6408203125 42.66708836193146 975.0511915834825 0 0 0 0 0 0 84 22 4 0 0 0 
1673360777.1013792 20.6408203125 42.690799985298575 975.0422628001713 0 0 0 0 0 0 84 22 4 0 0 0 
1673360782.2328348 20.6509765625 42.927742200570506 975.0170185603855 0 0 0 0 0 0 63 18 4 0 0 0 
1673360787.3661926 20.6509765625 42.83889079940365 975.0506775502649 0 0 0 0 0 0 63 18 4 0 0 0 
1673360792.498122 20.6509765625 42.850756378103696 975.0372139509547 0 0 0 0 0 0 63 18 4 0 0 0 
1673360797.6310842 20.6306640625 42.90397180094408 975.0427769715535 0 0 0 0 0 0 51 14 4 0 0 0 
1673360802.762858 20.6458984375 42.933665544987065 975.0287992036599 0 0 0 0 0 0 51 14 4 0 0 0 
1673360807.8900735 20.6458984375 42.827025440481016 975.0898988208842 0 0 0 0 0 0 51 14 4 0 0 0 
1673360813.0232632 20.6357421875 42.84477721883506 975.0936751000337 0 0 0 0 0 0 51 14 4 0 0 0 
1673360818.1547132 20.6306640625 42.77366069253767 975.0587445949499 None None None None None None None None None None None None 
1673360823.2875834 20.6357421875 42.84475866298207 975.1016792917871 0 0 1 0 0 1 69 23 6 2 0 0 
1673360828.419445 20.6357421875 42.667038808517034 975.0861223780755 0 0 1 0 0 1 69 23 6 2 0 0 
1673360833.5466523 20.6306640625 42.661131733412596 975.0751630858994 0 0 1 0 0 1 69 23 6 2 0 0 
1673360838.6784465 20.6357421875 42.77961966075563 975.0495086609568 0 0 1 0 0 1 69 23 6 2 0 0 
1673360843.8113718 20.6154296875 42.803259188967566 975.0082577541637 0 0 1 0 0 1 69 23 6 2 0 0 
1673360848.938481 20.6255859375 42.690716037514335 975.0339118656474 0 0 1 0 0 1 81 27 6 2 0 0 
1673360854.0704484 20.6103515625 42.90393327670792 975.069662689789 0 0 1 0 0 1 81 27 6 2 0 0 
1673360859.2032328 20.5951171875 42.85649284530134 975.0772143384096 0 0 1 0 0 1 81 27 6 2 0 0 
1673360864.3302689 20.6052734375 42.83281980098888 975.1192854164119 0 0 1 0 0 1 81 27 6 2 0 0 
1673360869.4646096 20.6103515625 43.08161814095638 975.0730284280567 0 0 1 0 0 1 81 27 6 2 0 0 
1673360874.5956688 20.6103515625 42.82101050420426 975.0545168710476 0 0 1 0 0 1 81 27 6 2 0 0 
1673360879.7289202 20.6255859375 42.99872004441647 975.1193288870073 0 0 1 0 0 1 81 27 6 2 0 0 
1673360884.8604712 20.6255859375 42.78545363608772 975.1508941063331 0 0 1 0 0 1 81 27 6 2 0 0 
1673360889.9931548 20.6255859375 42.809200579661464 975.1374308034573 0 0 1 0 0 1 81 27 6 2 0 0 
1673360895.1251397 20.6255859375 42.815142085145446 975.1226946836691 0 0 1 0 0 1 75 25 6 2 0 0 
1673360900.2592213 20.6306640625 42.91585677119429 975.1454353565848 0 0 0 0 0 0 51 17 2 0 0 0 
1673360905.3891013 20.6357421875 42.77369618464168 975.1588987706529 0 0 0 0 0 0 63 21 2 0 0 0 
1673360910.52086 20.6357421875 42.82101050420426 975.1294262778321 0 0 0 0 0 0 63 21 2 0 0 0 
1673360915.652076 20.6357421875 42.80921873870728 975.1542599327519 0 0 0 0 0 0 63 21 2 0 0 0 
1673360920.7803953 20.6255859375 42.64334460375056 975.1197388949643 0 0 0 0 0 0 69 23 2 0 0 0 
1673360925.908915 20.6205078125 43.063892263488675 975.1071383883574 0 0 0 0 0 0 69 23 2 0 0 0 
1673360931.0416596 20.6205078125 42.82101050420426 975.142479541511 0 0 0 0 0 0 69 23 2 0 0 0 
1673360936.1738522 20.6001953125 42.80912783562366 975.1289728706212 0 0 0 0 0 0 90 30 4 0 0 0 
1673360941.3070853 20.6052734375 42.85651160172852 975.091539993531 0 0 0 0 0 0 90 30 4 0 0 0 
1673360946.440785 20.6103515625 42.89797185689262 975.1340214448261 0 0 0 0 0 0 90 30 4 0 0 0 
1673360951.5741382 20.6103515625 42.832856738036774 975.1369775083116 0 0 0 0 0 0 96 32 4 0 0 0 
1673360956.7075193 20.6154296875 42.957219818699926 975.107505510164 0 0 0 0 0 0 96 32 4 0 0 0 
1673360961.8414638 20.6154296875 42.96904540707387 975.1453918684974 0 0 0 0 0 0 96 32 4 0 0 0 
1673360966.9747965 20.6052734375 42.83874276660744 975.1264263213388 0 0 0 0 0 0 96 32 4 0 0 0 
1673360972.1072295 20.6052734375 42.7913947395555 975.1083686967625 0 0 0 0 0 0 96 32 4 0 0 0 
1673360977.2405152 20.6052734375 42.85056997848101 975.0536545538266 None None None None None None None None None None None None 
1673360982.372892 20.6103515625 42.903913998412094 975.066707173863 0 0 0 0 0 0 84 26 2 2 0 0 
1673360987.507691 20.6154296875 42.72625638138097 975.0561997395167 0 0 0 0 0 0 84 26 2 2 0 0 
1673360992.6411026 20.6154296875 42.738085714944795 975.080170019101 0 0 0 0 0 0 90 28 2 2 0 0 
1673360997.773531 20.6103515625 42.892048994165044 975.0561997395167 0 0 0 0 0 0 90 28 2 2 0 0 
1673361002.9069684 20.6103515625 42.76174341101652 975.0717557403027 0 0 0 0 0 0 90 28 2 2 0 0 
1673361008.040873 20.6154296875 42.95129699093639 975.0949057336178 0 0 0 0 0 0 90 28 2 2 0 0 
1673361013.1742387 20.6154296875 42.86245333976327 975.0999543442724 0 0 0 0 0 0 90 28 2 2 0 0 
1673361018.3075674 20.6103515625 42.85651160172852 975.0885842996485 0 0 0 0 0 0 90 28 2 2 0 0 
1673361023.4414716 20.6103515625 42.80916422921347 975.0788971806902 0 0 0 0 0 0 90 30 2 2 0 0 
1673361028.5749338 20.6103515625 43.03417406559032 975.0923599214534 0 0 0 0 0 0 90 30 2 2 0 0 
1673361033.708173 20.5951171875 42.85055127919944 975.0595231089152 0 0 0 0 0 0 90 30 2 2 0 0 
1673361038.8406591 20.5849609375 42.96896515408371 975.049836156102 0 0 0 0 0 0 78 26 0 0 0 0 
1673361043.9746017 20.5849609375 42.90975941574012 975.070029766052 0 0 0 0 0 0 78 26 0 0 0 0 
1673361049.1079023 20.5697265625 42.98673249501292 975.104959122623 0 0 0 0 0 0 78 26 0 0 0 0 
1673361054.2407901 20.5849609375 43.170300529858075 975.0637082757014 0 0 0 0 0 0 78 26 0 0 0 0 
1673361059.374116 20.6001953125 42.93941190045542 975.0553373951278 0 0 0 0 0 0 36 12 6 0 0 0 
1673361064.50947 20.6103515625 42.92754686224896 975.0334604636689 0 0 0 0 0 0 36 12 6 0 0 0 
1673361069.6422932 20.6103515625 43.04601915103267 975.0372363911489 0 0 0 0 0 0 36 12 6 0 0 0 
1673361074.7757342 20.6001953125 42.892029830157206 975.0259081177744 0 0 0 0 0 0 42 12 6 0 0 0 
1673361079.9095135 20.6154296875 42.832856738036774 975.0250866940961 0 0 0 0 0 0 42 12 6 0 0 0 
1673361085.0434418 20.6103515625 42.96314263617412 975.0368669562117 0 0 0 0 0 0 42 12 6 0 0 0 
1673361090.176796 20.6154296875 42.844702930711 975.0309567198238 0 0 0 0 0 0 36 10 4 0 0 0 
1673361095.3103387 20.6154296875 42.89801028841129 975.0036200163927 0 0 0 0 0 0 36 10 4 0 0 0 
1673361100.443697 20.6255859375 42.963182540536465 975.0179441866427 0 0 0 0 0 0 36 10 4 0 0 0 
1673361105.5771701 20.6205078125 43.07571669869872 974.9447192632855 0 0 0 0 0 0 36 10 2 0 0 0 
1673361110.7099106 20.6357421875 42.80925502444255 974.9872405766896 0 0 0 0 0 0 36 10 2 0 0 0 
1673361115.8432336 20.6357421875 42.874393879068755 974.9737772197118 0 0 0 0 0 0 36 10 2 0 0 0 
1673361120.9774725 20.6408203125 42.750002177280734 974.9889234966266 0 0 0 0 0 0 42 12 2 0 0 0 
1673361126.1089087 20.6306640625 42.80921873870728 974.9750486502365 0 0 0 0 0 0 42 12 2 0 0 0 
1673361131.2421458 20.6357421875 42.92770321918695 974.9716827844536 0 0 0 0 0 0 42 12 2 0 0 0 
1673361136.3754997 20.6205078125 42.79146658211198 974.9472621286325 None None None None None None None None None None None None 
1673361141.5083501 20.6205078125 42.98101172577343 974.9468505191892 0 0 0 0 0 0 63 19 2 0 0 0 
1673361146.6427903 20.6255859375 42.92176056139467 974.9581822850114 0 0 0 0 0 0 63 19 2 0 0 0 
1673361151.7761238 20.6255859375 43.0579483943653 975.0250866940961 0 0 0 0 0 0 63 19 2 0 0 0 
1673361156.910061 20.6255859375 42.939529983292424 975.0217209055501 0 0 0 0 0 0 75 21 4 0 0 0 
1673361162.0393558 20.6357421875 42.8565678062982 975.0360452832697 0 0 0 0 0 0 75 21 4 0 0 0 
1673361167.1725867 20.6255859375 42.91585677119429 975.0831671247643 0 0 0 0 0 0 75 21 4 0 0 0 
1673361172.306403 20.6306640625 42.826988747150935 975.0806222455114 0 0 0 0 0 0 75 21 4 0 0 0 
1673361177.4403334 20.6255859375 43.052046560551254 975.1576257594503 0 0 0 0 0 0 75 21 4 0 0 0 
1673361182.5702832 20.6306640625 42.98097147856314 975.1768990115663 0 0 0 0 0 0 75 21 4 0 0 0 
1673361187.7036557 20.6205078125 42.9394316078909 975.1891465696566 0 0 0 0 0 0 69 19 2 0 0 0 
1673361192.8368955 20.6205078125 42.85654908222695 975.2619188680305 0 0 0 0 0 0 69 19 2 0 0 0 
1673361197.970836 20.6154296875 42.8091824098302 975.2446814507717 0 0 0 0 0 0 69 19 2 0 0 0 
1673361203.1044 20.6205078125 42.945393906676316 975.2792045374939 0 0 0 0 0 0 63 17 2 0 0 0 
1673361208.2376695 20.6255859375 42.85658651958414 975.2905761378852 0 0 0 0 0 0 63 17 2 0 0 0 
1673361213.3710217 20.6205078125 42.85064466775402 975.3111797433594 0 0 0 0 0 0 63 17 2 0 0 0 
1673361218.503715 20.6205078125 42.83289363194314 975.3406055157793 0 0 0 0 0 0 42 12 0 0 0 0 
1673361223.637638 20.6255859375 42.98099160756075 975.3498866053036 0 0 0 0 0 0 42 12 0 0 0 0 
1673361228.770427 20.6103515625 42.90393327670792 975.3742631363172 0 0 0 0 0 0 48 14 0 0 0 0 
1673361233.9037392 20.6255859375 42.915779222432455 975.4226592764385 0 0 0 0 0 0 48 14 0 0 0 0 
1673361239.0372903 20.6255859375 42.92766419466302 975.3734473219984 0 0 0 0 0 0 48 14 0 0 0 0 
1673361244.1706853 20.6154296875 43.03423641597232 975.2859361576825 0 0 0 0 0 0 54 14 0 0 0 0 
1673361249.304599 20.6154296875 42.96314263617412 975.2497300801053 0 0 0 0 0 0 54 14 0 0 0 0 
1673361254.4380066 20.6255859375 42.969065443358986 975.2240778815575 0 0 0 0 0 0 54 14 0 0 0 0 
1673361259.571368 20.6103515625 42.72029868247781 975.1626300438799 0 0 0 0 0 0 48 12 0 0 0 0 
1673361264.7037787 20.6154296875 42.92762512699871 975.2169371038148 0 0 0 0 0 0 48 12 0 0 0 0 
1673361269.8370926 20.6052734375 42.903913998412094 975.2489122604973 0 0 0 0 0 0 48 12 0 0 0 0 
1673361274.9700909 20.6052734375 43.03419485983576 975.1874636956605 0 0 0 0 0 0 48 12 0 0 0 0 
1673361280.1043668 20.6103515625 42.974968136043174 975.1693614818896 0 0 0 0 0 0 48 12 0 0 0 0 
1673361285.2384706 20.6052734375 43.02234959739003 975.17904932673 0 0 0 0 0 0 48 12 0 0 0 0 
1673361290.371635 20.6205078125 42.8565678062982 975.1441185951246 0 0 0 0 0 0 54 14 0 0 0 0 
1673361295.505588 20.6154296875 42.9038947093311 975.1845072215042 None None None None None None None None None None None None 
1673361300.6397493 20.6052734375 43.046081908955756 975.1946043843952 0 0 0 0 0 0 42 12 2 0 0 0 
1673361305.7766447 20.6052734375 42.91575980827917 975.2387675163511 0 0 0 0 0 0 42 12 2 0 0 0 
1673361310.9085143 20.6052734375 42.96904540707387 975.2808387622498 0 0 0 0 0 0 48 14 2 0 0 0 
1673361316.0402422 20.6052734375 42.90977880510539 975.2862955559208 0 0 0 0 0 0 48 14 2 0 0 0 
1673361321.176107 20.6052734375 42.963122667815476 975.2753817781893 0 0 0 0 0 0 48 14 2 0 0 0 
1673361326.3076816 20.6001953125 43.01642695073352 975.306947923225 0 0 0 0 0 0 42 12 2 0 0 0 
1673361331.4397476 20.6154296875 42.892029830157206 975.3540685606365 0 0 0 0 0 0 42 12 2 0 0 0 
1673361336.5714376 20.6103515625 43.069751591233526 975.3507027990024 0 0 0 0 0 0 42 12 2 0 0 0 
1673361341.6997223 20.5951171875 43.02237024500272 975.277064642274 0 0 0 0 0 0 48 14 4 0 0 0 
1673361346.8357735 20.6052734375 43.02237024500272 975.2993501242967 0 0 0 0 0 0 48 14 4 0 0 0 
1673361351.968273 20.6103515625 43.15266736257995 975.2236218785308 0 0 0 0 0 0 48 14 4 0 0 0 
1673361357.1002693 20.5951171875 43.182212172522476 975.1167388382052 0 0 0 0 0 0 42 12 2 0 0 0 
1673361362.2324479 20.5951171875 42.88604967212379 975.1516687900889 0 0 0 0 0 0 42 12 2 0 0 0 
1673361367.362865 20.6052734375 43.158567630698734 975.1268802783973 0 0 0 0 0 0 42 12 2 0 0 0 
1673361372.4966888 20.6052734375 42.96902536000378 975.1546251557228 0 0 0 0 0 0 48 14 2 0 0 0 
1673361377.628977 20.5951171875 42.97500833368091 975.2118419419218 0 0 0 0 0 0 78 26 0 0 0 0 
1673361382.760908 20.6154296875 43.03419485983576 975.1895558026349 0 0 0 0 0 0 72 24 0 0 0 0 
1673361387.8941448 20.6154296875 42.974968136043174 975.2514129566899 0 0 0 0 0 0 72 24 0 0 0 0 
1673361393.0258749 20.6154296875 43.26521610522423 975.2745645845187 0 0 0 0 0 0 72 24 0 0 0 0 
1673361398.1556408 20.6255859375 43.11717571533346 975.2943506844924 0 0 0 0 0 0 60 20 0 0 0 0 
1673361403.284687 20.6458984375 43.08762623835123 975.3890522757472 0 0 0 0 0 0 60 20 0 0 0 0 
1673361408.4186392 20.6306640625 43.105373455023745 975.3276003716335 0 0 0 0 0 0 60 20 0 0 0 0 
1673361413.5493023 20.6357421875 42.99876072075014 975.5531123448025 0 0 0 0 0 0 66 22 2 0 0 0 
1673361418.6806524 20.6306640625 43.00470412781403 975.4332168073399 0 0 0 0 0 0 66 22 2 0 0 0 
1673361423.8103855 20.6357421875 42.96324231619257 975.4294431000438 0 0 0 0 0 0 66 22 2 0 0 0 
1673361428.9423337 20.6306640625 43.00466333719986 975.4336245010552 0 0 0 0 0 0 78 24 2 0 0 0 
1673361434.076879 20.6255859375 43.10535189963329 975.3844116219287 0 0 0 0 0 0 78 24 2 0 0 0 
1673361439.211361 20.6255859375 43.04612369364748 975.3296917161937 0 0 0 0 0 0 78 24 2 0 0 0 
1673361444.3451583 20.6205078125 43.02245272760542 975.3124540900982 0 0 0 0 0 0 84 26 2 0 0 0 
1673361449.4765232 20.6205078125 43.21196007731699 975.3280088092224 0 0 0 0 0 0 84 26 2 0 0 0 
1673361454.6068904 20.6205078125 43.07569546134687 975.4197009684323 0 0 0 0 0 0 84 26 2 0 0 0 
1673361459.740324 20.5951171875 42.95719991826798 975.4053699063619 0 0 0 0 0 0 48 14 2 0 0 0 
1673361464.8724859 20.6052734375 43.111166385311925 975.4600901953496 0 0 0 0 0 0 48 14 2 0 0 0 
1673361470.0048614 20.6052734375 43.02234959739003 975.3258677311617 0 0 0 0 0 0 42 12 0 0 0 0 
1673361475.1366224 20.6001953125 42.98677305063353 975.4049625174071 0 0 0 0 0 0 42 12 0 0 0 0 
1673361480.2684066 20.6052734375 42.97500833368091 975.2749732362186 0 0 0 0 0 0 42 12 0 0 0 0 
1673361485.402754 20.6103515625 43.10530875649871 975.2989418817411 0 0 0 0 0 0 48 14 0 0 0 0 
1673361490.5360618 20.6103515625 42.773625157291406 975.3637579136278 0 0 0 0 0 0 48 14 0 0 0 0 
1673361495.6672761 20.6154296875 42.97498824025452 975.3174534012938 0 0 0 0 0 0 48 14 0 0 0 0 
1673361500.8014836 20.6154296875 43.093442017404904 975.3422883961415 0 0 0 0 0 0 48 14 0 0 0 0 
1673361505.9348028 20.6154296875 43.08161814095638 975.3225019990048 0 0 0 0 0 0 48 14 0 0 0 0 
