timestamp temperature humidity pressure pm10_standard pm25_standard pm100_standard pm10_env pm25_env pm100_env particles_03um particles_05um particles_10um particles_25um particles_50um particles_100um
1683663718.1227124 20.3357421875 44.512548864604135 986.4833245835034 1 1 1 1 1 1 291 77 8 0 0 0 
1683663723.2769954 20.3255859375 44.28757073077797 986.4833245835034 1 1 1 1 1 1 312 82 10 0 0 0 
1683663728.433247 20.3357421875 44.47697372298126 986.4967852504218 1 1 1 1 1 1 276 83 15 0 0 0 
1683663733.5881193 20.3357421875 44.21079312713009 986.4432552300287 1 1 1 1 1 1 240 73 15 0 0 0 
1683663738.7423146 20.341015625 44.364669346759825 986.4571476931949 1 1 1 1 1 1 240 73 15 0 0 0 
1683663743.8958182 20.3306640625 44.47704957697711 986.498900685333 1 1 1 1 1 1 240 73 15 0 0 0 
1683663749.0419126 20.341015625 44.30550041393258 986.4706086770543 1 1 1 1 1 1 240 76 17 0 0 0 
1683663754.190891 20.341015625 44.38238300125239 986.4463077725435 1 1 1 1 1 1 240 76 17 0 0 0 
1683663759.3288405 20.341015625 44.311453353189 986.4773391706616 1 1 1 1 1 1 240 76 17 0 0 0 
1683663764.4811053 20.351171875 44.364742557107384 986.5022659614842 0 1 1 0 1 1 192 60 12 0 0 0 
1683663769.6293364 20.351171875 44.2226271890263 986.4702958493356 0 1 1 0 1 1 192 60 12 0 0 0 
1683663774.7838702 20.35625 44.42979134298757 986.4702958493356 0 1 1 0 1 1 192 60 12 0 0 0 
1683663779.9341307 20.351171875 44.39432731682322 986.5022659614842 1 1 1 1 1 1 213 67 12 0 0 0 
1683663785.0835545 20.3357421875 44.44151240497268 986.5079388258009 1 1 1 1 1 1 213 67 12 0 0 0 
1683663790.2313273 20.3255859375 44.394068516523184 986.4883723330736 1 1 1 1 1 1 213 67 12 0 0 0 
1683663795.381298 20.3205078125 44.500601198294405 986.4889967325441 1 1 1 1 1 1 213 67 12 0 0 0 
1683663800.5281396 20.3306640625 44.500601198294405 986.4839490643059 1 1 1 1 1 1 213 67 12 0 0 0 
1683663805.6790357 20.3205078125 44.42960444959586 986.4866897498136 1 1 1 1 1 1 213 67 12 0 0 0 
1683663810.8265712 20.3205078125 44.42368798707629 986.5452683025102 1 1 2 1 1 2 351 90 6 2 2 0 
1683663815.9843307 20.3205078125 44.44139979705277 986.487938165294 1 1 2 1 1 2 351 102 8 2 2 0 
1683663821.1382556 20.3205078125 44.39399447655362 986.4741658873172 1 1 2 1 1 2 351 102 8 2 2 0 
1683663826.2947752 20.3052734375 44.45899774848353 986.4980333405751 1 1 2 1 1 2 351 102 8 2 2 0 
1683663831.448701 20.3052734375 44.64247066182917 986.496662573736 1 1 2 1 1 2 330 92 8 2 2 0 
1683663836.6033034 20.3052734375 44.47086779048318 986.496974226872 1 1 2 1 1 2 330 92 8 2 2 0 
1683663841.756883 20.3103515625 44.51815790145486 986.4909913108114 1 1 2 1 1 2 330 92 8 2 2 0 
1683663846.9116561 20.3103515625 44.65426238687241 986.4997158700332 1 1 2 1 1 2 309 85 10 2 2 0 
1683663852.0661898 20.2951171875 44.453042488669944 986.4885617165314 1 1 2 1 1 2 309 85 10 2 2 0 
1683663857.2203853 20.3001953125 44.441249502231074 986.4815199343839 1 1 2 1 1 2 309 85 10 2 2 0 
1683663862.376336 20.3001953125 44.299296164147165 986.4936092225262 1 1 2 1 1 2 300 85 10 2 2 0 
1683663867.5311856 20.3103515625 44.48269999790735 986.4916150266561 1 1 2 1 1 2 300 85 10 2 2 0 
1683663872.6841412 20.2951171875 44.589148728730166 986.5084401860347 1 1 2 1 1 2 300 85 10 2 2 0 
1683663877.838111 20.3154296875 44.38807815598314 986.4865674802055 1 1 2 1 1 2 279 78 10 2 2 0 
1683663882.9912484 20.3103515625 44.571440243505464 986.4737309358192 1 1 2 1 1 2 279 78 10 2 2 0 
1683663888.1461313 20.3001953125 44.37025559247784 986.476472389191 1 1 2 1 1 2 279 78 10 2 2 0 
1683663893.3013158 20.3001953125 44.50636428945376 986.4683716988422 0 1 1 0 1 1 150 47 10 2 0 0 
1683663898.4574509 20.3052734375 44.364412770947226 986.5013983995613 0 1 1 0 1 1 150 47 10 2 0 0 
1683663903.6124873 20.3001953125 44.46498952191833 986.4761604639793 0 1 1 0 1 1 156 49 12 2 0 0 
1683663908.7677784 20.3205078125 44.33490349103288 986.4441924348171 0 1 1 0 1 1 156 49 12 2 0 0 
1683663913.9226806 20.3205078125 44.4059013983108 986.4284247552014 0 1 1 0 1 1 156 49 12 2 0 0 
1683663919.0771196 20.3205078125 44.417734238994946 986.5038277180074 0 1 1 0 1 1 177 56 14 2 0 0 
1683663924.2318275 20.3306640625 44.54781520472134 986.4833245835034 0 1 1 0 1 1 177 56 14 2 0 0 
1683663929.3869722 20.3255859375 44.39414251336977 986.4715465036193 0 1 1 0 1 1 177 56 14 2 0 0 
1683663934.542557 20.3255859375 44.453270196913074 986.444937797916 0 1 1 0 1 1 162 51 12 2 0 0 
1683663939.697627 20.3255859375 44.28753493785401 986.4600809120476 0 1 1 0 1 1 162 51 12 2 0 0 
1683663944.856585 20.3306640625 44.654462389762884 986.4782768345623 0 1 1 0 1 1 162 51 12 2 0 0 
1683663950.010566 20.3255859375 44.47685986113373 986.4432552300287 0 1 1 0 1 1 168 53 12 2 0 0 
1683663955.1655545 20.3255859375 44.42368798707629 986.4553456228373 0 1 1 0 1 1 168 53 12 2 0 0 
1683663960.3205357 20.3205078125 44.518311725257064 986.4819543091215 0 1 1 0 1 1 168 53 12 2 0 0 
1683663965.4756005 20.3205078125 44.28753493785401 986.4570281776588 0 1 1 0 1 1 189 58 10 0 0 0 
1683663970.6299152 20.3154296875 44.34666362427861 986.4741658873172 0 1 1 0 1 1 189 58 10 0 0 0 
1683663975.7822685 20.3154296875 44.54785399459617 986.4651286180161 0 0 0 0 0 0 219 59 2 0 0 0 
1683663980.9407713 20.3205078125 44.52418944785217 986.4405150612963 0 0 0 0 0 0 219 59 2 0 0 0 
1683663986.0959082 20.3255859375 44.429454740830955 986.4886845875205 0 0 0 0 0 0 198 52 2 0 0 0 
1683663991.249981 20.3154296875 44.51239548474272 986.4704886187458 0 0 0 0 0 0 198 52 2 0 0 0 
1683663996.4059103 20.3205078125 44.352580016776884 986.4539753883498 0 0 0 0 0 0 198 52 2 0 0 0 
1683664001.5610707 20.3154296875 44.606975173675686 986.4522928472236 0 0 0 0 0 0 213 57 4 0 0 0 
1683664006.7160208 20.3103515625 44.4946085332204 986.4744779354996 0 0 0 0 0 0 213 57 4 0 0 0 
1683664011.8724968 20.3052734375 44.41174337661268 986.4394570769978 0 0 0 0 0 0 213 57 4 0 0 0 
1683664017.0318816 20.3103515625 44.405864247979956 986.4145317008732 0 0 0 0 0 0 213 59 6 0 0 0 
1683664022.1855483 20.3103515625 44.630638873546275 986.4071768536238 0 0 0 0 0 0 213 59 6 0 0 0 
1683664027.338172 20.3103515625 44.53598308762569 986.3937166506678 0 0 0 0 0 0 213 59 6 0 0 0 
1683664032.4895113 20.3103515625 44.48865420822716 986.4139069567792 0 0 0 0 0 0 177 50 6 0 0 0 
1683664037.6379116 20.3357421875 44.453194821159286 986.4132817750192 0 0 0 0 0 0 177 50 6 0 0 0 
1683664042.7922611 20.3255859375 44.4236506439232 986.4418851867829 0 0 0 0 0 0 177 50 6 0 0 0 
1683664047.9469378 20.3205078125 44.55980291842968 986.4701763246138 0 0 0 0 0 0 177 48 6 0 0 0 
1683664053.1012957 20.3255859375 44.63663437761108 986.4502979587927 0 0 0 0 0 0 177 48 6 0 0 0 
1683664058.2494216 20.3205078125 44.4946085332204 986.428737278794 0 0 0 0 0 0 249 74 2 0 0 0 
1683664063.4004686 20.3154296875 44.47685986113373 986.4281121221876 0 0 0 0 0 0 249 74 2 0 0 0 
1683664068.5467467 20.3205078125 44.405975666630376 986.4314772567741 0 0 0 0 0 0 249 74 2 0 0 0 
1683664073.6977463 20.3306640625 44.465103008915044 986.466498756146 0 0 0 0 0 0 216 60 0 0 0 0 
1683664078.8433633 20.3306640625 44.447391379337716 986.4530380992926 0 0 0 0 0 0 216 60 0 0 0 0 
1683664083.9922183 20.3306640625 44.39417949562195 986.4496729357783 0 0 0 0 0 0 216 60 0 0 0 0 
1683664089.1463926 20.341015625 44.26996302553857 986.4406344319432 0 0 0 0 0 0 189 58 0 0 0 0 
1683664094.3010657 20.341015625 44.29359487947878 986.4820743087703 0 0 0 0 0 0 189 58 0 0 0 0 
1683664099.4559445 20.341015625 44.43563327381719 986.4736611231103 0 0 0 0 0 0 189 58 0 0 0 0 
1683664104.6100307 20.351171875 44.441587423016244 986.4706086770543 0 0 0 0 0 0 210 65 0 0 0 0 
1683664109.763861 20.341015625 44.34688235708589 986.4807044178847 0 0 0 0 0 0 210 65 0 0 0 0 
1683664114.911045 20.341015625 44.4237999518516 986.463565302625 0 0 0 0 0 0 210 65 0 0 0 0 
1683664120.0610468 20.341015625 44.488882713960045 986.4911127168518 0 0 0 0 0 0 189 58 2 0 0 0 
1683664125.2147577 20.34609375 44.5598418009076 986.4678688120308 0 0 0 0 0 0 189 58 2 0 0 0 
1683664130.3685951 20.3306640625 44.4237999518516 986.4843822752291 0 0 0 0 0 0 189 58 2 0 0 0 
1683664135.526763 20.3306640625 44.39414251336977 986.4378948656796 0 1 1 0 1 1 219 63 4 0 0 0 
1683664140.6802578 20.341015625 44.482966150606984 986.428543117347 1 2 2 1 2 2 294 89 12 0 0 0 
1683664145.8359997 20.351171875 44.281832553044275 986.4534694846562 0 1 1 0 1 1 261 78 10 0 0 0 
1683664150.9944222 20.34609375 44.4592997944266 986.450104212559 0 1 1 0 1 1 261 78 10 0 0 0 
1683664156.153013 20.35625 44.51270207197917 986.4433736692038 0 1 1 0 1 1 261 78 10 0 0 0 
1683664161.3072526 20.361328125 44.3884103854351 986.4595738832763 1 1 1 1 1 1 273 85 12 0 0 0 
1683664166.461715 20.361328125 44.41215230244813 986.4461125774418 1 1 1 1 1 1 273 85 12 0 0 0 
1683664171.6109917 20.361328125 44.281939501795165 986.4595738832763 1 1 1 1 1 1 273 85 12 0 0 0 
1683664176.760679 20.36640625 44.423949087289486 986.4646218741177 1 1 1 1 1 1 267 83 12 0 0 0 
1683664181.9119751 20.361328125 44.240554077126596 986.4565217114349 1 1 1 1 1 1 267 83 12 0 0 0 
1683664187.066758 20.36640625 44.33526625706289 986.4724088262949 1 1 1 1 1 1 267 83 12 0 0 0 
1683664192.22278 20.36640625 44.412189412839936 986.4575779688798 0 1 1 0 1 1 231 69 10 0 0 0 
1683664197.377996 20.36640625 44.530490869901016 986.4724088262949 0 1 1 0 1 1 231 69 10 0 0 0 
1683664202.5363677 20.361328125 44.42398634419732 986.4572646085137 0 1 1 0 1 1 231 69 10 0 0 0 
1683664207.6915877 20.38671875 44.4713598891335 986.4653646601025 0 1 1 0 1 1 222 66 10 0 0 0 
1683664212.8403225 20.381640625 44.46551829780166 986.4505338468729 0 1 1 0 1 1 222 66 10 0 0 0 
1683664217.9871228 20.381640625 44.24657699885097 986.4515894067706 0 1 1 0 1 1 222 66 10 0 0 0 
1683664223.1404011 20.38671875 44.430015259296525 986.4886092076183 0 1 1 0 1 1 228 66 10 2 0 0 
1683664228.293163 20.391796875 44.3472460492942 986.4745202692843 0 0 0 0 0 0 195 55 6 0 0 0 
1683664233.447181 20.381640625 44.21698925756688 986.450220322838 0 0 0 0 0 0 195 55 6 0 0 0 
1683664238.6009939 20.391796875 44.24072967992891 986.4560100725598 0 0 0 0 0 0 195 55 6 0 0 0 
1683664243.756272 20.38671875 44.39458558886688 986.4394965620554 0 0 0 0 0 0 216 62 6 0 0 0 
1683664248.9100184 20.396875 44.11053848342358 986.4439168583544 0 0 0 0 0 0 216 62 6 0 0 0 
1683664254.0661483 20.38671875 44.37095248272046 986.4391826283328 0 0 0 0 0 0 216 62 6 0 0 0 
1683664259.221102 20.40703125 44.16390170481664 986.4416057400343 0 1 1 0 1 1 249 66 8 0 0 0 
1683664264.3727639 20.401953125 44.288141951337934 986.4631677811511 0 1 1 0 1 1 249 66 8 0 0 0 
1683664269.5275168 20.412109375 44.23495202288136 986.4234094946862 0 1 1 0 1 1 249 66 8 0 0 0 
1683664274.6826797 20.396875 44.418329349884864 986.4772581882481 0 0 0 0 0 0 216 55 8 0 0 0 
1683664279.8409073 20.391796875 44.228929274660445 986.4432885249491 0 0 0 0 0 0 216 55 8 0 0 0 
1683664284.995258 20.396875 44.24657699885097 986.457692817367 0 0 0 0 0 0 216 55 8 0 0 0 
1683664290.1501827 20.396875 44.205223483373274 986.4826203071316 0 1 1 0 1 1 237 62 8 0 0 0 
1683664295.3064375 20.391796875 44.33544723579361 986.4503338325184 0 1 1 0 1 1 237 62 8 0 0 0 
1683664300.4615245 20.38671875 44.26440027204919 986.4358171403262 0 1 1 0 1 1 237 62 8 0 0 0 
1683664305.6156728 20.391796875 44.25252976180011 986.4374998842945 1 1 1 1 1 1 312 88 10 0 0 0 
1683664310.774697 20.38671875 44.38870496741185 986.4324516525993 1 1 1 1 1 1 312 88 10 0 0 0 
1683664315.931545 20.401953125 44.38866818239741 986.4274034215334 1 1 1 1 1 1 285 76 10 0 0 0 
1683664321.086257 20.381640625 44.347173397099574 986.4263486528648 1 1 1 1 1 1 285 76 10 0 0 0 
1683664326.2414098 20.3765625 44.376760007726425 986.4179350717247 1 1 1 1 1 1 285 76 10 0 0 0 
1683664331.396159 20.381640625 44.2938811189889 986.4310829103414 1 1 1 1 1 1 306 83 10 0 0 0 
1683664336.5510886 20.36640625 44.299762676229754 986.456951138701 1 1 1 1 1 1 306 83 10 0 0 0 
1683664341.706002 20.3765625 44.47143543491039 986.448537619047 1 1 1 1 1 1 306 83 10 0 0 0 
1683664346.85908 20.371484375 44.424023590324495 986.4508472614609 1 1 1 1 1 1 294 83 12 0 0 0 
1683664352.0128174 20.381640625 44.41222651245105 986.4465412547313 1 1 1 1 1 1 294 83 12 0 0 0 
1683664357.1679852 20.3765625 44.36492539431179 986.4394965620554 1 1 1 1 1 1 294 83 12 0 0 0 
1683664362.3230052 20.38671875 44.5127786109843 986.4081527490358 1 1 1 1 1 1 282 76 8 0 0 0 
1683664367.4769719 20.38671875 44.27620000019143 986.4391826283328 1 1 1 1 1 1 282 76 8 0 0 0 
1683664372.6322277 20.401953125 44.22885935894578 986.4193038008779 1 1 1 1 1 1 282 76 8 0 0 0 
1683664377.788322 20.381640625 44.26436490155365 986.4523306484209 1 1 1 1 1 1 282 76 8 0 0 0 
1683664382.9438093 20.391796875 44.31773043334721 986.4173069612889 1 1 1 1 1 1 282 76 8 0 0 0 
1683664388.0989735 20.396875 44.53064467603108 986.407210503561 0 0 0 0 0 0 159 53 0 0 0 0 
1683664393.2537136 20.38671875 44.353163527717896 986.3934341546587 0 0 0 0 0 0 159 53 0 0 0 0 
1683664398.410955 20.396875 44.335411061609285 986.3954313060598 0 0 0 0 0 0 159 53 0 0 0 0 
1683664403.5673442 20.391796875 44.17563470356628 986.4044733455361 0 0 0 0 0 0 165 55 4 0 0 0 
1683664408.7204795 20.38671875 44.358971594177156 986.38796032913 0 0 0 0 0 0 165 55 4 0 0 0 
1683664413.8748152 20.381640625 44.38859458002625 986.3798609171727 0 0 0 0 0 0 165 55 4 0 0 0 
1683664419.0274942 20.371484375 44.583780962438865 986.3963738362008 0 0 0 0 0 0 186 57 4 0 0 0 
1683664424.1817756 20.381640625 44.5423631039594 986.3546206150213 0 0 0 0 0 0 186 57 4 0 0 0 
1683664429.3360105 20.391796875 44.56023003277241 986.3943770538306 0 0 0 0 0 0 186 57 4 0 0 0 
1683664434.4909124 20.381640625 44.3412560441381 986.4128869238798 0 1 1 0 1 1 213 64 4 0 0 0 
1683664439.6459672 20.3765625 44.424135264022084 986.439810386324 0 1 1 0 1 1 213 64 4 0 0 0 
1683664444.8005743 20.3765625 44.4713598891335 986.4431758203879 0 1 1 0 1 1 213 64 4 0 0 0 
1683664449.954145 20.3765625 44.51274034687193 986.3919536192558 0 0 0 0 0 0 198 59 4 0 0 0 
1683664455.1088386 20.371484375 44.287892381946115 986.4098354511491 0 0 0 0 0 0 198 59 4 0 0 0 
1683664460.2626061 20.361328125 44.459525876100635 986.4034185467046 0 0 0 0 0 0 198 59 4 0 0 0 
1683664465.4170942 20.36640625 44.37073283256917 986.3849089794904 1 1 1 1 1 1 207 62 6 0 0 0 
1683664470.5754323 20.371484375 44.34702796333977 986.4070976905011 1 2 2 1 2 2 309 95 21 0 0 0 
1683664475.733932 20.371484375 44.28785668605165 986.3966877940117 1 2 2 1 2 2 309 95 21 0 0 0 
1683664480.8883889 20.371484375 44.39436424517169 986.4090940094646 1 2 2 1 2 2 309 95 21 0 0 0 
1683664486.042764 20.351171875 44.483042097211076 986.4413778659431 1 2 2 1 2 2 303 93 21 0 0 0 
1683664491.1995423 20.35625 44.51262548985245 986.4029904325581 1 2 2 1 2 2 303 93 21 0 0 0 
1683664496.3517768 20.351171875 44.43570813456599 986.4211860807611 1 2 2 1 2 2 303 93 21 0 0 0 
1683664501.506124 20.361328125 44.54816392550412 986.4124593324282 1 2 2 1 2 2 309 93 19 0 0 0 
1683664506.6644483 20.35625 44.41788327545358 986.4228687291418 1 2 2 1 2 2 309 93 19 0 0 0 
1683664511.8183064 20.351171875 44.660498595320796 986.3932080809542 1 2 2 1 2 2 309 93 19 0 0 0 
1683664516.9717686 20.361328125 44.48892076051721 986.4144554879375 1 2 2 1 2 2 303 93 19 0 0 0 
1683664522.1231449 20.351171875 44.6250004420641 986.4228687291418 1 2 2 1 2 2 303 93 19 0 0 0 
1683664527.2731702 20.351171875 44.5659527527951 986.4049864229934 1 2 2 1 2 2 303 93 19 0 0 0 
1683664532.419183 20.351171875 44.465254173983126 986.4265473157083 1 2 2 1 2 2 282 88 19 0 0 0 
1683664537.5694098 20.351171875 44.46529193829881 986.4248646807433 1 2 2 1 2 2 282 88 19 0 0 0 
1683664542.725679 20.35625 44.559958383659776 986.431595221023 1 2 2 1 2 2 282 88 19 0 0 0 
1683664547.8804283 20.351171875 44.60729061972078 986.418134141582 1 2 2 1 2 2 255 83 17 0 0 0 
1683664553.0352097 20.34609375 44.44754168689098 986.4211860807611 1 1 1 1 1 1 255 78 12 0 0 0 
1683664558.1915412 20.351171875 44.47708748780427 986.4413778659431 1 1 1 1 1 1 240 73 10 0 0 0 
1683664563.3460572 20.351171875 44.51270207197917 986.4696698655881 1 1 1 1 1 1 240 73 10 0 0 0 
1683664568.500107 20.351171875 44.35878904241817 986.4430605151625 1 1 1 1 1 1 240 73 10 0 0 0 
1683664573.654671 20.351171875 44.40604989182711 986.4355866069124 0 1 1 0 1 1 219 66 10 0 0 0 
1683664578.8119447 20.35625 44.44750412617354 986.4198167762676 0 1 1 0 1 1 219 66 10 0 0 0 
1683664583.9607096 20.34609375 44.62492121651522 986.409720969203 0 1 1 0 1 1 219 66 10 0 0 0 
1683664589.1117156 20.341015625 44.607251226695574 986.4400083979455 1 1 1 1 1 1 219 66 12 0 0 0 
1683664594.2621615 20.34609375 44.54213132168094 986.4413778659431 1 1 1 1 1 1 219 66 12 0 0 0 
1683664599.4111085 20.341015625 44.512548864604135 986.4400083979455 1 1 1 1 1 1 219 66 12 0 0 0 
1683664604.5627847 20.341015625 44.5243818782653 986.4221257432387 1 1 1 1 1 1 240 71 12 0 0 0 
1683664609.712925 20.341015625 44.48880658850429 986.4591431291052 1 1 1 1 1 1 240 71 12 0 0 0 
1683664614.8622086 20.3357421875 44.636713939276575 986.4608257383577 1 1 1 1 1 1 240 71 12 0 0 0 
1683664620.0130312 20.3306640625 44.60717240830481 986.4375820951473 1 1 1 1 1 1 219 64 12 0 0 0 
1683664625.1647122 20.3306640625 44.648506338717226 986.4527254507582 1 1 1 1 1 1 219 64 12 0 0 0 
1683664630.313854 20.3357421875 44.64854624987712 986.4614510093019 1 1 1 1 1 1 219 64 12 0 0 0 
1683664635.4631088 20.3205078125 44.72545526683729 986.4317898626774 1 1 1 1 1 1 249 76 12 0 0 0 
1683664640.6120574 20.3306640625 44.6722107477621 986.4190735570893 1 1 1 1 1 1 258 79 10 0 0 0 
1683664645.7625484 20.3357421875 44.55988067260525 986.437269215186 1 1 1 1 1 1 258 79 10 0 0 0 
1683664650.9141264 20.3357421875 44.400096145258814 986.4302257388965 1 1 1 1 1 1 258 79 10 0 0 0 
1683664656.0682087 20.34609375 44.50075399212195 986.4638781845654 1 1 1 1 1 1 249 76 8 0 0 0 
1683664661.2223527 20.361328125 44.39436424517169 986.4363299187039 1 1 1 1 1 1 249 76 8 0 0 0 
1683664666.3772457 20.36640625 44.48907283894124 986.4595738832763 1 1 1 1 1 1 249 76 8 0 0 0 
1683664671.5320005 20.371484375 44.51274034687193 986.4340204978072 1 1 1 1 1 1 258 79 10 0 0 0 
1683664676.685799 20.36640625 44.34706433795104 986.4353896372705 1 1 1 1 1 1 258 79 10 0 0 0 
1683664681.8412347 20.35625 44.4594128837761 986.4572646085137 1 1 1 1 1 1 258 79 10 0 0 0 
1683664686.9997563 20.361328125 44.364742557107384 986.4276032892241 1 1 1 1 1 1 216 70 6 0 0 0 
1683664692.1547985 20.36640625 44.44181221841246 986.4643086774169 1 1 1 1 1 1 216 70 6 0 0 0 
1683664697.309724 20.371484375 44.47720115560277 986.4427472516821 1 1 1 1 1 1 216 70 6 0 0 0 
1683664702.4647067 20.35625 44.4357829521923 986.4649349613771 1 1 1 1 1 1 195 63 6 0 0 0 
1683664707.619303 20.361328125 44.53045239141764 986.4575779688798 1 1 1 1 1 1 195 63 6 0 0 0 
1683664712.7777424 20.361328125 44.559997223016644 986.4043596007988 None None None None None None None None None None None None 
1683664717.932132 20.35625 44.453458447637544 986.4548390616562 0 0 0 0 0 0 198 56 2 0 0 0 
1683664723.0886075 20.35625 44.60729061972078 986.4646218741177 0 1 1 0 1 1 213 58 2 0 0 0 
1683664728.2429862 20.341015625 44.672371370328264 986.4820743087703 0 1 1 0 1 1 213 58 2 0 0 0 
1683664733.3979325 20.34609375 44.607251226695574 986.4787090342966 0 1 1 0 1 1 213 58 2 0 0 0 
1683664738.5532565 20.34609375 44.53029836968066 986.4517868485726 0 1 1 0 1 1 249 63 4 0 0 0 
1683664743.7082262 20.34609375 44.60721182289026 986.4904874961778 0 1 1 0 1 1 249 63 4 0 0 0 
1683664748.862085 20.351171875 44.435745548769454 986.4797658504166 0 1 1 0 1 1 249 63 4 0 0 0 
1683664754.0172474 20.361328125 44.636952365552155 986.4511605666054 0 1 1 0 1 1 240 60 8 0 0 0 
1683664759.1743588 20.351171875 44.60145274417327 986.4750308636144 0 1 1 0 1 1 240 60 8 0 0 0 
1683664764.3291643 20.351171875 44.50670883187875 986.4861834878873 0 1 1 0 1 1 240 60 8 0 0 0 
1683664769.483945 20.35625 44.47120866821352 986.4750308636144 1 1 1 1 1 1 261 69 8 0 0 0 
1683664774.6377425 20.361328125 44.37653975630388 986.4598870112022 1 1 1 1 1 1 261 69 8 0 0 0 
1683664779.7927148 20.35625 44.27595115462111 986.4376992635671 1 1 1 1 1 1 261 69 8 0 0 0 
1683664784.947627 20.36640625 44.619163093927945 986.449477903481 1 1 1 1 1 1 282 74 8 0 0 0 
1683664790.102669 20.36640625 44.62511919953689 986.4461125774418 1 1 1 1 1 1 282 74 8 0 0 0 
1683664795.2557278 20.35625 44.678327937087026 986.431595221023 0 1 1 0 1 1 264 66 6 2 0 0 
1683664800.4108872 20.351171875 44.47720115560277 986.4663045378712 0 1 1 0 1 1 264 66 6 2 0 0 
1683664805.564581 20.361328125 44.56591385635662 986.4817614665039 0 1 1 0 1 1 264 66 6 2 0 0 
1683664810.7134132 20.361328125 44.53037540210984 986.4450563049378 0 1 1 0 1 1 249 64 6 2 0 0 
1683664815.8623168 20.351171875 44.51270207197917 986.4646218741177 0 1 1 0 1 1 249 64 6 2 0 0 
1683664821.0125904 20.361328125 44.6250796244927 986.4898618377613 0 1 1 0 1 1 249 64 6 2 0 0 
1683664826.1648798 20.351171875 44.58958028694132 986.4797658504166 1 1 1 1 1 1 255 66 4 0 0 0 
1683664831.3145022 20.351171875 44.654622198035476 986.4517868485726 1 1 1 1 1 1 255 66 4 0 0 0 
1683664836.4656994 20.351171875 44.50079216362776 986.4787090342966 1 1 1 1 1 1 255 66 4 0 0 0 
1683664841.61934 20.35625 44.524458774968004 986.5016404928443 1 1 1 1 1 1 255 66 4 0 0 0 
1683664846.7741327 20.36640625 44.58366369471143 986.4383257624212 1 1 1 1 1 1 255 66 4 0 0 0 
1683664851.928019 20.351171875 44.41795772899886 986.4441165551605 1 1 1 1 1 1 255 66 4 0 0 0 
1683664857.0844574 20.361328125 44.3351575404535 986.4433736692038 0 1 1 0 1 1 246 62 6 0 0 0 
1683664862.239126 20.351171875 44.45937519810682 986.4696698655881 0 1 1 0 1 1 246 62 6 0 0 0 
1683664867.3930657 20.36640625 44.40619821285208 986.4477952404263 0 1 1 0 1 1 246 62 6 0 0 0 
1683664872.5477319 20.36640625 44.625158763801004 986.4582043612836 0 0 0 0 0 0 198 48 6 0 0 0 
1683664877.7022862 20.371484375 44.453496065440724 986.4612565468202 1 1 1 1 1 1 249 76 15 0 0 0 
1683664882.856151 20.351171875 44.382530236380255 986.4578912198024 1 1 1 1 1 1 249 76 15 0 0 0 
1683664888.010239 20.351171875 44.56003605159326 986.505005823497 1 1 1 1 1 1 249 76 15 0 0 0 
1683664893.1649094 20.361328125 44.370659529605604 986.482504974628 1 1 1 1 1 1 264 85 15 0 0 0 
1683664898.3197036 20.361328125 44.5600748693896 986.4464258138112 1 1 1 1 1 1 264 85 15 0 0 0 
1683664903.4734597 20.36640625 44.4357829521923 986.4464258138112 1 1 1 1 1 1 264 85 15 0 0 0 
1683664908.6245832 20.35625 44.630996144779935 986.4343339385065 1 1 1 1 1 1 264 83 15 0 0 0 
1683664913.7760332 20.351171875 44.46532969183396 986.4558952919201 1 1 1 1 1 1 264 83 15 0 0 0 
1683664918.9270391 20.361328125 44.607369373430814 986.449164584781 1 1 1 1 1 1 264 83 15 0 0 0 
1683664924.0782552 20.371484375 44.54220862556167 986.4508472614609 1 1 1 1 1 1 228 71 13 0 0 0 
1683664929.229416 20.371484375 44.54228588632116 986.4306551459152 1 1 1 1 1 1 228 71 13 0 0 0 
1683664934.3831408 20.351171875 44.60729061972078 986.4497911127395 1 1 1 1 1 1 228 71 13 0 0 0 
1683664939.5375204 20.34609375 44.43570813456599 986.4551521208095 0 1 1 0 1 1 222 69 13 0 0 0 
1683664944.6919303 20.35625 44.64866591867676 986.4565217114349 0 1 1 0 1 1 222 69 13 0 0 0 
1683664949.843738 20.351171875 44.672371370328264 986.4481084632404 0 1 1 0 1 1 222 69 13 0 0 0 
1683664954.9932823 20.34609375 44.48892076051721 986.4683002618433 1 1 1 1 1 1 234 73 8 0 0 0 
1683664960.143228 20.351171875 44.613128170430215 986.418134141582 1 1 1 1 1 1 228 76 6 0 0 0 
1683664965.295262 20.351171875 44.41196658877876 986.4400083979455 1 1 1 1 1 1 216 72 10 2 0 0 
1683664970.444794 20.35625 44.483042097211076 986.4389518235297 1 1 1 1 1 1 216 72 10 2 0 0 
1683664975.596532 20.351171875 44.4061611487669 986.4551521208095 1 1 1 1 1 1 216 72 10 2 0 0 
1683664980.7502575 20.35625 44.548086507458905 986.4582043612836 0 1 1 0 1 1 210 67 10 2 0 0 
1683664985.9085047 20.351171875 44.64870578671664 986.4282299507432 0 1 1 0 1 1 210 67 10 2 0 0 
1683664991.063194 20.361328125 44.39432731682322 986.4147688724207 0 1 1 0 1 1 210 67 10 2 0 0 
1683664996.2190082 20.361328125 44.64282915452184 986.4205590919172 0 1 1 0 1 1 204 65 10 2 0 0 
1683665001.3736172 20.361328125 44.471284300234544 986.3976290107712 0 1 1 0 1 1 204 65 10 2 0 0 
1683665006.5244946 20.361328125 44.41211518127564 986.4208726410601 0 1 1 0 1 1 204 65 10 2 0 0 
1683665011.6739154 20.361328125 44.51270207197917 986.4276032892241 0 1 1 0 1 1 192 61 6 2 0 0 
1683665016.8237398 20.35625 44.59553610463798 986.4029904325581 0 1 1 0 1 1 192 61 6 2 0 0 
1683665021.9720643 20.361328125 44.63679345782192 986.431595221023 0 1 1 0 1 1 192 61 6 2 0 0 
1683665027.1264372 20.351171875 44.42387454113186 986.4548390616562 1 1 1 1 1 1 204 65 13 2 0 0 
1683665032.2807808 20.34609375 44.53629201897441 986.4739739237182 1 1 1 1 1 1 204 65 13 2 0 0 
1683665037.4301443 20.361328125 44.41810650672133 986.4525299382108 1 1 1 1 1 1 204 65 13 2 0 0 
1683665042.5785463 20.361328125 44.66649505067539 986.4760874200484 0 1 1 0 1 1 243 76 12 0 0 0 
1683665047.7295117 20.371484375 44.39436424517169 986.4606299897533 0 1 1 0 1 1 243 76 12 0 0 0 
1683665052.8841212 20.381640625 44.453646428847755 986.4821917081484 0 1 1 0 1 1 234 73 10 0 0 0 
1683665058.0391178 20.381640625 44.394474965532616 986.4727220646614 0 1 1 0 1 1 234 73 10 0 0 0 
1683665063.1955316 20.3765625 44.37668663370875 986.4909184334947 0 1 1 0 1 1 234 73 10 0 0 0 
1683665068.3544576 20.361328125 44.41810650672133 986.485870357965 0 1 1 0 1 1 192 59 12 0 0 0 
1683665073.5103528 20.381640625 44.631194251496716 986.4603165470518 0 1 1 0 1 1 192 59 12 0 0 0 
1683665078.6657958 20.381640625 44.5483959209127 986.4936573649009 0 1 1 0 1 1 192 59 12 0 0 0 
1683665083.820828 20.381640625 44.58385908702287 986.472095478482 0 0 0 0 0 0 201 59 10 0 0 0 
1683665088.9761891 20.371484375 44.32938516872312 986.5609661887886 0 0 0 0 0 0 201 59 10 0 0 0 
1683665094.1302445 20.371484375 44.305679965397516 986.5007014690731 0 0 0 0 0 0 201 59 10 0 0 0 
1683665099.2852945 20.3765625 44.40035519424246 986.4788262979799 0 0 0 0 0 0 186 54 6 0 0 0 
1683665104.4399648 20.361328125 44.55419682920183 986.4704127737822 0 0 0 0 0 0 186 54 6 0 0 0 
1683665109.5949225 20.3765625 44.607487423144946 986.4737781832515 0 0 0 0 0 0 186 54 6 0 0 0 
1683665114.7492936 20.381640625 44.61344364190929 986.4636819556822 0 0 0 0 0 0 198 58 8 0 0 0 
1683665119.9029393 20.381640625 44.5127786109843 986.4886092076183 0 0 0 0 0 0 198 58 8 0 0 0 
1683665125.057834 20.381640625 44.47735256174042 986.4791395915707 0 1 2 0 1 2 219 55 13 2 2 2 
1683665130.2127814 20.3765625 44.566030513331334 986.5060626638589 0 1 2 0 1 2 219 55 13 2 2 2 
1683665135.3700168 20.3765625 44.595692939813546 986.4707261351506 0 1 1 0 1 1 204 52 9 0 0 0 
1683665140.5289133 20.381640625 44.44769182195484 986.4872398239254 0 1 1 0 1 1 204 52 9 0 0 0 
1683665145.6838608 20.38671875 44.37084270615846 986.4886092076183 0 1 1 0 1 1 204 52 9 0 0 0 
1683665150.8388255 20.391796875 44.412337746600265 986.4818783322203 0 1 1 0 1 1 210 54 11 0 0 0 
1683665155.9933593 20.391796875 44.400429111211274 986.4930304744678 0 1 1 0 1 1 210 54 11 0 0 0 
1683665161.1478302 20.391796875 44.524727573846 986.4980787137132 0 1 1 0 1 1 210 54 11 0 0 0 
1683665166.3021505 20.391796875 44.3472460492942 986.5132234352245 0 1 1 0 1 1 204 57 15 2 0 0 
1683665171.457487 20.391796875 44.56614707328386 986.5647624679731 0 1 1 0 1 1 204 57 15 2 0 0 
1683665176.6127107 20.391796875 44.44199925144271 986.5152195061288 0 1 1 0 1 1 204 57 15 2 0 0 
1683665181.7694619 20.401953125 44.48930063316331 986.5597141390043 0 1 1 0 1 1 174 50 10 2 0 0 
1683665186.9261906 20.396875 44.583976193047455 986.5586576337347 0 1 1 0 1 1 174 50 10 2 0 0 
1683665192.081613 20.396875 44.45383414054375 986.5266854146553 0 1 1 0 1 1 174 50 10 2 0 0 
1683665197.231707 20.391796875 44.64318677403288 986.5509869049192 0 1 1 0 1 1 195 59 14 2 0 0 
1683665202.3864496 20.401953125 44.41829223630929 986.5516135031962 0 1 1 0 1 1 195 59 14 2 0 0 
1683665207.53412 20.396875 44.542517409872154 986.5347858835639 1 1 1 1 1 1 318 96 10 0 0 0 
1683665212.6831663 20.391796875 44.40642037096831 986.4829339978645 1 1 1 1 1 1 318 96 10 0 0 0 
1683665217.832285 20.391796875 44.471510937565206 986.5162755100429 1 1 1 1 1 1 318 96 10 0 0 0 
1683665222.9835393 20.401953125 44.465668988526204 986.544569155873 1 1 1 1 1 1 297 89 8 0 0 0 
1683665228.1310449 20.396875 44.430127071912395 986.5300509102119 1 1 1 1 1 1 297 89 8 0 0 0 
1683665233.2790496 20.391796875 44.228894322193725 986.4846167437904 1 1 1 1 1 1 297 89 8 0 0 0 
1683665238.4301848 20.396875 44.465593664725 986.5509869049192 1 1 1 1 1 1 312 94 10 0 0 0 
1683665243.5804245 20.401953125 44.49521793275165 986.5378380540768 1 1 1 1 1 1 312 94 10 0 0 0 
1683665248.7351668 20.396875 44.28218867154314 986.5375245917626 1 1 1 1 1 1 312 94 10 0 0 0 
1683665253.8915532 20.401953125 44.39469611517448 986.562023131948 1 1 1 1 1 1 291 85 10 0 0 0 
1683665259.0457602 20.401953125 44.48338332329557 986.548990638643 1 1 1 1 1 1 291 85 10 0 0 0 
1683665264.1995773 20.4171875 44.61364046123032 986.5742326901595 1 1 1 1 1 1 291 85 10 0 0 0 
1683665269.357908 20.40703125 44.50709063265595 986.5210103044805 1 1 1 1 1 1 270 78 10 0 0 0 
1683665274.5124147 20.396875 44.31181275750465 986.5577180631756 1 1 1 1 1 1 270 78 10 0 0 0 
1683665279.6669023 20.40703125 44.56038502367109 986.5291106483118 1 1 1 1 1 1 270 78 10 0 0 0 
1683665284.8230145 20.412109375 44.41244888372327 986.5291106483118 0 1 1 0 1 1 228 69 10 0 0 0 
1683665289.9769607 20.401953125 44.442036625706955 986.4786270243111 0 2 2 0 2 2 264 76 8 2 0 0 
1683665295.1305346 20.396875 44.28810633091083 986.4924031462109 0 2 2 0 2 2 264 76 8 2 0 0 
1683665300.286169 20.396875 44.572141891973686 986.504496185843 0 2 2 0 2 2 264 76 8 2 0 0 
1683665305.444437 20.396875 44.447879248221476 986.4940859196676 0 2 2 0 2 2 285 81 12 2 0 0 
1683665310.5982637 20.396875 44.53075991743501 986.5028134255226 0 2 2 0 2 2 285 81 12 2 0 0 
1683665315.754886 20.396875 44.501135222060576 986.4506478902678 0 2 2 0 2 2 285 81 12 2 0 0 
1683665320.9096284 20.391796875 44.39458558886688 986.4593755622442 0 2 2 0 2 2 300 81 10 2 0 0 
1683665326.0636837 20.38671875 44.39458558886688 986.49670944006 0 2 2 0 2 2 300 81 10 2 0 0 
1683665331.2137182 20.396875 44.40634636138572 986.466420259285 0 2 2 0 2 2 300 81 10 2 0 0 
1683665336.3637047 20.391796875 44.45375908820705 986.454641139545 1 2 2 1 2 2 327 95 12 2 0 0 
1683665341.5134966 20.391796875 44.53660026038203 986.4596893332997 1 2 2 1 2 2 327 95 12 2 0 0 
1683665346.6624572 20.38671875 44.412263601281474 986.486299489786 1 2 2 1 2 2 327 95 12 2 0 0 
1683665351.8123162 20.381640625 44.57198627193818 986.4633684306428 1 2 2 1 2 2 321 93 12 2 0 0 
1683665356.964586 20.3765625 44.46555598665359 986.50207096177 1 2 2 1 2 2 321 93 12 2 0 0 
1683665362.1145263 20.371484375 44.43582034483452 986.4861834878873 1 2 2 1 2 2 321 93 12 2 0 0 
1683665367.2654855 20.3765625 44.53064467603108 986.5124804122476 1 2 2 1 2 2 315 91 12 2 0 0 
1683665372.4162247 20.38671875 44.5068616815546 986.4724088262949 1 1 1 1 1 1 246 80 8 0 0 0 
1683665377.5687075 20.381640625 44.46551829780166 986.50207096177 1 1 1 1 1 1 276 90 8 0 0 0 
1683665382.72452 20.38671875 44.364961929410185 986.5165889296628 1 1 1 1 1 1 276 90 8 0 0 0 
1683665387.8784661 20.38671875 44.376833338620926 986.5219504413419 1 1 1 1 1 1 276 90 8 0 0 0 
1683665393.0322344 20.391796875 44.317586529505164 986.5407735298778 1 2 2 1 2 2 303 99 10 0 0 0 
1683665398.1870537 20.38671875 44.394474965532616 986.5754851275975 1 2 2 1 2 2 303 99 10 0 0 0 
1683665403.3415675 20.381640625 44.45963877140019 986.5731763509859 1 2 2 1 2 2 303 99 10 0 0 0 
1683665408.487762 20.391796875 44.57202519311739 986.5673842832869 1 1 1 1 1 1 297 97 10 0 0 0 
1683665413.6403592 20.38671875 44.48326967829174 986.5539223988791 1 1 1 1 1 1 297 97 10 0 0 0 
1683665418.789656 20.381640625 44.36499845372776 986.5401473985601 1 1 1 1 1 1 297 97 10 0 0 0 
1683665423.9350715 20.38671875 44.51877216174696 986.5757979633138 1 1 1 1 1 1 282 92 8 0 0 0 
1683665429.081434 20.36640625 44.40035519424246 986.583154143227 1 1 1 1 1 1 282 92 8 0 0 0 
1683665434.232266 20.3765625 44.548202618356285 986.5346684477735 1 1 1 1 1 1 282 92 8 0 0 0 
1683665439.3836408 20.361328125 44.559997223016644 986.54002922553 1 2 2 1 2 2 318 106 8 0 0 0 
1683665444.5352602 20.35625 44.44754168689098 986.5541155182025 1 2 2 1 2 2 318 106 8 0 0 0 
1683665449.6905317 20.34609375 44.39429037769401 986.5342360988668 1 2 2 1 2 2 318 106 8 0 0 0 
1683665454.8461552 20.34609375 44.67816708621124 986.5359187383754 0 1 1 0 1 1 249 73 6 0 0 0 
1683665460.000986 20.341015625 44.66637483583323 986.4995257704526 0 1 1 0 1 1 249 73 6 0 0 0 
1683665465.1555555 20.341015625 44.52442033200683 986.5163518828967 1 1 1 1 1 1 258 78 8 0 0 0 
1683665470.311189 20.341015625 44.53025983729555 986.5126742804487 1 1 1 1 1 1 258 78 8 0 0 0 
1683665475.466882 20.34609375 44.512548864604135 986.5012083813824 1 1 1 1 1 1 258 78 8 0 0 0 
1683665480.6221678 20.341015625 44.548086507458905 986.5109916554741 1 1 1 1 1 1 252 76 8 0 0 0 
1683665485.777649 20.3306640625 44.73145296309847 986.5113040484296 1 1 1 1 1 1 252 76 8 0 0 0 
1683665490.9325728 20.341015625 44.54213132168094 986.52476494174 1 1 1 1 1 1 252 76 8 0 0 0 
1683665496.0873547 20.3306640625 44.61900495738833 986.5186588437049 0 1 1 0 1 1 225 67 6 0 0 0 
1683665501.241631 20.341015625 44.53609901773393 986.5523105487447 0 1 1 0 1 1 225 67 6 0 0 0 
1683665506.3957775 20.3306640625 44.42372531944872 986.5408442830319 0 1 1 0 1 1 225 67 6 0 0 0 
1683665511.5509028 20.3306640625 44.58942350760519 986.5270717673438 0 1 1 0 1 1 231 69 6 0 0 0 
1683665516.7096262 20.3306640625 44.737205400350796 986.5260129855127 0 1 1 0 1 1 231 69 6 0 0 0 
1683665521.8645985 20.3154296875 44.62476263605657 986.4940444014115 0 1 1 0 1 1 231 69 6 0 0 0 
1683665527.020297 20.3205078125 44.595143262088 986.4660652941498 0 1 1 0 1 1 216 65 8 0 0 0 
1683665532.1753156 20.3205078125 44.630718342614145 986.4980333405751 0 1 1 0 1 1 216 65 8 0 0 0 
1683665537.330233 20.3154296875 44.630718342614145 986.502457184255 0 2 2 0 2 2 252 76 14 0 0 0 
1683665542.4866335 20.3205078125 44.506402615067095 986.4835142111656 0 2 2 0 2 2 252 76 14 0 0 0 
1683665547.6410372 20.3154296875 44.583311309398724 986.5094992847277 0 3 3 0 3 3 300 90 28 4 0 0 
1683665552.7964475 20.3103515625 44.624683281146794 986.5084401860347 1 3 3 1 3 3 309 93 28 4 0 0 
1683665557.9515262 20.3052734375 44.630559361358166 986.491926720458 1 3 3 1 3 3 321 97 30 4 0 0 
1683665563.1064467 20.3052734375 44.74899600386039 986.4977214821661 1 3 3 1 3 3 315 95 30 4 0 0 
1683665568.2605588 20.3103515625 44.73116685956501 986.4932975422795 1 4 4 1 4 4 300 95 34 4 0 0 
1683665573.4189394 20.2951171875 44.69567270333145 986.496974226872 1 4 4 1 4 4 300 98 34 4 0 0 
1683665578.573987 20.3001953125 44.74882996883982 986.5309355583292 1 4 4 1 4 4 348 114 36 4 0 0 
1683665583.7314718 20.3001953125 44.74291447096611 986.5070692415873 1 5 5 1 5 5 369 121 36 4 0 0 
1683665588.8882046 20.2900390625 44.73699896281773 986.5295642450488 1 5 5 1 5 5 381 125 36 4 0 0 
1683665594.039468 20.2951171875 44.64826510763018 986.5480714903413 1 5 5 1 5 5 408 132 38 4 0 0 
1683665599.1913059 20.2849609375 44.677802989903675 986.487502355379 1 4 4 1 4 4 375 120 24 0 0 0 
1683665604.340677 20.2849609375 44.77240902279773 986.5460779719288 1 3 3 1 3 3 360 115 24 0 0 0 
1683665609.4852428 20.2849609375 44.78432274031373 986.5346116747445 1 3 3 1 3 3 339 106 24 0 0 0 
1683665614.6335144 20.2951171875 44.75458055798322 986.5382876278137 1 3 3 1 3 3 339 106 24 0 0 0 
1683665619.787572 20.2849609375 44.73683487861376 986.5551122638547 1 1 2 1 1 2 231 70 8 2 2 0 
1683665624.9416132 20.2849609375 44.92033182942765 986.4979085298291 1 1 2 1 1 2 231 70 8 2 2 0 
1683665630.0934896 20.2900390625 44.577198002763794 986.5096857625831 1 1 2 1 1 2 231 70 8 2 2 0 
1683665635.2483733 20.2849609375 44.583152903966734 986.5141106609692 1 1 2 1 1 2 243 74 6 2 2 0 
1683665640.4026523 20.2900390625 44.61273133836928 986.5144219597357 1 1 2 1 1 2 243 74 6 2 2 0 
1683665645.5512667 20.2900390625 44.77840730408812 986.4939207933622 1 1 2 1 1 2 243 74 6 2 2 0 
1683665650.6996458 20.3052734375 44.57731702693355 986.4997158700332 1 1 2 1 1 2 243 74 8 2 2 0 
1683665655.8540099 20.2900390625 44.60685518405886 986.4656301900127 1 1 2 1 1 2 243 74 8 2 2 0 
1683665661.0122926 20.3052734375 44.7310425073681 986.5033926374873 1 1 2 1 1 2 243 74 8 2 2 0 
1683665666.16593 20.2951171875 44.713296094016634 986.4670009855413 1 1 2 1 1 2 228 71 8 2 2 0 
1683665671.31637 20.3001953125 44.82573050620197 986.5020217339152 1 1 2 1 1 2 228 71 8 2 2 0 
1683665676.4672523 20.2951171875 44.73112594451259 986.4908673049451 1 1 2 1 1 2 228 71 8 2 2 0 
1683665681.6160386 20.2951171875 44.772534850952944 986.4498641914681 1 1 2 1 1 2 234 71 8 2 2 0 
1683665686.7615547 20.2951171875 44.813899767321594 986.4815199343839 1 1 2 1 1 2 234 71 8 2 2 0 
1683665691.9105866 20.2951171875 44.772491857587816 986.4535410883401 1 1 2 1 1 2 234 71 8 2 2 0 
1683665697.0596113 20.3052734375 44.831689558213284 986.5087517442845 0 0 2 0 0 2 219 64 6 2 2 0 
1683665702.2111425 20.3052734375 44.565524299058396 986.5199062289826 0 1 1 0 1 1 276 68 8 0 0 0 
1683665707.3643622 20.2951171875 44.66605378860289 986.5090631931239 1 1 1 1 1 1 291 73 10 0 0 0 
1683665712.516221 20.2951171875 44.74878882824956 986.5289417821016 1 1 1 1 1 1 291 73 10 0 0 0 
1683665717.666652 20.2951171875 44.67788518215171 986.5858360091951 1 1 1 1 1 1 291 73 10 0 0 0 
1683665722.814895 20.2900390625 44.67196949051476 986.5743694039869 1 1 1 1 1 1 285 76 10 0 0 0 
1683665727.9688625 20.3103515625 44.630638873546275 986.5538681512672 1 1 1 1 1 1 285 76 10 0 0 0 
1683665733.1247203 20.3103515625 44.81402697313972 986.5686996379939 1 1 1 1 1 1 285 76 10 0 0 0 
1683665738.2796173 20.3103515625 44.76078628407057 986.5319954209064 0 1 1 0 1 1 222 62 10 0 0 0 
1683665743.4336085 20.3205078125 44.630638873546275 986.5498803480818 0 1 1 0 1 1 222 62 10 0 0 0 
1683665748.5837557 20.3154296875 44.630718342614145 986.5599756202106 0 1 1 0 1 1 222 62 10 0 0 0 
1683665753.738441 20.3255859375 44.701710084369914 986.5818487184548 0 1 1 0 1 1 237 62 10 0 0 0 
1683665758.893609 20.3103515625 44.660338472496186 986.5327432169594 0 1 1 0 1 1 237 62 10 0 0 0 
1683665764.0459642 20.3154296875 44.70166954093477 986.5468267232374 0 1 1 0 1 1 237 62 10 0 0 0 
1683665769.1938183 20.3205078125 44.69583462720651 986.5260129855127 0 1 1 0 1 1 249 67 10 0 0 0 
1683665774.3400106 20.3103515625 44.76666064589271 986.5566105292215 0 1 1 0 1 1 249 67 10 0 0 0 
1683665779.4910183 20.3205078125 44.61884664836727 986.5125525259735 0 1 1 0 1 1 249 67 10 0 0 0 
1683665784.6418388 20.3103515625 44.885013263865055 986.4798374192495 0 1 1 0 1 1 177 57 8 0 0 0 
1683665789.7931747 20.3103515625 44.80211233301969 986.504763458827 0 1 1 0 1 1 177 57 8 0 0 0 
1683665794.9430468 20.3001953125 44.879097796152635 986.5670171056703 0 1 1 0 1 1 207 67 15 0 0 0 
1683665800.09348 20.3103515625 44.772576240984264 986.5353604555776 0 1 1 0 1 1 207 67 15 0 0 0 
1683665805.2475667 20.3052734375 44.61872780341051 986.5515628932619 0 1 1 0 1 1 207 67 15 0 0 0 
1683665810.3934162 20.3103515625 44.672130371799405 986.5431501680604 0 1 1 0 1 1 228 72 17 0 0 0 
1683665815.5405412 20.3205078125 44.84360477409474 986.5936265454789 0 1 1 0 1 1 228 72 17 0 0 0 
1683665820.6942914 20.3154296875 44.678006062856745 986.5546164768851 0 1 1 0 1 1 228 72 17 0 0 0 
1683665825.8410778 20.3205078125 44.81406881657932 986.56440029657 1 2 2 1 2 2 243 77 17 0 0 0 
1683665830.9911728 20.3255859375 44.80819492251858 986.5523105487447 1 2 2 1 2 2 243 77 17 0 0 0 
1683665836.1400466 20.3205078125 44.731289540043655 986.5489453769826 1 2 2 1 2 2 243 77 17 0 0 0 
1683665841.2932656 20.3205078125 44.75495291961699 986.5506279628287 1 2 2 1 2 2 249 79 19 0 0 0 
1683665846.4462228 20.3255859375 44.79636343824932 986.5475745712164 1 2 2 1 2 2 249 79 19 0 0 0 
1683665851.60022 20.3306640625 44.820026365684356 986.5546164768851 1 2 2 1 2 2 249 79 19 0 0 0 
1683665856.755273 20.3306640625 44.512433845878675 986.5425268549731 1 2 2 1 2 2 276 83 19 0 0 0 
1683665861.9101987 20.3306640625 44.57159646723365 986.5186588437049 1 2 2 1 2 2 276 83 19 0 0 0 
1683665867.0643795 20.3205078125 44.85556274539763 986.5290662814001 0 0 0 0 0 0 204 54 0 0 0 0 
1683665872.219099 20.3154296875 44.713541897467024 986.5422150342972 0 0 0 0 0 0 204 54 0 0 0 0 
1683665877.3740363 20.3255859375 44.72545526683729 986.5206534251887 0 0 0 0 0 0 204 54 2 0 0 0 
1683665882.5318189 20.3255859375 44.68404293504654 986.5206534251887 0 0 0 0 0 0 204 54 2 0 0 0 
1683665887.6866753 20.3205078125 44.67812684654249 986.5186588437049 0 0 0 0 0 0 204 54 2 0 0 0 
1683665892.8454914 20.3255859375 44.86143609307468 986.5200293219724 0 0 0 0 0 0 231 63 4 0 0 0 
1683665897.9997203 20.3306640625 44.64263009971502 986.5149815277521 0 0 0 0 0 0 231 63 4 0 0 0 
1683665903.155383 20.3357421875 44.77286566937342 986.5062562145914 0 0 0 0 0 0 231 63 4 0 0 0 
1683665908.3112154 20.341015625 44.62492121651522 986.5079388258009 0 0 0 0 0 0 231 66 6 0 0 0 
1683665913.4661522 20.35625 44.53033689128542 986.5339236768199 0 0 0 0 0 0 231 66 6 0 0 0 
1683665918.6215794 20.351171875 44.5243818782653 986.4894301063413 0 0 0 0 0 0 231 66 6 0 0 0 
1683665923.7757773 20.341015625 44.55991953352264 986.5429615419437 0 0 0 0 0 0 231 66 6 0 0 0 
1683665928.9301937 20.34609375 44.78473921817549 986.5197171062242 0 0 0 0 0 0 231 66 6 0 0 0 
1683665934.085375 20.351171875 44.63095649109642 986.5574808260781 0 0 0 0 0 0 231 66 6 0 0 0 
1683665939.239356 20.351171875 44.59537909697989 986.5426492971088 0 0 0 0 0 0 240 69 6 0 0 0 
1683665944.394727 20.351171875 44.63691265478965 986.5625287884161 0 0 0 0 0 0 240 69 6 0 0 0 
1683665949.5508249 20.361328125 44.56591385635662 986.5720001661236 0 1 1 0 1 1 198 52 13 2 0 0 
1683665954.7060294 20.35625 44.678327937087026 986.5706298271139 0 1 1 0 1 1 198 52 13 2 0 0 
1683665959.8608713 20.351171875 44.77894715107472 986.5703174844107 0 1 1 0 1 1 198 52 13 2 0 0 
1683665965.017276 20.351171875 44.64874564397651 986.5437071461013 0 1 1 0 1 1 192 50 15 2 0 0 
1683665970.1729834 20.351171875 44.71974271578581 986.560533819637 0 1 1 0 1 1 192 50 15 2 0 0 
1683665975.3280103 20.361328125 44.660578592053284 986.5372889830179 0 1 1 0 1 1 192 50 15 2 0 0 
1683665980.482551 20.35625 44.40612407390101 986.5423369428394 0 1 1 0 1 1 207 55 13 2 0 0 
1683665985.6385345 20.361328125 44.71966136191793 986.5510624970983 0 1 1 0 1 1 207 55 13 2 0 0 
1683665990.794931 20.361328125 44.713907524698605 986.5383465451451 0 1 1 0 1 1 207 55 13 2 0 0 
1683665995.9494975 20.36640625 44.65470203749185 986.5363511415741 0 1 1 0 1 1 234 64 15 2 0 0 
1683666001.1017509 20.36640625 44.79077978264655 986.5117364856414 0 1 1 0 1 1 234 64 15 2 0 0 
1683666006.253837 20.371484375 44.42986602487977 986.5060626638589 0 1 1 0 1 1 234 64 15 2 0 0 
1683666011.4038475 20.361328125 44.73161621367705 986.4868094194052 0 1 2 0 1 2 255 71 17 2 0 0 
1683666016.552587 20.35625 44.56003605159326 986.5077453564711 0 1 2 0 1 2 255 71 17 2 0 0 
1683666021.7033648 20.361328125 44.636952365552155 986.4831311792519 0 1 2 0 1 2 255 71 17 2 0 0 
1683666026.8480027 20.361328125 44.65470203749185 986.5063756311149 0 1 1 0 1 1 249 69 15 2 0 0 
1683666031.9990427 20.36640625 44.56003605159326 986.5127934347272 1 2 2 1 2 2 291 86 16 0 0 0 
1683666037.1487558 20.371484375 44.58374188397658 986.5046929521282 1 2 2 1 2 2 276 83 14 0 0 0 
1683666042.2992425 20.371484375 44.51270207197917 986.5273117628633 1 2 2 1 2 2 276 83 14 0 0 0 
1683666047.4500096 20.36640625 44.536369144008276 986.4558952919201 1 2 2 1 2 2 276 83 14 0 0 0 
1683666052.5987463 20.371484375 44.6488651510761 986.4942838175307 1 2 2 1 2 2 276 83 10 0 0 0 
1683666057.7508225 20.371484375 44.5600748693896 986.5164717065034 1 2 2 1 2 2 276 83 10 0 0 0 
1683666062.9047792 20.361328125 44.66653510072953 986.5013275943643 1 2 2 1 2 2 276 83 10 0 0 0 
1683666068.05866 20.361328125 44.5837027947341 986.5245722864379 1 1 1 1 1 1 243 73 6 0 0 0 
1683666073.213954 20.35625 44.76119812663378 986.4861834878873 1 1 1 1 1 1 243 73 6 0 0 0 
1683666078.3677738 20.371484375 44.713866942569915 986.4982751624711 1 1 1 1 1 1 243 73 6 0 0 0 
1683666083.5214016 20.371484375 44.5837027947341 986.5077453564711 1 1 1 1 1 1 243 71 8 0 0 0 
1683666088.6771152 20.36640625 44.55419682920183 986.5074322933247 1 1 1 1 1 1 243 71 8 0 0 0 
1683666093.831121 20.371484375 44.73757347037419 986.5212068998853 1 1 1 1 1 1 243 71 8 0 0 0 
1683666098.9835174 20.371484375 44.65478183382829 986.5228895931266 1 1 1 1 1 1 249 73 8 0 0 0 
1683666104.1331575 20.3765625 44.63111504115017 986.5302458123056 1 1 1 1 1 1 249 73 8 0 0 0 
1683666109.2792115 20.36640625 44.625198317285054 986.5184671489043 1 1 1 1 1 1 249 73 8 0 0 0 
1683666114.4313323 20.371484375 44.607369373430814 986.5063756311149 0 2 2 0 2 2 294 86 8 2 0 0 
1683666119.5826921 20.371484375 44.5601136764057 986.5114236684947 1 2 2 1 2 2 309 89 8 2 0 0 
1683666124.7287803 20.36640625 44.67844846205473 986.5262549798191 1 2 2 1 2 2 309 89 8 2 0 0 
1683666129.8794014 20.371484375 44.60153131904233 986.4982751624711 1 2 2 1 2 2 309 89 8 2 0 0 
1683666135.0330412 20.36640625 44.625198317285054 986.5016404928443 1 2 2 1 2 2 300 89 8 2 0 0 
1683666140.1861181 20.3765625 44.489148813470464 986.5458216936618 1 2 2 1 2 2 300 89 8 2 0 0 
1683666145.3446026 20.38671875 44.672611980779465 986.5491871365339 1 2 2 1 2 2 300 89 8 2 0 0 
1683666150.499107 20.3765625 44.57194733997874 986.5242593588473 1 2 2 1 2 2 300 89 8 2 0 0 
1683666155.6547716 20.371484375 44.75536386804623 986.5562308025992 1 2 2 1 2 2 300 89 8 2 0 0 
1683666160.8090665 20.3765625 44.50086847429807 986.592937919318 1 2 2 1 2 2 300 89 8 2 0 0 
1683666165.9650142 20.371484375 44.71986466573914 986.5043799713167 1 2 2 1 2 2 294 89 8 2 0 0 
1683666171.1197302 20.371484375 44.5424402784764 986.49397064594 1 2 2 1 2 2 294 89 8 2 0 0 
1683666176.2738292 20.371484375 44.86181698719752 986.5494999702383 1 2 2 1 2 2 294 89 8 2 0 0 
1683666181.4281821 20.371484375 44.625198317285054 986.5172154405384 1 2 2 1 2 2 294 89 8 0 0 0 
1683666186.5829952 20.371484375 44.50094474184665 986.5037536813534 1 2 2 1 2 2 294 89 8 0 0 0 
1683666191.736707 20.3765625 44.5068616815546 986.5060626638589 1 2 2 1 2 2 294 89 8 0 0 0 
1683666196.8939872 20.381640625 44.690281714498575 986.5172154405384 1 1 1 1 1 1 228 76 15 0 0 0 
1683666202.0438356 20.371484375 44.65482171582653 986.4869264886639 1 1 1 1 1 1 228 76 15 0 0 0 
1683666207.1938348 20.3765625 44.524689206347375 986.4956533516183 1 2 2 1 2 2 249 83 15 0 0 0 
1683666212.3472927 20.381640625 44.70219576476322 986.5256290423008 1 2 2 1 2 2 249 83 15 0 0 0 
1683666217.4978023 20.381640625 44.6371507576641 986.5182716769867 1 2 2 1 2 2 249 83 15 0 0 0 
1683666222.6465151 20.38671875 44.69036228200582 986.5340426458113 1 1 1 1 1 1 249 83 13 0 0 0 
1683666227.8003275 20.391796875 44.73773677677785 986.4886092076183 1 1 1 1 1 1 249 83 13 0 0 0 
1683666232.9573467 20.401953125 44.63131298616615 986.5849557901403 1 1 1 1 1 1 249 83 13 0 0 0 
1683666238.1118686 20.401953125 44.69640000250599 986.5869515271803 1 2 2 1 2 2 276 92 13 0 0 0 
1683666243.2644067 20.396875 44.58989332816523 986.5896910801689 1 2 2 1 2 2 276 92 13 0 0 0 
1683666248.4216967 20.396875 44.63723003904864 986.5610836427232 1 2 2 1 2 2 276 92 13 0 0 0 
1683666253.5766418 20.396875 44.66685511308449 986.5193275299052 1 1 1 1 1 1 264 85 11 0 0 0 
1683666258.730952 20.401953125 44.75552794558648 986.5485611407726 1 1 1 1 1 1 264 85 11 0 0 0 
1683666263.8851771 20.396875 44.572141891973686 986.506492447187 1 1 1 1 1 1 264 85 11 0 0 0 
1683666269.040892 20.391796875 44.50109714757865 986.5132234352245 1 1 1 1 1 1 255 82 9 0 0 0 
1683666274.1950982 20.38671875 44.62535642342055 986.509857941066 1 1 1 1 1 1 255 82 9 0 0 0 
1683666279.3502073 20.38671875 44.56023003277241 986.5202677074336 0 0 1 0 0 1 174 48 4 2 2 0 
1683666284.5090587 20.38671875 44.59573212165705 986.550556928476 0 0 1 0 0 1 174 48 4 2 2 0 
1683666289.6640933 20.38671875 44.61943941783887 986.5250026669818 0 0 1 0 0 1 204 55 4 2 2 0 
1683666294.8193982 20.381640625 44.60764467184209 986.4953400841349 0 0 1 0 0 1 204 55 4 2 2 0 
1683666299.974254 20.381640625 44.654861587044785 986.5239463218086 0 0 1 0 0 1 204 55 4 2 2 0 
1683666305.1288133 20.381640625 44.66077839523505 986.4906052347928 0 0 1 0 0 1 213 58 6 2 2 0 
1683666310.2837536 20.38671875 44.678568890003184 986.4785128949406 0 0 1 0 0 1 213 58 6 2 2 0 
1683666315.440875 20.381640625 44.64894476857582 986.49670944006 0 0 1 0 0 1 213 58 6 2 2 0 
1683666320.5951383 20.396875 44.74969300452971 986.5092308839226 0 0 1 0 0 1 180 51 8 2 2 0 
1683666325.7492409 20.391796875 44.779194960554136 986.4933439744111 0 0 1 0 0 1 180 51 8 2 2 0 
1683666330.9035969 20.38671875 44.71398865661656 986.5028134255226 0 0 1 0 0 1 180 51 8 2 2 0 
1683666336.0587807 20.391796875 44.654901447483056 986.4899785090415 0 0 1 0 0 1 189 51 8 2 2 0 
1683666341.2140634 20.391796875 44.73769596634655 986.509857941066 0 0 1 0 0 1 189 51 8 2 2 0 
1683666346.3688397 20.391796875 44.6371507576641 986.5095444672236 0 0 1 0 0 1 189 51 8 2 2 0 
1683666351.5245717 20.38671875 44.61947884956294 986.494713220813 0 1 2 0 1 2 210 58 10 4 2 0 
1683666356.6874259 20.38671875 44.60168833941878 986.5317336580952 0 1 2 0 1 2 210 58 10 4 2 0 
1683666361.8424828 20.396875 44.68452591388279 986.5185849735955 1 1 1 1 1 1 258 75 13 0 0 0 
1683666366.996587 20.3765625 44.72594394559549 986.5395208294211 1 1 1 1 1 1 258 75 13 0 0 0 
1683666372.151554 20.391796875 44.5957712927204 986.5294241784047 1 1 1 1 1 1 258 75 13 0 0 0 
1683666377.3066685 20.391796875 44.631273418723055 986.4930304744678 1 1 1 1 1 1 237 70 6 0 0 0 
1683666382.4614305 20.391796875 44.58985423574285 986.5075481098368 1 1 1 1 1 1 237 70 6 0 0 0 
1683666387.6169794 20.391796875 44.79702803788953 986.4671615527519 1 1 1 1 1 1 237 70 6 0 0 0 
1683666392.774692 20.401953125 44.46570663425601 986.5008170141929 0 1 1 0 1 1 228 67 10 0 0 0 
1683666397.9311376 20.396875 44.666815149269944 986.5395208294211 0 1 1 0 1 1 228 67 10 0 0 0 
1683666403.0845609 20.396875 44.572180770032 986.5479347071906 0 1 1 0 1 1 228 67 10 0 0 0 
1683666408.2347348 20.401953125 44.60176678492618 986.5159619809648 0 1 1 0 1 1 228 67 12 0 0 0 
1683666413.3872678 20.412109375 44.56626353621423 986.5594008529145 0 1 1 0 1 1 228 67 12 0 0 0 
1683666418.5376956 20.401953125 44.76148577503719 986.5364686452125 0 1 1 0 1 1 228 67 12 0 0 0 
1683666423.6881375 20.391796875 44.69640000250599 986.5529830346912 0 1 1 0 1 1 243 71 14 0 0 0 
1683666428.8466048 20.391796875 44.74969300452971 986.5731763509859 0 1 1 0 1 1 243 71 14 0 0 0 
1683666434.000666 20.396875 44.64318677403288 986.5647624679731 0 1 1 0 1 1 243 71 14 0 0 0 
1683666439.1545289 20.401953125 44.63143162381512 986.5210103044805 0 1 1 0 1 1 249 69 14 0 0 0 
1683666444.3084528 20.40703125 44.54855036891255 986.5425729586719 0 1 1 0 1 1 216 69 8 0 0 0 
1683666449.4670417 20.401953125 44.518925295604774 986.546251931497 0 1 1 0 1 1 237 76 6 0 0 0 
1683666454.6219122 20.4171875 44.53667721293066 986.5469942358598 0 1 1 0 1 1 237 76 6 0 0 0 
1683666459.767627 20.40703125 44.57817585306921 986.5422594275618 0 1 1 0 1 1 237 76 6 0 0 0 
1683666464.9164062 20.4171875 44.77927747747695 986.5321626130376 0 1 1 0 1 1 216 67 4 0 0 0 
1683666470.069701 20.401953125 44.69060372581045 986.5170173959706 0 1 1 0 1 1 216 67 4 0 0 0 
1683666475.2202995 20.40703125 44.64918336235496 986.548990638643 0 1 1 0 1 1 216 67 4 0 0 0 
1683666480.3703191 20.412109375 44.572258493807965 986.552356244603 1 1 1 1 1 1 282 86 8 0 0 0 
1683666485.5213714 20.422265625 44.45405903882025 986.523120914011 1 1 1 1 1 1 282 86 8 0 0 0 
1683666490.673468 20.4171875 44.507166863446436 986.5473078357678 1 1 1 1 1 1 282 86 8 0 0 0 
1683666495.8277419 20.412109375 44.46578189337403 986.5570911354939 1 1 1 1 1 1 303 93 8 0 0 0 
1683666500.9829547 20.4171875 44.57821476664845 986.5271142067194 1 1 1 1 1 1 303 93 8 0 0 0 
1683666506.1370018 20.4171875 44.761690914792226 986.523120914011 1 1 1 1 1 1 303 93 8 0 0 0 
1683666511.2905903 20.422265625 44.75573279996872 986.5430010207624 1 1 1 1 1 1 333 100 10 0 0 0 
1683666516.4444976 20.412109375 44.75569185065165 986.5301660753959 1 1 1 1 1 1 333 100 10 0 0 0 
1683666521.6019685 20.412109375 44.80894484576563 986.5671880376452 1 1 1 1 1 1 333 100 10 0 0 0 
1683666526.7567549 20.40703125 44.50121133868313 986.5930566623733 0 2 2 0 2 2 231 65 15 2 0 0 
1683666531.91065 20.40703125 44.69640000250599 986.586638567442 0 1 1 0 1 1 219 58 15 2 0 0 
1683666537.0669923 20.40703125 44.80886169343303 986.5826467108277 0 1 1 0 1 1 219 58 15 2 0 0 
1683666542.222163 20.396875 44.76148577503719 986.6065189939869 0 1 1 0 1 1 219 58 15 2 0 0 
1683666547.3666337 20.40703125 44.63723003904864 986.5964222448571 0 1 1 0 1 1 219 58 8 2 0 0 
1683666552.517746 20.391796875 44.74969300452971 986.5788506272089 0 1 1 0 1 1 219 58 8 2 0 0 
1683666557.6689615 20.396875 44.71415079109469 986.6250297072619 0 1 1 0 1 1 219 58 8 2 0 0 
1683666562.818267 20.391796875 44.80286181105501 986.5936825828633 0 1 1 0 1 1 198 51 4 2 0 0 
1683666567.9673283 20.391796875 44.678568890003184 986.652579367803 0 1 1 0 1 1 198 51 4 2 0 0 
1683666573.1116357 20.396875 44.76140364367745 986.641544904443 0 1 1 0 1 1 198 51 4 2 0 0 
1683666578.261009 20.401953125 44.862070431540324 986.6542621343453 0 1 1 0 1 1 198 51 4 2 0 0 
1683666583.4128377 20.401953125 44.90357212467345 986.6051491223749 0 1 1 0 1 1 198 51 4 2 0 0 
1683666588.5636694 20.391796875 44.785111688598114 986.5886342909961 0 1 1 0 1 1 198 51 4 2 0 0 
1683666593.7136912 20.391796875 44.73186076615204 986.6189240516366 0 1 1 0 1 1 204 56 4 2 0 0 
1683666598.865601 20.401953125 44.63719040374639 986.5984180105114 0 1 1 0 1 1 204 56 4 2 0 0 
1683666604.0192425 20.401953125 44.82069530785794 986.5664452444357 0 1 1 0 1 1 204 56 4 2 0 0 
1683666609.1740217 20.401953125 44.70827431065843 986.5815902357467 0 1 1 0 1 1 237 69 13 0 0 0 
1683666614.32513 20.40703125 44.66097792891764 986.6098845775896 0 1 1 0 1 1 237 69 13 0 0 0 
1683666619.4757717 20.412109375 44.73198289686275 986.6068319005155 0 1 1 0 1 1 243 71 13 0 0 0 
1683666624.6223404 20.412109375 44.76160889122923 986.5927435379364 0 1 1 0 1 1 243 71 13 0 0 0 
1683666629.7705824 20.412109375 44.63147114813801 986.5752886457672 0 1 1 0 1 1 243 71 13 0 0 0 
1683666634.9206407 20.412109375 44.655180168711446 986.5769714769424 0 1 1 0 1 1 222 66 15 0 0 0 
1683666640.0744436 20.42734375 44.54274854533201 986.5957959407419 0 1 1 0 1 1 222 66 15 0 0 0 
1683666645.2297149 20.432421875 44.7379406672382 986.5587739523444 0 1 1 0 1 1 222 66 15 0 0 0 
1683666650.3847928 20.412109375 44.501287412183984 986.5809639065542 0 1 1 0 1 1 228 68 15 0 0 0 
1683666655.539096 20.422265625 44.51904003280417 986.5941131223536 0 1 1 0 1 1 228 68 15 0 0 0 
1683666660.693095 20.412109375 44.749815681256514 986.5694975928158 0 1 1 0 1 1 228 68 15 0 0 0 
1683666665.8478308 20.422265625 44.54851177308303 986.5977919524345 0 1 1 0 1 1 222 68 19 0 0 0 
1683666671.0027816 20.4171875 44.64326612645513 986.5921169606663 0 1 1 0 1 1 222 68 19 0 0 0 
1683666676.1569607 20.412109375 44.76164990840057 986.6129371997044 0 1 1 0 1 1 222 68 19 0 0 0 
1683666681.3119912 20.40703125 44.70247836146612 986.5795943352339 0 1 1 0 1 1 195 59 17 0 0 0 
1683666686.4656081 20.40703125 44.64334543575733 986.6348136779809 0 1 1 0 1 1 195 59 17 0 0 0 
1683666691.6202905 20.401953125 44.63131298616615 986.5846427073868 1 2 2 1 2 2 306 98 21 2 0 0 
1683666696.77525 20.40703125 44.7379406672382 986.6101974570064 1 2 2 1 2 2 306 98 21 2 0 0 
1683666701.9301636 20.396875 44.74969300452971 986.6404874780097 1 2 2 1 2 2 300 96 19 2 0 0 
1683666707.0850909 20.396875 44.743816914268585 986.5883213448136 1 2 2 1 2 2 300 96 19 2 0 0 
1683666712.2396107 20.396875 44.7733606034468 986.6152457922674 1 2 2 1 2 2 300 96 19 2 0 0 
1683666717.3943884 20.391796875 44.53660026038203 986.5886342909961 1 2 2 1 2 2 237 77 17 2 0 0 
1683666722.5498857 20.396875 44.73777757642941 986.5886342909961 1 2 2 1 2 2 237 77 17 2 0 0 
1683666727.7050316 20.401953125 44.8089032749891 986.5933696773479 1 2 2 1 2 2 237 77 17 2 0 0 
1683666732.859066 20.40703125 44.64910387421525 986.5832730129086 1 2 2 1 2 2 225 73 17 2 0 0 
1683666738.0133183 20.401953125 44.83840372080425 986.5900041222552 1 2 2 1 2 2 225 73 17 2 0 0 
1683666743.1671069 20.401953125 44.63730927731304 986.5970481111242 1 2 2 1 2 2 225 73 17 2 0 0 
1683666748.3222 20.401953125 44.70235731327252 986.5698107975711 1 2 2 1 2 2 267 89 17 2 0 0 
1683666753.47825 20.40703125 44.72010827459131 986.5883213448136 1 2 2 1 2 2 267 89 17 2 0 0 
1683666758.633148 20.401953125 44.70239767345023 986.6101974570064 1 2 2 1 2 2 267 89 17 2 0 0 
1683666763.7882173 20.401953125 44.7733606034468 986.5597141390043 1 2 2 1 2 2 276 89 15 2 0 0 
1683666768.9432325 20.401953125 44.83244514289967 986.5812771258816 1 2 2 1 2 2 276 89 15 2 0 0 
1683666774.0983672 20.401953125 44.802903346317834 986.5718066559834 1 1 1 1 1 1 300 87 14 0 0 0 
1683666779.2533696 20.40703125 44.79702803788953 986.5829599165992 1 1 1 1 1 1 300 87 14 0 0 0 
1683666784.408245 20.40703125 44.76744371913699 986.5546658106646 1 1 1 1 1 1 300 87 14 0 0 0 
1683666789.5591388 20.401953125 44.76736147362866 986.5560352735066 1 1 1 1 1 1 291 84 10 0 0 0 
1683666794.7096179 20.396875 44.75560991967845 986.5613969152572 1 1 1 1 1 1 291 84 10 0 0 0 
1683666799.8610196 20.396875 44.69052328766176 986.538151406931 1 1 1 1 1 1 291 84 10 0 0 0 
1683666805.019497 20.401953125 44.71419129776469 986.5246893151401 1 1 1 1 1 1 297 86 12 0 0 0 
1683666810.173323 20.396875 44.64910387421525 986.5496174829542 1 1 1 1 1 1 297 86 12 0 0 0 
1683666815.322736 20.401953125 44.70827431065843 986.5496174829542 1 1 1 1 1 1 297 86 12 0 0 0 
1683666820.473988 20.391796875 44.67265204479156 986.5765419046805 1 1 1 1 1 1 312 91 12 0 0 0 
1683666825.6198268 20.401953125 44.78515302030259 986.5428863803191 1 1 1 1 1 1 312 91 12 0 0 0 
1683666830.7697027 20.40703125 44.802944870801106 986.5479347071906 1 1 1 1 1 1 312 91 12 0 0 0 
1683666835.9194949 20.40703125 44.70235731327252 986.552356244603 1 2 2 1 2 2 354 107 10 0 0 0 
1683666841.070047 20.401953125 44.873946063927555 986.5644492225505 1 2 2 1 2 2 354 107 10 0 0 0 
1683666846.2207644 20.401953125 44.83240325759817 986.5644492225505 1 2 2 1 2 2 354 107 10 0 0 0 
1683666851.3702579 20.396875 44.71419129776469 986.5321626130376 1 2 2 1 2 2 348 109 14 0 0 0 
1683666856.51595 20.40703125 44.7733606034468 986.5176447553999 0 0 0 0 0 0 159 34 10 2 0 0 
1683666861.6660416 20.401953125 44.720148838337394 986.5307934368622 0 0 0 0 0 0 144 34 10 2 0 0 
1683666866.8155174 20.40703125 44.70235731327252 986.4904065309499 0 0 0 0 0 0 144 34 10 2 0 0 
1683666871.9661374 20.401953125 44.54267154329995 986.5304798108617 0 0 0 0 0 0 144 34 10 2 0 0 
1683666877.1169062 20.412109375 44.65514038373305 986.4766301781444 0 0 0 0 0 0 171 41 8 0 0 0 
1683666882.2706752 20.422265625 44.63151066168085 986.4796816359532 0 0 0 0 0 0 171 41 8 0 0 0 
1683666887.425032 20.412109375 44.637348880275184 986.507975456086 0 0 0 0 0 0 171 41 8 0 0 0 
1683666892.5789618 20.422265625 44.74389855226395 986.5069205877386 0 0 0 0 0 0 192 48 8 0 0 0 
1683666897.73382 20.422265625 44.58413218349093 986.5113411129132 0 0 0 0 0 0 192 48 8 0 0 0 
1683666902.8922014 20.4171875 44.66105766693092 986.5086033889357 0 0 0 0 0 0 192 48 8 0 0 0 
1683666908.0443037 20.412109375 44.72618770286655 986.4732645784766 0 0 0 0 0 0 186 53 6 0 0 0 
1683666913.1949294 20.412109375 44.75573279996872 986.5284832597339 0 0 0 0 0 0 186 53 6 0 0 0 
1683666918.3445807 20.40703125 44.78527695073837 986.4971376791389 0 0 0 0 0 0 186 53 6 0 0 0 
1683666923.493729 20.422265625 44.607801748057305 986.4543273278225 0 0 0 0 0 0 186 53 6 0 0 0 
1683666928.6409879 20.412109375 44.607801748057305 986.4692704226737 0 0 0 0 0 0 186 53 6 0 0 0 
1683666933.7885172 20.40703125 44.77935995128127 986.4679019424707 0 0 0 0 0 0 186 53 6 0 0 0 
1683666938.9376376 20.422265625 44.666935008373734 986.4911471761448 0 0 1 0 0 1 186 57 10 2 0 0 
1683666944.0865388 20.412109375 44.672972168810844 986.5473078357678 0 0 1 0 0 1 186 57 10 2 0 0 
1683666949.2360601 20.4171875 44.85036326627876 986.4799957780918 0 0 1 0 0 1 186 57 10 2 0 0 
1683666954.3838403 20.412109375 44.838613270978286 986.4965097754425 0 0 1 0 0 1 186 57 10 2 0 0 
1683666959.5327642 20.4171875 44.71431275309585 986.4500196653077 0 1 1 0 1 1 219 68 10 2 0 0 
1683666964.6825728 20.422265625 44.76764914426383 986.4928300038243 0 1 1 0 1 1 219 68 10 2 0 0 
1683666969.830878 20.432421875 44.655299458966745 986.5107127964029 0 1 1 0 1 1 219 68 10 2 0 0 
1683666974.984657 20.432421875 44.65525970632829 986.4871528249225 0 1 2 0 1 2 225 70 10 2 0 0 
1683666980.1432495 20.422265625 44.631589656426385 986.5036669978903 0 1 2 0 1 2 225 70 10 2 0 0 
1683666985.3000212 20.4375 44.68484703738177 986.5050353941826 0 1 2 0 1 2 225 70 10 2 0 0 
1683666990.454417 20.432421875 44.7322268672307 986.4514980964744 0 1 2 0 1 2 240 75 10 2 0 0 
1683666995.6128235 20.432421875 44.6908046325343 986.4470790623799 0 1 2 0 1 2 240 75 10 2 0 0 
1683667000.767848 20.4375 44.68484703738177 986.490518534295 0 1 2 0 1 2 240 75 10 2 0 0 
1683667005.9226873 20.4375 44.7913593009944 986.4902040491568 0 1 2 0 1 2 246 77 10 2 0 0 
1683667011.0793483 20.4375 44.81502824054157 986.4938842439472 0 1 2 0 1 2 246 77 10 2 0 0 
1683667016.233834 20.432421875 44.60795865179063 986.477055698483 0 1 2 0 1 2 246 77 10 2 0 0 
1683667021.388036 20.42734375 44.83865514867474 986.5177583781116 1 1 1 1 1 1 339 88 10 0 0 0 
1683667026.542615 20.432421875 44.60791944202747 986.5362696478508 1 1 1 1 1 1 339 88 10 0 0 0 
1683667031.6933258 20.442578125 44.70855708052054 986.5440558709396 1 2 2 1 2 2 366 95 14 0 0 0 
1683667036.8442767 20.432421875 44.76769019695023 986.5171299510985 1 2 2 1 2 2 366 95 14 0 0 0 
1683667041.9996958 20.4375 44.60200186272509 986.5410042084429 1 2 2 1 2 2 366 95 14 0 0 0 
1683667047.1534464 20.432421875 44.62559325922172 986.5059784835913 1 2 2 1 2 2 354 93 16 0 0 0 
1683667052.3076942 20.432421875 44.66709466959287 986.4999867470058 1 2 2 1 2 2 354 93 16 0 0 0 
1683667057.4626057 20.432421875 44.672972168810844 986.4938842439472 1 2 2 1 2 2 354 93 16 0 0 0 
1683667062.6163762 20.432421875 44.70851671716544 986.5275413558506 1 2 2 1 2 2 354 93 16 0 0 0 
1683667067.775212 20.432421875 44.72630943597511 986.5073470853524 1 2 2 1 2 2 354 93 16 0 0 0 
1683667072.9307828 20.432421875 44.59608427314165 986.5120813431209 1 2 2 1 2 2 354 93 16 0 0 0 
1683667078.0869243 20.432421875 44.820945449725706 986.4871528249225 1 2 2 1 2 2 342 93 18 0 0 0 
1683667083.242076 20.432421875 44.7144341114087 986.5426870653315 1 2 2 1 2 2 342 93 18 0 0 0 
1683667088.394642 20.422265625 44.75585558324177 986.4874672276959 1 2 2 1 2 2 342 93 18 0 0 0 
1683667093.5495038 20.42734375 44.761690914792226 986.4874672276959 1 2 2 1 2 2 321 91 18 0 0 0 
1683667098.7044656 20.422265625 44.678849511252594 986.4854699703409 1 2 2 1 2 2 321 91 18 0 0 0 
1683667103.8571877 20.4171875 44.69656115023072 986.4689559802604 0 1 1 0 1 1 204 66 8 0 0 0 
1683667109.0120955 20.412109375 44.80311086093866 986.4392941297041 0 1 1 0 1 1 204 66 8 0 0 0 
1683667114.1672285 20.42734375 44.6670148605432 986.4736899902292 0 1 1 0 1 1 204 66 8 0 0 0 
1683667119.3222175 20.4171875 44.77352523652273 986.4177322243339 1 2 2 1 2 2 258 84 12 0 0 0 
1683667124.4769096 20.422265625 44.67888955688285 986.4507593328117 1 2 2 1 2 2 258 84 12 0 0 0 
1683667129.6340952 20.432421875 44.945161379468 986.4507593328117 1 2 2 1 2 2 258 84 12 0 0 0 
1683667134.7898684 20.432421875 44.76173191040421 986.4369820273434 1 2 2 1 2 2 279 91 12 0 0 0 
1683667139.9451566 20.42734375 44.76769019695023 986.4319335107693 1 2 2 1 2 2 279 91 12 0 0 0 
1683667145.100089 20.422265625 44.779483581140575 986.4383500704498 1 2 2 1 2 2 279 91 12 0 0 0 
1683667150.254668 20.422265625 44.743939355092046 986.4352991884156 1 1 1 1 1 1 243 79 12 0 0 0 
1683667155.4098299 20.432421875 44.70259931264112 986.421206507132 1 1 1 1 1 1 243 79 12 0 0 0 
1683667160.564566 20.422265625 44.80898640576262 986.4336163495574 1 1 1 1 1 1 243 79 12 0 0 0 
1683667165.7187812 20.42734375 44.64334543575733 986.4336163495574 1 1 1 1 1 1 243 79 14 0 0 0 
1683667170.8737879 20.422265625 44.69668189783573 986.4521275808422 1 1 1 1 1 1 243 79 14 0 0 0 
1683667176.0304573 20.42734375 44.6670148605432 986.4591734635184 1 1 1 1 1 1 243 79 14 0 0 0 
1683667181.1856244 20.422265625 44.79719375661665 986.4117394507646 1 1 1 1 1 1 249 81 14 0 0 0 
1683667186.3379338 20.422265625 44.79127664201406 986.4238341262962 1 1 1 1 1 1 267 77 12 0 0 0 
1683667191.4905877 20.422265625 44.844488347009275 986.3914368667563 1 1 1 1 1 1 267 77 12 0 0 0 
1683667196.6437593 20.412109375 44.93911532830168 986.405952643849 1 1 1 1 1 1 267 77 12 0 0 0 
1683667201.7944963 20.412109375 44.832612576310986 986.4298262475876 1 1 1 1 1 1 267 74 8 0 0 0 
1683667206.9417922 20.4171875 44.998369536153646 986.4174175806338 1 1 1 1 1 1 267 74 8 0 0 0 
1683667212.0934958 20.412109375 44.64918336235496 986.405637905259 1 1 1 1 1 1 267 74 8 0 0 0 
1683667217.247901 20.40703125 44.8444044020172 986.42583163657 1 1 1 1 1 1 258 74 8 0 0 0 
1683667222.4023974 20.40703125 44.79119393991537 986.4076354408513 1 1 1 1 1 1 258 74 8 0 0 0 
1683667227.5556028 20.40703125 44.81486179382214 986.4076354408513 1 1 1 1 1 1 258 74 8 0 0 0 
1683667232.7074943 20.401953125 44.832528881164265 986.4254065263603 1 1 1 1 1 1 279 81 8 0 0 0 
1683667237.8619735 20.391796875 45.05135381163187 986.4677892876786 1 1 1 1 1 1 279 81 8 0 0 0 
1683667243.0166488 20.396875 44.962565372129944 986.4475963495724 1 1 1 1 1 1 279 81 8 0 0 0 
1683667248.171298 20.38671875 44.90340139135179 986.4627410522083 1 1 1 1 1 1 270 83 8 0 0 0 
1683667253.3092427 20.38671875 44.90344409085111 986.4832475791414 1 1 1 1 1 1 270 83 8 0 0 0 
1683667258.4566395 20.38671875 44.97435452049613 986.4509618385575 1 1 1 1 1 1 270 83 8 0 0 0 
1683667263.6073587 20.391796875 44.72594394559549 986.4785128949406 1 1 1 1 1 1 282 83 6 0 0 0 
1683667268.7658014 20.381640625 44.974398044938326 986.4882957764618 0 1 2 0 1 2 180 53 16 2 0 0 
1683667273.921373 20.3765625 44.8323613615172 986.4670473645924 1 2 2 1 2 2 258 74 18 2 0 0 
1683667279.0705612 20.371484375 44.96234832058587 986.4670473645924 1 2 2 1 2 2 258 74 18 2 0 0 
1683667284.2173674 20.36640625 44.903102193037135 986.4777700978468 1 2 2 1 2 2 258 74 18 2 0 0 
1683667289.371183 20.36640625 44.849900170309574 986.432964620894 1 2 2 1 2 2 279 81 20 2 0 0 
1683667294.5293505 20.351171875 45.13381738399372 986.4295993233636 1 2 2 1 2 2 279 81 20 2 0 0 
1683667299.6841607 20.351171875 44.97404954758695 986.4326512760811 1 2 2 1 2 2 279 81 20 2 0 0 
1683667304.8345792 20.361328125 44.87952320902115 986.4730351935847 1 2 2 1 2 2 267 77 20 2 0 0 
1683667309.986444 20.361328125 45.003584386031505 986.4376992635671 1 2 2 1 2 2 267 77 20 2 0 0 
1683667315.136981 20.361328125 44.968177291137216 986.4164515069664 1 2 2 1 2 2 267 77 20 2 0 0 
1683667320.291171 20.35625 45.00384792373987 986.4538992275535 1 2 2 1 2 2 267 77 18 0 0 0 
1683667325.4396925 20.36640625 45.039211224383166 986.4107766709116 1 2 2 1 2 2 267 77 18 0 0 0 
1683667330.595861 20.36640625 44.980052650512604 986.4343339385065 1 2 2 1 2 2 267 77 18 0 0 0 
1683667335.7503371 20.3765625 44.91510569947661 986.3950051060133 1 2 2 1 2 2 303 89 18 0 0 0 
1683667340.904157 20.36640625 44.82036118171537 986.416880055446 1 2 2 1 2 2 303 89 18 0 0 0 
1683667346.0588782 20.36640625 44.838109897823564 986.4034185467046 1 2 2 1 2 2 303 89 18 0 0 0 
1683667351.214798 20.3765625 44.8796081622428 986.4098354511491 0 1 1 0 1 1 222 62 13 0 0 0 
1683667356.3693502 20.361328125 44.86777556760569 986.3950051060133 0 1 1 0 1 1 222 64 11 0 0 0 
1683667361.5233161 20.36640625 45.03338391602684 986.4034185467046 0 1 1 0 1 1 222 64 11 0 0 0 
1683667366.6771863 20.36640625 44.99784418030525 986.4185627443533 0 1 1 0 1 1 222 64 11 0 0 0 
1683667371.8309355 20.36640625 44.938641037290644 986.4006807032792 0 0 0 0 0 0 186 52 4 0 0 0 
1683667376.9805222 20.35625 44.92680905530096 986.4542126150305 0 0 0 0 0 0 186 52 4 0 0 0 
1683667382.1315227 20.351171875 44.84985800599949 986.449477903481 0 0 0 0 0 0 186 52 4 0 0 0 
1683667387.2901647 20.351171875 44.90305940730367 986.4366431269668 0 0 0 0 0 0 186 52 4 0 0 0 
1683667392.4449468 20.34609375 45.187011089065415 986.4571476931949 0 0 0 0 0 0 186 52 4 0 0 0 
1683667397.5990715 20.341015625 45.06865606973424 986.4669305758405 0 0 0 0 0 0 186 52 4 0 0 0 
1683667402.757586 20.3306640625 44.93259567651907 986.427173566592 0 0 0 0 0 0 192 52 4 0 0 0 
1683667407.912404 20.341015625 44.98583734739039 986.4517868485726 0 0 0 0 0 0 192 52 4 0 0 0 
1683667413.0608737 20.34609375 45.08048715135433 986.4352736039644 0 0 0 0 0 0 192 52 4 0 0 0 
1683667418.2119296 20.341015625 44.97992164728972 986.4319083605158 0 0 0 0 0 0 156 43 4 0 0 0 
1683667423.3610444 20.34609375 45.263910594692156 986.4282299507432 0 0 0 0 0 0 156 43 4 0 0 0 
