timestamp temperature humidity pressure pm10_standard pm25_standard pm100_standard pm10_env pm25_env pm100_env particles_03um particles_05um particles_10um particles_25um particles_50um particles_100um
1682250095.2223496 20.2798828125 45.50572950825351 982.9817164671472 1 1 3 1 1 3 357 108 8 4 0 0 
1682250100.3768988 20.2798828125 45.369706946382045 982.9955144283178 1 1 3 1 1 3 357 108 8 4 0 0 
1682250105.5314906 20.2798828125 45.47029533502009 983.0072905476868 1 2 4 1 2 4 408 124 23 2 2 0 
1682250110.686462 20.2798828125 45.41110569271571 982.9874423096974 1 2 4 1 2 4 408 124 23 2 2 0 
1682250115.841336 20.2798828125 45.48207380093876 982.9921498234129 2 3 4 2 3 4 429 129 23 2 2 0 
1682250120.9961078 20.2798828125 45.32253670568986 982.9854206144414 2 3 4 2 3 4 429 129 23 2 2 0 
1682250126.1548862 20.2798828125 45.44668827713227 983.008294088513 2 3 4 2 3 4 429 129 23 2 2 0 
1682250131.3097923 20.3001953125 45.316574608006256 982.9780121564679 1 2 4 1 2 4 414 126 21 2 2 0 
1682250136.464612 20.2900390625 45.27522095082003 982.9662358556765 1 2 4 1 2 4 414 126 21 2 2 0 
1682250141.6199381 20.3052734375 45.3521567790565 982.9958383891316 1 2 4 1 2 4 414 126 21 2 2 0 
1682250146.7748804 20.3052734375 45.39957105024289 982.9901114100888 1 2 3 1 2 3 378 114 16 2 2 0 
1682250151.9291701 20.3001953125 45.38172887421731 982.9820395694346 1 2 3 1 2 3 378 114 16 2 2 0 
1682250157.0842142 20.3001953125 45.328596300990085 983.0405829525268 1 2 3 1 2 3 378 114 16 2 2 0 
1682250162.238341 20.3103515625 45.334510919941216 982.9968409454461 1 2 3 1 2 3 384 116 18 2 2 0 
1682250167.3948362 20.3052734375 45.32864405741138 982.9938161597274 1 2 3 1 2 3 384 116 18 2 2 0 
1682250172.5501616 20.3001953125 45.39957105024289 982.9816994924647 1 2 3 1 2 3 384 116 18 2 2 0 
1682250177.7019 20.3052734375 45.210255353653764 982.9854043091688 2 3 4 2 3 4 432 128 18 2 2 0 
1682250182.8556426 20.3001953125 45.328596300990085 982.9685806132932 2 3 4 2 3 4 432 128 18 2 2 0 
1682250188.003734 20.3103515625 45.30498520752881 982.9763121156341 1 2 2 1 2 2 372 109 6 2 0 0 
1682250193.1551468 20.3103515625 45.41149743255651 982.9981832785531 1 2 2 1 2 2 372 109 6 2 0 0 
1682250198.3065546 20.3154296875 45.352494746083565 982.987748652506 1 2 2 1 2 2 399 121 11 2 0 0 
1682250203.460485 20.3205078125 45.26367581282571 982.9907731500576 1 2 2 1 2 2 399 121 11 2 0 0 
1682250208.6140425 20.3205078125 45.2813733962263 982.9763121156341 1 2 2 1 2 2 399 121 11 2 0 0 
1682250213.7662945 20.3154296875 45.37004664910305 982.9789961807722 1 2 2 1 2 2 411 121 11 2 0 0 
1682250218.9160035 20.3154296875 45.35831354738231 983.0096199979737 1 2 2 1 2 2 411 121 11 2 0 0 
1682250224.0658946 20.3103515625 45.30508014538414 982.9675597287122 1 2 2 1 2 2 411 121 11 2 0 0 
1682250229.224138 20.3154296875 45.375961263957414 983.0002057135442 1 2 2 1 2 2 411 121 11 2 0 0 
1682250234.372614 20.3205078125 45.29916527156054 983.0210568010893 1 2 2 1 2 2 411 121 11 2 0 0 
1682250239.5237112 20.3306640625 45.3701912781359 982.9843838311748 1 2 2 1 2 2 411 121 11 2 0 0 
1682250244.6757348 20.3306640625 45.24583736354449 982.9961607070571 2 2 2 2 2 2 453 135 9 0 0 0 
1682250249.8254516 20.3306640625 45.44703403438928 983.0005273456699 2 2 2 2 2 2 453 135 9 0 0 0 
1682250254.9760501 20.3205078125 45.31695745062799 982.9937975926265 2 2 2 2 2 2 453 135 9 0 0 0 
1682250260.1255994 20.3306640625 45.4116434536585 983.0156692941061 2 2 2 2 2 2 447 130 9 0 0 0 
1682250265.2771044 20.341015625 45.228325664592944 983.025083303271 2 2 2 2 2 2 447 130 9 0 0 0 
1682250270.4280822 20.3306640625 45.42347307185738 983.0186938596967 1 2 2 1 2 2 333 102 12 0 0 0 
1682250275.5718846 20.3357421875 45.29343959117513 983.0368605708695 1 2 2 1 2 2 333 102 12 0 0 0 
1682250280.7203224 20.3357421875 45.44126641336481 983.0452729069652 1 2 2 1 2 2 333 102 12 0 0 0 
1682250285.8711061 20.341015625 45.252033215417725 983.0385430379488 1 2 2 1 2 2 363 112 12 0 0 0 
1682250291.0203557 20.3306640625 45.29926003063887 983.0405657509955 1 2 2 1 2 2 363 112 12 0 0 0 
1682250296.170734 20.3357421875 45.30517504012698 983.0452729069652 1 2 2 1 2 2 363 112 12 0 0 0 
1682250301.3167691 20.3306640625 45.25790156502385 983.0324936878976 1 2 2 1 2 2 342 105 10 0 0 0 
1682250306.4677746 20.34609375 45.382165843552364 983.0196953859049 1 2 2 1 2 2 342 105 10 0 0 0 
1682250311.6180336 20.3357421875 45.21062633609643 983.0546871363028 1 2 2 1 2 2 342 105 10 0 0 0 
1682250316.7695284 20.3357421875 45.45910923177126 983.0385430379488 1 2 2 1 2 2 354 109 6 0 0 0 
1682250321.9209666 20.341015625 45.24020272985286 983.0217183703005 1 2 2 1 2 2 354 109 6 0 0 0 
1682250327.0719137 20.34609375 45.37033581016732 983.0109422920215 1 2 2 1 2 2 354 109 6 0 0 0 
1682250332.2239711 20.34609375 45.4768540074541 982.9931164513399 1 2 2 1 2 2 339 109 6 0 0 0 
1682250337.3788464 20.341015625 45.28165638780297 983.0180129060412 1 2 2 1 2 2 339 109 6 0 0 0 
1682250342.5336914 20.351171875 45.2462114296238 983.001528778349 1 2 2 1 2 2 339 109 6 0 0 0 
1682250347.6863925 20.341015625 45.352590683013645 983.0331552273299 1 2 2 1 2 2 339 109 6 0 0 0 
1682250352.8376396 20.351171875 45.09231819186717 983.0361796964171 1 2 2 1 2 2 342 104 17 2 0 0 
1682250357.992168 20.34609375 45.14555736547264 983.0196953859049 1 2 2 1 2 2 342 104 17 2 0 0 
1682250363.1463997 20.34609375 45.151564058905976 983.004893709642 1 2 2 1 2 2 342 104 17 2 0 0 
1682250368.300965 20.34609375 45.37033581016732 982.9897515210256 1 2 2 1 2 2 357 111 19 2 0 0 
1682250373.455471 20.351171875 45.216588027539785 983.0277672265377 1 2 2 1 2 2 357 111 19 2 0 0 
1682250378.6126568 20.351171875 45.19292649731439 983.007577305957 1 2 2 1 2 2 357 111 19 2 0 0 
1682250383.7648566 20.34609375 45.30541208836701 983.0600548669745 1 2 2 1 2 2 342 109 17 2 0 0 
1682250388.9164739 20.351171875 45.40000779564202 982.9924348721272 1 2 2 1 2 2 342 109 17 2 0 0 
1682250394.0706575 20.351171875 45.25222034734266 982.9937764242135 1 2 2 1 2 2 342 109 17 2 0 0 
1682250399.2242434 20.371484375 45.06887944280215 983.0132846169628 1 2 2 1 2 2 363 114 19 2 0 0 
1682250404.379114 20.371484375 45.4002016244842 983.0129435108444 1 2 2 1 2 2 363 114 19 2 0 0 
1682250409.5353084 20.361328125 45.258135846046805 982.9631500345982 1 2 2 1 2 2 363 114 19 2 0 0 
1682250414.6892207 20.36640625 45.35884165023552 982.9500312929786 1 2 2 1 2 2 354 112 15 2 0 0 
1682250419.8442647 20.36640625 45.13986938632937 982.9641496640573 1 2 2 1 2 2 354 112 15 2 0 0 
1682250424.9991326 20.371484375 45.39428623678901 982.9843402142183 1 2 2 1 2 2 354 112 15 2 0 0 
1682250430.1575754 20.371484375 45.09850374728627 982.9574194829073 1 2 2 1 2 2 348 108 13 2 0 0 
1682250435.3133135 20.371484375 45.258229483008215 982.9412773032407 2 2 2 2 2 2 498 127 10 2 0 0 
1682250440.4679565 20.371484375 45.19898039650624 982.9624671186649 1 2 2 1 2 2 462 113 10 2 0 0 
1682250445.6226418 20.36640625 45.187149183265035 982.961467516382 1 2 2 1 2 2 462 113 10 2 0 0 
1682250450.7766016 20.371484375 45.199072676760764 982.9523718477789 1 2 2 1 2 2 462 113 10 2 0 0 
1682250455.9314866 20.381640625 45.09267763034961 982.9816329607678 1 2 2 1 2 2 432 103 8 2 0 0 
1682250461.0861485 20.381640625 45.24052914786509 982.9802920660741 1 2 2 1 2 2 432 103 8 2 0 0 
1682250466.2402167 20.38671875 45.2701545861032 982.9462986522079 1 2 2 1 2 2 432 103 8 2 0 0 
1682250471.3989055 20.38671875 45.26423883661926 982.9452999108431 1 2 2 1 2 2 468 115 8 2 0 0 
1682250476.5540311 20.38671875 45.187425080646015 982.9597593375479 1 2 2 1 2 2 468 115 8 2 0 0 
1682250481.7091057 20.381640625 45.246491526495234 982.941250896359 1 2 2 1 2 2 468 115 8 2 0 0 
1682250486.8639898 20.381640625 45.104464687437584 982.927790217171 1 2 2 1 2 2 483 122 8 2 0 0 
1682250492.0187411 20.381640625 45.2642856852102 982.9752443466903 1 2 2 1 2 2 483 122 8 2 0 0 
1682250497.1732235 20.381640625 45.21099662872222 982.936203141139 1 2 2 1 2 2 483 122 8 2 0 0 
1682250502.3279374 20.38671875 45.05126500958183 982.972878171517 1 2 2 1 2 2 411 103 8 2 0 0 
1682250507.4820843 20.38671875 45.12230298590135 982.9308131918722 1 2 2 1 2 2 411 103 8 2 0 0 
1682250512.6378956 20.38671875 45.32921629377877 982.9314974717194 1 2 2 1 2 2 411 103 8 2 0 0 
1682250517.7941692 20.38671875 45.163715218129916 982.9281323294483 1 2 2 1 2 2 393 96 14 0 0 0 
1682250522.949016 20.38671875 45.26423883661926 982.9378857261424 1 2 2 1 2 2 393 96 14 0 0 0 
1682250528.1053936 20.391796875 45.15188320317358 982.9472970098358 1 1 1 1 1 1 378 91 10 0 0 0 
1682250533.259069 20.391796875 45.2879488928078 982.9644651720924 1 1 1 1 1 1 378 91 10 0 0 0 
1682250538.4141788 20.38671875 45.329454267531396 982.9526869758345 1 1 1 1 1 1 378 91 10 0 0 0 
1682250543.5691268 20.401953125 45.21700507175907 982.9658057522726 1 1 1 1 1 1 378 91 14 0 0 0 
1682250548.7238352 20.401953125 45.122438582751286 982.9604157428522 1 1 1 1 1 1 378 91 14 0 0 0 
1682250553.8779528 20.396875 45.080890250004806 982.9890204064617 1 1 1 1 1 1 378 91 14 0 0 0 
1682250559.0327306 20.412109375 45.06928083526049 982.9604157428522 1 2 2 1 2 2 393 95 14 0 0 0 
1682250564.187582 20.391796875 45.13422578368342 982.9859971173058 1 2 2 1 2 2 393 95 14 0 0 0 
1682250569.3402805 20.396875 45.28222120691234 982.9853130749236 1 2 2 1 2 2 393 95 14 0 0 0 
1682250574.4995694 20.40703125 45.128354850282314 982.9822898955593 1 1 1 1 1 1 387 93 14 0 0 0 
1682250579.6508262 20.4171875 45.240855037740566 982.9883361992663 1 1 1 1 1 1 387 93 14 0 0 0 
1682250584.8029454 20.40703125 45.14619447791834 983.0317433366893 1 1 1 1 1 1 387 93 14 0 0 0 
1682250589.954537 20.40703125 45.14619447791834 982.9816055799373 1 2 2 1 2 2 378 98 21 2 0 0 
1682250595.1058526 20.412109375 44.95099195019272 983.0034800968469 1 2 2 1 2 2 378 98 21 2 0 0 
1682250600.2589018 20.412109375 45.110651058563086 983.0017974412805 2 2 2 2 2 2 357 105 12 2 0 0 
1682250605.4135625 20.4171875 45.128490553643374 983.0031379509558 2 2 2 2 2 2 357 105 12 2 0 0 
1682250610.5679173 20.4171875 45.092991573138754 982.996407274896 2 2 2 2 2 2 357 105 12 2 0 0 
1682250615.7227817 20.42734375 45.17577618556604 982.9765576161745 2 2 2 2 2 2 357 105 12 2 0 0 
1682250620.871577 20.422265625 45.075197330991806 982.9839436759652 2 2 2 2 2 2 357 105 12 2 0 0 
1682250626.022532 20.422265625 45.02790914766715 982.9812632578519 1 2 2 1 2 2 336 98 10 4 0 0 
1682250631.1733935 20.422265625 45.193571056688725 982.9482949837064 1 2 2 1 2 2 336 98 10 4 0 0 
1682250636.3243911 20.42734375 45.15211084000812 982.9758727811637 1 2 2 1 2 2 336 98 10 4 0 0 
1682250641.4758692 20.422265625 45.12261922765029 982.9590459687644 1 2 2 1 2 2 342 98 12 4 0 0 
1682250646.6245277 20.422265625 45.04570328655259 982.9624113306849 1 2 2 1 2 2 342 98 12 4 0 0 
1682250651.7747908 20.422265625 45.22916171008774 982.9368282295811 1 2 2 1 2 2 342 98 12 4 0 0 
1682250656.9272647 20.432421875 45.23512454417527 982.9533123009186 1 2 2 1 2 2 342 98 12 4 0 0 
1682250662.084044 20.432421875 45.22329155487467 982.9563347667056 1 2 2 1 2 2 342 98 12 4 0 0 
1682250667.238542 20.4375 45.05166427927351 982.9647483749835 1 2 2 1 2 2 342 98 12 4 0 0 
1682250672.3926034 20.42734375 44.927539193955845 982.9697965407894 1 2 2 1 2 2 348 98 12 2 0 0 
1682250677.5472271 20.432421875 44.93937348275222 982.9253923649403 1 2 2 1 2 2 348 98 12 2 0 0 
1682250682.7017667 20.432421875 44.98657956964862 982.9250493765502 1 1 1 1 1 1 348 99 12 0 0 0 
1682250687.85592 20.4375 45.03395813316709 982.9546520452595 1 1 1 1 1 1 348 99 12 0 0 0 
1682250693.014267 20.4375 45.03409038612148 982.9559917072478 1 1 1 1 1 1 348 99 12 0 0 0 
1682250698.165457 20.442578125 45.05175288730443 982.9125840318375 1 1 1 1 1 1 327 95 12 0 0 0 
1682250703.3147602 20.44765625 45.15825489838097 982.9707605296466 1 1 1 1 1 1 327 95 12 0 0 0 
1682250708.4664762 20.442578125 45.1287616693428 982.9240197542166 1 1 1 1 1 1 327 95 12 0 0 0 
1682250713.6188717 20.44765625 45.069592425782595 982.9223370205457 1 1 1 1 1 1 297 84 8 0 0 0 
1682250718.7716172 20.452734375 45.08743264271353 982.9286914688618 1 1 1 1 1 1 297 84 8 0 0 0 
1682250723.9215832 20.452734375 44.980880084770384 982.9317134126964 1 1 1 1 1 1 297 84 8 0 0 0 
1682250729.0742507 20.452734375 44.96312844499045 982.9411227406387 1 1 1 1 1 1 276 77 6 0 0 0 
1682250734.224333 20.46796875 45.06380861846383 982.9031062435374 1 1 1 1 1 1 276 77 6 0 0 0 
1682250739.3756437 20.462890625 45.0578914237492 982.9347353014844 1 1 1 1 1 1 276 77 6 0 0 0 
1682250744.523898 20.462890625 45.134768958499016 982.9747788101745 0 0 0 0 0 0 240 63 2 0 0 0 
1682250749.668898 20.462890625 45.07568748236781 982.9845321621568 0 0 0 0 0 0 240 63 2 0 0 0 
1682250754.819618 20.462890625 44.99871891106655 982.9270087073393 0 0 0 0 0 0 240 63 2 0 0 0 
1682250759.970283 20.4578125 44.94546277050025 982.976805046941 0 0 0 0 0 0 225 63 2 0 0 0 
1682250765.1203935 20.473046875 45.0520626758793 982.9653689316964 0 1 1 0 1 1 261 77 12 0 0 0 
1682250770.2740624 20.452734375 45.08743264271353 982.9616599335419 1 1 1 1 1 1 267 79 8 0 0 0 
1682250775.4280715 20.46796875 44.939588315034094 982.9781444186664 1 1 1 1 1 1 267 79 8 0 0 0 
1682250780.5837114 20.473046875 44.99280160324465 982.949880404814 1 1 1 1 1 1 267 79 8 0 0 0 
1682250785.733827 20.46796875 45.09339443779981 982.9643383494004 1 1 1 1 1 1 267 76 12 0 0 0 
1682250790.8843415 20.462890625 45.03422254206588 982.9700738847309 1 1 1 1 1 1 267 76 12 0 0 0 
1682250796.0326903 20.46796875 44.939588315034094 982.9529023617946 1 1 1 1 1 1 267 76 12 0 0 0 
1682250801.1865516 20.473046875 45.06985908300032 982.985871410015 0 1 1 0 1 1 246 67 12 0 0 0 
1682250806.3305187 20.478125 45.09949061289744 982.9882057867346 0 1 1 0 1 1 246 67 12 0 0 0 
1682250811.4819105 20.483203125 45.08779126944044 982.9562312204514 0 1 1 0 1 1 246 67 12 0 0 0 
1682250816.6334136 20.493359375 44.91017113457995 982.9693500621262 1 2 2 1 2 2 294 83 21 0 0 0 
1682250821.7817395 20.493359375 45.064030358866134 982.996276236814 1 2 2 1 2 2 294 83 21 0 0 0 
1682250826.9348907 20.493359375 44.963475705799105 982.9713770644911 1 2 2 1 2 2 294 83 21 0 0 0 
1682250832.0879776 20.503515625 44.91613318420986 982.9673229231635 1 2 2 1 2 2 294 83 23 2 0 0 
1682250837.243053 20.48828125 44.827320980539795 982.9373752529374 1 2 2 1 2 2 294 83 23 2 0 0 
1682250842.3978565 20.493359375 44.9930644475655 982.9340094850174 1 2 2 1 2 2 294 83 23 2 0 0 
1682250847.5527554 20.503515625 44.951726157331606 982.9498439196425 1 2 2 1 2 2 264 78 12 0 0 0 
1682250852.7075694 20.493359375 44.97535452024572 982.9400519705732 1 2 2 1 2 2 264 80 14 0 0 0 
1682250857.8623693 20.503515625 44.80973423319148 982.9548536072564 1 2 2 1 2 2 264 80 14 0 0 0 
1682250863.0167756 20.503515625 45.01682276869752 982.9101044029438 1 2 2 1 2 2 264 80 14 0 0 0 
1682250868.1715298 20.50859375 44.99906927082843 982.9235675768989 1 1 1 1 1 1 264 80 12 0 0 0 
1682250873.3254688 20.513671875 45.010992280383434 982.9511430521547 1 1 1 1 1 1 264 80 12 0 0 0 
1682250878.4802058 20.523828125 44.85132895049186 982.9555022130611 1 1 1 1 1 1 264 80 12 0 0 0 
1682250883.6388586 20.523828125 44.6973257873065 982.9571851792883 1 2 2 1 2 2 255 73 14 2 0 0 
1682250888.7941484 20.5341796875 45.01107957129219 982.9888168295932 1 2 2 1 2 2 255 73 14 2 0 0 
1682250893.9492953 20.5341796875 44.916388673025175 982.9820849055732 1 2 2 1 2 2 255 73 14 2 0 0 
1682250899.1041944 20.523828125 44.89867617666418 982.96862106089 1 2 2 1 2 2 255 75 16 2 0 0 
1682250904.2590687 20.5341796875 44.97561401521571 983.0191105015323 1 2 2 1 2 2 255 75 16 2 0 0 
1682250909.4153905 20.52890625 44.94006164443962 982.9938657733428 1 2 2 1 2 2 255 75 16 2 0 0 
1682250914.5702314 20.5494140625 44.709484005142386 982.9719441419792 1 2 2 1 2 2 255 73 16 2 0 0 
1682250919.7241752 20.5341796875 44.76275486348534 982.9605082917714 1 2 2 1 2 2 255 73 16 2 0 0 
1682250924.878877 20.5544921875 44.82186090958908 982.9803593842814 1 2 2 1 2 2 255 73 16 2 0 0 
1682250930.0340679 20.5544921875 45.04676406003564 982.9803593842814 1 2 2 1 2 2 354 101 12 2 0 0 
1682250935.1873684 20.5494140625 44.75087637697586 982.9790216726642 1 2 2 1 2 2 354 101 12 2 0 0 
1682250940.3419366 20.5544921875 45.023178176604375 982.9891198839911 1 2 2 1 2 2 348 99 14 2 0 0 
1682250945.4962986 20.5494140625 44.95219849786966 982.9803593842814 1 2 2 1 2 2 348 99 14 2 0 0 
1682250950.6510863 20.5544921875 44.86929408049415 982.9709517936477 1 2 2 1 2 2 348 99 14 2 0 0 
1682250955.8067784 20.5544921875 44.82198512230914 982.9554591893606 1 2 2 1 2 2 348 99 10 2 0 0 
1682250960.961716 20.5544921875 44.95224137324387 982.9530849651842 1 2 2 1 2 2 348 99 10 2 0 0 
1682250966.1183078 20.5544921875 44.857540144663595 982.9638743603953 1 2 2 1 2 2 348 99 10 2 0 0 
1682250971.275635 20.5595703125 44.875254832280916 982.9648663943898 1 2 3 1 2 3 369 106 12 4 2 0 
1682250976.4289672 20.5646484375 44.810188542801356 982.9709073108269 1 2 3 1 2 3 369 106 12 4 2 0 
1682250981.5817695 20.5646484375 44.98775365500566 982.9288301089866 1 2 3 1 2 3 369 106 12 4 2 0 
1682250986.734104 20.5646484375 44.72736194154669 982.9220977607494 1 2 3 1 2 3 363 106 14 4 2 0 
1682250991.8851824 20.5646484375 44.99972118971822 982.9550675003982 1 2 3 1 2 3 363 106 14 4 2 0 
1682250997.0366228 20.5798828125 44.762917658511476 982.9002176367073 1 2 3 1 2 3 363 106 14 4 2 0 
1682251002.1913645 20.5798828125 44.74524090975573 982.9665032342101 1 2 3 1 2 3 405 118 14 4 2 0 
1682251007.338382 20.5798828125 45.03532175230634 982.9268008398371 1 2 3 1 2 3 405 118 14 4 2 0 
1682251012.4893878 20.5798828125 44.82219192791942 982.951355071807 1 2 2 1 2 2 405 109 8 2 0 0 
1682251017.6404598 20.5900390625 44.8104357982873 982.9096234093723 1 2 2 1 2 2 405 109 8 2 0 0 
1682251022.790336 20.6205078125 44.8105592805067 982.9058593499999 1 2 2 1 2 2 411 111 12 2 0 0 
1682251027.9410117 20.6255859375 44.63300569207638 982.9172946021853 1 2 2 1 2 2 411 111 12 2 0 0 
1682251033.0952992 20.6408203125 44.66272372011451 982.9297186034386 1 2 2 1 2 2 411 111 12 2 0 0 
1682251038.2514558 20.6408203125 44.585799668626066 982.9226381063879 1 2 2 1 2 2 375 101 14 2 0 0 
1682251043.4044876 20.6408203125 44.674603496367226 982.9186306019067 1 2 2 1 2 2 375 101 14 2 0 0 
1682251048.5560513 20.6306640625 44.650961955193246 982.9398181050608 1 2 2 1 2 2 375 101 14 2 0 0 
1682251053.707287 20.6205078125 44.716044490276786 982.9300659369596 1 3 3 1 3 3 417 113 18 2 0 0 
1682251058.8572829 20.6255859375 44.66856487831017 982.9485815427594 1 3 3 1 3 3 417 113 18 2 0 0 
1682251064.0031486 20.6255859375 44.80476285494934 982.9751663805741 1 3 3 1 3 3 417 113 18 2 0 0 
1682251069.156125 20.6255859375 44.526520142010455 982.9846230116594 1 3 3 1 3 3 453 118 22 2 0 0 
1682251074.308412 20.6154296875 44.71584433055646 982.9459091625345 1 3 3 1 3 3 453 118 22 2 0 0 
1682251079.4643364 20.6306640625 44.63896482609533 982.9330851036995 1 3 3 1 3 3 453 118 22 2 0 0 
1682251084.6191077 20.6306640625 44.67452441482481 982.950611841312 1 3 3 1 3 3 453 120 24 0 0 0 
1682251089.773421 20.6357421875 44.727884681636304 982.9882487076527 None None None None None None None None None None None None 
1682251094.9272578 20.6357421875 44.68648349211172 982.9266994640874 1 2 2 1 2 2 378 114 17 0 0 0 
1682251100.082075 20.6357421875 44.923199511068994 982.9600171158619 1 2 2 1 2 2 378 114 17 0 0 0 
1682251105.2337656 20.6255859375 44.67452441482481 982.9364516042401 1 2 2 1 2 2 336 100 15 0 0 0 
1682251110.3862672 20.6306640625 44.64500247771638 982.9145693557274 1 2 2 1 2 2 336 100 15 0 0 0 
1682251115.5371583 20.6357421875 44.65680358424336 982.9553144924218 1 2 2 1 2 2 336 100 15 0 0 0 
1682251120.689468 20.6458984375 44.668762215923714 982.9465511075417 1 2 2 1 2 2 330 98 15 0 0 0 
1682251125.8411198 20.6458984375 44.63316199822244 982.9461667256917 1 2 2 1 2 2 330 98 15 0 0 0 
1682251130.9905307 20.6509765625 44.64500247771638 982.9327005006998 1 2 2 1 2 2 330 98 15 0 0 0 
1682251136.1411552 20.6408203125 44.692363984071555 982.9512535931946 1 2 2 1 2 2 345 110 17 0 0 0 
1682251141.2867284 20.6611328125 44.5741507303879 982.9397259563867 1 2 2 1 2 2 345 110 17 0 0 0 
1682251146.437869 20.6662109375 44.58599209431473 982.9666592839368 1 2 2 1 2 2 345 110 17 0 0 0 
1682251151.5888765 20.6712890625 44.544661041396 982.9717092848466 1 2 2 1 2 2 324 101 15 0 0 0 
1682251156.7374334 20.6662109375 44.69268150764041 982.9713615346778 1 2 2 1 2 2 324 101 15 0 0 0 
1682251161.887638 20.6712890625 44.6393167860929 982.9646281460529 1 2 2 1 2 2 324 101 15 0 0 0 
1682251167.0418353 20.6763671875 44.73408595772374 982.9649759504401 1 2 2 1 2 2 330 103 15 0 0 0 
1682251172.1964855 20.6712890625 44.54454714046613 982.9417571733413 1 2 2 1 2 2 273 80 17 0 0 0 
1682251177.3505566 20.6662109375 44.42031887851944 982.9609135110175 1 2 2 1 2 2 303 87 15 0 0 0 
1682251182.5069847 20.6712890625 44.56234750664131 982.9296259631734 1 2 2 1 2 2 303 87 15 0 0 0 
1682251187.6609643 20.6763671875 44.6511188600561 982.9313092952008 1 2 2 1 2 2 303 87 15 0 0 0 
1682251192.8077352 20.6662109375 44.876217951976564 982.9390298313274 1 1 1 1 1 1 297 82 13 0 0 0 
1682251197.9581528 20.6662109375 44.5741507303879 982.9195259724792 1 1 1 1 1 1 297 82 13 0 0 0 
1682251203.1110907 20.6662109375 44.574265649265094 982.9326445653734 1 1 1 1 1 1 297 82 13 0 0 0 
1682251208.2579644 20.6712890625 44.67487994219846 982.9292778741395 1 1 1 1 1 1 309 87 15 0 0 0 
1682251213.4014826 20.6560546875 44.55042982263307 982.9094259843038 1 1 1 1 1 1 309 87 15 0 0 0 
1682251218.552608 20.6560546875 44.799129605477916 982.891605818504 1 1 1 1 1 1 309 87 15 0 0 0 
1682251223.7036717 20.6560546875 44.526709282342345 982.9030408565153 1 1 1 1 1 1 309 87 10 0 0 0 
1682251228.8546162 20.6560546875 44.692522832094866 982.901705639407 1 1 1 1 1 1 309 87 10 0 0 0 
1682251234.0114133 20.6560546875 44.82276954995627 982.8899225152651 1 1 1 1 1 1 309 87 10 0 0 0 
1682251239.1663008 20.6662109375 44.83452725418651 982.9121533720368 1 1 1 1 1 1 288 82 8 0 0 0 
1682251244.3215914 20.6662109375 44.73996629631772 982.9178426409417 1 1 1 1 1 1 288 82 8 0 0 0 
1682251249.476359 20.6712890625 44.69860219248893 982.8888776011662 1 1 1 1 1 1 288 82 8 0 0 0 
1682251254.6312554 20.6712890625 44.5801865399617 982.9104127295758 1 1 1 1 1 1 291 83 10 0 0 0 
1682251259.788331 20.6814453125 44.60386999982408 982.8935791497563 1 1 1 1 1 1 285 81 10 0 0 0 
1682251264.943136 20.6865234375 44.603948722038204 982.8982806706542 1 1 1 1 1 1 285 81 10 0 0 0 
1682251270.0979617 20.6916015625 44.728367132876 982.8592141733182 1 1 1 1 1 1 285 81 10 0 0 0 
1682251275.2518988 20.6966796875 44.56257783414885 982.9009500342197 1 1 1 1 1 1 300 84 12 0 0 0 
1682251280.4067442 20.6966796875 44.61582940466944 982.9006011800514 1 1 1 1 1 1 300 84 12 0 0 0 
1682251285.5616107 20.6814453125 44.45592093766904 982.8928818541498 1 1 1 1 1 1 300 84 12 0 0 0 
1682251290.7163756 20.6865234375 44.538817289467964 982.8949139280008 1 1 1 1 1 1 321 91 12 0 0 0 
1682251295.8751755 20.6865234375 44.5684608353783 982.932934621122 1 1 1 1 1 1 321 91 12 0 0 0 
1682251301.0319314 20.6966796875 44.4796058154693 982.9050141568003 1 1 1 1 1 1 321 91 12 0 0 0 
1682251306.1866796 20.6865234375 44.57434367980865 982.9349664945502 1 1 1 1 1 1 333 91 8 0 0 0 
1682251311.3413815 20.6966796875 44.5921836579325 982.9464018231646 1 1 1 1 1 1 333 91 8 0 0 0 
1682251316.495499 20.6966796875 44.544738380256966 982.9093670283239 1 1 1 1 1 1 333 91 8 0 0 0 
1682251321.6504734 20.7169921875 44.56861350715296 982.956093623839 1 1 1 1 1 1 318 86 6 0 0 0 
1682251326.804068 20.7169921875 44.53900645954947 982.9446582855899 1 1 1 1 1 1 318 86 6 0 0 0 
1682251331.9588828 20.7169921875 44.58645429056795 982.9375753221809 None None None None None None None None None None None None 
1682251337.1137633 20.7220703125 44.57464948001874 982.9143558673632 1 2 2 1 2 2 384 105 16 0 0 0 
1682251342.2689116 20.7119140625 44.533047274555116 982.951392159386 1 2 2 1 2 2 354 95 18 2 0 0 
1682251347.4240787 20.7068359375 44.49163464809242 982.9365899395368 1 2 2 1 2 2 354 95 18 2 0 0 
1682251352.5787694 20.7017578125 44.467911497237054 982.9221367569546 1 2 2 1 2 2 354 95 18 2 0 0 
1682251357.7347457 20.6966796875 44.633670298720006 982.9204533303246 1 2 2 1 2 2 369 102 27 2 0 0 
1682251362.8895009 20.6966796875 44.574420194542384 982.9275357842175 1 2 2 1 2 2 369 102 27 2 0 0 
1682251368.0466504 20.7068359375 44.5211292485307 982.9379848213632 1 2 2 1 2 2 369 102 27 2 0 0 
1682251373.2011003 20.6916015625 44.60398732410538 982.945066814754 1 2 2 1 2 2 354 102 29 2 0 0 
1682251378.3553104 20.6865234375 44.46768785672506 982.977747118826 1 2 2 1 2 2 354 102 29 2 0 0 
1682251383.5104423 20.6814453125 44.65719641719402 982.9689823310287 1 2 2 1 2 2 354 102 29 2 0 0 
1682251388.664368 20.6763671875 44.72228482895897 982.9575467902955 2 3 3 2 3 3 396 116 31 4 0 0 
1682251393.8155274 20.6763671875 44.53281912620153 982.9878472868696 2 3 3 2 3 3 396 116 31 4 0 0 
1682251398.9665685 20.6763671875 44.728205462345464 982.9912140101109 2 3 3 2 3 3 396 116 31 4 0 0 
1682251404.1173732 20.6712890625 44.5861074203659 982.9632926170134 2 3 3 2 3 3 402 119 29 4 0 0 
1682251409.268767 20.6662109375 44.67476153009312 982.9919092947831 2 3 3 2 3 3 402 119 29 4 0 0 
1682251414.418624 20.6509765625 44.91749130706993 982.9879015180347 1 1 3 1 1 3 342 100 12 4 0 0 
1682251419.5702908 20.6560546875 44.71620442401676 982.9942874483886 1 1 3 1 1 3 342 100 12 4 0 0 
1682251424.7219856 20.6560546875 44.65703941337332 982.9673545366729 1 1 3 1 1 3 342 100 12 4 0 0 
1682251429.8721502 20.6611328125 44.56823003298693 983.0289426725025 1 1 2 1 1 2 330 95 10 2 0 0 
1682251435.0212288 20.6611328125 44.645159154261016 983.0043872949001 1 1 2 1 1 2 330 95 10 2 0 0 
1682251440.1709223 20.6408203125 44.70436364863873 983.0316671780798 1 1 2 1 1 2 330 95 10 2 0 0 
1682251445.3245378 20.6611328125 44.83460991367591 982.9983483898302 1 1 2 1 1 2 309 93 12 2 0 0 
1682251450.4762478 20.6509765625 44.50298910952686 982.9879015180347 1 1 2 1 1 2 309 93 12 2 0 0 
1682251455.6258001 20.6458984375 44.7398456125845 983.0131509315192 1 1 2 1 1 2 309 93 12 2 0 0 
1682251460.774155 20.6458984375 44.76340500874252 983.0101678944054 1 1 2 1 1 2 315 95 12 2 0 0 
1682251465.9255311 20.6408203125 44.6806028433653 983.0097843421449 1 1 2 1 1 2 315 95 12 2 0 0 
1682251471.0827186 20.6458984375 44.68656278040761 982.971415909621 1 1 2 1 1 2 315 95 12 2 0 0 
1682251476.2368073 20.6560546875 44.633279114641624 982.9730991891092 1 1 2 1 1 2 285 90 15 2 0 0 
1682251481.3935769 20.6458984375 44.78708502100302 983.016864480364 1 1 2 1 1 2 285 90 15 2 0 0 
1682251486.542588 20.6458984375 44.686443831793966 982.9835826411962 1 1 2 1 1 2 285 90 15 2 0 0 
1682251491.6909747 20.6509765625 44.71600447989231 983.0033982318636 1 1 1 1 1 1 300 93 13 0 0 0 
1682251496.847712 20.6306640625 44.881845323064965 982.9916519619323 1 2 2 1 2 2 315 100 18 0 0 0 
1682251502.0024333 20.6205078125 44.85207946033008 982.9701166250402 1 2 2 1 2 2 315 100 18 0 0 0 
1682251507.1566308 20.6255859375 44.78700336092585 982.9623944095649 1 2 2 1 2 2 315 100 18 0 0 0 
1682251512.3109603 20.6255859375 44.739644257434655 982.9236802696073 1 2 2 1 2 2 336 107 20 0 0 0 
1682251517.4660215 20.6154296875 44.751484095047715 982.9644244770639 1 2 2 1 2 2 336 107 20 0 0 0 
1682251522.6213374 20.6154296875 44.85795744970237 982.9771965865557 1 2 2 1 2 2 336 107 20 0 0 0 
1682251527.773826 20.6255859375 44.751484095047715 982.9590279611429 1 2 2 1 2 2 330 100 22 0 0 0 
1682251532.9242105 20.6103515625 44.798802051982896 982.9614048162814 1 2 2 1 2 2 330 100 22 0 0 0 
1682251538.0751245 20.6154296875 44.88755525905064 982.9590279611429 1 2 2 1 2 2 330 100 22 0 0 0 
1682251543.226032 20.6052734375 44.840157162176105 982.9344736716001 2 3 4 2 3 4 393 114 24 2 2 2 
1682251548.3761861 20.6103515625 44.81647887741925 982.9462560451944 2 3 4 2 3 4 393 114 24 2 2 2 
1682251553.5272942 20.6154296875 44.83419618505085 982.9301177915191 2 3 4 2 3 4 393 114 24 2 2 2 
1682251558.6770942 20.6052734375 44.6803651915882 982.9576916344373 2 3 4 2 3 4 414 121 22 2 2 2 
1682251563.8309586 20.6154296875 44.81652008445282 982.9647712106257 2 3 4 2 3 4 414 121 22 2 2 2 
1682251568.985663 20.6255859375 44.82248100303527 982.9203138244036 2 3 4 2 3 4 414 121 22 2 2 2 
1682251574.1394193 20.6154296875 44.721884423839754 982.9445728487569 2 2 4 2 2 4 408 117 18 2 2 2 
1682251579.2972562 20.6255859375 44.982309616354705 982.9327904756522 0 1 1 0 1 1 186 62 6 0 0 0 
1682251584.451853 20.6154296875 44.82840071507385 982.9590279611429 0 1 1 0 1 1 198 62 6 0 0 0 
1682251589.6057687 20.6205078125 44.70408460140436 982.9842763311292 0 1 1 0 1 1 198 62 6 0 0 0 
1682251594.7594078 20.6205078125 44.59160420748165 982.9556615130006 0 1 1 0 1 1 198 62 6 0 0 0 
1682251599.9142215 20.6052734375 44.65080487785069 982.9684842020853 0 1 1 0 1 1 204 64 8 0 0 0 
1682251605.0725214 20.6052734375 44.9052293608107 982.9964054948259 0 1 1 0 1 1 204 64 8 0 0 0 
1682251610.2224746 20.6052734375 44.75128179184944 982.9637811787986 0 1 1 0 1 1 204 64 8 0 0 0 
1682251615.3731942 20.5951171875 44.92873662113579 982.961751467334 0 1 1 0 1 1 204 62 4 0 0 0 
1682251620.5245507 20.5951171875 44.8222745747071 982.9577413344648 0 1 1 0 1 1 204 62 4 0 0 0 
1682251625.6782901 20.6001953125 44.78683991141643 982.9843254802151 0 1 1 0 1 1 204 62 4 0 0 0 
1682251630.8350227 20.6052734375 44.83419618505085 982.9634346509167 0 1 1 0 1 1 204 62 4 0 0 0 
1682251635.9898772 20.6001953125 44.923029862368956 982.9486326510599 0 1 1 0 1 1 204 62 4 0 0 0 
1682251641.1445606 20.5951171875 44.95258398818941 982.9846716262217 0 1 1 0 1 1 204 62 4 0 0 0 
1682251646.2997963 20.6001953125 45.01168940041146 982.9876917950526 0 1 1 0 1 1 198 57 6 0 0 0 
1682251651.454519 20.5849609375 45.07670983183146 982.9779390516034 0 1 1 0 1 1 198 57 6 0 0 0 
1682251656.6092923 20.5849609375 44.780797834155244 982.9681863637157 0 1 1 0 1 1 198 57 6 0 0 0 
1682251661.7640939 20.5798828125 44.82219192791942 982.95675061586 1 3 3 1 3 3 408 120 25 2 0 0 
1682251666.9182937 20.5849609375 44.84595200408321 982.9574426014815 1 3 3 1 3 3 408 120 25 2 0 0 
1682251672.0730712 20.5900390625 44.92281755896197 982.9917501841401 1 3 3 1 3 3 399 117 27 2 0 0 
1682251677.2282164 20.5748046875 44.928694060268576 982.9937791737169 1 3 3 1 3 3 399 117 27 2 0 0 
1682251682.381883 20.5646484375 44.92865148862217 982.9544222803648 1 3 3 1 3 3 399 117 27 2 0 0 
1682251687.5378215 20.5646484375 44.88117363750958 982.9800139512621 1 3 3 1 3 3 405 119 29 2 0 0 
1682251692.6927946 20.5748046875 44.96412184193548 982.9880837882416 1 3 3 1 3 3 405 119 29 2 0 0 
1682251697.8472426 20.5646484375 44.96407884164664 983.0079352846108 1 3 3 1 3 3 405 119 29 2 0 0 
1682251703.002864 20.5646484375 44.887218787239085 982.9776396671784 2 3 3 2 3 3 420 124 29 2 0 0 
1682251708.1578202 20.5646484375 45.05294656819306 983.0146676471179 2 3 3 2 3 3 420 124 29 2 0 0 
1682251713.3128104 20.5595703125 44.91080990978709 982.9884292630835 2 3 3 2 3 3 420 124 29 2 0 0 
1682251718.4675336 20.5646484375 45.05290256101005 983.0247661929773 2 3 3 2 3 3 426 128 31 2 0 0 
1682251723.6217327 20.5595703125 44.96407884164664 983.042287300151 2 3 3 2 3 3 426 128 31 2 0 0 
1682251728.7755327 20.5544921875 44.86941985696948 983.0382309247066 2 3 3 2 3 3 426 128 31 2 0 0 
1682251733.9294214 20.5544921875 44.875212828159526 983.0032314759146 2 4 4 2 4 4 432 133 33 2 0 0 
1682251739.0845351 20.5544921875 45.029140424959934 983.0560966436929 2 4 4 2 4 4 432 133 33 2 0 0 
1682251744.2424896 20.5494140625 45.06469566168587 983.0311957916236 1 1 1 1 1 1 300 87 10 0 0 0 
1682251749.4009237 20.5544921875 45.094288278253835 983.0476813856526 1 1 1 1 1 1 300 87 10 0 0 0 
1682251754.5558987 20.5748046875 44.98779692667917 983.0436253374087 1 2 2 1 2 2 327 94 10 0 0 0 
1682251759.7128398 20.5646484375 44.98179175249 983.0550618456641 1 2 2 1 2 2 327 94 10 0 0 0 
1682251764.868531 20.5748046875 44.893137775442575 983.0214000107443 1 2 2 1 2 2 327 94 10 0 0 0 
1682251770.021436 20.5595703125 44.964035830578716 983.0503576515749 1 2 2 1 2 2 327 94 14 0 0 0 
1682251775.1737976 20.5748046875 44.90489108814443 983.051695660913 1 2 2 1 2 2 327 94 14 0 0 0 
1682251780.3230531 20.5544921875 44.86937794225705 983.0550618456641 1 2 2 1 2 2 327 94 14 0 0 0 
1682251785.4716492 20.5544921875 44.86929408049415 983.0372381061331 1 2 2 1 2 2 312 87 12 0 0 0 
1682251790.621067 20.5494140625 45.08236251580332 983.0746102175369 1 2 2 1 2 2 312 87 12 0 0 0 
1682251795.773478 20.5494140625 45.03510278793767 983.0446600912989 1 2 2 1 2 2 312 87 12 0 0 0 
1682251800.9229326 20.5443359375 44.958117169367675 983.0749547819354 1 2 2 1 2 2 345 94 10 0 0 0 
1682251806.068749 20.5443359375 44.96399280873172 983.0705945466202 1 2 2 1 2 2 345 94 10 0 0 0 
1682251811.2209923 20.5443359375 45.07639980650514 983.0567859610943 1 2 2 1 2 2 345 94 10 0 0 0 
1682251816.3757756 20.5443359375 45.04676406003564 983.0621794890939 1 1 1 1 1 1 324 89 10 0 0 0 
1682251821.5296707 20.5392578125 44.9225198814658 983.0806926179602 1 1 1 1 1 1 324 89 10 0 0 0 
1682251826.6835318 20.5341796875 44.91647374972983 983.0571304554172 1 2 2 1 2 2 396 115 15 0 0 0 
1682251831.8320415 20.52890625 45.111820081163295 983.0487154006884 1 2 2 1 2 2 396 115 15 0 0 0 
1682251836.978759 20.5392578125 44.89288456175584 983.0618350354332 1 2 2 1 2 2 396 115 15 0 0 0 
1682251842.1276789 20.5392578125 44.94023284029916 983.0234702469937 1 2 2 1 2 2 375 110 17 0 0 0 
1682251847.2822304 20.5443359375 45.100028420122705 983.036589670034 1 2 2 1 2 2 375 110 17 0 0 0 
1682251852.4402602 20.5392578125 45.0526823634126 983.0689115349751 1 2 2 1 2 2 375 110 17 0 0 0 
1682251857.5943189 20.5392578125 44.981618786272804 983.0554474443317 1 2 2 1 2 2 360 108 15 0 0 0 
1682251862.7480774 20.5443359375 44.809982200126136 983.0672285233999 1 2 2 1 2 2 360 108 15 0 0 0 
1682251867.9025593 20.5341796875 45.04084574637242 983.0574748401585 1 2 2 1 2 2 360 108 15 0 0 0 
1682251873.0583837 20.5443359375 45.11186483143758 983.0776708159929 2 3 3 2 3 3 438 127 17 0 0 0 
1682251878.2130768 20.5392578125 44.88104738925736 983.05915783776 2 3 3 2 3 3 438 127 17 0 0 0 
1682251883.3668423 20.5341796875 44.96973892524468 983.0820313390835 2 3 3 2 3 3 438 127 17 0 0 0 
1682251888.521723 20.523828125 45.00529211927721 983.0621794890939 2 3 3 2 3 3 486 143 17 0 0 0 
1682251893.667697 20.52890625 45.03475188444613 983.0759878176219 2 3 3 2 3 3 486 143 17 0 0 0 
1682251898.8176167 20.51875 44.94597986157993 983.0628680676729 2 3 3 2 3 3 486 143 17 0 0 0 
1682251903.9668286 20.513671875 45.212243040942475 983.0538024536198 2 3 3 2 3 3 459 136 17 0 0 0 
1682251909.1235301 20.513671875 45.0879249325231 983.0467266402992 2 2 2 2 2 2 354 112 12 0 0 0 
1682251914.27221 20.50859375 45.15297514460163 983.0575121904654 2 2 2 2 2 2 354 114 12 0 0 0 
1682251919.4239726 20.503515625 45.01682276869752 983.0608780500588 2 2 2 2 2 2 354 114 12 0 0 0 
1682251924.5709925 20.50859375 45.15898349250163 983.0399948151988 2 2 2 2 2 2 354 114 12 0 0 0 
1682251929.7210677 20.503515625 44.95764408251402 983.0763680134546 1 1 1 1 1 1 318 102 8 0 0 0 
1682251934.8754127 20.493359375 45.18242630679923 983.0248853170361 1 1 1 1 1 1 318 102 8 0 0 0 
1682251940.029231 20.48828125 45.29485492816773 983.0430534418797 1 1 1 1 1 1 318 102 8 0 0 0 
1682251945.1877544 20.493359375 45.18843514281492 983.029590228202 1 1 1 1 1 1 333 98 8 0 0 0 
1682251950.3459597 20.493359375 45.21783654105469 983.0366655324138 1 1 1 1 1 1 333 98 8 0 0 0 
1682251955.4977226 20.483203125 45.08178289894461 983.0622522476846 1 1 1 1 1 1 333 98 8 0 0 0 
1682251960.6474576 20.483203125 45.24150523308184 983.0797671780792 1 1 1 1 1 1 327 96 6 0 0 0 
1682251965.8017793 20.483203125 45.25329300925939 983.0410616639939 1 1 1 1 1 1 327 96 6 0 0 0 
1682251970.9554236 20.473046875 45.31236873020593 983.0400651991584 1 1 1 1 1 1 327 96 6 0 0 0 
1682251976.1106355 20.473046875 45.05210688827466 983.0467964815454 1 1 1 1 1 1 327 96 6 0 0 0 
1682251981.2685673 20.46796875 45.28273759432273 983.0727242299974 1 1 1 1 1 1 327 96 6 0 0 0 
1682251986.4249406 20.4578125 45.14660293462296 983.0357027640019 1 1 1 1 1 1 327 96 6 0 0 0 
1682251991.5821762 20.4578125 45.211689068124315 983.0562389727053 1 2 2 1 2 2 276 77 12 0 0 0 
1682251996.740028 20.4578125 45.383225765685104 983.0317148545863 1 2 3 1 2 3 297 87 14 2 2 0 
1682252001.8983614 20.44765625 45.3772612646023 983.0283493783649 1 2 3 1 2 3 297 87 14 2 2 0 
1682252007.0529711 20.452734375 45.199809366704734 983.0599790850928 1 2 3 1 2 3 297 87 14 2 2 0 
1682252012.2043183 20.4578125 45.229393325193286 983.0633445910786 1 2 3 1 2 3 330 98 16 2 2 0 
1682252017.3581808 20.462890625 45.377357248386936 983.0700436863682 1 2 3 1 2 3 330 98 16 2 2 0 
1682252022.5135014 20.4578125 45.371392747800044 983.1054134395002 1 2 3 1 2 3 330 98 16 2 2 0 
1682252027.667478 20.442578125 45.365428361813144 983.0835376328671 1 2 3 1 2 3 345 101 16 2 2 0 
1682252032.822142 20.442578125 45.389045982546264 983.0603214137626 1 2 3 1 2 3 345 101 16 2 2 0 
1682252037.9766614 20.4375 45.41271131117412 983.0586386744283 1 2 3 1 2 3 345 101 16 2 2 0 
1682252043.1308813 20.432421875 45.19957944750367 983.0694193046965 1 2 3 1 2 3 339 99 14 2 2 0 
1682252048.2861063 20.4375 45.19957944750367 983.082197031473 1 2 3 1 2 3 339 99 14 2 2 0 
1682252053.4408736 20.4375 45.37721325654313 983.0576403181265 1 2 3 1 2 3 339 99 14 2 2 0 
1682252058.5945103 20.42734375 45.18783819917202 983.099708143037 1 2 3 1 2 3 339 99 14 2 2 0 
1682252063.7485983 20.42734375 45.377165237706045 983.058324262985 1 2 3 1 2 3 339 99 14 2 2 0 
1682252068.9052153 20.42734375 45.45984553653175 983.088612604589 1 2 3 1 2 3 339 99 14 2 2 0 
1682252074.0600255 20.422265625 45.34147666472327 983.1104875320577 1 2 2 1 2 2 291 84 10 4 0 0 
1682252079.2149656 20.422265625 45.471677432042945 983.0805408060445 1 2 2 1 2 2 291 84 10 4 0 0 
1682252084.3696818 20.42734375 45.34152431969001 983.0738101171203 1 2 2 1 2 2 270 79 10 4 0 0 
1682252089.5242937 20.42734375 45.42434960326403 983.0869299183499 1 2 2 1 2 2 270 79 10 4 0 0 
1682252094.681068 20.422265625 45.29410044612726 983.1118287353205 1 2 2 1 2 2 270 79 10 4 0 0 
1682252099.8358648 20.422265625 45.376876898347426 983.0936606637254 1 2 2 1 2 2 291 86 10 4 0 0 
1682252104.9898047 20.422265625 45.288231386016335 983.0973675332486 1 2 2 1 2 2 291 86 10 4 0 0 
1682252110.14466 20.401953125 45.42430099868589 983.0741516937672 1 2 2 1 2 2 291 86 10 4 0 0 
1682252115.2982316 20.412109375 45.453733733833694 983.1027568990112 1 2 2 1 2 2 306 86 15 4 0 0 
1682252120.453082 20.401953125 45.29400616761474 983.0472291661126 1 2 2 1 2 2 306 86 15 4 0 0 
1682252125.6079419 20.401953125 45.217097629690194 983.0967087330255 1 2 2 1 2 2 306 86 15 4 0 0 
1682252130.761339 20.396875 45.37682880406497 983.0785410025186 1 3 3 1 3 3 336 100 19 4 0 0 
1682252135.9164934 20.391796875 45.471431588304256 983.0563255770065 1 3 3 1 3 3 336 100 19 4 0 0 
1682252141.0711854 20.391796875 45.43593781319919 983.0553256583668 1 3 3 1 3 3 336 100 19 4 0 0 
1682252146.225709 20.391796875 45.39447962187096 983.062056072867 1 3 4 1 3 4 342 100 26 6 2 0 
1682252151.3810027 20.381640625 45.417996359650814 983.0667626781102 1 3 4 1 3 4 342 100 26 6 2 0 
1682252156.5358098 20.38671875 45.317432742076086 983.0839299277173 1 2 2 1 2 2 321 95 19 0 0 0 
1682252161.6894112 20.391796875 45.4299246846702 983.0321105979045 1 2 2 1 2 2 321 95 19 0 0 0 
1682252166.8404515 20.381640625 45.29386466900986 983.051960451536 1 2 2 1 2 2 321 95 19 0 0 0 
1682252171.993358 20.38671875 45.54823332182273 983.057349440067 0 1 1 0 1 1 300 86 15 0 0 0 
1682252177.1429 20.391796875 45.52457192331824 983.0371583650787 0 1 1 0 1 1 300 86 15 0 0 0 
1682252182.293627 20.38671875 45.56602955981226 983.0610556617805 0 1 1 0 1 1 300 86 15 0 0 0 
1682252187.4453638 20.391796875 45.56597926277224 983.0640798006335 1 1 1 1 1 1 264 79 12 0 0 0 
1682252192.5962663 20.381640625 45.4357913985004 983.0576905087438 1 1 1 1 1 1 264 79 12 0 0 0 
1682252197.7471895 20.381640625 45.48898065419163 983.0708101623185 1 1 1 1 1 1 264 79 12 0 0 0 
1682252202.895356 20.3765625 45.47710072920266 983.0216972873433 0 1 1 0 1 1 249 74 12 0 0 0 
1682252208.0496514 20.371484375 45.601318690573564 983.048277022804 0 1 1 0 1 1 249 74 12 0 0 0 
1682252213.2041485 20.371484375 45.37644366180046 983.0566897682905 0 1 1 0 1 1 249 74 12 0 0 0 
1682252218.3583 20.371484375 45.672298347695936 983.0267448904104 1 1 1 1 1 1 249 74 10 0 0 0 
1682252223.5143454 20.3765625 45.518507219959574 983.069468545596 1 1 1 1 1 1 249 74 10 0 0 0 
1682252228.6685424 20.371484375 45.32325322349162 983.0627382384039 1 1 1 1 1 1 249 74 10 0 0 0 
1682252233.8249664 20.371484375 45.601318690573564 983.0677859686932 1 1 1 1 1 1 255 76 10 0 0 0 
1682252238.9796033 20.3765625 45.60136942687297 983.0761988539067 1 2 2 1 2 2 429 120 10 2 0 0 
1682252244.1341496 20.36640625 45.60142015239509 983.0301099594716 1 2 2 1 2 2 429 120 10 2 0 0 
1682252249.2861319 20.38671875 45.53038747582244 983.0475950513111 1 2 2 1 2 2 429 120 10 2 0 0 
1682252254.4414856 20.381640625 45.53038747582244 983.0684676149078 1 2 2 1 2 2 435 122 10 2 0 0 
1682252259.5961049 20.361328125 45.64853603639699 983.0439109911792 1 2 2 1 2 2 435 122 10 2 0 0 
1682252264.7506895 20.36640625 45.66622892120483 983.0540061220761 1 2 2 1 2 2 435 122 10 2 0 0 
1682252269.9051836 20.36640625 45.565828306987946 983.0681268465496 1 2 2 1 2 2 465 129 8 2 0 0 
1682252275.0589645 20.3765625 45.41208093496238 983.048277022804 1 2 2 1 2 2 465 129 8 2 0 0 
1682252280.2128875 20.3765625 45.4297296286033 983.0640798006335 1 2 2 1 2 2 465 129 8 2 0 0 
1682252285.3680825 20.36640625 45.48291718098547 983.05971403085 1 2 2 1 2 2 423 117 10 2 0 0 
1682252290.522668 20.361328125 45.429778408786675 983.0721733463263 1 2 2 1 2 2 423 117 10 2 0 0 
1682252295.6754472 20.361328125 45.63665520982533 983.0889987133014 1 2 2 1 2 2 423 117 10 2 0 0 
1682252300.8218648 20.361328125 45.749086410225786 983.0425691263376 1 2 2 1 2 2 381 107 12 2 0 0 
1682252305.972665 20.35625 45.70768367484135 983.0523236000854 1 2 2 1 2 2 381 107 12 2 0 0 
1682252311.1207943 20.361328125 45.66031419948398 983.0624187330791 1 2 2 1 2 2 381 107 12 2 0 0 
1682252316.2748544 20.361328125 45.583371305912166 983.1091891628988 1 2 2 1 2 2 480 133 19 0 0 0 
1682252321.4297214 20.35625 45.49464826002353 983.0812668284439 1 2 4 1 2 4 354 101 28 4 2 0 
1682252326.5834672 20.36640625 45.56572761591153 983.0472760345319 1 2 2 1 2 2 306 85 21 2 0 0 
1682252331.7280622 20.35625 45.56567725420725 983.0546871363028 1 2 2 1 2 2 306 85 21 2 0 0 
1682252336.8779879 20.341015625 45.66612585958968 983.0593942096664 1 2 2 1 2 2 306 85 21 2 0 0 
1682252342.0308383 20.351171875 45.67800667275974 983.0509816671282 1 1 2 1 1 2 291 80 17 2 0 0 
1682252347.184992 20.34609375 45.57745650812726 983.0193547584058 1 1 2 1 1 2 291 80 17 2 0 0 
1682252352.3389025 20.351171875 45.55966173767174 983.0715120889934 1 1 2 1 1 2 291 80 17 2 0 0 
1682252357.492776 20.351171875 45.64251871851049 983.0496396518589 1 2 2 1 2 2 312 87 15 0 0 0 
1682252362.6510448 20.34609375 45.459158394199044 983.056709960588 1 2 2 1 2 2 312 87 15 0 0 0 
1682252367.8058445 20.351171875 45.42361940292521 983.0533449978552 1 2 2 1 2 2 312 87 15 0 0 0 
1682252372.9625273 20.341015625 45.76086307099552 983.0627592271709 1 2 2 1 2 2 333 91 17 0 0 0 
1682252378.1148221 20.34609375 45.6661773957858 983.0530046414183 1 2 2 1 2 2 333 91 17 0 0 0 
1682252383.2652946 20.351171875 45.73710009099927 983.0297902665542 1 2 2 1 2 2 333 91 17 0 0 0 
1682252388.4137883 20.34609375 45.78436251982618 983.0617574052114 1 1 1 1 1 1 303 82 15 0 0 0 
1682252393.5719817 20.341015625 45.44136436359496 983.03517810386 1 1 1 1 1 1 303 82 15 0 0 0 
1682252398.7263963 20.34609375 45.78436251982618 983.0503203094615 1 1 1 1 1 1 303 82 15 0 0 0 
1682252403.880548 20.341015625 45.837537347579335 983.0604151163413 1 2 3 1 2 3 372 103 19 2 2 2 
1682252409.0346327 20.3306640625 45.707371577019806 983.0442707677106 1 2 3 1 2 3 372 103 19 2 2 2 
1682252414.1882486 20.3357421875 45.559510726696104 983.0459532079633 1 1 3 1 1 3 366 96 15 2 2 2 
1682252419.3433962 20.3255859375 45.73092405569574 983.0382210060234 1 1 3 1 1 3 366 96 15 2 2 2 
1682252424.498205 20.3306640625 45.76640864366806 983.0328337826062 1 1 3 1 1 3 366 96 15 2 2 2 
1682252429.6520302 20.3001953125 45.742594813051845 982.9901114100888 1 1 3 1 1 3 351 91 13 2 2 2 
1682252434.8036668 20.2951171875 45.89640713268122 983.0338534099009 1 1 3 1 1 3 351 91 13 2 2 2 
1682252439.9486258 20.3103515625 45.636091567484684 983.0227561069333 1 1 3 1 1 3 351 91 13 2 2 2 
1682252445.104589 20.3154296875 45.80178652972451 983.0267840478856 1 1 3 1 1 3 330 86 17 2 2 2 
1682252450.2629285 20.3103515625 45.68350707688523 983.0173693505872 1 1 3 1 1 3 330 86 17 2 2 2 
1682252455.417275 20.3154296875 45.74856128457905 982.9985233294603 1 1 3 1 1 3 330 86 17 2 2 2 
1682252460.5737529 20.3205078125 45.825335009487574 983.0187119430807 0 1 3 0 1 3 324 84 19 2 2 2 
1682252465.7283647 20.3103515625 45.896461389028104 983.0072751242557 0 1 3 0 1 3 324 84 19 2 2 2 
1682252470.8831463 20.3052734375 45.718939111541175 983.0183720548088 0 1 3 0 1 3 324 84 19 2 2 2 
1682252476.0402253 20.3052734375 45.73081935124006 983.0304886390071 0 1 3 0 1 3 282 73 17 2 2 2 
1682252481.1950238 20.3103515625 45.813614248949676 983.0045727633558 0 1 3 0 1 3 282 73 17 2 2 2 
1682252486.3499508 20.3154296875 45.778130967969396 982.9968409454461 1 2 2 1 2 2 324 98 10 0 0 0 
1682252491.50477 20.3103515625 45.7072153826198 982.9914536887045 1 2 2 1 2 2 324 98 10 0 0 0 
1682252496.6589556 20.3103515625 45.76635588994217 983.0382210060234 1 2 2 1 2 2 345 105 12 0 0 0 
1682252501.8138175 20.3103515625 45.92597553164678 982.9631932798419 1 2 2 1 2 2 345 105 12 0 0 0 
1682252506.9674585 20.3103515625 45.68340341437834 982.9867466428295 1 2 2 1 2 2 345 105 12 0 0 0 
1682252512.1224034 20.2951171875 45.86678454875275 982.9985233294603 1 2 2 1 2 2 345 107 12 0 0 0 
1682252517.2772245 20.3001953125 45.754369951727654 982.9870866791408 1 2 2 1 2 2 345 107 12 0 0 0 
1682252522.4322355 20.3001953125 45.955543673727384 982.9941560323631 1 2 2 1 2 2 345 107 12 0 0 0 
1682252527.5870662 20.3205078125 45.843290648538115 982.982701420614 1 2 2 1 2 2 381 119 14 0 0 0 
1682252532.7411122 20.3205078125 45.84312971035571 982.959828514819 1 2 2 1 2 2 381 119 14 0 0 0 
1682252537.8959951 20.3154296875 45.707163296265826 982.9581461324125 1 2 2 1 2 2 381 119 14 0 0 0 
1682252543.0513418 20.3103515625 45.647919590857654 982.9312280234127 1 2 2 1 2 2 387 121 16 0 0 0 
1682252548.2084842 20.3154296875 45.92608471164331 982.9591476801019 1 2 2 1 2 2 387 121 16 0 0 0 
1682252553.3640783 20.3103515625 45.577102649487315 982.9759717790698 1 2 2 1 2 2 387 121 16 0 0 0 
1682252558.519476 20.3205078125 45.67173058499593 982.9625124993363 1 2 2 1 2 2 387 121 18 0 0 0 
1682252563.6720061 20.3255859375 45.76049457136235 982.9672192149118 1 2 2 1 2 2 387 121 18 0 0 0 
1682252568.8212073 20.3306640625 45.68957676352661 982.9884097220151 1 2 2 1 2 2 378 114 8 0 0 0 
1682252573.973276 20.3205078125 45.778289636027935 982.950735633239 1 2 2 1 2 2 378 114 8 0 0 0 
1682252579.1265972 20.3255859375 45.88479611942593 982.9668785916366 1 2 2 1 2 2 378 114 8 0 0 0 
1682252584.2763536 20.3255859375 45.71920016758447 982.9870678407017 1 1 3 1 1 3 357 104 10 2 2 2 
1682252589.4223235 20.3306640625 45.66597118633874 982.963513717771 1 1 3 1 1 3 357 104 10 2 2 2 
1682252594.5752797 20.3306640625 45.75458048878077 982.962171944877 1 1 3 1 1 3 357 104 10 2 2 2 
1682252599.725775 20.3205078125 45.713285877440306 982.9719259029594 1 2 3 1 2 3 387 111 10 2 2 2 
1682252604.8760188 20.3255859375 45.70731952299679 982.9853854028951 1 2 3 1 2 3 387 111 10 2 2 2 
1682252610.0305672 20.3154296875 45.91425711165301 982.9699228107263 1 2 3 1 2 3 387 111 10 2 2 2 
1682252615.1854587 20.341015625 45.80775363366758 982.9537598295506 1 2 3 1 2 3 417 123 10 2 2 2 
1682252620.339317 20.3154296875 45.81372085218242 982.969242138644 1 2 3 1 2 3 417 123 10 2 2 2 
1682252625.497736 20.3357421875 45.7900648301322 982.9887502785778 1 2 3 1 2 3 417 123 10 2 2 2 
1682252630.6517446 20.3154296875 45.82560222262686 982.9541004517745 1 2 3 1 2 3 417 120 12 2 2 2 
1682252635.798714 20.3255859375 45.95570844465887 982.9581461324125 1 2 3 1 2 3 417 120 12 2 2 2 
1682252640.9496336 20.3154296875 45.89065595534729 982.965536791497 1 2 3 1 2 3 417 120 12 2 2 2 
1682252646.1005976 20.3205078125 45.7900648301322 982.9689016383963 1 2 3 1 2 3 375 106 10 2 2 2 
1682252651.2517095 20.3306640625 45.76054724649758 982.9487125611934 1 3 3 1 3 3 402 109 15 4 0 0 
1682252656.40276 20.3306640625 45.74871893543015 982.9520774066949 1 3 3 1 3 3 402 109 15 4 0 0 
1682252661.5504344 20.3255859375 45.7309763917582 982.9453477159715 1 3 3 1 3 3 402 109 15 4 0 0 
1682252666.7052426 20.3154296875 45.7191479779297 982.9702434657818 1 2 2 1 2 2 402 109 20 2 0 0 
1682252671.8596132 20.3255859375 45.70135328313237 982.9133817003064 1 2 2 1 2 2 402 109 20 2 0 0 
1682252677.0179431 20.341015625 45.843397886776714 982.9174055868934 1 2 2 1 2 2 402 109 20 2 0 0 
1682252682.1744778 20.3306640625 45.76661955080348 982.9298649944923 1 3 3 1 3 3 393 116 20 2 0 0 
1682252687.329056 20.34609375 45.63058704886204 982.9241354357794 1 3 3 1 3 3 393 116 20 2 0 0 
1682252692.4846723 20.3306640625 45.66597118633874 982.9096757739449 1 3 3 1 3 3 393 116 20 2 0 0 
1682252697.6392374 20.3306640625 45.86716181899121 982.934230211205 1 2 2 1 2 2 372 109 20 2 0 0 
1682252702.792833 20.341015625 45.920279918062185 982.9278415145918 1 2 2 1 2 2 372 109 20 2 0 0 
1682252707.9512928 20.34609375 45.75479085340429 982.9241354357794 1 2 2 1 2 2 372 109 20 2 0 0 
1682252713.1003954 20.341015625 45.660211273504714 982.9587850394429 1 2 2 1 2 2 366 104 20 2 0 0 
1682252718.248295 20.3357421875 45.80796648267175 982.9214528180408 1 2 2 1 2 2 366 104 20 2 0 0 
1682252723.402082 20.341015625 45.85533347100369 982.9423013845266 1 2 2 1 2 2 366 104 20 2 0 0 
1682252728.5567937 20.34609375 45.69559485296311 982.9513958067146 None None None None None None None None None None None None 
1682252733.715139 20.3357421875 45.74296211489782 982.9527373060208 1 3 4 1 3 4 354 95 25 8 2 0 
1682252738.86972 20.351171875 45.59515014828486 982.9776334102853 1 3 4 1 3 4 354 95 25 8 2 0 
1682252744.0257769 20.34609375 45.96184206059864 982.954078723021 1 3 4 1 3 4 354 95 25 8 2 0 
1682252749.1799755 20.34609375 45.69564674979942 983.0227197454489 1 3 4 1 3 4 369 98 25 8 2 0 
1682252754.3375585 20.351171875 45.80210539635755 982.9910932377304 1 3 4 1 3 4 369 98 25 8 2 0 
1682252759.4913445 20.351171875 45.99732627817529 982.9931164513399 1 3 4 1 3 4 369 98 25 8 2 0 
1682252764.6463346 20.341015625 45.790382753693585 982.9631729579133 1 3 4 1 3 4 339 93 25 8 2 0 
1682252769.8010452 20.34609375 45.855387188025865 983.0348377078225 1 3 4 1 3 4 339 93 25 8 2 0 
1682252774.9556048 20.341015625 45.69575051114101 982.9887289066594 1 3 4 1 3 4 339 93 25 8 2 0 
1682252780.1138647 20.34609375 45.70757968534209 983.0008473346669 1 3 4 1 3 4 333 91 25 8 2 0 
1682252785.270288 20.351171875 45.95598284735232 983.0008473346669 1 3 4 1 3 4 333 91 25 8 2 0 
1682252790.425163 20.35625 45.932326184425094 982.9910932377304 1 3 4 1 3 4 333 91 25 8 2 0 
1682252795.5788603 20.351171875 45.885012365260906 983.0122839939609 1 2 3 1 2 3 339 98 25 4 2 0 
1682252800.7351198 20.34609375 45.60111563760317 983.0227197454489 1 2 3 1 2 3 339 98 25 4 2 0 
1682252805.8922296 20.35625 45.73123791041681 983.0244022390752 1 2 3 1 2 3 339 98 25 4 2 0 
1682252811.0471756 20.35625 45.6602627418829 983.0193547584058 0 1 2 0 1 2 246 72 12 2 0 0 
1682252816.2019897 20.361328125 45.885066399778445 983.0334750288121 0 1 2 0 1 2 246 72 12 2 0 0 
1682252821.3579125 20.361328125 45.70763168548021 982.9934353744424 1 1 2 1 1 2 261 75 14 2 0 0 
1682252826.5134103 20.36640625 45.67240143717572 983.022697662534 1 1 2 1 1 2 261 75 14 2 0 0 
1682252831.6686075 20.36640625 45.743276524753156 983.0163086058932 1 1 2 1 1 2 261 75 14 2 0 0 
1682252836.8232863 20.36640625 45.71370246418168 982.9974592489904 1 1 2 1 1 2 270 73 16 2 0 0 
1682252841.9777584 20.36640625 45.77285032836889 983.015626119377 1 1 2 1 1 2 270 73 16 2 0 0 
1682252847.1320274 20.36640625 45.80823230145125 982.9826576679869 1 1 2 1 1 2 270 73 16 2 0 0 
1682252852.286872 20.3765625 45.95620217553399 983.0045307744454 1 1 2 1 1 2 264 75 18 2 0 0 
1682252857.4408684 20.371484375 45.784626928469244 982.9944354930735 1 1 2 1 1 2 264 75 18 2 0 0 
1682252862.5955863 20.371484375 45.69595790450003 982.9927529464228 1 1 2 1 1 2 264 75 18 2 0 0 
1682252867.7504144 20.371484375 45.63089372757691 982.9927529464228 1 1 2 1 1 2 270 77 18 2 0 0 
1682252872.9048758 20.371484375 45.80823230145125 982.9651489098102 1 1 2 1 1 2 270 77 18 2 0 0 
1682252878.0598977 20.371484375 45.855762905437366 982.9927529464228 1 1 2 1 1 2 270 77 18 2 0 0 
1682252883.2147315 20.3765625 45.666486386643534 982.9701966279357 1 2 2 1 2 2 300 86 20 2 0 0 
1682252888.3694563 20.381640625 45.74332888867664 982.9924115681692 1 2 2 1 2 2 300 86 20 2 0 0 
1682252893.528414 20.38671875 45.62508074511453 983.0035065958022 1 1 1 1 1 1 258 72 11 0 0 0 
1682252898.6831646 20.381640625 45.74332888867664 983.0051891836019 1 1 1 1 1 1 258 72 11 0 0 0 
1682252903.8375225 20.38671875 45.926738886407676 983.0166257966977 1 1 1 1 1 1 258 72 11 0 0 0 
1682252908.9917347 20.3765625 45.83796524076992 983.0105783955889 1 2 2 1 2 2 279 81 13 0 0 0 
1682252914.1453967 20.381640625 45.99771338724488 982.9907290080351 1 2 2 1 2 2 279 81 13 0 0 0 
1682252919.3001943 20.381640625 45.7906473936342 982.9971178018972 1 2 2 1 2 2 279 81 13 0 0 0 
1682252924.454968 20.381640625 45.86764610481608 983.0068717714715 1 2 2 1 2 2 300 88 13 0 0 0 
1682252929.6104193 20.401953125 45.79682687008721 983.0001147857841 1 2 2 1 2 2 300 88 13 0 0 0 
1682252934.7677097 20.412109375 45.862053291083306 982.9990879382296 1 2 2 1 2 2 300 88 13 0 0 0 
1682252939.9209945 20.422265625 45.69642390910272 983.0108668127955 1 2 2 1 2 2 321 91 15 0 0 0 
1682252945.0723794 20.4171875 45.7082548465334 983.0175975997996 1 2 2 1 2 2 321 91 15 0 0 0 
1682252950.2237992 20.412109375 45.802900865607846 982.9896765999551 1 2 2 1 2 2 321 91 15 0 0 0 
1682252955.3776042 20.422265625 45.52487069533857 982.9977476477355 1 2 2 1 2 2 321 91 17 0 0 0 
1682252960.5337088 20.422265625 45.64333749158376 983.0155725369151 1 2 2 1 2 2 321 91 17 0 0 0 
1682252965.6825397 20.432421875 45.72018972340525 983.0189379578038 1 2 2 1 2 2 321 91 17 0 0 0 
1682252970.827321 20.42734375 45.696475633506864 983.0162571594482 1 2 3 1 2 3 300 81 19 2 2 2 
1682252975.9783895 20.422265625 45.52497019979207 983.0293764797489 1 3 3 1 3 3 423 127 25 0 0 0 
1682252981.1294768 20.432421875 45.702391175179145 983.0260110851282 1 3 3 1 3 3 423 127 25 0 0 0 
1682252986.2796497 20.432421875 45.696579049984145 983.0327418746493 1 3 3 1 3 3 423 127 25 0 0 0 
1682252991.4300802 20.42734375 45.76756649910413 983.0276937824036 1 2 2 1 2 2 366 111 18 0 0 0 
1682252996.5814307 20.4375 45.74987207803438 983.0333975928021 1 2 2 1 2 2 366 111 18 0 0 0 
1682253001.7320895 20.4375 45.53690173741493 983.0182529513779 1 2 2 1 2 2 366 111 18 0 0 0 
1682253006.882968 20.44765625 45.73798857522273 983.0448343116177 1 2 2 1 2 2 360 109 16 0 0 0 
1682253012.031826 20.442578125 45.68485076662986 983.0233011645566 1 2 2 1 2 2 360 109 16 0 0 0 
1682253017.18367 20.442578125 45.55464977472416 983.0418112849294 1 2 2 1 2 2 360 109 16 0 0 0 
1682253022.332316 20.452734375 45.63170964069731 983.0566135793866 1 2 2 1 2 2 339 104 18 0 0 0 
1682253027.4864888 20.442578125 45.62559012039117 983.0071589859166 1 2 2 1 2 2 339 104 18 0 0 0 
1682253032.641008 20.442578125 45.51920325425565 983.0387882032036 1 2 2 1 2 2 339 104 18 0 0 0 
1682253037.796877 20.4375 45.72029366086009 983.0182529513779 1 2 2 1 2 2 339 101 18 0 0 0 
1682253042.9509919 20.452734375 45.74400863898624 983.034737799114 1 2 2 1 2 2 339 101 18 0 0 0 
1682253048.1048567 20.44765625 45.79133419660086 983.022926225713 1 2 2 1 2 2 339 101 18 0 0 0 
1682253053.2597537 20.442578125 45.86232129923866 982.9849410419827 1 2 2 1 2 2 369 108 18 0 0 0 
1682253058.4147575 20.452734375 45.73222922418386 983.0367630694434 2 2 2 2 2 2 390 122 14 2 0 0 
1682253063.5730581 20.44765625 45.73222922418386 983.0579217531653 1 2 2 1 2 2 354 110 14 2 0 0 
1682253068.7267616 20.44765625 45.53695158756758 983.0212434602748 1 2 2 1 2 2 354 110 14 2 0 0 
1682253073.8816397 20.442578125 45.6907666001324 983.0283493783649 1 2 2 1 2 2 354 110 14 2 0 0 
1682253079.0359128 20.44765625 45.489671789886074 983.0162275327286 1 2 2 1 2 2 369 113 14 2 0 0 
1682253084.190444 20.442578125 45.572447976589984 982.9886491798729 1 2 2 1 2 2 369 113 14 2 0 0 
1682253089.3447268 20.44765625 45.74992436967343 982.9950373792578 1 2 2 1 2 2 369 113 14 2 0 0 
1682253094.503097 20.4375 45.696579049984145 982.9950373792578 1 2 2 1 2 2 333 104 10 2 0 0 
1682253099.6548243 20.4375 45.69652734713401 983.0081565269082 1 2 2 1 2 2 333 104 10 2 0 0 
1682253104.8047962 20.44765625 45.68485076662986 982.999742841773 1 2 2 1 2 2 333 104 10 2 0 0 
1682253109.9609692 20.44765625 45.67307046802956 982.9791743470478 1 2 2 1 2 2 333 104 12 2 0 0 
1682253115.1089861 20.4578125 45.7383014142844 982.9599771435139 1 2 2 1 2 2 333 104 12 2 0 0 
1682253120.2581813 20.452734375 45.85667316358999 982.9835362102697 1 2 2 1 2 2 333 104 12 2 0 0 
1682253125.4109383 20.462890625 45.767881372607555 982.9784878376682 1 2 2 1 2 2 312 99 10 2 0 0 
1682253130.5620987 20.462890625 45.60814654376636 982.9895806169193 1 2 2 1 2 2 312 99 10 2 0 0 
1682253135.719565 20.462890625 45.69688904076788 982.9525586299425 1 2 2 1 2 2 312 99 10 2 0 0 
1682253140.8733218 20.46796875 45.57851491550787 982.9542414467983 1 3 3 1 3 3 396 108 16 4 0 0 
1682253146.0222087 20.46796875 45.71463726254126 982.9360743326209 1 2 2 1 2 2 417 106 12 2 0 0 
1682253151.1712945 20.473046875 45.626047636689094 982.948849127934 1 2 2 1 2 2 417 106 12 2 0 0 
1682253156.3197908 20.503515625 45.60855306646331 982.9753931228166 1 2 2 1 2 2 417 106 12 2 0 0 
1682253161.468263 20.513671875 45.58488582915292 982.938369059331 1 2 2 1 2 2 411 109 12 2 0 0 
1682253166.619536 20.513671875 45.49031355770438 982.9144634163455 1 2 2 1 2 2 411 109 12 2 0 0 
1682253171.7688186 20.503515625 45.55530155111645 982.9935609113469 1 2 2 1 2 2 411 109 12 2 0 0 
1682253176.920431 20.503515625 45.47251316835041 982.9713383236846 1 2 2 1 2 2 405 114 14 2 0 0 
1682253182.0749722 20.503515625 45.46072777865761 982.9666340871935 1 2 2 1 2 2 405 114 14 2 0 0 
1682253187.2299333 20.513671875 45.68552185644435 982.9558470958638 1 2 2 1 2 2 405 114 14 2 0 0 
1682253192.383949 20.513671875 45.7388759444931 982.9790637466053 1 2 2 1 2 2 426 119 10 2 0 0 
1682253197.5427418 20.513671875 45.6205891952993 982.9763871431406 1 2 2 1 2 2 426 119 10 2 0 0 
1682253202.69747 20.50859375 45.57916966701118 982.970648911623 1 2 2 1 2 2 426 119 10 2 0 0 
1682253207.8524413 20.523828125 45.513981995814525 982.9410454201665 1 2 2 1 2 2 399 114 12 2 0 0 
1682253213.0106218 20.523828125 45.496230682659196 982.9218429032061 1 2 2 1 2 2 399 114 12 2 0 0 
1682253218.1655521 20.513671875 45.59090328319676 982.972676625743 1 2 2 1 2 2 399 114 12 2 0 0 
1682253223.3209066 20.50859375 45.561368337730826 983.0049971319476 1 2 2 1 2 2 285 81 10 2 0 0 
1682253228.475993 20.513671875 45.655989168766354 983.0197993466124 1 2 2 1 2 2 285 81 10 2 0 0 
1682253233.6308763 20.513671875 45.608654102679374 982.9571851792883 1 2 2 1 2 2 291 83 10 2 0 0 
1682253238.7871573 20.513671875 45.42522450440149 982.9454044171672 1 2 2 1 2 2 291 83 10 2 0 0 
1682253243.9419682 20.51875 45.60278760725799 982.972676625743 1 2 2 1 2 2 291 83 10 2 0 0 
1682253249.096697 20.513671875 45.756678382667566 982.9895061626162 1 2 2 1 2 2 327 97 10 2 0 0 
1682253254.2504299 20.523828125 45.531882044831825 982.9804019247431 1 2 2 1 2 2 327 97 10 2 0 0 
1682253259.4041083 20.5494140625 45.58523736831306 982.9393198483359 1 2 2 1 2 2 327 97 10 2 0 0 
1682253264.5588017 20.5443359375 45.54386568578045 983.0113443203725 1 2 2 1 2 2 339 101 14 2 0 0 
1682253269.7154536 20.5443359375 45.56176762469499 982.9854085305024 1 2 2 1 2 2 339 101 14 2 0 0 
1682253274.870325 20.5494140625 45.668231971783 982.9625366889843 1 2 2 1 2 2 339 101 14 2 0 0 
1682253280.0254436 20.5544921875 45.567735166829735 982.9530849651842 1 2 2 1 2 2 339 104 12 2 0 0 
1682253285.180254 20.5595703125 45.620993821767215 982.9759565779856 1 2 2 1 2 2 339 104 12 2 0 0 
1682253290.3349922 20.5544921875 45.46116664781189 982.9631833328649 1 2 2 1 2 2 339 104 12 2 0 0 
1682253295.4896033 20.5595703125 45.59135558152414 982.9487270537918 1 2 2 1 2 2 324 99 8 2 0 0 
1682253300.6443129 20.5595703125 45.419790086606156 982.9678868801581 1 2 2 1 2 2 324 99 8 2 0 0 
1682253305.7993386 20.5494140625 45.709653268452605 982.938628852537 1 2 2 1 2 2 312 86 18 0 0 0 
1682253310.9540882 20.5544921875 45.70970483709744 982.9769932871507 1 2 2 1 2 2 312 86 18 0 0 0 
1682253316.1077826 20.5494140625 45.44336470898776 982.9453609864271 1 2 2 1 2 2 312 86 18 0 0 0 
1682253321.2616029 20.5494140625 45.43744694884914 982.9453609864271 1 2 2 1 2 2 318 88 18 0 0 0 
1682253326.41648 20.5443359375 45.60314034434378 982.9470440200745 1 2 2 1 2 2 318 88 18 0 0 0 
1682253331.5716038 20.5494140625 45.47882211941241 982.9362543579788 1 2 2 1 2 2 318 88 18 0 0 0 
1682253336.7266212 20.5494140625 45.56181748706731 982.9635289014254 1 2 2 1 2 2 318 91 20 0 0 0 
1682253341.880281 20.5494140625 45.5794703530365 982.9870915793824 1 2 2 1 2 2 318 91 20 0 0 0 
1682253347.0330942 20.5494140625 45.54401472715382 982.9349170966229 1 2 2 1 2 2 318 91 20 0 0 0 
1682253352.1829422 20.5544921875 45.60319069224699 982.9736271902998 1 2 2 1 2 2 330 91 20 0 0 0 
1682253357.3324518 20.5544921875 45.60324102937294 982.939966237178 1 2 2 1 2 2 330 91 20 0 0 0 
1682253362.4837654 20.5544921875 45.5202946546967 982.9211068174743 1 2 2 1 2 2 330 91 20 0 0 0 
1682253367.634453 20.5544921875 45.650479833194964 982.9759565779856 1 2 2 1 2 2 324 96 23 0 0 0 
1682253372.785068 20.5595703125 45.496722330724744 982.9345712976428 1 2 2 1 2 2 324 96 23 0 0 0 
1682253377.9347138 20.5646484375 45.68618914263037 982.9372455458572 1 2 2 1 2 2 324 96 23 0 0 0 
1682253383.0854309 20.5646484375 45.60920903129461 982.9554135615634 1 2 2 1 2 2 345 100 23 0 0 0 
1682253388.2317305 20.5951171875 45.44370409918716 982.9489791913173 1 2 2 1 2 2 306 83 15 2 0 0 
1682253393.3817801 20.5951171875 45.497114873192764 982.9449196353527 1 2 2 1 2 2 306 83 15 2 0 0 
1682253398.533773 20.5951171875 45.639050759546826 982.9519989900678 1 2 2 1 2 2 306 83 15 2 0 0 
1682253403.688118 20.6052734375 45.38447351319467 982.9385336357155 0 2 2 0 2 2 279 71 17 2 0 0 
1682253408.8417857 20.6001953125 45.57400252066113 982.9405634127936 0 2 2 0 2 2 279 71 17 2 0 0 
1682253413.993609 20.5951171875 45.449719331114885 982.9358604855988 0 2 2 0 2 2 279 71 17 2 0 0 
1682253419.137761 20.5951171875 45.52660769872287 982.9425930532215 0 1 1 0 1 1 285 71 15 2 0 0 
1682253424.287575 20.6052734375 45.47931097827562 982.9486326510599 0 1 1 0 1 1 285 71 15 2 0 0 
1682253429.439974 20.5849609375 45.42594936352555 982.9809591656577 0 1 1 0 1 1 285 71 15 2 0 0 
1682253434.5894082 20.5849609375 45.562116434976325 982.9614538461128 0 1 1 0 1 1 273 68 17 2 0 0 
1682253439.7394793 20.5849609375 45.47324632840604 982.9517012696846 0 1 1 0 1 1 273 68 17 2 0 0 
1682253444.8906398 20.6103515625 45.4498162952881 982.9385336357155 0 1 1 0 1 1 273 68 17 2 0 0 
1682253450.0398433 20.6052734375 45.449719331114885 982.9388802572986 0 1 1 0 1 1 279 70 14 0 0 0 
1682253455.187653 20.6154296875 45.59777535009878 982.9351672978271 0 1 1 0 1 1 279 70 14 0 0 0 
1682253460.3415732 20.6052734375 45.36681380199947 982.9418999738839 0 1 1 0 1 1 279 70 14 0 0 0 
1682253465.495382 20.6103515625 45.36099031634136 982.9533355504688 1 1 1 1 1 1 279 77 14 0 0 0 
1682253470.6500244 20.6103515625 45.28400135356051 982.9570484991043 1 2 3 1 2 3 447 126 17 2 0 0 
1682253475.804393 20.6052734375 45.33135017025644 982.9412064560914 1 2 3 1 2 3 426 121 17 2 0 0 
1682253480.9572537 20.6205078125 45.473538913437736 982.947939241702 1 2 3 1 2 3 426 121 17 2 0 0 
1682253486.1089754 20.6154296875 45.5208867239975 982.9391763229863 1 2 3 1 2 3 426 121 17 2 0 0 
1682253491.2592752 20.6154296875 45.36700393191878 982.9324434845574 1 1 2 1 1 2 321 90 15 2 0 0 
1682253496.4099016 20.6205078125 45.52093599305221 982.9412064560914 1 1 2 1 1 2 321 90 15 2 0 0 
1682253501.5607147 20.6103515625 45.41435322417669 982.9395232598638 1 1 2 1 1 2 321 90 15 2 0 0 
1682253506.7060347 20.6154296875 45.4854247899179 982.9758602060513 1 1 2 1 1 2 312 90 13 2 0 0 
1682253511.8544025 20.6205078125 45.49726189878856 982.9442259525425 1 1 2 1 1 2 312 90 13 2 0 0 
1682253517.0043952 20.6205078125 45.54456038232769 982.9526420032021 1 1 2 1 1 2 312 90 13 2 0 0 
1682253522.1552696 20.6205078125 45.56231551803484 982.9694741097682 1 1 3 1 1 3 306 88 13 4 2 0 
1682253527.3053916 20.6255859375 45.61563072373775 982.9432364525394 1 1 3 1 1 3 306 88 13 4 2 0 
1682253532.4542649 20.6255859375 45.53869145570698 982.999078692513 1 1 3 1 1 3 306 88 13 4 2 0 
1682253537.6019888 20.6103515625 45.532674158260825 982.9812565885272 1 1 2 1 1 2 291 86 6 2 2 0 
1682253542.7508767 20.6205078125 45.61563072373775 982.9442259525425 1 1 2 1 1 2 291 86 6 2 2 0 
1682253547.9056835 20.6255859375 45.639405213484814 982.9573447370368 1 1 2 1 1 2 291 86 6 2 2 0 
1682253553.0619562 20.6306640625 45.49731088576538 982.9701166250402 1 1 2 1 1 2 312 95 6 2 2 0 
1682253558.2210972 20.6255859375 45.59792580236287 982.9455621702532 1 1 2 1 1 2 312 95 6 2 2 0 
1682253563.3745654 20.6255859375 45.52103449882917 982.927046715091 1 1 2 1 1 2 318 95 8 2 2 0 
1682253568.5262482 20.6357421875 45.51511585504846 982.9431846061614 1 1 2 1 1 2 318 95 8 2 2 0 
1682253573.6732433 20.6357421875 45.49740882738635 982.9364516042401 1 1 2 1 1 2 318 95 8 2 2 0 
1682253578.8230693 20.6306640625 45.426383115001755 982.9831988675086 1 1 1 1 1 1 312 91 8 0 0 0 
1682253583.97589 20.6560546875 45.55087533481749 982.9629995132287 1 1 1 1 1 1 312 91 8 0 0 0 
1682253589.1305828 20.6509765625 45.36728880345998 982.9512165612182 1 1 1 1 1 1 312 91 8 0 0 0 
1682253594.2846694 20.6560546875 45.52123138105321 982.9609688276697 1 1 1 1 1 1 306 87 8 0 0 0 
1682253599.439004 20.6509765625 45.52719954727882 982.9572546993976 1 1 1 1 1 1 306 87 8 0 0 0 
1682253604.5935838 20.6611328125 45.46213878707763 982.9468071304385 1 1 1 1 1 1 306 87 8 0 0 0 
1682253609.749548 20.6560546875 45.44438129526275 982.9202219842709 1 1 1 1 1 1 312 89 8 0 0 0 
1682253614.9039896 20.6560546875 45.59235756350371 982.9548759509296 1 1 1 1 1 1 312 89 8 0 0 0 
1682253620.0580099 20.6712890625 45.54510473343347 982.9569070465227 1 1 1 1 1 1 312 89 8 0 0 0 
1682253625.213341 20.6662109375 45.48596156172781 982.9578947585476 1 2 2 1 2 2 345 98 12 0 0 0 
1682253630.3680701 20.6712890625 45.450300469492745 982.934327911095 1 2 2 1 2 2 345 98 12 0 0 0 
1682253635.5244393 20.6662109375 45.243169231916866 982.9205128808261 1 2 3 1 2 3 339 90 18 6 0 0 
1682253640.6786249 20.6662109375 45.49765349283159 982.9127926467492 1 2 3 1 2 3 339 90 18 6 0 0 
1682253645.8334098 20.6712890625 45.59245752460136 982.9097741263479 1 2 3 1 2 3 354 93 18 6 0 0 
1682253650.9874687 20.6662109375 45.59240754944118 982.9225444925119 1 2 3 1 2 3 354 93 18 6 0 0 
1682253656.1421368 20.6611328125 45.633840226626425 982.9498259521189 1 2 3 1 2 3 354 93 18 6 0 0 
1682253661.2972646 20.6611328125 45.23724962964155 982.91012215875 1 2 3 1 2 3 369 103 16 4 0 0 
1682253666.451918 20.6560546875 45.355639719680866 982.9245759675115 1 2 3 1 2 3 369 103 16 4 0 0 
1682253671.6101727 20.6611328125 45.63970861083697 982.933688422217 1 2 3 1 2 3 369 103 16 4 0 0 
1682253676.7650278 20.6662109375 45.438462110741064 982.9451238113361 1 2 3 1 2 3 375 108 16 4 0 0 
1682253681.9198854 20.6763671875 45.420752514428095 982.9208611472798 1 2 3 1 2 3 375 108 16 4 0 0 
1682253687.0747492 20.6865234375 45.36766985014962 982.9403649774363 1 2 3 1 2 3 375 108 16 4 0 0 
1682253692.232303 20.6865234375 45.48601029449956 982.9046655490534 1 2 3 1 2 3 339 101 16 4 0 0 
1682253697.3871574 20.6966796875 45.421090189434054 982.9487229121492 1 2 3 1 2 3 339 101 16 4 0 0 
1682253702.541814 20.7119140625 45.27323150550556 982.8881190692762 1 2 3 1 2 3 339 101 16 4 0 0 
1682253707.696544 20.7169921875 45.36795381385818 982.9281726683897 1 2 2 1 2 2 291 87 14 4 0 0 
1682253712.8511658 20.7068359375 45.50993446790897 982.9133706594513 1 2 2 1 2 2 291 87 14 4 0 0 
1682253718.0046053 20.7119140625 45.22582369074995 982.9197553989922 1 1 1 1 1 1 333 98 10 0 0 0 
1682253723.1590898 20.7220703125 45.21999464265918 982.948025222348 1 1 1 1 1 1 333 98 10 0 0 0 
1682253728.3143063 20.72734375 45.45083367186314 982.9059385329908 1 1 1 1 1 1 333 98 10 0 0 0 
1682253733.4705606 20.7375 45.27332390319618 982.9409422854889 1 1 1 1 1 1 306 89 10 0 0 0 
1682253738.6246696 20.7220703125 45.225869363076185 982.962478556733 1 1 1 1 1 1 306 89 10 0 0 0 
1682253743.7801247 20.72734375 45.3383533755913 982.9332230308679 1 1 1 1 1 1 306 89 10 0 0 0 
1682253748.9316342 20.7169921875 45.32059298909955 982.9143558673632 1 1 1 1 1 1 306 87 10 0 0 0 
1682253754.0809653 20.7068359375 45.43889757631043 982.9116872196166 1 1 1 1 1 1 306 87 10 0 0 0 
1682253759.2312334 20.7169921875 45.332480139626284 982.951392159386 1 1 1 1 1 1 306 87 10 0 0 0 
1682253764.3844924 20.7169921875 45.456753584513365 982.9392588038 1 1 1 1 1 1 339 98 12 0 0 0 
1682253769.5344572 20.7169921875 45.46267348686929 982.9261401384236 1 1 1 1 1 1 339 98 12 0 0 0 
1682253774.6844335 20.7169921875 45.438945701383965 982.9332230308679 1 1 1 1 1 1 339 98 12 0 0 0 
1682253779.8363948 20.7220703125 45.39163397917422 982.9264892143702 1 1 1 1 1 1 339 98 12 0 0 0 
1682253784.9878523 20.7169921875 45.498143892258106 982.9093054665298 1 1 1 1 1 1 339 98 12 0 0 0 
1682253790.136855 20.7169921875 45.35616082333373 982.9328740091408 1 1 1 1 1 1 339 98 12 0 0 0 
1682253795.2910874 20.7220703125 45.53376070092468 982.917722801602 1 1 1 1 1 1 312 91 14 0 0 0 
1682253800.442861 20.7119140625 45.397506355275105 982.9453560296101 1 2 2 1 2 2 300 87 20 2 0 0 
