timestamp temperature humidity pressure pm10_standard pm25_standard pm100_standard pm10_env pm25_env pm100_env particles_03um particles_05um particles_10um particles_25um particles_50um particles_100um
1683637745.7222888 20.742578125 40.3558771620463 986.9569780716062 0 1 1 0 1 1 249 68 12 0 0 0 
1683637750.8763325 20.78828125 40.26680702147763 986.9440168445537 0 1 1 0 1 1 279 71 12 0 0 0 
1683637756.0312603 20.7984375 40.3320456467289 986.9467479610572 0 1 1 0 1 1 279 71 12 0 0 0 
1683637761.1850474 20.803515625 40.11851766838572 986.9259046377476 0 1 1 0 1 1 279 71 12 0 0 0 
1683637766.3399298 20.793359375 40.1007664065189 986.90633586367 0 1 1 0 1 1 258 64 12 0 0 0 
1683637771.4937336 20.793359375 40.272714316084105 986.9100221428025 0 1 1 0 1 1 258 64 12 0 0 0 
1683637776.6488166 20.7984375 40.27273689412511 986.9484317993234 0 1 1 0 1 1 258 64 12 0 0 0 
1683637781.8025973 20.7984375 40.011798478728096 986.9450641228613 0 1 1 0 1 1 237 59 12 0 0 0 
1683637786.9606993 20.7984375 40.160067552931885 986.9612658078281 0 1 1 0 1 1 237 59 12 0 0 0 
1683637792.1152773 20.803515625 40.28457430262323 986.9312748805241 0 1 1 0 1 1 237 59 12 0 0 0 
1683637797.268873 20.793359375 40.24899421942887 986.9400126086929 0 1 1 0 1 1 252 64 8 0 0 0 
1683637802.424115 20.78828125 40.23713410931277 986.9335956735284 0 1 1 0 1 1 150 44 10 0 0 0 
1683637807.5790024 20.793359375 40.361704242011044 986.9271787382994 0 1 1 0 1 1 150 44 10 0 0 0 
1683637812.7338629 20.783203125 40.071156173185436 986.9470662686746 0 1 1 0 1 1 150 44 10 0 0 0 
1683637817.8880768 20.773046875 40.36763381383519 986.950433918161 0 0 0 0 0 0 135 39 8 0 0 0 
1683637823.042831 20.778125 40.34986579031027 986.9291807860709 0 0 0 0 0 0 135 39 8 0 0 0 
1683637828.1987927 20.762890625 40.183836831897175 986.9463367496878 0 0 0 0 0 0 135 39 8 0 0 0 
1683637833.3549397 20.762890625 40.24907495866519 986.9254014121602 0 0 0 0 0 0 150 41 8 0 0 0 
1683637838.5076137 20.7578125 40.18977875872099 986.9088818577168 0 0 0 0 0 0 150 41 8 0 0 0 
1683637843.6607792 20.7578125 40.29652212400544 986.9085639921931 0 0 0 0 0 0 150 41 8 0 0 0 
1683637848.8098876 20.752734375 40.17793170261836 986.9321363821069 0 0 0 0 0 0 138 37 8 0 0 0 
1683637853.961091 20.74765625 40.32023971406562 986.937505245345 0 0 0 0 0 0 138 37 8 0 0 0 
1683637859.116204 20.752734375 40.26095677416845 986.9189842275113 0 0 0 0 0 0 138 37 8 0 0 0 
1683637864.2674158 20.752734375 40.296511177277694 986.9425564334966 0 0 0 0 0 0 153 42 8 0 0 0 
1683637869.4179258 20.762890625 40.249063456869045 986.9298169320681 0 0 0 0 0 0 153 42 8 0 0 0 
1683637874.5631487 20.762890625 40.189803090662394 986.9391889746589 0 0 0 0 0 0 153 42 8 0 0 0 
1683637879.7158864 20.762890625 40.21353302753125 986.9169827013018 0 1 1 0 1 1 168 49 8 0 0 0 
1683637884.8612597 20.7578125 40.20161397811497 986.9439225822081 0 1 1 0 1 1 198 59 4 0 0 0 
1683637890.01044 20.778125 40.31426729672097 986.9429691819681 0 1 1 0 1 1 168 54 6 0 0 0 
1683637895.1594183 20.783203125 40.26087713853256 986.9271787382994 0 1 1 0 1 1 168 54 6 0 0 0 
1683637900.3131351 20.78828125 40.17787005746436 986.9072914337463 0 1 1 0 1 1 168 54 6 0 0 0 
1683637905.4640107 20.78828125 40.22529762461226 986.9729595262079 0 1 1 0 1 1 168 52 6 0 0 0 
1683637910.6139777 20.778125 40.195647746494416 986.9238111178886 0 1 1 0 1 1 168 52 6 0 0 0 
1683637915.7657597 20.78828125 40.17194008809349 986.9440168445537 0 1 1 0 1 1 168 52 6 0 0 0 
1683637920.9215853 20.78828125 40.10669656749944 986.9366449329307 0 1 1 0 1 1 168 50 6 0 0 0 
1683637926.073601 20.80859375 40.06514419707789 986.959263413775 0 1 1 0 1 1 168 50 6 0 0 0 
1683637931.2275727 20.78828125 40.08297586179161 986.9696851385878 0 1 1 0 1 1 168 50 6 0 0 0 
1683637936.3859444 20.7984375 40.18375077828026 986.9562142102124 0 1 1 0 1 1 195 59 10 0 0 0 
1683637941.5407631 20.7984375 40.195635578402445 986.9484317993234 0 1 1 0 1 1 195 59 10 0 0 0 
1683637946.695575 20.7984375 40.32610528455992 986.9588530431023 0 1 1 0 1 1 195 59 10 0 0 0 
1683637951.8498998 20.7984375 39.99993768085568 986.9632680651803 0 1 1 0 1 1 186 56 10 0 0 0 
1683637957.003473 20.78828125 40.249005785985965 986.9713690049498 0 1 1 0 1 1 186 56 10 0 0 0 
1683637962.1582453 20.78828125 40.1185568585677 986.9400126086929 0 1 1 0 1 1 186 56 10 0 0 0 
1683637967.3117332 20.803515625 40.3023642051963 986.9696851385878 0 0 0 0 0 0 180 53 4 0 0 0 
1683637972.4603367 20.7984375 40.33201383685644 986.9632680651803 0 0 0 0 0 0 180 53 4 0 0 0 
1683637977.6108356 20.793359375 39.9584096633427 986.9764206044556 0 0 0 0 0 0 174 53 4 0 0 0 
1683637982.7590961 20.803515625 40.22527395800433 986.9562142102124 0 0 0 0 0 0 174 53 4 0 0 0 
1683637987.9107203 20.803515625 40.21936766958391 986.9848399383653 0 0 0 0 0 0 174 53 4 0 0 0 
1683637993.0629227 20.803515625 40.04736674529838 986.9663174060739 0 1 1 0 1 1 195 60 6 0 0 0 
1683637998.2110448 20.7984375 40.10072660396797 986.9565326557843 0 1 1 0 1 1 195 60 6 0 0 0 
1683638003.360982 20.78828125 39.99402174797789 986.9649519177043 0 1 1 0 1 1 195 60 6 0 0 0 
1683638008.5176296 20.78828125 40.296456281738905 986.9467479610572 0 1 1 0 1 1 189 53 6 0 0 0 
1683638013.6742132 20.7984375 40.05922751449174 986.9716873285004 0 1 1 0 1 1 189 53 6 0 0 0 
1683638018.8293238 20.7984375 40.035533956090696 986.9588530431023 0 1 1 0 1 1 189 53 6 0 0 0 
1683638023.9837344 20.793359375 40.07701859104617 986.9386471461833 0 1 1 0 1 1 183 51 6 0 0 0 
1683638029.1334305 20.7984375 40.14225174546008 986.9623125621926 0 1 1 0 1 1 183 51 6 0 0 0 
1683638034.2837112 20.813671875 40.171877832904464 986.9828377331437 0 1 1 0 1 1 183 51 6 0 0 0 
1683638039.4346588 20.82890625 40.0117269299666 986.9781954141364 0 0 0 0 0 0 177 49 6 0 0 0 
1683638044.5866473 20.81875 40.10663051615094 986.9720972834657 0 0 0 0 0 0 177 49 6 0 0 0 
1683638049.7411296 20.80859375 40.130378326505955 986.9562142102124 0 1 2 0 1 2 201 65 8 4 2 0 
1683638054.8913333 20.80859375 40.1778329408473 986.9575795343451 0 1 2 0 1 2 201 65 8 4 2 0 
1683638060.0410795 20.80859375 40.1778329408473 986.9292723669016 0 1 2 0 1 2 192 62 8 4 2 0 
1683638065.1960196 20.803515625 40.237122395890786 986.9245394764481 0 1 2 0 1 2 192 62 8 4 2 0 
1683638070.3505962 20.80859375 40.23120403880759 986.9615842127263 0 1 2 0 1 2 192 62 8 4 2 0 
1683638075.5023575 20.7984375 40.16597258357722 986.9615842127263 0 1 1 0 1 1 180 58 6 2 0 0 
1683638080.653454 20.803515625 39.97027074147852 986.9494787477046 0 1 1 0 1 1 180 58 6 2 0 0 
1683638085.802655 20.803515625 40.17782054705417 986.9582165080282 0 1 1 0 1 1 180 58 6 2 0 0 
1683638090.9580925 20.793359375 39.988062281446645 986.9386471461833 0 1 1 0 1 1 165 53 6 2 0 0 
1683638096.113253 20.803515625 40.1422645366934 986.9329587317179 0 1 1 0 1 1 165 53 6 2 0 0 
1683638101.2680502 20.78828125 40.07704565962063 986.9706398209597 0 1 1 0 1 1 165 53 6 2 0 0 
1683638106.4226708 20.7984375 40.118530742573626 986.9551671530879 0 1 1 0 1 1 171 55 4 2 0 0 
1683638111.5775528 20.7984375 40.17785769605239 986.9369633218951 0 1 1 0 1 1 171 55 4 2 0 0 
1683638116.7318778 20.793359375 40.1304041919262 986.9302280254419 0 1 1 0 1 1 171 55 4 2 0 0 
1683638121.886827 20.783203125 40.213437704257956 986.9258131926356 0 1 1 0 1 1 165 50 6 2 0 0 
1683638127.043909 20.78828125 40.1660225951204 986.9554853929158 0 1 1 0 1 1 165 50 6 2 0 0 
1683638132.1981735 20.793359375 40.249017341749564 986.9285442015035 0 1 1 0 1 1 222 60 8 0 0 0 
1683638137.3530655 20.793359375 40.08297586179161 986.9204434977577 0 1 1 0 1 1 222 60 8 0 0 0 
1683638142.511091 20.793359375 40.26088854743233 986.9083383197042 0 1 1 0 1 1 222 60 8 0 0 0 
1683638147.6671865 20.793359375 40.15413748462983 986.9184412593439 0 1 1 0 1 1 222 60 10 0 0 0 
1683638152.8217194 20.7984375 40.14819469363024 986.9716873285004 0 1 1 0 1 1 222 60 10 0 0 0 
1683638157.976927 20.7984375 40.22529762461226 986.9507520890153 0 1 1 0 1 1 222 60 10 0 0 0 
1683638163.1318412 20.783203125 40.053324747960616 986.9672721697934 0 1 1 0 1 1 216 58 10 0 0 0 
1683638168.2868598 20.76796875 40.082989311845644 986.905925955531 0 1 1 0 1 1 216 58 10 0 0 0 
1683638173.442076 20.783203125 40.296456281738905 986.9440168445537 0 1 1 0 1 1 216 58 10 0 0 0 
1683638178.5981011 20.778125 40.10077965244793 986.9608549578078 0 1 1 0 1 1 222 60 12 0 0 0 
1683638183.7521803 20.78828125 40.160067552931885 986.9521177430092 0 1 1 0 1 1 222 60 12 0 0 0 
1683638188.9071066 20.78828125 40.02960367153884 986.9423330336133 0 1 1 0 1 1 222 60 12 0 0 0 
1683638194.062141 20.778125 40.25494724528986 986.9527539479574 0 1 1 0 1 1 186 57 12 0 0 0 
1683638199.2170064 20.78828125 40.0296177339806 986.972323646648 0 1 1 0 1 1 186 57 12 0 0 0 
1683638204.3718884 20.793359375 40.17191521839911 986.9554853929158 0 1 1 0 1 1 186 57 12 0 0 0 
1683638209.5278592 20.78828125 40.22530944172588 986.9369633218951 0 1 1 0 1 1 177 50 10 0 0 0 
1683638214.6828275 20.778125 40.1778824080826 986.9348682413994 0 1 1 0 1 1 198 58 8 0 0 0 
1683638219.8378003 20.773046875 40.22532124804592 986.940649222743 0 1 1 0 1 1 198 58 8 0 0 0 
1683638224.9934924 20.778125 40.148258147691706 986.9362340473689 0 1 1 0 1 1 198 58 8 0 0 0 
1683638230.1490245 20.762890625 40.195696310925676 986.9338201247685 0 0 0 0 0 0 177 53 8 0 0 0 
1683638235.3029954 20.762890625 40.33802779850074 986.9570749473978 0 0 0 0 0 0 177 53 8 0 0 0 
1683638240.4539566 20.7578125 40.23128620679443 986.926449392864 0 0 0 0 0 0 177 53 8 0 0 0 
1683638245.6031852 20.7578125 40.17200207343899 986.9385536220558 0 0 0 0 0 0 150 48 8 0 0 0 
1683638250.7542894 20.76796875 40.213497362255815 986.9876999268959 0 0 0 0 0 0 150 48 8 0 0 0 
1683638255.9048831 20.7578125 39.994108410328344 986.9371876103017 0 0 0 0 0 0 150 48 8 0 0 0 
1683638261.056442 20.7578125 40.059337162754346 986.9725462253035 0 0 0 0 0 0 150 50 8 0 0 0 
1683638266.2070878 20.74765625 40.24316849228734 986.9543425416337 0 0 0 0 0 0 150 50 8 0 0 0 
1683638271.3607252 20.7578125 40.136411298426566 986.937505245345 0 0 0 0 0 0 150 50 8 0 0 0 
1683638276.5154238 20.7578125 40.16014278419166 986.9338201247685 0 0 0 0 0 0 135 45 6 0 0 0 
1683638281.6698608 20.7578125 40.035617760564314 986.950975081816 0 0 0 0 0 0 135 45 6 0 0 0 
1683638286.8256412 20.74765625 40.237262244581565 986.952976215084 0 0 0 0 0 0 135 45 6 0 0 0 
1683638291.979755 20.742578125 40.260968107514046 986.9199369222744 0 0 0 0 0 0 129 43 2 0 0 0 
1683638297.1342378 20.7375 40.38550183437693 986.9435085588389 0 0 0 0 0 0 129 39 6 0 0 0 
1683638302.2881558 20.74765625 40.17798082445457 986.933406427203 0 0 0 0 0 0 129 41 6 0 0 0 
1683638307.4431806 20.7375 40.25506152893185 986.9276232196498 0 0 0 0 0 0 129 41 6 0 0 0 
1683638312.5950272 20.7375 40.326221956759596 986.9350901156341 0 0 0 0 0 0 129 41 6 0 0 0 
1683638317.7445934 20.72734375 40.37959270752638 986.9502433146625 0 0 0 0 0 0 129 43 6 0 0 0 
1683638322.8961756 20.732421875 40.26101333296194 986.9124703954938 0 0 0 0 0 0 129 43 6 0 0 0 
1683638328.047733 20.7375 40.296587577711826 986.9384574927059 0 0 0 0 0 0 129 43 6 0 0 0 
1683638333.1977255 20.72734375 40.36180606385848 986.9438257147056 0 0 0 0 0 0 123 41 6 0 0 0 
1683638338.3505435 20.72734375 40.35588735289965 986.932674162295 0 0 0 0 0 0 123 41 6 0 0 0 
1683638343.500113 20.732421875 40.32032472227594 986.937091014232 0 0 0 0 0 0 123 41 6 0 0 0 
1683638348.6457038 20.72734375 40.41518472722218 986.9629798313924 0 0 0 0 0 0 144 48 6 0 0 0 
1683638353.7969375 20.7119140625 40.397408370090325 986.9568785909146 0 0 0 0 0 0 144 48 6 0 0 0 
1683638358.9461942 20.7119140625 40.46262268619165 986.9551949694314 0 0 0 0 0 0 144 48 6 0 0 0 
1683638364.0982435 20.7119140625 40.46263162014826 986.9518277266752 0 0 0 0 0 0 129 43 2 0 0 0 
1683638369.2546523 20.7068359375 40.3144277885525 986.9591951015303 0 0 0 0 0 0 129 43 2 0 0 0 
1683638374.4088821 20.7068359375 40.47447970075085 986.9376248356643 0 0 0 0 0 0 129 43 2 0 0 0 
1683638379.5636332 20.7169921875 40.29663099764935 986.9538278880256 0 0 0 0 0 0 150 50 8 0 0 0 
1683638384.7177026 20.7068359375 40.427060737577015 986.930257385395 0 0 0 0 0 0 150 50 8 0 0 0 
1683638389.8732584 20.7119140625 40.35590770222692 986.9649801446659 0 0 0 0 0 0 108 36 6 0 0 0 
1683638395.0222945 20.7068359375 40.37964219325347 986.9639295362089 0 0 0 0 0 0 108 36 6 0 0 0 
1683638400.1741798 20.6966796875 40.26106962191914 986.9241561978561 0 0 0 0 0 0 108 36 6 0 0 0 
1683638405.3245957 20.6916015625 40.397456673478466 986.925839777337 0 0 0 0 0 0 129 39 6 0 0 0 
1683638410.4744759 20.6865234375 40.26702065223476 986.933206761244 0 0 0 0 0 0 129 39 6 0 0 0 
1683638415.6257718 20.6916015625 40.373733517275234 986.9382574196028 0 0 0 0 0 0 129 39 6 0 0 0 
1683638420.7765317 20.6916015625 40.32038802511675 986.9483587382093 0 0 0 0 0 0 123 35 6 0 0 0 
1683638425.928954 20.6916015625 40.33222406782508 986.9177383900886 0 0 0 0 0 0 123 35 6 0 0 0 
1683638431.0748873 20.6865234375 40.31445959550026 986.9348903139602 0 0 0 0 0 0 123 35 6 0 0 0 
1683638436.2233505 20.6916015625 40.58125155260268 986.8998521610054 0 0 0 0 0 0 138 40 6 0 0 0 
1683638441.375242 20.6814453125 40.48638881421229 986.933206761244 0 0 0 0 0 0 138 40 6 0 0 0 
1683638446.5255618 20.6712890625 40.46861337177182 986.942256616847 0 0 0 0 0 0 138 40 6 0 0 0 
1683638451.6737938 20.6712890625 40.39156746969745 986.9675095134655 0 0 0 0 0 0 123 35 4 0 0 0 
1683638456.8231387 20.6763671875 40.48048670517925 986.9493065481157 0 0 0 0 0 0 123 35 4 0 0 0 
1683638461.9748747 20.6712890625 40.27299386271212 986.9260532852827 0 0 0 0 0 0 99 29 6 0 0 0 
1683638467.1297524 20.6662109375 40.4034235015568 986.924685598442 0 0 0 0 0 0 99 29 6 0 0 0 
1683638472.2860034 20.6611328125 40.35007103399385 986.9294202816269 0 0 0 0 0 0 93 27 6 0 0 0 
1683638477.4399307 20.6611328125 40.37379320154841 986.9263690829519 0 0 0 0 0 0 93 27 6 0 0 0 
1683638482.5959759 20.6509765625 40.37972118546998 986.9425724981194 0 0 0 0 0 0 93 27 6 0 0 0 
1683638487.7497866 20.6509765625 40.504214819875656 986.9432039318995 0 0 0 0 0 0 93 24 6 0 0 0 
1683638492.9051266 20.6560546875 40.332307348181835 986.930682706351 0 0 0 0 0 0 93 24 6 0 0 0 
1683638498.0604076 20.6408203125 40.43902771942707 986.9334186555476 0 0 0 0 0 0 93 24 6 0 0 0 
1683638503.2152178 20.6458984375 40.284915609010774 986.9323661503993 0 0 0 0 0 0 99 24 4 0 0 0 
1683638508.3702555 20.6357421875 40.42718155668918 986.9391035785151 0 0 0 0 0 0 99 24 4 0 0 0 
1683638513.5251007 20.6255859375 40.557602178917136 986.9394187317816 0 0 0 0 0 0 99 24 4 0 0 0 
1683638518.6804178 20.6408203125 40.527949683301266 986.9559343744208 0 0 0 0 0 0 141 33 4 0 0 0 
1683638523.8353932 20.6357421875 40.628728580688396 986.9299483732642 0 0 0 0 0 0 141 33 4 0 0 0 
1683638528.9896715 20.6357421875 40.57538391827872 986.8945972159116 0 0 0 0 0 0 141 33 4 0 0 0 
1683638534.144659 20.6255859375 40.4212631858454 986.9111159319207 0 1 1 0 1 1 189 47 6 2 0 0 
1683638539.2999518 20.6255859375 40.38572653671005 986.9299483732642 0 1 1 0 1 1 189 47 6 2 0 0 
1683638544.453874 20.6306640625 40.44497336989596 986.9023835810067 0 1 1 0 1 1 213 65 12 0 0 0 
1683638549.6118495 20.6306640625 40.284926432349714 986.9478358162257 0 1 1 0 1 1 213 65 12 0 0 0 
1683638554.7657828 20.6357421875 40.55167491188272 986.919217736252 0 1 1 0 1 1 213 65 12 0 0 0 
1683638559.9212863 20.6306640625 40.57539884428525 986.9114310965174 0 1 1 0 1 1 207 63 14 0 0 0 
1683638565.076429 20.6255859375 40.47461086842259 986.9310016490865 0 1 1 0 1 1 207 63 14 0 0 0 
1683638570.2315507 20.6306640625 40.545747634558026 986.9164812620634 0 1 1 0 1 1 207 63 14 0 0 0 
1683638575.3861275 20.6357421875 40.5220303309584 986.972772197929 0 1 1 0 1 1 216 63 12 0 0 0 
1683638580.5410001 20.6255859375 40.57538391827872 986.9397337754766 0 1 1 0 1 1 216 63 12 0 0 0 
1683638585.6963487 20.6255859375 40.55761751305667 986.9285799035788 0 1 1 0 1 1 216 63 12 0 0 0 
1683638590.850349 20.6205078125 40.51613550709097 986.9131144849628 0 1 1 0 1 1 231 70 12 0 0 0 
1683638596.004156 20.6154296875 40.52799772641316 986.9019609304945 0 1 1 0 1 1 231 70 12 0 0 0 
1683638601.1590962 20.6103515625 40.4391089189656 986.9238446278015 0 1 1 0 1 1 231 70 12 0 0 0 
1683638606.31409 20.6052734375 40.545794323739294 986.9227906656166 0 0 0 0 0 0 189 56 10 0 0 0 
1683638611.4693167 20.6001953125 40.557640433322256 986.932464552841 0 0 0 0 0 0 189 56 10 0 0 0 
1683638616.6241705 20.5951171875 40.563567349954525 986.9059573230933 0 0 0 0 0 0 189 56 10 0 0 0 
1683638621.7827587 20.6001953125 40.43911788717217 986.9449883805626 0 0 0 0 0 0 153 44 10 0 0 0 
1683638626.9364486 20.6001953125 40.69988359270572 986.9631907162151 0 1 1 0 1 1 165 49 6 0 0 0 
1683638632.0956311 20.5900390625 40.670262731347364 986.9335194731465 0 1 1 0 1 1 165 49 6 0 0 0 
1683638637.247505 20.5900390625 40.670275329626534 986.9375143953284 0 1 1 0 1 1 165 49 6 0 0 0 
1683638642.3994045 20.5849609375 40.48061505686194 986.9469859386488 0 1 1 0 1 1 177 51 6 0 0 0 
1683638647.554153 20.5900390625 40.51025731586294 986.9237339433001 0 1 1 0 1 1 177 51 6 0 0 0 
1683638652.705879 20.5748046875 40.64064955300691 986.9108961150392 0 1 1 0 1 1 177 51 6 0 0 0 
1683638657.856951 20.5798828125 40.55767841791503 986.9162599696162 0 0 0 0 0 0 147 44 4 0 0 0 
1683638663.0093827 20.5697265625 40.622883815636264 986.9213097286643 0 0 0 0 0 0 147 44 4 0 0 0 
1683638668.163967 20.5697265625 40.73547676227456 986.9118380748941 0 0 0 0 0 0 147 44 4 0 0 0 
1683638673.3187425 20.5646484375 40.528061179510686 986.9411949190154 0 0 0 0 0 0 168 48 4 0 0 0 
1683638678.4735677 20.5646484375 40.581399236385856 986.9381422633707 0 0 0 0 0 0 168 48 4 0 0 0 
1683638683.6282246 20.5595703125 40.76511283185084 986.932036786982 0 0 0 0 0 0 168 48 4 0 0 0 
1683638688.7826777 20.5544921875 40.58140650725463 986.9404529199913 0 0 0 0 0 0 183 51 4 0 0 0 
1683638693.9309812 20.5646484375 40.54583293459572 986.9398255172262 0 0 0 0 0 0 183 51 4 0 0 0 
1683638699.0847557 20.5595703125 40.52215056870522 986.9202542037067 0 0 0 0 0 0 183 51 4 0 0 0 
1683638704.2401266 20.5544921875 40.52806906258123 986.9334063126033 None None None None None None None None None None None None 
1683638709.3940337 20.5595703125 40.52215056870522 986.93035356059 0 0 2 0 0 2 201 56 12 2 2 0 
1683638714.5493681 20.5443359375 40.7769750241885 986.9154021814784 0 0 2 0 0 2 201 56 12 2 2 0 
1683638719.7044475 20.5443359375 40.67623890641484 986.9626482348394 0 0 2 0 0 2 201 56 12 2 2 0 
1683638724.858885 20.5443359375 40.45104211828393 986.9161454188984 0 0 1 0 0 1 186 53 12 2 2 0 
1683638730.0134604 20.5341796875 40.67033148767226 986.9814766966757 0 0 1 0 0 1 186 53 12 2 2 0 
1683638735.162029 20.5341796875 40.741440851703615 986.939279115807 0 0 1 0 0 1 186 53 12 2 2 0 
1683638740.3109827 20.523828125 40.753297501968625 986.9456987905235 0 0 1 0 0 1 180 51 10 2 2 0 
1683638745.4648812 20.52890625 40.69405248247618 986.9389662087773 0 0 1 0 0 1 180 51 10 2 2 0 
1683638750.6186385 20.51875 40.61703237465132 986.9483201253239 0 0 1 0 0 1 180 51 10 2 2 0 
1683638755.773188 20.523828125 40.717754787624784 986.9625302497844 0 0 1 0 0 1 195 53 8 2 2 0 
1683638760.9271913 20.513671875 40.771089369697854 986.9739995435682 0 0 1 0 0 1 195 53 8 2 2 0 
1683638766.0808055 20.513671875 40.842193370791705 986.9314890790552 0 0 1 0 0 1 195 53 8 2 2 0 
1683638771.2354238 20.50859375 40.84219754103353 986.9152834939325 0 0 1 0 0 1 174 49 8 2 2 0 
1683638776.3900156 20.513671875 40.74739821297432 986.9581062175682 0 0 1 0 0 1 174 49 8 2 2 0 
1683638781.5460608 20.513671875 40.54591692873711 986.9544273042999 0 0 1 0 0 1 174 49 8 2 2 0 
1683638786.7044127 20.503515625 40.78887506272499 986.9671466458763 1 1 1 1 1 1 246 72 10 0 0 0 
1683638791.8592103 20.51875 40.61702561982946 986.9298059748129 1 1 1 1 1 1 246 72 10 0 0 0 
1683638797.013964 20.503515625 40.80665525793344 986.9671466458763 0 1 1 0 1 1 213 63 8 0 0 0 
1683638802.1652613 20.513671875 40.60518116502675 986.9236988771305 0 1 1 0 1 1 213 63 8 0 0 0 
1683638807.3104978 20.50859375 40.81258038217921 986.9267524534741 0 1 1 0 1 1 213 63 8 0 0 0 
1683638812.4606628 20.503515625 40.83628077631854 986.9402171797988 0 0 0 0 0 0 183 53 6 0 0 0 
1683638817.6106982 20.513671875 40.824434941717925 986.9486326360247 0 0 0 0 0 0 183 53 6 0 0 0 
1683638822.7598193 20.493359375 40.68815651952465 986.9822944784125 0 0 0 0 0 0 183 53 6 0 0 0 
1683638827.9131696 20.4984375 40.71185750548602 986.9293729071044 0 0 0 0 0 0 177 51 4 0 0 0 
1683638833.065072 20.50859375 40.70001876196708 986.9337973392762 0 0 0 0 0 0 177 51 4 0 0 0 
1683638838.21302 20.493359375 40.611113587030864 986.9243237576851 0 0 0 0 0 0 177 51 4 0 0 0 
1683638843.3656085 20.48828125 40.77111931564298 986.930743625752 0 0 0 0 0 0 156 47 4 0 0 0 
1683638848.5159855 20.483203125 40.66446792981154 986.9168452129635 0 0 0 0 0 0 156 47 4 0 0 0 
1683638853.6636605 20.493359375 40.723719111064256 986.9387243317469 0 0 0 0 0 0 156 47 4 0 0 0 
1683638858.810571 20.48828125 40.80668254422476 986.9639694834902 0 0 0 0 0 0 135 42 4 0 0 0 
1683638863.9589865 20.483203125 40.93702685170413 986.9275670247679 0 0 0 0 0 0 135 42 4 0 0 0 
1683638869.1089168 20.462890625 40.84223067132904 986.9797395000438 0 1 1 0 1 1 186 54 8 4 0 0 
1683638874.2615855 20.473046875 40.848163321781925 986.9635324130909 0 1 1 0 1 1 186 54 8 4 0 0 
1683638879.4201658 20.462890625 40.88370661504382 986.9467028531335 0 1 3 0 1 3 222 66 12 6 2 0 
1683638884.5785615 20.462890625 40.93110849486098 986.9769960660914 0 1 3 0 1 3 222 66 12 6 2 0 
1683638889.7330372 20.4578125 40.71189685600806 986.942276652158 0 1 3 0 1 3 222 66 12 6 2 0 
1683638894.8879025 20.46796875 40.81262046368335 986.9587947963721 0 1 3 0 1 3 228 66 12 6 2 0 
1683638900.042764 20.452734375 40.860020005999225 986.9483858088145 0 1 3 0 1 3 228 66 12 6 2 0 
1683638905.2009518 20.462890625 40.688191954701416 986.938599490455 0 1 3 0 1 3 228 66 12 6 2 0 
1683638910.3552704 20.4578125 40.688203604441405 986.9769960660914 0 1 3 0 1 3 222 64 14 6 2 0 
1683638915.508877 20.4578125 40.66451072170039 986.9725693733142 0 1 3 0 1 3 222 64 14 6 2 0 
1683638920.6625006 20.452734375 40.8126160725082 986.9854108514893 0 1 3 0 1 3 222 64 14 6 2 0 
1683638925.817304 20.452734375 40.89556594560425 986.986031942929 0 0 2 0 0 2 216 62 12 4 2 0 
1683638930.972224 20.462890625 40.87779302207077 986.9537459689487 0 0 2 0 0 2 216 62 12 4 2 0 
1683638936.12761 20.462890625 40.794851488689076 986.9601665005399 0 0 2 0 0 2 216 62 12 4 2 0 
1683638941.2827952 20.4578125 40.9903509681134 986.9467028531335 0 1 2 0 1 2 210 62 10 2 2 0 
1683638946.4370987 20.462890625 40.94888416097634 986.942276652158 0 1 2 0 1 2 210 62 10 2 2 0 
1683638951.5920057 20.4578125 40.91925987682358 986.9685812824416 0 1 1 0 1 1 219 63 6 0 0 0 
1683638956.7470105 20.462890625 40.83039393055718 986.9534346762772 0 1 1 0 1 1 219 63 6 0 0 0 
1683638961.9019113 20.46796875 40.913329071571134 986.9346106140488 0 1 1 0 1 1 219 63 6 0 0 0 
1683638967.057466 20.462890625 40.9725706368959 986.9645926454602 0 1 1 0 1 1 219 61 6 0 0 0 
1683638972.2129538 20.462890625 40.84223474403156 986.9881544217043 0 1 1 0 1 1 219 61 6 0 0 0 
1683638977.3668654 20.473046875 40.8363142798206 986.9548062436385 0 1 1 0 1 1 219 61 6 0 0 0 
1683638982.5257497 20.478125 40.77113404693426 986.9598551526092 1 1 1 1 1 1 219 61 8 0 0 0 
1683638987.6824207 20.473046875 40.80668702499518 986.9598551526092 1 1 1 1 1 1 219 61 8 0 0 0 
1683638992.8372304 20.46796875 40.81260283423267 986.9632210922729 1 1 1 1 1 1 219 61 8 0 0 0 
1683638997.9924643 20.462890625 40.91333231737201 986.9702642390316 1 1 1 1 1 1 249 68 10 0 0 0 
1683639003.146243 20.462890625 40.8422388059425 986.9604777389862 1 1 1 1 1 1 249 68 10 0 0 0 
1683639008.3011832 20.462890625 40.90740791463985 986.985721886591 1 1 1 1 1 1 249 68 10 0 0 0 
1683639013.4559636 20.4578125 40.996275158886306 986.9870938087786 1 1 1 1 1 1 249 68 10 0 0 0 
1683639018.6129787 20.452734375 40.92518727918659 986.9453312579752 1 1 1 1 1 1 249 68 10 0 0 0 
1683639023.7688737 20.4578125 40.81262484406683 986.9806730558115 1 1 1 1 1 1 249 68 10 0 0 0 
1683639028.9226103 20.452734375 40.86002764621902 986.9826669520672 1 1 1 1 1 1 264 73 12 0 0 0 
1683639034.0734146 20.452734375 40.87188338685926 986.9893986726346 0 1 1 0 1 1 201 59 8 0 0 0 
1683639039.223312 20.44765625 40.91926931308123 986.9917019107047 0 1 1 0 1 1 228 68 10 0 0 0 
1683639044.3791306 20.44765625 40.925193423219014 986.9910806913957 0 1 1 0 1 1 228 68 10 0 0 0 
1683639049.5339277 20.452734375 40.664522850824994 986.9624717970781 0 1 1 0 1 1 228 68 10 0 0 0 
1683639054.6888163 20.442578125 40.91335156555874 987.0028611069321 0 1 1 0 1 1 234 70 10 0 0 0 
1683639059.844391 20.4375 40.77116321813797 986.9695136265403 0 1 1 0 1 1 234 70 10 0 0 0 
1683639064.9991953 20.432421875 40.88965552513112 986.997060983241 0 1 1 0 1 1 234 70 10 0 0 0 
1683639070.1530259 20.442578125 40.74154639219978 986.9933847998878 0 1 1 0 1 1 249 75 8 0 0 0 
1683639075.3069863 20.44765625 40.94889531776829 987.0166349042172 0 1 1 0 1 1 249 75 8 0 0 0 
1683639080.4639382 20.4375 40.78894090887884 987.0247390305899 0 1 1 0 1 1 249 75 8 0 0 0 
1683639085.6174712 20.44765625 40.7356115561968 986.9843490269132 0 1 1 0 1 1 264 80 10 0 0 0 
1683639090.7759414 20.44765625 40.711907940034095 987.0196914290319 0 1 1 0 1 1 264 80 10 0 0 0 
1683639095.9275289 20.442578125 40.877789389802054 987.0129597034303 0 1 1 0 1 1 264 80 10 0 0 0 
1683639101.0787797 20.442578125 40.80670926697182 987.0499842080845 0 1 1 0 1 1 264 77 12 0 0 0 
1683639106.23237 20.4578125 41.043671760328834 987.0297890195321 0 1 1 0 1 1 264 77 12 0 0 0 
1683639111.387536 20.44765625 40.830402272464255 987.0230572922525 0 1 1 0 1 1 264 77 12 0 0 0 
1683639116.542221 20.442578125 40.984431572552175 987.0183178080052 1 1 3 1 1 3 246 79 10 4 2 0 
1683639121.6932647 20.4375 40.86595185917214 987.0230572922525 1 2 3 1 2 3 267 84 12 4 2 0 
1683639126.842552 20.44765625 40.77116804223393 987.0014887732714 1 2 3 1 2 3 267 84 12 4 2 0 
1683639131.9924319 20.432421875 40.71785431254256 987.0300981364794 1 2 3 1 2 3 267 84 12 4 2 0 
1683639137.1455529 20.432421875 41.01997975487926 987.0189383745704 1 1 2 1 1 2 231 72 10 4 2 0 
1683639142.2960393 20.4375 40.86595932020651 986.9956884163391 1 1 2 1 1 2 231 72 10 4 2 0 
1683639147.4461658 20.432421875 40.948903572054206 987.0380698530715 1 1 2 1 1 2 231 72 10 4 2 0 
1683639152.5938914 20.432421875 40.8304229383786 987.0313384521615 0 1 2 0 1 2 189 56 10 4 2 0 
1683639157.7485852 20.42734375 40.86596673807485 987.0128271054273 0 1 2 0 1 2 189 56 10 4 2 0 
1683639162.9036694 20.422265625 40.75340510695573 987.0282825844941 0 1 2 0 1 2 189 56 10 4 2 0 
1683639168.0526962 20.42734375 40.93705033972212 987.0529057707199 0 1 1 0 1 1 174 49 8 2 0 0 
1683639173.203703 20.42734375 40.94297421499556 987.0724806703587 0 1 1 0 1 1 174 49 8 2 0 0 
1683639178.3548594 20.422265625 40.97852206274896 987.0444914488303 0 1 1 0 1 1 174 49 8 2 0 0 
1683639183.5057027 20.4171875 40.93705322716361 987.0282825844941 0 1 1 0 1 1 174 49 8 2 0 0 
1683639188.6559577 20.4171875 40.97259591655611 987.0585736508708 0 1 1 0 1 1 174 49 8 2 0 0 
1683639193.8129914 20.401953125 40.87189790739245 987.0157490612937 0 1 1 0 1 1 174 49 8 2 0 0 
1683639198.959112 20.40703125 41.096994485205535 987.0518423008294 0 1 1 0 1 1 234 67 12 0 0 0 
1683639204.1101868 20.412109375 41.04368511037118 987.1137981903911 0 1 1 0 1 1 234 67 12 0 0 0 
1683639209.259636 20.412109375 40.90151998937861 987.0591924992077 0 1 1 0 1 1 264 70 14 0 0 0 
1683639214.4122899 20.401953125 40.94890630190036 987.0575096887047 0 1 1 0 1 1 264 70 14 0 0 0 
1683639219.5609844 20.401953125 41.09107430978948 987.0365611794786 0 1 1 0 1 1 264 70 14 0 0 0 
1683639224.7144392 20.396875 41.01407177475583 987.0783215316366 0 1 1 0 1 1 264 72 16 0 0 0 
1683639229.8709872 20.396875 40.90152648322749 987.0581281263323 0 1 1 0 1 1 264 72 16 0 0 0 
1683639235.0271297 20.391796875 41.12069162526208 987.0816871001658 0 1 1 0 1 1 264 72 16 0 0 0 
1683639240.1807084 20.401953125 41.008146413451016 987.0679157449749 0 1 1 0 1 1 237 63 16 0 0 0 
1683639245.3344395 20.396875 40.942993724423694 987.0917838074322 0 1 1 0 1 1 237 63 16 0 0 0 
1683639250.4889672 20.401953125 41.08515222214413 987.091474914466 0 1 1 0 1 1 237 63 16 0 0 0 
1683639255.6448135 20.401953125 40.8541340962812 987.0841254990439 0 1 1 0 1 1 246 66 16 0 0 0 
1683639260.7998598 20.401953125 40.99629955884177 987.0780125302216 0 1 1 0 1 1 246 66 16 0 0 0 
1683639265.9538684 20.396875 40.818595999136534 987.0648592603153 0 1 1 0 1 1 246 66 16 0 0 0 
1683639271.1077921 20.40703125 41.002225076713344 987.1318620940447 0 1 1 0 1 1 231 61 20 0 0 0 
1683639276.26272 20.396875 40.960761309763235 987.0648592603153 0 1 1 0 1 1 231 61 20 0 0 0 
1683639281.4177537 20.40703125 41.00814843087429 987.0679157449749 0 1 1 0 1 1 198 60 6 0 0 0 
1683639286.5725522 20.38671875 40.84229453957952 987.0867354534844 0 1 1 0 1 1 198 60 6 0 0 0 
1683639291.7265925 20.396875 40.88968276132117 987.0887270486921 0 0 0 0 0 0 186 56 4 0 0 0 
1683639296.880664 20.396875 41.07922906961628 987.1035633024237 0 0 0 0 0 0 186 56 4 0 0 0 
1683639302.035901 20.391796875 40.99630598676215 987.1122858503583 0 0 0 0 0 0 186 56 4 0 0 0 
1683639307.1908493 20.391796875 41.07922906961628 987.0968321620089 0 1 1 0 1 1 201 61 6 0 0 0 
1683639312.3445463 20.38671875 40.87784621112527 987.1190169390654 0 1 1 0 1 1 201 61 6 0 0 0 
1683639317.4986908 20.381640625 41.13846063214887 987.0775651356989 0 1 1 0 1 1 201 61 6 0 0 0 
1683639322.6553864 20.371484375 40.97853856486328 987.0876615976985 0 1 1 0 1 1 207 63 6 0 0 0 
1683639327.8103657 20.381640625 41.031846916208785 987.0943925737629 0 1 1 0 1 1 207 63 6 0 0 0 
1683639332.965219 20.371484375 41.13253874339137 987.0997492075036 0 1 1 0 1 1 207 63 6 0 0 0 
1683639338.1205788 20.38671875 41.043691526409766 987.1159598788566 0 1 1 0 1 1 186 60 8 0 0 0 
1683639343.2753165 20.3765625 41.1088455692762 987.0963837460241 0 1 1 0 1 1 186 60 8 0 0 0 
1683639348.4322612 20.38671875 41.20953540765305 987.1173341667837 0 1 1 0 1 1 186 60 8 0 0 0 
1683639353.5872936 20.381640625 40.9903849371132 987.1196337439662 0 1 1 0 1 1 186 60 8 0 0 0 
1683639358.7413657 20.3765625 41.00815835612487 987.1297302164517 0 1 1 0 1 1 186 60 8 0 0 0 
1683639363.896359 20.371484375 40.9015425290003 987.1384520346161 0 1 1 0 1 1 219 71 8 0 0 0 
1683639369.0520988 20.381640625 40.98446175612759 987.1246819798944 0 1 1 0 1 1 219 71 8 0 0 0 
1683639374.2072277 20.381640625 41.197689594289876 987.1216247139363 0 1 1 0 1 1 219 71 8 0 0 0 
1683639379.3621202 20.381640625 40.960768929398135 987.1311047092746 0 1 1 0 1 1 186 62 6 0 0 0 
1683639384.5156507 20.381640625 41.108847216528844 987.1075460866268 0 1 1 0 1 1 186 62 6 0 0 0 
1683639389.6704807 20.3765625 41.04369466968342 987.106171784567 0 1 1 0 1 1 186 62 6 0 0 0 
1683639394.8252752 20.38671875 41.04961767987987 987.097449538258 0 1 1 0 1 1 192 64 8 0 0 0 
1683639399.9797542 20.381640625 41.03777001496478 987.0786304236011 0 1 1 0 1 1 192 64 8 0 0 0 
1683639405.135115 20.38671875 41.21545819804797 987.1311047092746 0 1 1 0 1 1 192 64 8 0 0 0 
1683639410.2928863 20.371484375 41.13253874339137 987.1129027637074 0 1 1 0 1 1 165 55 8 0 0 0 
1683639415.4455874 20.381640625 41.079232576685186 987.0839874776813 0 1 1 0 1 1 165 55 8 0 0 0 
1683639420.5964882 20.381640625 41.09107947489821 987.1280474708626 0 1 1 0 1 1 165 55 8 0 0 0 
1683639425.750247 20.3765625 40.966694601789015 987.1047974002472 0 0 0 0 0 0 132 44 6 0 0 0 
1683639430.899454 20.38671875 41.11476936343075 987.1132110562179 0 0 0 0 0 0 132 44 6 0 0 0 
1683639436.0501504 20.3765625 41.13846206685586 987.0927098296419 0 0 0 0 0 0 132 44 6 0 0 0 
1683639441.196219 20.381640625 40.98446175612759 987.1139686224302 0 0 0 0 0 0 141 47 4 0 0 0 
1683639446.3478956 20.391796875 40.92523230727632 987.102497812128 0 1 1 0 1 1 201 52 6 2 0 0 
1683639451.5028412 20.381640625 40.94892775218487 987.0846046330479 0 1 1 0 1 1 201 52 6 2 0 0 
1683639456.6575089 20.381640625 40.94299920142467 987.1047974002472 0 1 1 0 1 1 201 52 6 2 0 0 
1683639461.8116539 20.381640625 41.061462307201715 987.1213164892056 0 1 1 0 1 1 201 52 6 2 0 0 
1683639466.9657645 20.361328125 40.960776451912196 987.111528324884 0 1 1 0 1 1 192 54 10 2 0 0 
1683639472.1239524 20.3765625 40.84231007497887 987.1118365215111 0 1 1 0 1 1 192 54 10 2 0 0 
1683639477.2787359 20.371484375 41.04369466968342 987.0913355543291 0 1 1 0 1 1 192 54 10 2 0 0 
1683639482.4326868 20.3765625 41.209535069924094 987.10984559362 0 1 1 0 1 1 207 56 10 2 0 0 
1683639487.585124 20.381640625 41.0081544183978 987.1330957078395 0 1 1 0 1 1 207 56 10 2 0 0 
1683639492.73392 20.3765625 41.055542099244306 987.0943925737629 0 1 1 0 1 1 207 56 10 2 0 0 
1683639497.8841875 20.3765625 40.913391937230934 987.0983747818038 0 1 1 0 1 1 216 56 6 2 0 0 
1683639503.036338 20.3765625 41.02000435357411 987.1283556413692 0 1 1 0 1 1 216 56 6 2 0 0 
1683639508.1860254 20.36640625 41.055542099244306 987.1370772955212 0 1 1 0 1 1 216 56 6 2 0 0 
1683639513.3347256 20.371484375 41.03185030991043 987.1387600143478 0 1 1 0 1 1 207 56 6 2 0 0 
1683639518.4829593 20.361328125 41.13846252351024 987.1037310886397 0 1 1 0 1 1 207 56 6 2 0 0 
1683639523.6324964 20.361328125 41.08515873116028 987.1219328292277 0 1 1 0 1 1 207 56 6 2 0 0 
1683639528.7815444 20.36640625 41.07923820598345 987.1127604547821 0 0 0 0 0 0 171 49 4 0 0 0 
1683639533.9309413 20.371484375 40.99631648414097 987.1424332953934 0 1 1 0 1 1 198 58 4 0 0 0 
1683639539.0895028 20.36640625 40.97262482771434 987.1239235397236 0 1 1 0 1 1 198 58 4 0 0 0 
1683639544.2456462 20.361328125 41.25691385152125 987.1477891051261 0 1 1 0 1 1 198 58 4 0 0 0 
1683639549.3997087 20.361328125 41.13846252351024 987.0895109312556 0 1 1 0 1 1 207 56 4 0 0 0 
1683639554.5539517 20.361328125 40.98447287959424 987.1626257657709 0 1 1 0 1 1 207 56 4 0 0 0 
1683639559.7075286 20.361328125 41.020006170244294 987.0986829774415 0 1 1 0 1 1 207 56 4 0 0 0 
1683639564.856983 20.35625 40.98447067648317 987.1236155474252 0 1 1 0 1 1 201 54 6 0 0 0 
1683639570.0149791 20.36640625 41.15030824258836 987.1508468234942 0 1 1 0 1 1 201 54 6 0 0 0 
1683639575.1698737 20.361328125 41.09108146540617 987.1511544894641 0 1 1 0 1 1 201 54 6 0 0 0 
1683639580.3240206 20.35625 41.185843913681275 987.1208660404873 0 1 1 0 1 1 210 57 8 0 0 0 
1683639585.4782531 20.371484375 41.13254031735016 987.14947179726 0 1 1 0 1 1 210 57 8 0 0 0 
1683639590.6327188 20.36640625 41.11477229961214 987.1023564439289 0 1 1 0 1 1 210 57 8 0 0 0 
1683639595.7904272 20.371484375 41.19768892433552 987.1272889492163 0 1 1 0 1 1 210 60 6 0 0 0 
1683639600.9487255 20.371484375 41.12069367195847 987.1522217674767 0 1 1 0 1 1 210 60 6 0 0 0 
1683639606.1030717 20.36640625 40.913394967204695 987.1441160008737 0 1 1 0 1 1 210 60 6 0 0 0 
1683639611.26132 20.36640625 41.055544905764464 987.1175006586658 0 1 1 0 1 1 237 71 8 0 0 0 
1683639616.418508 20.361328125 40.97854318263275 987.1252982656925 0 1 1 0 1 1 237 71 8 0 0 0 
1683639621.573074 20.361328125 41.055544905764464 987.1158179678599 0 1 1 0 1 1 216 64 6 0 0 0 
1683639626.7174487 20.35625 41.25099140505258 987.1231641960519 0 1 1 0 1 1 216 64 6 0 0 0 
1683639631.8676963 20.35625 41.0140888339362 987.0996069077587 0 1 1 0 1 1 216 64 6 0 0 0 
1683639637.0224323 20.361328125 41.09108244447396 987.1046548969539 0 1 1 0 1 1 210 61 6 0 0 0 
1683639642.1706614 20.361328125 41.144385978194876 987.1315775166199 0 1 1 0 1 1 210 61 6 0 0 0 
1683639647.3208501 20.351171875 41.03185531953056 987.116741163213 0 1 1 0 1 1 210 61 6 0 0 0 
1683639652.4718425 20.351171875 41.173998692771 987.1383081743325 0 1 1 0 1 1 225 64 6 0 0 0 
1683639657.62378 20.34609375 41.03777965856266 987.1197988683141 0 1 1 0 1 1 225 64 6 0 0 0 
1683639662.7783952 20.35625 41.07331323183522 987.1245391960216 0 1 1 0 1 1 225 64 6 0 0 0 
1683639667.9322245 20.351171875 41.12069624981722 987.1312699068393 0 1 1 0 1 1 252 71 6 0 0 0 
1683639673.0872028 20.351171875 41.21545513137832 987.1029722338191 0 1 1 0 1 1 252 71 6 0 0 0 
1683639678.241381 20.351171875 41.245066549356046 987.1517694931126 0 1 1 0 1 1 252 71 6 0 0 0 
1683639683.395631 20.341015625 41.20361014698164 987.0968570426078 0 1 1 0 1 1 252 69 6 0 0 0 
1683639688.550897 20.34609375 41.16215393156425 987.1019049500486 0 1 1 0 1 1 252 69 6 0 0 0 
1683639693.7070076 20.34609375 41.13846382872955 987.1332601809431 0 1 1 0 1 1 213 64 12 2 0 0 
1683639698.8619406 20.341015625 41.12069624981722 987.1285197156492 0 1 1 0 1 1 213 64 12 2 0 0 
1683639704.0202978 20.341015625 41.12069747400241 987.1321924079047 0 2 2 0 2 2 219 69 14 2 0 0 
1683639709.1751595 20.34609375 41.12069747400241 987.1120007668177 0 2 2 0 2 2 219 69 14 2 0 0 
1683639714.3303382 20.3357421875 41.03778122806062 987.1277590316237 0 2 2 0 2 2 219 69 14 2 0 0 
1683639719.4854493 20.3306640625 41.179921017381 987.1136834031904 0 2 2 0 2 2 219 69 16 4 0 0 
1683639724.6403074 20.341015625 41.15623172335133 987.1153660396333 0 2 2 0 2 2 219 69 16 4 0 0 
1683639729.79176 20.3357421875 41.33981945123449 987.1487115277939 0 2 2 0 2 2 219 69 16 4 0 0 
1683639734.9464903 20.3357421875 41.23914199423432 987.1321924079047 0 2 2 0 2 2 228 72 16 4 0 0 
1683639740.100496 20.3255859375 41.29836065684944 987.0997692323468 0 2 2 0 2 2 228 72 16 4 0 0 
1683639745.2546105 20.3306640625 41.1799209333091 987.1543738023909 0 2 2 0 2 2 228 72 16 4 0 0 
1683639750.4116373 20.3255859375 41.268752186765305 987.1347965207231 0 3 3 0 3 3 270 88 21 4 0 0 
1683639755.5667934 20.3255859375 41.286515509069616 987.1311242514741 0 3 3 0 3 3 270 88 21 4 0 0 
1683639760.721909 20.3306640625 41.049632068771416 987.129441641514 0 3 3 0 3 3 270 88 21 4 0 0 
1683639765.877533 20.3357421875 41.02001684365405 987.1418337930808 1 3 4 1 3 4 300 98 23 6 2 0 
1683639771.0326893 20.3255859375 41.11477702248702 987.1445851336721 1 3 4 1 3 4 300 98 23 6 2 0 
1683639776.1876504 20.3255859375 41.16807651431385 987.1146053668052 0 0 0 0 0 0 198 53 6 0 0 0 
1683639781.3293934 20.3205078125 41.0496334483105 987.1361720817742 0 0 0 0 0 0 198 53 6 0 0 0 
1683639786.483356 20.3255859375 41.23914041222918 987.1557493352276 0 0 0 0 0 0 198 53 6 0 0 0 
1683639791.637633 20.341015625 40.96671145166905 987.1473361453252 0 0 0 0 0 0 198 55 8 0 0 0 
1683639796.7922487 20.34609375 41.245065728125404 987.1557493352276 0 0 0 0 0 0 198 55 8 0 0 0 
1683639801.9486194 20.341015625 41.15623172335133 987.1176633737497 0 0 0 0 0 0 198 55 8 0 0 0 
1683639807.102556 20.341015625 41.17992109066239 987.1574319734177 0 0 0 0 0 0 156 46 6 0 0 0 
1683639812.2554915 20.3357421875 40.99040415307316 987.1425954323971 0 0 0 0 0 0 156 46 6 0 0 0 
1683639817.4076717 20.34609375 41.23322063172178 987.1507014210765 0 0 0 0 0 0 156 46 6 0 0 0 
1683639822.5533912 20.3357421875 41.245065728125404 987.122096586103 0 0 0 0 0 0 162 46 8 0 0 0 
1683639827.70487 20.351171875 41.097007768900184 987.1456535075545 0 0 0 0 0 0 162 46 8 0 0 0 
1683639832.8586059 20.3357421875 41.16215429132172 987.1375475605907 0 0 0 0 0 0 162 46 8 0 0 0 
1683639838.0138276 20.341015625 41.07923929947062 987.1568174888085 0 0 0 0 0 0 135 37 8 0 0 0 
1683639843.1653903 20.351171875 41.221376886275564 987.1248468600259 0 0 0 0 0 0 135 37 8 0 0 0 
1683639848.315514 20.351171875 41.097006890204874 987.1170486761458 0 0 0 0 0 0 135 37 8 0 0 0 
1683639853.4673193 20.34609375 40.97262949516438 987.1817502736213 0 0 0 0 0 0 141 39 10 0 0 0 
1683639858.6182697 20.34609375 41.17399870906746 987.1477891051261 0 0 0 0 0 0 198 62 8 0 0 0 
1683639863.768387 20.35625 41.22730093152412 987.1191833495417 0 0 0 0 0 0 198 62 8 0 0 0 
1683639868.9199045 20.35625 41.07923598663663 987.1107698958615 0 0 0 0 0 0 198 62 8 0 0 0 
1683639874.0678444 20.351171875 41.031860232031875 987.1464140102682 0 0 0 0 0 0 198 62 8 0 0 0 
1683639879.2217157 20.35625 41.09108341275096 987.1295872290301 0 1 1 0 1 1 213 67 8 0 0 0 
1683639884.3662913 20.361328125 41.173998692771 987.1312699068393 0 1 1 0 1 1 213 67 8 0 0 0 
1683639889.517278 20.351171875 41.16215379006397 987.1130682136774 0 1 1 0 1 1 213 67 8 0 0 0 
1683639894.6655812 20.35625 41.12069498246924 987.14947179726 0 1 1 0 1 1 228 72 8 0 0 0 
1683639899.8139982 20.35625 41.10292774613237 987.1090872053351 0 1 1 0 1 1 228 72 8 0 0 0 
1683639904.9624133 20.361328125 41.25691476557853 987.1289716540675 0 1 1 0 1 1 228 72 8 0 0 0 
1683639910.1171541 20.371484375 41.114770853102875 987.1502311632513 0 1 1 0 1 1 213 65 8 0 0 0 
1683639915.2732267 20.36640625 41.13846206685586 987.1454908903529 0 1 1 0 1 1 213 65 8 0 0 0 
1683639920.4226544 20.3765625 40.96077395519871 987.1051056510983 0 1 1 0 1 1 213 65 8 0 0 0 
1683639925.5775888 20.3765625 41.16215271446037 987.1185673930427 0 1 1 0 1 1 213 65 10 0 0 0 
1683639930.7318296 20.3765625 41.17992129521172 987.1566541553834 0 1 1 0 1 1 213 65 10 0 0 0 
1683639935.8809752 20.381640625 40.96076640031104 987.139210211898 0 1 1 0 1 1 213 65 10 0 0 0 
1683639941.0361931 20.381640625 41.26876485203703 987.1176426375125 0 1 1 0 1 1 219 65 12 0 0 0 
1683639946.1912742 20.391796875 41.13846159941084 987.1324791198354 0 1 1 0 1 1 219 65 12 0 0 0 
1683639951.3445892 20.391796875 41.197690167130155 987.1254395164962 0 1 1 0 1 1 219 65 12 0 0 0 
1683639956.4983191 20.396875 41.1088455692762 987.1234480949782 0 1 1 0 1 1 219 65 12 0 0 0 
1683639961.6465964 20.391796875 40.94891978926249 987.1217652953746 0 1 1 0 1 1 183 55 12 0 0 0 
1683639966.80021 20.396875 41.0022271513494 987.1318620940447 0 1 1 0 1 1 183 55 12 0 0 0 
1683639971.9585917 20.396875 41.16215249742611 987.1607780411099 0 1 1 0 1 1 183 55 12 0 0 0 
1683639977.1149151 20.401953125 40.90152648322749 987.1173341667837 0 1 1 0 1 1 189 57 12 0 0 0 
1683639982.27129 20.401953125 41.04368511037118 987.1214565369663 0 1 1 0 1 1 189 57 12 0 0 0 
1683639987.4185057 20.401953125 41.13253590431353 987.1483815559103 0 1 1 0 1 1 189 57 12 0 0 0 
1683639992.569003 20.412109375 41.07330080764167 987.1301792940915 0 1 1 0 1 1 198 60 12 0 0 0 
1683639997.7195892 20.42734375 41.002214541666966 987.124513322605 0 1 1 0 1 1 198 60 12 0 0 0 
1683640002.8716009 20.42734375 41.02590738933689 987.1154810439396 0 1 1 0 1 1 198 60 12 0 0 0 
1683640008.021868 20.42734375 41.01406191974717 987.1252690111261 0 1 1 0 1 1 204 62 12 0 0 0 
1683640013.1777024 20.4375 40.99628194291272 987.1495845188973 0 1 1 0 1 1 204 62 12 0 0 0 
1683640018.3321488 20.442578125 40.91926931308123 987.1327554296253 0 1 1 0 1 1 204 62 12 0 0 0 
1683640023.486348 20.432421875 40.95481653548115 987.1125605317284 0 2 2 0 2 2 201 65 10 2 0 0 
1683640028.6399956 20.44765625 41.02589981195443 987.1290800598331 0 2 2 0 2 2 201 65 10 2 0 0 
1683640033.7983475 20.452734375 41.02589981195443 987.1475944280305 0 2 2 0 2 2 201 65 10 2 0 0 
1683640038.9530494 20.442578125 40.87187972974724 987.1374946706774 0 2 2 0 2 2 201 65 10 2 0 0 
1683640044.108191 20.44765625 41.15622569899565 987.1765110762759 0 2 2 0 2 2 201 65 10 2 0 0 
1683640049.2646983 20.462890625 41.085139280007155 987.1408626811723 1 2 2 1 2 2 234 76 10 2 0 0 
1683640054.4191344 20.4578125 40.854091742437554 987.1318283972537 1 2 2 1 2 2 234 76 10 2 0 0 
1683640059.5730174 20.46796875 41.085135523726436 987.1301454339508 1 2 2 1 2 2 234 76 10 2 0 0 
1683640064.7306385 20.462890625 41.11475772716569 987.1312083574062 1 2 2 1 2 2 249 81 10 2 0 0 
1683640069.885772 20.473046875 40.89555562850289 987.1676142829343 1 2 2 1 2 2 249 81 10 2 0 0 
1683640075.040306 20.483203125 40.89555562850289 987.1409961985548 1 2 2 1 2 2 249 81 10 2 0 0 
1683640080.195195 20.483203125 41.031808676320146 987.1420586960286 1 2 2 1 2 2 258 84 10 2 0 0 
1683640085.3493166 20.4984375 40.94886121797751 987.1360778978051 1 2 2 1 2 2 258 84 10 2 0 0 
1683640090.5044441 20.4984375 40.634835207084045 987.1256685984015 1 2 2 1 2 2 258 84 10 2 0 0 
1683640095.6582937 20.513671875 40.79480966054917 987.1492317981495 1 1 1 1 1 1 237 77 6 2 0 0 
1683640100.813163 20.50859375 40.711840570629775 987.1590196099066 1 1 1 1 1 1 237 77 6 2 0 0 
1683640105.9703636 20.513671875 40.83628077631854 987.1284127581752 0 1 1 0 1 1 162 50 13 0 0 0 
1683640111.1263845 20.523828125 40.735542208230456 987.1449328521842 0 1 1 0 1 1 162 50 13 0 0 0 
1683640116.2817068 20.5341796875 40.78883658810282 987.1514803889689 0 1 1 0 1 1 150 46 13 0 0 0 
1683640121.4370396 20.5595703125 40.69399307514195 987.1138256490347 0 1 1 0 1 1 150 46 13 0 0 0 
1683640126.5913117 20.5646484375 40.69399906443962 987.1418164877084 0 1 1 0 1 1 150 46 13 0 0 0 
1683640131.745591 20.5748046875 40.79475276476991 987.1434997500276 0 1 1 0 1 1 165 51 13 0 0 0 
1683640136.9012423 20.5646484375 40.788812190731996 987.152228110658 0 1 1 0 1 1 165 51 13 0 0 0 
1683640142.0563796 20.5798828125 40.628803405453084 987.207152059854 0 1 1 0 1 1 165 51 13 0 0 0 
1683640147.2114785 20.5697265625 40.79473345417467 987.1434997500276 0 1 1 0 1 1 165 51 13 0 0 0 
1683640152.3670666 20.5646484375 40.711771859924866 987.1070927136686 0 1 1 0 1 1 165 51 13 0 0 0 
1683640157.5248566 20.5646484375 40.73548777785311 987.1269793813207 0 1 1 0 1 1 165 51 13 0 0 0 
1683640162.6802266 20.5646484375 40.61695060449707 987.1418164877084 0 1 1 0 1 1 174 54 13 0 0 0 
1683640167.83504 20.5748046875 40.74140296214278 987.1216173453325 0 1 1 0 1 1 174 54 13 0 0 0 
1683640172.9899886 20.5849609375 40.83029472564428 987.133087870512 0 1 1 0 1 1 174 54 13 0 0 0 
1683640178.1436925 20.5798828125 40.723613000866834 987.1162551190936 0 0 0 0 0 0 153 49 6 0 0 0 
1683640183.2985737 20.5849609375 40.71768088449591 987.1745455155897 None None None None None None None None None None None None 
1683640188.4534929 20.5849609375 40.759170985393446 987.159395779233 0 1 1 0 1 1 237 63 8 0 0 0 
1683640193.61082 20.5951171875 40.640642929963214 987.1512916380888 0 1 1 0 1 1 237 63 8 0 0 0 
1683640198.7662275 20.5951171875 40.66435522123955 987.1479250585927 0 1 1 0 1 1 237 60 8 0 0 0 
1683640203.9217439 20.6154296875 40.64061632986615 987.1180579501321 0 1 1 0 1 1 237 60 8 0 0 0 
1683640209.071704 20.5951171875 40.563567349954525 987.1372002421141 0 1 1 0 1 1 237 60 8 0 0 0 
1683640214.2218242 20.6001953125 40.705827984073025 987.1671874880235 0 1 1 0 1 1 216 57 10 0 0 0 
1683640219.374123 20.5951171875 40.91323721955484 987.1506667753325 0 1 1 0 1 1 216 57 10 0 0 0 
1683640224.5244176 20.5951171875 40.69990747208602 987.143308098759 0 1 1 0 1 1 216 57 10 0 0 0 
1683640229.6738381 20.5900390625 40.688048556275774 987.1658166305548 0 0 0 0 0 0 216 54 10 0 0 0 
1683640234.8230994 20.5951171875 40.64061632986615 987.140566874999 0 0 0 0 0 0 216 54 10 0 0 0 
1683640239.9748268 20.6205078125 40.81246967450885 987.153839752972 0 0 0 0 0 0 216 54 10 0 0 0 
1683640245.1292987 20.6306640625 40.468700785752105 987.1478494700136 0 0 0 0 0 0 222 51 10 0 0 0 
1683640250.2838714 20.6255859375 40.53390099359581 987.116177872417 0 0 0 0 0 0 222 51 10 0 0 0 
1683640255.4387672 20.6357421875 40.7650447396321 987.10807444097 0 0 0 0 0 0 222 51 10 0 0 0 
1683640260.5973344 20.6357421875 40.45682840017816 987.1447960915485 0 0 0 0 0 0 210 47 10 0 0 0 
1683640265.7519033 20.6306640625 40.56945668211514 987.1380623911103 1 1 1 1 1 1 270 87 8 0 0 0 
1683640270.9027135 20.6458984375 40.74727478661723 987.1310130393218 0 1 1 0 1 1 207 66 8 0 0 0 
1683640276.0538037 20.6408203125 40.498295526771116 987.1711024124905 0 1 1 0 1 1 207 66 8 0 0 0 
1683640281.2059643 20.6357421875 40.62871483588627 987.1225957785006 0 1 1 0 1 1 207 66 8 0 0 0 
1683640286.357621 20.6560546875 40.539796652583746 987.1579482857047 0 0 0 0 0 0 186 59 6 0 0 0 
1683640291.5090768 20.6458984375 40.48051256978515 987.1730993696663 0 0 0 0 0 0 186 59 6 0 0 0 
1683640296.658453 20.6509765625 40.385678256651545 987.1626850754865 0 0 0 0 0 0 186 59 6 0 0 0 
1683640301.8135803 20.6509765625 40.551651625661655 987.1489035509748 0 0 0 0 0 0 159 50 6 0 0 0 
1683640306.9633331 20.6408203125 40.52792551604536 987.1343799441403 0 0 0 0 0 0 159 50 6 0 0 0 
1683640312.1134582 20.6560546875 40.69390194063 987.1209123265461 0 0 0 0 0 0 159 50 6 0 0 0 
1683640317.2633495 20.6458984375 40.46273832420607 987.1071306951296 0 0 0 0 0 0 153 45 6 0 0 0 
1683640322.4139626 20.6458984375 40.68798085739876 987.1175454228472 0 0 0 0 0 0 153 45 6 0 0 0 
1683640327.567026 20.6509765625 40.658344530985126 987.1556374724285 0 0 0 0 0 0 153 45 6 0 0 0 
1683640332.7152455 20.6611328125 40.7175992568266 987.1482756443496 0 0 0 0 0 0 153 42 2 0 0 0 
1683640337.8671973 20.6763671875 40.38561996441074 987.1190272237981 0 0 0 0 0 0 153 42 2 0 0 0 
1683640343.0224 20.6916015625 40.640507939471746 987.0948281410887 0 0 0 0 0 0 153 42 2 0 0 0 
1683640348.1714082 20.6966796875 40.415232064142806 987.1211354720124 0 1 1 0 1 1 210 57 10 0 0 0 
1683640353.3228788 20.6966796875 40.373723595272104 987.1430221171606 0 1 1 0 1 1 195 50 8 0 0 0 
1683640358.4769175 20.6966796875 40.521932075953984 987.1359729069605 0 1 1 0 1 1 195 50 8 0 0 0 
1683640363.6317813 20.7068359375 40.391508952634744 987.1070364894516 0 1 1 0 1 1 195 50 8 0 0 0 
1683640368.7808712 20.7017578125 40.539708633269285 987.1295534110544 0 1 1 0 1 1 195 50 8 0 0 0 
1683640373.926809 20.7017578125 40.36186663889689 987.1174532911651 0 1 1 0 1 1 195 50 8 0 0 0 
1683640379.0779333 20.6966796875 40.391508952634744 987.1447057057387 0 1 1 0 1 1 195 50 8 0 0 0 
1683640384.2286406 20.7068359375 40.284773501513094 987.1575449466046 0 0 0 0 0 0 186 50 8 0 0 0 
1683640389.383013 20.7017578125 40.43890853354446 987.1491268660388 0 0 0 0 0 0 186 50 8 0 0 0 
1683640394.5367615 20.7220703125 40.45075654965304 987.1697540571726 0 0 0 0 0 0 186 50 8 0 0 0 
1683640399.691759 20.74765625 40.42107559833389 987.1671243280381 0 0 0 0 0 0 186 50 8 0 0 0 
1683640404.845295 20.74765625 40.432924098440886 987.1516552317793 0 0 0 0 0 0 186 50 8 0 0 0 
1683640409.999013 20.74765625 40.498133623536944 987.1583901307782 0 0 0 0 0 0 186 50 8 0 0 0 
1683640415.1550348 20.74765625 40.361765464637024 987.1466040582648 0 0 0 0 0 0 180 50 8 0 0 0 
1683640420.309538 20.7578125 40.28468540040817 987.1263993705061 0 0 0 0 0 0 180 50 8 0 0 0 
1683640425.4631999 20.74765625 40.37955292466948 987.1398691612253 0 0 0 0 0 0 180 50 8 0 0 0 
1683640430.6091235 20.752734375 40.2906146978924 987.166808756102 0 1 1 0 1 1 207 59 8 0 0 0 
1683640435.759737 20.752734375 40.33803825820714 987.1328183125896 0 1 1 0 1 1 207 59 8 0 0 0 
1683640440.907906 20.74765625 40.36768451951938 987.1250315578619 0 1 1 0 1 1 207 57 8 0 0 0 
1683640446.0584302 20.7578125 40.30838093962792 987.1095621384059 0 1 1 0 1 1 207 57 8 0 0 0 
1683640451.20888 20.76796875 40.37358355395416 987.1571264756121 0 1 1 0 1 1 207 57 8 0 0 0 
1683640456.361258 20.76796875 40.43877851538295 987.149758765846 0 1 1 0 1 1 192 54 6 0 0 0 
1683640461.5161278 20.783203125 40.29646728243333 987.1362883204296 0 1 1 0 1 1 192 54 6 0 0 0 
1683640466.6713212 20.76796875 40.33206679934444 987.134920988828 0 1 1 0 1 1 192 54 6 0 0 0 
1683640471.8259797 20.78828125 40.391332184576534 987.1463911540718 0 0 0 0 0 0 171 47 6 0 0 0 
1683640476.9805064 20.778125 40.20750772863438 987.1730157845367 0 0 0 0 0 0 171 47 6 0 0 0 
1683640482.1345892 20.78828125 40.32018623315321 987.1609125666724 0 0 0 0 0 0 171 47 6 0 0 0 
1683640487.289729 20.78828125 40.36760326090738 987.1841698474668 0 0 0 0 0 0 156 44 4 0 0 0 
1683640492.444638 20.783203125 40.38541249809955 987.1322874062171 0 0 0 0 0 0 156 44 4 0 0 0 
1683640497.5982597 20.78828125 40.142277317132894 987.1659640676762 0 0 0 0 0 0 156 44 4 0 0 0 
1683640502.752265 20.78828125 40.22529762461226 987.1373389036511 0 0 0 0 0 0 108 32 4 0 0 0 
1683640507.9076533 20.78828125 40.46843495938361 987.2050083865746 0 0 0 0 0 0 108 32 4 0 0 0 
1683640513.062882 20.778125 40.30834847526388 987.1520751385635 1 1 1 1 1 1 243 64 4 0 0 0 
1683640518.2179267 20.78828125 40.27273689412511 987.1427070269674 1 1 1 1 1 1 243 64 4 0 0 0 
1683640523.373308 20.80859375 40.34385262901387 987.1299698046263 1 1 1 1 1 1 243 64 4 0 0 0 
1683640528.5283458 20.81875 40.31418070809573 987.1573274924903 0 1 1 0 1 1 234 61 4 2 0 0 
1683640533.6839545 20.81875 40.26080845847141 987.1590114073666 0 1 1 0 1 1 234 61 4 2 0 0 
1683640538.8393843 20.813671875 40.3972124582849 987.1853198917531 0 1 1 0 1 1 234 61 4 2 0 0 
1683640543.9938562 20.823828125 40.248936224741044 987.198791439176 0 1 1 0 1 1 243 64 11 2 0 0 
1683640549.148928 20.81875 40.308228608178325 987.1536423785952 0 1 1 0 1 1 243 64 11 2 0 0 
1683640554.304233 20.8390625 40.20148064005477 987.1886821942695 0 1 1 0 1 1 243 64 11 2 0 0 
1683640559.4591472 20.844140625 40.136205291003755 987.17289156649 0 1 1 0 1 1 237 62 13 2 0 0 
1683640564.6140382 20.84921875 40.414963502056054 987.205618727514 0 1 1 0 1 1 237 62 13 2 0 0 
1683640569.7677178 20.844140625 40.248889634707915 987.1759418898816 0 1 1 0 1 1 237 62 13 2 0 0 
1683640574.9227023 20.844140625 40.207386922747695 987.1762595343648 0 2 2 0 2 2 258 69 17 2 0 0 
1683640580.0775414 20.859375 40.18954545193773 987.1388939603781 0 2 2 0 2 2 258 69 17 2 0 0 
1683640585.2321212 20.84921875 40.065034315983446 987.1820423711782 0 2 2 0 2 2 258 69 17 2 0 0 
1683640590.3817577 20.864453125 40.16577032204186 987.1898266842047 0 2 2 0 2 2 237 67 19 2 0 0 
1683640595.53775 20.86953125 39.98778301584557 987.1916034736118 0 1 1 0 1 1 192 58 8 0 0 0 
1683640600.6918654 20.894921875 40.142019157855096 987.1896007475268 0 1 1 0 1 1 192 58 8 0 0 0 
1683640605.8484144 20.91015625 40.03523703310152 987.1923315289832 0 1 1 0 1 1 192 58 8 0 0 0 
1683640611.0023968 20.905078125 40.10640340690584 987.2148627631574 0 1 1 0 1 1 198 60 6 0 0 0 
1683640616.1534498 20.8796875 40.0411828923435 987.1811800791512 0 1 1 0 1 1 198 60 6 0 0 0 
1683640621.3038561 20.88984375 40.15980069126277 987.1929690153675 0 1 1 0 1 1 198 60 6 0 0 0 
1683640626.4554868 20.8796875 40.06490934032482 987.1767649977218 0 1 1 0 1 1 189 57 4 0 0 0 
1683640631.606654 20.884765625 40.17763286178336 987.1818173165558 0 1 1 0 1 1 189 57 4 0 0 0 
1683640636.7575288 20.8796875 40.19541423133848 987.2070789201786 0 1 1 0 1 1 189 57 4 0 0 0 
1683640641.906569 20.8796875 40.2131959056084 987.1888721425731 0 0 0 0 0 0 174 54 4 0 0 0 
1683640647.0602798 20.8796875 40.09459421823567 987.1639292474905 0 0 0 0 0 0 174 54 4 0 0 0 
1683640652.214946 20.864453125 40.082745034803516 987.1989767024612 0 0 0 0 0 0 174 54 4 0 0 0 
1683640657.3687534 20.874609375 39.94038951537779 987.1770834925562 0 0 0 0 0 0 189 56 4 0 0 0 
1683640662.5251055 20.854296875 40.201382846602975 987.1659316963826 0 0 0 0 0 0 189 56 4 0 0 0 
1683640667.6796887 20.86953125 40.254762146420404 987.2046652100737 0 0 0 0 0 0 189 56 4 0 0 0 
1683640672.835856 20.859375 39.98788671534534 987.1895086133487 0 1 1 0 1 1 210 63 4 0 0 0 
1683640677.992488 20.884765625 40.213220233762954 987.2215993033196 0 1 2 0 1 2 225 69 19 2 2 0 
1683640683.143764 20.874609375 40.09460772691315 987.1979289441625 0 1 2 0 1 2 204 64 17 2 2 0 
1683640688.2993283 20.86953125 40.118346721696575 987.202981143491 0 1 2 0 1 2 204 64 17 2 2 0 
1683640693.4501855 20.859375 40.088717572124054 987.1662499570564 0 1 2 0 1 2 204 64 17 2 2 0 
1683640698.6010716 20.864453125 40.14207153484048 987.1837263961759 0 1 2 0 1 2 189 59 13 2 2 0 
1683640703.7493753 20.859375 40.2963234315253 987.193512723258 0 1 2 0 1 2 189 59 13 2 2 0 
1683640708.907893 20.859375 40.189533064696505 987.1722561136156 0 1 2 0 1 2 189 59 13 2 2 0 
1683640714.0635285 20.844140625 40.165872042390326 987.1854104212433 0 1 2 0 1 2 231 71 15 2 2 0 
1683640719.2141826 20.84921875 40.379331032138644 987.1907802386755 0 1 2 0 1 2 231 71 15 2 2 0 
1683640724.36428 20.854296875 40.094648706285135 987.1971985986758 0 1 2 0 1 2 231 71 15 2 2 0 
1683640729.5146806 20.84921875 40.3140934287005 987.2073027534915 0 1 2 0 1 2 231 69 15 2 2 0 
1683640734.664431 20.8390625 40.29634568116096 987.1793098851532 0 1 2 0 1 2 231 69 15 2 2 0 
1683640739.812143 20.8390625 40.35563979351092 987.2028858598949 0 1 2 0 1 2 231 69 15 2 2 0 
1683640744.964511 20.84921875 40.23110948492395 987.2025683226701 0 1 1 0 1 1 195 57 10 0 0 0 
1683640750.1142213 20.8390625 40.13027443306987 987.1708898974995 0 1 1 0 1 1 195 57 10 0 0 0 
1683640755.2706752 20.84921875 40.385302122080525 987.1860458765362 0 1 1 0 1 1 195 57 10 0 0 0 
1683640760.4265456 20.859375 40.43273505493224 987.1708898974995 0 1 2 0 1 2 183 57 15 2 2 2 
1683640765.5849044 20.844140625 40.34377882955836 987.1786743213935 0 1 2 0 1 2 171 53 17 2 2 2 
1683640770.7393963 20.84921875 40.15991592468408 987.163105307823 0 1 2 0 1 2 171 53 17 2 2 2 
1683640775.8934503 20.84921875 40.37937176478569 987.201201861244 0 1 2 0 1 2 171 53 17 2 2 2 
1683640781.048559 20.84921875 40.24890129840643 987.1897314086648 0 1 2 0 1 2 180 51 17 2 2 2 
1683640786.2023962 20.8390625 40.24297070421225 987.1914153932672 0 1 2 0 1 2 180 51 17 2 2 2 
1683640791.3509765 20.82890625 40.17181530787189 987.1951007483526 0 1 2 0 1 2 180 51 17 2 2 2 
1683640796.5028238 20.82890625 40.42682394668859 987.1900488350097 0 1 2 0 1 2 180 51 17 2 2 2 
1683640801.6548967 20.844140625 40.314126239423324 987.1971985986758 0 1 2 0 1 2 180 51 17 2 2 2 
1683640806.8124194 20.82890625 40.33193923605786 987.1658379057474 0 1 2 0 1 2 180 51 17 2 2 2 
1683640811.963542 20.82890625 40.23113318815615 987.1550089264335 0 1 2 0 1 2 150 41 13 2 2 2 
1683640817.113048 20.833984375 40.40310301622457 987.1900488350097 0 1 2 0 1 2 150 41 13 2 2 2 
1683640822.2658868 20.82890625 40.296367887623255 987.158376810349 0 1 2 0 1 2 150 41 13 2 2 2 
1683640827.4174857 20.82890625 40.33196060453786 987.1802680626247 0 0 2 0 0 2 135 36 13 2 2 2 
1683640832.5654242 20.823828125 40.39127248479223 987.1954180243536 0 0 2 0 0 2 135 36 13 2 2 2 
1683640837.7142165 20.81875 40.397202549368004 987.170164406258 0 0 2 0 0 2 135 36 13 2 2 2 
1683640842.8626714 20.81875 40.355702266188004 987.1792183913433 0 1 1 0 1 1 147 42 6 2 0 0 
1683640848.0128422 20.813671875 40.379432539964135 987.1859540549091 0 1 1 0 1 1 147 42 6 2 0 0 
1683640853.1608584 20.81875 40.31418070809573 987.1994253854008 0 1 1 0 1 1 168 49 6 4 0 0 
1683640858.3150127 20.813671875 40.34385262901387 987.2044771354903 0 1 1 0 1 1 168 49 6 4 0 0 
1683640863.4695952 20.813671875 40.403162093927975 987.1939565130879 0 1 1 0 1 1 168 49 6 4 0 0 
1683640868.6245663 20.80859375 40.35571264052484 987.1997421940235 0 1 1 0 1 1 168 49 10 4 0 0 
1683640873.7793767 20.803515625 40.30828325511671 987.1744836563993 0 1 1 0 1 1 168 49 10 4 0 0 
1683640878.9384658 20.7984375 40.39130238325302 987.2179484721423 0 1 1 0 1 1 168 49 10 4 0 0 
1683640884.093447 20.7984375 40.50991479355047 987.2017427825001 0 1 1 0 1 1 168 47 8 2 0 0 
1683640889.2483084 20.7984375 40.385382525065516 987.2040596868217 0 1 1 0 1 1 168 47 8 2 0 0 
1683640894.4051616 20.793359375 40.50398526478223 987.1976406345144 0 1 1 0 1 1 168 47 8 2 0 0 
1683640899.5603297 20.78828125 40.42690045369121 987.1743832374159 0 1 1 0 1 1 138 44 10 2 0 0 
1683640904.7166183 20.78828125 40.509906220324176 987.1875375438088 0 1 1 0 1 1 138 44 10 2 0 0 
1683640909.870938 20.78828125 40.355764350311816 987.1982730998351 0 1 1 0 1 1 138 44 10 2 0 0 
1683640915.0296826 20.778125 40.28461887125772 987.1965892783253 0 1 1 0 1 1 138 44 10 2 0 0 
1683640920.184848 20.778125 40.40323052683408 987.1840669505094 0 1 1 0 1 1 138 44 10 2 0 0 
1683640925.339862 20.773046875 40.397301152851426 987.1537589175097 0 0 0 0 0 0 171 53 12 0 0 0 
1683640930.494091 20.7578125 40.58110695836457 987.2042723184416 0 0 0 0 0 0 171 53 12 0 0 0 
1683640935.6486278 20.773046875 40.46844396561989 987.2174268695438 0 0 0 0 0 0 171 53 12 0 0 0 
1683640940.8040712 20.76796875 40.545532413418336 987.2093236619994 0 1 1 0 1 1 225 69 14 0 0 0 
1683640945.9620492 20.7578125 40.36173490189311 987.1908020720335 0 1 1 0 1 1 225 69 14 0 0 0 
1683640951.116968 20.752734375 40.509974503940306 987.2251086586617 0 1 1 0 1 1 225 69 14 0 0 0 
1683640956.2724512 20.7578125 40.48626699077931 987.1499715072044 0 1 1 0 1 1 225 67 12 0 0 0 
1683640961.427504 20.7578125 40.45068351468563 987.2163743914326 0 1 1 0 1 1 225 67 12 0 0 0 
1683640966.5823815 20.752734375 40.58113766236283 987.2035353450244 0 1 1 0 1 1 225 67 12 0 0 0 
1683640971.7363505 20.752734375 40.69378277306118 987.1765955085866 0 1 1 0 1 1 231 69 12 0 0 0 
1683640976.891906 20.74765625 40.48629320298267 987.2240554547045 0 1 1 0 1 1 231 69 12 0 0 0 
1683640982.04726 20.74765625 40.55743034972118 987.2027974663913 0 1 1 0 1 1 231 69 12 0 0 0 
1683640987.2022388 20.7375 40.569295625412806 987.1691234885121 0 1 1 0 1 1 231 69 10 0 0 0 
1683640992.359078 20.7375 40.61672467510539 987.219634465829 0 1 1 0 1 1 231 69 10 0 0 0 
1683640997.5139372 20.7375 40.52781113492092 987.1879593628844 0 1 1 0 1 1 231 69 10 0 0 0 
1683641002.669511 20.74765625 40.55744615956068 987.2314203695995 0 1 1 0 1 1 201 57 6 0 0 0 
1683641007.8217719 20.732421875 40.56337477937331 987.2230018665563 1 1 1 1 1 1 222 70 8 0 0 0 
1683641012.9715056 20.732421875 40.39737925854131 987.2078485654878 1 1 1 1 1 1 222 70 8 0 0 0 
1683641018.1224616 20.7375 40.6700947718919 987.2165820249024 1 1 1 1 1 1 222 70 8 0 0 0 
1683641023.2735357 20.7375 40.53966023835275 987.196062668576 1 1 1 1 1 1 210 66 6 0 0 0 
1683641028.4229004 20.7375 40.61080336725387 987.2118458560083 1 1 1 1 1 1 210 66 6 0 0 0 
1683641033.5762076 20.7169921875 40.47446207256485 987.2051111652552 1 1 1 1 1 1 210 66 6 0 0 0 
1683641038.7274728 20.7220703125 40.76495821931662 987.2107916626509 0 1 1 0 1 1 210 66 6 0 0 0 
1683641043.8804317 20.7068359375 40.5396844843775 987.1936403892322 0 1 1 0 1 1 210 66 6 0 0 0 
1683641049.029794 20.7169921875 40.604904143268406 987.2138442962791 0 1 1 0 1 1 210 66 6 0 0 0 
1683641054.1810017 20.7220703125 40.40333699575169 987.207424371505 1 1 1 1 1 1 225 71 13 0 0 0 
1683641059.3373923 20.7169921875 40.729395554264116 987.1956388546998 1 1 1 1 1 1 225 71 13 0 0 0 
1683641064.4922752 20.7169921875 40.593040133427486 987.2455193265696 1 1 1 1 1 1 225 71 13 0 0 0 
1683641069.645373 20.7169921875 40.41519421619221 987.209108017043 1 1 1 1 1 1 252 73 13 0 0 0 
1683641074.7946877 20.7119140625 40.699755153884944 987.1945845218786 1 1 1 1 1 1 252 73 13 0 0 0 
1683641079.945394 20.7119140625 40.57527793420697 987.2046862301042 1 1 1 1 1 1 252 73 13 0 0 0 
1683641085.0889487 20.7068359375 40.53378847648787 987.2002641680753 1 1 1 1 1 1 252 73 13 0 0 0 
1683641090.2410579 20.6966796875 40.557501154035336 987.1891075771448 0 1 1 0 1 1 213 62 6 0 0 0 
1683641095.399308 20.6966796875 40.658271528625065 987.1716431325061 0 1 1 0 1 1 204 59 6 0 0 0 
1683641100.5530915 20.6865234375 40.72349119408159 987.2365611053673 0 1 1 0 1 1 204 59 6 0 0 0 
1683641105.7078953 20.6814453125 40.82427183457416 987.2298268990504 0 1 1 0 1 1 204 59 6 0 0 0 
1683641110.8632035 20.6865234375 40.593099700354884 987.1911052344545 0 1 1 0 1 1 219 62 8 0 0 0 
1683641116.0137155 20.6814453125 40.72350908103944 987.2331940020689 0 1 1 0 1 1 219 62 8 0 0 0 
1683641121.162704 20.6712890625 40.77093475986141 987.1931027551291 0 1 1 0 1 1 219 62 8 0 0 0 
1683641126.3176596 20.6814453125 40.65830501338762 987.2200393455636 0 1 1 0 1 1 234 65 10 0 0 0 
1683641131.4714017 20.6763671875 40.74721934232252 987.2048875112399 0 1 1 0 1 1 234 65 10 0 0 0 
1683641136.620211 20.6865234375 40.66421933174553 987.1863686103192 0 1 1 0 1 1 234 65 10 0 0 0 
1683641141.7681959 20.6814453125 40.557532641060774 987.2217228830605 0 1 1 0 1 1 225 62 10 0 0 0 
1683641146.9226043 20.6814453125 40.74722493531548 987.1900495709207 0 1 1 0 1 1 225 62 10 0 0 0 
1683641152.0762393 20.6763671875 40.70573234611164 987.1664802607485 0 1 1 0 1 1 225 62 10 0 0 0 
1683641157.232454 20.6763671875 40.71166588002762 987.1782649141202 0 0 0 0 0 0 177 53 10 0 0 0 
1683641162.382087 20.6662109375 40.877635093528305 987.2071984440454 0 0 0 0 0 0 177 53 10 0 0 0 
1683641167.53438 20.6662109375 40.770950657913374 987.1748978699497 0 0 0 0 0 0 177 53 10 0 0 0 
1683641172.6855702 20.6712890625 40.69980479219956 987.1934166163505 0 0 0 0 0 0 126 40 2 0 0 0 
1683641177.8352098 20.6560546875 40.70574445194508 987.180262296406 0 0 0 0 0 0 126 40 2 0 0 0 
1683641182.9797518 20.6712890625 40.80058173832736 987.1917330936005 0 0 0 0 0 0 120 38 2 0 0 0 
1683641188.1305518 20.6662109375 40.75908531434408 987.1583766896385 0 0 0 0 0 0 120 38 2 0 0 0 
1683641193.2793415 20.6560546875 40.67611363645193 987.1893070964895 0 0 0 0 0 0 120 38 2 0 0 0 
1683641198.4313145 20.6611328125 40.741308743089306 987.1741557621988 0 0 0 0 0 0 126 40 4 0 0 0 
1683641203.580347 20.6560546875 40.78873737985652 987.1940440100396 0 0 0 0 0 0 126 40 4 0 0 0 
1683641208.7249334 20.6560546875 40.88949322981471 987.2078254016527 0 0 0 0 0 0 126 40 4 0 0 0 
1683641213.8752568 20.6509765625 40.652417234829436 987.1629986463955 0 0 0 0 0 0 159 51 8 0 0 0 
1683641219.0242162 20.6458984375 40.75316891707281 987.1963544339976 0 0 0 0 0 0 159 51 8 0 0 0 
1683641224.1725945 20.6560546875 40.776877884277305 987.1842566510962 0 0 0 0 0 0 159 51 8 0 0 0 
1683641229.325034 20.6560546875 40.8183634362107 987.163741099314 0 0 0 0 0 0 138 46 8 0 0 0 
1683641234.4796188 20.6662109375 40.88949322981471 987.1964698279537 0 0 0 0 0 0 138 46 8 0 0 0 
1683641239.6353137 20.6662109375 40.75315792107629 987.2068848008687 0 0 0 0 0 0 138 46 8 0 0 0 
1683641244.7917566 20.6611328125 40.72352664382983 987.2358181205389 0 0 0 0 0 0 144 48 10 0 0 0 
1683641249.9436657 20.6662109375 40.747230517516556 987.1267042392138 0 0 0 0 0 0 144 48 10 0 0 0 
1683641255.0964851 20.6509765625 40.60497694834324 987.2111923671373 0 0 0 0 0 0 114 36 2 0 0 0 
1683641260.2516587 20.6560546875 40.94876943615443 987.2075119776389 0 0 0 0 0 0 114 36 2 0 0 0 
1683641265.4067004 20.6458984375 40.69982923276583 987.1697324616295 0 0 0 0 0 0 129 41 2 0 0 0 
1683641270.5623693 20.6408203125 40.859866477141104 987.1983511888626 0 0 0 0 0 0 129 41 2 0 0 0 
1683641275.7169316 20.6357421875 40.90135857275899 987.2050850099737 0 0 0 0 0 0 129 41 2 0 0 0 
1683641280.8717449 20.6357421875 40.91321936977184 987.2124460049275 0 0 0 0 0 0 108 34 2 0 0 0 
1683641286.026551 20.6255859375 40.93100264439851 987.1939284497622 0 0 0 0 0 0 108 34 2 0 0 0 
1683641291.1817172 20.6154296875 40.88952042591728 987.2046544350874 0 0 0 0 0 0 108 34 2 0 0 0 
1683641296.3355415 20.6255859375 41.04952947086161 987.1942413367565 0 0 0 0 0 0 114 36 2 0 0 0 
1683641301.489665 20.6255859375 40.919153045370045 987.199291537563 0 0 0 0 0 0 114 36 2 0 0 0 
1683641306.6421218 20.6205078125 40.931006021122506 987.1999169015231 0 0 0 0 0 0 114 36 2 0 0 0 
1683641311.7973392 20.6103515625 40.70580433359113 987.1833958256424 0 0 0 0 0 0 135 43 0 0 0 0 
1683641316.9525504 20.6052734375 41.067317657043816 987.1954917891337 0 0 0 0 0 0 135 43 0 0 0 0 
1683641322.106875 20.6052734375 40.7472966621623 987.2403178798954 0 0 0 0 0 0 135 43 0 0 0 0 
1683641327.262163 20.6001953125 40.818415031655384 987.2184340116085 0 0 0 0 0 0 141 45 2 0 0 0 
1683641332.417195 20.6001953125 40.76508163130138 987.2059041238681 0 0 0 0 0 0 141 45 2 0 0 0 
1683641337.5722396 20.5951171875 41.02584185059155 987.2008541257898 0 0 0 0 0 0 183 50 6 0 0 0 
1683641342.72692 20.5951171875 40.86583460737719 987.2331493889868 0 0 0 0 0 0 183 50 6 0 0 0 
1683641347.8813272 20.5951171875 41.00213062849523 987.2095829108039 0 0 0 0 0 0 183 50 6 0 0 0 
1683641353.0362427 20.5849609375 40.91917733239072 987.2314660686618 0 0 0 0 0 0 204 54 6 0 0 0 
1683641358.190074 20.5951171875 40.936952119245994 987.257775636619 0 0 0 0 0 0 204 54 6 0 0 0 
1683641363.345007 20.5849609375 40.7769396890554 987.2216780649351 0 0 0 0 0 0 204 54 6 0 0 0 
1683641368.502681 20.5951171875 40.91324428392854 987.2314660686618 0 0 0 0 0 0 219 52 6 0 0 0 
1683641373.6584961 20.5798828125 40.98436563150129 987.2219898721445 0 0 0 0 0 0 219 52 6 0 0 0 
1683641378.8135114 20.5849609375 40.87769882803269 987.2256681283498 0 0 0 0 0 0 219 52 6 0 0 0 
1683641383.9677541 20.5849609375 41.10287907433739 987.2697446233356 0 0 0 0 0 0 225 54 8 0 0 0 
1683641389.1216292 20.5849609375 41.02584406368664 987.2161916287514 0 0 0 0 0 0 225 54 8 0 0 0 
1683641394.2782776 20.5646484375 40.87177675646017 987.2408176452327 0 0 0 0 0 0 225 54 8 0 0 0 
1683641399.4311326 20.5798828125 40.9191875792438 987.2212413844817 0 0 0 0 0 0 225 54 6 0 0 0 
1683641404.5821428 20.5646484375 40.94881654108082 987.2363906554497 0 0 0 0 0 0 225 54 6 0 0 0 
1683641409.734773 20.5646484375 41.19769005186182 987.2285969403424 0 0 0 0 0 0 225 54 6 0 0 0 
1683641414.8837767 20.5544921875 41.04362945658965 987.2515399320837 0 0 0 0 0 0 240 59 8 0 0 0 
1683641420.0327957 20.5595703125 40.901424406183 987.2414404136981 0 0 0 0 0 0 102 32 0 0 0 0 
1683641425.1875021 20.5595703125 40.88363628764035 987.25016783099 0 0 0 0 0 0 102 32 0 0 0 0 
1683641430.3436508 20.5494140625 41.07326181121647 987.2241694555809 0 0 0 0 0 0 102 32 0 0 0 0 
1683641435.4982295 20.5494140625 41.138438408011304 987.2336466161998 0 0 0 0 0 0 102 32 0 0 0 0 
1683641440.6532283 20.5443359375 41.13843925354378 987.2126980981379 0 0 0 0 0 0 102 32 0 0 0 0 
1683641445.8010588 20.5392578125 40.97253332733222 987.247423381763 0 0 0 0 0 0 102 32 0 0 0 0 
1683641450.9515197 20.5392578125 41.15028885434403 987.2322744730556 0 0 0 0 0 0 114 36 2 0 0 0 
